0	-3.166733	0.270276	6.883779
1	-9.456398	2.846588	13.335664
2	-13.595229	7.998677	34.594159
3	-49.158007	13.895851	37.923993
4	-39.767301	31.072264	262.068170
5	-128.559380	92.918676	267.844130
6	-8.750741	228.208815	345.337944
7	-60.420333	264.576480	354.444982
8	-5.809742	294.930234	367.197536
9	-22.888225	307.952768	399.644770
10	-116.504179	337.916223	399.396712
11	-164.333291	343.526754	399.565875
12	-63.904038	354.629983	407.546957
13	-17.264227	385.713009	2687.963819
14	-11.570960	666.716285	2718.456499
15	-88.093740	1665.912299	2741.025843
16	-39.891319	2562.319955	2757.342200
17	-24.102798	2555.904513	2771.644626
18	-54.872826	2681.372051	2782.233557
19	34.253712	2536.469882	2809.994181
20	-43.967677	2628.024814	2813.976185
21	-739.682821	2687.404483	2877.697969
22	-254.236664	2661.626514	2881.780261
23	-18.257321	2734.024163	2872.392077
24	-54.550519	2775.689876	3028.167925
25	7.767244	2829.861543	3162.423949
26	-123.491941	2885.836681	3162.437708
27	75.629723	2898.782044	3162.579729
28	-226.003055	3022.419623	3163.839297
29	45.780445	3067.969644	3165.756134
30	-120.160506	3016.777010	3164.874523
31	-92.445718	3048.978712	3163.833828
32	-765.138281	3043.180287	3163.920097
33	-38.515737	3066.613040	3173.652832
34	-154.754489	2958.927918	3176.597049
35	2340.955721	3123.246686	3181.022201
36	36.739591	3077.267749	3183.491250
37	-146.808300	3079.582943	3185.214966
38	-156.302163	2994.488358	3182.863378
39	28.245423	3039.082378	3183.460778
40	-826.976803	3100.666937	3182.908582
41	-36.522007	3027.288793	3182.516720
42	128.154756	3116.623833	3184.527365
43	84.567759	3062.066348	3184.527290
44	2394.786543	3147.607217	3185.550369
45	31.624536	3122.649945	3184.354143
46	-65.970748	3123.035858	3183.963284
47	-78.145227	3071.208978	3185.799618
48	-111.196109	3119.049273	3259.542965
49	-44.823628	3055.032095	3258.020386
50	20.910091	3182.013350	3258.101848
51	2390.632409	3214.704317	3305.335832
52	29.923233	3168.998707	3305.335832
53	-97.585697	3141.405030	3305.373353
54	-50.527608	3150.157114	3328.439305
55	-751.448459	3125.604908	3327.985070
56	-37.634040	3150.606911	3336.498612
57	-649.568614	3214.636412	3336.594445
58	55.686720	3250.446133	3333.752814
59	93.870098	3236.014216	3334.206853
60	2384.168482	3294.708637	3361.424490
61	-127.057225	3188.218048	3339.794451
62	-84.121038	3141.405514	3565.042699
63	-87.480303	3194.315757	3572.648514
64	-36.336441	3273.859495	3575.800774
65	-33.669280	3311.262363	3575.932015
66	-78.731302	3403.885885	3572.857967
67	19.105043	3363.683646	3583.536482
68	99.371014	3433.249810	3586.688723
69	51.380274	3448.517229	3648.857655
