   0 	 -0.855776 	 0.227761 	 1.921595
    1 	 0.125363 	 0.412191 	 2.086311
    2 	 -15.176870 	 0.604272 	 15.613895
    3 	 -164.957659 	 0.281199 	 23.570545
    4 	 -87.153671 	 12.339995 	 16.096986
    5 	 1.440901 	 15.330755 	 16.096986
    6 	 -7.276898 	 15.201624 	 16.096986
    7 	 0.207284 	 15.485652 	 16.096986
    8 	 -3.359521 	 15.271089 	 16.096986
    9 	 0.136020 	 15.319040 	 17.729837
   10 	 -3.359521 	 15.133237 	 17.729837
   11 	 0.439645 	 15.542940 	 17.729837
   12 	 0.136020 	 15.388323 	 23.027551
   13 	 0.141148 	 15.374914 	 16.096986
   14 	 0.166647 	 15.310776 	 17.729837
   15 	 7.260281 	 15.713981 	 23.395834
   16 	 7.260281 	 15.878870 	 23.395834
   17 	 0.289887 	 16.098146 	 23.395834
   18 	 0.488181 	 16.096141 	 28.482442
   19 	 7.260281 	 15.856083 	 23.395834
   20 	 7.260281 	 17.407835 	 147.693321
   21 	 7.260281 	 28.433490 	 147.693321
   22 	 -69.796943 	 70.525657 	 147.693321
   23 	 -69.796943 	 126.556355 	 147.693321
   24 	 -5.353415 	 180.393735 	 3647.555226
   25 	 -1900.231494 	 977.414954 	 3647.555226
   26 	 -1900.231494 	 3350.890133 	 3647.555226
   27 	 147.693321 	 3608.667872 	 3647.555226
   28 	 0.292590 	 3578.622780 	 3647.555226
   29 	 0.206615 	 3538.102384 	 3647.555226
   30 	 -204.175138 	 3454.667427 	 3647.555226
   31 	 0.473644 	 3539.737437 	 3647.555226
   32 	 -21207.076010 	 3247.654123 	 3647.555226
   33 	 8.267787 	 3607.118699 	 3647.555226
   34 	 -433.989037 	 3573.797428 	 3647.555226
   35 	 -1900.231494 	 3464.340601 	 3647.555226
   36 	 -433.989037 	 3521.121884 	 3647.555226
   37 	 -1900.231494 	 3423.497085 	 3647.555226
   38 	 -343.164643 	 3521.557165 	 3647.555226
   39 	 -81.723174 	 3565.608952 	 3647.555226
   40 	 -21207.076010 	 3330.866561 	 3647.555226
   41 	 -5.206886 	 3525.916904 	 3647.555226
   42 	 3647.555226 	 3647.555226 	 3647.555226
   43 	 -2.512512 	 3444.984670 	 3647.555226
   44 	 0.211760 	 3578.621882 	 3647.555226
   45 	 0.166403 	 3578.621378 	 3647.555226
   46 	 0.211760 	 3505.104478 	 3647.555226
   47 	 95.818433 	 3574.693626 	 3647.555226
   48 	 -433.989037 	 3440.018970 	 3647.555226
   49 	 0.206615 	 3486.280192 	 3647.555226
   50 	 13.385056 	 3607.175558 	 3647.555226
   51 	 0.206615 	 3527.233995 	 3647.555226
   52 	 -755.187173 	 3524.711128 	 3647.555226
   53 	 -9.226476 	 3578.517012 	 3647.555226
   54 	 0.292590 	 3568.142731 	 3647.555226
   55 	 -21207.076010 	 3084.865074 	 3647.555226
   56 	 -1900.231494 	 3460.798536 	 3647.555226
   57 	 -21207.076010 	 3371.392657 	 3647.555226
   58 	 -343.164643 	 3562.620325 	 3647.555226
   59 	 95.818433 	 3608.091484 	 3647.555226
   60 	 0.206615 	 3607.029131 	 3647.555226
   61 	 -5.206886 	 3606.968981 	 3647.555226
   62 	 -309.112717 	 3524.178014 	 3647.555226
   63 	 -204.175138 	 3495.581046 	 3647.555226
   64 	 -2.512512 	 3606.998918 	 3647.555226
   65 	 0.292590 	 3538.099651 	 3647.555226
   66 	 -343.164643 	 3481.832492 	 3647.555226
   67 	 -9.226476 	 3566.401190 	 3647.555226
   68 	 0.206615 	 3493.264986 	 3647.555226
   69 	 -48.129147 	 3418.125228 	 3647.555226
 