   0 	 -4.272067 	 0.319950 	 3.861501
    1 	 -3.519572 	 0.868682 	 12.739935
    2 	 -11.177160 	 1.956197 	 12.739935
    3 	 -13.239861 	 4.426672 	 18.634844
    4 	 -3.315816 	 9.888658 	 75.488249
    5 	 -10.450038 	 16.641331 	 75.488249
    6 	 -10.450038 	 37.197062 	 116.516333
    7 	 -195.882697 	 54.857068 	 116.516333
    8 	 -9.106331 	 71.668158 	 251.956531
    9 	 -5.593973 	 89.988921 	 251.956531
   10 	 0.417932 	 114.542721 	 251.956531
   11 	 0.167349 	 137.370480 	 251.956531
   12 	 -195.882697 	 180.154272 	 354.231555
   13 	 75.488249 	 220.703120 	 354.231555
   14 	 0.418964 	 234.208601 	 354.231555
   15 	 0.287389 	 242.126021 	 354.231555
   16 	 -71.571438 	 248.449701 	 354.231555
   17 	 -71.571438 	 256.928475 	 354.231555
   18 	 0.209198 	 266.205176 	 354.231555
   19 	 0.418964 	 269.461874 	 354.231555
   20 	 0.287389 	 267.813585 	 354.231555
   21 	 0.287497 	 285.317561 	 354.231555
   22 	 0.531315 	 293.984572 	 354.231555
   23 	 0.283939 	 296.349320 	 354.231555
   24 	 0.180428 	 315.682433 	 354.231555
   25 	 -2463.724009 	 287.269222 	 354.231555
   26 	 0.530795 	 334.785403 	 354.231555
   27 	 -275.510917 	 326.124292 	 354.231555
   28 	 251.956531 	 346.276831 	 354.231555
   29 	 0.685696 	 338.587336 	 425.243987
   30 	 195.427873 	 348.710540 	 425.243987
   31 	 -8.592144 	 347.927402 	 354.231555
   32 	 0.167333 	 337.498766 	 354.231555
   33 	 -66.378467 	 342.393249 	 354.231555
   34 	 -2463.724009 	 316.689934 	 444.089504
   35 	 82.803889 	 352.214114 	 444.089504
   36 	 0.287497 	 348.365684 	 444.089504
   37 	 -275.510917 	 336.692664 	 444.089504
   38 	 -5.667804 	 343.922696 	 444.089504
   39 	 195.427873 	 353.465491 	 444.089504
   40 	 -5.530240 	 350.234202 	 354.231555
   41 	 -5.530240 	 343.485537 	 354.231555
   42 	 -5.667804 	 338.368668 	 354.231555
   43 	 0.283939 	 346.415410 	 354.231555
   44 	 4.726074 	 350.348161 	 354.231555
   45 	 1.239079 	 350.309416 	 354.231555
   46 	 -8.592144 	 346.399080 	 354.231555
   47 	 -5.667804 	 343.401451 	 354.231555
   48 	 -5.667804 	 342.368712 	 354.231555
   49 	 0.142952 	 348.532752 	 354.231555
   50 	 0.531315 	 346.379414 	 354.231555
   51 	 34.829901 	 350.682648 	 354.231555
   52 	 0.180454 	 334.954743 	 354.231555
   53 	 -8.592144 	 342.384075 	 354.231555
   54 	 -5.530240 	 351.577372 	 828.662714
   55 	 0.685696 	 366.117640 	 828.662714
   56 	 63.482630 	 387.901213 	 828.662714
   57 	 18.279431 	 424.299156 	 828.662714
   58 	 -275.510917 	 489.872292 	 828.662714
   59 	 0.166099 	 539.256404 	 828.662714
   60 	 0.419209 	 598.497017 	 1572.077048
   61 	 0.180459 	 679.494304 	 828.662714
   62 	 -9.930111 	 756.590643 	 1572.077048
   63 	 -60.013585 	 794.428089 	 828.662714
   64 	 -8.488273 	 808.818122 	 828.662714
   65 	 -60.013585 	 791.884836 	 828.662714
   66 	 -495.535274 	 780.995244 	 828.662714
   67 	 828.662714 	 828.662714 	 828.662714
   68 	 0.167329 	 801.257717 	 828.662714
   69 	 -60.013585 	 790.847253 	 828.662714
 