   0 	 -8.170001 	 0.154600 	 1.851628
    1 	 -12.006266 	 0.440675 	 3.036524
    2 	 -3.254866 	 1.058242 	 4.537619
    3 	 -15.100782 	 1.379815 	 73.632667
    4 	 -12.949990 	 26.130394 	 73.632667
    5 	 -2.748586 	 69.960744 	 73.632667
    6 	 -5.323555 	 71.506388 	 73.632667
    7 	 -11.231042 	 70.792854 	 73.632667
    8 	 37.630128 	 72.506599 	 73.632667
    9 	 -1.842511 	 69.050079 	 73.632667
   10 	 64.522450 	 73.523674 	 83.615748
   11 	 -8.767274 	 71.180419 	 83.615748
   12 	 -11.231042 	 71.211681 	 83.615748
   13 	 0.283525 	 72.528203 	 83.615748
   14 	 0.144707 	 72.107110 	 83.615748
   15 	 0.144707 	 74.247194 	 83.615748
   16 	 0.186008 	 74.216334 	 83.615748
   17 	 63.313678 	 75.403705 	 83.615748
   18 	 -539.188128 	 68.561283 	 83.615748
   19 	 0.418054 	 73.336789 	 83.615748
   20 	 -8.767274 	 70.276571 	 83.615748
   21 	 0.167362 	 73.553298 	 83.615748
   22 	 0.167362 	 75.811310 	 83.615748
   23 	 -71.773287 	 73.618767 	 83.615748
   24 	 -539.188128 	 68.242940 	 83.615748
   25 	 13.857107 	 77.072649 	 83.615748
   26 	 0.186014 	 75.853862 	 83.615748
   27 	 -2.739451 	 75.406925 	 83.615748
   28 	 0.682171 	 77.005945 	 83.615748
   29 	 -287.572550 	 72.748836 	 83.615748
   30 	 -11.035101 	 77.182755 	 83.615748
   31 	 0.144705 	 77.520265 	 83.615748
   32 	 0.186014 	 77.523252 	 83.615748
   33 	 -287.572550 	 73.948009 	 83.615748
   34 	 0.209127 	 78.295747 	 83.615748
   35 	 -11.231042 	 76.631725 	 83.615748
   36 	 0.681652 	 78.963963 	 83.615748
   37 	 15.608847 	 78.375811 	 83.615748
   38 	 0.337073 	 78.761592 	 83.615748
   39 	 49.814951 	 80.352450 	 83.615748
   40 	 -5.281370 	 77.486787 	 83.615748
   41 	 0.283629 	 78.521239 	 83.615748
   42 	 -71.773287 	 78.519323 	 83.615748
   43 	 -71.773287 	 80.331252 	 83.615748
   44 	 -71.773287 	 79.194297 	 114.746876
   45 	 -71.773287 	 79.365047 	 114.746876
   46 	 0.167358 	 81.911658 	 114.746876
   47 	 -2.739451 	 80.986455 	 114.746876
   48 	 -5.281370 	 84.494696 	 114.746876
   49 	 0.283696 	 84.681129 	 114.746876
   50 	 -287.572550 	 79.923983 	 114.746876
   51 	 -71.773287 	 84.880220 	 114.746876
   52 	 -2.739451 	 87.798027 	 114.746876
   53 	 -1.841809 	 88.141257 	 114.746876
   54 	 -8.644370 	 89.001610 	 114.746876
   55 	 0.167351 	 92.534662 	 114.746876
   56 	 0.209127 	 95.326068 	 114.746876
   57 	 -71.773287 	 95.036737 	 114.746876
   58 	 65.777195 	 105.247492 	 114.746876
   59 	 0.683214 	 106.891619 	 114.746876
   60 	 -8.408586 	 105.972364 	 114.746876
   61 	 61.063060 	 108.108316 	 114.746876
   62 	 -2.772669 	 103.732008 	 114.746876
   63 	 1.441939 	 108.899965 	 114.746876
   64 	 -8.408586 	 110.389355 	 114.746876
   65 	 61.063060 	 111.906981 	 114.746876
   66 	 -148.710883 	 108.875053 	 114.746876
   67 	 0.283764 	 112.155277 	 114.746876
   68 	 -148.710883 	 109.048835 	 114.746876
   69 	 -58.282573 	 111.203479 	 114.746876
 