   0 	 0.016222 	 0.076396 	 0.513980
    1 	 0.021276 	 0.183430 	 1.085070
    2 	 0.019637 	 0.338051 	 2.887980
    3 	 0.019610 	 0.542109 	 2.777874
    4 	 0.028237 	 0.818144 	 2.897519
    5 	 0.039095 	 0.937854 	 3.484006
    6 	 0.108334 	 1.125866 	 3.535325
    7 	 0.042723 	 1.028155 	 3.383582
    8 	 0.115925 	 0.855207 	 3.193515
    9 	 0.133872 	 0.941227 	 2.857768
   10 	 0.040816 	 1.085443 	 2.632666
   11 	 0.041370 	 1.062273 	 2.648388
   12 	 0.340152 	 0.924468 	 4.052202
   13 	 0.140109 	 0.888967 	 2.868863
   14 	 0.126737 	 0.922706 	 1.627483
   15 	 0.124426 	 0.955585 	 2.235591
   16 	 0.041240 	 0.899748 	 3.016257
   17 	 0.393269 	 0.934895 	 3.037424
   18 	 0.041657 	 1.016972 	 4.064383
   19 	 0.298987 	 0.910339 	 1.672048
   20 	 0.041635 	 0.884487 	 2.866498
   21 	 0.402052 	 0.903081 	 1.984964
   22 	 0.315090 	 0.996080 	 4.057859
   23 	 0.436269 	 0.911196 	 1.409936
   24 	 0.234595 	 0.874776 	 1.923484
   25 	 0.619296 	 0.901075 	 1.559894
   26 	 0.103289 	 0.955199 	 2.275854
   27 	 0.040946 	 0.887545 	 1.213450
   28 	 0.040610 	 0.877987 	 2.436118
   29 	 0.107573 	 0.934751 	 4.069245
   30 	 0.106496 	 0.953210 	 4.074815
   31 	 0.233970 	 0.931835 	 3.201302
   32 	 0.109336 	 0.895075 	 3.212372
   33 	 0.108174 	 0.884953 	 2.279095
   34 	 0.292640 	 0.933932 	 3.183329
   35 	 0.041168 	 0.941842 	 3.195148
   36 	 0.036966 	 0.893841 	 1.756807
   37 	 0.036519 	 0.924914 	 4.065560
   38 	 0.509786 	 0.967019 	 4.136219
   39 	 0.234172 	 0.968288 	 4.143890
   40 	 0.106023 	 0.880439 	 1.399411
   41 	 0.229954 	 0.902446 	 2.278047
   42 	 0.277855 	 0.953342 	 3.217259
   43 	 0.107830 	 0.910675 	 2.300149
   44 	 0.292222 	 0.892826 	 2.071872
   45 	 0.041455 	 0.943502 	 3.198670
   46 	 0.439238 	 0.921825 	 2.011984
   47 	 0.293818 	 0.938578 	 4.060832
   48 	 0.451104 	 0.894515 	 1.552704
   49 	 0.234432 	 0.916440 	 2.005543
   50 	 0.537590 	 0.926337 	 1.524613
   51 	 0.276585 	 0.913305 	 2.276701
   52 	 0.107126 	 0.884068 	 1.347000
   53 	 0.108106 	 0.914385 	 2.077338
   54 	 0.107705 	 0.944738 	 3.205889
   55 	 0.041609 	 0.918187 	 3.195844
   56 	 0.036582 	 0.904594 	 3.199944
   57 	 0.294062 	 0.999920 	 4.058284
   58 	 0.293708 	 0.961334 	 4.142800
   59 	 0.103389 	 0.899151 	 2.004562
   60 	 0.230012 	 0.899125 	 2.005986
   61 	 0.452619 	 0.989446 	 3.244762
   62 	 0.452328 	 0.926712 	 2.299844
   63 	 0.283959 	 0.887898 	 1.521099
   64 	 0.036401 	 0.869060 	 1.521773
   65 	 0.107618 	 0.945299 	 2.045998
   66 	 0.579182 	 1.012905 	 4.145914
   67 	 0.444287 	 0.914080 	 3.200842
   68 	 0.229847 	 0.865393 	 1.275540
   69 	 0.293630 	 0.923871 	 1.540626
   70 	 0.608958 	 0.966640 	 2.300715
   71 	 0.130463 	 0.888670 	 2.006297
   72 	 0.041588 	 0.858533 	 1.228866
   73 	 0.130135 	 0.938981 	 2.982729
   74 	 0.518616 	 0.984509 	 4.058634
   75 	 0.041588 	 0.892578 	 2.985656
   76 	 0.234553 	 0.867498 	 1.382330
   77 	 0.313435 	 0.967723 	 4.058630
   78 	 0.630068 	 0.955450 	 2.276075
   79 	 0.130369 	 0.868459 	 1.929626
   80 	 0.036608 	 0.861300 	 1.197794
   81 	 0.040953 	 0.978477 	 2.983566
   82 	 0.036600 	 0.947248 	 4.142358
   83 	 0.313640 	 0.922333 	 4.069117
   84 	 0.230035 	 0.982399 	 4.142499
   85 	 0.233977 	 0.938757 	 1.928862
   86 	 0.230028 	 0.917836 	 2.299720
   87 	 0.468678 	 0.898608 	 2.279059
   88 	 0.399278 	 0.921031 	 2.299759
   89 	 0.041589 	 0.912854 	 1.484830
   90 	 0.399272 	 0.913437 	 1.655415
   91 	 0.519379 	 0.929229 	 4.058615
   92 	 0.537572 	 0.911954 	 1.655432
   93 	 0.107530 	 0.903295 	 1.380873
   94 	 0.041630 	 0.887886 	 1.347033
   95 	 0.364160 	 0.933720 	 3.201738
   96 	 0.530552 	 0.924838 	 3.197481
   97 	 0.293553 	 0.908902 	 1.757592
   98 	 0.293920 	 0.904590 	 1.359892
   99 	 0.509582 	 0.923893 	 2.006608
  100 	 0.126288 	 0.899210 	 2.005131
  101 	 0.281952 	 0.890718 	 1.399811
  102 	 0.107532 	 0.929053 	 3.020344
  103 	 0.519929 	 0.920678 	 2.054433
  104 	 0.107530 	 0.941176 	 3.201720
  105 	 0.041575 	 0.897179 	 1.379827
  106 	 0.107439 	 0.926852 	 3.201742
  107 	 0.280487 	 0.942560 	 4.058857
  108 	 0.293553 	 0.943386 	 3.202671
  109 	 0.234540 	 0.910656 	 2.060636
  110 	 0.107531 	 0.898160 	 2.006610
  111 	 0.036908 	 0.897710 	 2.276138
  112 	 0.452200 	 0.946549 	 3.201732
  113 	 0.403073 	 0.940569 	 4.137225
  114 	 0.293554 	 0.886541 	 1.522069
  115 	 0.041375 	 0.856067 	 1.645079
  116 	 0.518984 	 0.913582 	 2.006606
  117 	 0.503506 	 1.010237 	 4.062151
  118 	 0.452201 	 0.905247 	 1.381628
  119 	 0.234359 	 0.873241 	 1.411818
  120 	 0.588426 	 0.906660 	 1.522067
  121 	 0.041511 	 0.944527 	 2.277076
  122 	 0.131873 	 0.889618 	 1.260674
  123 	 0.280488 	 0.926032 	 4.059910
  124 	 0.521478 	 0.938487 	 2.970237
  125 	 0.234483 	 0.924626 	 2.060631
  126 	 0.314957 	 0.897876 	 1.376882
  127 	 0.109683 	 0.905963 	 2.276438
  128 	 0.632238 	 0.917235 	 1.923975
  129 	 0.107798 	 0.937464 	 3.179823
  130 	 0.469754 	 0.898284 	 1.194688
  131 	 0.295454 	 0.927424 	 3.198994
  132 	 0.041484 	 0.892459 	 1.482461
  133 	 0.086238 	 0.897202 	 1.998984
  134 	 0.518991 	 0.972094 	 4.060357
  135 	 0.036600 	 0.927103 	 3.435973
  136 	 0.234458 	 0.889338 	 1.381614
  137 	 0.274667 	 0.934266 	 4.142491
  138 	 0.630352 	 0.941222 	 2.276566
  139 	 0.230028 	 0.919878 	 2.085649
  140 	 0.303035 	 0.888464 	 1.197386
  141 	 0.293797 	 0.901771 	 2.299757
  142 	 0.107531 	 0.911783 	 1.969143
  143 	 0.362339 	 0.906542 	 2.005628
  144 	 0.107533 	 0.912934 	 3.201727
  145 	 0.452401 	 0.923169 	 1.763235
  146 	 0.107531 	 0.936856 	 3.201707
  147 	 0.041930 	 0.895275 	 1.521604
  148 	 0.041592 	 0.905836 	 3.201727
  149 	 0.579239 	 0.943298 	 4.053010
  150 	 0.293554 	 0.971289 	 4.058569
  151 	 0.102046 	 0.891162 	 1.275447
  152 	 0.036603 	 0.883510 	 2.006605
  153 	 0.280487 	 0.939405 	 3.258959
  154 	 0.452201 	 0.975375 	 4.142444
  155 	 0.288704 	 0.907418 	 2.060635
  156 	 0.230031 	 0.874820 	 1.522067
  157 	 0.441416 	 0.920107 	 2.026326
  158 	 0.579083 	 0.953033 	 2.299744
  159 	 0.041927 	 0.878919 	 1.547469
  160 	 0.281111 	 0.876331 	 1.275699
  161 	 0.041588 	 0.962080 	 4.053051
  162 	 0.675448 	 0.936697 	 2.057988
  163 	 0.041577 	 0.944602 	 4.058637
  164 	 0.036602 	 0.870257 	 1.136044
  165 	 0.036460 	 0.944102 	 4.058821
  166 	 0.107531 	 0.968077 	 4.142466
  167 	 0.039344 	 0.938809 	 4.144895
  168 	 0.036600 	 0.888338 	 3.201727
  169 	 0.229901 	 0.980784 	 4.095941
  170 	 0.107529 	 0.965326 	 4.142496
  171 	 0.107509 	 0.890112 	 2.300430
  172 	 0.230028 	 0.919701 	 3.201755
  173 	 0.130527 	 0.956477 	 3.201957
  174 	 0.041588 	 0.903672 	 2.299758
  175 	 0.130525 	 0.893399 	 2.982159
  176 	 0.107537 	 0.967322 	 4.058631
  177 	 0.105111 	 0.957859 	 2.982181
  178 	 0.117587 	 0.878024 	 1.655431
  179 	 0.313777 	 0.905270 	 3.226734
  180 	 0.036600 	 0.931966 	 3.101859
  181 	 0.291415 	 0.932736 	 1.928355
  182 	 0.302420 	 0.939939 	 4.142490
  183 	 0.370946 	 0.897666 	 2.015255
  184 	 0.230028 	 0.913834 	 1.971530
  185 	 0.450439 	 0.922432 	 1.736876
  186 	 0.280487 	 0.889989 	 1.187395
  187 	 0.280541 	 0.886903 	 1.526160
  188 	 0.518987 	 0.917436 	 2.060636
  189 	 0.518987 	 0.934803 	 2.060407
  190 	 0.441416 	 0.906057 	 1.381622
  191 	 0.441461 	 0.898086 	 1.381621
  192 	 0.507706 	 0.913003 	 1.547469
  193 	 0.364162 	 0.903631 	 1.547363
  194 	 0.041579 	 0.886800 	 1.403496
  195 	 0.277851 	 0.896346 	 1.757585
  196 	 0.281733 	 0.927917 	 4.058779
  197 	 0.033580 	 0.894931 	 2.071888
  198 	 0.041585 	 0.910146 	 2.055360
  199 	 0.039660 	 0.963435 	 4.194979
  200 	 0.041606 	 0.958989 	 4.058687
  201 	 0.041152 	 0.905120 	 4.090644
  202 	 0.234550 	 0.979268 	 4.058339
  203 	 0.232805 	 0.988217 	 4.065825
  204 	 0.234569 	 0.919674 	 2.276090
  205 	 0.234158 	 0.900132 	 2.285166
  206 	 0.403081 	 0.942662 	 2.275991
  207 	 0.107376 	 0.933629 	 2.278122
  208 	 0.041152 	 0.866505 	 1.645058
  209 	 0.402751 	 0.920795 	 3.203316
  210 	 0.540582 	 1.004887 	 4.065825
  211 	 0.107531 	 0.912493 	 1.645951
  212 	 0.041601 	 0.854860 	 1.341594
  213 	 0.280487 	 0.878153 	 1.343689
  214 	 0.364162 	 0.985653 	 4.058415
  215 	 0.042541 	 0.886010 	 2.060636
  216 	 0.036601 	 0.873605 	 1.757585
  217 	 0.107573 	 0.984461 	 4.042993
  218 	 0.367744 	 1.023744 	 4.142490
  219 	 0.235416 	 0.925193 	 3.201298
  220 	 0.230028 	 0.884294 	 1.746589
  221 	 0.286054 	 0.945887 	 2.271609
  222 	 0.283946 	 0.950132 	 2.299757
  223 	 0.280359 	 0.914721 	 2.037265
  224 	 0.399272 	 0.902932 	 2.046053
  225 	 0.446017 	 0.937434 	 2.061181
  226 	 0.041588 	 0.916047 	 1.655431
  227 	 0.441310 	 0.903732 	 1.536529
  228 	 0.517452 	 0.930542 	 4.058631
  229 	 0.280484 	 0.905027 	 1.547724
  230 	 0.234553 	 0.893550 	 1.384558
  231 	 0.107305 	 0.897493 	 2.060648
  232 	 0.107265 	 0.930961 	 2.276074
  233 	 0.130276 	 0.941244 	 3.204052
  234 	 0.280080 	 0.928319 	 3.204460
  235 	 0.293354 	 0.936664 	 2.984398
  236 	 0.107531 	 0.917993 	 2.062363
  237 	 0.313558 	 0.910134 	 2.007411
  238 	 0.107531 	 0.929323 	 3.201727
  239 	 0.041591 	 0.916702 	 1.929166
  240 	 0.107531 	 0.926007 	 3.201728
  241 	 0.253042 	 0.937507 	 4.058579
  242 	 0.107531 	 0.913041 	 3.201729
  243 	 0.234556 	 0.920036 	 2.184158
  244 	 0.130527 	 0.968046 	 3.201727
  245 	 0.036656 	 0.879002 	 1.275908
  246 	 0.107372 	 0.900257 	 2.982158
  247 	 0.272844 	 0.950579 	 4.141540
  248 	 0.115070 	 0.959082 	 3.203358
  249 	 0.230079 	 0.901358 	 2.093606
  250 	 0.041607 	 0.921203 	 3.126267
  251 	 0.435084 	 0.937551 	 2.299491
  252 	 0.300204 	 0.974925 	 4.058315
  253 	 0.399315 	 0.899589 	 1.562783
  254 	 0.234570 	 0.918403 	 1.980181
  255 	 0.036749 	 0.908301 	 1.655315
  256 	 0.041564 	 0.915442 	 2.275984
  257 	 0.280487 	 0.934958 	 4.139947
  258 	 0.403098 	 0.956619 	 4.059023
  259 	 0.107647 	 0.889926 	 2.060636
  260 	 0.104224 	 0.891798 	 1.645011
  261 	 0.041586 	 0.937879 	 3.200543
  262 	 0.540596 	 0.957690 	 3.235988
  263 	 0.041588 	 0.951605 	 4.058662
  264 	 0.120389 	 0.871734 	 1.341569
  265 	 0.234551 	 0.915479 	 4.058638
  266 	 0.280490 	 0.951289 	 3.075134
  267 	 0.234552 	 0.922471 	 2.276083
  268 	 0.304884 	 0.904951 	 2.060621
  269 	 0.036601 	 0.928994 	 2.276076
  270 	 0.441419 	 0.936818 	 1.961999
  271 	 0.036828 	 0.924642 	 4.142487
  272 	 0.042402 	 0.863698 	 1.406326
  273 	 0.230028 	 0.976612 	 4.138589
  274 	 0.518460 	 1.007437 	 4.045272
  275 	 0.230235 	 0.902594 	 2.299756
  276 	 0.041588 	 0.867338 	 1.382628
  277 	 0.105778 	 0.919492 	 2.298665
  278 	 0.519937 	 0.981829 	 4.058642
  279 	 0.358426 	 0.920565 	 3.219800
  280 	 0.234552 	 0.878324 	 1.379810
  281 	 0.292005 	 0.921771 	 1.775485
  282 	 0.102285 	 0.917900 	 2.276077
  283 	 0.504978 	 0.898561 	 2.012862
  284 	 0.403083 	 0.947815 	 3.256426
  285 	 0.450925 	 0.916231 	 1.408891
  286 	 0.288915 	 0.906608 	 1.645052
  287 	 0.268890 	 0.890818 	 1.525028
  288 	 0.280483 	 0.912646 	 2.006605
  289 	 0.264461 	 0.919465 	 2.111084
  290 	 0.107531 	 0.898588 	 2.060652
  291 	 0.431800 	 0.909963 	 2.131009
  292 	 0.041420 	 0.943874 	 3.201731
  293 	 0.428117 	 0.913423 	 1.570843
  294 	 0.293554 	 0.933874 	 4.061403
  295 	 0.518919 	 0.899774 	 1.579985
  296 	 0.234400 	 0.913572 	 2.006606
  297 	 0.560292 	 0.913122 	 1.381751
  298 	 0.041588 	 0.898816 	 2.276863
  299 	 0.036457 	 0.879576 	 1.307033
  300 	 0.402956 	 0.961941 	 4.058631
  301 	 0.661449 	 0.977943 	 4.144962
  302 	 0.234553 	 0.887141 	 1.645398
  303 	 0.229898 	 0.877332 	 1.154403
  304 	 0.519005 	 0.939713 	 2.276074
  305 	 0.130527 	 0.924109 	 2.300448
  306 	 0.128035 	 0.879845 	 1.381587
  307 	 0.035970 	 0.903327 	 2.982159
  308 	 0.630363 	 0.950051 	 3.004490
  309 	 0.041595 	 0.950608 	 4.153338
  310 	 0.041671 	 0.865714 	 1.197371
  311 	 0.229456 	 0.935092 	 4.058522
  312 	 0.713180 	 0.993596 	 4.057264
  313 	 0.041587 	 0.890215 	 2.302789
  314 	 0.107567 	 0.858897 	 1.089348
  315 	 0.398789 	 0.994543 	 4.058655
  316 	 0.518987 	 0.974492 	 3.201362
  317 	 0.234552 	 0.889449 	 1.656755
  318 	 0.293586 	 0.863825 	 1.381621
  319 	 0.364749 	 0.936499 	 2.276080
  320 	 0.130606 	 0.946288 	 2.006478
  321 	 0.403083 	 0.907267 	 1.755773
  322 	 0.279811 	 0.893492 	 2.981458
  323 	 0.130525 	 0.896173 	 1.645054
  324 	 0.041588 	 0.903540 	 2.063509
  325 	 0.042041 	 0.909485 	 2.982180
  326 	 0.280487 	 0.944736 	 4.058629
  327 	 0.166040 	 0.925568 	 4.051193
  328 	 0.166032 	 0.898676 	 2.060636
  329 	 0.234963 	 0.944321 	 2.696581
  330 	 0.361638 	 0.978712 	 2.696634
  331 	 0.344663 	 0.902575 	 2.273952
  332 	 0.267338 	 0.866054 	 1.765417
  333 	 0.327974 	 0.883490 	 1.484584
  334 	 0.109867 	 0.940143 	 1.819977
  335 	 0.500856 	 0.936218 	 1.876969
  336 	 0.040502 	 0.924994 	 3.177957
  337 	 0.480361 	 0.898382 	 1.417122
  338 	 0.295617 	 0.964362 	 4.076597
  339 	 0.280358 	 0.917959 	 1.459511
  340 	 0.102080 	 0.899883 	 1.998333
  341 	 0.600849 	 0.911826 	 2.061182
  342 	 0.453899 	 0.937989 	 2.281184
  343 	 0.107996 	 0.895632 	 1.241235
  344 	 0.402255 	 0.893788 	 1.518144
  345 	 0.497973 	 0.919262 	 3.196968
  346 	 0.041453 	 0.916595 	 1.647296
  347 	 0.293965 	 0.916174 	 1.422934
  348 	 0.036600 	 0.912338 	 4.060868
  349 	 0.122892 	 0.903468 	 2.004952
  350 	 0.107554 	 0.968861 	 4.142501
  351 	 0.280487 	 0.915665 	 3.051642
  352 	 0.230028 	 0.913559 	 3.201490
  353 	 0.277635 	 0.915373 	 2.060636
  354 	 0.041343 	 0.943511 	 2.299760
  355 	 0.441416 	 0.924919 	 2.072817
  356 	 0.364162 	 1.007519 	 4.062672
  357 	 0.364261 	 0.899711 	 1.547469
  358 	 0.107417 	 0.905565 	 1.757585
  359 	 0.036617 	 0.913054 	 1.757281
  360 	 0.107531 	 0.988046 	 3.202902
  361 	 0.041588 	 0.925091 	 4.142204
  362 	 0.293453 	 0.924529 	 3.201727
  363 	 0.230043 	 0.948604 	 4.058631
  364 	 0.293554 	 0.932020 	 2.007012
  365 	 0.041610 	 0.878097 	 1.347630
  366 	 0.396981 	 0.912183 	 2.006605
  367 	 0.291112 	 0.948206 	 4.058281
  368 	 0.274868 	 0.899825 	 1.661733
  369 	 0.234572 	 0.907993 	 2.016485
  370 	 0.535752 	 0.938314 	 2.084774
  371 	 0.280478 	 0.922923 	 2.275974
  372 	 0.280491 	 0.883910 	 1.350343
  373 	 0.403100 	 0.911245 	 2.060673
  374 	 0.041596 	 0.924781 	 2.060617
  375 	 0.207234 	 0.909706 	 1.645007
  376 	 0.279698 	 0.924613 	 4.058499
  377 	 0.540597 	 0.916776 	 2.426985
  378 	 0.107531 	 0.910305 	 2.063992
  379 	 0.379970 	 0.895113 	 1.213361
  380 	 0.041588 	 0.924875 	 3.201728
  381 	 0.279328 	 0.904518 	 1.710073
  382 	 0.293554 	 0.935088 	 4.058632
  383 	 0.518475 	 0.902700 	 2.065568
  384 	 0.041577 	 0.895922 	 2.006605
  385 	 0.280614 	 0.887131 	 1.382599
  386 	 0.329967 	 0.964298 	 4.058820
  387 	 0.629961 	 0.939655 	 2.060096
  388 	 0.234542 	 0.900343 	 1.869972
  389 	 0.289226 	 0.878798 	 1.197947
  390 	 0.041870 	 0.895553 	 2.276128
  391 	 0.041588 	 0.928716 	 2.024185
  392 	 0.403075 	 0.971206 	 4.054003
  393 	 0.448635 	 0.929960 	 4.058628
  394 	 0.041588 	 0.881076 	 1.645074
  395 	 0.234553 	 0.914490 	 1.530375
  396 	 0.303673 	 0.962781 	 4.058631
  397 	 0.576311 	 0.908239 	 2.276073
  398 	 0.041412 	 0.870509 	 1.966670
  399 	 0.130527 	 0.892647 	 1.280228
  400 	 0.364130 	 0.997812 	 4.061538
  401 	 0.041637 	 0.930936 	 2.982158
  402 	 0.234393 	 0.893791 	 1.757686
  403 	 0.313779 	 0.932381 	 4.057828
  404 	 0.298843 	 0.941788 	 2.276902
  405 	 0.234597 	 0.914828 	 1.928347
  406 	 0.402949 	 0.902576 	 1.985533
  407 	 0.468791 	 0.909184 	 2.275845
  408 	 0.036601 	 0.908674 	 1.645415
  409 	 0.403121 	 0.908888 	 1.484580
  410 	 0.273712 	 0.930110 	 4.142490
  411 	 0.364735 	 0.889201 	 1.644950
  412 	 0.130527 	 0.907262 	 2.089810
  413 	 0.041554 	 0.907170 	 1.755817
  414 	 0.435804 	 0.936364 	 2.982158
  415 	 0.510043 	 0.908895 	 1.524496
  416 	 0.041598 	 0.893039 	 1.561027
  417 	 0.568815 	 0.903474 	 1.398907
  418 	 0.566307 	 0.958945 	 4.058475
  419 	 0.518987 	 0.904586 	 1.292632
  420 	 0.041506 	 0.856425 	 1.296837
  421 	 0.518752 	 0.895212 	 1.381621
  422 	 0.498144 	 1.018978 	 4.059989
  423 	 0.518987 	 0.900985 	 1.382070
  424 	 0.036602 	 0.872664 	 1.422587
  425 	 0.364201 	 0.903328 	 1.381621
  426 	 0.107532 	 0.959056 	 4.142465
  427 	 0.266105 	 0.894613 	 1.757464
  428 	 0.230030 	 0.927923 	 3.201721
  429 	 0.280484 	 0.920578 	 2.123571
  430 	 0.036268 	 0.935132 	 2.299750
  431 	 0.363608 	 0.916336 	 2.060647
  432 	 0.249413 	 0.934745 	 4.148209
  433 	 0.441414 	 0.917917 	 1.759298
  434 	 0.229726 	 0.946244 	 2.201609
  435 	 0.036601 	 0.866685 	 1.547474
  436 	 0.415557 	 0.912932 	 2.301356
  437 	 0.570687 	 1.037939 	 4.142490
  438 	 0.041587 	 0.902657 	 1.611975
  439 	 0.041789 	 0.846105 	 1.289512
  440 	 0.108124 	 0.961269 	 4.058647
  441 	 0.669204 	 1.045453 	 4.055334
  442 	 0.092447 	 0.924775 	 3.195661
  443 	 0.234734 	 0.852790 	 1.144159
  444 	 0.294078 	 0.932010 	 3.364207
  445 	 0.741312 	 0.985729 	 2.275134
  446 	 0.041587 	 0.909122 	 2.004498
  447 	 0.403237 	 0.865916 	 1.056957
  448 	 0.036601 	 0.928092 	 4.058650
  449 	 0.792546 	 0.950671 	 1.644637
  450 	 0.036601 	 0.914357 	 4.142490
  451 	 0.041589 	 0.855714 	 1.002661
  452 	 0.230028 	 0.991922 	 4.142489
  453 	 0.147059 	 0.951369 	 3.201646
  454 	 0.106392 	 0.885225 	 2.299757
  455 	 0.107536 	 0.888588 	 2.842045
  456 	 0.399272 	 0.963640 	 3.213453
  457 	 0.328208 	 0.935737 	 3.201674
  458 	 0.292547 	 0.882396 	 1.655431
  459 	 0.041512 	 0.908015 	 1.876143
  460 	 0.041588 	 0.935740 	 2.010667
  461 	 0.480551 	 0.954951 	 4.059893
  462 	 0.281461 	 0.921048 	 4.058631
  463 	 0.107533 	 0.886103 	 1.459105
  464 	 0.041588 	 0.918849 	 2.056508
  465 	 0.041588 	 0.944863 	 3.201712
  466 	 0.442222 	 0.940266 	 4.058633
  467 	 0.106805 	 0.915766 	 4.058631
  468 	 0.234553 	 0.910159 	 1.545542
  469 	 0.107531 	 0.933704 	 3.209187
  470 	 0.571317 	 0.919338 	 2.276074
  471 	 0.292913 	 0.952338 	 3.201727
  472 	 0.403084 	 0.905190 	 1.288466
  473 	 0.293554 	 0.912674 	 2.009191
  474 	 0.130494 	 0.892918 	 1.645051
  475 	 0.280426 	 0.915610 	 2.006604
  476 	 0.540584 	 0.943692 	 2.982458
  477 	 0.364215 	 0.908802 	 2.060893
  478 	 0.313749 	 0.881260 	 1.341590
  479 	 0.441366 	 0.914629 	 1.757421
  480 	 0.646667 	 0.920752 	 1.928456
  481 	 0.491626 	 0.887565 	 1.547590
  482 	 0.041588 	 0.872436 	 1.174443
  483 	 0.280487 	 0.916429 	 1.435902
  484 	 0.109111 	 0.967390 	 4.058630
  485 	 0.041588 	 0.879282 	 2.060636
  486 	 0.107516 	 0.893586 	 3.185615
  487 	 0.109048 	 0.937481 	 4.058631
  488 	 0.097549 	 0.960837 	 3.201884
  489 	 0.041588 	 0.925328 	 3.186255
  490 	 0.293541 	 0.917850 	 3.307429
  491 	 0.294893 	 0.951019 	 4.058631
  492 	 0.267355 	 0.918465 	 2.006659
  493 	 0.130527 	 0.891146 	 2.001226
  494 	 0.349106 	 0.919134 	 2.117949
  495 	 0.453304 	 0.955685 	 2.982157
  496 	 0.430524 	 0.919333 	 1.805359
  497 	 0.041582 	 0.886060 	 1.519517
  498 	 0.497473 	 0.905993 	 1.573999
  499 	 0.131007 	 0.954574 	 4.058736
  500 	 0.131191 	 0.900396 	 1.423947
  501 	 0.041930 	 0.904407 	 2.977895
  502 	 0.613969 	 0.931580 	 2.976264
  503 	 0.041588 	 0.952394 	 4.053008
  504 	 0.036601 	 0.887136 	 1.221346
  505 	 0.234863 	 0.936846 	 4.058631
  506 	 0.507134 	 0.953435 	 4.142490
  507 	 0.234553 	 0.916664 	 2.274470
  508 	 0.230028 	 0.889988 	 1.404624
  509 	 0.403344 	 0.913731 	 2.276074
  510 	 0.041692 	 0.914589 	 2.299757
  511 	 0.130527 	 0.901185 	 1.644345
  512 	 0.399272 	 0.935644 	 4.056929
  513 	 0.130527 	 0.917054 	 2.982160
  514 	 0.041588 	 0.896924 	 1.655431
  515 	 0.313779 	 0.934714 	 2.982162
  516 	 0.518969 	 0.950045 	 4.058631
  517 	 0.313778 	 0.897080 	 1.928347
  518 	 0.234553 	 0.895930 	 1.381655
  519 	 0.468791 	 0.924522 	 1.928348
  520 	 0.280418 	 0.910213 	 2.276074
  521 	 0.132027 	 0.884211 	 1.484580
  522 	 0.403084 	 0.922290 	 2.060927
  523 	 0.591933 	 0.949191 	 2.968881
  524 	 0.441359 	 0.906631 	 1.645051
  525 	 0.315091 	 0.887665 	 1.255125
  526 	 0.314004 	 0.910027 	 1.547605
  527 	 0.370436 	 0.914078 	 1.923477
  528 	 0.130527 	 0.891755 	 1.927511
  529 	 0.469863 	 0.903495 	 1.738416
  530 	 0.041588 	 0.916579 	 2.982158
  531 	 0.130494 	 0.876485 	 1.482220
  532 	 0.313779 	 0.953184 	 4.058631
  533 	 0.280574 	 0.957768 	 2.982457
  534 	 0.234553 	 0.908670 	 1.928347
  535 	 0.313749 	 0.889603 	 2.060267
  536 	 0.109471 	 0.891742 	 2.276074
  537 	 0.280418 	 0.904269 	 1.928456
  538 	 0.291546 	 0.946726 	 3.181963
  539 	 0.042693 	 0.909963 	 2.060615
  540 	 0.036607 	 0.872486 	 2.014725
  541 	 0.108989 	 0.962791 	 4.040508
  542 	 0.450547 	 1.037658 	 4.142377
  543 	 0.235554 	 0.918975 	 3.186855
  544 	 0.230034 	 0.877331 	 1.525909
  545 	 0.036573 	 0.933290 	 2.270898
  546 	 0.577798 	 0.964886 	 2.299725
  547 	 0.107539 	 0.934773 	 4.142967
  548 	 0.399277 	 0.874274 	 1.277795
  549 	 0.230003 	 0.935366 	 3.201648
  550 	 0.674493 	 0.936978 	 1.655417
  551 	 0.293561 	 0.913162 	 2.299890
  552 	 0.280300 	 0.876493 	 1.137277
  553 	 0.280498 	 0.908404 	 2.006577
  554 	 0.130527 	 0.930467 	 2.061430
  555 	 0.107529 	 0.912567 	 2.060587
  556 	 0.107535 	 0.883649 	 2.982162
  557 	 0.373205 	 0.929829 	 3.201748
  558 	 0.313778 	 0.978157 	 3.201690
  559 	 0.107437 	 0.891832 	 1.730087
  560 	 0.041592 	 0.868543 	 1.928348
  561 	 0.109448 	 0.929204 	 3.202694
  562 	 0.468791 	 0.974827 	 4.058562
  563 	 0.112163 	 0.906098 	 2.400108
  564 	 0.234557 	 0.883909 	 1.484580
  565 	 0.366567 	 0.937285 	 3.154937
  566 	 0.591933 	 0.940358 	 2.276054
  567 	 0.297642 	 0.906307 	 1.750187
  568 	 0.036601 	 0.865076 	 1.255125
  569 	 0.041528 	 0.897581 	 1.990277
  570 	 0.684966 	 0.973929 	 4.142489
  571 	 0.455565 	 0.982710 	 4.059623
  572 	 0.230028 	 0.877202 	 1.123890
  573 	 0.234498 	 0.892450 	 1.514314
  574 	 0.107214 	 0.916591 	 2.299757
  575 	 0.518987 	 0.928378 	 2.276356
  576 	 0.280485 	 0.923465 	 3.204987
  577 	 0.280611 	 0.896449 	 1.381621
  578 	 0.041289 	 0.911902 	 2.060642
  579 	 0.041588 	 0.914690 	 2.060108
  580 	 0.280673 	 0.941453 	 4.063572
  581 	 0.441519 	 0.949742 	 4.058631
  582 	 0.234281 	 0.906545 	 2.059844
  583 	 0.234553 	 0.899396 	 1.547223
  584 	 0.441570 	 0.901479 	 1.791713
  585 	 0.519278 	 0.923159 	 2.276074
  586 	 0.500873 	 0.918890 	 1.547100
  587 	 0.107531 	 0.894802 	 1.381067
  588 	 0.570809 	 0.904824 	 1.417086
  589 	 0.107531 	 0.912705 	 3.201727
  590 	 0.107532 	 0.893530 	 1.289309
  591 	 0.042065 	 0.919511 	 3.201727
  592 	 0.669295 	 0.942830 	 3.201722
  593 	 0.280487 	 0.974193 	 4.050800
  594 	 0.293555 	 0.891096 	 1.144040
  595 	 0.234984 	 0.914796 	 2.060636
  596 	 0.107531 	 0.912756 	 2.006603
  597 	 0.364162 	 0.922754 	 2.273840
  598 	 0.036636 	 0.902250 	 3.201727
  599 	 0.403447 	 0.919046 	 1.757585
  600 	 0.037214 	 0.944672 	 4.141874
  601 	 0.130527 	 0.897893 	 1.644068
  602 	 0.041589 	 0.923465 	 4.131984
  603 	 0.036601 	 0.913052 	 2.982159
  604 	 0.230586 	 0.963491 	 4.058627
  605 	 0.313779 	 0.984337 	 4.142490
  606 	 0.107363 	 0.877267 	 2.296813
  607 	 0.041590 	 0.872603 	 1.928347
  608 	 0.399742 	 0.987872 	 3.203447
  609 	 0.468791 	 1.010189 	 4.058608
  610 	 0.293406 	 0.876574 	 1.654144
  611 	 0.041588 	 0.855335 	 1.484580
  612 	 0.037096 	 0.932243 	 2.007201
  613 	 0.591933 	 1.012354 	 4.058631
  614 	 0.036596 	 0.884868 	 1.821174
  615 	 0.036402 	 0.836483 	 1.255125
  616 	 0.493590 	 0.954259 	 4.142575
  617 	 0.660214 	 1.009653 	 4.145902
  618 	 0.230024 	 0.888819 	 1.431865
  619 	 0.107660 	 0.841974 	 1.156050
  620 	 0.528035 	 0.927812 	 2.299781
  621 	 0.213145 	 0.989872 	 3.200412
  622 	 0.399268 	 0.900463 	 1.364562
  623 	 0.293667 	 0.879750 	 2.392656
  624 	 0.637201 	 0.915720 	 1.655441
  625 	 0.036598 	 0.936805 	 2.006148
  626 	 0.106106 	 0.885544 	 1.187646
  627 	 0.036603 	 0.915137 	 4.142535
  628 	 0.130521 	 0.933895 	 3.216407
  629 	 0.230026 	 0.953381 	 4.142453
  630 	 0.107355 	 0.905747 	 2.982217
  631 	 0.230030 	 0.894277 	 2.299769
  632 	 0.280487 	 0.925280 	 3.203532
  633 	 0.283793 	 0.943017 	 2.299747
  634 	 0.293399 	 0.926411 	 2.060636
  635 	 0.399274 	 0.906523 	 2.046693
  636 	 0.363989 	 0.908088 	 2.007231
  637 	 0.280253 	 0.912615 	 1.655426
  638 	 0.280487 	 0.906724 	 1.758122
  639 	 0.518987 	 0.924792 	 2.061629
  640 	 0.107531 	 0.903400 	 2.060636
  641 	 0.279862 	 0.903355 	 1.381622
  642 	 0.036576 	 0.936767 	 3.201727
  643 	 0.630349 	 0.924217 	 2.063294
  644 	 0.293554 	 0.962325 	 4.142902
  645 	 0.440899 	 0.900370 	 1.197391
  646 	 0.230007 	 0.900360 	 2.006605
  647 	 0.036571 	 0.905303 	 1.548709
  648 	 0.452201 	 0.942313 	 2.299872
  649 	 0.130527 	 0.920270 	 4.143003
  650 	 0.041588 	 0.863051 	 1.522067
  651 	 0.107169 	 0.925426 	 2.982158
  652 	 0.579083 	 1.015518 	 4.058638
  653 	 0.313779 	 0.942081 	 3.205448
  654 	 0.234552 	 0.863941 	 1.275700
  655 	 0.293234 	 0.899863 	 1.928347
  656 	 0.041588 	 0.942904 	 2.276076
  657 	 0.041607 	 0.904540 	 2.007895
  658 	 0.280487 	 0.926583 	 4.058631
  659 	 0.036590 	 0.951396 	 4.058315
  660 	 0.036600 	 0.916666 	 2.060636
  661 	 0.041590 	 0.928161 	 4.142673
  662 	 0.041594 	 0.986818 	 4.142491
  663 	 0.230019 	 0.960407 	 4.058607
  664 	 0.041891 	 0.930121 	 4.058529
  665 	 0.234554 	 0.889419 	 2.299808
  666 	 0.234558 	 0.910168 	 2.299757
  667 	 0.108403 	 0.930760 	 2.276067
  668 	 0.036947 	 0.881067 	 2.276045
  669 	 0.107558 	 0.909724 	 3.192820
  670 	 0.364162 	 1.042122 	 4.136554
  671 	 0.041609 	 0.931547 	 3.201451
  672 	 0.230343 	 0.873408 	 1.757585
  673 	 0.036601 	 0.958141 	 4.058292
  674 	 0.130528 	 0.990381 	 2.298095
  675 	 0.234572 	 0.984096 	 4.142479
  676 	 0.399537 	 0.907658 	 2.982150
  677 	 0.107414 	 0.894002 	 2.275977
  678 	 0.313780 	 0.941845 	 1.654704
  679 	 0.130526 	 0.970622 	 3.202932
  680 	 0.537778 	 0.902452 	 1.928343
  681 	 0.293450 	 0.937663 	 2.982169
  682 	 0.468792 	 0.919624 	 1.346660
  683 	 0.131117 	 0.931209 	 2.007022
  684 	 0.036601 	 0.880941 	 1.484578
  685 	 0.039762 	 0.933982 	 2.976923
  686 	 0.591934 	 0.991894 	 4.142489
  687 	 0.280487 	 0.933242 	 4.088933
  688 	 0.230028 	 0.872931 	 1.255124
  689 	 0.232898 	 0.923504 	 2.060636
  690 	 0.519075 	 0.950264 	 2.299757
  691 	 0.364140 	 0.913285 	 2.284682
  692 	 0.354131 	 0.880516 	 1.381453
  693 	 0.401690 	 0.923871 	 1.757655
  694 	 0.280676 	 0.931631 	 1.789130
  695 	 0.509566 	 0.904951 	 1.648831
  696 	 0.501522 	 0.900560 	 2.059834
  697 	 0.539482 	 0.911115 	 1.399842
  698 	 0.441573 	 0.918599 	 1.415785
  699 	 0.623192 	 0.904751 	 1.343577
  700 	 0.041588 	 0.878872 	 1.547095
  701 	 0.037732 	 0.880366 	 1.207741
  702 	 0.037792 	 0.899525 	 1.756927
  703 	 0.041588 	 0.961643 	 4.123166
  704 	 0.147141 	 0.917878 	 3.201796
  705 	 0.129823 	 0.927973 	 4.058631
  706 	 0.107803 	 0.911400 	 2.841382
  707 	 0.105347 	 0.962346 	 2.988434
  708 	 0.054518 	 0.926158 	 3.198941
  709 	 0.313162 	 0.943224 	 3.224270
  710 	 0.130355 	 0.941489 	 3.856267
  711 	 0.036603 	 0.916981 	 1.930642
  712 	 0.107461 	 0.937679 	 2.983688
  713 	 0.468287 	 0.954340 	 4.142440
  714 	 0.107705 	 0.928199 	 3.202445
  715 	 0.230031 	 0.909023 	 1.485692
  716 	 0.101463 	 0.941115 	 3.199948
  717 	 0.253864 	 0.915644 	 2.299743
  718 	 0.280491 	 0.926056 	 3.265162
  719 	 0.041588 	 0.898501 	 2.180246
  720 	 0.288188 	 0.934650 	 2.060617
  721 	 0.364642 	 0.952980 	 4.058631
  722 	 0.369848 	 0.896209 	 2.028448
  723 	 0.234553 	 0.904073 	 1.756106
  724 	 0.130435 	 0.922256 	 1.740194
  725 	 0.509968 	 0.928103 	 2.276074
  726 	 0.036601 	 0.888336 	 2.982984
  727 	 0.107535 	 0.890402 	 1.399054
  728 	 0.313698 	 1.014975 	 4.142490
  729 	 0.036530 	 0.924346 	 3.201693
  730 	 0.230028 	 0.878745 	 1.928649
  731 	 0.280487 	 0.944603 	 4.143705
  732 	 0.280487 	 0.938490 	 2.016004
  733 	 0.041586 	 0.906444 	 2.060637
  734 	 0.364291 	 0.898996 	 2.060636
  735 	 0.441416 	 0.948213 	 4.058661
  736 	 0.388706 	 0.923092 	 1.757189
  737 	 0.234551 	 0.905385 	 1.547470
  738 	 0.036703 	 0.876088 	 1.684901
  739 	 0.518835 	 0.914948 	 2.276082
  740 	 0.501982 	 0.951124 	 4.140723
  741 	 0.403082 	 0.893314 	 1.381912
  742 	 0.230122 	 0.882591 	 1.414862
  743 	 0.450310 	 0.922520 	 1.645055
  744 	 0.106360 	 0.907301 	 1.385837
  745 	 0.524022 	 0.895342 	 1.526460
  746 	 0.280487 	 0.919607 	 3.213784
  747 	 0.130527 	 0.895285 	 1.372078
  748 	 0.292519 	 0.914006 	 2.060636
  749 	 0.566472 	 0.942829 	 2.982159
  750 	 0.130527 	 0.904816 	 2.010782
  751 	 0.040739 	 0.872493 	 1.296560
  752 	 0.279976 	 0.910166 	 2.284529
  753 	 0.054508 	 0.955602 	 2.874064
  754 	 0.280486 	 0.906529 	 2.062806
  755 	 0.279091 	 0.908975 	 3.856414
  756 	 0.280515 	 0.913253 	 2.060641
  757 	 0.246232 	 0.933819 	 2.066580
  758 	 0.441415 	 0.906320 	 2.060518
  759 	 0.108613 	 0.881307 	 1.806906
  760 	 0.107528 	 0.890327 	 1.373703
  761 	 0.041588 	 0.932546 	 3.190677
  762 	 0.633511 	 0.942959 	 3.201764
  763 	 0.294509 	 0.937318 	 4.058631
  764 	 0.293551 	 0.893475 	 1.192874
  765 	 0.234553 	 0.913760 	 2.002765
  766 	 0.036620 	 0.913915 	 2.006617
  767 	 0.330386 	 0.912759 	 2.276074
  768 	 0.103981 	 0.929618 	 4.142161
  769 	 0.107999 	 0.890864 	 1.868510
  770 	 0.106106 	 0.907660 	 3.238543
  771 	 0.106037 	 0.934612 	 3.196940
  772 	 0.290415 	 0.959392 	 3.216407
  773 	 0.293967 	 0.940248 	 3.217119
  774 	 0.107382 	 0.905788 	 2.019322
  775 	 0.292234 	 0.914919 	 2.004943
  776 	 0.449616 	 0.949600 	 3.203255
  777 	 0.452541 	 0.915459 	 2.011935
  778 	 0.293422 	 0.903563 	 1.528081
  779 	 0.451114 	 0.914898 	 1.521279
  780 	 0.278905 	 0.918581 	 2.007135
  781 	 0.130485 	 0.895117 	 1.524590
  782 	 0.452093 	 0.908224 	 2.067376
  783 	 0.507418 	 0.919423 	 2.982533
  784 	 0.440107 	 0.908324 	 1.522318
  785 	 0.107526 	 0.897801 	 1.404065
  786 	 0.578999 	 0.909655 	 1.550611
  787 	 0.621556 	 0.934739 	 3.201779
  788 	 0.569667 	 0.901229 	 1.275837
  789 	 0.293550 	 0.896879 	 1.210132
  790 	 0.036590 	 0.891722 	 1.146269
  791 	 0.706748 	 0.921969 	 2.006622
  792 	 0.280739 	 0.931911 	 4.142675
  793 	 0.452198 	 0.894754 	 1.097035
  794 	 0.230019 	 0.918871 	 2.059565
  795 	 0.106323 	 0.904647 	 1.522075
  796 	 0.441625 	 0.908986 	 2.299809
  797 	 0.579081 	 0.921674 	 3.214157
  798 	 0.399264 	 0.911435 	 1.546970
  799 	 0.036601 	 0.882921 	 1.275704
  800 	 0.570851 	 0.901018 	 1.655453
  801 	 0.675446 	 0.961497 	 4.142488
  802 	 0.537561 	 0.910265 	 1.289239
  803 	 0.230028 	 0.885430 	 1.136046
  804 	 0.041528 	 0.876813 	 1.347053
  805 	 0.366318 	 0.936986 	 2.299756
  806 	 0.036656 	 0.952537 	 4.059631
  807 	 0.399272 	 0.895306 	 1.750952
  808 	 0.218740 	 0.946489 	 4.141536
  809 	 0.324169 	 0.891589 	 1.655430
  810 	 0.230079 	 0.905465 	 2.361049
  811 	 0.315088 	 0.908339 	 1.890471
  812 	 0.280203 	 0.939956 	 2.299490
  813 	 0.280446 	 0.904446 	 1.923489
  814 	 0.399315 	 0.917417 	 2.061844
  815 	 0.036698 	 0.883758 	 2.060810
  816 	 0.042070 	 0.903883 	 1.655314
  817 	 0.279297 	 1.020816 	 4.140820
  818 	 0.537601 	 0.944418 	 4.050719
  819 	 0.230117 	 0.896036 	 2.065701
  820 	 0.234989 	 0.903789 	 1.346980
  821 	 0.440431 	 0.948601 	 2.299289
  822 	 0.107602 	 0.909435 	 2.273817
  823 	 0.399347 	 0.895799 	 1.549831
  824 	 0.403451 	 0.929971 	 3.201001
  825 	 0.523106 	 0.918094 	 1.655226
  826 	 0.036601 	 0.870372 	 1.644058
  827 	 0.280489 	 0.900091 	 1.373803
  828 	 0.540874 	 1.001623 	 4.142490
  829 	 0.518475 	 0.914155 	 2.060628
  830 	 0.230028 	 0.869399 	 1.341068
  831 	 0.041586 	 0.892314 	 1.382599
  832 	 0.036601 	 0.932323 	 2.299757
  833 	 0.280487 	 0.946323 	 4.058671
  834 	 0.040777 	 0.908897 	 4.142489
  835 	 0.234551 	 0.898329 	 2.060634
  836 	 0.230028 	 0.940321 	 2.981856
  837 	 0.280589 	 0.910446 	 2.276085
  838 	 0.280483 	 0.902630 	 2.299757
  839 	 0.089324 	 0.909423 	 2.060200
  840 	 0.280486 	 0.940633 	 2.060651
  841 	 0.441501 	 0.953861 	 3.399924
  842 	 0.441413 	 0.905015 	 2.060638
  843 	 0.277414 	 0.902890 	 1.547266
  844 	 0.107531 	 0.907519 	 1.547476
  845 	 0.130528 	 0.916699 	 2.073768
  846 	 0.570686 	 0.947258 	 3.201727
  847 	 0.107612 	 0.897001 	 2.982156
  848 	 0.293554 	 0.894827 	 1.289513
  849 	 0.313779 	 0.978149 	 3.200902
  850 	 0.280514 	 0.926222 	 2.006605
  851 	 0.293625 	 0.879998 	 1.928346
  852 	 0.452201 	 0.909384 	 2.060519
  853 	 0.267038 	 0.948868 	 2.006318
  854 	 0.441439 	 0.914041 	 1.522067
  855 	 0.452260 	 0.897681 	 2.119372
  856 	 0.579083 	 0.901014 	 1.547415
  857 	 0.036593 	 0.895670 	 1.521931
  858 	 0.036650 	 0.877750 	 1.210445
  859 	 0.036599 	 0.957288 	 4.142618
  860 	 0.365084 	 0.974473 	 4.141644
  861 	 0.230022 	 0.922224 	 4.142512
  862 	 0.230073 	 0.883023 	 1.754741
  863 	 0.041587 	 0.927472 	 2.299793
  864 	 0.510323 	 0.947712 	 2.299520
  865 	 0.399266 	 0.955056 	 4.058648
  866 	 0.123786 	 0.875016 	 1.398360
  867 	 0.234552 	 0.901741 	 1.547469
  868 	 0.623768 	 0.956915 	 3.043345
  869 	 0.107531 	 0.910005 	 2.276078
  870 	 0.298459 	 0.875797 	 1.206901
  871 	 0.041336 	 0.912643 	 3.201733
  872 	 0.519877 	 0.918677 	 1.987048
  873 	 0.108443 	 0.923878 	 4.062784
  874 	 0.280482 	 0.894197 	 1.379925
  875 	 0.036509 	 0.931623 	 3.192409
  876 	 0.631024 	 0.933056 	 2.060655
  877 	 0.108113 	 0.970241 	 4.144062
  878 	 0.280487 	 0.882803 	 1.196423
  879 	 0.105332 	 0.945430 	 3.195778
  880 	 0.363270 	 0.922498 	 2.060636
  881 	 0.294068 	 0.945239 	 3.224429
  882 	 0.441416 	 0.898068 	 1.760346
  883 	 0.041916 	 0.892402 	 2.004539
  884 	 0.508868 	 0.915299 	 1.547469
  885 	 0.037282 	 0.918126 	 2.014460
  886 	 0.036601 	 0.885995 	 1.193548
  887 	 0.450601 	 0.984411 	 4.130822
  888 	 0.372576 	 0.946712 	 4.142490
  889 	 0.230647 	 0.898693 	 1.525784
  890 	 0.108555 	 0.881677 	 1.731974
  891 	 0.280487 	 0.928412 	 2.296488
  892 	 0.363169 	 0.949411 	 3.191263
  893 	 0.345354 	 0.909617 	 2.060636
  894 	 0.294459 	 0.871343 	 1.760658
  895 	 0.036194 	 0.913083 	 1.817674
  896 	 0.508787 	 0.963008 	 2.002969
  897 	 0.494444 	 0.954296 	 4.149485
  898 	 0.452946 	 0.879044 	 1.401370
  899 	 0.229659 	 0.903836 	 1.430116
  900 	 0.280481 	 0.929500 	 1.520344
  901 	 0.036600 	 0.912765 	 2.301713
  902 	 0.579662 	 0.896802 	 2.060661
  903 	 0.107623 	 0.929583 	 4.142490
  904 	 0.109833 	 0.897536 	 1.274759
  905 	 0.230028 	 0.919539 	 3.200788
  906 	 0.021282 	 0.914081 	 3.178307
  907 	 0.258403 	 0.911945 	 2.299757
  908 	 0.036881 	 0.908474 	 4.423169
  909 	 0.271054 	 0.906037 	 2.158879
  910 	 0.216078 	 0.949399 	 4.137689
  911 	 0.405502 	 0.920974 	 2.101485
  912 	 0.230283 	 0.915665 	 2.375987
  913 	 0.274994 	 0.893514 	 1.638533
  914 	 0.387479 	 0.916694 	 2.298413
  915 	 0.542496 	 0.920471 	 1.717640
  916 	 0.363587 	 0.893916 	 1.688394
  917 	 0.520172 	 0.888158 	 1.338158
  918 	 0.528208 	 0.904522 	 1.759363
  919 	 0.648106 	 0.903245 	 1.379363
  920 	 0.265776 	 0.868566 	 1.364241
  921 	 0.285451 	 0.869395 	 1.172462
  922 	 0.105609 	 0.902098 	 2.125053
  923 	 0.280487 	 0.917688 	 2.039769
  924 	 0.276532 	 0.948796 	 2.422428
  925 	 0.284836 	 0.903494 	 2.060636
  926 	 0.041450 	 0.903995 	 2.077565
  927 	 0.036586 	 0.893992 	 2.042335
  928 	 0.106898 	 0.918112 	 4.060914
  929 	 0.036390 	 0.939913 	 4.142731
  930 	 0.234427 	 0.979928 	 3.208236
  931 	 0.041566 	 0.915100 	 4.146099
  932 	 0.275225 	 0.894593 	 2.276724
  933 	 0.124338 	 0.963188 	 4.058993
  934 	 0.269998 	 0.951665 	 2.083222
  935 	 0.041556 	 0.924832 	 3.038240
  936 	 0.437059 	 0.897884 	 2.106157
  937 	 0.299622 	 0.953042 	 4.059169
  938 	 0.432721 	 0.920209 	 1.557975
  939 	 0.036614 	 0.905006 	 1.982465
  940 	 0.356510 	 0.897990 	 1.568575
  941 	 0.457192 	 0.976834 	 4.142254
  942 	 0.036556 	 0.887193 	 1.781546
  943 	 0.041511 	 0.886295 	 1.510592
  944 	 0.503437 	 1.017708 	 4.143250
  945 	 0.041813 	 0.956253 	 4.059907
  946 	 0.041552 	 0.849288 	 1.411956
  947 	 0.107694 	 0.924346 	 4.054935
  948 	 0.106286 	 1.046112 	 4.059229
  949 	 0.107623 	 0.953339 	 3.200059
  950 	 0.106972 	 0.903606 	 3.214543
  951 	 0.107503 	 0.920170 	 3.200784
  952 	 0.292454 	 0.988248 	 3.207471
  953 	 0.293635 	 0.958380 	 3.202012
  954 	 0.293060 	 0.894295 	 2.011044
  955 	 0.293530 	 0.899612 	 2.006277
  956 	 0.396347 	 0.951063 	 2.008596
  957 	 0.041559 	 0.908779 	 2.006703
  958 	 0.451794 	 0.883887 	 1.663487
  959 	 0.452181 	 0.941564 	 4.059118
  960 	 0.535250 	 0.922481 	 1.523010
  961 	 0.103396 	 0.837693 	 1.275550
  962 	 0.518986 	 0.882660 	 1.351260
  963 	 0.675516 	 1.054934 	 3.244681
  964 	 0.130962 	 0.923598 	 1.381623
  965 	 0.289899 	 0.857743 	 1.135956
  966 	 0.108998 	 0.896695 	 2.978297
  967 	 0.102990 	 0.959777 	 2.021432
  968 	 0.295210 	 0.926906 	 3.186765
  969 	 0.114087 	 0.880435 	 3.248969
  970 	 0.107457 	 0.892498 	 1.999961
  971 	 0.041931 	 0.970641 	 3.135906
  972 	 0.284719 	 0.943408 	 3.202491
  973 	 0.104899 	 0.903750 	 4.053001
  974 	 0.293488 	 0.919314 	 2.042819
  975 	 0.234863 	 0.992907 	 3.228944
  976 	 0.444915 	 0.922687 	 2.006870
  977 	 0.041923 	 0.875707 	 2.274468
  978 	 0.036584 	 0.891249 	 1.539135
  979 	 0.403345 	 0.989076 	 4.053129
  980 	 0.107532 	 0.913338 	 1.783242
  981 	 0.234856 	 0.872063 	 1.644345
  982 	 0.280247 	 0.900101 	 3.201719
  983 	 0.364164 	 0.936737 	 2.274505
  984 	 0.293555 	 0.945246 	 2.061653
  985 	 0.403339 	 0.910565 	 1.757580
  986 	 0.441218 	 0.901673 	 2.006602
  987 	 0.041589 	 0.907126 	 1.644361
  988 	 0.281802 	 0.899720 	 1.547944
  989 	 0.274880 	 0.926063 	 4.058627
  990 	 0.036599 	 0.916467 	 2.055067
  991 	 0.234553 	 0.933698 	 2.084721
  992 	 0.041571 	 0.931469 	 4.142524
  993 	 0.041574 	 0.884579 	 2.276073
  994 	 0.036654 	 0.939917 	 4.058923
  995 	 0.273010 	 0.956461 	 4.058866
  996 	 0.234537 	 0.910591 	 2.299766
  997 	 0.234540 	 0.897461 	 2.092881
  998 	 0.399271 	 0.939655 	 2.276157
  999 	 0.435221 	 0.939734 	 2.276141
 