   0 	 -17.079940 	 0.079867 	 3.254740
    1 	 0.124947 	 0.299917 	 0.671508
    2 	 0.124935 	 0.303137 	 0.672224
    3 	 0.124941 	 0.360851 	 0.672224
    4 	 0.142211 	 0.416111 	 0.719654
    5 	 0.152475 	 0.490547 	 0.719654
    6 	 0.129529 	 0.516384 	 0.719654
    7 	 0.139218 	 0.545479 	 1.392579
    8 	 0.200431 	 0.558523 	 1.392579
    9 	 0.198711 	 0.565809 	 1.392579
   10 	 -1.842881 	 0.526918 	 1.392579
   11 	 0.164585 	 0.567047 	 1.392579
   12 	 0.158546 	 0.585136 	 1.392579
   13 	 0.198280 	 0.613577 	 1.440218
   14 	 0.142991 	 0.606172 	 1.440218
   15 	 0.142626 	 0.628705 	 1.445268
   16 	 0.197984 	 0.691103 	 1.445268
   17 	 0.145711 	 0.628261 	 1.899013
   18 	 0.144512 	 0.687208 	 1.899013
   19 	 -0.909725 	 0.712423 	 1.899013
   20 	 0.183452 	 0.962552 	 1.899013
   21 	 -1.872764 	 1.077382 	 2.134844
   22 	 -2.272619 	 1.199363 	 2.954012
   23 	 0.202430 	 1.342419 	 2.954012
   24 	 -2.150513 	 1.375533 	 2.954012
   25 	 0.188970 	 1.533309 	 2.968140
   26 	 0.187627 	 1.756383 	 3.388391
   27 	 0.188518 	 2.098950 	 3.388391
   28 	 0.168060 	 2.429357 	 3.388391
   29 	 0.207409 	 2.617542 	 3.407208
   30 	 1.147174 	 2.846055 	 3.407208
   31 	 0.187627 	 2.898531 	 3.407208
   32 	 0.207236 	 3.094788 	 6.187616
   33 	 1.434065 	 3.321173 	 8.583770
   34 	 0.167617 	 3.498978 	 8.583770
   35 	 0.207261 	 3.832693 	 8.832705
   36 	 0.207261 	 4.478600 	 12.032743
   37 	 2.686531 	 6.137644 	 42.757974
   38 	 -122.954109 	 4.993430 	 42.757974
   39 	 1.266782 	 11.768737 	 59.731476
   40 	 -207.474780 	 12.855392 	 118.452851
   41 	 -207.474780 	 33.327976 	 118.452851
   42 	 7.951382 	 50.830020 	 147.407001
   43 	 0.283090 	 64.915521 	 147.407001
   44 	 3.854535 	 84.843998 	 147.407001
   45 	 0.209023 	 106.436831 	 166.189236
   46 	 0.330794 	 123.315157 	 147.407001
   47 	 0.167392 	 128.381643 	 147.407001
   48 	 4.543445 	 135.871207 	 147.407001
   49 	 -38.197838 	 141.152615 	 147.407001
   50 	 0.145461 	 137.977935 	 147.407001
   51 	 0.145461 	 135.365394 	 147.407001
   52 	 -14.844102 	 141.837993 	 147.407001
   53 	 99.002434 	 146.112581 	 147.407001
   54 	 -50.731782 	 147.683807 	 370.458407
   55 	 147.407001 	 154.842047 	 370.458407
   56 	 0.417332 	 164.007767 	 370.458407
   57 	 0.330794 	 185.426404 	 370.458407
   58 	 4.111497 	 216.876914 	 370.458407
   59 	 -32.951992 	 258.597030 	 370.458407
   60 	 0.283431 	 308.213197 	 370.458407
   61 	 0.145485 	 347.865248 	 370.458407
   62 	 0.330428 	 352.117522 	 370.458407
   63 	 0.417601 	 349.728824 	 370.458407
   64 	 -42.011667 	 355.044600 	 370.458407
   65 	 -32.951992 	 352.290191 	 370.458407
   66 	 0.330428 	 352.945415 	 370.458407
   67 	 -32.951992 	 350.580958 	 370.458407
   68 	 -15.415461 	 352.956297 	 370.458407
   69 	 0.209063 	 361.150346 	 370.458407
 