   0 	 -3.596469 	 0.200612 	 5.384405
    1 	 0.126945 	 2.508366 	 142.110051
    2 	 -101.033945 	 76.026207 	 142.110051
    3 	 -51.056231 	 135.297850 	 142.110051
    4 	 20.736281 	 214.881412 	 6828.718939
    5 	 0.790485 	 1997.153256 	 6828.718939
    6 	 -206.494489 	 6000.254474 	 6828.718939
    7 	 -251.454047 	 6607.908131 	 6828.718939
    8 	 -75.947866 	 6676.127614 	 6828.718939
    9 	 -44.353814 	 6375.207721 	 6828.718939
   10 	 -44.353814 	 6752.351464 	 6828.718939
   11 	 -1421.428036 	 6661.751887 	 6828.718939
   12 	 -1421.428036 	 6661.178217 	 6828.718939
   13 	 -20.344429 	 7288.518372 	 74680.957976
   14 	 11.355543 	 14906.480920 	 74680.957976
   15 	 -1421.428036 	 44077.194511 	 74680.957976
   16 	 -1194.664938 	 71497.570206 	 74680.957976
   17 	 -44.484236 	 70617.503608 	 74680.957976
   18 	 144.767401 	 73852.778081 	 74680.957976
   19 	 -75.143800 	 68871.655786 	 74680.957976
   20 	 -593.437685 	 71375.509309 	 74680.957976
   21 	 3.596419 	 73031.653595 	 74680.957976
   22 	 -1194.664938 	 71351.894021 	 74680.957976
   23 	 110.331436 	 73025.836346 	 74680.957976
   24 	 0.166458 	 73851.171404 	 74680.957976
   25 	 6828.718939 	 73927.044209 	 74680.957976
   26 	 -593.437685 	 72188.230117 	 74680.957976
   27 	 -38.477713 	 70536.326510 	 74680.957976
   28 	 -1194.664938 	 73001.513325 	 74680.957976
   29 	 0.390260 	 73851.173891 	 74680.957976
   30 	 0.135595 	 72191.601798 	 74680.957976
   31 	 0.200858 	 73021.423324 	 74680.957976
   32 	 3.596419 	 73021.461053 	 74680.957976
   33 	 -243.840408 	 73094.546449 	 74680.957976
   34 	 -75.143800 	 69701.045812 	 74680.957976
   35 	 74680.957976 	 74680.957976 	 74680.957976
   36 	 0.796243 	 73021.970841 	 74680.957976
   37 	 11.306832 	 73024.736073 	 74680.957976
   38 	 -20.276408 	 70536.677627 	 74680.957976
   39 	 -44.484236 	 71402.638805 	 74680.957976
   40 	 0.166458 	 73851.171404 	 74680.957976
   41 	 1.631408 	 71368.280703 	 74680.957976
   42 	 -243.840408 	 73848.460216 	 74680.957976
   43 	 0.448454 	 72196.435529 	 74680.957976
   44 	 74680.957976 	 74680.957976 	 74680.957976
   45 	 1.294449 	 73851.183937 	 74680.957976
   46 	 -20.276408 	 73850.944261 	 74680.957976
   47 	 -38.477713 	 72190.910186 	 74680.957976
   48 	 -1194.664938 	 73837.895499 	 74680.957976
   49 	 0.135595 	 71406.595196 	 74680.957976
   50 	 0.200858 	 73851.171786 	 74680.957976
   51 	 74680.957976 	 74680.957976 	 74680.957976
   52 	 11.306832 	 73021.632395 	 74680.957976
   53 	 -20.276408 	 72231.173347 	 74680.957976
   54 	 -38.477713 	 72191.042666 	 74680.957976
   55 	 -1194.664938 	 71349.535828 	 74680.957976
   56 	 -20.276408 	 71421.556218 	 74680.957976
   57 	 290.637781 	 73029.717192 	 74680.957976
   58 	 0.166458 	 73851.171404 	 74680.957976
   59 	 0.390260 	 73021.650277 	 74680.957976
   60 	 74680.957976 	 74680.957976 	 74680.957976
   61 	 -44.484236 	 71364.553158 	 74680.957976
   62 	 -11.474731 	 69703.729801 	 74680.957976
   63 	 -593.437685 	 71365.484505 	 74680.957976
   64 	 0.292021 	 73021.510009 	 74680.957976
   65 	 144.767401 	 73026.218968 	 74680.957976
   66 	 290.637781 	 73854.398863 	 74680.957976
   67 	 0.135595 	 70572.612288 	 74680.957976
   68 	 0.211597 	 72231.278605 	 74680.957976
   69 	 0.200858 	 72231.540049 	 74680.957976
 