   0 	 0.123229 	 0.313674 	 2.254037
    1 	 -5.508085 	 0.556729 	 9.173085
    2 	 -74.046936 	 -0.204517 	 10.068739
    3 	 0.483159 	 0.741478 	 1.186498
    4 	 0.202999 	 0.753356 	 1.186498
    5 	 0.740118 	 0.799670 	 1.186498
    6 	 0.740118 	 0.829401 	 1.186498
    7 	 0.178235 	 0.884453 	 1.186498
    8 	 0.740118 	 0.945458 	 1.186498
    9 	 0.740118 	 1.059237 	 1.188716
   10 	 0.740118 	 1.083928 	 1.188716
   11 	 0.263255 	 1.085466 	 1.188716
   12 	 0.211034 	 1.115405 	 1.188716
   13 	 0.288323 	 1.150612 	 1.217292
   14 	 0.247762 	 1.151007 	 1.188716
   15 	 0.166316 	 1.174132 	 1.217292
   16 	 0.166233 	 1.175601 	 1.218662
   17 	 0.166316 	 1.164179 	 1.218662
   18 	 1.176706 	 1.186379 	 1.189256
   19 	 0.510047 	 1.177751 	 1.201418
   20 	 0.288323 	 1.174729 	 1.188716
   21 	 0.166316 	 1.167384 	 1.188716
   22 	 0.166357 	 1.172379 	 1.190838
   23 	 0.742619 	 1.178849 	 1.190838
   24 	 1.111260 	 1.183871 	 1.209236
   25 	 0.166383 	 1.165587 	 1.190838
   26 	 1.079042 	 1.175315 	 1.194783
   27 	 0.162010 	 1.153196 	 1.209236
   28 	 1.062714 	 1.176467 	 1.201418
   29 	 0.162312 	 1.158670 	 1.201418
   30 	 0.162312 	 1.156780 	 1.210712
   31 	 0.162312 	 1.144569 	 1.210712
   32 	 0.624226 	 1.159682 	 1.217292
   33 	 0.510047 	 1.166751 	 1.217292
   34 	 0.166316 	 1.157780 	 1.217292
   35 	 0.166316 	 1.158457 	 1.217292
   36 	 0.211778 	 1.152581 	 1.217292
   37 	 0.166316 	 1.149216 	 1.204436
   38 	 0.247762 	 1.156708 	 1.204436
   39 	 0.247762 	 1.167947 	 1.204436
   40 	 1.102868 	 1.184842 	 1.202622
   41 	 0.166316 	 1.169995 	 1.202622
   42 	 0.166288 	 1.158240 	 1.217292
   43 	 0.247762 	 1.169911 	 1.217292
   44 	 1.027333 	 1.179188 	 1.218662
   45 	 0.288323 	 1.168582 	 1.218662
   46 	 1.027333 	 1.175453 	 1.218662
   47 	 0.166316 	 1.159454 	 1.218662
   48 	 1.011347 	 1.174832 	 1.218662
   49 	 0.211034 	 1.168574 	 1.224733
   50 	 0.162312 	 1.157589 	 1.217292
   51 	 0.166316 	 1.157235 	 1.218662
   52 	 0.162119 	 1.157713 	 1.218662
   53 	 0.161818 	 1.146347 	 1.224733
   54 	 0.211034 	 1.163861 	 1.224733
   55 	 1.027333 	 1.182099 	 1.218662
   56 	 1.027333 	 1.182075 	 1.218662
   57 	 0.546137 	 1.180035 	 1.224733
   58 	 0.166383 	 1.175870 	 1.218662
   59 	 1.027333 	 1.185531 	 1.218662
   60 	 0.787285 	 1.183283 	 1.218662
   61 	 1.015367 	 1.183827 	 1.217292
   62 	 0.636212 	 1.178092 	 1.211901
   63 	 0.548018 	 1.176726 	 1.212518
   64 	 0.638604 	 1.184013 	 1.212518
   65 	 0.635880 	 1.174728 	 1.224733
   66 	 0.166383 	 1.166377 	 1.224733
   67 	 0.858674 	 1.181408 	 1.224733
   68 	 0.670562 	 1.185294 	 1.224733
   69 	 0.165018 	 1.172166 	 1.218662
 