   0 	 -4.641428 	 0.177545 	 1.208564
    1 	 -0.982387 	 0.267811 	 1.354110
    2 	 -9.393588 	 0.312096 	 4.676793
    3 	 -7.100464 	 1.203787 	 10.599568
    4 	 -28.152689 	 2.145996 	 77.408755
    5 	 -11.635479 	 24.422731 	 77.408755
    6 	 -15.074837 	 57.422201 	 77.408755
    7 	 1.208564 	 72.123733 	 109.684800
    8 	 77.408755 	 78.843246 	 109.684800
    9 	 0.432414 	 78.346576 	 109.684800
   10 	 0.276295 	 77.742520 	 109.684800
   11 	 77.408755 	 80.636359 	 109.684800
   12 	 0.224675 	 79.420136 	 109.684800
   13 	 -37.976741 	 75.605844 	 109.684800
   14 	 -6.725126 	 77.655664 	 109.684800
   15 	 -37.976741 	 77.903522 	 109.684800
   16 	 -0.549436 	 82.997762 	 109.684800
   17 	 77.408755 	 86.732946 	 109.684800
   18 	 -6.544644 	 87.094266 	 109.684800
   19 	 35.624062 	 94.182284 	 315.001865
   20 	 0.432414 	 105.260807 	 315.001865
   21 	 -1552.067412 	 -8.309472 	 315.001865
   22 	 0.276295 	 73.757650 	 77.408755
   23 	 -6.725126 	 72.300922 	 77.408755
   24 	 -1.382396 	 77.837623 	 315.001865
   25 	 0.432414 	 86.643106 	 315.001865
   26 	 -1.382396 	 111.416191 	 315.001865
   27 	 -6.725126 	 196.740567 	 315.001865
   28 	 -1552.067412 	 249.377952 	 315.001865
   29 	 0.210887 	 279.073376 	 315.001865
   30 	 -223.382986 	 302.884678 	 315.001865
   31 	 -0.496072 	 304.501620 	 315.001865
   32 	 0.163067 	 308.017172 	 315.001865
   33 	 315.001865 	 315.001865 	 315.001865
   34 	 -3.928818 	 307.965962 	 315.001865
   35 	 -3.928818 	 304.445466 	 315.001865
   36 	 0.163067 	 309.383126 	 315.001865
   37 	 -1.356616 	 305.351638 	 315.001865
   38 	 0.329069 	 308.180494 	 315.001865
   39 	 -3.928818 	 299.451206 	 315.001865
   40 	 0.163067 	 308.007292 	 315.001865
   41 	 -3.928818 	 307.914517 	 315.001865
   42 	 315.001865 	 315.001865 	 315.001865
   43 	 -27.574671 	 304.520843 	 315.001865
   44 	 -6.280599 	 298.267763 	 315.001865
   45 	 -1.356616 	 306.206924 	 315.001865
   46 	 -223.382986 	 305.527582 	 315.001865
   47 	 -13.079479 	 311.356517 	 315.001865
   48 	 -13.079479 	 304.361943 	 315.001865
   49 	 -27.574671 	 311.195459 	 315.001865
   50 	 -0.543064 	 307.999446 	 315.001865
   51 	 -13.079479 	 296.556897 	 315.001865
   52 	 -223.382986 	 297.418783 	 315.001865
   53 	 0.163067 	 298.547932 	 315.001865
   54 	 -1.842797 	 301.485431 	 315.001865
   55 	 -1552.067412 	 277.363445 	 315.001865
   56 	 -1.356616 	 306.468531 	 315.001865
   57 	 15.751262 	 311.676858 	 315.001865
   58 	 0.163067 	 308.015555 	 315.001865
   59 	 178.137572 	 313.481151 	 315.001865
   60 	 -1.356616 	 306.460002 	 315.001865
   61 	 0.276420 	 311.504916 	 315.001865
   62 	 -3.928818 	 301.572243 	 315.001865
   63 	 0.150529 	 302.988737 	 315.001865
   64 	 0.163067 	 302.728080 	 315.001865
   65 	 315.001865 	 315.001865 	 315.001865
   66 	 -1.356616 	 300.996773 	 315.001865
   67 	 -13.079479 	 307.868416 	 315.001865
   68 	 -0.543064 	 304.536581 	 315.001865
   69 	 0.210887 	 311.504187 	 315.001865
 