   0 	 0.127608 	 0.332669 	 10.005903
    1 	 -33.533378 	 1.237427 	 10.005903
    2 	 0.200662 	 10.599864 	 233.982425
    3 	 -476.769211 	 36.213927 	 233.982425
    4 	 -476.769211 	 193.149686 	 233.982425
    5 	 -1996.095468 	 198.942798 	 233.982425
    6 	 -9.875086 	 223.921578 	 372.486582
    7 	 0.356594 	 227.741425 	 372.486582
    8 	 -3.064476 	 234.426441 	 372.486582
    9 	 -270.573710 	 221.845439 	 372.486582
   10 	 137.556651 	 247.765400 	 372.486582
   11 	 -130.156320 	 243.722747 	 372.486582
   12 	 -9.732545 	 253.340161 	 372.486582
   13 	 -107.859597 	 259.934390 	 372.486582
   14 	 -47.484368 	 292.648164 	 843.707215
   15 	 0.209545 	 336.770541 	 843.707215
   16 	 0.167196 	 400.929619 	 843.707215
   17 	 134.266619 	 522.850181 	 843.707215
   18 	 2.686940 	 697.112438 	 843.707215
   19 	 2.686940 	 785.166568 	 843.707215
   20 	 -2.267972 	 798.130714 	 843.707215
   21 	 -19.724794 	 794.685591 	 843.707215
   22 	 2.686940 	 823.623486 	 843.707215
   23 	 0.356296 	 834.336649 	 843.707215
   24 	 -3.043012 	 824.956723 	 843.707215
   25 	 0.285129 	 822.272236 	 843.707215
   26 	 -192.498910 	 822.785478 	 843.707215
   27 	 843.707215 	 843.707215 	 843.707215
   28 	 -19.724794 	 834.113526 	 843.707215
   29 	 0.142607 	 825.015946 	 843.707215
   30 	 1.776333 	 825.007758 	 843.707215
   31 	 -44.157219 	 806.143462 	 843.707215
   32 	 0.699819 	 825.190414 	 843.707215
   33 	 -92.931406 	 817.101716 	 843.707215
   34 	 -3.043012 	 798.415413 	 843.707215
   35 	 -192.498910 	 804.041455 	 843.707215
   36 	 505.045365 	 839.944306 	 843.707215
   37 	 0.189662 	 825.762537 	 843.707215
   38 	 -2.267972 	 818.235009 	 843.707215
   39 	 -192.498910 	 825.476120 	 843.707215
   40 	 20.202543 	 829.321378 	 843.707215
   41 	 239.114741 	 833.226612 	 843.707215
   42 	 -192.498910 	 799.316171 	 843.707215
   43 	 10.153097 	 830.682593 	 843.707215
   44 	 2.913149 	 811.965492 	 843.707215
   45 	 0.423167 	 834.337392 	 843.707215
   46 	 2.686940 	 834.362545 	 843.707215
   47 	 0.167193 	 825.072836 	 843.707215
   48 	 0.699819 	 834.340466 	 843.707215
   49 	 -192.498910 	 832.193814 	 843.707215
   50 	 843.707215 	 843.707215 	 843.707215
   51 	 -9.573582 	 815.511744 	 843.707215
   52 	 229.201833 	 836.879378 	 843.707215
   53 	 0.189662 	 805.448386 	 843.707215
   54 	 -92.931406 	 811.598198 	 843.707215
   55 	 -192.498910 	 808.083896 	 843.707215
   56 	 0.142607 	 820.011237 	 843.707215
   57 	 -9.573582 	 815.483707 	 843.707215
   58 	 0.142607 	 815.589978 	 843.707215
   59 	 -2.267972 	 824.936925 	 843.707215
   60 	 -208.551958 	 793.874310 	 843.707215
   61 	 -192.498910 	 803.819593 	 843.707215
   62 	 0.209563 	 816.026723 	 843.707215
   63 	 20.202543 	 827.729326 	 843.707215
   64 	 -9.573582 	 824.745420 	 843.707215
   65 	 0.142607 	 815.592353 	 843.707215
   66 	 -2.267972 	 824.936134 	 843.707215
   67 	 843.707215 	 843.707215 	 843.707215
   68 	 -9.573582 	 811.846011 	 843.707215
   69 	 0.142607 	 810.729230 	 843.707215
 