   0 	 0.013251 	 0.086956 	 1.220704
    1 	 0.020135 	 0.357901 	 2.441407
    2 	 0.032859 	 0.921826 	 2.318565
    3 	 0.035571 	 1.128169 	 6.644225
    4 	 0.040188 	 0.834288 	 6.778053
    5 	 0.036366 	 0.816752 	 4.532409
    6 	 0.035982 	 1.076293 	 4.289503
    7 	 0.037274 	 1.378578 	 7.206388
    8 	 0.035864 	 1.505813 	 7.226390
    9 	 0.136822 	 1.291545 	 7.159505
   10 	 0.036295 	 1.249284 	 7.232550
   11 	 0.112094 	 1.140369 	 4.180223
   12 	 0.110436 	 1.408560 	 7.210052
   13 	 0.233502 	 1.243808 	 4.662134
   14 	 0.121903 	 1.138413 	 4.698440
   15 	 0.037007 	 1.046946 	 2.977060
   16 	 0.208297 	 1.253735 	 4.458261
   17 	 0.042261 	 1.179393 	 7.173226
   18 	 0.041815 	 1.018210 	 3.218570
   19 	 0.137445 	 1.111524 	 6.912700
   20 	 0.301117 	 1.239851 	 6.934099
   21 	 0.039473 	 1.114715 	 4.169354
   22 	 0.142116 	 0.969559 	 2.478211
   23 	 0.234096 	 1.102330 	 7.048532
   24 	 0.268104 	 1.137287 	 4.089708
   25 	 0.139842 	 1.038407 	 2.971804
   26 	 0.073117 	 0.926602 	 2.699028
   27 	 0.325287 	 1.034486 	 4.128103
   28 	 0.356961 	 1.125555 	 5.697455
   29 	 0.236379 	 0.994438 	 2.338155
   30 	 0.041975 	 0.911649 	 2.176938
   31 	 0.350858 	 1.018841 	 2.951780
   32 	 0.356145 	 1.177814 	 6.926398
   33 	 0.327420 	 0.973355 	 2.206248
   34 	 0.041959 	 0.925068 	 2.180810
   35 	 0.036801 	 0.984244 	 2.326554
   36 	 0.437980 	 1.168496 	 6.927178
   37 	 0.411700 	 1.085981 	 7.183860
   38 	 0.142256 	 0.921989 	 1.850550
   39 	 0.137245 	 0.968131 	 1.945147
   40 	 0.105562 	 1.070087 	 4.087369
   41 	 0.103169 	 1.011607 	 4.172844
   42 	 0.104008 	 0.995436 	 4.808576
   43 	 0.233905 	 1.019200 	 4.864538
   44 	 0.203626 	 1.090653 	 4.844765
   45 	 0.201331 	 0.985227 	 2.973492
   46 	 0.202136 	 0.961536 	 3.267700
   47 	 0.036433 	 0.961622 	 3.292383
   48 	 0.036586 	 1.024948 	 3.283683
   49 	 0.294570 	 1.113507 	 7.202916
   50 	 0.295326 	 1.017707 	 7.194951
   51 	 0.136887 	 0.971068 	 2.519084
   52 	 0.137036 	 1.000613 	 2.514290
   53 	 0.381463 	 1.035899 	 4.179087
   54 	 0.382162 	 0.982260 	 4.176479
   55 	 0.032886 	 0.959875 	 2.066699
   56 	 0.233706 	 0.982553 	 2.063718
   57 	 0.461021 	 1.056713 	 7.391725
   58 	 0.440816 	 0.967563 	 2.975250
   59 	 0.036690 	 0.932178 	 1.774871
   60 	 0.036671 	 0.961080 	 1.840887
   61 	 0.131973 	 1.115668 	 7.189604
   62 	 0.514592 	 1.034119 	 7.190544
   63 	 0.137137 	 0.973712 	 4.266705
   64 	 0.137119 	 0.959769 	 1.620766
   65 	 0.041732 	 0.986639 	 3.015645
   66 	 0.580327 	 0.982112 	 4.175035
   67 	 0.320714 	 1.082327 	 6.938068
   68 	 0.233785 	 0.956305 	 1.464714
   69 	 0.142036 	 0.971860 	 2.363430
   70 	 0.638116 	 0.984706 	 2.974552
   71 	 0.391039 	 1.011915 	 4.091048
   72 	 0.036694 	 0.940428 	 1.350410
   73 	 0.036590 	 0.963572 	 2.026591
   74 	 0.041549 	 1.037042 	 7.189354
   75 	 0.133554 	 1.049276 	 7.194750
   76 	 0.118178 	 1.005395 	 6.946912
   77 	 0.137040 	 0.991306 	 4.238108
   78 	 0.141858 	 1.000600 	 4.174645
   79 	 0.042003 	 0.977739 	 4.176413
   80 	 0.036713 	 0.949288 	 2.597101
   81 	 0.233710 	 1.096659 	 6.925043
   82 	 0.370439 	 1.101290 	 7.188382
   83 	 0.142299 	 0.959086 	 2.975219
   84 	 0.137159 	 0.941411 	 2.114885
   85 	 0.290375 	 1.029823 	 4.086647
   86 	 0.036619 	 1.032330 	 4.174327
   87 	 0.238718 	 0.970398 	 2.545984
   88 	 0.233824 	 1.035238 	 7.193255
   89 	 0.131738 	 0.999378 	 2.931538
   90 	 0.137068 	 0.967758 	 2.974209
   91 	 0.329605 	 0.992708 	 4.270976
   92 	 0.037284 	 0.991847 	 4.175923
   93 	 0.040876 	 0.978058 	 2.314789
   94 	 0.036655 	 1.064139 	 7.159018
   95 	 0.413704 	 1.060727 	 6.979536
   96 	 0.137714 	 1.101529 	 7.191393
   97 	 0.141204 	 0.964694 	 1.937595
   98 	 0.036673 	 0.990131 	 4.164684
   99 	 0.130365 	 1.000519 	 4.105016
  100 	 0.234352 	 1.113947 	 7.190438
  101 	 0.237676 	 1.002417 	 4.296180
  102 	 0.137121 	 0.965790 	 2.969543
  103 	 0.128260 	 0.970310 	 2.940522
  104 	 0.036691 	 1.029875 	 4.175000
  105 	 0.328631 	 1.010869 	 4.335380
  106 	 0.233787 	 1.028279 	 7.189533
  107 	 0.225338 	 0.972158 	 2.320015
  108 	 0.137138 	 0.996761 	 2.974535
  109 	 0.041035 	 0.937799 	 1.574958
  110 	 0.324999 	 0.991882 	 4.174704
  111 	 0.036630 	 1.104473 	 6.971817
  112 	 0.108171 	 0.961295 	 2.339735
  113 	 0.141358 	 1.015443 	 7.192698
  114 	 0.131157 	 0.952303 	 2.974392
  115 	 0.137078 	 1.038190 	 4.102421
  116 	 0.036350 	 1.025514 	 4.281611
  117 	 0.237822 	 0.969336 	 4.175741
  118 	 0.228102 	 1.095303 	 7.207202
  119 	 0.131545 	 1.018173 	 2.939254
  120 	 0.041680 	 0.979352 	 3.025703
  121 	 0.328768 	 0.996656 	 4.274507
  122 	 0.319683 	 1.102308 	 6.940600
  123 	 0.228472 	 0.994062 	 2.319278
  124 	 0.141985 	 0.963682 	 2.369204
  125 	 0.324178 	 0.968963 	 3.022317
  126 	 0.370598 	 1.028996 	 4.091903
  127 	 0.320029 	 0.994149 	 2.344239
  128 	 0.238419 	 0.971473 	 2.114175
  129 	 0.041737 	 0.945976 	 2.367261
  130 	 0.451146 	 0.999089 	 2.934111
  131 	 0.404914 	 1.048871 	 6.937827
  132 	 0.042122 	 0.944894 	 1.806533
  133 	 0.142041 	 0.948820 	 1.971166
  134 	 0.381432 	 1.042476 	 6.919349
  135 	 0.036672 	 0.972361 	 4.090967
  136 	 0.142415 	 0.958764 	 2.066833
  137 	 0.108711 	 1.089931 	 7.190528
  138 	 0.460992 	 1.004082 	 4.084721
  139 	 0.137119 	 1.049556 	 4.736836
  140 	 0.036698 	 0.917044 	 1.774961
  141 	 0.206644 	 1.007720 	 4.175030
  142 	 0.532662 	 1.111676 	 7.189145
  143 	 0.232864 	 1.006492 	 3.235782
  144 	 0.137145 	 0.915965 	 1.574648
  145 	 0.285052 	 0.976973 	 2.982722
  146 	 0.042152 	 1.038658 	 4.174577
  147 	 0.324136 	 0.986214 	 2.580961
  148 	 0.233810 	 0.986518 	 6.917927
  149 	 0.372667 	 0.948275 	 2.339743
  150 	 0.142444 	 0.978328 	 2.367639
  151 	 0.409476 	 0.977104 	 2.104966
  152 	 0.404852 	 0.972248 	 4.084239
  153 	 0.453029 	 0.960721 	 1.953596
  154 	 0.126753 	 0.979360 	 1.971407
  155 	 0.486382 	 0.979524 	 1.800411
  156 	 0.041694 	 0.989639 	 4.363903
  157 	 0.525538 	 0.948469 	 1.296268
  158 	 0.041685 	 1.035650 	 6.939888
  159 	 0.036523 	 0.954046 	 1.592513
  160 	 0.141999 	 1.043003 	 6.940331
  161 	 0.590001 	 1.039989 	 7.198243
  162 	 0.141990 	 0.996271 	 4.091663
  163 	 0.036675 	 0.934267 	 1.444250
  164 	 0.036662 	 0.971122 	 4.091812
  165 	 0.348981 	 1.090179 	 7.190384
  166 	 0.238424 	 1.081343 	 7.191020
  167 	 0.137122 	 0.932164 	 2.215421
  168 	 0.137110 	 1.009265 	 2.934067
  169 	 0.041593 	 1.037546 	 4.174983
  170 	 0.329330 	 1.022478 	 4.175191
  171 	 0.233788 	 0.999990 	 6.944794
  172 	 0.041684 	 0.979116 	 2.316261
  173 	 0.141900 	 1.017991 	 2.974527
  174 	 0.371741 	 1.059777 	 6.940383
  175 	 0.325000 	 0.965835 	 4.093319
  176 	 0.141989 	 0.977117 	 2.109079
  177 	 0.108803 	 0.975351 	 2.339730
  178 	 0.452186 	 1.009654 	 4.091830
  179 	 0.277674 	 0.998420 	 4.734782
  180 	 0.238423 	 0.953173 	 1.688133
  181 	 0.041686 	 0.948006 	 2.631066
  182 	 0.387429 	 0.979375 	 2.934075
  183 	 0.365836 	 1.086465 	 6.940313
  184 	 0.036491 	 0.939203 	 1.928204
  185 	 0.141991 	 0.942751 	 2.135675
  186 	 0.036600 	 1.134894 	 7.199903
  187 	 0.036829 	 1.056728 	 4.091806
  188 	 0.136943 	 1.012054 	 7.194219
  189 	 0.238424 	 1.016761 	 7.182384
  190 	 0.137050 	 1.049696 	 4.178101
  191 	 0.130706 	 1.009081 	 2.934064
  192 	 0.036695 	 0.961492 	 4.176239
  193 	 0.287792 	 1.009614 	 4.289896
  194 	 0.126311 	 1.087635 	 7.189340
  195 	 0.036689 	 0.983715 	 2.562838
  196 	 0.137141 	 0.980773 	 4.372321
  197 	 0.375201 	 1.108529 	 7.189611
  198 	 0.223478 	 1.042607 	 4.174640
  199 	 0.108172 	 0.953299 	 2.093798
  200 	 0.233807 	 0.948300 	 3.068636
  201 	 0.455332 	 1.082640 	 4.748969
  202 	 0.315354 	 1.032094 	 2.974361
  203 	 0.131701 	 0.948170 	 1.792974
  204 	 0.036796 	 0.924215 	 2.393750
  205 	 0.131467 	 1.048918 	 4.271665
  206 	 0.041677 	 1.070471 	 7.184091
  207 	 0.228620 	 0.998492 	 4.275932
  208 	 0.036716 	 1.015028 	 6.940734
  209 	 0.228397 	 1.023264 	 3.020962
  210 	 0.141982 	 1.105228 	 7.188226
  211 	 0.128544 	 0.970720 	 3.022997
  212 	 0.131473 	 0.957440 	 4.091948
  213 	 0.319959 	 1.041312 	 4.330045
  214 	 0.238416 	 1.033601 	 4.275832
  215 	 0.041573 	 0.915670 	 2.367651
  216 	 0.041792 	 0.928434 	 2.934133
  217 	 0.244241 	 1.234026 	 6.945747
  218 	 0.248392 	 1.184763 	 6.935200
  219 	 0.141881 	 0.930973 	 2.884829
  220 	 0.134279 	 0.938693 	 2.316300
  221 	 0.334758 	 1.124923 	 4.093640
  222 	 0.108098 	 1.080171 	 4.225136
  223 	 0.111312 	 0.921530 	 2.287500
  224 	 0.133025 	 0.978402 	 4.750643
  225 	 0.128044 	 1.072545 	 4.679198
  226 	 0.206056 	 1.075901 	 4.247642
  227 	 0.209135 	 1.007206 	 4.339452
  228 	 0.229883 	 0.950619 	 3.241949
  229 	 0.225131 	 1.027467 	 3.209910
  230 	 0.299012 	 1.020711 	 3.009484
  231 	 0.145325 	 0.941580 	 2.909242
  232 	 0.321349 	 0.971995 	 2.491207
  233 	 0.036674 	 1.037491 	 4.036733
  234 	 0.385563 	 0.997199 	 2.359888
  235 	 0.036738 	 0.989842 	 7.190386
  236 	 0.041683 	 0.945416 	 2.049333
  237 	 0.137122 	 1.131577 	 7.187126
  238 	 0.036674 	 1.047661 	 6.940460
  239 	 0.128242 	 0.956959 	 4.174983
  240 	 0.141988 	 1.011940 	 7.190385
  241 	 0.233788 	 1.103106 	 4.335729
  242 	 0.131463 	 0.992532 	 4.091856
  243 	 0.105662 	 0.907123 	 2.974527
  244 	 0.036674 	 1.002567 	 4.276006
  245 	 0.325000 	 1.151045 	 4.806264
  246 	 0.228394 	 1.078481 	 7.190385
  247 	 0.101345 	 0.886693 	 2.082996
  248 	 0.137122 	 0.969427 	 3.023032
  249 	 0.364578 	 1.153571 	 4.908105
  250 	 0.319956 	 1.070627 	 4.174983
  251 	 0.199581 	 0.908941 	 2.141428
  252 	 0.233788 	 0.950713 	 2.367672
  253 	 0.036798 	 1.062059 	 3.311469
  254 	 0.108062 	 1.014268 	 2.974527
  255 	 0.036755 	 1.021939 	 7.184024
  256 	 0.325000 	 1.031723 	 4.751445
  257 	 0.137242 	 1.104847 	 7.186201
  258 	 0.035895 	 0.984727 	 2.339730
  259 	 0.137201 	 0.972593 	 4.172898
  260 	 0.409479 	 1.066842 	 7.230931
  261 	 0.042170 	 1.013380 	 4.173611
  262 	 0.036363 	 0.952334 	 1.953588
  263 	 0.233863 	 1.079660 	 6.917050
  264 	 0.130284 	 1.085045 	 7.206503
  265 	 0.036675 	 0.966888 	 2.973863
  266 	 0.136819 	 1.036591 	 4.297677
  267 	 0.325070 	 1.138658 	 7.190385
  268 	 0.227269 	 1.019688 	 4.180260
  269 	 0.137122 	 0.954504 	 2.339347
  270 	 0.233500 	 0.993125 	 3.033347
  271 	 0.286097 	 1.048001 	 4.174983
  272 	 0.318903 	 0.997420 	 2.977078
  273 	 0.041684 	 0.955292 	 2.574023
  274 	 0.290126 	 0.977604 	 2.373587
  275 	 0.041674 	 1.070894 	 6.940398
  276 	 0.403879 	 0.994259 	 2.547600
  277 	 0.141989 	 1.024449 	 6.940895
  278 	 0.326096 	 0.946277 	 1.975193
  279 	 0.141979 	 1.007104 	 4.091835
  280 	 0.481326 	 1.004489 	 2.333743
  281 	 0.238423 	 1.025258 	 4.092003
  282 	 0.410485 	 0.939922 	 1.713132
  283 	 0.238413 	 0.978722 	 2.934078
  284 	 0.036675 	 0.952233 	 1.949755
  285 	 0.131837 	 0.986393 	 2.934160
  286 	 0.036596 	 1.051953 	 7.190384
  287 	 0.135708 	 0.987768 	 4.269170
  288 	 0.128716 	 1.045238 	 7.194468
  289 	 0.131464 	 1.027445 	 4.199780
  290 	 0.131471 	 1.050549 	 4.326823
  291 	 0.232440 	 1.004672 	 4.275986
  292 	 0.225773 	 1.048384 	 4.275863
  293 	 0.228395 	 0.996130 	 2.986497
  294 	 0.041695 	 0.987462 	 3.047170
  295 	 0.108172 	 0.973260 	 3.023022
  296 	 0.038333 	 1.073136 	 6.939841
  297 	 0.036701 	 1.013950 	 4.748960
  298 	 0.041684 	 1.071175 	 7.105648
  299 	 0.036680 	 1.063168 	 7.189031
  300 	 0.138734 	 1.078782 	 6.940383
  301 	 0.137147 	 1.077043 	 7.190111
  302 	 0.141989 	 1.031330 	 4.147073
  303 	 0.137127 	 0.997868 	 4.174539
  304 	 0.235323 	 1.020001 	 4.091830
  305 	 0.233812 	 1.029491 	 4.174893
  306 	 0.036660 	 0.989722 	 2.961003
  307 	 0.131681 	 0.953392 	 2.974312
  308 	 0.036666 	 1.043006 	 7.191157
  309 	 0.211395 	 1.040307 	 4.272025
  310 	 0.137107 	 1.071740 	 7.190807
  311 	 0.036637 	 0.988255 	 3.186795
  312 	 0.133222 	 0.998144 	 4.175236
  313 	 0.126969 	 1.080581 	 7.192337
  314 	 0.233774 	 1.058281 	 4.244075
  315 	 0.036247 	 0.993875 	 4.359786
  316 	 0.230071 	 0.966517 	 2.974649
  317 	 0.131473 	 1.095130 	 7.212538
  318 	 0.324987 	 1.022556 	 2.974594
  319 	 0.131490 	 0.995587 	 4.275818
  320 	 0.314525 	 0.956341 	 2.339801
  321 	 0.228403 	 1.033533 	 4.275520
  322 	 0.108172 	 0.967531 	 2.398510
  323 	 0.108096 	 0.968031 	 3.022942
  324 	 0.399854 	 1.020463 	 4.748959
  325 	 0.319965 	 1.055282 	 4.750688
  326 	 0.206128 	 0.969710 	 1.991023
  327 	 0.206054 	 0.960656 	 2.367620
  328 	 0.040922 	 0.978308 	 3.241198
  329 	 0.388739 	 1.017512 	 3.241969
  330 	 0.299079 	 1.035971 	 6.977299
  331 	 0.299010 	 0.939452 	 2.036083
  332 	 0.141249 	 0.953035 	 2.490790
  333 	 0.402499 	 0.993240 	 2.491218
  334 	 0.385625 	 1.005549 	 4.104264
  335 	 0.385562 	 0.954025 	 1.980594
  336 	 0.237718 	 0.964296 	 2.049073
  337 	 0.108182 	 0.981919 	 2.049340
  338 	 0.464798 	 0.990829 	 2.940155
  339 	 0.131068 	 1.000026 	 4.748732
  340 	 0.328671 	 0.959525 	 1.763053
  341 	 0.206137 	 1.010633 	 4.283239
  342 	 0.108170 	 0.967819 	 2.319802
  343 	 0.228017 	 0.965814 	 3.241097
  344 	 0.036433 	 0.987875 	 4.749019
  345 	 0.299088 	 1.005134 	 3.026478
  346 	 0.206125 	 1.056717 	 7.202912
  347 	 0.107174 	 0.954487 	 2.490733
  348 	 0.108717 	 0.950693 	 3.241225
  349 	 0.385634 	 1.027480 	 4.771579
  350 	 0.299077 	 1.060728 	 4.736713
  351 	 0.041684 	 0.916250 	 1.428799
  352 	 0.036674 	 0.909604 	 2.490804
  353 	 0.036685 	 1.099733 	 6.940398
  354 	 0.036785 	 1.134778 	 7.190393
  355 	 0.047272 	 1.008341 	 7.189854
  356 	 0.137122 	 1.000521 	 7.184665
  357 	 0.137132 	 1.113035 	 6.681262
  358 	 0.137229 	 1.059214 	 4.174986
  359 	 0.139019 	 0.959652 	 4.174809
  360 	 0.233788 	 0.944567 	 4.173108
  361 	 0.233797 	 1.051095 	 4.142174
  362 	 0.041606 	 1.022569 	 2.974528
  363 	 0.235595 	 0.944019 	 2.974443
  364 	 0.324999 	 1.033964 	 6.944151
  365 	 0.325008 	 1.022935 	 2.958624
  366 	 0.141913 	 1.003485 	 2.339731
  367 	 0.326688 	 0.946257 	 2.339682
  368 	 0.036681 	 0.975704 	 4.093102
  369 	 0.371549 	 1.000957 	 2.330523
  370 	 0.238351 	 1.071705 	 7.190073
  371 	 0.351800 	 0.944330 	 1.953557
  372 	 0.137128 	 0.979089 	 2.934698
  373 	 0.486392 	 1.000935 	 2.201672
  374 	 0.131669 	 1.008076 	 4.174881
  375 	 0.434014 	 0.927823 	 1.698394
  376 	 0.233793 	 1.020897 	 4.272249
  377 	 0.555311 	 1.002848 	 1.864231
  378 	 0.228590 	 0.979779 	 2.974477
  379 	 0.508484 	 0.924960 	 1.520425
  380 	 0.325005 	 0.989929 	 3.021240
  381 	 0.131662 	 0.959766 	 1.636972
  382 	 0.283026 	 0.969102 	 2.339702
  383 	 0.534056 	 0.989674 	 4.244520
  384 	 0.409483 	 0.992870 	 2.594529
  385 	 0.036666 	 0.952882 	 1.571200
  386 	 0.294575 	 0.929205 	 1.433420
  387 	 0.199037 	 1.044742 	 7.190843
  388 	 0.651118 	 1.029080 	 2.519049
  389 	 0.137113 	 0.998743 	 3.317440
  390 	 0.131277 	 0.916175 	 1.327108
  391 	 0.038974 	 0.993351 	 4.175133
  392 	 0.041684 	 1.020412 	 4.279411
  393 	 0.036509 	 1.020020 	 7.073415
  394 	 0.228216 	 1.038140 	 6.940398
  395 	 0.139357 	 0.991366 	 2.974599
  396 	 0.036774 	 0.984363 	 3.024655
  397 	 0.101145 	 0.956960 	 4.136383
  398 	 0.319790 	 1.072911 	 7.185226
  399 	 0.104836 	 1.069958 	 4.912914
  400 	 0.137219 	 0.970196 	 2.368603
  401 	 0.037088 	 0.978909 	 4.825416
  402 	 0.041752 	 1.016678 	 4.173292
  403 	 0.202930 	 1.110894 	 7.169070
  404 	 0.041685 	 1.019527 	 6.937121
  405 	 0.137524 	 0.955925 	 3.275147
  406 	 0.142055 	 1.050602 	 6.940343
  407 	 0.036692 	 1.023659 	 4.167989
  408 	 0.019901 	 0.991466 	 4.090729
  409 	 0.234171 	 1.067411 	 7.189475
  410 	 0.041387 	 1.067987 	 8.176558
  411 	 0.137139 	 0.993200 	 2.971143
  412 	 0.108032 	 1.056702 	 6.954714
  413 	 0.036667 	 0.991267 	 4.174685
  414 	 0.130724 	 1.034139 	 4.752122
  415 	 0.233804 	 1.069596 	 7.190793
  416 	 0.037134 	 1.045159 	 4.289569
  417 	 0.036684 	 0.956889 	 2.974383
  418 	 0.036643 	 1.061868 	 7.166715
  419 	 0.325015 	 1.096412 	 7.189891
  420 	 0.137568 	 1.033759 	 7.192020
  421 	 0.137131 	 0.944349 	 2.339647
  422 	 0.036469 	 1.064735 	 4.167215
  423 	 0.409493 	 1.037993 	 4.174821
  424 	 0.041652 	 1.052769 	 7.201033
  425 	 0.129336 	 0.931222 	 1.953535
  426 	 0.136922 	 1.100804 	 6.941946
  427 	 0.486397 	 1.049416 	 4.315261
  428 	 0.132670 	 0.985104 	 4.178471
  429 	 0.226364 	 0.930758 	 1.698379
  430 	 0.108161 	 1.056042 	 4.254053
  431 	 0.108035 	 0.997585 	 3.041693
  432 	 0.199443 	 1.021833 	 4.749216
  433 	 0.318057 	 0.965371 	 3.196570
  434 	 0.131567 	 1.021949 	 3.312977
  435 	 0.303125 	 0.973734 	 2.378365
  436 	 0.292793 	 1.016902 	 4.274106
  437 	 0.104782 	 0.957723 	 2.465939
  438 	 0.042355 	 0.990095 	 2.530405
  439 	 0.371530 	 0.985023 	 3.230160
  440 	 0.234126 	 1.056484 	 6.908219
  441 	 0.131919 	 0.949941 	 2.110016
  442 	 0.036537 	 0.985978 	 2.971538
  443 	 0.108172 	 1.017950 	 4.267680
  444 	 0.325316 	 1.076394 	 7.197499
  445 	 0.126858 	 0.989096 	 4.748972
  446 	 0.136988 	 0.982920 	 2.338002
  447 	 0.206127 	 1.067508 	 4.361888
  448 	 0.409769 	 1.018160 	 4.177314
  449 	 0.224000 	 0.971265 	 3.241203
  450 	 0.233660 	 0.960015 	 1.952482
  451 	 0.036668 	 0.998506 	 3.063726
  452 	 0.366766 	 0.985128 	 2.975654
  453 	 0.036675 	 1.016826 	 7.190738
  454 	 0.284392 	 0.962391 	 2.131441
  455 	 0.137115 	 1.127558 	 7.190371
  456 	 0.306007 	 0.972435 	 2.585367
  457 	 0.137122 	 0.971990 	 4.175099
  458 	 0.372056 	 0.992482 	 2.448539
  459 	 0.233781 	 1.039173 	 4.174979
  460 	 0.392013 	 0.940726 	 2.107677
  461 	 0.233788 	 0.937271 	 2.974583
  462 	 0.452473 	 0.998031 	 2.022602
  463 	 0.286814 	 1.044383 	 2.974525
  464 	 0.255118 	 0.937400 	 1.802214
  465 	 0.108332 	 0.932551 	 2.569281
  466 	 0.525041 	 1.018489 	 2.797063
  467 	 0.266593 	 1.099459 	 4.745371
  468 	 0.041169 	 0.910865 	 1.520643
  469 	 0.041687 	 0.936767 	 2.710081
  470 	 0.616127 	 1.093971 	 6.965263
  471 	 0.355558 	 1.121055 	 6.940224
  472 	 0.036404 	 0.904992 	 1.391737
  473 	 0.041728 	 0.917071 	 2.183606
  474 	 0.669283 	 1.116679 	 7.204395
  475 	 0.128497 	 1.101378 	 6.938264
  476 	 0.136859 	 0.904689 	 1.295869
  477 	 0.106288 	 1.025957 	 4.330925
  478 	 0.107906 	 1.011309 	 4.179571
  479 	 0.109856 	 1.144411 	 4.791836
  480 	 0.131492 	 1.029171 	 4.280408
  481 	 0.032145 	 1.036751 	 4.711286
  482 	 0.133073 	 1.016889 	 4.275484
  483 	 0.207741 	 1.181205 	 7.432429
  484 	 0.036675 	 1.042560 	 4.246773
  485 	 0.132717 	 1.015404 	 3.224339
  486 	 0.037289 	 1.041336 	 7.190368
  487 	 0.036878 	 1.066568 	 4.253199
  488 	 0.137122 	 1.080843 	 7.158772
  489 	 0.229590 	 1.042003 	 7.179884
  490 	 0.036672 	 0.980095 	 4.174977
  491 	 0.036668 	 1.013116 	 3.012142
  492 	 0.036638 	 1.122149 	 7.190530
  493 	 0.321074 	 1.165314 	 7.190699
  494 	 0.039699 	 1.020324 	 7.192275
  495 	 0.137116 	 0.984725 	 2.361417
  496 	 0.137086 	 1.086683 	 4.200440
  497 	 0.405874 	 1.065694 	 4.175086
  498 	 0.232405 	 0.983976 	 4.175602
  499 	 0.233782 	 0.968442 	 1.967441
  500 	 0.036674 	 1.030510 	 2.986815
  501 	 0.483129 	 1.021746 	 2.974577
  502 	 0.323707 	 1.041624 	 7.190386
  503 	 0.324994 	 0.949524 	 1.707858
  504 	 0.108192 	 0.989754 	 2.346829
  505 	 0.552408 	 1.006939 	 2.339759
  506 	 0.408292 	 1.043822 	 4.748514
  507 	 0.286117 	 0.936522 	 1.527166
  508 	 0.206147 	 0.979058 	 1.958128
  509 	 0.613660 	 1.014540 	 2.573890
  510 	 0.037077 	 0.985363 	 3.240999
  511 	 0.373652 	 0.932416 	 1.396530
  512 	 0.299097 	 1.046318 	 7.169656
  513 	 0.620656 	 0.992429 	 2.100612
  514 	 0.036371 	 0.943901 	 2.490679
  515 	 0.119697 	 0.908928 	 1.383018
  516 	 0.344794 	 1.151928 	 7.206088
  517 	 0.533700 	 1.123880 	 4.502535
  518 	 0.036620 	 0.908286 	 2.236163
  519 	 0.217158 	 0.924767 	 1.572080
  520 	 0.427613 	 1.127044 	 7.193201
  521 	 0.597200 	 1.053528 	 3.129318
  522 	 0.131530 	 0.917647 	 1.886746
  523 	 0.308824 	 0.923316 	 1.429387
  524 	 0.111876 	 1.063100 	 4.274772
  525 	 0.109854 	 1.046991 	 2.431762
  526 	 0.228458 	 0.973008 	 4.666878
  527 	 0.131480 	 0.955978 	 4.711328
  528 	 0.041684 	 1.025871 	 3.022444
  529 	 0.041699 	 1.046492 	 4.275702
  530 	 0.320016 	 1.041056 	 6.940370
  531 	 0.228409 	 1.082772 	 6.939679
  532 	 0.037084 	 0.975805 	 2.367334
  533 	 0.106730 	 1.016805 	 3.022887
  534 	 0.404902 	 1.089365 	 7.169259
  535 	 0.319971 	 1.056064 	 4.781705
  536 	 0.137520 	 0.966564 	 1.971212
  537 	 0.204746 	 0.996818 	 2.367588
  538 	 0.482250 	 1.026016 	 4.168051
  539 	 0.404860 	 1.007034 	 3.255781
  540 	 0.234167 	 0.960813 	 1.710424
  541 	 0.297780 	 0.981092 	 1.971375
  542 	 0.551625 	 0.997699 	 2.971173
  543 	 0.482212 	 0.983208 	 2.498874
  544 	 0.325354 	 0.955044 	 1.528992
  545 	 0.384427 	 0.966881 	 1.710535
  546 	 0.612973 	 0.981826 	 2.337790
  547 	 0.131475 	 0.953606 	 2.054117
  548 	 0.409804 	 0.950691 	 1.397871
  549 	 0.036996 	 1.025783 	 4.275790
  550 	 0.666546 	 0.970411 	 1.952346
  551 	 0.228405 	 1.020668 	 7.173776
  552 	 0.036677 	 0.938791 	 1.300481
  553 	 0.137435 	 1.007077 	 3.022929
  554 	 0.712819 	 1.044488 	 7.190246
  555 	 0.319966 	 0.977416 	 4.169534
  556 	 0.036682 	 0.907266 	 1.226665
  557 	 0.036674 	 0.961749 	 2.367612
  558 	 0.037945 	 1.057487 	 7.190008
  559 	 0.131496 	 1.072471 	 7.190405
  560 	 0.036713 	 0.975543 	 7.125279
  561 	 0.137121 	 1.022568 	 4.275408
  562 	 0.036792 	 1.166508 	 7.188393
  563 	 0.036652 	 0.986023 	 4.174990
  564 	 0.036709 	 1.000911 	 7.184301
  565 	 0.131075 	 1.068439 	 7.191544
  566 	 0.137236 	 1.189213 	 7.188609
  567 	 0.137100 	 0.989410 	 4.283108
  568 	 0.137155 	 0.942413 	 4.172988
  569 	 0.228024 	 1.025661 	 4.175363
  570 	 0.212542 	 1.103519 	 4.174401
  571 	 0.036658 	 0.974769 	 3.026416
  572 	 0.233820 	 0.965829 	 3.175187
  573 	 0.107963 	 1.068865 	 7.191240
  574 	 0.108032 	 1.040073 	 2.974245
  575 	 0.137106 	 0.999790 	 4.753677
  576 	 0.108173 	 1.001783 	 4.752120
  577 	 0.115394 	 0.983956 	 4.175263
  578 	 0.205994 	 1.037969 	 4.748942
  579 	 0.108123 	 1.064446 	 4.591501
  580 	 0.041459 	 0.987859 	 3.242608
  581 	 0.213042 	 1.024661 	 4.750061
  582 	 0.298953 	 1.110659 	 6.951261
  583 	 0.206081 	 1.017330 	 3.170150
  584 	 0.141770 	 0.980232 	 2.491572
  585 	 0.305572 	 0.995619 	 3.241690
  586 	 0.041685 	 1.033453 	 4.095500
  587 	 0.041685 	 0.980661 	 2.451147
  588 	 0.036674 	 1.024204 	 6.940344
  589 	 0.036696 	 1.054716 	 6.940359
  590 	 0.141990 	 1.094317 	 7.190417
  591 	 0.107698 	 1.048328 	 7.189270
  592 	 0.137121 	 0.981457 	 4.091817
  593 	 0.036055 	 1.027497 	 4.759685
  594 	 0.238424 	 1.030304 	 4.174994
  595 	 0.135624 	 1.100343 	 7.222580
  596 	 0.233787 	 0.965999 	 2.934069
  597 	 0.109193 	 1.011224 	 4.201255
  598 	 0.329330 	 0.997516 	 2.974532
  599 	 0.232361 	 1.106908 	 4.726049
  600 	 0.324999 	 0.946283 	 2.316262
  601 	 0.207106 	 1.003170 	 2.987208
  602 	 0.382248 	 1.009655 	 2.339733
  603 	 0.323666 	 1.036886 	 3.230956
  604 	 0.409478 	 0.943103 	 2.063353
  605 	 0.299998 	 1.010495 	 2.347056
  606 	 0.131476 	 0.994096 	 1.953590
  607 	 0.106527 	 0.982539 	 2.485101
  608 	 0.270681 	 0.986704 	 4.275768
  609 	 0.386473 	 1.078575 	 4.786366
  610 	 0.228406 	 0.992296 	 2.680384
  611 	 0.204551 	 0.964888 	 2.045520
  612 	 0.359352 	 0.968600 	 3.022919
  613 	 0.036628 	 0.987143 	 3.095508
  614 	 0.319967 	 0.973111 	 2.165663
  615 	 0.285479 	 1.095856 	 7.192788
  616 	 0.108829 	 0.898747 	 2.367606
  617 	 0.137077 	 0.989109 	 2.578123
  618 	 0.404857 	 1.154501 	 4.734200
  619 	 0.108338 	 1.020348 	 4.175771
  620 	 0.076754 	 0.889743 	 1.971386
  621 	 0.134634 	 1.027641 	 4.745228
  622 	 0.482210 	 1.161480 	 5.581780
  623 	 0.036485 	 0.996708 	 4.218806
  624 	 0.035580 	 0.890305 	 1.710542
  625 	 0.231417 	 1.192645 	 7.200191
  626 	 0.381260 	 1.152455 	 7.247400
  627 	 0.136938 	 0.967651 	 2.995653
  628 	 0.136058 	 0.908449 	 2.067569
  629 	 0.322783 	 1.084272 	 4.178195
  630 	 0.036675 	 1.056617 	 4.193607
  631 	 0.233612 	 0.948120 	 2.351926
  632 	 0.232774 	 1.067281 	 7.190376
  633 	 0.131463 	 1.019013 	 2.976080
  634 	 0.036749 	 1.000569 	 2.983521
  635 	 0.037309 	 0.969009 	 4.276003
  636 	 0.131472 	 1.084731 	 7.186526
  637 	 0.228394 	 1.117581 	 7.157727
  638 	 0.131473 	 0.996277 	 4.275846
  639 	 0.137739 	 0.940630 	 3.023030
  640 	 0.228402 	 1.040934 	 4.275816
  641 	 0.319956 	 1.064517 	 4.164259
  642 	 0.108311 	 0.984862 	 3.022955
  643 	 0.109500 	 0.920105 	 2.367671
  644 	 0.041559 	 1.004944 	 4.745836
  645 	 0.285188 	 1.047703 	 4.719211
  646 	 0.206261 	 1.076312 	 6.946425
  647 	 0.036673 	 0.947032 	 2.580059
  648 	 0.141868 	 1.016747 	 3.239804
  649 	 0.041678 	 1.096618 	 7.190437
  650 	 0.299204 	 1.019665 	 4.093869
  651 	 0.137121 	 1.024929 	 6.940685
  652 	 0.238307 	 0.992666 	 2.490016
  653 	 0.141983 	 1.037528 	 4.175000
  654 	 0.385741 	 0.993146 	 2.935073
  655 	 0.233787 	 0.983718 	 4.091932
  656 	 0.329221 	 0.976898 	 2.048590
  657 	 0.041718 	 0.980951 	 2.974535
  658 	 0.464902 	 0.977130 	 2.316847
  659 	 0.297838 	 1.050177 	 6.938754
  660 	 0.286277 	 0.951480 	 1.762728
  661 	 0.037465 	 1.005469 	 2.498510
  662 	 0.536156 	 1.002507 	 2.572832
  663 	 0.384481 	 1.078645 	 7.149748
  664 	 0.036791 	 0.922157 	 1.566033
  665 	 0.131497 	 0.957799 	 2.053890
  666 	 0.108172 	 1.033847 	 7.184373
  667 	 0.035248 	 1.015531 	 4.275381
  668 	 0.108179 	 1.023659 	 4.748961
  669 	 0.104536 	 1.108261 	 7.264920
  670 	 0.133701 	 1.075848 	 4.748807
  671 	 0.135735 	 1.037885 	 4.832415
  672 	 0.206134 	 1.030905 	 4.235466
  673 	 0.202642 	 1.028609 	 4.199305
  674 	 0.127828 	 1.012916 	 3.241130
  675 	 0.036636 	 0.970665 	 3.278237
  676 	 0.041694 	 1.020327 	 4.343518
  677 	 0.295802 	 1.119341 	 4.319381
  678 	 0.108377 	 1.049078 	 6.939889
  679 	 0.226153 	 0.953486 	 2.511286
  680 	 0.141999 	 1.037558 	 4.744340
  681 	 0.382601 	 1.056415 	 3.043646
  682 	 0.206324 	 1.004086 	 4.091663
  683 	 0.127172 	 0.940556 	 2.061849
  684 	 0.238432 	 1.001680 	 3.239136
  685 	 0.462054 	 1.061303 	 4.355930
  686 	 0.132001 	 0.959015 	 2.933994
  687 	 0.036674 	 0.925499 	 1.771623
  688 	 0.284855 	 1.058360 	 4.266190
  689 	 0.533611 	 1.102282 	 7.190396
  690 	 0.228907 	 0.961520 	 2.582275
  691 	 0.108172 	 0.885917 	 1.572299
  692 	 0.372485 	 1.037254 	 3.018349
  693 	 0.131634 	 1.187330 	 4.748960
  694 	 0.131569 	 0.935621 	 2.105774
  695 	 0.035673 	 0.919645 	 4.272874
  696 	 0.036672 	 1.046071 	 4.274077
  697 	 0.228557 	 1.206907 	 7.242545
  698 	 0.228494 	 0.973427 	 4.798835
  699 	 0.036562 	 0.910036 	 3.021539
  700 	 0.204030 	 1.028095 	 3.022112
  701 	 0.320109 	 1.186074 	 7.196193
  702 	 0.320050 	 0.975240 	 3.263385
  703 	 0.137013 	 0.908738 	 2.366815
  704 	 0.126920 	 0.995079 	 2.367144
  705 	 0.381523 	 1.090375 	 4.176886
  706 	 0.404933 	 0.997607 	 4.360716
  707 	 0.041652 	 0.914340 	 2.066442
  708 	 0.036692 	 0.952659 	 1.730724
  709 	 0.036992 	 1.088508 	 6.941955
  710 	 0.131124 	 1.094884 	 7.189470
  711 	 0.141958 	 1.051637 	 7.174005
  712 	 0.129447 	 0.979214 	 4.282206
  713 	 0.137430 	 1.030111 	 4.092361
  714 	 0.228071 	 1.035215 	 4.313184
  715 	 0.036674 	 0.970971 	 4.169610
  716 	 0.226471 	 0.956469 	 3.025986
  717 	 0.131357 	 1.088642 	 7.190402
  718 	 0.108147 	 1.007417 	 3.040709
  719 	 0.137122 	 0.997898 	 4.277938
  720 	 0.318156 	 1.078572 	 4.749526
  721 	 0.228293 	 1.030590 	 4.174989
  722 	 0.137855 	 0.952439 	 2.377802
  723 	 0.233787 	 0.937596 	 3.023953
  724 	 0.403193 	 1.102826 	 4.162237
  725 	 0.319862 	 1.065655 	 2.974530
  726 	 0.234487 	 0.942787 	 1.977875
  727 	 0.324999 	 0.931298 	 2.368200
  728 	 0.106587 	 1.028027 	 2.968358
  729 	 0.108219 	 1.010656 	 2.339732
  730 	 0.108113 	 1.023037 	 4.784986
  731 	 0.036592 	 0.984730 	 4.747902
  732 	 0.204608 	 1.040269 	 4.750294
  733 	 0.036657 	 1.110623 	 7.194646
  734 	 0.206071 	 0.957588 	 3.257239
  735 	 0.137042 	 1.057217 	 7.191285
  736 	 0.125023 	 1.024278 	 3.241794
  737 	 0.137105 	 1.041893 	 4.176379
  738 	 0.299026 	 0.992690 	 4.397100
  739 	 0.233712 	 1.009983 	 4.175278
  740 	 0.222247 	 1.008313 	 2.491120
  741 	 0.036619 	 0.999463 	 2.975202
  742 	 0.130636 	 0.953875 	 3.080268
  743 	 0.298574 	 1.092052 	 7.193271
  744 	 0.284954 	 1.063267 	 4.291187
  745 	 0.137068 	 0.997771 	 2.493925
  746 	 0.227604 	 0.945416 	 2.581615
  747 	 0.131473 	 0.985985 	 4.175929
  748 	 0.110419 	 1.027285 	 3.030261
  749 	 0.233736 	 1.036157 	 4.275818
  750 	 0.036674 	 0.960332 	 4.698816
  751 	 0.108378 	 0.961974 	 2.974984
  752 	 0.208281 	 1.110544 	 7.190386
  753 	 0.036694 	 1.057329 	 4.744330
  754 	 0.036563 	 0.919698 	 3.218739
  755 	 0.206325 	 1.026438 	 7.189397
  756 	 0.301102 	 1.208938 	 7.196162
  757 	 0.137140 	 1.010431 	 3.239131
  758 	 0.102560 	 0.907383 	 2.478305
  759 	 0.299264 	 1.007139 	 4.174659
  760 	 0.035983 	 1.117571 	 4.878997
  761 	 0.136051 	 0.973648 	 2.489642
  762 	 0.200747 	 0.982262 	 7.226303
  763 	 0.385796 	 1.024591 	 4.193724
  764 	 0.133671 	 1.045007 	 3.298730
  765 	 0.131430 	 0.955424 	 2.048356
  766 	 0.294020 	 0.991805 	 4.236016
  767 	 0.464953 	 1.034334 	 4.276615
  768 	 0.036774 	 0.965603 	 2.522577
  769 	 0.228362 	 0.943160 	 1.762572
  770 	 0.041508 	 1.127272 	 7.185233
  771 	 0.125005 	 1.020879 	 3.023322
  772 	 0.041687 	 1.025616 	 6.948889
  773 	 0.036628 	 0.969408 	 4.397434
  774 	 0.141818 	 1.110221 	 6.940252
  775 	 0.217286 	 1.064487 	 7.192789
  776 	 0.141992 	 0.963419 	 4.094700
  777 	 0.135179 	 0.949107 	 3.128071
  778 	 0.238260 	 1.051920 	 4.091786
  779 	 0.041684 	 1.003925 	 4.209121
  780 	 0.238425 	 0.968856 	 2.935479
  781 	 0.231937 	 1.024162 	 6.940406
  782 	 0.329177 	 1.010951 	 2.934054
  783 	 0.141989 	 0.978986 	 2.990996
  784 	 0.329332 	 0.962012 	 2.317083
  785 	 0.323269 	 1.010383 	 4.091838
  786 	 0.413311 	 0.994768 	 2.316254
  787 	 0.036675 	 0.950015 	 2.349241
  788 	 0.413453 	 0.957143 	 1.939069
  789 	 0.407890 	 1.089894 	 7.190379
  790 	 0.478322 	 0.979949 	 1.938536
  791 	 0.036729 	 0.919977 	 1.959669
  792 	 0.431582 	 0.950605 	 1.721994
  793 	 0.270236 	 1.122972 	 7.187543
  794 	 0.548127 	 0.982965 	 1.872721
  795 	 0.041710 	 0.918639 	 2.683583
  796 	 0.041684 	 0.930343 	 1.537214
  797 	 0.041722 	 1.112180 	 6.939161
  798 	 0.609900 	 1.059559 	 6.940399
  799 	 0.092336 	 1.107915 	 6.938562
  800 	 0.141989 	 0.930206 	 1.403904
  801 	 0.110381 	 1.056281 	 5.135163
  802 	 0.379072 	 1.010319 	 4.091835
  803 	 0.190928 	 1.064285 	 4.699659
  804 	 0.238422 	 0.946240 	 2.076964
  805 	 0.208244 	 1.017524 	 3.409146
  806 	 0.458849 	 0.990012 	 2.934078
  807 	 0.041895 	 1.004946 	 3.219118
  808 	 0.036990 	 0.929503 	 1.781739
  809 	 0.301067 	 1.087509 	 6.930248
  810 	 0.036670 	 1.047055 	 7.174089
  811 	 0.142194 	 0.967019 	 2.478516
  812 	 0.137429 	 1.005910 	 7.190620
  813 	 0.108240 	 1.036698 	 4.088407
  814 	 0.137117 	 0.991012 	 4.169637
  815 	 0.238618 	 0.983425 	 4.747427
  816 	 0.135395 	 0.955884 	 4.175060
  817 	 0.206193 	 1.014271 	 2.932400
  818 	 0.233784 	 1.007037 	 4.205298
  819 	 0.329511 	 0.953617 	 3.240514
  820 	 0.232143 	 0.978392 	 2.974564
  821 	 0.036629 	 1.011894 	 2.315291
  822 	 0.314528 	 0.989224 	 2.989155
  823 	 0.131254 	 1.005131 	 7.192754
  824 	 0.323462 	 0.967103 	 2.398493
  825 	 0.137077 	 1.049105 	 4.279832
  826 	 0.399857 	 0.975367 	 2.348179
  827 	 0.228194 	 0.965898 	 4.175759
  828 	 0.041013 	 0.946963 	 1.991012
  829 	 0.233745 	 1.015694 	 3.024855
  830 	 0.285986 	 1.031419 	 6.972866
  831 	 0.319769 	 0.944975 	 2.974902
  832 	 0.037590 	 0.933993 	 1.723873
  833 	 0.125823 	 1.005706 	 2.368718
  834 	 0.543822 	 1.073094 	 7.143359
  835 	 0.404675 	 0.979260 	 4.381674
  836 	 0.131192 	 0.914197 	 1.547454
  837 	 0.223011 	 0.964075 	 1.972094
  838 	 0.036742 	 1.085068 	 4.280969
  839 	 0.108597 	 0.987699 	 3.073031
  840 	 0.228135 	 1.010300 	 7.186915
  841 	 0.108329 	 0.984573 	 4.739409
  842 	 0.137187 	 1.020958 	 3.025397
  843 	 0.140686 	 1.006587 	 4.745419
  844 	 0.319714 	 0.979894 	 4.173845
  845 	 0.036678 	 0.982715 	 4.113771
  846 	 0.233850 	 0.970387 	 2.369029
  847 	 0.237182 	 1.049483 	 7.190202
  848 	 0.135740 	 0.962393 	 2.973977
  849 	 0.042659 	 0.959642 	 2.944796
  850 	 0.041693 	 1.004353 	 4.199209
  851 	 0.036669 	 1.066706 	 6.893733
  852 	 0.232471 	 1.043666 	 6.939971
  853 	 0.070654 	 1.031941 	 7.190665
  854 	 0.141998 	 0.987674 	 2.986222
  855 	 0.041654 	 1.060187 	 5.778537
  856 	 0.131321 	 0.982488 	 4.091691
  857 	 0.167131 	 1.054295 	 6.941818
  858 	 0.042030 	 0.981761 	 2.975119
  859 	 0.141960 	 0.998387 	 2.926339
  860 	 0.142642 	 1.032013 	 6.923750
  861 	 0.126918 	 0.992791 	 4.092314
  862 	 0.126422 	 0.997923 	 4.080938
  863 	 0.108126 	 1.012579 	 4.360747
  864 	 0.131455 	 1.055666 	 4.370208
  865 	 0.041453 	 0.974449 	 3.195647
  866 	 0.036567 	 0.977606 	 4.276157
  867 	 0.131438 	 1.046520 	 6.951536
  868 	 0.228386 	 1.138501 	 7.195941
  869 	 0.141765 	 1.014041 	 4.276463
  870 	 0.137017 	 0.974323 	 3.023104
  871 	 0.108092 	 0.955574 	 4.095592
  872 	 0.290751 	 1.019093 	 3.021093
  873 	 0.238209 	 1.049464 	 4.750761
  874 	 0.132445 	 0.955637 	 2.543548
  875 	 0.190014 	 0.944540 	 2.935916
  876 	 0.036981 	 1.055750 	 4.258132
  877 	 0.035826 	 1.015694 	 3.419804
  878 	 0.229330 	 1.044666 	 7.174569
  879 	 0.283913 	 1.072089 	 7.234508
  880 	 0.137420 	 1.025670 	 3.014501
  881 	 0.136297 	 0.984974 	 2.588573
  882 	 0.320832 	 0.986774 	 4.169795
  883 	 0.371613 	 1.002420 	 4.189406
  884 	 0.234072 	 1.014575 	 2.362772
  885 	 0.233002 	 1.001798 	 2.109647
  886 	 0.139163 	 0.949593 	 2.972017
  887 	 0.452070 	 0.976133 	 2.981495
  888 	 0.325265 	 1.030483 	 4.139707
  889 	 0.324265 	 0.982690 	 1.803524
  890 	 0.235732 	 0.939747 	 2.338279
  891 	 0.524680 	 0.967117 	 2.343757
  892 	 0.409722 	 1.027063 	 2.957425
  893 	 0.036665 	 0.956422 	 1.594693
  894 	 0.127608 	 0.917729 	 1.952659
  895 	 0.385191 	 1.047564 	 7.190878
  896 	 0.036790 	 1.066915 	 4.347668
  897 	 0.129822 	 0.961005 	 2.050898
  898 	 0.224716 	 0.989020 	 7.184401
  899 	 0.464404 	 0.988869 	 2.581816
  900 	 0.137234 	 1.035426 	 3.057022
  901 	 0.034604 	 0.948995 	 1.494313
  902 	 0.316514 	 0.957403 	 4.173021
  903 	 0.626287 	 1.035546 	 7.299065
  904 	 0.233895 	 0.992735 	 2.387126
  905 	 0.135108 	 0.945080 	 1.372332
  906 	 0.036678 	 0.941528 	 2.973578
  907 	 0.284545 	 0.950618 	 1.835845
  908 	 0.105391 	 1.084766 	 7.190220
  909 	 0.424543 	 0.960453 	 2.584345
  910 	 0.108069 	 0.970586 	 4.812517
  911 	 0.042617 	 0.928705 	 1.617258
  912 	 0.036673 	 1.071926 	 4.751288
  913 	 0.112647 	 1.071286 	 6.895715
  914 	 0.131932 	 1.118714 	 7.190440
  915 	 0.089364 	 0.958196 	 4.650141
  916 	 0.036666 	 1.022949 	 4.267451
  917 	 0.210414 	 1.117150 	 5.214736
  918 	 0.228841 	 1.208949 	 7.190801
  919 	 0.108265 	 0.931619 	 3.196789
  920 	 0.036666 	 0.977205 	 3.018951
  921 	 0.303105 	 1.130381 	 4.746880
  922 	 0.320374 	 1.205362 	 7.190807
  923 	 0.206216 	 0.917881 	 2.466062
  924 	 0.137114 	 0.970696 	 2.365329
  925 	 0.389338 	 1.081716 	 3.240270
  926 	 0.405231 	 1.099161 	 4.175121
  927 	 0.299162 	 0.919739 	 2.033602
  928 	 0.233780 	 0.955974 	 1.969935
  929 	 0.354602 	 1.035437 	 2.490274
  930 	 0.130520 	 1.024445 	 2.974594
  931 	 0.130101 	 0.900037 	 2.188174
  932 	 0.324993 	 0.992170 	 4.293322
  933 	 0.036561 	 1.098328 	 4.301063
  934 	 0.136957 	 0.984867 	 2.339769
  935 	 0.227094 	 0.943136 	 4.143172
  936 	 0.392994 	 1.010719 	 4.177865
  937 	 0.235539 	 1.046398 	 3.034956
  938 	 0.233630 	 0.979861 	 2.018596
  939 	 0.133654 	 0.924499 	 2.959109
  940 	 0.295190 	 0.961874 	 2.975920
  941 	 0.036683 	 1.018930 	 4.236326
  942 	 0.324852 	 1.008249 	 2.515154
  943 	 0.230482 	 1.143717 	 7.189963
  944 	 0.103242 	 0.948258 	 2.340536
  945 	 0.137130 	 0.987052 	 3.004063
  946 	 0.371601 	 1.018584 	 4.862819
  947 	 0.321910 	 1.038776 	 4.174845
  948 	 0.201401 	 0.958336 	 2.109699
  949 	 0.233795 	 0.976931 	 2.356769
  950 	 0.041019 	 0.977342 	 3.291627
  951 	 0.406641 	 1.009026 	 2.974460
  952 	 0.036624 	 1.023873 	 6.972563
  953 	 0.108169 	 0.957168 	 1.964477
  954 	 0.108337 	 1.039240 	 7.192980
  955 	 0.483822 	 1.034896 	 4.749040
  956 	 0.137073 	 1.031759 	 4.745249
  957 	 0.115932 	 0.942624 	 1.705839
  958 	 0.206286 	 0.980364 	 4.175833
  959 	 0.282998 	 1.050907 	 4.580174
  960 	 0.036674 	 0.977729 	 3.239542
  961 	 0.128091 	 0.930708 	 2.594721
  962 	 0.299227 	 1.159743 	 7.190422
  963 	 0.370766 	 1.104147 	 4.338566
  964 	 0.131151 	 0.953884 	 2.489870
  965 	 0.225176 	 0.923210 	 2.113424
  966 	 0.036652 	 1.075078 	 4.281716
  967 	 0.451299 	 1.065948 	 3.052724
  968 	 0.228096 	 1.035020 	 7.191534
  969 	 0.316945 	 0.927741 	 1.806034
  970 	 0.041705 	 1.005763 	 3.025753
  971 	 0.523990 	 1.032269 	 2.384672
  972 	 0.286714 	 1.034781 	 4.175359
  973 	 0.394568 	 0.918869 	 1.596450
  974 	 0.233767 	 0.996219 	 2.569943
  975 	 0.588634 	 1.016940 	 2.012202
  976 	 0.041574 	 1.006101 	 2.974709
  977 	 0.041504 	 0.888913 	 1.447107
  978 	 0.259056 	 1.051800 	 6.945710
  979 	 0.645366 	 1.149320 	 6.949052
  980 	 0.141882 	 0.981811 	 2.766588
  981 	 0.141815 	 0.894980 	 1.337316
  982 	 0.348555 	 1.029335 	 4.093628
  983 	 0.118537 	 1.025377 	 3.013679
  984 	 0.041711 	 0.958274 	 2.217516
  985 	 0.320916 	 0.952746 	 4.526183
  986 	 0.431050 	 1.108037 	 6.939085
  987 	 0.216049 	 1.004237 	 2.362300
  988 	 0.037309 	 0.934098 	 1.874589
  989 	 0.405729 	 0.952937 	 3.140221
  990 	 0.371063 	 1.122182 	 7.157728
  991 	 0.036676 	 0.965073 	 1.968004
  992 	 0.137739 	 0.945675 	 2.112097
  993 	 0.482997 	 1.067709 	 7.190296
  994 	 0.451570 	 1.050974 	 4.164260
  995 	 0.137124 	 0.947826 	 1.708241
  996 	 0.234375 	 0.941307 	 1.805152
  997 	 0.552291 	 1.027431 	 4.174954
  998 	 0.107739 	 1.006566 	 2.969337
  999 	 0.233789 	 0.944949 	 1.527439
 