   0 	 0.125522 	 0.241386 	 1.348144
    1 	 0.127304 	 0.263564 	 1.293776
    2 	 -0.670617 	 0.334511 	 1.345949
    3 	 0.130921 	 0.480114 	 2.201502
    4 	 -1.245979 	 0.717614 	 2.249911
    5 	 -0.937146 	 1.005682 	 2.311704
    6 	 0.159291 	 1.295766 	 2.311704
    7 	 0.168960 	 1.372494 	 2.421179
    8 	 0.157615 	 1.572355 	 2.407918
    9 	 0.203697 	 1.866473 	 2.388183
   10 	 0.569977 	 2.064734 	 2.393973
   11 	 0.641765 	 2.160224 	 2.393973
   12 	 0.151433 	 2.221574 	 2.411681
   13 	 1.704325 	 2.263431 	 2.411832
   14 	 1.688600 	 2.269256 	 2.413770
   15 	 0.815188 	 2.234286 	 2.413770
   16 	 0.414106 	 2.207257 	 2.388183
   17 	 0.837514 	 2.240245 	 3.225494
   18 	 1.688600 	 2.288848 	 3.277703
   19 	 0.213577 	 2.269793 	 3.277703
   20 	 0.213577 	 2.248837 	 3.225494
   21 	 0.144794 	 2.274536 	 3.225494
   22 	 1.582535 	 2.263542 	 3.225494
   23 	 1.561035 	 2.240229 	 3.225494
   24 	 0.775801 	 2.208301 	 3.124215
   25 	 0.141857 	 2.206088 	 3.124215
   26 	 1.539913 	 2.243131 	 3.124215
   27 	 0.166134 	 2.253448 	 3.150205
   28 	 1.561035 	 2.330747 	 3.254722
   29 	 1.582535 	 2.339497 	 3.254722
   30 	 1.582535 	 2.335410 	 3.254722
   31 	 1.582535 	 2.306107 	 3.581549
   32 	 1.582535 	 2.253103 	 3.470420
   33 	 0.297970 	 2.290852 	 3.470420
   34 	 0.810859 	 2.319564 	 3.555872
   35 	 0.751075 	 2.312404 	 3.581549
   36 	 0.751075 	 2.283015 	 3.581549
   37 	 1.597580 	 2.277247 	 3.485116
   38 	 0.166800 	 2.287671 	 3.470420
   39 	 0.211498 	 2.255045 	 3.470420
   40 	 0.751075 	 2.355199 	 3.581549
   41 	 0.751075 	 2.422576 	 3.590445
   42 	 0.213490 	 2.305214 	 3.701284
   43 	 1.582535 	 2.390572 	 3.701284
   44 	 1.582535 	 2.467738 	 3.701284
   45 	 1.927007 	 2.586969 	 4.491288
   46 	 0.141845 	 2.611523 	 4.491288
   47 	 0.771693 	 2.716876 	 6.200812
   48 	 0.771693 	 2.813220 	 6.200812
   49 	 0.215816 	 3.175220 	 17.568683
   50 	 0.443984 	 4.430251 	 18.764489
   51 	 0.207018 	 7.696642 	 18.918739
   52 	 2.156180 	 11.500365 	 18.918739
   53 	 2.246055 	 15.374829 	 20.222155
   54 	 2.466038 	 16.927663 	 37.784094
   55 	 6.200812 	 18.489766 	 37.784094
   56 	 9.934301 	 19.728289 	 44.923039
   57 	 13.641718 	 22.067787 	 44.923039
   58 	 0.166138 	 24.615543 	 54.558601
   59 	 16.407204 	 29.406655 	 54.558601
   60 	 3.251538 	 35.798152 	 154.891013
   61 	 17.518801 	 46.316161 	 154.891013
   62 	 3.582776 	 73.316961 	 367.433492
   63 	 0.442361 	 112.671122 	 404.557066
   64 	 2.638678 	 168.452662 	 404.557066
   65 	 0.165621 	 227.201626 	 404.557066
   66 	 0.994159 	 268.808489 	 404.557066
   67 	 140.855244 	 333.055360 	 678.451755
   68 	 8.347160 	 350.804403 	 678.451755
   69 	 69.588154 	 383.121329 	 678.451755
 