   0 	 0.015726 	 0.061523 	 0.375601
    1 	 0.015776 	 0.113102 	 0.751202
    2 	 0.018992 	 0.250871 	 1.652876
    3 	 0.019020 	 0.407186 	 1.833753
    4 	 0.038306 	 0.676280 	 3.065674
    5 	 0.035850 	 0.746609 	 2.904319
    6 	 0.035450 	 0.843139 	 2.869874
    7 	 0.036794 	 0.877221 	 2.856613
    8 	 0.040090 	 0.990279 	 4.162319
    9 	 0.036287 	 0.835104 	 2.878871
   10 	 0.035711 	 0.883366 	 2.514254
   11 	 0.036166 	 0.955144 	 2.911314
   12 	 0.037118 	 0.876758 	 2.916209
   13 	 0.039489 	 0.913308 	 2.912338
   14 	 0.042219 	 0.946160 	 2.904292
   15 	 0.040330 	 0.926668 	 2.884426
   16 	 0.311382 	 0.848602 	 1.619615
   17 	 0.313320 	 0.903192 	 2.877447
   18 	 0.501060 	 0.909753 	 1.616600
   19 	 0.314007 	 0.881482 	 1.611551
   20 	 0.519804 	 0.848280 	 1.237224
   21 	 0.521172 	 0.867499 	 1.609770
   22 	 0.278009 	 0.871633 	 1.209183
   23 	 0.276582 	 0.856082 	 1.207186
   24 	 0.659464 	 0.864611 	 2.071212
   25 	 0.041509 	 0.850560 	 1.712968
   26 	 0.264620 	 0.841766 	 1.138529
   27 	 0.495008 	 0.901172 	 2.867718
   28 	 0.281411 	 0.872179 	 1.748801
   29 	 0.177540 	 0.852580 	 1.246558
   30 	 0.041554 	 0.859395 	 1.698913
   31 	 0.107030 	 0.868302 	 2.062958
   32 	 0.041503 	 0.881873 	 2.867351
   33 	 0.440964 	 0.885542 	 2.414115
   34 	 0.315005 	 0.890055 	 2.867766
   35 	 0.367469 	 0.859872 	 1.336605
   36 	 0.314964 	 0.870490 	 1.607186
   37 	 0.608345 	 0.883432 	 1.482207
   38 	 0.041481 	 0.866706 	 1.607293
   39 	 0.558844 	 0.858564 	 1.092246
   40 	 0.041429 	 0.856034 	 2.867950
   41 	 0.109325 	 0.853297 	 1.157508
   42 	 0.325441 	 0.950158 	 4.059020
   43 	 0.668303 	 0.896238 	 2.400813
   44 	 0.213976 	 0.845385 	 1.580674
   45 	 0.041492 	 0.835092 	 1.126723
   46 	 0.041867 	 0.903361 	 2.387910
   47 	 0.036863 	 0.939880 	 4.060217
   48 	 0.106517 	 0.888368 	 2.864774
   49 	 0.109110 	 0.859767 	 2.906440
   50 	 0.036590 	 0.897223 	 2.417108
   51 	 0.041757 	 0.901063 	 2.402054
   52 	 0.367066 	 0.857469 	 1.922850
   53 	 0.272458 	 0.890203 	 2.865677
   54 	 0.470002 	 0.901667 	 1.483094
   55 	 0.041486 	 0.885678 	 1.725154
   56 	 0.041560 	 0.874290 	 1.481916
   57 	 0.518147 	 0.953393 	 4.057501
   58 	 0.105915 	 0.944053 	 4.059094
   59 	 0.234615 	 0.896926 	 1.383227
   60 	 0.234527 	 0.899655 	 3.218384
   61 	 0.107075 	 0.877546 	 2.275752
   62 	 0.230161 	 0.911853 	 2.276206
   63 	 0.382330 	 0.978857 	 3.206413
   64 	 0.104598 	 0.893760 	 2.299056
   65 	 0.036646 	 0.877140 	 1.703200
   66 	 0.399384 	 0.957237 	 3.232084
   67 	 0.282997 	 0.952640 	 4.141712
   68 	 0.236919 	 0.873418 	 1.655124
   69 	 0.193584 	 0.886988 	 2.050031
   70 	 0.107644 	 0.949581 	 2.263879
   71 	 0.418780 	 0.941217 	 2.510139
   72 	 0.304147 	 0.919085 	 3.200574
   73 	 0.036607 	 0.865835 	 1.603643
   74 	 0.279983 	 0.902344 	 1.527031
   75 	 0.036688 	 0.926658 	 4.142376
   76 	 0.421317 	 0.918793 	 2.062779
   77 	 0.042057 	 0.991132 	 4.140992
   78 	 0.280910 	 0.892047 	 1.597145
   79 	 0.230108 	 0.948326 	 4.050921
   80 	 0.041537 	 0.927996 	 2.058839
   81 	 0.234978 	 0.951050 	 2.299338
   82 	 0.042968 	 0.924809 	 4.059473
   83 	 0.387559 	 0.909281 	 1.655417
   84 	 0.234507 	 0.955334 	 4.036034
   85 	 0.537572 	 0.922563 	 1.688164
   86 	 0.107794 	 0.888208 	 2.276314
   87 	 0.279901 	 0.895831 	 1.347034
   88 	 0.403045 	 0.952945 	 3.199032
   89 	 0.280634 	 0.913961 	 2.063127
   90 	 0.041622 	 0.867697 	 1.645156
   91 	 0.036917 	 0.897978 	 2.060010
   92 	 0.540553 	 1.011232 	 4.058077
   93 	 0.041653 	 0.974452 	 4.137073
   94 	 0.041595 	 0.862916 	 1.341645
   95 	 0.230315 	 0.925628 	 4.057567
   96 	 0.368284 	 0.982621 	 4.058518
   97 	 0.107474 	 0.903970 	 2.298240
   98 	 0.234559 	 0.887940 	 1.744945
   99 	 0.399514 	 0.950702 	 3.202312
  100 	 0.271115 	 0.920205 	 2.276042
  101 	 0.293504 	 0.901501 	 1.654768
  102 	 0.403089 	 0.896644 	 1.393364
  103 	 0.450237 	 0.920933 	 2.006807
  104 	 0.130503 	 0.909974 	 1.465680
  105 	 0.280544 	 0.891033 	 1.526630
  106 	 0.249753 	 0.915357 	 2.982373
  107 	 0.130770 	 0.922840 	 2.060394
  108 	 0.130632 	 0.919299 	 2.199962
  109 	 0.441463 	 0.943154 	 2.980005
  110 	 0.415842 	 0.929324 	 2.981229
  111 	 0.110875 	 0.896735 	 1.547357
  112 	 0.041593 	 0.898918 	 1.611235
  113 	 0.570725 	 0.950684 	 3.167813
  114 	 0.107534 	 0.943095 	 4.058556
  115 	 0.296506 	 0.894130 	 1.289448
  116 	 0.234557 	 0.917384 	 3.201697
  117 	 0.107518 	 0.897183 	 1.994789
  118 	 0.105961 	 0.913594 	 2.276052
  119 	 0.107603 	 0.955973 	 3.201862
  120 	 0.107511 	 0.927193 	 3.217904
  121 	 0.293542 	 0.918454 	 3.200987
  122 	 0.292167 	 0.955642 	 3.201935
  123 	 0.130572 	 0.920227 	 2.006651
  124 	 0.293536 	 0.913087 	 2.012207
  125 	 0.362487 	 0.924083 	 2.981764
  126 	 0.371170 	 0.918100 	 2.006677
  127 	 0.041589 	 0.911008 	 1.762776
  128 	 0.041345 	 0.906748 	 1.736201
  129 	 0.041589 	 0.937950 	 4.058620
  130 	 0.107526 	 0.936834 	 4.062647
  131 	 0.234553 	 0.943231 	 4.058611
  132 	 0.234332 	 0.913899 	 3.201786
  133 	 0.234554 	 0.891157 	 2.276070
  134 	 0.107529 	 0.905219 	 2.277218
  135 	 0.403084 	 0.944054 	 2.276068
  136 	 0.036603 	 0.896226 	 3.201753
  137 	 0.403085 	 0.896451 	 1.645049
  138 	 0.293552 	 1.035049 	 4.142453
  139 	 0.037282 	 0.902110 	 1.396765
  140 	 0.041571 	 0.872793 	 2.006614
  141 	 0.041606 	 0.931340 	 4.130821
  142 	 0.041589 	 0.977753 	 4.058910
  143 	 0.230647 	 0.917188 	 2.866921
  144 	 0.041588 	 0.902154 	 4.058622
  145 	 0.106941 	 0.906309 	 2.296487
  146 	 0.234553 	 0.992440 	 4.058631
  147 	 0.399794 	 0.934683 	 3.207792
  148 	 0.234553 	 0.893747 	 2.276071
  149 	 0.293032 	 0.907437 	 1.654002
  150 	 0.036357 	 0.919576 	 2.276074
  151 	 0.130527 	 0.886843 	 2.008707
  152 	 0.275660 	 0.958603 	 4.146671
  153 	 0.041626 	 0.939377 	 2.982161
  154 	 0.041566 	 0.910444 	 2.081338
  155 	 0.313779 	 0.930640 	 4.058013
  156 	 0.437419 	 0.961889 	 4.059001
  157 	 0.234587 	 0.918932 	 1.928347
  158 	 0.234533 	 0.901989 	 1.557101
  159 	 0.107531 	 0.900640 	 2.275898
  160 	 0.567569 	 0.928175 	 2.276179
  161 	 0.403112 	 0.939368 	 3.201725
  162 	 0.041658 	 0.888425 	 1.294718
  163 	 0.279492 	 0.887413 	 1.644973
  164 	 0.312518 	 0.942628 	 4.057475
  165 	 0.540607 	 0.935129 	 2.064870
  166 	 0.234616 	 0.906933 	 1.933048
  167 	 0.440593 	 0.892708 	 1.341549
  168 	 0.280487 	 0.910797 	 2.275744
  169 	 0.279826 	 0.912951 	 1.549444
  170 	 0.280484 	 0.906774 	 2.060636
  171 	 0.570046 	 0.906365 	 2.063444
  172 	 0.107467 	 0.912445 	 2.060647
  173 	 0.440870 	 0.907052 	 1.290578
  174 	 0.441414 	 0.920219 	 3.202389
  175 	 0.668727 	 0.900712 	 1.548779
  176 	 0.280488 	 0.902676 	 1.547474
  177 	 0.280503 	 0.897084 	 1.144784
  178 	 0.114199 	 0.903975 	 2.060632
  179 	 0.041588 	 0.908081 	 2.060566
  180 	 0.096120 	 0.942474 	 3.134801
  181 	 0.441430 	 0.935339 	 4.058631
  182 	 0.280467 	 0.877828 	 1.547468
  183 	 0.041485 	 0.872716 	 1.547437
  184 	 0.041344 	 0.902528 	 2.060720
  185 	 0.107870 	 0.970031 	 4.060341
  186 	 0.441400 	 0.951399 	 4.062660
  187 	 0.234459 	 0.911741 	 3.198259
  188 	 0.041591 	 0.892855 	 1.547509
  189 	 0.107531 	 0.935169 	 2.276561
  190 	 0.570676 	 0.962993 	 4.058593
  191 	 0.403005 	 0.929061 	 3.201727
  192 	 0.234555 	 0.885769 	 1.289531
  193 	 0.041586 	 0.896242 	 1.645265
  194 	 0.041416 	 0.931410 	 2.276063
  195 	 0.540521 	 0.980170 	 4.058669
  196 	 0.403086 	 0.922834 	 4.061465
  197 	 0.234551 	 0.885420 	 1.341703
  198 	 0.234397 	 0.910870 	 1.645046
  199 	 0.130527 	 0.903626 	 2.006598
  200 	 0.123453 	 0.880506 	 2.276881
  201 	 0.041588 	 0.918909 	 2.982165
  202 	 0.402953 	 0.966602 	 3.046430
  203 	 0.104574 	 0.932132 	 4.058631
  204 	 0.041588 	 0.873370 	 1.645406
  205 	 0.234553 	 0.959036 	 3.232326
  206 	 0.041588 	 0.974324 	 4.058631
  207 	 0.290941 	 0.904959 	 2.276074
  208 	 0.129504 	 0.962799 	 4.058637
  209 	 0.403084 	 0.932727 	 2.017183
  210 	 0.037734 	 0.942508 	 2.991287
  211 	 0.041497 	 0.870967 	 1.645051
  212 	 0.312883 	 0.999007 	 4.123132
  213 	 0.540584 	 1.004016 	 4.060138
  214 	 0.213861 	 0.901878 	 1.931685
  215 	 0.234470 	 0.865294 	 1.341590
  216 	 0.130590 	 0.952856 	 2.388567
  217 	 0.292281 	 0.943616 	 2.276503
  218 	 0.107531 	 0.911336 	 2.981599
  219 	 0.107531 	 0.879356 	 2.011743
  220 	 0.109061 	 0.943324 	 3.201725
  221 	 0.451153 	 0.982968 	 3.201727
  222 	 0.293554 	 0.922540 	 3.186126
  223 	 0.036529 	 0.856075 	 1.524499
  224 	 0.280484 	 0.920308 	 2.006604
  225 	 0.286555 	 1.010436 	 4.143713
  226 	 0.042667 	 0.897205 	 2.060647
  227 	 0.041588 	 0.870920 	 2.035187
  228 	 0.441414 	 0.954807 	 4.040939
  229 	 0.303698 	 0.983229 	 4.058631
  230 	 0.235530 	 0.894839 	 1.547475
  231 	 0.107584 	 0.877274 	 1.966577
  232 	 0.293796 	 0.914292 	 2.271022
  233 	 0.041740 	 0.947471 	 3.201191
  234 	 0.280484 	 0.899635 	 2.005630
  235 	 0.107498 	 0.932075 	 4.056130
  236 	 0.452401 	 0.927948 	 2.060646
  237 	 0.234691 	 0.936912 	 3.202067
  238 	 0.292822 	 0.877656 	 1.521605
  239 	 0.293525 	 0.936960 	 2.275361
  240 	 0.280724 	 0.936792 	 2.009555
  241 	 0.403200 	 0.914660 	 2.006722
  242 	 0.036387 	 0.891295 	 2.059628
  243 	 0.041309 	 0.901462 	 1.644737
  244 	 0.041585 	 0.946215 	 4.146153
  245 	 0.041581 	 0.928793 	 4.063230
  246 	 0.229835 	 0.926380 	 4.058677
  247 	 0.234300 	 0.979459 	 4.058758
  248 	 0.234550 	 0.921117 	 2.300782
  249 	 0.234546 	 0.892485 	 2.277384
  250 	 0.107497 	 0.912670 	 2.276087
  251 	 0.402871 	 0.947739 	 2.276110
  252 	 0.403082 	 0.943640 	 3.202080
  253 	 0.403078 	 0.897010 	 1.645627
  254 	 0.036595 	 0.882511 	 1.645057
  255 	 0.540416 	 0.926084 	 1.645067
  256 	 0.520239 	 0.982674 	 4.142582
  257 	 0.512225 	 0.881670 	 1.147705
  258 	 0.230023 	 0.872597 	 1.379235
  259 	 0.701133 	 0.922574 	 1.394651
  260 	 0.041588 	 0.945177 	 2.299783
  261 	 0.625214 	 0.890929 	 1.103834
  262 	 0.399268 	 0.916902 	 4.058631
  263 	 0.764155 	 0.909465 	 1.204798
  264 	 0.234553 	 0.923052 	 1.655442
  265 	 0.518988 	 0.892384 	 1.032039
  266 	 0.537564 	 0.899971 	 2.276074
  267 	 0.041588 	 0.885590 	 1.381619
  268 	 0.130570 	 0.895069 	 1.347047
  269 	 0.106527 	 0.958959 	 4.058631
  270 	 0.644393 	 0.936692 	 2.981779
  271 	 0.234553 	 0.944016 	 3.212057
  272 	 0.313816 	 0.896429 	 1.177588
  273 	 0.110790 	 0.904104 	 2.276074
  274 	 0.130480 	 0.903299 	 1.928208
  275 	 0.279408 	 0.942118 	 3.168671
  276 	 0.103699 	 0.915443 	 2.982582
  277 	 0.041596 	 0.898784 	 2.065227
  278 	 0.313737 	 0.943123 	 3.241502
  279 	 0.440523 	 0.962914 	 4.058509
  280 	 0.280487 	 0.895981 	 1.928501
  281 	 0.234560 	 0.895490 	 1.549610
  282 	 0.276591 	 0.926553 	 2.060636
  283 	 0.036601 	 0.887524 	 2.276039
  284 	 0.130202 	 0.887042 	 1.712941
  285 	 0.403089 	 1.014480 	 4.142490
  286 	 0.521447 	 0.964519 	 2.985056
  287 	 0.107931 	 0.871014 	 1.645035
  288 	 0.107533 	 0.866626 	 1.376942
  289 	 0.041473 	 0.961767 	 3.197633
  290 	 0.632214 	 0.973088 	 3.201714
  291 	 0.118508 	 0.904390 	 4.058631
  292 	 0.036593 	 0.855061 	 1.194723
  293 	 0.036865 	 0.954219 	 3.093027
  294 	 0.659096 	 0.992472 	 4.142612
  295 	 0.280486 	 0.934277 	 4.137956
  296 	 0.107512 	 0.829795 	 1.157546
  297 	 0.230269 	 0.932379 	 2.060640
  298 	 0.649045 	 1.050198 	 3.201925
  299 	 0.036591 	 0.897033 	 2.298487
  300 	 0.036724 	 0.837039 	 1.171172
  301 	 0.399475 	 0.983396 	 4.142654
  302 	 0.107420 	 1.016695 	 4.140380
  303 	 0.230020 	 0.889961 	 1.654876
  304 	 0.230140 	 0.875357 	 3.202868
  305 	 0.532911 	 0.947932 	 2.299803
  306 	 0.293456 	 0.976022 	 2.299166
  307 	 0.399265 	 0.891440 	 1.355545
  308 	 0.107531 	 0.866287 	 2.007001
  309 	 0.507628 	 0.930453 	 1.655451
  310 	 0.452120 	 0.973573 	 3.201732
  311 	 0.537562 	 0.892717 	 1.403649
  312 	 0.107531 	 0.862417 	 1.522254
  313 	 0.621717 	 0.918111 	 1.347052
  314 	 0.036540 	 0.962845 	 3.201727
  315 	 0.644391 	 0.897244 	 1.209897
  316 	 0.107481 	 0.903316 	 4.143528
  317 	 0.036607 	 0.882722 	 1.177590
  318 	 0.036601 	 0.931523 	 3.202239
  319 	 0.624469 	 0.966757 	 4.142386
  320 	 0.293510 	 0.951347 	 4.142488
  321 	 0.230034 	 0.896227 	 1.205880
  322 	 0.107531 	 0.894371 	 2.006782
  323 	 0.107536 	 0.909868 	 2.299728
  324 	 0.452165 	 0.979917 	 3.201727
  325 	 0.039761 	 0.936391 	 3.201682
  326 	 0.293554 	 0.891354 	 1.522151
  327 	 0.293558 	 0.957929 	 4.088947
  328 	 0.036601 	 0.913977 	 2.006605
  329 	 0.232897 	 0.916034 	 2.006589
  330 	 0.452201 	 0.967623 	 4.142485
  331 	 0.452204 	 0.925206 	 2.284686
  332 	 0.041588 	 0.892688 	 1.522067
  333 	 0.041584 	 0.896250 	 1.522059
  334 	 0.107532 	 0.959010 	 4.058635
  335 	 0.579086 	 0.952480 	 4.058695
  336 	 0.130533 	 0.911022 	 3.201722
  337 	 0.234549 	 0.895376 	 1.275695
  338 	 0.293555 	 0.951726 	 2.982111
  339 	 0.520931 	 0.920259 	 2.276092
  340 	 0.117920 	 0.883039 	 2.006603
  341 	 0.403081 	 0.902360 	 1.377921
  342 	 0.108785 	 0.952943 	 3.098656
  343 	 0.631823 	 0.911404 	 1.645059
  344 	 0.302713 	 0.914642 	 3.188930
  345 	 0.041588 	 0.890059 	 1.195281
  346 	 0.294661 	 0.923959 	 1.970391
  347 	 0.548117 	 0.914144 	 1.806397
  348 	 0.041588 	 0.864035 	 2.002157
  349 	 0.279690 	 0.869975 	 1.328168
  350 	 0.041626 	 0.927886 	 3.237376
  351 	 0.107532 	 0.904112 	 2.064027
  352 	 0.041588 	 0.908668 	 4.058009
  353 	 0.275322 	 0.907599 	 3.201723
  354 	 0.041589 	 0.940051 	 4.058631
  355 	 0.293554 	 0.930428 	 2.082801
  356 	 0.234553 	 0.992058 	 4.058620
  357 	 0.437139 	 0.909390 	 2.006603
  358 	 0.234553 	 0.920551 	 2.276074
  359 	 0.452202 	 0.916333 	 1.557780
  360 	 0.041588 	 0.927261 	 2.276071
  361 	 0.567350 	 0.903995 	 1.522066
  362 	 0.041541 	 0.936951 	 4.058638
  363 	 0.041789 	 0.891639 	 1.295084
  364 	 0.041586 	 0.921790 	 4.059411
  365 	 0.107709 	 0.931483 	 4.055329
  366 	 0.234510 	 0.975110 	 4.058675
  367 	 0.234735 	 0.924696 	 3.199905
  368 	 0.109847 	 0.881319 	 2.276296
  369 	 0.170581 	 0.910688 	 2.275132
  370 	 0.302200 	 0.970938 	 3.178166
  371 	 0.403237 	 0.919881 	 2.663956
  372 	 0.041588 	 0.881927 	 1.972386
  373 	 0.280487 	 0.896243 	 1.644637
  374 	 0.459308 	 0.975843 	 4.058631
  375 	 0.540705 	 0.926682 	 2.060635
  376 	 0.234553 	 0.879740 	 1.505778
  377 	 0.441416 	 0.898524 	 1.341372
  378 	 0.584598 	 0.954805 	 2.276074
  379 	 0.646758 	 0.914504 	 1.547469
  380 	 0.036838 	 0.852468 	 1.266788
  381 	 0.130527 	 0.887568 	 1.174317
  382 	 0.132863 	 1.014577 	 4.138422
  383 	 0.725101 	 0.937822 	 2.982159
  384 	 0.230244 	 0.887889 	 2.961527
  385 	 0.130080 	 0.876558 	 1.075383
  386 	 0.315823 	 0.958867 	 2.298618
  387 	 0.706792 	 0.957481 	 2.986140
  388 	 0.399454 	 0.885852 	 1.920774
  389 	 0.313387 	 0.880667 	 1.096982
  390 	 0.470461 	 0.926988 	 1.654933
  391 	 0.517799 	 0.910839 	 1.604125
  392 	 0.518262 	 0.885604 	 1.480908
  393 	 0.518188 	 0.895435 	 1.383893
  394 	 0.501779 	 0.917492 	 1.383006
  395 	 0.107531 	 0.895543 	 1.383148
  396 	 0.112139 	 0.889187 	 1.415269
  397 	 0.629743 	 0.951127 	 3.201727
  398 	 0.108822 	 0.913964 	 3.155183
  399 	 0.041589 	 0.870820 	 1.198260
  400 	 0.297621 	 0.942169 	 3.188553
  401 	 0.107535 	 0.963723 	 4.058614
  402 	 0.294694 	 0.907697 	 1.990364
  403 	 0.234554 	 0.945437 	 3.201690
  404 	 0.125488 	 0.921408 	 2.002026
  405 	 0.269274 	 0.911529 	 2.276069
  406 	 0.036601 	 0.899843 	 3.027662
  407 	 0.403085 	 0.948528 	 2.109375
  408 	 0.309362 	 0.991135 	 4.142473
  409 	 0.280487 	 0.893673 	 1.645049
  410 	 0.230029 	 0.891560 	 1.944913
  411 	 0.540585 	 0.940180 	 2.060637
  412 	 0.465178 	 0.943885 	 2.299752
  413 	 0.441416 	 0.893204 	 1.341589
  414 	 0.042359 	 0.871283 	 1.133561
  415 	 0.036601 	 0.902951 	 1.547470
  416 	 0.036600 	 0.957520 	 4.045970
  417 	 0.130527 	 0.935334 	 4.142486
  418 	 0.235251 	 0.922322 	 4.142501
  419 	 0.230029 	 0.917956 	 2.982162
  420 	 0.230028 	 0.917274 	 2.272460
  421 	 0.313778 	 0.927602 	 2.299756
  422 	 0.036599 	 0.911339 	 2.299760
  423 	 0.106106 	 0.897559 	 1.928348
  424 	 0.399272 	 0.948740 	 4.142524
  425 	 0.280518 	 0.934706 	 3.216407
  426 	 0.230027 	 0.889913 	 1.655432
  427 	 0.280837 	 0.890281 	 1.484580
  428 	 0.537567 	 0.940284 	 2.299766
  429 	 0.285471 	 0.923009 	 2.059152
  430 	 0.107530 	 0.868438 	 1.347042
  431 	 0.421756 	 0.896938 	 2.039687
  432 	 0.130522 	 0.941018 	 3.201739
  433 	 0.041594 	 0.875262 	 1.596027
  434 	 0.095626 	 0.897921 	 2.982204
  435 	 0.518973 	 1.022548 	 4.058543
  436 	 0.313774 	 0.957764 	 3.328607
  437 	 0.234558 	 0.879620 	 1.381648
  438 	 0.283013 	 0.892886 	 1.928363
  439 	 0.630339 	 0.954616 	 2.276049
  440 	 0.468787 	 0.931491 	 2.049965
  441 	 0.041588 	 0.855954 	 1.197405
  442 	 0.443505 	 0.892086 	 1.484588
  443 	 0.036492 	 0.998762 	 4.058636
  444 	 0.519031 	 0.913890 	 1.542483
  445 	 0.041393 	 0.903734 	 4.144359
  446 	 0.036782 	 0.886377 	 1.381537
  447 	 0.229930 	 1.006914 	 4.061845
  448 	 0.630383 	 0.952554 	 4.139373
  449 	 0.041588 	 0.855916 	 2.300280
  450 	 0.036450 	 0.876630 	 1.197342
  451 	 0.399189 	 1.038395 	 4.058629
  452 	 0.499462 	 0.954501 	 4.145071
  453 	 0.041588 	 0.835564 	 1.655659
  454 	 0.229892 	 0.874117 	 1.419925
  455 	 0.036782 	 1.031636 	 4.058631
  456 	 0.280491 	 0.953958 	 2.300479
  457 	 0.041610 	 0.895080 	 4.139381
  458 	 0.272847 	 0.890126 	 2.060617
  459 	 0.230193 	 1.032168 	 4.058279
  460 	 0.364162 	 0.937093 	 2.093596
  461 	 0.234572 	 0.874487 	 2.298887
  462 	 0.435086 	 0.901100 	 1.757585
  463 	 0.399411 	 0.975873 	 2.275973
  464 	 0.509584 	 0.920939 	 1.562778
  465 	 0.403100 	 0.874905 	 1.655050
  466 	 0.565746 	 0.899082 	 1.399807
  467 	 0.041638 	 0.933389 	 1.645007
  468 	 0.623205 	 0.912098 	 1.297781
  469 	 0.041588 	 0.914703 	 4.057819
  470 	 0.103150 	 0.885343 	 1.207721
  471 	 0.234598 	 0.949133 	 4.058631
  472 	 0.107529 	 0.932272 	 3.247274
  473 	 0.036164 	 0.897196 	 2.275842
  474 	 0.041559 	 0.908350 	 3.201746
  475 	 0.107777 	 0.989118 	 4.149993
  476 	 0.036601 	 0.957212 	 4.059118
  477 	 0.107508 	 0.910439 	 3.199210
  478 	 0.107541 	 0.968202 	 4.142489
  479 	 0.293771 	 0.965981 	 3.201961
  480 	 0.230028 	 0.942145 	 3.201629
  481 	 0.293534 	 0.898259 	 2.005731
  482 	 0.293563 	 0.933531 	 2.299757
  483 	 0.041588 	 0.922555 	 2.006686
  484 	 0.107841 	 0.907057 	 2.006571
  485 	 0.452185 	 0.935691 	 4.058631
  486 	 0.452208 	 0.944768 	 3.198551
  487 	 0.234553 	 0.911099 	 1.522105
  488 	 0.293828 	 0.900605 	 1.522051
  489 	 0.579071 	 0.914105 	 2.276074
  490 	 0.579089 	 0.922702 	 2.005502
  491 	 0.041898 	 0.893343 	 1.275720
  492 	 0.452427 	 0.899163 	 1.275691
  493 	 0.041654 	 0.930081 	 4.053534
  494 	 0.675452 	 0.913507 	 1.521544
  495 	 0.234834 	 0.937042 	 4.057557
  496 	 0.579259 	 0.897099 	 1.136039
  497 	 0.036612 	 0.896401 	 2.274620
  498 	 0.107531 	 0.894249 	 1.275414
  499 	 0.275375 	 0.960277 	 4.142288
  500 	 0.280487 	 0.933876 	 3.201727
  501 	 0.107531 	 0.897531 	 2.082575
  502 	 0.293554 	 0.907005 	 2.060636
  503 	 0.437182 	 0.955767 	 3.201728
  504 	 0.107531 	 0.905774 	 2.006605
  505 	 0.293554 	 0.896593 	 1.557675
  506 	 0.041588 	 0.905929 	 3.201727
  507 	 0.567384 	 0.928405 	 2.006605
  508 	 0.280468 	 0.979631 	 4.058631
  509 	 0.107531 	 0.886403 	 1.295028
  510 	 0.041588 	 0.894742 	 2.060718
  511 	 0.280487 	 0.923486 	 3.201727
  512 	 0.280488 	 0.955435 	 4.058631
  513 	 0.280497 	 0.909260 	 2.060636
  514 	 0.196748 	 0.917182 	 2.060631
  515 	 0.441416 	 0.924263 	 2.060591
  516 	 0.041592 	 0.906926 	 2.490358
  517 	 0.036595 	 0.878375 	 1.547469
  518 	 0.371036 	 0.951397 	 4.058568
  519 	 0.570688 	 0.977227 	 4.142582
  520 	 0.234556 	 0.907872 	 1.736606
  521 	 0.230023 	 0.866638 	 1.289510
  522 	 0.515091 	 0.898702 	 2.276056
  523 	 0.036703 	 0.935648 	 2.299783
  524 	 0.106103 	 0.901948 	 1.389099
  525 	 0.130528 	 0.899199 	 4.140729
  526 	 0.126327 	 0.929405 	 3.216430
  527 	 0.113687 	 0.944598 	 2.982155
  528 	 0.292293 	 0.935106 	 3.019985
  529 	 0.313779 	 0.913727 	 3.139842
  530 	 0.310098 	 0.889899 	 2.011697
  531 	 0.107531 	 0.911609 	 1.928345
  532 	 0.451162 	 0.939369 	 1.942131
  533 	 0.036280 	 0.920621 	 3.201732
  534 	 0.107976 	 0.880702 	 1.524477
  535 	 0.109111 	 0.976038 	 4.147996
  536 	 0.578276 	 0.953439 	 3.197171
  537 	 0.229737 	 0.923314 	 3.185615
  538 	 0.293947 	 0.882984 	 1.277015
  539 	 0.294949 	 0.926917 	 2.301297
  540 	 0.674848 	 0.924803 	 2.005023
  541 	 0.130382 	 0.887098 	 1.270081
  542 	 0.109753 	 0.871493 	 1.136818
  543 	 0.678021 	 0.933172 	 2.983452
  544 	 0.107359 	 0.931707 	 3.179110
  545 	 0.041981 	 0.878702 	 1.114450
  546 	 0.107531 	 0.927621 	 3.203495
  547 	 0.107532 	 0.944102 	 4.052176
  548 	 0.278687 	 0.937957 	 3.201728
  549 	 0.234909 	 0.936045 	 3.201715
  550 	 0.293554 	 0.902360 	 2.007218
  551 	 0.293555 	 0.925344 	 2.274233
  552 	 0.452076 	 0.921698 	 2.006605
  553 	 0.273436 	 0.899382 	 2.006600
  554 	 0.280516 	 0.883328 	 1.522357
  555 	 0.452202 	 0.917551 	 2.091016
  556 	 0.299206 	 0.917665 	 2.060512
  557 	 0.435575 	 0.897760 	 1.522065
  558 	 0.388725 	 0.885422 	 1.984104
  559 	 0.280487 	 0.894186 	 1.561585
  560 	 0.456850 	 0.922933 	 1.684848
  561 	 0.482257 	 0.912816 	 2.060636
  562 	 0.529199 	 0.880352 	 1.511374
  563 	 0.088863 	 0.886722 	 1.455484
  564 	 0.582692 	 0.922480 	 1.362399
  565 	 0.602307 	 0.947290 	 3.405259
  566 	 0.638081 	 0.896941 	 1.269855
  567 	 0.106499 	 0.876689 	 1.238993
  568 	 0.517911 	 0.904897 	 1.186407
  569 	 0.280351 	 0.940844 	 3.212347
  570 	 0.280670 	 0.896849 	 1.383679
  571 	 0.130527 	 0.888983 	 2.061214
  572 	 0.545456 	 0.910060 	 2.059858
  573 	 0.441304 	 0.942643 	 2.982159
  574 	 0.036605 	 0.885377 	 1.332878
  575 	 0.096088 	 0.875818 	 1.547739
  576 	 0.650331 	 0.952525 	 4.142409
  577 	 0.570601 	 0.964295 	 3.323489
  578 	 0.104918 	 0.885508 	 1.169411
  579 	 0.107613 	 0.873859 	 1.289656
  580 	 0.486318 	 0.945843 	 3.228737
  581 	 0.041436 	 0.953275 	 3.200888
  582 	 0.291245 	 0.895945 	 1.446931
  583 	 0.032643 	 0.902355 	 4.061135
  584 	 0.605426 	 0.909748 	 2.015946
  585 	 0.042069 	 0.951237 	 4.211533
  586 	 0.107847 	 0.891405 	 1.234224
  587 	 0.226432 	 0.933312 	 4.050736
  588 	 0.105457 	 0.916833 	 3.198494
  589 	 0.148962 	 0.921184 	 2.318935
  590 	 0.278950 	 0.928126 	 3.223135
  591 	 0.396238 	 0.919329 	 2.826760
  592 	 0.291721 	 0.919972 	 2.067183
  593 	 0.329863 	 0.914479 	 1.663788
  594 	 0.040956 	 0.901951 	 2.014013
  595 	 0.519777 	 0.903285 	 1.870336
  596 	 0.450691 	 0.947799 	 4.069080
  597 	 0.481896 	 0.915179 	 1.380115
  598 	 0.233979 	 0.903940 	 1.525573
  599 	 0.630948 	 0.900955 	 1.456248
  600 	 0.107610 	 0.911511 	 2.279048
  601 	 0.288985 	 0.900935 	 1.196532
  602 	 0.402601 	 0.930130 	 3.200920
  603 	 0.519041 	 0.910828 	 2.025173
  604 	 0.293624 	 0.904561 	 1.646358
  605 	 0.448436 	 0.905086 	 1.381519
  606 	 0.540202 	 0.913710 	 2.006324
  607 	 0.630390 	 0.906043 	 1.530840
  608 	 0.036654 	 0.887547 	 1.342277
  609 	 0.041589 	 0.878886 	 1.197332
  610 	 0.646380 	 0.948394 	 4.141563
  611 	 0.585024 	 0.967452 	 4.058626
  612 	 0.107550 	 0.880716 	 1.174839
  613 	 0.234553 	 0.889297 	 1.266105
  614 	 0.041582 	 0.941168 	 3.201537
  615 	 0.660405 	 0.929387 	 2.276072
  616 	 0.036600 	 0.915448 	 4.058737
  617 	 0.107502 	 0.885394 	 1.155796
  618 	 0.041588 	 0.923903 	 4.142490
  619 	 0.041590 	 0.926457 	 3.202025
  620 	 0.230028 	 0.994972 	 4.058631
  621 	 0.272699 	 0.921059 	 4.058604
  622 	 0.107523 	 0.883829 	 2.299757
  623 	 0.234554 	 0.927176 	 2.094245
  624 	 0.399272 	 0.986939 	 3.201815
  625 	 0.041677 	 0.901338 	 2.276066
  626 	 0.041395 	 0.870724 	 1.655431
  627 	 0.403085 	 0.953183 	 4.057171
  628 	 0.361639 	 0.988979 	 4.061811
  629 	 0.234633 	 0.904746 	 1.645047
  630 	 0.234378 	 0.886872 	 1.765415
  631 	 0.540585 	 0.937834 	 2.275658
  632 	 0.507559 	 0.942230 	 2.276980
  633 	 0.108086 	 0.886125 	 1.341588
  634 	 0.286794 	 0.878589 	 1.403786
  635 	 0.107531 	 0.912674 	 3.196054
  636 	 0.284811 	 0.923630 	 2.034197
  637 	 0.294044 	 0.966263 	 3.201728
  638 	 0.446629 	 0.915533 	 2.042437
  639 	 0.293554 	 0.899140 	 2.004635
  640 	 0.279496 	 0.910100 	 1.535087
  641 	 0.039766 	 0.904138 	 2.006605
  642 	 0.290501 	 0.905207 	 2.064851
  643 	 0.281289 	 0.961127 	 4.088870
  644 	 0.042164 	 0.914905 	 2.018973
  645 	 0.232901 	 0.912162 	 2.057234
  646 	 0.041588 	 0.921757 	 4.049176
  647 	 0.442080 	 0.926796 	 2.284664
  648 	 0.235074 	 0.962522 	 4.058632
  649 	 0.036601 	 0.893901 	 1.545881
  650 	 0.234553 	 0.909784 	 2.273376
  651 	 0.280644 	 0.940340 	 4.142488
  652 	 0.280486 	 0.922642 	 2.276074
  653 	 0.107532 	 0.892182 	 2.059967
  654 	 0.042470 	 0.905987 	 2.060638
  655 	 0.041588 	 0.960277 	 3.201723
  656 	 0.036601 	 0.951294 	 4.044155
  657 	 0.293554 	 0.923619 	 4.058630
  658 	 0.107550 	 0.928771 	 4.142485
  659 	 0.041588 	 0.925434 	 2.006603
  660 	 0.106401 	 0.934042 	 3.201537
  661 	 0.041588 	 0.933297 	 4.058631
  662 	 0.293570 	 0.949343 	 3.213355
  663 	 0.234553 	 0.951534 	 4.058631
  664 	 0.292555 	 0.912406 	 2.006539
  665 	 0.130521 	 0.890005 	 2.276074
  666 	 0.452215 	 0.918005 	 2.010634
  667 	 0.110302 	 0.951898 	 2.982217
  668 	 0.041592 	 0.900404 	 1.522035
  669 	 0.130527 	 0.920803 	 3.173573
  670 	 0.579094 	 0.946205 	 4.058568
  671 	 0.041590 	 0.921744 	 2.982159
  672 	 0.196751 	 0.885843 	 1.275682
  673 	 0.313779 	 0.969712 	 4.058601
  674 	 0.036601 	 0.904983 	 2.490343
  675 	 0.234554 	 0.898524 	 1.928347
  676 	 0.371038 	 1.006125 	 4.142481
  677 	 0.468791 	 0.939193 	 2.276065
  678 	 0.107426 	 0.868997 	 1.736599
  679 	 0.107966 	 0.890983 	 1.484580
  680 	 0.515092 	 1.030125 	 3.202809
  681 	 0.591933 	 0.948477 	 3.197279
  682 	 0.107734 	 0.859561 	 1.389096
  683 	 0.107386 	 0.878631 	 1.255125
  684 	 0.627393 	 0.996364 	 3.199645
  685 	 0.041677 	 0.942191 	 3.203220
  686 	 0.293734 	 0.863973 	 1.201644
  687 	 0.293425 	 0.925307 	 4.057163
  688 	 0.709064 	 0.950329 	 2.005882
  689 	 0.131409 	 0.906896 	 2.007123
  690 	 0.452349 	 0.871577 	 1.094255
  691 	 0.035769 	 0.923605 	 2.974335
  692 	 0.518327 	 0.926500 	 1.521724
  693 	 0.213817 	 0.918555 	 4.156806
  694 	 0.497973 	 0.884311 	 1.382883
  695 	 0.229273 	 0.940985 	 2.388818
  696 	 0.518987 	 0.921169 	 1.422934
  697 	 0.041569 	 0.900258 	 2.303757
  698 	 0.614351 	 0.897525 	 1.381621
  699 	 0.389513 	 0.936582 	 4.058941
  700 	 0.036572 	 0.875217 	 1.220776
  701 	 0.130527 	 0.906304 	 1.682615
  702 	 0.041659 	 0.956056 	 4.142972
  703 	 0.280556 	 0.927416 	 2.982158
  704 	 0.041588 	 0.951994 	 4.057468
  705 	 0.313779 	 0.931655 	 2.060342
  706 	 0.234617 	 0.973997 	 4.058631
  707 	 0.107529 	 0.899600 	 1.928347
  708 	 0.234553 	 0.927432 	 2.275742
  709 	 0.468791 	 0.938442 	 3.201747
  710 	 0.364165 	 0.914573 	 2.276074
  711 	 0.106424 	 0.864137 	 1.484580
  712 	 0.277752 	 0.902748 	 1.757576
  713 	 0.036638 	 0.973931 	 3.213113
  714 	 0.509586 	 0.951212 	 2.072313
  715 	 0.292576 	 0.911486 	 4.141852
  716 	 0.439153 	 0.883774 	 1.399802
  717 	 0.230062 	 0.939252 	 2.010550
  718 	 0.513963 	 0.939145 	 1.552909
  719 	 0.392762 	 0.898241 	 2.299578
  720 	 0.041581 	 0.868966 	 1.391278
  721 	 0.036542 	 0.922693 	 1.673465
  722 	 0.626536 	 1.004867 	 4.058754
  723 	 0.279285 	 0.913431 	 4.143490
  724 	 0.234546 	 0.853886 	 1.202883
  725 	 0.036587 	 0.929907 	 2.065753
  726 	 0.107553 	 0.980720 	 2.276109
  727 	 0.111927 	 0.899105 	 2.965303
  728 	 0.041597 	 0.878790 	 3.201508
  729 	 0.315447 	 0.969257 	 3.157290
  730 	 0.113150 	 0.958957 	 4.058485
  731 	 0.107897 	 0.881306 	 1.922163
  732 	 0.234561 	 0.922035 	 3.145142
  733 	 0.280487 	 0.931671 	 3.197985
  734 	 0.298513 	 0.934373 	 2.276032
  735 	 0.041680 	 0.933609 	 2.060636
  736 	 0.403091 	 0.915817 	 1.986836
  737 	 0.041585 	 0.939760 	 4.057129
  738 	 0.280487 	 0.909698 	 1.645032
  739 	 0.036601 	 0.942852 	 4.058678
  740 	 0.540589 	 0.921454 	 2.060636
  741 	 0.130548 	 0.941415 	 4.142490
  742 	 0.258235 	 0.884459 	 1.341580
  743 	 0.041588 	 0.886856 	 2.276087
  744 	 0.041588 	 0.929978 	 2.159661
  745 	 0.403082 	 0.997655 	 4.058631
  746 	 0.107523 	 0.915518 	 4.058631
  747 	 0.234553 	 0.885410 	 1.645057
  748 	 0.041585 	 0.935800 	 3.201809
  749 	 0.279736 	 0.933283 	 2.276074
  750 	 0.107531 	 0.919379 	 4.058685
  751 	 0.114143 	 0.892714 	 2.063829
  752 	 0.234550 	 0.967627 	 3.201727
  753 	 0.280011 	 0.927969 	 3.135357
  754 	 0.293554 	 0.900100 	 2.276089
  755 	 0.299387 	 0.904398 	 2.062657
  756 	 0.361167 	 0.934904 	 2.006605
  757 	 0.294798 	 0.934377 	 1.983390
  758 	 0.041582 	 0.900380 	 1.766886
  759 	 0.107533 	 0.875273 	 2.001610
  760 	 0.275989 	 0.942165 	 4.058734
  761 	 0.036602 	 0.967538 	 3.201709
  762 	 0.234547 	 0.922795 	 2.079914
  763 	 0.041594 	 0.904307 	 4.142456
  764 	 0.041588 	 0.905671 	 2.276103
  765 	 0.230030 	 0.976559 	 4.058531
  766 	 0.283452 	 0.944467 	 4.058630
  767 	 0.234558 	 0.888358 	 2.299747
  768 	 0.234553 	 0.911868 	 2.048121
  769 	 0.036601 	 0.920849 	 2.276045
  770 	 0.221757 	 0.901388 	 2.276073
  771 	 0.134509 	 0.929494 	 4.142487
  772 	 0.107532 	 0.914180 	 2.344351
  773 	 0.230029 	 0.953753 	 2.947163
  774 	 0.392287 	 0.965150 	 3.201722
  775 	 0.317263 	 0.906646 	 2.299756
  776 	 0.280487 	 0.891179 	 1.674796
  777 	 0.399272 	 0.921773 	 1.915478
  778 	 0.041588 	 0.940528 	 2.060636
  779 	 0.364162 	 0.900236 	 1.655430
  780 	 0.174910 	 0.921904 	 4.058632
  781 	 0.107531 	 0.912856 	 1.757585
  782 	 0.036604 	 0.913472 	 2.633584
  783 	 0.055153 	 0.897322 	 3.201728
  784 	 0.107531 	 0.963681 	 4.142422
  785 	 0.293554 	 0.977800 	 3.846846
  786 	 0.230032 	 0.922408 	 3.201728
  787 	 0.107145 	 0.867095 	 2.006605
  788 	 0.236646 	 0.919962 	 2.299738
  789 	 0.036703 	 0.957652 	 3.205691
  790 	 0.036601 	 0.916866 	 2.265284
  791 	 0.293213 	 0.957451 	 4.140729
  792 	 0.262705 	 0.942369 	 4.142485
  793 	 0.036969 	 0.904697 	 2.007979
  794 	 0.230029 	 0.920029 	 2.139016
  795 	 0.451920 	 0.997688 	 4.136170
  796 	 0.426655 	 0.911405 	 2.299755
  797 	 0.230363 	 0.899492 	 1.522718
  798 	 0.280485 	 0.897076 	 1.583644
  799 	 0.578865 	 0.930017 	 2.297987
  800 	 0.036602 	 0.914887 	 2.060642
  801 	 0.228042 	 0.895821 	 1.276055
  802 	 0.441415 	 0.942904 	 4.142458
  803 	 0.041407 	 0.920620 	 2.310313
  804 	 0.230030 	 0.903729 	 1.547472
  805 	 0.397596 	 0.932092 	 4.061617
  806 	 0.107531 	 0.885793 	 2.299748
  807 	 0.106054 	 0.875475 	 1.660036
  808 	 0.366148 	 0.944492 	 3.201727
  809 	 0.359995 	 0.991925 	 3.216940
  810 	 0.260418 	 0.910248 	 1.751473
  811 	 0.129938 	 0.870934 	 1.770553
  812 	 0.511176 	 0.932993 	 2.149530
  813 	 0.283786 	 0.988327 	 2.987409
  814 	 0.042275 	 0.871435 	 1.396695
  815 	 0.313263 	 0.881632 	 2.046721
  816 	 0.518987 	 0.955976 	 4.047343
  817 	 0.107531 	 0.935060 	 1.930267
  818 	 0.036196 	 0.885022 	 1.381621
  819 	 0.468369 	 0.922462 	 3.201727
  820 	 0.630350 	 0.976132 	 4.149436
  821 	 0.280487 	 0.915810 	 1.485510
  822 	 0.229661 	 0.878889 	 1.197390
  823 	 0.035836 	 0.882420 	 2.060636
  824 	 0.706364 	 0.942688 	 2.301699
  825 	 0.441416 	 0.995142 	 4.058489
  826 	 0.398963 	 0.885957 	 1.097497
  827 	 0.041588 	 0.849928 	 1.547470
  828 	 0.767874 	 0.931266 	 1.656279
  829 	 0.570688 	 1.047716 	 4.058629
  830 	 0.041589 	 0.879174 	 1.028094
  831 	 0.234553 	 0.858782 	 1.289510
  832 	 0.036434 	 0.933810 	 4.058619
  833 	 0.041588 	 0.960460 	 2.276073
  834 	 0.234554 	 0.962142 	 4.145350
  835 	 0.036600 	 0.901356 	 4.058631
  836 	 0.229877 	 0.922608 	 2.276070
  837 	 0.130527 	 0.964187 	 4.142490
  838 	 0.403084 	 0.907472 	 2.300557
  839 	 0.099583 	 0.895531 	 2.982161
  840 	 0.399145 	 0.921479 	 1.645049
  841 	 0.036600 	 0.969919 	 3.285330
  842 	 0.518989 	 0.901341 	 1.655780
  843 	 0.036600 	 0.909177 	 4.142492
  844 	 0.041587 	 0.904987 	 1.381619
  845 	 0.230028 	 1.006151 	 4.142490
  846 	 0.630351 	 0.948210 	 4.058651
  847 	 0.230028 	 0.905679 	 2.299757
  848 	 0.234552 	 0.899245 	 1.197389
  849 	 0.399272 	 0.945406 	 2.299757
  850 	 0.041584 	 0.907775 	 2.276079
  851 	 0.399272 	 0.891239 	 1.655431
  852 	 0.364162 	 0.931057 	 4.058698
  853 	 0.036574 	 0.885206 	 1.655431
  854 	 0.107352 	 0.900979 	 1.757585
  855 	 0.501989 	 1.003115 	 4.142946
  856 	 0.041602 	 0.943861 	 3.203565
  857 	 0.041657 	 0.880407 	 1.414849
  858 	 0.041588 	 0.901590 	 4.058405
  859 	 0.367867 	 0.977486 	 4.057503
  860 	 0.234565 	 1.002994 	 4.058631
  861 	 0.234615 	 0.896026 	 1.746214
  862 	 0.234553 	 0.888033 	 2.276009
  863 	 0.036342 	 0.911973 	 2.275752
  864 	 0.333251 	 0.962116 	 2.276074
  865 	 0.403136 	 0.959734 	 4.146926
  866 	 0.403084 	 0.909842 	 1.858560
  867 	 0.041555 	 0.894397 	 1.644909
  868 	 0.041588 	 0.920497 	 1.645051
  869 	 0.281802 	 0.951699 	 4.059180
  870 	 0.241729 	 0.931587 	 4.058631
  871 	 0.234523 	 0.905281 	 2.055067
  872 	 0.234553 	 0.923158 	 2.239493
  873 	 0.041925 	 0.909630 	 2.276230
  874 	 0.041588 	 0.907560 	 2.276074
  875 	 0.280484 	 0.961328 	 4.053089
  876 	 0.107531 	 0.953899 	 4.058631
  877 	 0.234858 	 0.909463 	 2.060648
  878 	 0.234553 	 0.927849 	 3.201731
  879 	 0.441414 	 0.932864 	 2.274493
  880 	 0.036815 	 0.901042 	 2.276074
  881 	 0.403341 	 0.897463 	 1.547475
  882 	 0.403084 	 0.985162 	 4.138811
  883 	 0.280324 	 0.912769 	 1.644356
  884 	 0.230223 	 0.893091 	 1.645051
  885 	 0.493538 	 0.906722 	 2.061326
  886 	 0.279285 	 0.938488 	 2.298727
  887 	 0.441282 	 0.915882 	 1.431971
  888 	 0.399436 	 0.907157 	 2.065752
  889 	 0.364162 	 0.895790 	 1.547791
  890 	 0.367175 	 0.913113 	 1.654981
  891 	 0.041588 	 0.903142 	 1.757585
  892 	 0.280487 	 0.902269 	 1.748328
  893 	 0.351427 	 0.928249 	 4.058631
  894 	 0.364151 	 0.922549 	 2.060636
  895 	 0.234553 	 0.906910 	 1.797826
  896 	 0.364160 	 0.902046 	 1.757619
  897 	 0.041381 	 0.916826 	 2.276074
  898 	 0.041588 	 0.902478 	 1.757591
  899 	 0.036664 	 0.932375 	 4.062041
  900 	 0.509582 	 0.918042 	 2.982159
  901 	 0.131173 	 0.946193 	 4.141395
  902 	 0.313779 	 0.915867 	 1.399810
  903 	 0.041585 	 0.921973 	 2.976431
  904 	 0.623204 	 0.906959 	 1.928347
  905 	 0.041442 	 0.941120 	 4.058682
  906 	 0.110271 	 0.886912 	 1.207723
  907 	 0.234550 	 0.908897 	 1.926248
  908 	 0.041585 	 0.921516 	 3.173887
  909 	 0.469253 	 0.927566 	 2.276088
  910 	 0.295973 	 0.928638 	 4.058687
  911 	 0.102914 	 0.882835 	 1.424708
  912 	 0.234550 	 0.902611 	 1.996912
  913 	 0.613682 	 0.944012 	 3.249764
  914 	 0.041724 	 0.893934 	 2.276090
  915 	 0.289472 	 0.888204 	 1.221773
  916 	 0.403081 	 0.971337 	 4.056398
  917 	 0.041588 	 0.918762 	 2.023176
  918 	 0.107531 	 0.874212 	 1.645058
  919 	 0.041309 	 0.903751 	 4.058631
  920 	 0.540582 	 0.978963 	 3.201727
  921 	 0.234553 	 0.989078 	 4.063230
  922 	 0.129819 	 0.871033 	 1.341594
  923 	 0.129155 	 0.874153 	 2.276074
  924 	 0.280487 	 0.955854 	 2.988472
  925 	 0.041512 	 0.944358 	 2.994411
  926 	 0.041405 	 0.879527 	 2.060637
  927 	 0.312577 	 0.997420 	 4.059881
  928 	 0.036648 	 0.979487 	 4.061650
  929 	 0.234484 	 0.906015 	 1.932826
  930 	 0.234387 	 0.920081 	 4.141678
  931 	 0.104873 	 0.920459 	 2.276430
  932 	 0.107531 	 0.917554 	 2.276934
  933 	 0.403026 	 0.975470 	 3.229212
  934 	 0.130527 	 0.955816 	 3.201728
  935 	 0.291205 	 0.903980 	 1.645207
  936 	 0.293554 	 0.921305 	 2.982159
  937 	 0.277662 	 0.918973 	 2.016110
  938 	 0.313779 	 0.919628 	 2.006605
  939 	 0.450266 	 0.911393 	 2.072703
  940 	 0.452201 	 0.915431 	 1.928347
  941 	 0.321268 	 0.905817 	 1.521036
  942 	 0.280207 	 0.907372 	 1.522067
  943 	 0.252810 	 0.916230 	 1.900894
  944 	 0.102629 	 0.920627 	 2.061826
  945 	 0.280773 	 0.912543 	 2.185266
  946 	 0.441184 	 0.927989 	 3.252776
  947 	 0.418398 	 0.919732 	 2.059421
  948 	 0.289220 	 0.905306 	 1.548025
  949 	 0.441653 	 0.901724 	 1.604625
  950 	 0.518193 	 0.900591 	 1.676670
  951 	 0.280333 	 0.902646 	 1.546903
  952 	 0.531499 	 0.914047 	 1.383138
  953 	 0.041861 	 0.904285 	 2.061290
  954 	 0.517720 	 0.888509 	 1.358143
  955 	 0.441289 	 0.940634 	 4.054138
  956 	 0.519190 	 0.910542 	 1.384045
  957 	 0.234800 	 0.889692 	 1.547775
  958 	 0.629388 	 0.904759 	 1.381233
  959 	 0.130455 	 0.917184 	 2.274793
  960 	 0.280449 	 0.898112 	 1.198770
  961 	 0.403292 	 0.935184 	 2.982799
  962 	 0.041267 	 0.888546 	 2.060798
  963 	 0.313716 	 0.905714 	 1.644487
  964 	 0.441385 	 0.966733 	 4.063926
  965 	 0.107531 	 0.898847 	 1.928581
  966 	 0.130502 	 0.850053 	 1.547545
  967 	 0.145647 	 0.904084 	 2.076770
  968 	 0.364162 	 0.995351 	 2.982382
  969 	 0.353404 	 0.932679 	 2.853499
  970 	 0.130921 	 0.864014 	 1.757587
  971 	 0.041589 	 0.889265 	 1.791458
  972 	 0.509583 	 0.979172 	 2.978663
  973 	 0.500937 	 0.981747 	 4.058616
  974 	 0.041563 	 0.861942 	 1.399808
  975 	 0.234554 	 0.886214 	 1.416958
  976 	 0.518987 	 0.974351 	 4.059054
  977 	 0.267540 	 0.920796 	 2.276069
  978 	 0.036601 	 0.863600 	 1.381621
  979 	 0.403084 	 0.917688 	 2.117117
  980 	 0.036601 	 0.984540 	 4.142476
  981 	 0.362489 	 0.904999 	 1.645049
  982 	 0.230029 	 0.912442 	 4.142490
  983 	 0.036588 	 0.880714 	 1.762768
  984 	 0.230028 	 0.932618 	 2.299753
  985 	 0.108728 	 1.001871 	 4.142713
  986 	 0.036600 	 0.880220 	 2.299757
  987 	 0.107434 	 0.907214 	 3.189506
  988 	 0.399272 	 0.990607 	 4.142490
  989 	 0.294611 	 0.972323 	 3.202724
  990 	 0.041029 	 0.875729 	 1.655431
  991 	 0.293468 	 0.896219 	 2.002358
  992 	 0.115917 	 0.954097 	 4.067872
  993 	 0.036734 	 0.923770 	 2.006950
  994 	 0.041585 	 0.908485 	 3.118007
  995 	 0.041567 	 0.920501 	 4.140200
  996 	 0.300950 	 0.963441 	 4.058685
  997 	 0.230150 	 0.965152 	 4.058984
  998 	 0.234550 	 0.898495 	 1.977259
  999 	 0.041588 	 0.890764 	 2.299116
 