   0 	 0.121582 	 0.208578 	 0.777890
    1 	 0.126238 	 0.252852 	 0.899658
    2 	 -1.358233 	 0.291253 	 0.899658
    3 	 -0.567098 	 0.440841 	 0.964056
    4 	 -2.697018 	 0.467567 	 1.229419
    5 	 -0.570528 	 0.474214 	 0.977804
    6 	 -3.116296 	 0.452163 	 1.630270
    7 	 -0.959497 	 0.479508 	 1.630270
    8 	 0.156876 	 0.521211 	 0.973011
    9 	 -17.970782 	 0.348638 	 0.953171
   10 	 0.227243 	 0.599678 	 0.953171
   11 	 0.215857 	 0.634376 	 0.953171
   12 	 -0.298991 	 0.602628 	 0.816678
   13 	 0.205977 	 0.638746 	 0.772783
   14 	 0.332209 	 0.672526 	 0.772848
   15 	 0.378151 	 0.685981 	 0.771972
   16 	 0.219394 	 0.692321 	 0.781381
   17 	 0.212994 	 0.692720 	 0.794381
   18 	 0.412580 	 0.714846 	 0.794381
   19 	 0.350234 	 0.702493 	 0.787774
   20 	 0.412580 	 0.703309 	 0.788115
   21 	 0.309102 	 0.704195 	 0.788115
   22 	 0.286644 	 0.723180 	 0.795803
   23 	 0.286949 	 0.724431 	 0.795803
   24 	 0.286949 	 0.724222 	 0.795829
   25 	 0.146864 	 0.689738 	 0.795829
   26 	 0.146864 	 0.708654 	 0.795829
   27 	 0.362391 	 0.728806 	 0.795891
   28 	 0.164860 	 0.719590 	 0.795891
   29 	 0.164860 	 0.711312 	 0.795891
   30 	 0.164834 	 0.670865 	 0.794935
   31 	 0.212848 	 0.686493 	 0.795032
   32 	 0.196622 	 0.673964 	 0.793520
   33 	 0.212848 	 0.687464 	 0.772827
   34 	 0.342209 	 0.717088 	 0.772699
   35 	 0.359506 	 0.714998 	 0.772699
   36 	 0.359506 	 0.724527 	 0.772699
   37 	 0.590548 	 0.743940 	 0.772827
   38 	 0.461395 	 0.741488 	 0.772827
   39 	 0.610924 	 0.746607 	 0.772827
   40 	 0.615432 	 0.753944 	 0.772827
   41 	 0.615432 	 0.757877 	 0.772947
   42 	 0.359893 	 0.752655 	 0.772827
   43 	 0.359893 	 0.747054 	 0.772832
   44 	 0.453728 	 0.757416 	 0.772832
   45 	 0.328466 	 0.753062 	 0.772832
   46 	 0.337443 	 0.732795 	 0.772832
   47 	 0.317468 	 0.732060 	 0.772699
   48 	 0.337443 	 0.743621 	 0.772699
   49 	 0.258340 	 0.739163 	 0.772699
   50 	 0.257382 	 0.731780 	 0.772827
   51 	 0.257403 	 0.751826 	 0.772827
   52 	 0.257403 	 0.740693 	 0.772827
   53 	 0.557334 	 0.754816 	 0.772827
   54 	 0.461845 	 0.758817 	 0.772827
   55 	 0.165611 	 0.749212 	 0.772827
   56 	 0.297066 	 0.753965 	 0.772827
   57 	 0.212382 	 0.754057 	 0.772827
   58 	 0.589889 	 0.761304 	 0.772827
   59 	 0.582229 	 0.761068 	 0.772827
   60 	 0.448386 	 0.754943 	 0.772827
   61 	 0.404080 	 0.754590 	 0.772827
   62 	 0.288046 	 0.752835 	 0.772827
   63 	 0.165584 	 0.756331 	 0.772827
   64 	 0.438500 	 0.760349 	 0.772827
   65 	 0.335443 	 0.758534 	 0.772827
   66 	 0.148247 	 0.741112 	 0.772827
   67 	 0.212721 	 0.760900 	 0.772827
   68 	 0.716754 	 0.763821 	 0.772848
   69 	 0.212701 	 0.758815 	 0.772827
 