   0 	 -0.985941 	 0.262960 	 3.972059
    1 	 0.129880 	 0.711716 	 3.972059
    2 	 -2.514893 	 2.361482 	 9.478547
    3 	 -1.089968 	 3.597219 	 9.478547
    4 	 0.203443 	 4.598664 	 9.478547
    5 	 -0.428886 	 5.849517 	 10.417593
    6 	 0.200725 	 7.357379 	 38.135435
    7 	 0.203986 	 9.968075 	 38.135435
    8 	 -17.710203 	 15.134373 	 47.259344
    9 	 9.478547 	 28.781798 	 47.259344
   10 	 0.275684 	 35.360438 	 47.259344
   11 	 -73.318850 	 35.743299 	 47.259344
   12 	 -1.298798 	 38.816805 	 47.259344
   13 	 -6.738276 	 41.284014 	 156.531339
   14 	 -6.999002 	 43.144661 	 156.531339
   15 	 0.313908 	 60.882873 	 783.953332
   16 	 -24.909538 	 144.889700 	 783.953332
   17 	 -0.380247 	 494.212708 	 783.953332
   18 	 0.275933 	 696.831145 	 783.953332
   19 	 156.531339 	 770.010621 	 783.953332
   20 	 0.224869 	 753.819795 	 783.953332
   21 	 0.168386 	 746.301196 	 783.953332
   22 	 0.597272 	 758.362755 	 783.953332
   23 	 -5.880461 	 742.151565 	 783.953332
   24 	 -0.393899 	 740.527203 	 783.953332
   25 	 -0.393899 	 760.103387 	 783.953332
   26 	 -24.909538 	 757.576551 	 783.953332
   27 	 0.393742 	 758.098502 	 783.953332
   28 	 -24.909538 	 759.320178 	 783.953332
   29 	 -0.460956 	 742.823241 	 783.953332
   30 	 783.953332 	 783.953332 	 783.953332
   31 	 783.953332 	 783.953332 	 783.953332
   32 	 -0.460956 	 758.332497 	 783.953332
   33 	 -25.584716 	 740.160958 	 783.953332
   34 	 -5.880461 	 740.337688 	 783.953332
   35 	 0.224869 	 775.245238 	 783.953332
   36 	 0.313780 	 758.358102 	 783.953332
   37 	 47.259344 	 768.796488 	 783.953332
   38 	 -24.909538 	 723.962227 	 783.953332
   39 	 -114.433228 	 756.488222 	 783.953332
   40 	 -0.393899 	 766.537231 	 783.953332
   41 	 -0.498169 	 766.598271 	 783.953332
   42 	 -1.250786 	 758.331961 	 783.953332
   43 	 0.275997 	 768.274451 	 783.953332
   44 	 4.357526 	 766.739268 	 783.953332
   45 	 -1.250786 	 749.394280 	 783.953332
   46 	 -114.433228 	 705.223273 	 783.953332
   47 	 -0.460956 	 766.529951 	 783.953332
   48 	 -2.792476 	 757.912916 	 783.953332
   49 	 -1.250786 	 749.099391 	 783.953332
   50 	 -1.250786 	 716.276068 	 783.953332
   51 	 -2.792476 	 741.381556 	 783.953332
   52 	 0.204085 	 752.632232 	 783.953332
   53 	 -1.250786 	 758.323805 	 783.953332
   54 	 -0.393899 	 749.282400 	 783.953332
   55 	 -0.498169 	 757.823461 	 783.953332
   56 	 -0.460956 	 740.402591 	 783.953332
   57 	 -5.880461 	 775.177401 	 783.953332
   58 	 0.168386 	 740.420058 	 783.953332
   59 	 1.798243 	 768.325256 	 783.953332
   60 	 -0.498169 	 775.237205 	 783.953332
   61 	 -0.498169 	 760.766202 	 783.953332
   62 	 6.449272 	 769.550922 	 783.953332
   63 	 -0.393899 	 755.003043 	 783.953332
   64 	 783.953332 	 783.953332 	 783.953332
   65 	 46.177279 	 775.755821 	 783.953332
   66 	 -24.909538 	 731.968919 	 783.953332
   67 	 0.275997 	 767.060318 	 783.953332
   68 	 -5.880461 	 758.283588 	 783.953332
   69 	 0.224869 	 766.537712 	 783.953332
 