   0 	 -7.934153 	 0.093720 	 1.242573
    1 	 0.122137 	 0.401639 	 2.207139
    2 	 0.130321 	 0.595560 	 2.233332
    3 	 0.150571 	 1.255829 	 17.153307
    4 	 -18.210076 	 2.507281 	 17.291507
    5 	 -34.558410 	 6.964021 	 50.354772
    6 	 -11.821302 	 28.115814 	 843.958278
    7 	 -5.628288 	 362.433187 	 843.958278
    8 	 11.157890 	 770.768088 	 843.958278
    9 	 -16.430134 	 825.055106 	 1228.541855
   10 	 -3388.597159 	 796.929884 	 843.958278
   11 	 -3411.935841 	 750.625176 	 843.958278
   12 	 -10.150848 	 797.475796 	 843.958278
   13 	 -211.676900 	 822.854013 	 843.958278
   14 	 -94.181008 	 815.228013 	 843.958278
   15 	 -10.150848 	 825.293917 	 843.958278
   16 	 -211.676900 	 775.846671 	 843.958278
   17 	 10.260139 	 817.923720 	 843.958278
   18 	 -211.676900 	 832.228998 	 843.958278
   19 	 843.958278 	 843.958278 	 843.958278
   20 	 -211.676900 	 812.520467 	 843.958278
   21 	 -94.181008 	 806.466252 	 843.958278
   22 	 -3411.935841 	 715.220680 	 843.958278
   23 	 -10.150848 	 825.092429 	 843.958278
   24 	 -16.430134 	 808.897934 	 843.958278
   25 	 74.366896 	 839.680414 	 1228.541855
   26 	 0.140949 	 817.792876 	 1228.541855
   27 	 0.167173 	 845.631747 	 1228.541855
   28 	 0.140949 	 838.003414 	 1228.541855
   29 	 0.184430 	 818.413325 	 1228.541855
   30 	 0.167173 	 860.221727 	 1228.541855
   31 	 -3411.935841 	 842.847383 	 1228.541855
   32 	 -5.620106 	 879.377621 	 1228.541855
   33 	 0.209621 	 931.414594 	 1228.541855
   34 	 1.291495 	 987.800787 	 1228.541855
   35 	 0.209621 	 1021.774088 	 1228.541855
   36 	 0.285306 	 1068.779589 	 1228.541855
   37 	 0.285306 	 1095.182535 	 1228.541855
   38 	 -21.748595 	 1113.541694 	 1228.541855
   39 	 0.184430 	 1145.720255 	 1228.541855
   40 	 642.449486 	 1157.932455 	 1228.541855
   41 	 0.423829 	 1146.602747 	 1228.541855
   42 	 38.402439 	 1185.406028 	 1228.541855
   43 	 -5.620106 	 1156.413248 	 1228.541855
   44 	 0.184444 	 1179.899595 	 1228.541855
   45 	 0.702148 	 1210.626041 	 1228.541855
   46 	 -469.816541 	 1209.671206 	 1228.541855
   47 	 -196.369575 	 1145.426022 	 1228.541855
   48 	 -10.212457 	 1160.816526 	 1228.541855
   49 	 -1507.504717 	 1152.736146 	 1228.541855
   50 	 -196.369575 	 1185.424179 	 1228.541855
   51 	 -1508.057190 	 1186.109341 	 1228.541855
   52 	 1228.541855 	 1228.541855 	 1228.541855
   53 	 -91.046512 	 1203.173233 	 1228.541855
   54 	 0.598833 	 1214.898044 	 1228.541855
   55 	 -91.046512 	 1186.673863 	 1228.541855
   56 	 -10.147202 	 1214.778643 	 1228.541855
   57 	 0.303166 	 1188.559569 	 1228.541855
   58 	 -91.046512 	 1166.552869 	 1228.541855
   59 	 10.303173 	 1215.005870 	 1228.541855
   60 	 0.140944 	 1149.574965 	 1228.541855
   61 	 -1507.504717 	 1198.141337 	 1228.541855
   62 	 -1507.504717 	 1143.721768 	 1228.541855
   63 	 -1507.504717 	 1144.567691 	 1228.541855
   64 	 -469.816541 	 1150.957188 	 1228.541855
   65 	 1.292257 	 1214.905748 	 1228.541855
   66 	 -5.620106 	 1202.803086 	 1228.541855
   67 	 -1507.504717 	 1177.916289 	 1228.541855
   68 	 -91.046512 	 1173.386473 	 1228.541855
   69 	 -5.620106 	 1210.555793 	 1228.541855
 