   0 	 0.124752 	 0.409877 	 10.229589
    1 	 -40.004353 	 1.245052 	 10.229589
    2 	 -0.313918 	 5.834536 	 11.072061
    3 	 0.267155 	 9.614692 	 10.633749
    4 	 -6.399726 	 9.426208 	 10.229589
    5 	 0.389286 	 9.952220 	 10.633749
    6 	 -40.004353 	 9.347474 	 14.747040
    7 	 -4.463870 	 9.505659 	 10.633749
    8 	 -6.399726 	 9.947079 	 12.642629
    9 	 0.354517 	 10.089139 	 12.642629
   10 	 1.918991 	 10.115344 	 12.642629
   11 	 0.154248 	 10.155313 	 12.642629
   12 	 0.336270 	 10.136977 	 12.642629
   13 	 -40.004353 	 9.486349 	 12.642629
   14 	 -6.399726 	 9.948242 	 12.642629
   15 	 0.390809 	 10.215059 	 12.642629
   16 	 -0.264467 	 9.853069 	 12.642629
   17 	 -4.463870 	 10.058821 	 12.642629
   18 	 -40.004353 	 9.454994 	 12.071097
   19 	 0.154248 	 9.934297 	 12.071097
   20 	 0.336270 	 10.067274 	 12.071097
   21 	 6.399675 	 10.088722 	 10.633749
   22 	 0.336270 	 10.029993 	 10.633749
   23 	 -4.463870 	 9.824218 	 10.229589
   24 	 5.846365 	 10.085140 	 10.229589
   25 	 1.918991 	 10.018560 	 12.071097
   26 	 -0.264467 	 9.886192 	 12.071097
   27 	 -0.828764 	 9.767985 	 12.071097
   28 	 -6.399726 	 9.603317 	 12.654038
   29 	 -0.614241 	 10.108318 	 12.071097
   30 	 5.846365 	 10.234103 	 12.071097
   31 	 -0.617985 	 10.129174 	 12.071097
   32 	 6.399675 	 10.254863 	 12.071097
   33 	 5.971536 	 10.230324 	 12.071097
   34 	 -40.004353 	 9.657491 	 12.071097
   35 	 0.227571 	 9.911563 	 12.071097
   36 	 0.335259 	 9.972074 	 12.071097
   37 	 -0.451440 	 9.859363 	 12.071097
   38 	 0.206428 	 10.164243 	 12.071097
   39 	 1.905133 	 10.247884 	 12.071097
   40 	 -6.399726 	 9.614169 	 12.071097
   41 	 0.154248 	 10.216020 	 12.071097
   42 	 3.539440 	 10.281516 	 12.071097
   43 	 1.963674 	 10.179263 	 12.071097
   44 	 0.168463 	 10.093831 	 12.654038
   45 	 -6.399726 	 9.799078 	 12.071097
   46 	 -4.463870 	 9.985465 	 12.071097
   47 	 0.267155 	 9.915105 	 12.071097
   48 	 -4.463870 	 9.865723 	 12.071097
   49 	 8.918364 	 10.166860 	 10.633749
   50 	 0.168463 	 9.788194 	 10.633749
   51 	 9.340746 	 10.171774 	 10.375900
   52 	 -40.004353 	 9.484326 	 10.375900
   53 	 -44.401638 	 9.207366 	 10.229589
   54 	 0.267155 	 10.043352 	 10.229589
   55 	 3.539440 	 10.061551 	 10.229589
   56 	 -4.463870 	 9.825274 	 10.229589
   57 	 -6.622941 	 9.830965 	 10.229589
   58 	 -4.574667 	 9.968361 	 10.229589
   59 	 9.764278 	 10.145970 	 10.229589
   60 	 4.134924 	 10.078251 	 10.229589
   61 	 -4.463870 	 9.846709 	 10.229589
   62 	 0.267155 	 9.961201 	 10.229589
   63 	 -40.004353 	 9.539331 	 10.229589
   64 	 -40.004353 	 9.387399 	 10.229589
   65 	 -0.614241 	 9.747544 	 10.229589
   66 	 -40.004353 	 9.384800 	 12.654038
   67 	 -0.825807 	 9.970210 	 12.654038
   68 	 -40.004353 	 9.416552 	 12.654038
   69 	 -40.004353 	 9.024635 	 12.654038
 