   0 	 -0.653305 	 0.320163 	 6.126929
    1 	 -5.079595 	 1.196651 	 7.863226
    2 	 0.136754 	 4.807097 	 40.031269
    3 	 0.454636 	 9.325958 	 40.031269
    4 	 0.397207 	 18.189571 	 48.691857
    5 	 -21.279789 	 32.180996 	 44.203388
    6 	 0.621859 	 37.767973 	 40.031269
    7 	 0.159938 	 38.695458 	 64.359817
    8 	 6.126929 	 39.924871 	 64.359817
    9 	 0.223777 	 39.263274 	 64.359817
   10 	 0.163231 	 39.936060 	 64.359817
   11 	 10.017947 	 41.241831 	 64.359817
   12 	 0.621859 	 40.263620 	 64.359817
   13 	 -1.649023 	 41.402312 	 64.359817
   14 	 -1.649023 	 41.715845 	 64.359817
   15 	 0.346359 	 42.498353 	 64.359817
   16 	 0.336805 	 44.542437 	 64.359817
   17 	 -77.458395 	 45.289380 	 164.592972
   18 	 0.541722 	 56.132697 	 164.592972
   19 	 0.166206 	 70.477160 	 164.592972
   20 	 -293.249141 	 91.099500 	 164.592972
   21 	 -293.249141 	 115.725343 	 260.547918
   22 	 -428.261205 	 134.474333 	 623.863111
   23 	 -348.063856 	 158.836696 	 260.547918
   24 	 64.359817 	 174.931733 	 623.863111
   25 	 -1576.994414 	 169.343520 	 623.863111
   26 	 -1294.219424 	 254.732283 	 623.863111
   27 	 -27.398691 	 395.748957 	 623.863111
   28 	 3.345793 	 514.297935 	 623.863111
   29 	 0.950424 	 587.992534 	 623.863111
   30 	 -1294.219424 	 580.397133 	 623.863111
   31 	 0.626452 	 603.153000 	 623.863111
   32 	 -14.091770 	 582.242582 	 623.863111
   33 	 -14.091770 	 589.372625 	 623.863111
   34 	 623.863111 	 623.863111 	 623.863111
   35 	 -14.091770 	 604.777591 	 623.863111
   36 	 0.160015 	 596.224317 	 623.863111
   37 	 -14.091770 	 602.915362 	 623.863111
   38 	 -1294.219424 	 590.518116 	 623.863111
   39 	 -317.973749 	 598.668738 	 623.863111
   40 	 -1294.219424 	 582.444950 	 623.863111
   41 	 -135.854517 	 595.393532 	 623.863111
   42 	 623.863111 	 623.863111 	 623.863111
   43 	 -317.973749 	 606.162015 	 623.863111
   44 	 -317.973749 	 599.547143 	 623.863111
   45 	 -61.144115 	 594.838388 	 623.863111
   46 	 -1294.219424 	 595.631098 	 623.863111
   47 	 -1294.219424 	 602.551083 	 623.863111
   48 	 -27.398691 	 602.784040 	 623.863111
   49 	 623.863111 	 623.863111 	 623.863111
   50 	 -317.973749 	 599.518928 	 623.863111
   51 	 -14.091770 	 602.960607 	 623.863111
   52 	 -126.622382 	 601.486590 	 623.863111
   53 	 -1294.219424 	 583.732830 	 623.863111
   54 	 -1294.219424 	 567.766525 	 623.863111
   55 	 3.661564 	 611.868982 	 623.863111
   56 	 -14.091770 	 602.927735 	 623.863111
   57 	 -27.398691 	 588.926991 	 623.863111
   58 	 -317.973749 	 585.869856 	 623.863111
   59 	 164.592972 	 618.760110 	 623.863111
   60 	 -14.091770 	 589.216997 	 623.863111
   61 	 0.345729 	 616.935141 	 623.863111
   62 	 -1576.994414 	 592.621858 	 623.863111
   63 	 -1294.219424 	 568.262717 	 623.863111
   64 	 -1294.219424 	 588.842211 	 623.863111
   65 	 -1294.219424 	 581.613397 	 623.863111
   66 	 0.160015 	 610.080067 	 623.863111
   67 	 -27.398691 	 596.378072 	 623.863111
   68 	 -14.091770 	 609.846753 	 623.863111
   69 	 -1.583476 	 603.034376 	 623.863111
 