   0 	 -0.376635 	 0.311350 	 5.346404
    1 	 0.125210 	 1.334798 	 6.345549
    2 	 -2.816080 	 2.655856 	 7.637523
    3 	 0.178195 	 4.519547 	 7.692160
    4 	 0.136301 	 5.440586 	 7.677958
    5 	 2.644135 	 5.879795 	 7.677958
    6 	 0.307215 	 5.908036 	 7.695998
    7 	 2.209643 	 6.299597 	 21.445541
    8 	 2.526076 	 6.918017 	 21.445541
    9 	 2.526076 	 9.985630 	 122.970586
   10 	 0.298258 	 41.639947 	 240.630356
   11 	 0.165537 	 105.252112 	 240.630356
   12 	 0.165644 	 125.155899 	 240.630356
   13 	 0.214461 	 125.093676 	 240.630356
   14 	 122.970586 	 134.129103 	 240.630356
   15 	 122.970586 	 138.832351 	 240.630356
   16 	 75.929231 	 141.665397 	 441.917009
   17 	 75.929231 	 142.972728 	 441.917009
   18 	 9.499334 	 151.780665 	 441.917009
   19 	 0.210624 	 173.724813 	 443.437816
   20 	 26.393017 	 218.434741 	 441.917009
   21 	 0.165538 	 270.401539 	 441.917009
   22 	 1.464557 	 343.421318 	 441.917009
   23 	 0.493863 	 378.174570 	 462.626156
   24 	 34.907293 	 403.805106 	 462.626156
   25 	 0.450560 	 450.328300 	 3789.210559
   26 	 1.429827 	 839.454111 	 3789.210559
   27 	 1.026795 	 2257.070234 	 3789.210559
   28 	 0.214462 	 3450.501584 	 3789.210559
   29 	 1.439293 	 3709.932061 	 3789.210559
   30 	 462.626156 	 3744.189222 	 3789.210559
   31 	 0.165538 	 3676.610055 	 3789.210559
   32 	 0.214462 	 3593.755761 	 3789.210559
   33 	 121.271229 	 3686.486602 	 3977.612925
   34 	 430.089818 	 3685.296407 	 3977.612925
   35 	 0.214462 	 3749.677666 	 3904.728419
   36 	 7.965693 	 3668.625732 	 3977.612925
   37 	 0.214462 	 3693.661329 	 3977.612925
   38 	 3.829502 	 3655.942407 	 3904.728419
   39 	 2278.791072 	 3753.594831 	 3904.728419
   40 	 61.542763 	 3706.684075 	 3904.728419
   41 	 0.165645 	 3634.798362 	 3904.728419
   42 	 0.214462 	 3576.302774 	 3904.728419
   43 	 3063.874641 	 3805.538375 	 3904.728419
   44 	 0.133818 	 3688.688368 	 3904.728419
   45 	 2462.756471 	 3801.426348 	 3904.728419
   46 	 0.211131 	 3738.468501 	 3904.728419
   47 	 0.214462 	 3779.198897 	 3904.728419
   48 	 61.751769 	 3740.414371 	 3904.728419
   49 	 7.965693 	 3767.017041 	 3904.728419
   50 	 142.220774 	 3765.583603 	 3904.728419
   51 	 1944.795992 	 3781.761622 	 3904.728419
   52 	 1944.795992 	 3746.957406 	 3904.728419
   53 	 0.493925 	 3649.625179 	 3904.728419
   54 	 0.214462 	 3641.187386 	 3904.728419
   55 	 1944.795992 	 3769.660444 	 3904.728419
   56 	 2.882749 	 3728.265162 	 4002.448468
   57 	 121.271229 	 3742.616850 	 4002.448468
   58 	 0.211131 	 3598.724908 	 3904.728419
   59 	 0.133817 	 3564.051933 	 3904.728419
   60 	 10.009642 	 3706.363253 	 3904.728419
   61 	 0.494132 	 3679.999746 	 3977.612925
   62 	 7.960384 	 3721.363808 	 3904.728419
   63 	 10.009642 	 3656.438865 	 3904.728419
   64 	 10.083552 	 3748.523577 	 4002.448468
   65 	 1.439293 	 3751.104830 	 4002.448468
   66 	 0.211131 	 3684.319781 	 3904.728419
   67 	 0.211120 	 3808.361993 	 3904.728419
   68 	 791.503749 	 3778.404184 	 4002.448468
   69 	 3.824963 	 3820.114277 	 4002.448468
 