   0 	 -0.768601 	 0.277136 	 3.451697
    1 	 -0.670712 	 0.668964 	 3.870951
    2 	 -9.933524 	 0.853079 	 3.870951
    3 	 -0.448124 	 1.954504 	 5.535965
    4 	 0.192418 	 2.898482 	 6.687944
    5 	 0.136116 	 3.507894 	 9.019581
    6 	 0.223095 	 4.397717 	 40.479926
    7 	 0.251596 	 9.331259 	 40.479926
    8 	 3.347408 	 25.589986 	 40.479926
    9 	 0.136959 	 34.618379 	 40.479926
   10 	 0.195210 	 36.896552 	 40.479926
   11 	 1.453475 	 37.387876 	 40.479926
   12 	 5.542036 	 38.376205 	 40.479926
   13 	 -5.478028 	 38.231713 	 42.402192
   14 	 25.956919 	 38.796105 	 40.479926
   15 	 0.194163 	 38.616220 	 40.479926
   16 	 34.332552 	 39.749635 	 40.479926
   17 	 34.332552 	 39.823856 	 40.479926
   18 	 0.438359 	 38.942133 	 40.479926
   19 	 3.222606 	 38.687708 	 40.479926
   20 	 0.354158 	 39.471126 	 40.479926
   21 	 23.326698 	 40.019569 	 40.479926
   22 	 0.136959 	 39.472983 	 40.479926
   23 	 -5.490692 	 39.326271 	 44.516789
   24 	 -5.478028 	 37.217122 	 44.516789
   25 	 35.285020 	 40.274821 	 44.516789
   26 	 0.354311 	 39.664343 	 44.519132
   27 	 10.268450 	 40.207356 	 44.516789
   28 	 10.268450 	 40.095305 	 44.516789
   29 	 0.195210 	 38.856424 	 44.516789
   30 	 -97.623675 	 38.149542 	 44.519132
   31 	 -97.623675 	 38.573565 	 44.516789
   32 	 0.195210 	 40.179880 	 44.516789
   33 	 37.386790 	 40.750736 	 44.516789
   34 	 0.136961 	 39.176323 	 44.516789
   35 	 -5.490692 	 40.143754 	 44.516789
   36 	 3.222606 	 40.459272 	 44.519132
   37 	 38.720787 	 40.769760 	 44.519132
   38 	 -109.135315 	 38.630921 	 44.519132
   39 	 -97.812610 	 38.470678 	 44.519132
   40 	 0.743075 	 40.355574 	 44.519132
   41 	 -109.135315 	 38.436715 	 44.519132
   42 	 -97.812610 	 38.952066 	 44.519132
   43 	 26.635318 	 40.379217 	 44.516789
   44 	 0.743165 	 39.426470 	 44.516789
   45 	 0.136960 	 37.836892 	 44.516789
   46 	 0.901608 	 38.923238 	 42.402192
   47 	 0.901608 	 39.054770 	 40.479926
   48 	 0.166792 	 39.614942 	 40.479926
   49 	 0.435571 	 40.033492 	 40.479926
   50 	 0.743165 	 38.913388 	 40.479926
   51 	 5.542036 	 39.816719 	 40.479926
   52 	 0.166792 	 38.557885 	 40.479926
   53 	 29.646273 	 40.059420 	 40.479926
   54 	 10.017611 	 39.604985 	 40.479926
   55 	 -5.478028 	 38.520362 	 40.479926
   56 	 23.272256 	 40.096101 	 40.479926
   57 	 0.195210 	 39.271576 	 40.479926
   58 	 0.210636 	 39.717340 	 40.479926
   59 	 5.542036 	 39.417560 	 40.479926
   60 	 0.136960 	 38.884255 	 40.479926
   61 	 0.743165 	 39.709608 	 40.479926
   62 	 5.542036 	 39.897253 	 40.479926
   63 	 0.288675 	 40.024673 	 40.479926
   64 	 40.130274 	 40.471267 	 40.479926
   65 	 0.288462 	 39.516298 	 40.479926
   66 	 0.166791 	 39.717249 	 40.479926
   67 	 -97.623675 	 38.771607 	 40.479926
   68 	 0.742439 	 39.921620 	 40.479926
   69 	 0.210620 	 40.031106 	 40.479926
 