   0 	 0.014340 	 0.059923 	 0.574449
    1 	 0.016440 	 0.153038 	 0.574449
    2 	 0.021161 	 0.333974 	 2.209358
    3 	 0.027924 	 0.517307 	 6.242787
    4 	 0.042285 	 0.845764 	 5.487324
    5 	 0.021238 	 1.211613 	 7.673156
    6 	 0.022810 	 1.381135 	 6.911576
    7 	 0.032016 	 1.710035 	 17.376273
    8 	 0.037153 	 1.109354 	 7.986551
    9 	 0.035984 	 1.717084 	 27.452641
   10 	 0.036025 	 1.547879 	 26.915382
   11 	 0.036426 	 2.265306 	 26.537839
   12 	 0.033016 	 3.654872 	 27.758255
   13 	 0.037537 	 3.431822 	 27.452641
   14 	 0.036025 	 2.186054 	 30.288094
   15 	 0.036426 	 2.302426 	 26.640239
   16 	 0.033016 	 3.622147 	 27.758255
   17 	 0.037537 	 3.431792 	 27.452641
   18 	 0.036025 	 2.535494 	 30.288094
   19 	 0.036426 	 2.322906 	 26.640239
   20 	 0.033016 	 3.606219 	 27.758255
   21 	 0.037537 	 3.431792 	 27.452641
   22 	 0.036025 	 2.461681 	 30.288094
   23 	 0.036426 	 2.259255 	 26.640239
   24 	 0.033016 	 3.672454 	 27.758255
   25 	 0.037537 	 3.418411 	 27.452641
   26 	 0.036025 	 2.464431 	 30.288094
   27 	 0.036426 	 2.240618 	 26.640239
   28 	 0.033016 	 3.669291 	 27.758255
   29 	 0.032611 	 3.765467 	 27.452641
   30 	 0.036025 	 2.222680 	 30.288094
   31 	 0.036291 	 2.559031 	 30.664362
   32 	 0.033016 	 3.641900 	 27.758255
   33 	 0.032611 	 3.756222 	 27.555041
   34 	 0.036025 	 2.624975 	 30.288094
   35 	 0.036291 	 2.258489 	 30.664362
   36 	 0.020178 	 3.643541 	 27.758255
   37 	 0.032611 	 3.775718 	 27.555041
   38 	 0.036025 	 2.977571 	 49.558675
   39 	 0.036291 	 2.591289 	 30.664362
   40 	 0.020178 	 3.644819 	 27.758255
   41 	 0.032611 	 3.743201 	 27.555041
   42 	 0.034403 	 2.976616 	 49.558675
   43 	 0.036070 	 2.687234 	 30.664362
   44 	 0.020178 	 3.670419 	 29.066948
   45 	 0.032611 	 4.054390 	 27.723644
   46 	 0.034403 	 2.964387 	 49.558675
   47 	 0.036070 	 2.869580 	 30.664362
   48 	 0.020178 	 4.050753 	 29.066948
   49 	 0.032611 	 4.025612 	 27.723644
   50 	 0.034403 	 3.062945 	 49.558675
   51 	 0.036070 	 3.190671 	 30.664362
   52 	 0.020178 	 4.051796 	 29.066948
   53 	 0.032611 	 4.080752 	 27.723644
   54 	 0.033266 	 3.068041 	 49.558675
   55 	 0.036070 	 3.092536 	 30.664362
   56 	 0.020178 	 4.065381 	 30.061058
   57 	 0.032611 	 4.106327 	 27.723644
   58 	 0.033266 	 3.149961 	 49.558675
   59 	 0.036070 	 3.082832 	 30.664362
   60 	 0.020178 	 3.806015 	 30.061058
   61 	 0.032611 	 4.115006 	 27.723644
   62 	 0.033266 	 3.094109 	 49.558675
   63 	 0.036070 	 3.075237 	 30.664362
   64 	 0.020178 	 3.919935 	 30.061058
   65 	 0.032611 	 4.135486 	 27.723644
   66 	 0.033266 	 3.077781 	 49.558675
   67 	 0.036070 	 3.075237 	 30.664362
   68 	 0.020178 	 4.247615 	 30.061058
   69 	 0.032611 	 4.114982 	 27.723644
   70 	 0.027311 	 3.010049 	 49.558675
   71 	 0.036070 	 3.144030 	 30.664362
   72 	 0.020178 	 4.013623 	 36.614658
   73 	 0.032611 	 4.089633 	 27.723644
   74 	 0.027311 	 3.020793 	 49.558675
   75 	 0.036070 	 3.151703 	 30.664362
   76 	 0.020178 	 4.218083 	 36.614658
   77 	 0.032611 	 4.048718 	 27.723644
   78 	 0.027311 	 3.022052 	 49.558675
   79 	 0.036070 	 2.834334 	 30.664362
   80 	 0.020178 	 4.219363 	 36.614658
   81 	 0.032611 	 3.700024 	 27.723644
   82 	 0.027311 	 3.011031 	 49.558675
   83 	 0.018817 	 2.801419 	 30.664362
   84 	 0.020178 	 4.182805 	 36.614658
   85 	 0.032611 	 4.361764 	 53.142432
   86 	 0.027311 	 3.011239 	 49.558675
   87 	 0.018817 	 2.806539 	 30.664362
   88 	 0.020178 	 4.178031 	 36.614658
   89 	 0.032611 	 4.309853 	 53.142432
   90 	 0.018089 	 3.062547 	 49.558675
   91 	 0.018817 	 2.824856 	 30.664362
   92 	 0.020178 	 5.163631 	 55.281347
   93 	 0.032611 	 4.638813 	 53.142432
   94 	 0.018089 	 3.057700 	 49.558675
   95 	 0.018817 	 2.755676 	 30.664362
   96 	 0.020178 	 5.245551 	 55.281347
   97 	 0.032611 	 4.971613 	 53.142432
   98 	 0.018089 	 3.057700 	 49.558675
   99 	 0.018226 	 2.755468 	 30.664362
  100 	 0.020178 	 4.950767 	 55.281347
  101 	 0.032611 	 5.299293 	 54.867815
  102 	 0.018089 	 3.031794 	 49.558675
  103 	 0.018226 	 2.755468 	 30.664362
  104 	 0.020178 	 5.224988 	 55.281347
  105 	 0.032611 	 5.285988 	 54.867815
  106 	 0.018089 	 3.043374 	 49.558675
  107 	 0.018226 	 3.086845 	 30.664362
  108 	 0.020178 	 5.851433 	 55.281347
  109 	 0.032611 	 5.166076 	 54.867815
  110 	 0.018089 	 3.145402 	 49.558675
  111 	 0.018226 	 3.087593 	 30.664362
  112 	 0.020178 	 5.851166 	 55.281347
  113 	 0.032611 	 5.178398 	 54.867815
  114 	 0.018089 	 3.053365 	 49.558675
  115 	 0.018226 	 3.306820 	 30.664362
  116 	 0.020178 	 5.871112 	 55.281347
  117 	 0.032611 	 5.505584 	 54.867815
  118 	 0.018089 	 3.039447 	 49.558675
  119 	 0.018226 	 3.313220 	 30.664362
  120 	 0.020178 	 5.905037 	 55.281347
  121 	 0.018920 	 5.503767 	 54.867815
  122 	 0.018089 	 3.119510 	 49.558675
  123 	 0.018226 	 3.406295 	 52.854638
  124 	 0.020178 	 5.893196 	 55.281347
  125 	 0.018920 	 5.127186 	 54.867815
  126 	 0.018089 	 3.448443 	 49.558675
  127 	 0.018226 	 3.248468 	 52.854638
  128 	 0.020178 	 5.909241 	 55.281347
  129 	 0.018920 	 5.536786 	 54.867815
  130 	 0.018089 	 3.776123 	 49.558675
  131 	 0.018226 	 3.244054 	 52.854638
  132 	 0.020178 	 5.874688 	 55.281347
  133 	 0.018920 	 5.557266 	 54.867815
  134 	 0.018089 	 4.103803 	 49.558675
  135 	 0.018226 	 3.241683 	 52.854638
  136 	 0.020178 	 5.874688 	 55.281347
  137 	 0.018920 	 5.621448 	 54.867815
  138 	 0.018089 	 4.103803 	 49.558675
  139 	 0.018226 	 3.323603 	 52.854638
  140 	 0.020178 	 5.870413 	 55.281347
  141 	 0.018920 	 5.621448 	 54.867815
  142 	 0.018089 	 4.183386 	 49.558675
  143 	 0.018226 	 3.306127 	 52.854638
  144 	 0.020136 	 5.412076 	 55.281347
  145 	 0.018920 	 5.726810 	 54.867815
  146 	 0.018089 	 4.788440 	 49.661075
  147 	 0.018226 	 3.297583 	 52.854638
  148 	 0.020136 	 5.580913 	 55.281347
  149 	 0.018920 	 5.731085 	 54.867815
  150 	 0.018089 	 4.789720 	 49.661075
  151 	 0.018226 	 2.917016 	 52.854638
  152 	 0.020136 	 5.577407 	 55.281347
  153 	 0.018920 	 5.897317 	 54.867815
  154 	 0.018089 	 4.672007 	 49.661075
  155 	 0.018226 	 2.688327 	 28.475268
  156 	 0.020136 	 5.809884 	 55.281347
  157 	 0.035118 	 5.893111 	 54.867815
  158 	 0.018089 	 4.649377 	 49.661075
  159 	 0.018226 	 2.693947 	 28.475268
  160 	 0.020136 	 5.891385 	 55.281347
  161 	 0.035118 	 5.634165 	 54.867815
  162 	 0.018089 	 4.632152 	 49.661075
  163 	 0.018226 	 2.672768 	 28.475268
  164 	 0.020136 	 5.884076 	 55.281347
  165 	 0.035118 	 5.635445 	 54.867815
  166 	 0.018089 	 4.963515 	 49.661075
  167 	 0.018226 	 2.672768 	 28.475268
  168 	 0.020136 	 5.885356 	 55.281347
  169 	 0.033208 	 5.595347 	 54.867815
  170 	 0.018089 	 4.946722 	 49.661075
  171 	 0.018226 	 2.780288 	 30.113668
  172 	 0.020136 	 5.905836 	 55.281347
  173 	 0.033208 	 5.544209 	 54.867815
  174 	 0.018089 	 4.427969 	 30.288094
  175 	 0.018226 	 2.887808 	 30.113668
  176 	 0.033016 	 5.901032 	 55.281347
  177 	 0.033208 	 5.528137 	 54.867815
  178 	 0.018089 	 4.756275 	 30.288094
  179 	 0.018226 	 3.297408 	 30.113668
  180 	 0.033016 	 5.921669 	 55.281347
  181 	 0.033208 	 5.528137 	 54.867815
  182 	 0.018089 	 4.850391 	 30.288094
  183 	 0.018226 	 3.297282 	 30.113668
  184 	 0.033016 	 6.008593 	 55.281347
  185 	 0.033208 	 5.533257 	 54.867815
  186 	 0.018089 	 4.851671 	 30.288094
  187 	 0.018226 	 2.949090 	 27.768651
  188 	 0.033016 	 5.952198 	 55.281347
  189 	 0.036012 	 5.531505 	 54.867815
  190 	 0.018089 	 4.959190 	 30.288094
  191 	 0.018226 	 2.966220 	 27.768651
  192 	 0.033016 	 5.952722 	 55.281347
  193 	 0.036012 	 5.536625 	 54.867815
  194 	 0.018089 	 4.716787 	 30.288094
  195 	 0.018226 	 2.584133 	 27.768651
  196 	 0.033016 	 5.409051 	 55.281347
  197 	 0.036012 	 5.429988 	 54.867815
  198 	 0.018089 	 4.667755 	 30.288094
  199 	 0.018226 	 2.667333 	 27.768651
  200 	 0.033016 	 5.102421 	 55.281347
  201 	 0.036012 	 5.122101 	 54.867815
  202 	 0.018089 	 4.674536 	 30.288094
  203 	 0.018226 	 2.679362 	 27.768651
  204 	 0.033016 	 5.211127 	 55.281347
  205 	 0.036012 	 5.044277 	 54.867815
  206 	 0.018089 	 4.690835 	 30.288094
  207 	 0.018226 	 3.007042 	 27.768651
  208 	 0.033016 	 5.293045 	 55.281347
  209 	 0.036012 	 5.044277 	 54.867815
  210 	 0.018089 	 4.692037 	 30.288094
  211 	 0.018226 	 3.007042 	 27.768651
  212 	 0.033016 	 5.298165 	 55.281347
  213 	 0.036012 	 4.954248 	 54.867815
  214 	 0.018089 	 4.681276 	 30.288094
  215 	 0.018226 	 3.332397 	 27.768651
  216 	 0.033016 	 5.320346 	 55.281347
  217 	 0.036012 	 4.911636 	 54.867815
  218 	 0.018089 	 4.706576 	 30.288094
  219 	 0.018226 	 3.632905 	 27.768651
  220 	 0.033016 	 5.177663 	 55.281347
  221 	 0.036012 	 5.253577 	 54.867815
  222 	 0.018089 	 4.725904 	 30.288094
  223 	 0.018226 	 3.300321 	 27.768651
  224 	 0.033016 	 5.052981 	 55.281347
  225 	 0.036012 	 5.598337 	 54.867815
  226 	 0.018089 	 4.789859 	 30.288094
  227 	 0.018226 	 3.383521 	 27.768651
  228 	 0.033016 	 5.462502 	 55.281347
  229 	 0.036012 	 5.551505 	 54.867815
  230 	 0.018089 	 4.778584 	 30.288094
  231 	 0.018226 	 3.804521 	 27.768651
  232 	 0.033016 	 5.089470 	 55.281347
  233 	 0.036012 	 4.994183 	 54.867815
  234 	 0.018089 	 4.864543 	 30.288094
  235 	 0.018226 	 3.481646 	 27.768651
  236 	 0.033016 	 5.042887 	 55.281347
  237 	 0.036012 	 5.015943 	 54.867815
  238 	 0.018089 	 4.921124 	 30.288094
  239 	 0.018226 	 3.481574 	 27.768651
  240 	 0.033016 	 4.834644 	 55.281347
  241 	 0.032079 	 5.016457 	 54.867815
  242 	 0.018089 	 5.250083 	 30.288094
  243 	 0.018226 	 3.809005 	 31.173506
  244 	 0.018145 	 4.776285 	 55.281347
  245 	 0.032079 	 5.427312 	 54.867815
  246 	 0.018089 	 5.581366 	 55.111747
  247 	 0.018226 	 3.795738 	 31.173506
  248 	 0.018145 	 4.858205 	 55.281347
  249 	 0.032079 	 5.504776 	 54.867815
  250 	 0.018089 	 5.273937 	 55.111747
  251 	 0.018226 	 4.010200 	 31.173506
  252 	 0.018145 	 5.138364 	 55.281347
  253 	 0.030003 	 5.427554 	 54.867815
  254 	 0.018089 	 5.437513 	 55.111747
  255 	 0.018226 	 4.666840 	 33.329518
  256 	 0.018145 	 5.135269 	 55.281347
  257 	 0.030003 	 5.335271 	 54.867815
  258 	 0.018089 	 5.596893 	 55.111747
  259 	 0.018226 	 4.336918 	 33.329518
  260 	 0.018145 	 5.136529 	 55.281347
  261 	 0.030003 	 5.417191 	 54.867815
  262 	 0.018089 	 5.598173 	 55.111747
  263 	 0.018226 	 4.336918 	 33.329518
  264 	 0.018145 	 5.135632 	 55.281347
  265 	 0.029022 	 5.349047 	 54.867815
  266 	 0.018089 	 5.668469 	 55.111747
  267 	 0.018226 	 4.986159 	 34.457068
  268 	 0.018145 	 5.156112 	 55.281347
  269 	 0.025073 	 5.676665 	 54.867815
  270 	 0.018089 	 5.668469 	 55.111747
  271 	 0.018226 	 5.047805 	 39.883118
  272 	 0.018145 	 5.059558 	 55.281347
  273 	 0.025073 	 6.004345 	 54.867815
  274 	 0.018089 	 5.770869 	 55.111747
  275 	 0.018226 	 4.879618 	 39.883118
  276 	 0.018145 	 4.420735 	 55.281347
  277 	 0.025073 	 6.680185 	 54.867815
  278 	 0.018089 	 5.792021 	 55.111747
  279 	 0.018226 	 4.856822 	 39.883118
  280 	 0.018145 	 4.497294 	 55.281347
  281 	 0.025073 	 6.700638 	 54.867815
  282 	 0.018089 	 5.866055 	 55.111747
  283 	 0.018226 	 4.875996 	 39.883118
  284 	 0.018145 	 4.603888 	 55.281347
  285 	 0.025073 	 6.611245 	 54.867815
  286 	 0.018089 	 5.949255 	 55.111747
  287 	 0.018226 	 4.967118 	 39.883118
  288 	 0.016913 	 4.555422 	 55.281347
  289 	 0.025073 	 6.909550 	 54.867815
  290 	 0.018089 	 6.278187 	 59.124444
  291 	 0.018091 	 4.968286 	 39.883118
  292 	 0.016913 	 4.556702 	 55.281347
  293 	 0.025073 	 6.919790 	 55.277414
  294 	 0.018089 	 6.278187 	 59.124444
  295 	 0.018091 	 4.968286 	 39.883118
  296 	 0.016913 	 4.556701 	 55.281347
  297 	 0.025073 	 6.911184 	 55.277414
  298 	 0.018089 	 6.283307 	 59.124444
  299 	 0.018091 	 5.293914 	 39.883118
  300 	 0.016913 	 4.535242 	 55.281347
  301 	 0.025073 	 6.993006 	 55.277414
  302 	 0.018089 	 6.222587 	 59.124444
  303 	 0.018091 	 5.299034 	 39.883118
  304 	 0.016913 	 4.617162 	 55.281347
  305 	 0.025073 	 6.633993 	 55.277414
  306 	 0.018089 	 6.117443 	 59.124444
  307 	 0.018091 	 5.860384 	 39.883118
  308 	 0.016913 	 4.564494 	 55.281347
  309 	 0.025073 	 6.550050 	 55.277414
  310 	 0.018089 	 6.710570 	 59.124444
  311 	 0.018091 	 5.865413 	 39.883118
  312 	 0.016913 	 4.886139 	 55.281347
  313 	 0.018524 	 6.620681 	 55.277414
  314 	 0.018089 	 6.989191 	 59.124444
  315 	 0.018091 	 6.198213 	 53.983049
  316 	 0.016913 	 4.973172 	 55.281347
  317 	 0.018524 	 6.620681 	 55.277414
  318 	 0.018089 	 6.994311 	 59.124444
  319 	 0.018091 	 6.179073 	 53.983049
  320 	 0.016913 	 4.889481 	 55.281347
  321 	 0.018524 	 6.693971 	 55.277414
  322 	 0.018089 	 6.986474 	 59.124444
  323 	 0.018091 	 6.180488 	 53.983049
  324 	 0.016913 	 5.237622 	 55.281347
  325 	 0.018524 	 6.365587 	 55.277414
  326 	 0.018089 	 6.989034 	 59.124444
  327 	 0.018091 	 6.245137 	 53.983049
  328 	 0.016913 	 5.122934 	 55.281347
  329 	 0.018524 	 6.330917 	 55.277414
  330 	 0.018089 	 7.614135 	 59.124444
  331 	 0.018091 	 6.244020 	 53.983049
  332 	 0.016913 	 5.096627 	 55.281347
  333 	 0.018524 	 6.008791 	 55.277414
  334 	 0.018089 	 7.285544 	 59.124444
  335 	 0.018091 	 6.215939 	 53.983049
  336 	 0.016913 	 5.503799 	 55.281347
  337 	 0.018524 	 5.929835 	 55.277414
  338 	 0.018089 	 7.284786 	 59.124444
  339 	 0.018091 	 6.222521 	 53.983049
  340 	 0.016913 	 5.508919 	 55.281347
  341 	 0.018524 	 5.934056 	 55.277414
  342 	 0.018089 	 7.284430 	 59.124444
  343 	 0.018091 	 5.569895 	 39.883118
  344 	 0.016913 	 5.529399 	 55.281347
  345 	 0.025073 	 5.639093 	 47.064893
  346 	 0.018089 	 7.284430 	 59.124444
  347 	 0.021247 	 5.918055 	 39.883118
  348 	 0.016913 	 5.529371 	 55.281347
  349 	 0.025073 	 5.639093 	 47.064893
  350 	 0.018089 	 7.215388 	 59.124444
  351 	 0.021247 	 5.830681 	 39.883118
  352 	 0.016913 	 5.616339 	 55.281347
  353 	 0.025073 	 5.950011 	 47.064893
  354 	 0.018089 	 6.956490 	 59.124444
  355 	 0.021247 	 6.069328 	 39.883118
  356 	 0.016913 	 5.697894 	 55.281347
  357 	 0.025073 	 6.359583 	 47.064893
  358 	 0.018089 	 6.965122 	 59.124444
  359 	 0.021247 	 6.084218 	 39.883118
  360 	 0.016913 	 5.875438 	 55.281347
  361 	 0.025073 	 6.687263 	 47.064893
  362 	 0.018089 	 7.067522 	 59.124444
  363 	 0.021247 	 5.783984 	 39.883118
  364 	 0.016913 	 5.873949 	 55.281347
  365 	 0.025073 	 6.692383 	 47.064893
  366 	 0.018089 	 7.074627 	 59.124444
  367 	 0.021247 	 5.783698 	 39.883118
  368 	 0.016913 	 5.565432 	 55.281347
  369 	 0.025073 	 6.756260 	 47.064893
  370 	 0.018089 	 7.095106 	 59.124444
  371 	 0.021247 	 5.886074 	 39.883118
  372 	 0.016913 	 5.566712 	 55.281347
  373 	 0.025073 	 6.776631 	 47.064893
  374 	 0.018089 	 6.361252 	 59.124444
  375 	 0.021247 	 5.971428 	 39.883118
  376 	 0.016913 	 5.634922 	 55.281347
  377 	 0.025073 	 6.797111 	 47.064893
  378 	 0.018089 	 6.791332 	 59.124444
  379 	 0.021247 	 5.966053 	 39.883118
  380 	 0.016913 	 5.627900 	 55.281347
  381 	 0.025073 	 6.880311 	 47.064893
  382 	 0.018089 	 7.119012 	 59.124444
  383 	 0.021247 	 5.501082 	 39.883118
  384 	 0.016913 	 5.319680 	 55.281347
  385 	 0.025073 	 6.905911 	 47.064893
  386 	 0.017569 	 6.764624 	 59.124444
  387 	 0.021247 	 5.501082 	 39.883118
  388 	 0.016913 	 5.361920 	 56.919746
  389 	 0.025073 	 6.905045 	 47.064893
  390 	 0.017569 	 6.764622 	 59.124444
  391 	 0.021247 	 5.493521 	 39.883118
  392 	 0.016913 	 5.355137 	 56.919746
  393 	 0.025073 	 6.932978 	 47.064893
  394 	 0.017569 	 7.419957 	 59.124444
  395 	 0.021247 	 5.144944 	 39.883118
  396 	 0.016913 	 5.347624 	 56.919746
  397 	 0.025073 	 6.910695 	 47.064893
  398 	 0.017569 	 7.057685 	 59.124444
  399 	 0.021247 	 5.471613 	 39.883118
  400 	 0.016913 	 5.430824 	 56.919746
  401 	 0.025073 	 6.911975 	 47.064893
  402 	 0.017569 	 7.056739 	 59.124444
  403 	 0.021247 	 5.471613 	 39.883118
  404 	 0.011718 	 5.511808 	 56.919746
  405 	 0.025073 	 6.911975 	 47.064893
  406 	 0.017569 	 7.466339 	 85.338843
  407 	 0.021247 	 5.347741 	 39.883118
  408 	 0.011718 	 5.506591 	 56.919746
  409 	 0.025073 	 7.318183 	 47.064893
  410 	 0.017569 	 7.204910 	 85.338843
  411 	 0.021247 	 5.344993 	 39.883118
  412 	 0.011718 	 5.507128 	 56.919746
  413 	 0.025073 	 7.319151 	 47.064893
  414 	 0.017569 	 7.206190 	 85.338843
  415 	 0.021247 	 5.375713 	 39.883118
  416 	 0.011718 	 5.477166 	 56.919746
  417 	 0.025073 	 6.850913 	 47.064893
  418 	 0.017569 	 7.308562 	 85.338843
  419 	 0.021247 	 5.380833 	 39.883118
  420 	 0.011718 	 5.481861 	 56.919746
  421 	 0.025073 	 6.829533 	 47.064893
  422 	 0.017569 	 7.637522 	 85.338843
  423 	 0.021247 	 5.397807 	 39.883118
  424 	 0.011718 	 5.470985 	 56.919746
  425 	 0.025073 	 6.850013 	 47.064893
  426 	 0.017569 	 7.654054 	 85.338843
  427 	 0.021247 	 5.369058 	 39.883118
  428 	 0.011718 	 5.475779 	 56.919746
  429 	 0.025073 	 6.755383 	 47.064893
  430 	 0.017569 	 7.674534 	 85.338843
  431 	 0.021247 	 5.629896 	 39.883118
  432 	 0.011718 	 5.475779 	 56.919746
  433 	 0.025073 	 7.062711 	 47.064893
  434 	 0.017569 	 7.196780 	 85.338843
  435 	 0.021247 	 5.670856 	 39.883118
  436 	 0.011718 	 5.493619 	 56.919746
  437 	 0.025073 	 6.377576 	 47.064893
  438 	 0.017569 	 7.107352 	 85.338843
  439 	 0.021247 	 6.082991 	 39.883118
  440 	 0.011718 	 5.480690 	 56.919746
  441 	 0.025073 	 6.307171 	 47.064893
  442 	 0.017569 	 6.748404 	 85.338843
  443 	 0.021247 	 6.090671 	 39.883118
  444 	 0.011718 	 5.490520 	 56.919746
  445 	 0.025073 	 5.870821 	 47.064893
  446 	 0.017569 	 6.663405 	 85.338843
  447 	 0.021247 	 6.089326 	 39.883118
  448 	 0.011718 	 5.505880 	 56.919746
  449 	 0.025073 	 5.932545 	 47.064893
  450 	 0.017569 	 6.663405 	 85.338843
  451 	 0.021247 	 6.081406 	 39.883118
  452 	 0.011718 	 5.115482 	 56.919746
  453 	 0.025073 	 5.933825 	 47.064893
  454 	 0.017569 	 6.996205 	 85.338843
  455 	 0.021247 	 5.902606 	 39.883118
  456 	 0.011718 	 4.815255 	 56.919746
  457 	 0.025073 	 6.033332 	 47.064893
  458 	 0.017569 	 7.001325 	 85.338843
  459 	 0.021247 	 5.984526 	 39.883118
  460 	 0.011718 	 4.815255 	 56.919746
  461 	 0.025073 	 6.033332 	 47.064893
  462 	 0.017569 	 6.998135 	 85.338843
  463 	 0.021247 	 5.646864 	 39.883118
  464 	 0.011718 	 4.765739 	 56.919746
  465 	 0.025073 	 5.721415 	 47.064893
  466 	 0.017569 	 7.039095 	 85.338843
  467 	 0.021247 	 5.952421 	 39.883118
  468 	 0.011718 	 4.756103 	 56.919746
  469 	 0.025073 	 5.343531 	 47.064893
  470 	 0.017569 	 7.049335 	 85.338843
  471 	 0.021247 	 5.908866 	 39.883118
  472 	 0.011497 	 4.731941 	 56.919746
  473 	 0.019030 	 5.670975 	 47.064893
  474 	 0.017569 	 7.151633 	 86.977242
  475 	 0.021247 	 6.207536 	 52.548211
  476 	 0.011497 	 4.625663 	 56.919746
  477 	 0.019030 	 5.917761 	 47.064893
  478 	 0.017569 	 7.173393 	 86.977242
  479 	 0.021247 	 6.286443 	 52.548211
  480 	 0.011497 	 4.625589 	 56.919746
  481 	 0.019030 	 5.939521 	 47.064893
  482 	 0.017569 	 7.174673 	 86.977242
  483 	 0.021247 	 6.286443 	 52.548211
  484 	 0.011497 	 4.622723 	 56.919746
  485 	 0.019030 	 5.939521 	 47.064893
  486 	 0.017569 	 7.177687 	 86.977242
  487 	 0.021247 	 6.286439 	 52.548211
  488 	 0.011497 	 4.643203 	 56.919746
  489 	 0.019030 	 5.944641 	 47.064893
  490 	 0.017569 	 7.154097 	 86.977242
  491 	 0.021247 	 6.234337 	 52.548211
  492 	 0.011497 	 4.663683 	 56.919746
  493 	 0.019030 	 6.257772 	 47.064893
  494 	 0.017569 	 6.811244 	 86.977242
  495 	 0.021247 	 6.562015 	 52.548211
  496 	 0.011497 	 5.651843 	 56.919746
  497 	 0.019030 	 6.249438 	 47.064893
  498 	 0.017569 	 6.811244 	 86.977242
  499 	 0.021247 	 6.567135 	 52.548211
  500 	 0.011497 	 5.310635 	 56.919746
  501 	 0.019030 	 6.249438 	 47.064893
  502 	 0.017569 	 7.179884 	 86.977242
  503 	 0.021247 	 5.900135 	 52.548211
  504 	 0.011497 	 5.146801 	 56.919746
  505 	 0.019030 	 6.902970 	 47.064893
  506 	 0.017569 	 7.517804 	 86.977242
  507 	 0.021247 	 5.902101 	 52.548211
  508 	 0.011497 	 4.825066 	 56.919746
  509 	 0.019030 	 6.926703 	 47.064893
  510 	 0.017569 	 6.479098 	 58.127535
  511 	 0.019060 	 5.921625 	 52.548211
  512 	 0.017204 	 4.865301 	 56.919746
  513 	 0.019030 	 7.279983 	 52.466308
  514 	 0.017569 	 6.208226 	 58.127535
  515 	 0.019060 	 5.921625 	 52.548211
  516 	 0.017204 	 5.272503 	 56.919746
  517 	 0.019030 	 7.279983 	 52.466308
  518 	 0.017569 	 6.291426 	 58.127535
  519 	 0.019060 	 5.548999 	 52.548211
  520 	 0.017204 	 5.272503 	 56.919746
  521 	 0.019030 	 7.607663 	 52.466308
  522 	 0.017569 	 6.291426 	 58.127535
  523 	 0.019060 	 5.548948 	 52.548211
  524 	 0.017204 	 5.272102 	 56.919746
  525 	 0.019030 	 7.356977 	 52.466308
  526 	 0.017569 	 6.297826 	 58.127535
  527 	 0.019060 	 5.256757 	 52.548211
  528 	 0.017204 	 5.272102 	 56.919746
  529 	 0.016920 	 7.767830 	 52.466308
  530 	 0.017569 	 5.710689 	 58.127535
  531 	 0.019060 	 4.989289 	 59.101811
  532 	 0.017204 	 5.368996 	 56.919746
  533 	 0.016920 	 7.849750 	 52.466308
  534 	 0.017569 	 5.789218 	 58.127535
  535 	 0.019060 	 4.989289 	 59.101811
  536 	 0.017204 	 5.356914 	 56.919746
  537 	 0.016920 	 7.844410 	 52.466308
  538 	 0.017569 	 5.790498 	 58.127535
  539 	 0.019060 	 4.619929 	 59.101811
  540 	 0.017204 	 5.352146 	 56.919746
  541 	 0.016920 	 7.849530 	 52.466308
  542 	 0.017569 	 5.872404 	 58.127535
  543 	 0.019060 	 4.607757 	 59.101811
  544 	 0.017204 	 5.109654 	 56.919746
  545 	 0.016920 	 8.176974 	 52.466308
  546 	 0.017569 	 6.201241 	 58.127535
  547 	 0.019060 	 4.602431 	 59.101811
  548 	 0.017204 	 5.107493 	 56.919746
  549 	 0.016920 	 8.421854 	 52.466308
  550 	 0.017569 	 6.283160 	 58.127535
  551 	 0.019060 	 4.930111 	 59.101811
  552 	 0.017204 	 5.088680 	 56.919746
  553 	 0.016920 	 8.359008 	 52.466308
  554 	 0.017569 	 6.362585 	 58.127535
  555 	 0.019060 	 5.009148 	 59.101811
  556 	 0.017204 	 5.109160 	 56.919746
  557 	 0.016920 	 8.691808 	 52.466308
  558 	 0.017569 	 6.262361 	 58.127535
  559 	 0.019060 	 5.000403 	 59.101811
  560 	 0.017204 	 5.114280 	 56.919746
  561 	 0.016920 	 8.997125 	 52.466308
  562 	 0.017569 	 5.443805 	 54.131123
  563 	 0.019060 	 5.286187 	 59.101811
  564 	 0.018474 	 5.226920 	 56.919746
  565 	 0.016920 	 8.665436 	 52.466308
  566 	 0.017569 	 5.443694 	 54.131123
  567 	 0.019060 	 4.854579 	 59.101811
  568 	 0.018474 	 5.148266 	 56.919746
  569 	 0.016920 	 8.675676 	 52.466308
  570 	 0.017569 	 6.099054 	 54.131123
  571 	 0.019060 	 4.836708 	 59.101811
  572 	 0.016479 	 5.111580 	 56.919746
  573 	 0.016920 	 8.551928 	 52.466308
  574 	 0.017569 	 6.062276 	 60.684723
  575 	 0.019060 	 4.382088 	 59.101811
  576 	 0.016479 	 5.222969 	 56.919746
  577 	 0.016920 	 8.392424 	 52.466308
  578 	 0.017569 	 6.169721 	 60.684723
  579 	 0.019060 	 4.302796 	 59.101811
  580 	 0.016479 	 5.224249 	 56.919746
  581 	 0.016920 	 8.474344 	 52.466308
  582 	 0.017443 	 6.162753 	 60.684723
  583 	 0.019060 	 4.302795 	 59.101811
  584 	 0.016479 	 5.557049 	 57.329346
  585 	 0.016920 	 8.475624 	 52.466308
  586 	 0.017443 	 6.110717 	 60.684723
  587 	 0.019060 	 4.268279 	 59.101811
  588 	 0.016479 	 5.287374 	 57.329346
  589 	 0.016920 	 8.408625 	 52.466308
  590 	 0.017443 	 6.033976 	 60.684723
  591 	 0.019060 	 4.350630 	 59.101811
  592 	 0.016479 	 5.347775 	 57.329346
  593 	 0.016920 	 8.080169 	 52.466308
  594 	 0.017443 	 5.570112 	 35.184700
  595 	 0.019060 	 4.534942 	 59.101811
  596 	 0.028421 	 5.672176 	 57.329346
  597 	 0.016920 	 8.085289 	 52.466308
  598 	 0.017443 	 5.657152 	 35.184700
  599 	 0.019060 	 4.532396 	 59.101811
  600 	 0.028421 	 5.672176 	 57.329346
  601 	 0.016920 	 8.412969 	 52.466308
  602 	 0.017443 	 5.657152 	 35.184700
  603 	 0.019060 	 4.206116 	 59.101811
  604 	 0.028421 	 5.620040 	 57.329346
  605 	 0.016920 	 8.443699 	 52.466308
  606 	 0.017443 	 5.828588 	 35.184700
  607 	 0.019060 	 4.141636 	 59.101811
  608 	 0.028421 	 5.564461 	 57.329346
  609 	 0.016920 	 8.498703 	 52.466308
  610 	 0.017443 	 6.155550 	 35.184700
  611 	 0.019060 	 4.564531 	 59.101811
  612 	 0.028421 	 5.584941 	 57.329346
  613 	 0.016920 	 9.011970 	 52.466308
  614 	 0.017443 	 5.744278 	 34.477626
  615 	 0.019060 	 4.472411 	 59.101811
  616 	 0.029004 	 5.483979 	 57.329346
  617 	 0.016920 	 8.916897 	 52.466308
  618 	 0.017443 	 6.076892 	 34.477626
  619 	 0.019060 	 4.574426 	 59.101811
  620 	 0.029004 	 5.485259 	 57.329346
  621 	 0.016920 	 8.657853 	 52.466308
  622 	 0.017443 	 5.998158 	 34.477626
  623 	 0.019060 	 4.813983 	 59.101811
  624 	 0.029004 	 5.572298 	 57.329346
  625 	 0.016920 	 8.719183 	 52.466308
  626 	 0.017443 	 5.999438 	 34.477626
  627 	 0.019060 	 4.895903 	 59.101811
  628 	 0.029004 	 5.572270 	 57.329346
  629 	 0.016920 	 8.719123 	 52.466308
  630 	 0.017443 	 6.019890 	 34.477626
  631 	 0.019060 	 4.897183 	 59.101811
  632 	 0.029004 	 5.592725 	 57.329346
  633 	 0.016920 	 8.687651 	 52.466308
  634 	 0.017443 	 5.711480 	 34.477626
  635 	 0.019060 	 5.224275 	 59.101811
  636 	 0.029004 	 5.931142 	 57.329346
  637 	 0.016920 	 8.709411 	 52.466308
  638 	 0.017443 	 5.591927 	 34.477626
  639 	 0.019060 	 4.814926 	 59.101811
  640 	 0.029004 	 5.874107 	 57.329346
  641 	 0.016920 	 9.030555 	 52.466308
  642 	 0.017443 	 5.872910 	 34.477626
  643 	 0.019060 	 5.134757 	 59.101811
  644 	 0.029004 	 6.211027 	 57.329346
  645 	 0.016920 	 8.710687 	 52.466308
  646 	 0.017443 	 5.522984 	 34.477626
  647 	 0.019060 	 5.139877 	 59.101811
  648 	 0.029004 	 6.232239 	 57.329346
  649 	 0.016920 	 8.372935 	 52.466308
  650 	 0.017443 	 5.932298 	 34.477626
  651 	 0.019060 	 5.626058 	 59.101811
  652 	 0.029004 	 6.175541 	 57.329346
  653 	 0.016920 	 9.028294 	 52.466308
  654 	 0.017443 	 6.015473 	 34.477626
  655 	 0.019060 	 4.896117 	 35.001679
  656 	 0.029004 	 5.533319 	 57.329346
  657 	 0.028570 	 7.870514 	 52.466308
  658 	 0.017443 	 5.922258 	 33.352363
  659 	 0.019060 	 5.023382 	 35.001679
  660 	 0.029983 	 5.560199 	 57.329346
  661 	 0.028570 	 8.192629 	 52.466308
  662 	 0.017443 	 5.922258 	 33.352363
  663 	 0.019060 	 4.711678 	 35.001679
  664 	 0.029983 	 5.493489 	 57.329346
  665 	 0.028570 	 8.197749 	 52.466308
  666 	 0.017443 	 5.922570 	 33.352363
  667 	 0.019060 	 4.711321 	 35.001679
  668 	 0.029983 	 5.904369 	 57.329346
  669 	 0.028570 	 7.758049 	 52.466308
  670 	 0.017443 	 5.865354 	 33.352363
  671 	 0.019060 	 5.126014 	 35.001679
  672 	 0.029983 	 5.982228 	 57.329346
  673 	 0.028570 	 7.778529 	 52.466308
  674 	 0.017443 	 5.936050 	 33.352363
  675 	 0.019060 	 5.069326 	 35.001679
  676 	 0.029983 	 5.998130 	 57.329346
  677 	 0.028570 	 7.860449 	 52.466308
  678 	 0.017443 	 5.695870 	 33.352363
  679 	 0.019060 	 4.967364 	 35.001679
  680 	 0.029983 	 6.055615 	 57.329346
  681 	 0.028570 	 7.860185 	 52.466308
  682 	 0.017443 	 5.711086 	 33.352363
  683 	 0.019060 	 4.638903 	 35.001679
  684 	 0.029983 	 4.895341 	 36.226718
  685 	 0.028570 	 8.044505 	 52.466308
  686 	 0.027604 	 5.946431 	 33.352363
  687 	 0.019060 	 4.520718 	 35.001679
  688 	 0.029983 	 4.890040 	 36.226718
  689 	 0.028570 	 8.369363 	 52.466308
  690 	 0.027604 	 5.968191 	 33.352363
  691 	 0.019060 	 4.952434 	 35.001679
  692 	 0.029983 	 4.873739 	 36.226718
  693 	 0.028570 	 8.600943 	 52.466308
  694 	 0.027604 	 5.955222 	 33.352363
  695 	 0.019060 	 4.958184 	 35.001679
  696 	 0.029983 	 4.889353 	 36.226718
  697 	 0.028570 	 8.645943 	 52.466308
  698 	 0.027604 	 6.266141 	 33.352363
  699 	 0.018483 	 4.959382 	 35.001679
  700 	 0.029983 	 4.909833 	 36.226718
  701 	 0.028570 	 8.748343 	 54.104707
  702 	 0.016743 	 5.936719 	 33.352363
  703 	 0.018483 	 4.873829 	 35.001679
  704 	 0.029983 	 5.295460 	 59.726813
  705 	 0.028570 	 8.830263 	 54.104707
  706 	 0.016743 	 5.715564 	 33.352363
  707 	 0.018483 	 4.873802 	 35.001679
  708 	 0.029983 	 5.305642 	 59.726813
  709 	 0.028570 	 8.836129 	 54.104707
  710 	 0.016743 	 5.600561 	 33.352363
  711 	 0.018483 	 4.737044 	 35.001679
  712 	 0.025059 	 5.684418 	 59.726813
  713 	 0.028570 	 8.833915 	 54.104707
  714 	 0.016743 	 5.882549 	 39.905962
  715 	 0.018483 	 4.702652 	 35.001679
  716 	 0.025059 	 6.426818 	 59.726813
  717 	 0.028570 	 8.899529 	 54.104707
  718 	 0.015087 	 5.643021 	 39.905962
  719 	 0.018448 	 4.675647 	 35.001679
  720 	 0.025059 	 6.483182 	 66.280413
  721 	 0.028570 	 8.690222 	 54.207107
  722 	 0.015087 	 5.646861 	 39.905962
  723 	 0.018448 	 4.716606 	 35.001679
  724 	 0.025059 	 6.483182 	 66.280413
  725 	 0.028570 	 8.608413 	 54.207107
  726 	 0.015087 	 5.580368 	 39.905962
  727 	 0.018448 	 5.044286 	 35.001679
  728 	 0.025059 	 5.902456 	 66.280413
  729 	 0.028570 	 8.608413 	 54.207107
  730 	 0.015087 	 5.949667 	 39.905962
  731 	 0.018448 	 5.044286 	 35.001679
  732 	 0.025059 	 5.907576 	 66.280413
  733 	 0.028570 	 8.582968 	 54.207107
  734 	 0.013730 	 5.932046 	 39.905962
  735 	 0.018448 	 5.371965 	 35.001679
  736 	 0.025059 	 6.065946 	 72.834013
  737 	 0.028570 	 8.567857 	 54.207107
  738 	 0.013730 	 6.012729 	 39.905962
  739 	 0.018448 	 5.249767 	 35.001679
  740 	 0.025059 	 6.029737 	 72.834013
  741 	 0.028570 	 8.464437 	 54.207107
  742 	 0.013730 	 6.033209 	 39.905962
  743 	 0.016158 	 5.331539 	 35.001679
  744 	 0.025059 	 6.021188 	 72.834013
  745 	 0.028570 	 9.033565 	 61.889293
  746 	 0.013730 	 6.058809 	 39.905962
  747 	 0.016158 	 5.380066 	 35.001679
  748 	 0.025059 	 6.018120 	 72.834013
  749 	 0.028570 	 9.047574 	 61.889293
  750 	 0.013730 	 6.061369 	 39.905962
  751 	 0.016158 	 5.673527 	 35.001679
  752 	 0.025059 	 5.951774 	 72.834013
  753 	 0.028570 	 10.009047 	 61.889293
  754 	 0.013730 	 6.066489 	 39.905962
  755 	 0.016158 	 6.067196 	 35.001679
  756 	 0.025059 	 5.898868 	 72.834013
  757 	 0.028570 	 10.029199 	 61.889293
  758 	 0.013730 	 6.170169 	 39.905962
  759 	 0.016158 	 6.087676 	 35.001679
  760 	 0.024804 	 4.971569 	 36.329118
  761 	 0.028570 	 9.679311 	 61.889293
  762 	 0.027526 	 6.733028 	 40.315562
  763 	 0.016158 	 6.133395 	 35.001679
  764 	 0.024804 	 4.746600 	 36.329118
  765 	 0.027293 	 9.362598 	 61.889293
  766 	 0.027526 	 7.061988 	 40.315562
  767 	 0.016158 	 6.169289 	 36.640078
  768 	 0.024804 	 4.746171 	 36.329118
  769 	 0.027293 	 9.690278 	 61.889293
  770 	 0.027526 	 7.063268 	 40.315562
  771 	 0.016158 	 6.158317 	 36.640078
  772 	 0.024804 	 4.746171 	 36.329118
  773 	 0.027293 	 8.679835 	 61.889293
  774 	 0.027526 	 6.932242 	 40.315562
  775 	 0.016158 	 6.114029 	 36.640078
  776 	 0.024804 	 4.312446 	 36.329118
  777 	 0.027293 	 8.720700 	 61.889293
  778 	 0.027526 	 6.299663 	 40.315562
  779 	 0.016158 	 6.191748 	 36.640078
  780 	 0.024804 	 4.362836 	 36.329118
  781 	 0.027293 	 8.540597 	 61.889293
  782 	 0.027526 	 6.304768 	 40.315562
  783 	 0.016158 	 5.941928 	 36.640078
  784 	 0.024804 	 4.362036 	 36.329118
  785 	 0.027293 	 8.873370 	 61.889293
  786 	 0.027526 	 6.407166 	 40.315562
  787 	 0.016158 	 5.937392 	 36.640078
  788 	 0.023836 	 4.363209 	 36.329118
  789 	 0.027293 	 8.960410 	 61.889293
  790 	 0.027526 	 6.430025 	 41.953961
  791 	 0.016158 	 5.934791 	 36.640078
  792 	 0.023836 	 4.364489 	 36.329118
  793 	 0.027293 	 8.980890 	 61.889293
  794 	 0.027526 	 6.429690 	 41.953961
  795 	 0.016158 	 5.914436 	 36.640078
  796 	 0.023836 	 4.365705 	 36.329118
  797 	 0.025334 	 9.308507 	 61.889293
  798 	 0.027526 	 6.434810 	 41.953961
  799 	 0.016158 	 5.995664 	 39.472896
  800 	 0.023836 	 4.365705 	 36.329118
  801 	 0.025334 	 9.390427 	 61.889293
  802 	 0.027526 	 6.175119 	 41.953961
  803 	 0.016158 	 5.979122 	 39.472896
  804 	 0.023836 	 4.368265 	 36.329118
  805 	 0.025334 	 9.274684 	 61.889293
  806 	 0.027526 	 6.175119 	 41.953961
  807 	 0.016158 	 6.521044 	 39.472896
  808 	 0.023836 	 4.366923 	 36.329118
  809 	 0.025334 	 9.296444 	 61.889293
  810 	 0.027526 	 6.501861 	 41.953961
  811 	 0.016158 	 6.200352 	 39.472896
  812 	 0.023836 	 4.749638 	 36.329118
  813 	 0.025334 	 9.316923 	 61.889293
  814 	 0.027526 	 6.851301 	 41.953961
  815 	 0.016158 	 6.120741 	 39.472896
  816 	 0.023836 	 4.735330 	 36.329118
  817 	 0.025334 	 9.069849 	 61.889293
  818 	 0.027526 	 6.872099 	 41.953961
  819 	 0.016158 	 6.449553 	 39.472896
  820 	 0.023836 	 4.762210 	 36.329118
  821 	 0.025334 	 8.763698 	 61.889293
  822 	 0.027526 	 6.524139 	 41.953961
  823 	 0.016158 	 6.455953 	 39.472896
  824 	 0.023836 	 4.849250 	 36.329118
  825 	 0.025334 	 8.763698 	 61.889293
  826 	 0.027526 	 6.524139 	 41.953961
  827 	 0.016158 	 6.452877 	 39.472896
  828 	 0.023836 	 4.741227 	 36.329118
  829 	 0.025334 	 8.784068 	 61.889293
  830 	 0.027526 	 6.548018 	 41.953961
  831 	 0.016158 	 6.454155 	 39.472896
  832 	 0.023836 	 4.910187 	 36.329118
  833 	 0.025334 	 8.784507 	 61.889293
  834 	 0.027526 	 6.548018 	 41.953961
  835 	 0.016158 	 6.530631 	 39.472896
  836 	 0.023836 	 4.910187 	 36.329118
  837 	 0.025334 	 8.863019 	 61.889293
  838 	 0.027526 	 6.385439 	 41.953961
  839 	 0.016158 	 6.549928 	 39.472896
  840 	 0.023836 	 5.262600 	 36.329118
  841 	 0.025334 	 8.260813 	 61.889293
  842 	 0.027526 	 6.390559 	 41.953961
  843 	 0.016158 	 6.639204 	 39.472896
  844 	 0.023836 	 5.257474 	 36.329118
  845 	 0.025334 	 7.994642 	 61.889293
  846 	 0.027526 	 6.422139 	 41.953961
  847 	 0.016158 	 6.802870 	 39.472896
  848 	 0.023836 	 4.943486 	 36.329118
  849 	 0.025334 	 7.966541 	 61.889293
  850 	 0.027526 	 6.775419 	 41.953961
  851 	 0.016158 	 7.453933 	 39.472896
  852 	 0.023836 	 4.943486 	 36.329118
  853 	 0.025334 	 7.970595 	 61.889293
  854 	 0.027526 	 6.775390 	 41.953961
  855 	 0.016158 	 7.557613 	 39.472896
  856 	 0.023836 	 4.943639 	 36.329118
  857 	 0.025334 	 7.869020 	 61.889293
  858 	 0.027526 	 7.103070 	 41.953961
  859 	 0.016158 	 7.910893 	 39.472896
  860 	 0.023836 	 4.943639 	 36.329118
  861 	 0.025334 	 7.498792 	 61.889293
  862 	 0.027526 	 7.103037 	 41.953961
  863 	 0.016158 	 8.005613 	 39.472896
  864 	 0.023836 	 4.953879 	 36.329118
  865 	 0.025334 	 7.498681 	 61.889293
  866 	 0.027526 	 7.000161 	 41.953961
  867 	 0.016158 	 7.847145 	 39.472896
  868 	 0.023836 	 4.973746 	 36.329118
  869 	 0.025334 	 7.488162 	 61.889293
  870 	 0.027526 	 7.021921 	 41.953961
  871 	 0.016158 	 7.566169 	 39.472896
  872 	 0.023836 	 4.462581 	 36.329118
  873 	 0.025334 	 7.494527 	 61.889293
  874 	 0.027526 	 7.037281 	 41.953961
  875 	 0.016158 	 7.591769 	 39.472896
  876 	 0.023836 	 4.462581 	 36.329118
  877 	 0.025334 	 7.390483 	 61.889293
  878 	 0.027526 	 7.028755 	 41.953961
  879 	 0.016158 	 7.983790 	 39.472896
  880 	 0.023836 	 4.311645 	 36.329118
  881 	 0.025334 	 7.111623 	 61.889293
  882 	 0.027526 	 7.014392 	 41.953961
  883 	 0.016158 	 8.000241 	 39.472896
  884 	 0.023836 	 4.617161 	 36.329118
  885 	 0.025334 	 7.431017 	 61.889293
  886 	 0.027526 	 7.259760 	 41.953961
  887 	 0.016158 	 8.020721 	 39.472896
  888 	 0.023836 	 4.724681 	 36.329118
  889 	 0.025334 	 7.431017 	 61.889293
  890 	 0.027526 	 7.258383 	 41.953961
  891 	 0.016158 	 8.019215 	 39.472896
  892 	 0.023836 	 4.729801 	 36.329118
  893 	 0.025334 	 7.518050 	 61.889293
  894 	 0.027526 	 7.258383 	 41.953961
  895 	 0.016158 	 8.020391 	 39.472896
  896 	 0.023836 	 4.276163 	 35.397800
  897 	 0.019016 	 7.572451 	 61.889293
  898 	 0.028250 	 7.582470 	 41.953961
  899 	 0.016158 	 8.435868 	 52.586158
  900 	 0.018850 	 4.281053 	 35.397800
  901 	 0.019016 	 7.740386 	 61.889293
  902 	 0.028250 	 7.902184 	 53.051042
  903 	 0.016158 	 8.621468 	 52.586158
  904 	 0.018850 	 4.384733 	 35.397800
  905 	 0.019016 	 7.736666 	 61.889293
  906 	 0.028250 	 7.902184 	 53.051042
  907 	 0.016158 	 8.710244 	 52.586158
  908 	 0.018850 	 4.374634 	 35.397800
  909 	 0.019016 	 7.761998 	 61.889293
  910 	 0.028169 	 7.658355 	 53.051042
  911 	 0.016158 	 9.207464 	 52.586158
  912 	 0.018850 	 4.785514 	 35.500200
  913 	 0.019016 	 7.907893 	 61.889293
  914 	 0.028169 	 7.567788 	 53.051042
  915 	 0.016158 	 9.312046 	 52.586158
  916 	 0.018850 	 4.849203 	 35.500200
  917 	 0.019016 	 7.907007 	 61.889293
  918 	 0.028169 	 7.672748 	 53.051042
  919 	 0.016158 	 9.324656 	 52.586158
  920 	 0.018850 	 4.823930 	 35.500200
  921 	 0.019016 	 8.156640 	 61.889293
  922 	 0.028169 	 7.395041 	 53.051042
  923 	 0.016158 	 8.320783 	 52.586158
  924 	 0.018850 	 4.591517 	 35.500200
  925 	 0.018876 	 8.791455 	 61.889293
  926 	 0.028169 	 7.397601 	 53.051042
  927 	 0.016158 	 8.697103 	 52.976329
  928 	 0.018850 	 4.590251 	 35.500200
  929 	 0.018876 	 8.610046 	 61.889293
  930 	 0.028169 	 7.291473 	 53.051042
  931 	 0.016158 	 8.766205 	 52.976329
  932 	 0.018850 	 4.903012 	 35.500200
  933 	 0.018876 	 8.243469 	 61.889293
  934 	 0.028169 	 7.691931 	 53.051042
  935 	 0.016158 	 8.485437 	 52.976329
  936 	 0.018850 	 5.230692 	 35.500200
  937 	 0.018876 	 8.248582 	 61.889293
  938 	 0.028169 	 7.691930 	 53.051042
  939 	 0.016158 	 7.994316 	 52.976329
  940 	 0.018850 	 5.231972 	 35.500200
  941 	 0.018876 	 7.522941 	 52.503211
  942 	 0.028169 	 7.685864 	 53.051042
  943 	 0.019046 	 8.081356 	 52.976329
  944 	 0.018850 	 5.159926 	 35.500200
  945 	 0.018876 	 7.522465 	 52.503211
  946 	 0.028169 	 7.970715 	 53.051042
  947 	 0.019046 	 8.086407 	 52.976329
  948 	 0.018850 	 5.161206 	 35.500200
  949 	 0.018876 	 7.527209 	 52.503211
  950 	 0.028169 	 7.970715 	 53.051042
  951 	 0.019046 	 8.091527 	 52.976329
  952 	 0.018850 	 5.161206 	 35.500200
  953 	 0.018876 	 7.526022 	 52.503211
  954 	 0.028169 	 7.947932 	 53.051042
  955 	 0.019046 	 8.102943 	 52.976329
  956 	 0.018850 	 5.390190 	 35.500200
  957 	 0.018876 	 7.531135 	 52.503211
  958 	 0.028169 	 8.280732 	 53.051042
  959 	 0.019046 	 8.102939 	 52.976329
  960 	 0.018850 	 5.390190 	 35.500200
  961 	 0.018876 	 7.858763 	 52.503211
  962 	 0.028169 	 8.214579 	 53.051042
  963 	 0.019046 	 7.691924 	 52.976329
  964 	 0.018850 	 5.109267 	 35.500200
  965 	 0.018876 	 8.162981 	 52.503211
  966 	 0.028169 	 8.219699 	 53.051042
  967 	 0.019046 	 7.732884 	 52.976329
  968 	 0.018850 	 4.758804 	 35.500200
  969 	 0.018876 	 7.671141 	 52.503211
  970 	 0.028169 	 8.545756 	 53.051042
  971 	 0.019046 	 7.778964 	 52.976329
  972 	 0.018850 	 4.776740 	 35.500200
  973 	 0.018876 	 7.323699 	 52.503211
  974 	 0.028169 	 8.191465 	 53.051042
  975 	 0.019046 	 8.014744 	 52.976329
  976 	 0.018850 	 5.104420 	 35.500200
  977 	 0.018876 	 7.541661 	 52.503211
  978 	 0.028169 	 8.191465 	 53.051042
  979 	 0.019046 	 7.713119 	 52.976329
  980 	 0.018850 	 5.103891 	 35.500200
  981 	 0.018876 	 7.540225 	 52.503211
  982 	 0.028169 	 8.192745 	 53.051042
  983 	 0.019046 	 7.796319 	 52.976329
  984 	 0.018850 	 5.103891 	 35.500200
  985 	 0.018876 	 7.453045 	 52.503211
  986 	 0.028169 	 8.192745 	 53.051042
  987 	 0.019046 	 7.667748 	 52.976329
  988 	 0.018850 	 5.103891 	 35.500200
  989 	 0.018876 	 7.458165 	 52.503211
  990 	 0.028169 	 8.192738 	 53.051042
  991 	 0.018913 	 7.667746 	 52.976329
  992 	 0.018850 	 5.109011 	 35.500200
  993 	 0.018876 	 7.463285 	 52.873649
  994 	 0.019060 	 8.192501 	 53.051042
  995 	 0.018913 	 7.285581 	 52.976329
  996 	 0.018850 	 5.436691 	 52.466905
  997 	 0.018876 	 8.144199 	 52.873649
  998 	 0.019060 	 8.192373 	 53.051042
  999 	 0.018913 	 6.913743 	 52.976329
 