   0 	 -21.379519 	 0.082186 	 4.879833
    1 	 0.129977 	 0.405806 	 1.967833
    2 	 -13.504789 	 0.538889 	 5.359217
    3 	 -2.480311 	 1.054645 	 9.568160
    4 	 -28.983175 	 2.053440 	 10.453109
    5 	 -1.190520 	 3.747400 	 11.451726
    6 	 -4.801146 	 5.543376 	 23.197357
    7 	 -5.252086 	 6.688977 	 26.801764
    8 	 -6.907331 	 9.795515 	 105.945016
    9 	 -1.072599 	 26.816391 	 105.945016
   10 	 -123.016001 	 56.370261 	 133.562070
   11 	 0.208011 	 97.282596 	 133.562070
   12 	 18.496339 	 103.745451 	 133.562070
   13 	 -0.980775 	 106.344978 	 133.562070
   14 	 -123.016001 	 100.789851 	 133.562070
   15 	 4.859424 	 106.985743 	 133.562070
   16 	 0.167742 	 109.594181 	 337.860108
   17 	 -1.127379 	 109.491950 	 337.860108
   18 	 -1.127379 	 114.197998 	 337.860108
   19 	 28.452753 	 131.929998 	 995.229253
   20 	 0.153602 	 204.814496 	 995.229253
   21 	 78.914415 	 432.744713 	 995.229253
   22 	 -206.049630 	 744.997664 	 995.229253
   23 	 -344.845363 	 895.269406 	 995.229253
   24 	 -1055.760042 	 907.967002 	 995.229253
   25 	 -9.467431 	 925.223742 	 995.229253
   26 	 0.280768 	 945.188701 	 995.229253
   27 	 995.229253 	 995.229253 	 995.229253
   28 	 37.299502 	 984.585589 	 995.229253
   29 	 0.408604 	 984.175691 	 995.229253
   30 	 -344.845363 	 951.238812 	 995.229253
   31 	 -7.986315 	 932.605032 	 995.229253
   32 	 -9.467431 	 973.012394 	 995.229253
   33 	 0.175028 	 973.138514 	 995.229253
   34 	 0.280768 	 984.174270 	 995.229253
   35 	 -3.716161 	 973.073464 	 995.229253
   36 	 -1.121013 	 929.390766 	 995.229253
   37 	 -68.317456 	 961.305904 	 995.229253
   38 	 -2.223720 	 941.605076 	 995.229253
   39 	 2.116953 	 953.873933 	 995.229253
   40 	 0.280768 	 965.468753 	 995.229253
   41 	 15.842097 	 975.903341 	 995.229253
   42 	 -1617.223941 	 966.201996 	 995.229253
   43 	 5.047485 	 974.429865 	 995.229253
   44 	 113.466060 	 985.431884 	 995.229253
   45 	 -32.979011 	 940.255715 	 995.229253
   46 	 -68.317456 	 950.711477 	 995.229253
   47 	 -7.986315 	 961.945825 	 995.229253
   48 	 71.677608 	 984.967568 	 995.229253
   49 	 -32.979011 	 961.728462 	 995.229253
   50 	 71.677608 	 984.967568 	 995.229253
   51 	 -1055.760042 	 961.389303 	 995.229253
   52 	 -3.951408 	 962.006952 	 995.229253
   53 	 -1617.223941 	 955.145600 	 995.229253
   54 	 0.167728 	 973.529350 	 995.229253
   55 	 -68.317456 	 972.566520 	 995.229253
   56 	 0.208205 	 962.262909 	 995.229253
   57 	 0.153630 	 920.665386 	 995.229253
   58 	 0.208205 	 973.118557 	 995.229253
   59 	 -32.979011 	 962.953785 	 995.229253
   60 	 -1.121013 	 973.102537 	 995.229253
   61 	 15.842097 	 973.703510 	 995.229253
   62 	 -1055.760042 	 940.066482 	 995.229253
   63 	 -68.317456 	 939.200024 	 995.229253
   64 	 -32.979011 	 972.922637 	 995.229253
   65 	 -68.317456 	 961.725846 	 995.229253
   66 	 2.092404 	 984.194399 	 995.229253
   67 	 -9.467431 	 940.979783 	 995.229253
   68 	 -9.467431 	 972.963949 	 995.229253
   69 	 995.229253 	 995.229253 	 995.229253
 