   0 	 -0.787123 	 0.212396 	 1.421164
    1 	 -0.954668 	 0.625194 	 25.035872
    2 	 -1.751742 	 6.149657 	 55.070879
    3 	 -32.928595 	 20.541682 	 55.070879
    4 	 -25.795095 	 26.112411 	 55.070879
    5 	 18.892110 	 33.260364 	 199.641035
    6 	 -3.599303 	 62.115600 	 812.596756
    7 	 -314.847499 	 155.361431 	 812.596756
    8 	 -60.803378 	 319.585768 	 812.596756
    9 	 -29.210141 	 540.761279 	 812.596756
   10 	 -29.210141 	 723.593609 	 812.596756
   11 	 -131.682157 	 761.443738 	 812.596756
   12 	 -263.640893 	 770.302801 	 812.596756
   13 	 -1.525065 	 794.529098 	 812.596756
   14 	 -0.602924 	 785.510757 	 812.596756
   15 	 -131.682157 	 784.113548 	 812.596756
   16 	 -314.847499 	 791.043050 	 812.596756
   17 	 272.380536 	 806.594353 	 812.596756
   18 	 -314.847499 	 769.535232 	 812.596756
   19 	 -131.682157 	 781.054165 	 812.596756
   20 	 -14.255145 	 744.249876 	 812.596756
   21 	 -131.682157 	 793.082908 	 812.596756
   22 	 -1.525065 	 776.522557 	 812.596756
   23 	 -6.977366 	 794.452756 	 812.596756
   24 	 -14.255145 	 803.409512 	 812.596756
   25 	 -14.255145 	 803.409512 	 812.596756
   26 	 0.168027 	 769.161074 	 812.596756
   27 	 0.168027 	 786.052402 	 812.596756
   28 	 -1.525065 	 776.614986 	 812.596756
   29 	 12.835527 	 803.710520 	 812.596756
   30 	 -6.977366 	 788.463286 	 812.596756
   31 	 -131.682157 	 787.664495 	 812.596756
   32 	 -2.958819 	 773.476689 	 812.596756
   33 	 272.380536 	 806.594353 	 812.596756
   34 	 -0.789050 	 791.554331 	 812.596756
   35 	 -29.210141 	 785.181375 	 812.596756
   36 	 0.278518 	 803.570997 	 812.596756
   37 	 -1028.918862 	 792.135471 	 812.596756
   38 	 0.207482 	 786.107650 	 812.596756
   39 	 0.207482 	 794.545520 	 812.596756
   40 	 -1028.918862 	 772.687891 	 812.596756
   41 	 -0.789050 	 770.274671 	 812.596756
   42 	 -2.958819 	 785.453601 	 812.596756
   43 	 -0.609766 	 777.489725 	 812.596756
   44 	 0.207482 	 795.078598 	 812.596756
   45 	 -0.789050 	 769.182453 	 812.596756
   46 	 0.374826 	 768.737498 	 812.596756
   47 	 -1.618050 	 785.485319 	 812.596756
   48 	 -14.255145 	 794.365563 	 812.596756
   49 	 0.629384 	 794.619304 	 812.596756
   50 	 -1.525065 	 776.472711 	 812.596756
   51 	 -29.210141 	 767.535498 	 812.596756
   52 	 0.629384 	 803.574896 	 812.596756
   53 	 0.168032 	 777.080664 	 812.596756
   54 	 -0.789050 	 794.672900 	 812.596756
   55 	 -29.210141 	 785.779717 	 812.596756
   56 	 -14.255145 	 786.533772 	 812.596756
   57 	 -14.255145 	 750.067446 	 812.596756
   58 	 -1.618050 	 768.261799 	 812.596756
   59 	 -29.210141 	 794.181617 	 812.596756
   60 	 -14.255145 	 797.407110 	 812.596756
   61 	 -314.847499 	 775.994386 	 812.596756
   62 	 272.380536 	 806.594353 	 812.596756
   63 	 -314.847499 	 750.731347 	 812.596756
   64 	 -29.210141 	 740.608942 	 812.596756
   65 	 -314.847499 	 756.797853 	 812.596756
   66 	 3.712301 	 797.606748 	 812.596756
   67 	 -1.358692 	 770.478017 	 812.596756
   68 	 -131.682157 	 784.048295 	 812.596756
   69 	 -14.255145 	 776.369442 	 812.596756
 