   0 	 0.122774 	 0.290545 	 4.697704
    1 	 -0.796671 	 1.028661 	 4.697704
    2 	 0.136713 	 4.130016 	 100.142388
    3 	 -101.576864 	 30.263874 	 100.142388
    4 	 -93.922036 	 93.713006 	 203.293579
    5 	 -9.903783 	 101.372038 	 203.293579
    6 	 0.135807 	 112.952470 	 203.293579
    7 	 0.801471 	 122.308019 	 203.293579
    8 	 -93.922036 	 127.340240 	 217.368792
    9 	 0.211735 	 149.381213 	 217.368792
   10 	 0.449920 	 165.115273 	 217.368792
   11 	 -2.539026 	 174.510468 	 217.368792
   12 	 -5.353028 	 185.144065 	 274.508061
   13 	 -9.505309 	 191.701807 	 217.368792
   14 	 100.142388 	 202.129733 	 217.368792
   15 	 -62.666930 	 194.870968 	 217.368792
   16 	 -9.505309 	 201.333983 	 217.368792
   17 	 -691.716904 	 190.555045 	 217.368792
   18 	 -691.716904 	 195.293032 	 217.368792
   19 	 -185.275447 	 196.137759 	 217.368792
   20 	 -130.752505 	 193.923249 	 217.368792
   21 	 0.206870 	 200.523663 	 217.368792
   22 	 16.335750 	 202.936573 	 217.368792
   23 	 -2.539026 	 200.007789 	 217.368792
   24 	 -2.539026 	 199.596865 	 217.368792
   25 	 16.335750 	 202.677843 	 217.368792
   26 	 -2.539026 	 196.585444 	 217.368792
   27 	 -9.481478 	 201.326318 	 217.368792
   28 	 -2.539026 	 198.398946 	 217.368792
   29 	 -185.275447 	 200.529499 	 217.368792
   30 	 -185.275447 	 190.238133 	 217.368792
   31 	 0.135882 	 195.127212 	 217.368792
   32 	 -5.464480 	 195.585513 	 217.368792
   33 	 -2.539726 	 200.781782 	 217.368792
   34 	 0.476437 	 201.211116 	 217.368792
   35 	 0.166410 	 191.837071 	 217.368792
   36 	 134.052804 	 201.787458 	 217.368792
   37 	 -130.752505 	 193.911643 	 217.368792
   38 	 23.019639 	 194.638195 	 217.368792
   39 	 -691.716904 	 183.598941 	 217.368792
   40 	 -62.666930 	 196.588117 	 217.368792
   41 	 0.135872 	 193.455689 	 217.368792
   42 	 -691.716904 	 186.128633 	 217.368792
   43 	 16.335750 	 199.664050 	 217.368792
   44 	 -62.666930 	 198.198748 	 217.368792
   45 	 7.965302 	 196.348392 	 217.368792
   46 	 22.867859 	 197.862664 	 217.368792
   47 	 -5.365008 	 196.713874 	 274.508061
   48 	 153.051432 	 202.402610 	 274.508061
   49 	 -5.412009 	 196.273071 	 217.368792
   50 	 0.803369 	 199.805657 	 217.368792
   51 	 134.052804 	 201.381695 	 217.368792
   52 	 -185.275447 	 194.048986 	 217.368792
   53 	 0.135884 	 196.053576 	 217.368792
   54 	 16.335750 	 193.484733 	 217.368792
   55 	 0.141170 	 195.249896 	 203.293579
   56 	 122.551353 	 199.809136 	 203.293579
   57 	 180.007818 	 200.188811 	 203.293579
   58 	 -185.275447 	 192.529700 	 203.293579
   59 	 -2.539026 	 198.077297 	 217.368792
   60 	 0.211735 	 197.794162 	 217.368792
   61 	 0.803369 	 198.239742 	 217.368792
   62 	 -2.539026 	 197.789628 	 217.368792
   63 	 7.945151 	 198.116267 	 217.368792
   64 	 -130.752505 	 190.748103 	 217.368792
   65 	 134.052804 	 201.052219 	 217.368792
   66 	 -61.383312 	 195.255015 	 217.368792
   67 	 -185.275447 	 190.986879 	 274.508061
   68 	 -5.464480 	 198.450538 	 274.508061
   69 	 174.668004 	 204.690541 	 217.368792
 