   0 	 -0.522021 	 0.260159 	 2.992006
    1 	 -5.914847 	 0.374990 	 3.149310
    2 	 -105.324772 	 -0.405808 	 6.171318
    3 	 -1.083676 	 0.817525 	 0.854516
    4 	 0.170612 	 0.843507 	 0.853530
    5 	 0.259282 	 0.846328 	 0.853530
    6 	 0.652360 	 0.851316 	 0.855504
    7 	 0.838131 	 0.853359 	 0.853530
    8 	 0.177075 	 1.003183 	 14.998794
    9 	 -5.914847 	 2.647375 	 14.998794
   10 	 -0.697787 	 11.661323 	 14.998794
   11 	 0.853530 	 14.225104 	 16.092994
   12 	 11.802248 	 14.963277 	 14.998794
   13 	 0.206850 	 14.705001 	 14.998794
   14 	 -0.675177 	 14.824639 	 14.998794
   15 	 -4.121243 	 14.646547 	 14.998794
   16 	 14.998794 	 14.998794 	 14.998794
   17 	 -0.675177 	 14.926033 	 23.422696
   18 	 -0.697787 	 14.527852 	 23.422696
   19 	 4.026986 	 14.970484 	 23.422696
   20 	 0.184608 	 14.785770 	 23.422696
   21 	 -4.121243 	 14.068706 	 23.422696
   22 	 -12.047919 	 14.906867 	 23.422696
   23 	 0.203898 	 15.086093 	 23.422696
   24 	 0.160343 	 14.964203 	 23.422696
   25 	 0.312010 	 15.157869 	 23.422696
   26 	 1.021121 	 15.033614 	 23.422696
   27 	 1.021121 	 15.075275 	 23.422696
   28 	 8.791222 	 15.200841 	 23.422696
   29 	 -4.240176 	 13.827916 	 23.422696
   30 	 8.791222 	 15.244764 	 23.422696
   31 	 -12.047919 	 14.707574 	 23.422696
   32 	 0.206850 	 14.962192 	 23.422696
   33 	 -4.121243 	 15.227059 	 23.422696
   34 	 -0.676994 	 15.566544 	 24.750159
   35 	 -4.121243 	 17.127228 	 24.750159
   36 	 0.276841 	 17.995518 	 25.203782
   37 	 1.452896 	 18.970747 	 25.203782
   38 	 -1.679625 	 19.311093 	 25.203782
   39 	 1.452896 	 21.141186 	 26.749660
   40 	 1.444023 	 22.000666 	 26.238678
   41 	 1.005759 	 22.546711 	 28.499395
   42 	 -0.679626 	 22.477060 	 28.499395
   43 	 0.312116 	 22.848713 	 28.499395
   44 	 0.276760 	 23.215336 	 28.499395
   45 	 -0.695348 	 23.108387 	 28.499395
   46 	 17.805292 	 23.760600 	 28.499395
   47 	 -0.690100 	 22.665070 	 28.499395
   48 	 0.184736 	 22.831506 	 28.499395
   49 	 0.458365 	 23.072648 	 28.499395
   50 	 0.160267 	 23.173581 	 29.836213
   51 	 -9.206113 	 22.981457 	 29.836213
   52 	 -8.809586 	 22.659239 	 29.836213
   53 	 -1.594997 	 23.888467 	 29.836213
   54 	 -0.679626 	 23.703513 	 29.836213
   55 	 -9.206113 	 23.806348 	 29.836213
   56 	 -3.632373 	 23.481285 	 29.836213
   57 	 -0.690100 	 24.536658 	 32.800955
   58 	 -3.953191 	 24.205923 	 32.800955
   59 	 -3.953191 	 23.555766 	 32.800955
   60 	 1.007649 	 25.160579 	 32.800955
   61 	 0.160267 	 24.784732 	 32.800955
   62 	 19.334075 	 25.266825 	 34.582580
   63 	 -3.869402 	 24.716746 	 34.582580
   64 	 0.276841 	 24.439378 	 34.582580
   65 	 -3.808397 	 25.362088 	 38.638851
   66 	 -1.570086 	 25.269801 	 38.638851
   67 	 1.003877 	 25.806439 	 38.638851
   68 	 4.675708 	 25.810789 	 38.638851
   69 	 0.312129 	 26.239077 	 38.638851
 