   0 	 0.128623 	 1.169681 	 84.101834
    1 	 -48.927156 	 56.804162 	 84.101834
    2 	 -5.554106 	 82.085196 	 84.101834
    3 	 -111.610035 	 79.970297 	 84.101834
    4 	 14.452976 	 83.635152 	 116.018020
    5 	 79.833128 	 83.959544 	 84.101834
    6 	 25.371998 	 89.665529 	 629.121879
    7 	 -1042.172490 	 104.452235 	 629.121879
    8 	 84.101834 	 290.147924 	 629.121879
    9 	 -8.886880 	 493.264062 	 629.121879
   10 	 -2.483227 	 611.794221 	 791.277911
   11 	 84.101834 	 622.415523 	 791.277911
   12 	 -89.098333 	 620.795930 	 791.277911
   13 	 -8.886880 	 631.041561 	 791.277911
   14 	 0.292361 	 602.065923 	 791.277911
   15 	 -976.156892 	 602.401909 	 791.277911
   16 	 446.375350 	 635.642463 	 791.277911
   17 	 629.121879 	 647.139215 	 791.277911
   18 	 -86.595439 	 630.397117 	 791.277911
   19 	 629.121879 	 647.139215 	 791.277911
   20 	 0.801598 	 633.549909 	 791.277911
   21 	 -21050.028668 	 380.512044 	 791.277911
   22 	 -8.886880 	 661.847813 	 791.277911
   23 	 0.801598 	 688.347122 	 791.277911
   24 	 -191.465939 	 682.004431 	 791.277911
   25 	 -739.246901 	 685.754423 	 791.277911
   26 	 0.206364 	 719.427548 	 791.277911
   27 	 -86.595439 	 716.896402 	 791.277911
   28 	 -739.246901 	 694.725936 	 791.277911
   29 	 -500.358604 	 710.066885 	 791.277911
   30 	 -2680.297110 	 711.483521 	 791.277911
   31 	 17.093776 	 762.856794 	 791.277911
   32 	 -8.865843 	 757.385084 	 791.277911
   33 	 -8.865843 	 755.768042 	 791.277911
   34 	 -2680.297110 	 718.913544 	 791.277911
   35 	 -2.481138 	 757.234094 	 791.277911
   36 	 0.211695 	 744.886931 	 791.277911
   37 	 -89.098333 	 744.103685 	 791.277911
   38 	 -2680.297110 	 722.412608 	 791.277911
   39 	 0.292361 	 758.113560 	 791.277911
   40 	 -976.156892 	 752.876929 	 791.277911
   41 	 -739.246901 	 744.268214 	 791.277911
   42 	 -86.595439 	 736.270075 	 791.277911
   43 	 8.063754 	 766.721432 	 791.277911
   44 	 -8.865843 	 765.619901 	 791.277911
   45 	 -86.595439 	 760.984378 	 791.277911
   46 	 34.796734 	 775.665629 	 791.277911
   47 	 0.211696 	 742.500956 	 791.277911
   48 	 155.064365 	 773.398469 	 791.277911
   49 	 -5.154724 	 741.973942 	 791.277911
   50 	 -8.865843 	 768.199155 	 791.277911
   51 	 8.063754 	 789.837482 	 2255.633648
   52 	 -842.415871 	 767.997262 	 2255.633648
   53 	 0.166424 	 825.894440 	 2255.633648
   54 	 0.449946 	 1008.477870 	 2255.633648
   55 	 -2680.297110 	 1192.011576 	 2255.633648
   56 	 791.277911 	 1626.736340 	 2255.633648
   57 	 24.893141 	 1998.102042 	 2255.633648
   58 	 13.173608 	 2142.605665 	 2255.633648
   59 	 13.173608 	 2189.660801 	 2255.633648
   60 	 -5.137268 	 2230.513972 	 2255.633648
   61 	 -8.864082 	 2205.418883 	 2255.633648
   62 	 8.134583 	 2230.661437 	 2255.633648
   63 	 0.206334 	 2141.926523 	 2255.633648
   64 	 -47.821099 	 2180.957033 	 2255.633648
   65 	 -2.480592 	 2181.728491 	 2255.633648
   66 	 -47.821099 	 2190.009950 	 2255.633648
   67 	 1.656110 	 2230.589454 	 2255.633648
   68 	 0.166421 	 2205.515543 	 2255.633648
   69 	 0.292404 	 2206.545307 	 2255.633648
 