   0 	 -3.665265 	 0.195501 	 1.014105
    1 	 -1.467102 	 0.306542 	 1.014105
    2 	 -2.952318 	 0.457783 	 1.537140
    3 	 -65.377594 	 -0.159098 	 1.537140
    4 	 0.423159 	 0.455988 	 0.485066
    5 	 0.423159 	 0.455622 	 0.456413
    6 	 0.159446 	 0.453844 	 0.593084
    7 	 0.423159 	 0.456717 	 0.593084
    8 	 0.159435 	 0.448654 	 0.593084
    9 	 0.373029 	 0.454750 	 0.593084
   10 	 0.373029 	 0.456189 	 0.593084
   11 	 0.258006 	 0.460394 	 0.593084
   12 	 0.423159 	 0.463022 	 0.593084
   13 	 0.423159 	 0.466882 	 0.947680
   14 	 0.151259 	 0.472062 	 0.947680
   15 	 0.151259 	 0.476495 	 0.947680
   16 	 0.322012 	 0.493720 	 0.947680
   17 	 0.180101 	 0.517458 	 0.947680
   18 	 0.322576 	 0.530283 	 0.947680
   19 	 0.322558 	 0.583691 	 0.947680
   20 	 0.322558 	 0.615022 	 0.947680
   21 	 0.322576 	 0.620532 	 0.947680
   22 	 0.322576 	 0.696859 	 0.947680
   23 	 0.322576 	 0.783647 	 0.947680
   24 	 0.322576 	 0.847786 	 0.947703
   25 	 0.322576 	 0.893466 	 0.947680
   26 	 0.322576 	 0.899366 	 0.947680
   27 	 0.322576 	 0.912762 	 0.949540
   28 	 0.165658 	 0.914434 	 0.949540
   29 	 0.456413 	 0.938125 	 0.949540
   30 	 0.752317 	 0.944072 	 0.949540
   31 	 0.192189 	 0.931012 	 0.947680
   32 	 0.455580 	 0.934177 	 0.947680
   33 	 0.752317 	 0.944003 	 0.947680
   34 	 0.898136 	 0.945634 	 0.947680
   35 	 0.762274 	 0.944004 	 0.947680
   36 	 0.155848 	 0.930390 	 0.947680
   37 	 0.155848 	 0.924343 	 0.947686
   38 	 0.898136 	 0.945874 	 0.947686
   39 	 0.165658 	 0.930648 	 0.947686
   40 	 0.192334 	 0.937170 	 0.950401
   41 	 0.898136 	 0.943639 	 0.950401
   42 	 0.900969 	 0.946121 	 0.950401
   43 	 0.868735 	 0.946061 	 0.950401
   44 	 0.155882 	 0.938006 	 0.950401
   45 	 0.596582 	 0.942671 	 0.947680
   46 	 0.933322 	 0.946476 	 0.947709
   47 	 0.155848 	 0.937922 	 0.947680
   48 	 0.936843 	 0.946977 	 0.947680
   49 	 0.456413 	 0.941513 	 0.950401
   50 	 0.453103 	 0.940434 	 0.950401
   51 	 0.322648 	 0.933595 	 0.950401
   52 	 0.147018 	 0.918651 	 0.950401
   53 	 0.859854 	 0.943320 	 0.950401
   54 	 0.175984 	 0.934065 	 0.950401
   55 	 0.165654 	 0.910812 	 0.950401
   56 	 0.858179 	 0.945257 	 0.950411
   57 	 0.293867 	 0.931167 	 0.950411
   58 	 0.316780 	 0.935724 	 0.950401
   59 	 0.315481 	 0.925414 	 0.950401
   60 	 0.155882 	 0.916981 	 0.950401
   61 	 0.166824 	 0.929380 	 0.950401
   62 	 0.668220 	 0.940762 	 0.982190
   63 	 0.191974 	 0.928169 	 0.950401
   64 	 0.165658 	 0.916917 	 0.950401
   65 	 0.212944 	 0.939549 	 0.950401
   66 	 0.212885 	 0.924570 	 0.950518
   67 	 0.944838 	 0.947711 	 0.950518
   68 	 0.688894 	 0.943756 	 0.949914
   69 	 0.688894 	 0.943644 	 0.949914
 