   0 	 0.016552 	 0.058966 	 0.697545
    1 	 0.021047 	 0.159677 	 1.953125
    2 	 0.030289 	 0.328022 	 1.784616
    3 	 0.029700 	 0.654430 	 1.876009
    4 	 0.056898 	 0.934326 	 2.244945
    5 	 0.151139 	 0.940886 	 1.822375
    6 	 0.099914 	 0.746353 	 1.757786
    7 	 0.035671 	 0.681693 	 1.507979
    8 	 0.152381 	 0.796469 	 1.399944
    9 	 0.040068 	 0.886376 	 1.825915
   10 	 0.040369 	 0.773626 	 1.779422
   11 	 0.041284 	 0.737225 	 1.811371
   12 	 0.361601 	 0.802282 	 1.810385
   13 	 0.420630 	 0.841268 	 1.807390
   14 	 0.090049 	 0.785405 	 1.296679
   15 	 0.102239 	 0.765437 	 1.204485
   16 	 0.090613 	 0.801147 	 2.001406
   17 	 0.596989 	 0.812368 	 1.628032
   18 	 0.125464 	 0.775943 	 1.999150
   19 	 0.123675 	 0.769846 	 0.901722
   20 	 0.095530 	 0.792032 	 1.368564
   21 	 0.036405 	 0.803702 	 1.573132
   22 	 0.048018 	 0.793994 	 1.646008
   23 	 0.479586 	 0.778597 	 0.913124
   24 	 0.129566 	 0.777803 	 1.785657
   25 	 0.343100 	 0.777295 	 1.028509
   26 	 0.410718 	 0.810633 	 1.558686
   27 	 0.396505 	 0.806489 	 1.208774
   28 	 0.482932 	 0.797450 	 1.219040
   29 	 0.581134 	 0.800065 	 1.240534
   30 	 0.366027 	 0.798310 	 1.120409
   31 	 0.570602 	 0.798078 	 1.009353
   32 	 0.047609 	 0.780940 	 1.289280
   33 	 0.040885 	 0.776086 	 1.004412
   34 	 0.222150 	 0.805273 	 2.187182
   35 	 0.616343 	 0.821290 	 1.786262
   36 	 0.048038 	 0.795558 	 1.582904
   37 	 0.435111 	 0.800187 	 1.029141
   38 	 0.036703 	 0.819959 	 1.785593
   39 	 0.346566 	 0.822838 	 1.686158
   40 	 0.292057 	 0.829497 	 2.240631
   41 	 0.370800 	 0.830610 	 1.322461
   42 	 0.040161 	 0.834974 	 1.337231
   43 	 0.104627 	 0.824671 	 1.210314
   44 	 0.558613 	 0.882228 	 4.082276
   45 	 0.336710 	 0.863854 	 1.944667
   46 	 0.041690 	 0.887184 	 1.371229
   47 	 0.036752 	 0.918696 	 1.553011
   48 	 0.269566 	 1.011358 	 6.940097
   49 	 0.214997 	 1.002316 	 7.186356
   50 	 0.036068 	 0.964256 	 2.108078
   51 	 0.135297 	 0.990251 	 3.150629
   52 	 0.041670 	 1.057919 	 7.221870
   53 	 0.307406 	 0.976306 	 2.940337
   54 	 0.136532 	 1.041584 	 4.290761
   55 	 0.103169 	 0.953060 	 2.440180
   56 	 0.040857 	 0.991939 	 4.185283
   57 	 0.393301 	 1.037083 	 4.864538
   58 	 0.233226 	 1.060920 	 6.980458
   59 	 0.201331 	 0.960067 	 2.017343
   60 	 0.141186 	 0.973848 	 2.979504
   61 	 0.041513 	 0.991090 	 3.292383
   62 	 0.035415 	 1.030178 	 4.105325
   63 	 0.294570 	 1.071753 	 6.948617
   64 	 0.107040 	 1.015016 	 7.256079
   65 	 0.141824 	 0.973024 	 2.519084
   66 	 0.135898 	 1.064285 	 4.774623
   67 	 0.381463 	 1.012525 	 4.094608
   68 	 0.205043 	 0.975583 	 4.196431
   69 	 0.238265 	 0.967992 	 2.066699
   70 	 0.232621 	 1.018532 	 3.252633
   71 	 0.461021 	 0.988106 	 2.935434
   72 	 0.298060 	 0.963442 	 2.984883
   73 	 0.036585 	 0.949730 	 1.774872
   74 	 0.323909 	 0.995822 	 2.497130
   75 	 0.532688 	 1.052139 	 7.195023
   76 	 0.301017 	 0.944338 	 2.345714
   77 	 0.130680 	 0.919003 	 1.574585
   78 	 0.408478 	 1.002967 	 2.478823
   79 	 0.278491 	 1.081299 	 4.290374
   80 	 0.387413 	 0.941597 	 1.957415
   81 	 0.227647 	 0.940941 	 2.625419
   82 	 0.131129 	 0.975314 	 2.041594
   83 	 0.366593 	 1.028437 	 3.029875
   84 	 0.041688 	 0.956729 	 4.282125
   85 	 0.108200 	 0.917656 	 2.132226
   86 	 0.228075 	 1.070659 	 6.940216
   87 	 0.372566 	 1.093241 	 4.748329
   88 	 0.107629 	 0.929693 	 3.025948
   89 	 0.206155 	 0.928285 	 2.105412
   90 	 0.036515 	 1.031207 	 4.761246
   91 	 0.272084 	 1.036465 	 3.240917
   92 	 0.205607 	 1.140920 	 7.198656
   93 	 0.299104 	 0.961888 	 2.670337
   94 	 0.036709 	 0.956535 	 3.246678
   95 	 0.360654 	 0.995854 	 2.490633
   96 	 0.298590 	 1.165332 	 7.188602
   97 	 0.385649 	 0.964080 	 2.159573
   98 	 0.137155 	 0.951301 	 2.493829
   99 	 0.442092 	 0.977178 	 2.048975
  100 	 0.385174 	 1.073293 	 4.174399
  101 	 0.391283 	 0.952652 	 1.836574
  102 	 0.131598 	 0.914157 	 2.050970
  103 	 0.036673 	 0.931481 	 2.025591
  104 	 0.036654 	 1.051462 	 2.974244
  105 	 0.469927 	 1.192040 	 7.190462
  106 	 0.325029 	 1.054702 	 7.191465
  107 	 0.137120 	 0.937103 	 1.747253
  108 	 0.041670 	 1.000686 	 2.339567
  109 	 0.107987 	 1.068180 	 4.175008
  110 	 0.106959 	 1.156167 	 6.941070
  111 	 0.036349 	 1.016276 	 4.753142
  112 	 0.111671 	 1.008517 	 4.776487
  113 	 0.205950 	 1.092760 	 7.207255
  114 	 0.108197 	 1.100899 	 4.671342
  115 	 0.136805 	 0.985089 	 3.243065
  116 	 0.103835 	 1.023959 	 4.748412
  117 	 0.298912 	 1.030175 	 4.180506
  118 	 0.131460 	 1.052291 	 4.848843
  119 	 0.233486 	 0.959817 	 2.491825
  120 	 0.131290 	 1.025707 	 4.276069
  121 	 0.039167 	 0.990025 	 2.977197
  122 	 0.036147 	 1.036059 	 4.279173
  123 	 0.324718 	 1.064045 	 7.063798
  124 	 0.228229 	 1.114914 	 7.217785
  125 	 0.139544 	 0.973228 	 2.341274
  126 	 0.136609 	 0.975643 	 3.024541
  127 	 0.355350 	 1.000401 	 4.133186
  128 	 0.319801 	 1.054930 	 4.183949
  129 	 0.236095 	 0.991901 	 2.184600
  130 	 0.041678 	 0.972941 	 2.368538
  131 	 0.035923 	 0.970258 	 2.954254
  132 	 0.284689 	 1.083327 	 6.940690
  133 	 0.327155 	 1.047829 	 7.229445
  134 	 0.141983 	 0.969920 	 2.583383
  135 	 0.136391 	 0.963025 	 2.327989
  136 	 0.041438 	 1.033066 	 4.091933
  137 	 0.411457 	 0.997592 	 4.187755
  138 	 0.238417 	 1.035210 	 6.952277
  139 	 0.233092 	 0.952612 	 1.946067
  140 	 0.141750 	 0.985671 	 2.934126
  141 	 0.036694 	 0.984282 	 2.980698
  142 	 0.329324 	 1.017045 	 4.095842
  143 	 0.319209 	 1.033223 	 7.189353
  144 	 0.238195 	 0.968304 	 2.316296
  145 	 0.137141 	 0.970365 	 2.371863
  146 	 0.413446 	 0.986970 	 2.936038
  147 	 0.404161 	 0.980857 	 4.174645
  148 	 0.329116 	 0.961795 	 1.938563
  149 	 0.233806 	 0.984989 	 1.974097
  150 	 0.108402 	 0.969029 	 2.317408
  151 	 0.131110 	 0.941880 	 2.974363
  152 	 0.413256 	 0.976734 	 3.192826
  153 	 0.036737 	 0.956390 	 1.712386
  154 	 0.134068 	 0.942826 	 1.939277
  155 	 0.041683 	 1.021430 	 7.187151
  156 	 0.466401 	 1.031049 	 4.228902
  157 	 0.107180 	 1.006523 	 6.940423
  158 	 0.230877 	 0.941201 	 1.758084
  159 	 0.141989 	 1.037304 	 4.771456
  160 	 0.036676 	 0.992614 	 3.000502
  161 	 0.036525 	 0.957453 	 4.091844
  162 	 0.322279 	 0.973152 	 4.141189
  163 	 0.238422 	 1.031960 	 4.143787
  164 	 0.130850 	 0.945845 	 2.354719
  165 	 0.235505 	 0.967384 	 2.934082
  166 	 0.106239 	 1.034152 	 4.287251
  167 	 0.130065 	 0.976962 	 2.959407
  168 	 0.036454 	 0.961033 	 4.792970
  169 	 0.326604 	 1.024887 	 4.301725
  170 	 0.131145 	 1.128372 	 7.201786
  171 	 0.227060 	 0.958188 	 2.330977
  172 	 0.136908 	 0.953381 	 3.260784
  173 	 0.379649 	 0.974614 	 3.035270
  174 	 0.297337 	 1.042175 	 4.178717
  175 	 0.132330 	 0.980809 	 2.074478
  176 	 0.131486 	 0.969133 	 2.501642
  177 	 0.029553 	 0.986323 	 4.260207
  178 	 0.384018 	 1.047533 	 4.275578
  179 	 0.229221 	 1.082897 	 7.578477
  180 	 0.228416 	 0.954642 	 2.055843
  181 	 0.130193 	 0.977032 	 3.015492
  182 	 0.108600 	 1.011147 	 3.022828
  183 	 0.036695 	 0.972149 	 4.299345
  184 	 0.319977 	 0.995564 	 4.739336
  185 	 0.227183 	 1.267091 	 7.189302
  186 	 0.206537 	 0.989477 	 2.367554
  187 	 0.137142 	 0.953463 	 3.034139
  188 	 0.108780 	 0.958972 	 3.236900
  189 	 0.318823 	 1.118229 	 4.174628
  190 	 0.299464 	 1.022241 	 4.735294
  191 	 0.233807 	 0.942966 	 2.374040
  192 	 0.041720 	 0.960141 	 2.488403
  193 	 0.042958 	 0.999274 	 2.974355
  194 	 0.036698 	 1.049837 	 6.938679
  195 	 0.325018 	 1.083136 	 6.879546
  196 	 0.142024 	 1.037410 	 7.189164
  197 	 0.036773 	 0.966983 	 2.339631
  198 	 0.137145 	 1.011644 	 4.091255
  199 	 0.359675 	 1.094992 	 7.185293
  200 	 0.036626 	 0.971455 	 4.174583
  201 	 0.032908 	 0.950374 	 2.164151
  202 	 0.233810 	 1.082316 	 7.192872
  203 	 0.037804 	 1.101011 	 7.390556
  204 	 0.036452 	 0.946887 	 2.974333
  205 	 0.036381 	 1.033362 	 7.132450
  206 	 0.325020 	 1.104476 	 7.201911
  207 	 0.130891 	 1.091748 	 7.205574
  208 	 0.131467 	 0.917932 	 2.339618
  209 	 0.136837 	 1.029363 	 4.286487
  210 	 0.036855 	 1.110276 	 4.275926
  211 	 0.227848 	 1.023567 	 4.179956
  212 	 0.228398 	 0.999203 	 7.181076
  213 	 0.233516 	 0.993169 	 3.028025
  214 	 0.137297 	 1.044139 	 3.022994
  215 	 0.319445 	 0.989070 	 2.976931
  216 	 0.108324 	 0.958381 	 4.171931
  217 	 0.324746 	 0.990119 	 2.370536
  218 	 0.233955 	 1.060321 	 4.745534
  219 	 0.404378 	 0.973089 	 2.341120
  220 	 0.206273 	 0.945763 	 2.973050
  221 	 0.368585 	 0.969252 	 1.973252
  222 	 0.325156 	 1.011763 	 3.239669
  223 	 0.370740 	 0.968440 	 2.123208
  224 	 0.299216 	 0.955553 	 2.338876
  225 	 0.041404 	 0.959761 	 2.113540
  226 	 0.409622 	 0.986510 	 2.489941
  227 	 0.131550 	 1.030193 	 6.953907
  228 	 0.133051 	 0.924413 	 1.567602
  229 	 0.141717 	 0.963574 	 2.573504
  230 	 0.598802 	 1.062198 	 4.247158
  231 	 0.107713 	 1.025863 	 4.096391
  232 	 0.110364 	 0.912904 	 1.426123
  233 	 0.105526 	 0.993906 	 4.759332
  234 	 0.654226 	 1.072490 	 4.700033
  235 	 0.205688 	 1.040403 	 4.809391
  236 	 0.208228 	 0.908459 	 1.321656
  237 	 0.203592 	 0.970218 	 3.245825
  238 	 0.702219 	 1.043545 	 3.219286
  239 	 0.298666 	 0.995466 	 3.268061
  240 	 0.292049 	 0.907240 	 1.242824
  241 	 0.296695 	 0.957115 	 2.493356
  242 	 0.042100 	 0.989495 	 2.535183
  243 	 0.385244 	 0.985367 	 2.505667
  244 	 0.036696 	 1.002165 	 6.920401
  245 	 0.383426 	 0.942261 	 2.050675
  246 	 0.142393 	 1.015212 	 4.140853
  247 	 0.464452 	 0.973167 	 2.058351
  248 	 0.235668 	 0.968064 	 4.085077
  249 	 0.108636 	 0.929781 	 1.764129
  250 	 0.238807 	 0.978066 	 2.957982
  251 	 0.041381 	 1.009149 	 4.738535
  252 	 0.036738 	 0.966344 	 2.930769
  253 	 0.206572 	 1.007264 	 6.955032
  254 	 0.137753 	 1.038530 	 7.187117
  255 	 0.134375 	 0.977525 	 3.236542
  256 	 0.137183 	 1.020155 	 4.164012
  257 	 0.036824 	 0.987963 	 4.223418
  258 	 0.234389 	 0.991730 	 4.173912
  259 	 0.150223 	 1.118848 	 7.182671
  260 	 0.233846 	 0.993672 	 2.969217
  261 	 0.131473 	 0.960232 	 3.958466
  262 	 0.036673 	 0.948293 	 2.974009
  263 	 0.041623 	 1.046814 	 4.275816
  264 	 0.325054 	 1.111779 	 7.190465
  265 	 0.036753 	 0.978985 	 6.943321
  266 	 0.137120 	 0.940786 	 2.339431
  267 	 0.141930 	 1.151635 	 7.186346
  268 	 0.041660 	 1.009706 	 4.175009
  269 	 0.103850 	 0.943283 	 4.092822
  270 	 0.131433 	 1.051766 	 6.941564
  271 	 0.131278 	 1.086246 	 4.848490
  272 	 0.036707 	 1.011158 	 4.276548
  273 	 0.132018 	 0.971880 	 4.279393
  274 	 0.228365 	 1.082281 	 7.188698
  275 	 0.228217 	 1.077431 	 4.265885
  276 	 0.137154 	 0.974577 	 3.023290
  277 	 0.228923 	 0.936180 	 3.024646
  278 	 0.319929 	 1.039404 	 4.174430
  279 	 0.319791 	 1.074471 	 3.018204
  280 	 0.233818 	 0.959818 	 2.367820
  281 	 0.320451 	 0.924768 	 2.368598
  282 	 0.404822 	 1.002630 	 2.974260
  283 	 0.036758 	 0.982405 	 2.364900
  284 	 0.036653 	 0.929678 	 1.971522
  285 	 0.388156 	 1.097833 	 7.186069
  286 	 0.482178 	 1.133369 	 7.191499
  287 	 0.137203 	 0.977105 	 2.038501
  288 	 0.108178 	 0.930347 	 1.710635
  289 	 0.041713 	 0.958889 	 3.170239
  290 	 0.551561 	 1.087647 	 4.748826
  291 	 0.305564 	 1.098102 	 6.938996
  292 	 0.206133 	 0.934770 	 1.529142
  293 	 0.036663 	 0.941015 	 2.451197
  294 	 0.612917 	 1.040563 	 3.241139
  295 	 0.391604 	 1.110640 	 7.190957
  296 	 0.135943 	 0.916179 	 1.397981
  297 	 0.036767 	 0.912586 	 2.024273
  298 	 0.666497 	 1.048970 	 4.195627
  299 	 0.041681 	 1.113605 	 7.185581
  300 	 0.232665 	 0.920426 	 1.300564
  301 	 0.137212 	 0.997099 	 6.940551
  302 	 0.128566 	 1.014902 	 2.984496
  303 	 0.073548 	 1.023960 	 2.974618
  304 	 0.108210 	 0.943716 	 4.329635
  305 	 0.324990 	 1.026847 	 5.683492
  306 	 0.225630 	 1.088244 	 4.748121
  307 	 0.108219 	 0.989701 	 2.339783
  308 	 0.036810 	 0.919711 	 3.048501
  309 	 0.275433 	 1.027488 	 4.747898
  310 	 0.036627 	 1.105759 	 7.183380
  311 	 0.206173 	 0.958547 	 1.953622
  312 	 0.137254 	 0.991948 	 7.192858
  313 	 0.486376 	 1.015823 	 3.240724
  314 	 0.116244 	 1.030971 	 4.172686
  315 	 0.131476 	 0.942583 	 1.698438
  316 	 0.035987 	 0.983582 	 4.573634
  317 	 0.486526 	 1.028308 	 4.275772
  318 	 0.213856 	 1.127553 	 7.226085
  319 	 0.228406 	 0.941743 	 1.570648
  320 	 0.136454 	 0.956260 	 3.161990
  321 	 0.518933 	 1.009627 	 3.022921
  322 	 0.306336 	 1.038470 	 4.186659
  323 	 0.319967 	 0.941742 	 1.609442
  324 	 0.233151 	 0.951424 	 2.446566
  325 	 0.584166 	 0.996140 	 2.367608
  326 	 0.107950 	 0.989901 	 2.980169
  327 	 0.102360 	 0.931606 	 1.456524
  328 	 0.324405 	 1.050253 	 4.753986
  329 	 0.566127 	 1.030374 	 4.883757
  330 	 0.047342 	 0.952609 	 2.342991
  331 	 0.121622 	 0.932335 	 1.495826
  332 	 0.036653 	 1.059104 	 6.678164
  333 	 0.625694 	 1.017672 	 4.463841
  334 	 0.036687 	 1.050500 	 7.191479
  335 	 0.036691 	 0.898288 	 1.373449
  336 	 0.137101 	 1.143722 	 7.189735
  337 	 0.677576 	 1.140685 	 7.189554
  338 	 0.137134 	 0.984875 	 4.175342
  339 	 0.036685 	 0.892495 	 1.282091
  340 	 0.134308 	 1.045186 	 4.174770
  341 	 0.036366 	 1.092857 	 7.189824
  342 	 0.041684 	 0.987516 	 4.224610
  343 	 0.041875 	 1.100248 	 7.206348
  344 	 0.231106 	 1.102158 	 6.940407
  345 	 0.136822 	 1.099877 	 6.931180
  346 	 0.141989 	 0.952852 	 2.998442
  347 	 0.105361 	 1.017358 	 4.180210
  348 	 0.317014 	 1.051403 	 4.091838
  349 	 0.233502 	 1.051027 	 4.813221
  350 	 0.238422 	 0.956351 	 2.384279
  351 	 0.063255 	 0.972898 	 2.977054
  352 	 0.036520 	 1.018449 	 2.934079
  353 	 0.324733 	 1.068078 	 6.036632
  354 	 0.329329 	 1.017651 	 7.198359
  355 	 0.162892 	 0.960253 	 2.341191
  356 	 0.136972 	 1.013146 	 2.316268
  357 	 0.409234 	 1.034757 	 3.769428
  358 	 0.413451 	 0.976789 	 4.177595
  359 	 0.258276 	 0.948631 	 1.954523
  360 	 0.233645 	 0.994319 	 1.938545
  361 	 0.486163 	 1.009835 	 2.772571
  362 	 0.106570 	 0.951907 	 2.975790
  363 	 0.347830 	 0.935632 	 1.699053
  364 	 0.324866 	 1.028333 	 4.785378
  365 	 0.036690 	 0.984377 	 2.221089
  366 	 0.204592 	 0.944465 	 2.340461
  367 	 0.041646 	 0.995062 	 7.189588
  368 	 0.036674 	 0.974719 	 3.257413
  369 	 0.108175 	 1.071803 	 6.942219
  370 	 0.108099 	 1.020333 	 7.190412
  371 	 0.041746 	 0.983988 	 4.748889
  372 	 0.041606 	 1.025253 	 4.750618
  373 	 0.206131 	 1.146043 	 6.937382
  374 	 0.206057 	 1.117187 	 6.944151
  375 	 0.142050 	 0.966202 	 3.241166
  376 	 0.141913 	 0.982024 	 3.241938
  377 	 0.131219 	 1.063356 	 4.090817
  378 	 0.041271 	 1.020427 	 4.093102
  379 	 0.036766 	 1.000390 	 4.280479
  380 	 0.238351 	 1.125508 	 6.960321
  381 	 0.228161 	 1.099440 	 7.185647
  382 	 0.141588 	 0.980268 	 2.934698
  383 	 0.137211 	 0.964969 	 3.025164
  384 	 0.329262 	 1.067069 	 4.098552
  385 	 0.319738 	 1.050526 	 4.173430
  386 	 0.238041 	 0.956464 	 2.316628
  387 	 0.233873 	 0.960498 	 2.368895
  388 	 0.413389 	 1.034662 	 2.937363
  389 	 0.404646 	 1.018875 	 2.973776
  390 	 0.328973 	 0.943768 	 1.938776
  391 	 0.325079 	 0.931138 	 1.972207
  392 	 0.489914 	 1.005255 	 2.318179
  393 	 0.482019 	 1.015100 	 2.339296
  394 	 0.037304 	 0.927980 	 1.528034
  395 	 0.409551 	 0.930870 	 1.711101
  396 	 0.613333 	 1.070364 	 7.157981
  397 	 0.551420 	 0.995070 	 1.953310
  398 	 0.137734 	 0.930262 	 1.397168
  399 	 0.110838 	 0.915966 	 1.529473
  400 	 0.619486 	 1.018991 	 4.164343
  401 	 0.612793 	 1.025748 	 4.689584
  402 	 0.041582 	 0.921123 	 1.385260
  403 	 0.208682 	 0.911395 	 1.398225
  404 	 0.041734 	 1.037954 	 6.945328
  405 	 0.406963 	 1.016213 	 3.214587
  406 	 0.141890 	 1.048035 	 6.937961
  407 	 0.301478 	 0.923968 	 1.963236
  408 	 0.041600 	 0.960371 	 2.884422
  409 	 0.484112 	 1.007993 	 2.475992
  410 	 0.323706 	 1.110851 	 6.944419
  411 	 0.387839 	 0.931661 	 1.704993
  412 	 0.132479 	 0.944690 	 2.346833
  413 	 0.131162 	 0.980187 	 2.039823
  414 	 0.408291 	 1.065220 	 4.093192
  415 	 0.466805 	 0.972662 	 4.281513
  416 	 0.238345 	 0.927318 	 1.958130
  417 	 0.041826 	 0.943303 	 1.756836
  418 	 0.485312 	 1.020956 	 2.934742
  419 	 0.264341 	 1.074142 	 6.933540
  420 	 0.329257 	 0.930602 	 1.701514
  421 	 0.131037 	 0.960233 	 2.726720
  422 	 0.036737 	 0.994961 	 2.316654
  423 	 0.353467 	 1.065024 	 4.283813
  424 	 0.413385 	 1.020473 	 7.187146
  425 	 0.222266 	 0.946401 	 2.193623
  426 	 0.137183 	 0.970841 	 1.938793
  427 	 0.371274 	 1.016314 	 3.080090
  428 	 0.377117 	 0.987260 	 4.173921
  429 	 0.110242 	 0.932844 	 2.111156
  430 	 0.108744 	 0.940045 	 2.085430
  431 	 0.451762 	 1.079633 	 4.702739
  432 	 0.127040 	 1.068809 	 4.736107
  433 	 0.208111 	 0.944186 	 1.804527
  434 	 0.206675 	 0.978537 	 4.358444
  435 	 0.431681 	 1.024643 	 3.220502
  436 	 0.224173 	 1.022727 	 3.235456
  437 	 0.300942 	 0.944425 	 1.872376
  438 	 0.299593 	 0.959758 	 3.062103
  439 	 0.036923 	 0.993260 	 2.479286
  440 	 0.036654 	 1.000177 	 2.487602
  441 	 0.387344 	 1.025672 	 7.177541
  442 	 0.386100 	 1.036373 	 7.191467
  443 	 0.137364 	 0.977917 	 2.041884
  444 	 0.137101 	 0.982383 	 2.047082
  445 	 0.399039 	 0.973351 	 4.170770
  446 	 0.109960 	 0.971933 	 4.175338
  447 	 0.036417 	 0.966616 	 1.994262
  448 	 0.233768 	 1.003632 	 4.708978
  449 	 0.359491 	 1.022612 	 7.203722
  450 	 0.207841 	 0.980273 	 2.974698
  451 	 0.136872 	 0.990561 	 2.165010
  452 	 0.324981 	 1.009043 	 3.223303
  453 	 0.441032 	 0.977214 	 4.179351
  454 	 0.108376 	 0.935301 	 2.339829
  455 	 0.233549 	 0.980615 	 1.840157
  456 	 0.131528 	 1.077663 	 4.744373
  457 	 0.126855 	 0.957850 	 2.976638
  458 	 0.036917 	 0.959591 	 4.274810
  459 	 0.324777 	 1.011738 	 4.361944
  460 	 0.228456 	 1.110049 	 7.177863
  461 	 0.223997 	 0.950585 	 2.340951
  462 	 0.036616 	 0.912216 	 1.698458
  463 	 0.285393 	 0.970708 	 3.063752
  464 	 0.041683 	 1.080304 	 7.193426
  465 	 0.315841 	 0.955544 	 1.954369
  466 	 0.137065 	 1.085592 	 6.940458
  467 	 0.486199 	 0.970895 	 2.390966
  468 	 0.141988 	 1.013791 	 4.175980
  469 	 0.036670 	 0.936885 	 1.698948
  470 	 0.233733 	 1.032154 	 4.091855
  471 	 0.403863 	 0.973036 	 2.240799
  472 	 0.238421 	 0.982029 	 2.975009
  473 	 0.426767 	 0.958001 	 1.975257
  474 	 0.324949 	 1.005672 	 2.934088
  475 	 0.036637 	 0.957409 	 1.889762
  476 	 0.036692 	 0.950881 	 2.340009
  477 	 0.501967 	 1.038298 	 7.192343
  478 	 0.371905 	 1.071311 	 7.189460
  479 	 0.137085 	 0.952775 	 1.654623
  480 	 0.035237 	 0.942813 	 2.108350
  481 	 0.036649 	 0.981700 	 4.175624
  482 	 0.452335 	 1.118416 	 7.265466
  483 	 0.233753 	 1.031930 	 7.191702
  484 	 0.135725 	 0.949971 	 1.802661
  485 	 0.036691 	 0.950976 	 2.974837
  486 	 0.108549 	 1.030532 	 4.199482
  487 	 0.108229 	 1.056826 	 7.189518
  488 	 0.232456 	 0.985731 	 4.740482
  489 	 0.137138 	 1.000566 	 4.747678
  490 	 0.036751 	 1.010362 	 2.986354
  491 	 0.206182 	 1.004237 	 4.174699
  492 	 0.323755 	 1.044102 	 7.186410
  493 	 0.036678 	 0.966075 	 3.240626
  494 	 0.036606 	 0.966349 	 2.346563
  495 	 0.299130 	 1.059994 	 7.190190
  496 	 0.408336 	 1.116028 	 7.193941
  497 	 0.137125 	 0.955862 	 2.490472
  498 	 0.130806 	 0.942031 	 1.957958
  499 	 0.385673 	 1.009213 	 4.174919
  500 	 0.485353 	 1.084895 	 4.288049
  501 	 0.233791 	 0.947580 	 2.048875
  502 	 0.227767 	 0.935042 	 1.701396
  503 	 0.036767 	 0.979884 	 2.974496
  504 	 0.036644 	 1.027022 	 3.028768
  505 	 0.325003 	 1.027655 	 7.185623
  506 	 0.319370 	 1.019162 	 7.191983
  507 	 0.137211 	 0.968057 	 2.339712
  508 	 0.137092 	 1.000107 	 2.370962
  509 	 0.371473 	 0.977567 	 4.173422
  510 	 0.108068 	 0.957437 	 4.175507
  511 	 0.131649 	 0.949991 	 2.110271
  512 	 0.233759 	 1.036881 	 4.751304
  513 	 0.376086 	 1.016954 	 4.272614
  514 	 0.206028 	 0.938520 	 2.974780
  515 	 0.228571 	 0.952434 	 2.089923
  516 	 0.324973 	 1.050410 	 3.242245
  517 	 0.456137 	 1.015651 	 3.021415
  518 	 0.036974 	 0.914975 	 2.339877
  519 	 0.036700 	 0.935756 	 1.790391
  520 	 0.390554 	 1.108179 	 7.174959
  521 	 0.041579 	 1.052258 	 7.189070
  522 	 0.137412 	 0.926308 	 2.028587
  523 	 0.036673 	 1.019911 	 6.945436
  524 	 0.105509 	 1.058737 	 4.169923
  525 	 0.141888 	 1.078767 	 7.190446
  526 	 0.234065 	 0.964719 	 4.809785
  527 	 0.036674 	 0.959708 	 4.093535
  528 	 0.203575 	 1.032941 	 2.972079
  529 	 0.238326 	 1.108521 	 7.190403
  530 	 0.143078 	 0.937616 	 3.268235
  531 	 0.137121 	 0.960973 	 2.934910
  532 	 0.041684 	 1.044697 	 4.073681
  533 	 0.284609 	 1.035913 	 4.174989
  534 	 0.239459 	 1.007273 	 6.940408
  535 	 0.233787 	 0.971272 	 2.583916
  536 	 0.036090 	 0.995553 	 2.925182
  537 	 0.036534 	 0.988835 	 2.974530
  538 	 0.036675 	 1.062171 	 7.220726
  539 	 0.324999 	 1.042040 	 7.197651
  540 	 0.108090 	 1.104616 	 7.190341
  541 	 0.108283 	 0.948738 	 2.339732
  542 	 0.137123 	 1.070751 	 4.750821
  543 	 0.409478 	 1.085950 	 4.746476
  544 	 0.108546 	 1.005247 	 4.174969
  545 	 0.132738 	 0.926283 	 1.767696
  546 	 0.105435 	 1.120604 	 4.740544
  547 	 0.534732 	 1.066844 	 4.252817
  548 	 0.131440 	 1.000945 	 4.811517
  549 	 0.229610 	 0.923698 	 1.569534
  550 	 0.203504 	 1.088726 	 4.276420
  551 	 0.598110 	 1.026497 	 3.011959
  552 	 0.228372 	 0.973192 	 3.269002
  553 	 0.321093 	 0.925793 	 1.427532
  554 	 0.296612 	 1.034345 	 3.023229
  555 	 0.630525 	 1.001959 	 2.361312
  556 	 0.319936 	 0.966117 	 2.506187
  557 	 0.042131 	 0.900017 	 1.322709
  558 	 0.116150 	 0.984912 	 2.367785
  559 	 0.107915 	 1.066104 	 6.918930
  560 	 0.131114 	 0.986543 	 4.575618
  561 	 0.099431 	 0.952651 	 4.754761
  562 	 0.209187 	 1.011285 	 4.282400
  563 	 0.205882 	 1.063868 	 4.954630
  564 	 0.228061 	 0.966689 	 3.209378
  565 	 0.197745 	 0.942018 	 3.243787
  566 	 0.036940 	 0.970404 	 3.026079
  567 	 0.282435 	 1.013515 	 3.331727
  568 	 0.309513 	 1.095273 	 7.176682
  569 	 0.042235 	 0.942689 	 2.598518
  570 	 0.137380 	 0.951614 	 2.427695
  571 	 0.041701 	 1.062186 	 6.913963
  572 	 0.108174 	 1.013495 	 4.170488
  573 	 0.142524 	 1.011967 	 6.939590
  574 	 0.234034 	 1.001692 	 4.748929
  575 	 0.142005 	 1.013250 	 4.082898
  576 	 0.206129 	 0.989878 	 2.972353
  577 	 0.238932 	 0.979325 	 4.091562
  578 	 0.325229 	 0.980584 	 3.241184
  579 	 0.238438 	 0.984239 	 2.929701
  580 	 0.109105 	 0.953419 	 2.338473
  581 	 0.329804 	 0.978373 	 2.933944
  582 	 0.409689 	 1.028928 	 4.728018
  583 	 0.329343 	 0.978765 	 2.313720
  584 	 0.041651 	 0.938203 	 1.952783
  585 	 0.413887 	 0.962975 	 2.316190
  586 	 0.367590 	 1.064188 	 6.941992
  587 	 0.413464 	 0.972768 	 1.936908
  588 	 0.141957 	 0.955669 	 2.127705
  589 	 0.106086 	 0.947739 	 1.938495
  590 	 0.131257 	 1.001374 	 4.092373
  591 	 0.489981 	 1.012478 	 4.796475
  592 	 0.036647 	 0.983887 	 4.279782
  593 	 0.204129 	 0.931474 	 1.688102
  594 	 0.228197 	 1.050568 	 7.191785
  595 	 0.383185 	 1.006506 	 3.262338
  596 	 0.137096 	 0.964063 	 3.024832
  597 	 0.284803 	 0.931026 	 2.059369
  598 	 0.319772 	 1.021168 	 4.175442
  599 	 0.462584 	 1.010397 	 2.582621
  600 	 0.233763 	 0.954710 	 2.368704
  601 	 0.132162 	 0.921030 	 1.769961
  602 	 0.371335 	 0.989034 	 2.974749
  603 	 0.036687 	 1.013673 	 4.263259
  604 	 0.036434 	 0.943477 	 2.110885
  605 	 0.229060 	 1.041022 	 7.189731
  606 	 0.131239 	 1.113673 	 7.202855
  607 	 0.137134 	 0.986954 	 3.016950
  608 	 0.136888 	 0.981987 	 4.280103
  609 	 0.320580 	 0.987570 	 4.174768
  610 	 0.036611 	 1.009777 	 4.179067
  611 	 0.036658 	 0.961500 	 2.364179
  612 	 0.233565 	 1.085892 	 7.193665
  613 	 0.405420 	 1.047688 	 7.191233
  614 	 0.089310 	 0.958429 	 2.976501
  615 	 0.132274 	 0.950418 	 1.969202
  616 	 0.105978 	 1.081614 	 5.216205
  617 	 0.284892 	 1.007188 	 4.261232
  618 	 0.188019 	 0.972866 	 4.798977
  619 	 0.229167 	 0.965468 	 2.582032
  620 	 0.041415 	 1.035915 	 2.975047
  621 	 0.372518 	 0.981101 	 3.015982
  622 	 0.324945 	 1.009596 	 6.953349
  623 	 0.320679 	 0.954194 	 2.105625
  624 	 0.141728 	 1.014385 	 2.340031
  625 	 0.452893 	 0.978608 	 2.363623
  626 	 0.260468 	 0.959458 	 4.096203
  627 	 0.106037 	 0.930696 	 1.800849
  628 	 0.036648 	 1.006321 	 2.755824
  629 	 0.498592 	 1.038518 	 4.797609
  630 	 0.036865 	 1.065546 	 7.191748
  631 	 0.108499 	 0.923331 	 1.663916
  632 	 0.041791 	 1.031970 	 7.180564
  633 	 0.551893 	 1.054753 	 4.741613
  634 	 0.137307 	 1.116395 	 6.935251
  635 	 0.206440 	 0.928985 	 1.528366
  636 	 0.142093 	 0.981150 	 4.171762
  637 	 0.132478 	 0.996991 	 3.237917
  638 	 0.037331 	 0.996916 	 4.090097
  639 	 0.036289 	 0.964948 	 4.257519
  640 	 0.217292 	 1.098880 	 7.156603
  641 	 0.101843 	 1.062220 	 7.210379
  642 	 0.137760 	 0.980266 	 3.128007
  643 	 0.107904 	 0.984339 	 4.896133
  644 	 0.309558 	 1.037412 	 4.163889
  645 	 0.131470 	 1.060671 	 4.755011
  646 	 0.036674 	 0.943753 	 2.427428
  647 	 0.131914 	 0.991389 	 4.275883
  648 	 0.041677 	 1.087753 	 7.190435
  649 	 0.108159 	 1.048800 	 4.267772
  650 	 0.131043 	 1.001739 	 6.940712
  651 	 0.228824 	 1.014089 	 4.749265
  652 	 0.141983 	 1.072126 	 4.283699
  653 	 0.206115 	 1.011286 	 3.019105
  654 	 0.227993 	 0.956756 	 4.091941
  655 	 0.036627 	 0.963630 	 3.241334
  656 	 0.238416 	 1.049043 	 3.026697
  657 	 0.299067 	 1.088533 	 7.192830
  658 	 0.319581 	 0.935261 	 2.934130
  659 	 0.137076 	 0.943620 	 2.490865
  660 	 0.132023 	 1.019019 	 2.369774
  661 	 0.372383 	 1.039284 	 4.175784
  662 	 0.404502 	 0.988132 	 4.265783
  663 	 0.233744 	 0.947856 	 2.106227
  664 	 0.228928 	 0.984559 	 1.972767
  665 	 0.131423 	 1.004295 	 2.974914
  666 	 0.036737 	 0.946997 	 3.018155
  667 	 0.131361 	 0.964011 	 4.276744
  668 	 0.135661 	 1.019042 	 4.275918
  669 	 0.228355 	 1.048011 	 4.277876
  670 	 0.228398 	 1.035170 	 4.200599
  671 	 0.037672 	 0.902659 	 1.593100
  672 	 0.232396 	 0.962411 	 3.022990
  673 	 0.284029 	 1.116932 	 7.139197
  674 	 0.285173 	 1.037855 	 2.986892
  675 	 0.138091 	 0.927456 	 2.587800
  676 	 0.323699 	 0.963180 	 2.580158
  677 	 0.371720 	 1.038275 	 4.158157
  678 	 0.131468 	 0.981924 	 2.346873
  679 	 0.035112 	 0.927514 	 2.109172
  680 	 0.408284 	 1.055671 	 4.275910
  681 	 0.452167 	 1.117379 	 7.272105
  682 	 0.039982 	 0.957734 	 1.958156
  683 	 0.135602 	 0.924873 	 1.803208
  684 	 0.485306 	 1.087863 	 7.023367
  685 	 0.524767 	 1.057450 	 4.201638
  686 	 0.140336 	 0.949368 	 1.701531
  687 	 0.232340 	 0.925113 	 1.594472
  688 	 0.554345 	 1.029069 	 4.119704
  689 	 0.589320 	 1.021826 	 2.987393
  690 	 0.107805 	 0.927983 	 1.522661
  691 	 0.323646 	 0.918183 	 1.445577
  692 	 0.490022 	 1.059427 	 4.757260
  693 	 0.287808 	 1.003574 	 2.347162
  694 	 0.205776 	 0.927921 	 1.687985
  695 	 0.408236 	 0.949390 	 2.562738
  696 	 0.558539 	 1.042020 	 3.244901
  697 	 0.375215 	 0.989218 	 1.958341
  698 	 0.246004 	 0.930894 	 1.512999
  699 	 0.372149 	 0.936879 	 2.093736
  700 	 0.371480 	 1.010226 	 2.870232
  701 	 0.041681 	 0.958500 	 2.107263
  702 	 0.131214 	 0.921327 	 2.110240
  703 	 0.036695 	 1.009273 	 6.940554
  704 	 0.451949 	 1.089000 	 4.280565
  705 	 0.141986 	 1.128652 	 7.189328
  706 	 0.228156 	 0.922803 	 1.803918
  707 	 0.130855 	 0.959441 	 4.091888
  708 	 0.524571 	 1.028474 	 3.025204
  709 	 0.238420 	 1.090261 	 4.287156
  710 	 0.116679 	 0.922008 	 1.594969
  711 	 0.106735 	 0.927203 	 2.934103
  712 	 0.107851 	 1.033171 	 4.564551
  713 	 0.286845 	 1.114217 	 4.781607
  714 	 0.214273 	 0.956159 	 4.756226
  715 	 0.204750 	 0.951170 	 2.569074
  716 	 0.036570 	 1.006562 	 3.157834
  717 	 0.374325 	 1.057913 	 3.255738
  718 	 0.306726 	 1.105713 	 7.195801
  719 	 0.139589 	 0.935339 	 2.097644
  720 	 0.137020 	 0.956639 	 1.803486
  721 	 0.454536 	 1.066801 	 4.132412
  722 	 0.284890 	 1.054486 	 4.176757
  723 	 0.236138 	 0.924050 	 1.795537
  724 	 0.233691 	 0.979086 	 2.582047
  725 	 0.526888 	 1.040081 	 2.953878
  726 	 0.036751 	 0.997183 	 2.975385
  727 	 0.216727 	 0.924745 	 1.589098
  728 	 0.134569 	 1.036264 	 7.186431
  729 	 0.131471 	 1.021313 	 3.133549
  730 	 0.037012 	 0.999050 	 4.219966
  731 	 0.309028 	 0.967890 	 4.275861
  732 	 0.108437 	 1.092033 	 7.172991
  733 	 0.036674 	 0.979378 	 2.430556
  734 	 0.137450 	 1.020678 	 4.743002
  735 	 0.371619 	 1.022629 	 7.190418
  736 	 0.036649 	 1.000634 	 4.169277
  737 	 0.131565 	 0.974682 	 2.109618
  738 	 0.037946 	 1.066175 	 7.190385
  739 	 0.281468 	 1.009419 	 4.274141
  740 	 0.137122 	 1.058272 	 7.125257
  741 	 0.228491 	 1.019360 	 2.605063
  742 	 0.138357 	 1.012093 	 4.174983
  743 	 0.369349 	 0.979353 	 3.022143
  744 	 0.233788 	 1.006967 	 4.153557
  745 	 0.320047 	 0.995700 	 2.119769
  746 	 0.234965 	 0.985955 	 2.974527
  747 	 0.450011 	 0.965379 	 2.367161
  748 	 0.041684 	 0.967036 	 2.964149
  749 	 0.404930 	 0.970348 	 1.810247
  750 	 0.326099 	 1.058271 	 6.940374
  751 	 0.131669 	 0.962702 	 1.971102
  752 	 0.141989 	 0.941733 	 2.333725
  753 	 0.108302 	 0.992603 	 4.272249
  754 	 0.041694 	 1.016927 	 4.091827
  755 	 0.036515 	 0.972737 	 4.746035
  756 	 0.238423 	 1.059800 	 6.939891
  757 	 0.206252 	 1.139279 	 7.198642
  758 	 0.141999 	 0.992233 	 2.934074
  759 	 0.136967 	 0.963229 	 3.239892
  760 	 0.284544 	 0.996625 	 4.091664
  761 	 0.036404 	 1.036405 	 4.177688
  762 	 0.109189 	 0.972434 	 2.584352
  763 	 0.108121 	 1.022486 	 7.204399
  764 	 0.372197 	 1.050871 	 4.726141
  765 	 0.131521 	 1.058253 	 4.750109
  766 	 0.036589 	 0.939298 	 2.107052
  767 	 0.206079 	 1.020463 	 4.274955
  768 	 0.371423 	 1.124754 	 7.194788
  769 	 0.228448 	 0.993632 	 3.241711
  770 	 0.137039 	 0.925287 	 2.110493
  771 	 0.299033 	 1.006538 	 3.022531
  772 	 0.364357 	 1.086858 	 4.176426
  773 	 0.320007 	 0.999866 	 2.491074
  774 	 0.036674 	 0.914453 	 2.142441
  775 	 0.036675 	 1.013956 	 2.367384
  776 	 0.108168 	 1.132028 	 7.190395
  777 	 0.371661 	 1.049943 	 7.190385
  778 	 0.102667 	 0.953799 	 4.749054
  779 	 0.137122 	 1.004352 	 2.109431
  780 	 0.206124 	 1.101083 	 4.876446
  781 	 0.377981 	 0.993262 	 4.174983
  782 	 0.200850 	 0.944983 	 3.241240
  783 	 0.233788 	 0.989249 	 2.081680
  784 	 0.299075 	 1.068866 	 3.297611
  785 	 0.138022 	 0.981476 	 2.974527
  786 	 0.041644 	 0.938573 	 2.490813
  787 	 0.041690 	 1.007269 	 4.159358
  788 	 0.385622 	 1.097101 	 6.942312
  789 	 0.129568 	 1.025168 	 6.940124
  790 	 0.141950 	 0.938418 	 2.049088
  791 	 0.107235 	 0.997174 	 4.310933
  792 	 0.131471 	 1.014528 	 4.092481
  793 	 0.108172 	 1.020975 	 4.344372
  794 	 0.238386 	 0.995392 	 4.275857
  795 	 0.189898 	 1.089619 	 4.748961
  796 	 0.228401 	 1.024732 	 2.934394
  797 	 0.206128 	 0.990023 	 3.421159
  798 	 0.131605 	 0.956078 	 3.022961
  799 	 0.283804 	 1.035129 	 3.241199
  800 	 0.319963 	 1.060722 	 4.273417
  801 	 0.299079 	 0.970166 	 2.589305
  802 	 0.228529 	 0.945123 	 2.367631
  803 	 0.259006 	 0.994946 	 2.490790
  804 	 0.276817 	 0.993541 	 3.021798
  805 	 0.034713 	 0.973768 	 2.766971
  806 	 0.320082 	 0.989438 	 2.637013
  807 	 0.106373 	 1.037031 	 7.293245
  808 	 0.132869 	 0.962414 	 2.366963
  809 	 0.135215 	 1.017532 	 4.789897
  810 	 0.371752 	 1.017503 	 4.250453
  811 	 0.204403 	 0.994128 	 4.208492
  812 	 0.041563 	 0.956275 	 2.109026
  813 	 0.131469 	 0.976701 	 3.259420
  814 	 0.129085 	 1.061521 	 6.946218
  815 	 0.136771 	 0.980511 	 4.275891
  816 	 0.141872 	 0.988919 	 4.319938
  817 	 0.138210 	 1.008674 	 4.151748
  818 	 0.036872 	 0.946051 	 4.093799
  819 	 0.234741 	 1.011337 	 4.156094
  820 	 0.238311 	 1.179355 	 7.180182
  821 	 0.234825 	 0.979285 	 2.966113
  822 	 0.036834 	 0.884668 	 2.935039
  823 	 0.325891 	 0.997478 	 2.965380
  824 	 0.329225 	 1.260906 	 7.182164
  825 	 0.131406 	 0.979060 	 2.334862
  826 	 0.037529 	 0.889491 	 2.101696
  827 	 0.107615 	 1.032336 	 4.277047
  828 	 0.103754 	 1.220139 	 7.146473
  829 	 0.109485 	 1.047141 	 4.761551
  830 	 0.035562 	 0.918670 	 4.850740
  831 	 0.041716 	 1.035065 	 4.719539
  832 	 0.201892 	 1.262943 	 7.248387
  833 	 0.132117 	 1.059191 	 6.938870
  834 	 0.036675 	 0.892540 	 3.286315
  835 	 0.037256 	 1.030842 	 4.264090
  836 	 0.295097 	 1.231576 	 7.190371
  837 	 0.036673 	 1.074228 	 7.160451
  838 	 0.034148 	 0.889044 	 2.000411
  839 	 0.131762 	 1.062249 	 7.190438
  840 	 0.284891 	 1.173586 	 7.323429
  841 	 0.130931 	 1.033184 	 4.270553
  842 	 0.134665 	 0.923391 	 2.582034
  843 	 0.228678 	 1.064833 	 4.285760
  844 	 0.037551 	 1.047462 	 4.218249
  845 	 0.227886 	 1.003861 	 3.020432
  846 	 0.231447 	 1.021411 	 7.145351
  847 	 0.107748 	 0.995341 	 3.027679
  848 	 0.037152 	 0.964691 	 2.995386
  849 	 0.284909 	 0.993598 	 2.588877
  850 	 0.322811 	 1.089792 	 7.165787
  851 	 0.371571 	 1.008310 	 2.428598
  852 	 0.069444 	 0.954394 	 2.351772
  853 	 0.210940 	 0.955815 	 2.109834
  854 	 0.132841 	 1.097035 	 5.819243
  855 	 0.036588 	 1.044031 	 3.191417
  856 	 0.168872 	 1.043462 	 4.250957
  857 	 0.303599 	 1.021048 	 7.194862
  858 	 0.036674 	 1.021327 	 3.686335
  859 	 0.137038 	 1.006389 	 2.463059
  860 	 0.263940 	 1.086336 	 7.190393
  861 	 0.131325 	 0.980110 	 4.176450
  862 	 0.137122 	 0.988587 	 2.729701
  863 	 0.133287 	 1.018068 	 4.278526
  864 	 0.353095 	 1.040564 	 4.174985
  865 	 0.228262 	 1.001050 	 4.242917
  866 	 0.036678 	 0.955704 	 2.195415
  867 	 0.230133 	 0.996122 	 3.024233
  868 	 0.435196 	 1.088929 	 7.190219
  869 	 0.319833 	 0.965274 	 3.007221
  870 	 0.137125 	 0.944911 	 1.860132
  871 	 0.321583 	 0.984038 	 2.368361
  872 	 0.509546 	 1.039641 	 4.174929
  873 	 0.108340 	 0.940467 	 2.358587
  874 	 0.233791 	 0.927571 	 1.634131
  875 	 0.036674 	 0.983030 	 4.745191
  876 	 0.400760 	 1.029567 	 2.974501
  877 	 0.206288 	 1.057405 	 7.190410
  878 	 0.325002 	 0.942671 	 1.987439
  879 	 0.036448 	 0.967615 	 3.239515
  880 	 0.478506 	 1.005879 	 2.339715
  881 	 0.299230 	 1.085337 	 7.202104
  882 	 0.281825 	 0.916873 	 1.721450
  883 	 0.136902 	 0.939423 	 2.489856
  884 	 0.041719 	 1.000012 	 2.602644
  885 	 0.036714 	 1.038462 	 4.178821
  886 	 0.369680 	 1.084409 	 6.938705
  887 	 0.036675 	 0.998446 	 7.188340
  888 	 0.142023 	 0.982980 	 2.118286
  889 	 0.131303 	 1.077588 	 7.190384
  890 	 0.036674 	 0.983369 	 4.091263
  891 	 0.131497 	 0.990025 	 4.278933
  892 	 0.238455 	 1.168812 	 7.190387
  893 	 0.228241 	 1.072530 	 4.275383
  894 	 0.137122 	 0.974070 	 2.933798
  895 	 0.228426 	 0.970822 	 3.024427
  896 	 0.131081 	 1.057735 	 4.174984
  897 	 0.131531 	 1.017558 	 3.022735
  898 	 0.233788 	 1.000173 	 4.283007
  899 	 0.034084 	 0.995143 	 4.274765
  900 	 0.228029 	 1.014192 	 2.974527
  901 	 0.228458 	 1.055785 	 7.326876
  902 	 0.325000 	 0.977614 	 3.026368
  903 	 0.134603 	 0.972852 	 3.022440
  904 	 0.041673 	 0.980217 	 2.339730
  905 	 0.108041 	 0.989769 	 4.219361
  906 	 0.103855 	 1.032623 	 6.940930
  907 	 0.108220 	 1.003249 	 4.751927
  908 	 0.131792 	 1.002401 	 4.848366
  909 	 0.131586 	 1.043917 	 4.747885
  910 	 0.201989 	 1.027357 	 4.269994
  911 	 0.206173 	 1.018438 	 4.273759
  912 	 0.228708 	 0.984403 	 3.285269
  913 	 0.228511 	 1.001659 	 3.240719
  914 	 0.036307 	 0.985755 	 3.020165
  915 	 0.299122 	 1.008944 	 3.021961
  916 	 0.320250 	 1.036195 	 7.209431
  917 	 0.320065 	 0.965764 	 2.490524
  918 	 0.136765 	 0.977414 	 2.366026
  919 	 0.371207 	 0.994940 	 2.367057
  920 	 0.147215 	 0.933336 	 2.112949
  921 	 0.404947 	 0.987369 	 2.111454
  922 	 0.451396 	 1.047540 	 4.006160
  923 	 0.451701 	 0.968762 	 1.971036
  924 	 0.036702 	 0.920057 	 1.805719
  925 	 0.482291 	 0.992202 	 1.804725
  926 	 0.524076 	 1.105309 	 7.188984
  927 	 0.133174 	 0.949216 	 1.710304
  928 	 0.131675 	 0.908222 	 1.596229
  929 	 0.533828 	 1.016514 	 4.244948
  930 	 0.118602 	 1.043942 	 4.272125
  931 	 0.230025 	 0.952889 	 1.571762
  932 	 0.228596 	 0.965422 	 4.524840
  933 	 0.522153 	 0.991393 	 3.008194
  934 	 0.216112 	 1.004876 	 3.021181
  935 	 0.321482 	 0.948836 	 1.601146
  936 	 0.036659 	 0.926133 	 3.139602
  937 	 0.036139 	 0.934952 	 2.359146
  938 	 0.308451 	 1.068229 	 7.191175
  939 	 0.324926 	 1.106395 	 7.218178
  940 	 0.137107 	 0.899324 	 2.433970
  941 	 0.136601 	 0.953881 	 2.274721
  942 	 0.394264 	 1.079450 	 2.924770
  943 	 0.420677 	 1.049385 	 4.184077
  944 	 0.330341 	 0.892301 	 2.013432
  945 	 0.108172 	 0.896804 	 1.476088
  946 	 0.132770 	 1.029796 	 2.310848
  947 	 0.106988 	 1.105004 	 4.266391
  948 	 0.036738 	 0.932031 	 4.252240
  949 	 0.039501 	 0.955239 	 4.775817
  950 	 0.229640 	 1.096020 	 7.187111
  951 	 0.204993 	 1.101743 	 7.047166
  952 	 0.137183 	 0.924371 	 3.011684
  953 	 0.108350 	 0.942757 	 3.253164
  954 	 0.321122 	 1.047526 	 4.173910
  955 	 0.129404 	 1.069418 	 4.744958
  956 	 0.041684 	 0.914161 	 2.361153
  957 	 0.206298 	 0.982175 	 4.313987
  958 	 0.041714 	 1.075712 	 6.940393
  959 	 0.226429 	 1.025514 	 3.239411
  960 	 0.141989 	 1.038520 	 6.938951
  961 	 0.299239 	 0.965558 	 3.041089
  962 	 0.142018 	 1.014558 	 4.091833
  963 	 0.318118 	 0.998046 	 2.489798
  964 	 0.238423 	 0.998102 	 4.091346
  965 	 0.385773 	 0.963622 	 2.378020
  966 	 0.041924 	 0.977520 	 2.934077
  967 	 0.403158 	 0.981799 	 2.048454
  968 	 0.329329 	 1.052608 	 6.928831
  969 	 0.131450 	 0.947618 	 1.978014
  970 	 0.142223 	 0.965486 	 2.316267
  971 	 0.036502 	 1.003500 	 4.276237
  972 	 0.413451 	 1.005180 	 4.087928
  973 	 0.228382 	 1.017553 	 7.199296
  974 	 0.238645 	 0.957512 	 1.938544
  975 	 0.136954 	 0.983185 	 3.023142
  976 	 0.036791 	 0.971831 	 2.932165
  977 	 0.319945 	 0.979299 	 4.177902
  978 	 0.329536 	 1.036181 	 7.184390
  979 	 0.036677 	 0.960850 	 2.367735
  980 	 0.137235 	 0.954372 	 2.315155
  981 	 0.371647 	 1.040206 	 7.190253
  982 	 0.371622 	 0.998554 	 4.173018
  983 	 0.137124 	 0.960701 	 1.971468
  984 	 0.041684 	 0.942969 	 2.109608
  985 	 0.131618 	 0.989165 	 4.174940
  986 	 0.041307 	 1.073682 	 6.940381
  987 	 0.036600 	 0.986537 	 4.273176
  988 	 0.130059 	 1.068789 	 6.958619
  989 	 0.106568 	 1.035564 	 7.194240
  990 	 0.141623 	 1.093564 	 4.301827
  991 	 0.036714 	 0.987140 	 4.785416
  992 	 0.227055 	 0.976872 	 4.097979
  993 	 0.132037 	 1.102599 	 7.188336
  994 	 0.041819 	 1.030781 	 3.035319
  995 	 0.107992 	 0.984302 	 4.265539
  996 	 0.041625 	 1.037984 	 6.933908
  997 	 0.040920 	 1.067991 	 4.753033
  998 	 0.142120 	 1.111691 	 6.943244
  999 	 0.205955 	 1.050286 	 6.977391
 