   0 	 0.016385 	 0.063857 	 0.574449
    1 	 0.015726 	 0.171820 	 0.574449
    2 	 0.039019 	 0.323638 	 1.043947
    3 	 0.040197 	 0.416119 	 0.856066
    4 	 0.040061 	 0.546873 	 3.883717
    5 	 0.040607 	 0.522864 	 2.505157
    6 	 0.034973 	 0.576966 	 2.198113
    7 	 0.040707 	 0.894998 	 4.074857
    8 	 0.178877 	 1.008025 	 2.620438
    9 	 0.036801 	 0.944241 	 2.874326
   10 	 0.035739 	 0.761850 	 2.117327
   11 	 0.040265 	 0.900439 	 3.983254
   12 	 0.036421 	 1.127395 	 4.130843
   13 	 0.040538 	 1.062131 	 4.066681
   14 	 0.039563 	 0.959009 	 6.067201
   15 	 0.036281 	 0.964644 	 4.076004
   16 	 0.039473 	 1.073902 	 4.092263
   17 	 0.041014 	 1.078652 	 4.147988
   18 	 0.150503 	 1.031991 	 4.061440
   19 	 0.037161 	 0.969824 	 4.068113
   20 	 0.042725 	 0.887889 	 2.314275
   21 	 0.041996 	 1.052338 	 4.132902
   22 	 0.396971 	 1.134248 	 4.039998
   23 	 0.225220 	 1.021597 	 4.051921
   24 	 0.235582 	 0.881750 	 1.661761
   25 	 0.129691 	 0.951425 	 2.325472
   26 	 0.516853 	 1.018977 	 2.270752
   27 	 0.395214 	 0.968223 	 2.989613
   28 	 0.403950 	 0.878311 	 1.385706
   29 	 0.313047 	 0.919122 	 1.666626
   30 	 0.106427 	 0.953582 	 1.642709
   31 	 0.534352 	 0.921032 	 1.931073
   32 	 0.541269 	 0.905245 	 3.213086
   33 	 0.133521 	 0.889937 	 1.352902
   34 	 0.041699 	 0.890327 	 1.340358
   35 	 0.041904 	 0.936178 	 2.955771
   36 	 0.107525 	 0.950607 	 4.056815
   37 	 0.294735 	 0.917105 	 4.053431
   38 	 0.234653 	 0.954107 	 3.201789
   39 	 0.105194 	 0.914175 	 2.001859
   40 	 0.293549 	 0.912463 	 2.275556
   41 	 0.339829 	 0.932568 	 3.225870
   42 	 0.387183 	 0.928832 	 2.006626
   43 	 0.291488 	 0.910837 	 1.545524
   44 	 0.452197 	 0.901552 	 1.689236
   45 	 0.522125 	 0.901736 	 2.014957
   46 	 0.434096 	 0.919569 	 1.522077
   47 	 0.041533 	 0.885924 	 1.375657
   48 	 0.579080 	 0.901840 	 1.565199
   49 	 0.041654 	 0.966635 	 4.059543
   50 	 0.130194 	 0.897823 	 1.275705
   51 	 0.234503 	 0.934290 	 4.057549
   52 	 0.675445 	 0.932632 	 2.985123
   53 	 0.234612 	 0.932129 	 2.276334
   54 	 0.313487 	 0.897519 	 1.136047
   55 	 0.398250 	 0.909186 	 2.275765
   56 	 0.041605 	 0.901705 	 1.929432
   57 	 0.036605 	 0.910628 	 1.658237
   58 	 0.107583 	 0.933805 	 4.058356
   59 	 0.536758 	 0.943719 	 4.142408
   60 	 0.234568 	 0.927817 	 3.201197
   61 	 0.130448 	 0.884201 	 1.348512
   62 	 0.041600 	 0.870334 	 1.200519
   63 	 0.279121 	 0.944942 	 2.982869
   64 	 0.041588 	 0.963371 	 4.058442
   65 	 0.107466 	 0.896910 	 2.066452
   66 	 0.234563 	 0.938386 	 4.058637
   67 	 0.107912 	 0.937298 	 3.202397
   68 	 0.234553 	 0.915845 	 2.063252
   69 	 0.137545 	 0.927839 	 3.197830
   70 	 0.440907 	 0.924859 	 2.276075
   71 	 0.107550 	 0.921790 	 2.921024
   72 	 0.130442 	 0.897807 	 1.548690
   73 	 0.281413 	 0.989144 	 3.201530
   74 	 0.041583 	 0.913599 	 2.982916
   75 	 0.293571 	 0.910311 	 2.056709
   76 	 0.313704 	 0.968167 	 4.058720
   77 	 0.107463 	 0.925076 	 2.006536
   78 	 0.234548 	 0.902274 	 1.928624
   79 	 0.363896 	 0.915739 	 3.202424
   80 	 0.042776 	 0.898385 	 2.276099
   81 	 0.280150 	 0.912000 	 1.758409
   82 	 0.358667 	 0.936956 	 4.039160
   83 	 0.509370 	 0.917713 	 2.062067
   84 	 0.108609 	 0.881973 	 1.774725
   85 	 0.441137 	 0.906878 	 1.400226
   86 	 0.505172 	 0.974912 	 3.190718
   87 	 0.623043 	 0.913116 	 1.548137
   88 	 0.280473 	 0.882907 	 1.408507
   89 	 0.256060 	 0.888471 	 1.207959
   90 	 0.036601 	 0.908970 	 2.060695
   91 	 0.291503 	 0.926894 	 2.169857
   92 	 0.280333 	 0.998556 	 4.142480
   93 	 0.421113 	 0.908301 	 2.014899
   94 	 0.036601 	 0.889807 	 2.061290
   95 	 0.450512 	 0.912008 	 1.547498
   96 	 0.441289 	 1.011197 	 4.142480
   97 	 0.280526 	 0.897015 	 1.525991
   98 	 0.129800 	 0.854809 	 1.547774
   99 	 0.392158 	 0.913644 	 2.060471
  100 	 0.529350 	 1.016536 	 2.988643
  101 	 0.441448 	 0.908677 	 1.675159
  102 	 0.041548 	 0.860149 	 1.362119
  103 	 0.531927 	 0.907412 	 1.547393
  104 	 0.036601 	 0.972931 	 4.059292
  105 	 0.570713 	 0.905244 	 1.357355
  106 	 0.130954 	 0.975893 	 4.142485
  107 	 0.640141 	 0.904870 	 1.289468
  108 	 0.041562 	 0.947297 	 2.978373
  109 	 0.669224 	 0.903822 	 1.183514
  110 	 0.115866 	 0.932826 	 4.059072
  111 	 0.720298 	 0.903768 	 1.144133
  112 	 0.234529 	 0.946694 	 3.118506
  113 	 0.365492 	 0.896406 	 1.080966
  114 	 0.107594 	 0.897904 	 2.276199
  115 	 0.341978 	 0.908543 	 1.753486
  116 	 0.403063 	 0.972396 	 3.201079
  117 	 0.510651 	 0.908146 	 1.828896
  118 	 0.036627 	 0.869525 	 1.645106
  119 	 0.041588 	 0.894444 	 1.397720
  120 	 0.540568 	 1.018570 	 4.142038
  121 	 0.624017 	 0.943570 	 4.058629
  122 	 0.230052 	 0.868840 	 1.341619
  123 	 0.234553 	 0.891927 	 1.206539
  124 	 0.646655 	 0.959717 	 2.299630
  125 	 0.708547 	 0.917821 	 2.276073
  126 	 0.120768 	 0.862523 	 1.143441
  127 	 0.107531 	 0.878024 	 1.094874
  128 	 0.036601 	 0.947248 	 3.071556
  129 	 0.507013 	 0.933460 	 3.201730
  130 	 0.280724 	 0.908677 	 4.142490
  131 	 0.280557 	 0.883567 	 1.404863
  132 	 0.230028 	 0.927762 	 2.059630
  133 	 0.518990 	 0.918556 	 2.060337
  134 	 0.421761 	 0.903164 	 2.299757
  135 	 0.108129 	 0.897427 	 1.381617
  136 	 0.399272 	 0.922203 	 1.596014
  137 	 0.518994 	 0.938918 	 3.195610
  138 	 0.106601 	 0.896420 	 1.655431
  139 	 0.294082 	 0.894828 	 1.381608
  140 	 0.107420 	 0.922675 	 3.211286
  141 	 0.282423 	 0.910668 	 2.004481
  142 	 0.275043 	 0.915873 	 3.202864
  143 	 0.130194 	 0.895830 	 2.052448
  144 	 0.293456 	 0.939366 	 2.084012
  145 	 0.443017 	 0.955428 	 2.985122
  146 	 0.436908 	 0.901550 	 2.006999
  147 	 0.107464 	 0.872897 	 1.543645
  148 	 0.036214 	 0.891878 	 1.558341
  149 	 0.515720 	 0.949617 	 3.202413
  150 	 0.107469 	 0.949728 	 4.149138
  151 	 0.281936 	 0.874297 	 1.387886
  152 	 0.229677 	 0.928024 	 3.202369
  153 	 0.130617 	 0.949112 	 2.054500
  154 	 0.293499 	 0.942909 	 2.301616
  155 	 0.442615 	 0.920055 	 2.981366
  156 	 0.036601 	 0.883737 	 2.006827
  157 	 0.287829 	 0.917176 	 1.544604
  158 	 0.452156 	 1.005201 	 4.142490
  159 	 0.571623 	 0.920117 	 2.029923
  160 	 0.036601 	 0.873983 	 1.522172
  161 	 0.447483 	 0.904711 	 1.287957
  162 	 0.519220 	 0.985040 	 4.142490
  163 	 0.041530 	 0.885131 	 1.533077
  164 	 0.230028 	 0.880470 	 1.381177
  165 	 0.575415 	 0.991880 	 4.059593
  166 	 0.041588 	 0.904089 	 2.299757
  167 	 0.234500 	 0.884160 	 1.281698
  168 	 0.041588 	 0.974147 	 4.058631
  169 	 0.518988 	 0.940852 	 2.276348
  170 	 0.234553 	 0.999530 	 4.058630
  171 	 0.403039 	 0.888471 	 1.381620
  172 	 0.234553 	 0.917557 	 2.276074
  173 	 0.108818 	 0.917356 	 1.645171
  174 	 0.039763 	 0.928553 	 2.276074
  175 	 0.035632 	 0.897449 	 3.188595
  176 	 0.403084 	 0.949699 	 4.088922
  177 	 0.294690 	 0.978505 	 4.159170
  178 	 0.232898 	 0.914611 	 1.645051
  179 	 0.229149 	 0.890785 	 2.002041
  180 	 0.540584 	 0.917632 	 2.284678
  181 	 0.453136 	 0.938810 	 2.304416
  182 	 0.401691 	 0.908106 	 1.341590
  183 	 0.107485 	 0.881774 	 1.519903
  184 	 0.646667 	 0.911117 	 1.648830
  185 	 0.579810 	 0.951482 	 3.202203
  186 	 0.539482 	 0.904642 	 1.174443
  187 	 0.293513 	 0.886459 	 1.274518
  188 	 0.036601 	 0.889252 	 1.343576
  189 	 0.036563 	 0.911167 	 2.006770
  190 	 0.313797 	 0.950308 	 4.142479
  191 	 0.130525 	 0.926958 	 4.143139
  192 	 0.230029 	 0.896147 	 1.928280
  193 	 0.041577 	 0.912624 	 2.982180
  194 	 0.280482 	 0.921471 	 2.299754
  195 	 0.041619 	 0.954176 	 4.058816
  196 	 0.280430 	 0.902530 	 2.060656
  197 	 0.234543 	 0.944920 	 4.058122
  198 	 0.441412 	 0.925892 	 2.060878
  199 	 0.234581 	 0.909778 	 2.276126
  200 	 0.130542 	 0.885342 	 1.547479
  201 	 0.403075 	 0.934398 	 2.275929
  202 	 0.570685 	 0.943840 	 2.982028
  203 	 0.130527 	 0.889624 	 1.645074
  204 	 0.313792 	 0.889087 	 1.289515
  205 	 0.130567 	 0.933150 	 2.982159
  206 	 0.280487 	 0.916794 	 1.928299
  207 	 0.054612 	 0.912563 	 2.981806
  208 	 0.280418 	 0.899350 	 2.060636
  209 	 0.313814 	 0.966112 	 3.854861
  210 	 0.041588 	 0.903889 	 2.060927
  211 	 0.246326 	 0.899841 	 1.928217
  212 	 0.441359 	 0.963288 	 4.058631
  213 	 0.468819 	 0.932217 	 2.216675
  214 	 0.234553 	 0.898901 	 1.547605
  215 	 0.412971 	 0.894034 	 1.484517
  216 	 0.570644 	 0.924365 	 2.276074
  217 	 0.591955 	 0.918375 	 1.618721
  218 	 0.130540 	 0.889988 	 1.289583
  219 	 0.548390 	 0.899374 	 1.255091
  220 	 0.106389 	 0.928885 	 2.982046
  221 	 0.511077 	 0.906933 	 1.327687
  222 	 0.313790 	 0.913268 	 3.213480
  223 	 0.534571 	 0.900432 	 1.396888
  224 	 0.292545 	 0.915723 	 1.928305
  225 	 0.500114 	 0.899325 	 1.352500
  226 	 0.468800 	 0.902863 	 2.010677
  227 	 0.280429 	 0.903760 	 1.418612
  228 	 0.280333 	 0.907941 	 1.484560
  229 	 0.041588 	 0.906223 	 2.060882
  230 	 0.518964 	 0.914298 	 2.061290
  231 	 0.041588 	 0.909939 	 4.058631
  232 	 0.041588 	 0.887080 	 1.381666
  233 	 0.234553 	 0.970520 	 4.058631
  234 	 0.630332 	 0.993430 	 4.058640
  235 	 0.036601 	 0.884089 	 2.276074
  236 	 0.130527 	 0.877867 	 1.197415
  237 	 0.403084 	 0.979752 	 4.142490
  238 	 0.036478 	 0.956078 	 2.982158
  239 	 0.230028 	 0.881995 	 1.645051
  240 	 0.130527 	 0.914030 	 4.144597
  241 	 0.518987 	 0.940626 	 2.299757
  242 	 0.229917 	 0.954216 	 2.982159
  243 	 0.399272 	 0.892999 	 1.381621
  244 	 0.107746 	 0.888593 	 2.300346
  245 	 0.512047 	 0.921557 	 1.655431
  246 	 0.036781 	 0.923494 	 3.199531
  247 	 0.537568 	 0.900146 	 1.394997
  248 	 0.293743 	 0.981688 	 4.139400
  249 	 0.625079 	 0.915132 	 1.347041
  250 	 0.230192 	 0.901169 	 2.005842
  251 	 0.530199 	 0.894487 	 1.204994
  252 	 0.041588 	 0.917319 	 2.298892
  253 	 0.106101 	 0.904107 	 1.360546
  254 	 0.107610 	 0.938581 	 4.058631
  255 	 0.638836 	 0.921984 	 3.216452
  256 	 0.234553 	 0.924733 	 3.200919
  257 	 0.292291 	 0.894381 	 1.153608
  258 	 0.293624 	 0.906431 	 2.276074
  259 	 0.130527 	 0.895885 	 2.011705
  260 	 0.036600 	 0.885948 	 2.006324
  261 	 0.107531 	 0.916455 	 2.982158
  262 	 0.452259 	 0.994591 	 4.142502
  263 	 0.313779 	 0.933274 	 3.201727
  264 	 0.230028 	 0.880139 	 1.521934
  265 	 0.107531 	 0.870584 	 1.928346
  266 	 0.527399 	 0.953192 	 2.299760
  267 	 0.107531 	 0.985035 	 3.201728
  268 	 0.036601 	 0.860298 	 1.365748
  269 	 0.278033 	 0.886201 	 3.201728
  270 	 0.280487 	 0.973998 	 4.142490
  271 	 0.047290 	 0.962413 	 2.071107
  272 	 0.099480 	 0.899668 	 2.060636
  273 	 0.041677 	 0.903138 	 3.966833
  274 	 0.441416 	 0.962587 	 3.286440
  275 	 0.239714 	 1.003752 	 4.057164
  276 	 0.286431 	 0.892847 	 1.547469
  277 	 0.234634 	 0.878110 	 2.249645
  278 	 0.518991 	 0.922829 	 2.035701
  279 	 0.036597 	 0.922916 	 2.275655
  280 	 0.446329 	 0.903945 	 1.381613
  281 	 0.403152 	 0.981736 	 4.142558
  282 	 0.036562 	 0.896367 	 1.535794
  283 	 0.230025 	 0.905156 	 1.644867
  284 	 0.041588 	 0.941348 	 4.143155
  285 	 0.540638 	 0.933119 	 2.299776
  286 	 0.041530 	 0.927028 	 4.058631
  287 	 0.041588 	 0.880033 	 1.341493
  288 	 0.234553 	 0.957582 	 4.059593
  289 	 0.391484 	 0.967896 	 4.058631
  290 	 0.107531 	 0.891589 	 2.276074
  291 	 0.107670 	 0.871580 	 1.677052
  292 	 0.364471 	 0.947600 	 3.201727
  293 	 0.366321 	 0.945002 	 3.200308
  294 	 0.130384 	 0.880697 	 1.756631
  295 	 0.293676 	 0.899463 	 1.750941
  296 	 0.377629 	 0.958228 	 2.983432
  297 	 0.107996 	 0.923689 	 2.006112
  298 	 0.106849 	 0.894952 	 1.716948
  299 	 0.284556 	 0.907790 	 3.196974
  300 	 0.520360 	 0.958038 	 3.208739
  301 	 0.110302 	 0.925300 	 2.043502
  302 	 0.292951 	 0.892599 	 1.379007
  303 	 0.041302 	 0.909654 	 3.173570
  304 	 0.631390 	 0.930756 	 2.009036
  305 	 0.107516 	 0.962818 	 4.063351
  306 	 0.451705 	 0.893756 	 1.195900
  307 	 0.234293 	 0.936811 	 3.201881
  308 	 0.107514 	 0.901947 	 1.523218
  309 	 0.293541 	 0.924721 	 2.277418
  310 	 0.041552 	 0.924600 	 3.201902
  311 	 0.402865 	 0.915529 	 2.006658
  312 	 0.293539 	 0.939023 	 4.059235
  313 	 0.452190 	 0.912052 	 1.645642
  314 	 0.234520 	 0.908481 	 2.006665
  315 	 0.041588 	 0.897169 	 1.522092
  316 	 0.452189 	 0.917439 	 2.276246
  317 	 0.579075 	 0.946387 	 4.058631
  318 	 0.041593 	 0.872746 	 1.522095
  319 	 0.036582 	 0.863115 	 1.275713
  320 	 0.107481 	 0.986013 	 4.058559
  321 	 0.518793 	 1.013716 	 4.142802
  322 	 0.234557 	 0.901745 	 3.202241
  323 	 0.230012 	 0.861772 	 1.381992
  324 	 0.130487 	 0.921306 	 2.276051
  325 	 0.630202 	 0.969241 	 2.299844
  326 	 0.403087 	 0.943035 	 2.982516
  327 	 0.107531 	 0.857682 	 1.197601
  328 	 0.280559 	 0.891077 	 1.645041
  329 	 0.107531 	 0.934043 	 1.655469
  330 	 0.280487 	 0.930381 	 2.060329
  331 	 0.036601 	 0.909852 	 3.201727
  332 	 0.441476 	 0.920976 	 2.060636
  333 	 0.293554 	 0.958540 	 4.142486
  334 	 0.107531 	 0.904839 	 1.547326
  335 	 0.107516 	 0.889277 	 2.006605
  336 	 0.107415 	 0.928877 	 3.201727
  337 	 0.452201 	 0.954643 	 3.201887
  338 	 0.041602 	 0.897187 	 3.202923
  339 	 0.293540 	 0.889627 	 1.522067
  340 	 0.293451 	 1.007527 	 4.058407
  341 	 0.579083 	 0.926955 	 2.006660
  342 	 0.234565 	 0.886767 	 2.007019
  343 	 0.107168 	 0.885843 	 1.275700
  344 	 0.108176 	 0.937045 	 2.276010
  345 	 0.137062 	 0.922369 	 3.205451
  346 	 0.130527 	 0.918657 	 3.195134
  347 	 0.293234 	 0.926547 	 2.925155
  348 	 0.280490 	 0.933257 	 2.982159
  349 	 0.319493 	 0.888386 	 1.275714
  350 	 0.313779 	 0.920709 	 2.060625
  351 	 0.675441 	 0.922760 	 1.907328
  352 	 0.107531 	 0.909347 	 1.928347
  353 	 0.130527 	 0.882349 	 1.136052
  354 	 0.130528 	 0.925884 	 3.201727
  355 	 0.130556 	 0.927618 	 2.982158
  356 	 0.293554 	 0.925504 	 2.982155
  357 	 0.313779 	 0.916702 	 2.981908
  358 	 0.041571 	 0.904765 	 2.006605
  359 	 0.313803 	 0.914851 	 1.928346
  360 	 0.452201 	 0.950769 	 4.058910
  361 	 0.468791 	 0.906698 	 1.928255
  362 	 0.041588 	 0.883088 	 1.522067
  363 	 0.468811 	 0.893683 	 1.484580
  364 	 0.579083 	 0.960844 	 4.058631
  365 	 0.591933 	 0.907885 	 1.484535
  366 	 0.234553 	 0.889122 	 1.275700
  367 	 0.591949 	 0.901145 	 1.255125
  368 	 0.365234 	 0.928503 	 2.276074
  369 	 0.684967 	 0.910542 	 1.255101
  370 	 0.403084 	 0.902361 	 1.754281
  371 	 0.684978 	 0.900779 	 1.123890
  372 	 0.280763 	 0.908114 	 1.645051
  373 	 0.036601 	 0.877775 	 1.123876
  374 	 0.107531 	 0.896440 	 2.059465
  375 	 0.752629 	 0.983851 	 4.142490
  376 	 0.441644 	 0.947368 	 3.201728
  377 	 0.230028 	 0.879205 	 1.044464
  378 	 0.293554 	 0.892660 	 1.546923
  379 	 0.364162 	 0.934124 	 2.299757
  380 	 0.130527 	 0.914101 	 2.006605
  381 	 0.280507 	 0.877052 	 1.757585
  382 	 0.107530 	 0.871178 	 2.982160
  383 	 0.107018 	 0.933639 	 2.060550
  384 	 0.133647 	 0.990443 	 3.201739
  385 	 0.441433 	 0.902289 	 3.206999
  386 	 0.293553 	 0.912438 	 2.954674
  387 	 0.293100 	 0.915085 	 1.547429
  388 	 0.316508 	 0.932795 	 2.006609
  389 	 0.501575 	 0.905576 	 2.008433
  390 	 0.452200 	 0.921471 	 1.918249
  391 	 0.112380 	 0.904050 	 1.381621
  392 	 0.041577 	 0.900613 	 1.522069
  393 	 0.630350 	 0.930032 	 3.152781
  394 	 0.041588 	 0.937186 	 4.058821
  395 	 0.036603 	 0.872722 	 1.197390
  396 	 0.234542 	 0.915387 	 4.058631
  397 	 0.041239 	 0.959533 	 4.142446
  398 	 0.234553 	 0.939344 	 2.276128
  399 	 0.107531 	 0.953616 	 4.064385
  400 	 0.107497 	 0.877458 	 2.276074
  401 	 0.234237 	 0.950486 	 3.201727
  402 	 0.037062 	 0.964043 	 3.202080
  403 	 0.036595 	 0.911169 	 2.277713
  404 	 0.107550 	 0.928228 	 4.134581
  405 	 0.402818 	 0.963387 	 4.142593
  406 	 0.230448 	 0.937412 	 3.201537
  407 	 0.230023 	 0.893561 	 1.645771
  408 	 0.041588 	 0.906261 	 2.297542
  409 	 0.130465 	 0.926526 	 2.299786
  410 	 0.399626 	 0.953143 	 4.058631
  411 	 0.283034 	 0.910482 	 2.982714
  412 	 0.036601 	 0.881984 	 1.654463
  413 	 0.108980 	 0.914879 	 2.049877
  414 	 0.107996 	 0.968535 	 4.142485
  415 	 0.443522 	 0.929961 	 3.186945
  416 	 0.230029 	 0.912220 	 3.196973
  417 	 0.036647 	 0.894167 	 1.542442
  418 	 0.041588 	 0.906346 	 2.299755
  419 	 0.572331 	 0.949134 	 4.141692
  420 	 0.130527 	 0.935948 	 4.058631
  421 	 0.107573 	 0.880023 	 1.286785
  422 	 0.234553 	 0.950693 	 2.982159
  423 	 0.670428 	 0.954906 	 3.201297
  424 	 0.041268 	 0.885127 	 2.276074
  425 	 0.293591 	 0.884601 	 1.142559
  426 	 0.041588 	 0.971853 	 4.063916
  427 	 0.668389 	 0.926377 	 2.006455
  428 	 0.234262 	 0.947932 	 4.058633
  429 	 0.452232 	 0.891820 	 1.145228
  430 	 0.234553 	 0.914787 	 2.277579
  431 	 0.620080 	 0.901594 	 1.521996
  432 	 0.402839 	 0.919026 	 2.276074
  433 	 0.108957 	 0.894252 	 1.212297
  434 	 0.107726 	 0.902210 	 1.645713
  435 	 0.705668 	 0.938421 	 3.187178
  436 	 0.103606 	 0.951770 	 3.199731
  437 	 0.036593 	 0.872684 	 1.098336
  438 	 0.036601 	 0.900649 	 3.242474
  439 	 0.132138 	 0.961445 	 4.142618
  440 	 0.290084 	 0.994595 	 4.142490
  441 	 0.230022 	 0.923281 	 2.967907
  442 	 0.230028 	 0.883357 	 2.020674
  443 	 0.276537 	 0.920165 	 2.299793
  444 	 0.449343 	 0.947210 	 2.299757
  445 	 0.130527 	 0.905354 	 2.077547
  446 	 0.036494 	 0.873786 	 1.528718
  447 	 0.136272 	 0.930538 	 2.982160
  448 	 0.109112 	 0.954448 	 4.144320
  449 	 0.041551 	 0.912400 	 2.931934
  450 	 0.229932 	 0.916630 	 3.185606
  451 	 0.036598 	 0.941005 	 4.059247
  452 	 0.036599 	 0.924175 	 2.300269
  453 	 0.041520 	 0.951223 	 4.142528
  454 	 0.399191 	 0.944351 	 4.142522
  455 	 0.230026 	 0.947538 	 4.059764
  456 	 0.230027 	 0.904180 	 1.655654
  457 	 0.036352 	 0.909141 	 2.299768
  458 	 0.280458 	 0.891735 	 2.299766
  459 	 0.041821 	 0.928041 	 4.146753
  460 	 0.041576 	 0.947147 	 2.060760
  461 	 0.107531 	 0.977184 	 4.054800
  462 	 0.041625 	 0.930287 	 4.058831
  463 	 0.036554 	 0.902246 	 3.201727
  464 	 0.234542 	 0.961910 	 4.058020
  465 	 0.041656 	 1.001534 	 4.143296
  466 	 0.234587 	 0.908448 	 2.276131
  467 	 0.229986 	 0.926013 	 4.057514
  468 	 0.107531 	 0.910265 	 2.275899
  469 	 0.234614 	 0.944605 	 2.299982
  470 	 0.403112 	 0.936309 	 3.201728
  471 	 0.041753 	 0.893012 	 2.275755
  472 	 0.041592 	 0.890341 	 1.644974
  473 	 0.403135 	 0.966854 	 4.055921
  474 	 0.107511 	 0.944253 	 4.058563
  475 	 0.036654 	 0.872895 	 1.644911
  476 	 0.041588 	 0.909825 	 3.201937
  477 	 0.107525 	 0.955937 	 4.141579
  478 	 0.041588 	 0.935774 	 4.058631
  479 	 0.106111 	 0.928853 	 3.201792
  480 	 0.041588 	 0.950526 	 4.058631
  481 	 0.041593 	 0.943493 	 3.216355
  482 	 0.234553 	 0.965270 	 4.058629
  483 	 0.268571 	 0.962243 	 4.058545
  484 	 0.234553 	 0.891675 	 1.995684
  485 	 0.036764 	 0.916424 	 2.112507
  486 	 0.454445 	 0.984947 	 2.276073
  487 	 0.042382 	 0.965975 	 4.139682
  488 	 0.041541 	 0.846958 	 1.516885
  489 	 0.041589 	 0.932254 	 4.045594
  490 	 0.580826 	 0.995367 	 4.059409
  491 	 0.235272 	 0.973842 	 4.058622
  492 	 0.234510 	 0.878906 	 1.272870
  493 	 0.107349 	 0.897524 	 2.272353
  494 	 0.519043 	 0.945313 	 2.276295
  495 	 0.280431 	 0.955304 	 3.203592
  496 	 0.403048 	 0.889893 	 1.381514
  497 	 0.107291 	 0.891118 	 2.060874
  498 	 0.630392 	 0.924220 	 1.645148
  499 	 0.107910 	 0.940548 	 3.204189
  500 	 0.041791 	 0.882841 	 1.197329
  501 	 0.033757 	 0.922883 	 3.197848
  502 	 0.713201 	 0.955744 	 4.055296
  503 	 0.236863 	 0.958726 	 4.191864
  504 	 0.107526 	 0.868352 	 1.089323
  505 	 0.227445 	 0.899643 	 2.264168
  506 	 0.290403 	 0.955036 	 3.201783
  507 	 0.290403 	 0.929371 	 2.313501
  508 	 0.108185 	 0.881096 	 2.019373
  509 	 0.397093 	 0.910960 	 2.019374
  510 	 0.449605 	 0.963419 	 3.195038
  511 	 0.449605 	 0.913054 	 1.661424
  512 	 0.294132 	 0.885074 	 1.528105
  513 	 0.535841 	 0.905075 	 1.528105
  514 	 0.041561 	 0.928054 	 2.004282
  515 	 0.036600 	 0.878917 	 1.350181
  516 	 0.452677 	 0.927862 	 4.059077
  517 	 0.624584 	 1.003030 	 4.142490
  518 	 0.041597 	 0.889186 	 1.275705
  519 	 0.230028 	 0.889259 	 1.205714
  520 	 0.518983 	 0.956107 	 4.058491
  521 	 0.280523 	 0.932620 	 2.299757
  522 	 0.234561 	 0.882139 	 1.381629
  523 	 0.107531 	 0.892846 	 2.060484
  524 	 0.518752 	 0.950227 	 2.276034
  525 	 0.441446 	 0.970124 	 3.201727
  526 	 0.403090 	 0.890098 	 1.382071
  527 	 0.293554 	 0.886326 	 1.547399
  528 	 0.280492 	 0.922284 	 1.645033
  529 	 0.570711 	 0.938896 	 2.006605
  530 	 0.107523 	 0.883647 	 2.060614
  531 	 0.452201 	 0.884833 	 1.289471
  532 	 0.041588 	 0.944487 	 3.201810
  533 	 0.107576 	 0.916292 	 1.522067
  534 	 0.293547 	 0.958744 	 4.058631
  535 	 0.579083 	 0.921429 	 3.201271
  536 	 0.130534 	 0.907533 	 2.006633
  537 	 0.293593 	 0.909112 	 1.275700
  538 	 0.280487 	 0.938537 	 2.982101
  539 	 0.280461 	 0.893595 	 2.006446
  540 	 0.313784 	 0.918161 	 2.060637
  541 	 0.359650 	 0.927309 	 2.060745
  542 	 0.280343 	 0.904320 	 1.928325
  543 	 0.441395 	 0.905140 	 1.771637
  544 	 0.041584 	 0.909162 	 2.061247
  545 	 0.505961 	 0.914941 	 1.547520
  546 	 0.111890 	 0.949761 	 4.058697
  547 	 0.111409 	 0.877356 	 1.406942
  548 	 0.107453 	 0.922914 	 3.157664
  549 	 0.107528 	 0.938648 	 3.162460
  550 	 0.297401 	 0.943908 	 3.202533
  551 	 0.296977 	 0.912081 	 3.201759
  552 	 0.280398 	 0.895653 	 1.991234
  553 	 0.293551 	 0.922625 	 1.992915
  554 	 0.455366 	 0.935069 	 2.061012
  555 	 0.455018 	 0.907553 	 2.006615
  556 	 0.107730 	 0.881144 	 1.514769
  557 	 0.036601 	 0.881470 	 1.515569
  558 	 0.280523 	 0.930077 	 3.199694
  559 	 0.041588 	 0.943144 	 4.142479
  560 	 0.041588 	 0.898681 	 2.060484
  561 	 0.230029 	 0.966754 	 4.058631
  562 	 0.041588 	 0.951238 	 4.058631
  563 	 0.041594 	 0.897503 	 2.299754
  564 	 0.234553 	 0.964138 	 4.058639
  565 	 0.280487 	 0.954496 	 4.058536
  566 	 0.107531 	 0.918394 	 2.276074
  567 	 0.107331 	 0.886299 	 2.060636
  568 	 0.041588 	 0.940729 	 3.201727
  569 	 0.041589 	 0.995435 	 3.203778
  570 	 0.108728 	 0.934614 	 4.058631
  571 	 0.041780 	 0.909433 	 4.058627
  572 	 0.130529 	 0.932755 	 3.189502
  573 	 0.234553 	 0.980684 	 4.055477
  574 	 0.107531 	 0.895664 	 2.982142
  575 	 0.234727 	 0.894258 	 2.276073
  576 	 0.106966 	 0.947431 	 3.201727
  577 	 0.387106 	 0.927352 	 2.275174
  578 	 0.107539 	 0.926921 	 3.207531
  579 	 0.403230 	 0.893334 	 1.689457
  580 	 0.280305 	 0.939364 	 3.201644
  581 	 0.041635 	 0.900450 	 1.644655
  582 	 0.284994 	 0.912448 	 2.061408
  583 	 0.047893 	 0.909646 	 2.866685
  584 	 0.432740 	 0.917984 	 2.041673
  585 	 0.325575 	 0.916338 	 2.816160
  586 	 0.282125 	 0.882883 	 1.547830
  587 	 0.106425 	 0.867138 	 1.885456
  588 	 0.107197 	 0.903621 	 2.053702
  589 	 0.104663 	 0.966007 	 3.213109
  590 	 0.168168 	 0.919256 	 2.413143
  591 	 0.292577 	 0.930104 	 3.231398
  592 	 0.367601 	 0.921766 	 2.681192
  593 	 0.106360 	 0.897761 	 2.010548
  594 	 0.106231 	 0.895979 	 1.747027
  595 	 0.130534 	 0.951702 	 3.213778
  596 	 0.041635 	 0.931234 	 3.215110
  597 	 0.292519 	 0.927936 	 2.982099
  598 	 0.292405 	 0.936824 	 4.057858
  599 	 0.313785 	 0.922291 	 2.010780
  600 	 0.041565 	 0.899551 	 2.011240
  601 	 0.036202 	 0.895687 	 1.928325
  602 	 0.107529 	 0.932955 	 4.059009
  603 	 0.363546 	 0.950309 	 4.149332
  604 	 0.234532 	 0.953169 	 3.201747
  605 	 0.036600 	 0.885640 	 1.759492
  606 	 0.041604 	 0.884876 	 2.276181
  607 	 0.043142 	 0.908875 	 2.301670
  608 	 0.093695 	 0.969059 	 4.058372
  609 	 0.364703 	 0.930816 	 4.033190
  610 	 0.234567 	 0.918594 	 3.350143
  611 	 0.235961 	 0.910670 	 1.755918
  612 	 0.281298 	 0.931830 	 2.276000
  613 	 0.107509 	 0.891678 	 2.268803
  614 	 0.036574 	 0.903974 	 2.057195
  615 	 0.404269 	 0.964069 	 3.201953
  616 	 0.279237 	 0.930844 	 4.142940
  617 	 0.266766 	 0.873673 	 1.641851
  618 	 0.036456 	 0.900822 	 2.065956
  619 	 0.541521 	 0.954916 	 2.120592
  620 	 0.440382 	 0.980710 	 4.144978
  621 	 0.408238 	 0.876362 	 1.339906
  622 	 0.105244 	 0.888062 	 1.549950
  623 	 0.647372 	 0.933105 	 1.631220
  624 	 0.281822 	 0.936591 	 2.424570
  625 	 0.041476 	 0.862141 	 1.173471
  626 	 0.380319 	 0.906676 	 2.054984
  627 	 0.107619 	 0.956442 	 4.060473
  628 	 0.357228 	 0.905557 	 1.709053
  629 	 0.041609 	 0.893503 	 3.200832
  630 	 0.109525 	 0.892328 	 1.544830
  631 	 0.089776 	 0.947394 	 4.058283
  632 	 0.130647 	 0.886368 	 1.347200
  633 	 0.036622 	 0.907463 	 3.394702
  634 	 0.604448 	 0.929892 	 2.981099
  635 	 0.107730 	 0.942085 	 4.142127
  636 	 0.313883 	 0.883593 	 1.235714
  637 	 0.230048 	 0.938923 	 3.199693
  638 	 0.108517 	 0.910227 	 1.927959
  639 	 0.293729 	 0.914686 	 2.299655
  640 	 0.041685 	 0.918609 	 3.191651
  641 	 0.036496 	 0.878596 	 1.664088
  642 	 0.036533 	 0.905441 	 2.866268
  643 	 0.107419 	 0.999943 	 4.144287
  644 	 0.325620 	 0.979513 	 4.143640
  645 	 0.229933 	 0.906693 	 3.202881
  646 	 0.041714 	 0.876178 	 1.885299
  647 	 0.103119 	 0.917830 	 2.300260
  648 	 0.108254 	 0.939332 	 4.056554
  649 	 0.399192 	 0.951576 	 3.247608
  650 	 0.107845 	 0.917059 	 3.194331
  651 	 0.285087 	 0.902513 	 1.655650
  652 	 0.284253 	 0.934930 	 3.198513
  653 	 0.283879 	 0.918609 	 2.041287
  654 	 0.036621 	 0.893042 	 2.004036
  655 	 0.041520 	 0.893883 	 2.046333
  656 	 0.036588 	 0.969990 	 4.142135
  657 	 0.363725 	 0.979606 	 4.059756
  658 	 0.041593 	 0.940786 	 4.142712
  659 	 0.234491 	 0.904360 	 1.758937
  660 	 0.224724 	 0.974600 	 4.058546
  661 	 0.509233 	 0.934181 	 2.276394
  662 	 0.131338 	 0.901518 	 2.328160
  663 	 0.403032 	 0.897844 	 1.400495
  664 	 0.394795 	 0.957708 	 2.974965
  665 	 0.622938 	 0.915819 	 1.645192
  666 	 0.314489 	 0.896417 	 1.667792
  667 	 0.540543 	 0.894670 	 1.208111
  668 	 0.363516 	 0.924611 	 1.925711
  669 	 0.707759 	 0.915508 	 1.341664
  670 	 0.463598 	 0.902734 	 1.759584
  671 	 0.107507 	 0.885409 	 1.095820
  672 	 0.036950 	 0.900782 	 1.496114
  673 	 0.145647 	 0.899703 	 1.174486
  674 	 0.129342 	 0.924576 	 4.136501
  675 	 0.725013 	 0.924312 	 2.853495
  676 	 0.230346 	 0.952632 	 2.992741
  677 	 0.326980 	 0.898530 	 1.075485
  678 	 0.312740 	 0.904005 	 2.298080
  679 	 0.041601 	 0.899153 	 1.880478
  680 	 0.107492 	 0.914146 	 1.932216
  681 	 0.107528 	 0.927734 	 4.058421
  682 	 0.107530 	 0.916303 	 3.202132
  683 	 0.234564 	 0.927735 	 3.201756
  684 	 0.293519 	 0.931254 	 3.201742
  685 	 0.293552 	 0.909935 	 2.276014
  686 	 0.040603 	 0.899218 	 2.006745
  687 	 0.276720 	 0.898694 	 2.006615
  688 	 0.036573 	 0.919523 	 4.074930
  689 	 0.280294 	 0.921483 	 2.076757
  690 	 0.233660 	 0.981173 	 4.142962
  691 	 0.132006 	 0.915625 	 2.061456
  692 	 0.230003 	 0.917192 	 2.280711
  693 	 0.041583 	 0.908109 	 2.969069
  694 	 0.093655 	 0.911923 	 2.299889
  695 	 0.315073 	 0.979569 	 4.058713
  696 	 0.399251 	 0.969054 	 3.350589
  697 	 0.041588 	 0.880122 	 1.923547
  698 	 0.138205 	 0.877577 	 1.655488
  699 	 0.469848 	 0.977881 	 4.058641
  700 	 0.107531 	 0.945432 	 2.915411
  701 	 0.234552 	 0.865716 	 1.482253
  702 	 0.320491 	 0.919605 	 3.201730
  703 	 0.041171 	 0.949312 	 2.276077
  704 	 0.041589 	 0.903916 	 1.903706
  705 	 0.041496 	 0.909453 	 4.065516
  706 	 0.041588 	 0.939304 	 4.058624
  707 	 0.234175 	 0.942748 	 4.060158
  708 	 0.234553 	 0.936455 	 4.058632
  709 	 0.234469 	 0.893778 	 2.278035
  710 	 0.234553 	 0.911251 	 2.276072
  711 	 0.402765 	 0.940512 	 2.276509
  712 	 0.041741 	 0.909130 	 2.276074
  713 	 0.036600 	 0.884516 	 1.645913
  714 	 0.036829 	 0.964511 	 4.056115
  715 	 0.540332 	 0.966099 	 4.142497
  716 	 0.131588 	 0.911651 	 4.138569
  717 	 0.230028 	 0.865267 	 1.342043
  718 	 0.230236 	 0.975403 	 2.972753
  719 	 0.532691 	 0.964638 	 2.299759
  720 	 0.269979 	 0.896264 	 2.298659
  721 	 0.399272 	 0.880696 	 1.355948
  722 	 0.399447 	 0.949123 	 2.106242
  723 	 0.640718 	 0.936715 	 1.655432
  724 	 0.432705 	 0.894822 	 1.654951
  725 	 0.537567 	 0.885776 	 1.182706
  726 	 0.041473 	 0.909367 	 1.482909
  727 	 0.107531 	 0.901110 	 1.347041
  728 	 0.592519 	 0.926070 	 4.060526
  729 	 0.036353 	 0.923406 	 3.201734
  730 	 0.104502 	 0.882743 	 1.254203
  731 	 0.293554 	 0.963214 	 4.146749
  732 	 0.685400 	 0.975177 	 3.233084
  733 	 0.104445 	 0.892750 	 2.006607
  734 	 0.290877 	 0.875972 	 1.123343
  735 	 0.280486 	 0.943795 	 3.233676
  736 	 0.041930 	 0.928425 	 2.017444
  737 	 0.107531 	 0.910167 	 2.060640
  738 	 0.449996 	 0.930238 	 4.053005
  739 	 0.041588 	 0.940442 	 3.201729
  740 	 0.107251 	 0.910473 	 1.527194
  741 	 0.293554 	 0.941613 	 4.058630
  742 	 0.577369 	 0.938553 	 3.204604
  743 	 0.042372 	 0.895051 	 2.006605
  744 	 0.106918 	 0.887009 	 1.278495
  745 	 0.036600 	 0.953225 	 4.045763
  746 	 0.518982 	 0.953784 	 3.208029
  747 	 0.235263 	 0.931116 	 4.142490
  748 	 0.130529 	 0.879495 	 1.381630
  749 	 0.230028 	 0.919400 	 2.272401
  750 	 0.527954 	 0.953693 	 2.982148
  751 	 0.271077 	 0.906112 	 2.299757
  752 	 0.273048 	 0.878077 	 1.364713
  753 	 0.107746 	 0.912578 	 2.101381
  754 	 0.107511 	 0.925812 	 2.092716
  755 	 0.110226 	 0.905053 	 3.199531
  756 	 0.131771 	 0.930215 	 3.201933
  757 	 0.107536 	 0.949158 	 3.174336
  758 	 0.107540 	 0.932287 	 2.971139
  759 	 0.295934 	 0.938612 	 3.201679
  760 	 0.108862 	 0.917858 	 3.201641
  761 	 0.036587 	 0.899684 	 1.997069
  762 	 0.109634 	 0.946112 	 3.188145
  763 	 0.106941 	 0.951531 	 4.142723
  764 	 0.280487 	 0.907168 	 3.180320
  765 	 0.230016 	 0.953637 	 3.207794
  766 	 0.130915 	 0.955316 	 2.060635
  767 	 0.239238 	 0.912745 	 2.299822
  768 	 0.041588 	 0.907811 	 2.978715
  769 	 0.280488 	 0.924774 	 2.252060
  770 	 0.036599 	 0.928160 	 4.058640
  771 	 0.041587 	 0.908683 	 2.060630
  772 	 0.234552 	 1.001004 	 4.142508
  773 	 0.441417 	 0.948068 	 4.058645
  774 	 0.230027 	 0.901581 	 2.276076
  775 	 0.109432 	 0.892608 	 1.547467
  776 	 0.385508 	 0.935913 	 2.299762
  777 	 0.360772 	 0.915734 	 2.276078
  778 	 0.399271 	 0.910279 	 1.694032
  779 	 0.403083 	 0.913340 	 1.768120
  780 	 0.526640 	 0.917915 	 1.655433
  781 	 0.506863 	 0.907612 	 1.645052
  782 	 0.537567 	 0.904714 	 1.367167
  783 	 0.540584 	 0.907704 	 1.405159
  784 	 0.636146 	 0.910351 	 1.347042
  785 	 0.518974 	 0.899770 	 1.341591
  786 	 0.041648 	 0.881711 	 1.189137
  787 	 0.041448 	 0.893402 	 1.381646
  788 	 0.559020 	 0.970158 	 4.057655
  789 	 0.103065 	 0.942248 	 4.060941
  790 	 0.234607 	 0.892121 	 1.309208
  791 	 0.234426 	 0.919408 	 3.248180
  792 	 0.041739 	 0.904269 	 2.006606
  793 	 0.041583 	 0.904139 	 2.276732
  794 	 0.452201 	 0.938531 	 4.056147
  795 	 0.402977 	 0.944483 	 4.058716
  796 	 0.036566 	 0.869637 	 1.173176
  797 	 0.130701 	 0.897294 	 1.645340
  798 	 0.130194 	 0.964619 	 4.143088
  799 	 0.041675 	 0.920210 	 2.980611
  800 	 0.229997 	 0.906482 	 2.985128
  801 	 0.280487 	 0.943285 	 4.057198
  802 	 0.108443 	 0.918782 	 2.299924
  803 	 0.234632 	 0.942315 	 2.060636
  804 	 0.041587 	 0.900268 	 3.192409
  805 	 0.107532 	 0.893511 	 2.275665
  806 	 0.042263 	 0.953438 	 4.058654
  807 	 0.280501 	 0.955815 	 3.201718
  808 	 0.211543 	 0.937085 	 4.047548
  809 	 0.107531 	 0.894465 	 2.060575
  810 	 0.235164 	 0.933015 	 2.401864
  811 	 0.441428 	 0.957547 	 3.201727
  812 	 0.280487 	 0.904912 	 2.272911
  813 	 0.281352 	 0.883103 	 1.547441
  814 	 0.280487 	 0.908681 	 2.060636
  815 	 0.280487 	 0.928103 	 2.056967
  816 	 0.274223 	 0.928161 	 2.060635
  817 	 0.442132 	 0.918179 	 2.060636
  818 	 0.441416 	 0.915691 	 2.087584
  819 	 0.441416 	 0.914150 	 1.545757
  820 	 0.037092 	 0.891014 	 1.547469
  821 	 0.036542 	 0.880720 	 1.547469
  822 	 0.280365 	 0.954116 	 4.134077
  823 	 0.108300 	 0.992017 	 4.143496
  824 	 0.230474 	 0.901058 	 2.061152
  825 	 0.229975 	 0.907776 	 3.193863
  826 	 0.130526 	 0.905656 	 2.297400
  827 	 0.294233 	 0.935882 	 2.300038
  828 	 0.399648 	 0.941940 	 2.982170
  829 	 0.280484 	 0.890736 	 2.003873
  830 	 0.313778 	 0.897787 	 1.654401
  831 	 0.452760 	 0.953447 	 2.060650
  832 	 0.041588 	 0.913644 	 1.928351
  833 	 0.107465 	 0.872991 	 1.520772
  834 	 0.041588 	 0.897250 	 4.058630
  835 	 0.108784 	 0.941176 	 3.202404
  836 	 0.107535 	 0.988655 	 4.058631
  837 	 0.036749 	 0.892611 	 3.188931
  838 	 0.107531 	 0.929824 	 3.201684
  839 	 0.280487 	 0.982643 	 4.139946
  840 	 0.276741 	 0.949052 	 3.201727
  841 	 0.041579 	 0.906765 	 2.060636
  842 	 0.293554 	 0.945648 	 2.076663
  843 	 0.107531 	 0.957474 	 4.058788
  844 	 0.438315 	 0.916020 	 2.006605
  845 	 0.234544 	 0.896303 	 2.385594
  846 	 0.338333 	 0.917387 	 1.554931
  847 	 0.036600 	 0.924493 	 1.767346
  848 	 0.422728 	 0.914383 	 1.841169
  849 	 0.041588 	 0.946876 	 4.142490
  850 	 0.042267 	 0.898291 	 1.593555
  851 	 0.105411 	 0.941735 	 4.058631
  852 	 0.556064 	 0.960186 	 4.047476
  853 	 0.234553 	 0.952552 	 3.223611
  854 	 0.235168 	 0.895216 	 1.314296
  855 	 0.036556 	 0.888187 	 2.276074
  856 	 0.364375 	 0.922647 	 2.272890
  857 	 0.340999 	 0.998132 	 4.143257
  858 	 0.036600 	 0.884702 	 1.756927
  859 	 0.131389 	 0.885727 	 1.832176
  860 	 0.133708 	 0.973251 	 4.142493
  861 	 0.036850 	 0.953264 	 2.974519
  862 	 0.036601 	 0.893752 	 2.954137
  863 	 0.107746 	 0.915703 	 4.138208
  864 	 0.265653 	 1.012153 	 4.142490
  865 	 0.230255 	 0.966202 	 3.199531
  866 	 0.230028 	 0.896766 	 2.125609
  867 	 0.293743 	 0.899255 	 2.298558
  868 	 0.041571 	 0.944409 	 2.299757
  869 	 0.399463 	 0.946578 	 2.005842
  870 	 0.107189 	 0.923313 	 4.058920
  871 	 0.107518 	 0.886857 	 1.654907
  872 	 0.234537 	 0.950555 	 3.205240
  873 	 0.537719 	 0.952873 	 3.201867
  874 	 0.293252 	 0.901357 	 2.276156
  875 	 0.293542 	 0.885992 	 1.346766
  876 	 0.280488 	 0.913411 	 2.007823
  877 	 0.253042 	 0.907690 	 2.006653
  878 	 0.280487 	 0.907413 	 2.060629
  879 	 0.280608 	 0.923480 	 2.184157
  880 	 0.441417 	 0.923663 	 2.060636
  881 	 0.041588 	 0.895340 	 2.060120
  882 	 0.441416 	 0.892487 	 1.547466
  883 	 0.441517 	 0.958366 	 4.058631
  884 	 0.570689 	 0.913743 	 1.547469
  885 	 0.234553 	 0.882464 	 1.547229
  886 	 0.388883 	 0.885484 	 1.289508
  887 	 0.041588 	 0.899637 	 1.699201
  888 	 0.366784 	 0.918707 	 1.684401
  889 	 0.525210 	 0.958065 	 4.058633
  890 	 0.104799 	 0.890704 	 1.749522
  891 	 0.040930 	 0.888147 	 1.369844
  892 	 0.270990 	 0.925718 	 3.229977
  893 	 0.256986 	 0.985752 	 4.069499
  894 	 0.129149 	 0.907405 	 2.101765
  895 	 0.041695 	 0.899632 	 2.165504
  896 	 0.036601 	 0.936390 	 2.994467
  897 	 0.036372 	 0.979327 	 4.056868
  898 	 0.036603 	 0.930327 	 4.142490
  899 	 0.041572 	 0.919949 	 4.146420
  900 	 0.041588 	 0.949278 	 4.142454
  901 	 0.229821 	 0.974590 	 4.058893
  902 	 0.041588 	 0.879712 	 2.299757
  903 	 0.234538 	 0.902364 	 2.300856
  904 	 0.399272 	 1.003870 	 4.058632
  905 	 0.364163 	 0.926306 	 2.276148
  906 	 0.234553 	 0.877894 	 1.655431
  907 	 0.345955 	 0.901773 	 1.757582
  908 	 0.042777 	 0.923925 	 2.006610
  909 	 0.036601 	 0.901724 	 1.815688
  910 	 0.041106 	 0.917682 	 4.039141
  911 	 0.494930 	 0.972310 	 4.142490
  912 	 0.041620 	 0.936008 	 4.066591
  913 	 0.230028 	 0.905618 	 1.429123
  914 	 0.130527 	 0.945737 	 4.058111
  915 	 0.612024 	 0.929052 	 2.299757
  916 	 0.234581 	 0.938084 	 2.982159
  917 	 0.399272 	 0.899507 	 1.224254
  918 	 0.313779 	 0.898420 	 2.275925
  919 	 0.629954 	 0.907852 	 1.655431
  920 	 0.041588 	 0.913110 	 1.928347
  921 	 0.497679 	 0.897875 	 1.197958
  922 	 0.462953 	 0.931684 	 4.058629
  923 	 0.450054 	 0.902106 	 1.423529
  924 	 0.234553 	 0.919527 	 1.497558
  925 	 0.036601 	 0.896109 	 1.527059
  926 	 0.587420 	 0.912733 	 2.276073
  927 	 0.577414 	 0.949803 	 4.142490
  928 	 0.042133 	 0.868887 	 1.174745
  929 	 0.230028 	 0.892952 	 1.278422
  930 	 0.706794 	 0.976040 	 4.049677
  931 	 0.041585 	 0.914774 	 2.299757
  932 	 0.041555 	 0.864287 	 1.096979
  933 	 0.036600 	 0.914391 	 4.058687
  934 	 0.107509 	 0.966374 	 4.059175
  935 	 0.041588 	 0.950436 	 4.142490
  936 	 0.234523 	 0.909045 	 3.201954
  937 	 0.230028 	 0.929436 	 4.058629
  938 	 0.280854 	 0.926094 	 2.276229
  939 	 0.107532 	 0.910995 	 2.299757
  940 	 0.403059 	 0.906686 	 2.059077
  941 	 0.036601 	 0.946252 	 3.201720
  942 	 0.324351 	 0.898645 	 1.645119
  943 	 0.106617 	 0.930721 	 4.142489
  944 	 0.040893 	 0.908738 	 1.889818
  945 	 0.130527 	 0.925511 	 3.211131
  946 	 0.477414 	 0.944227 	 4.070114
  947 	 0.041483 	 0.930027 	 2.982159
  948 	 0.233923 	 0.899137 	 1.465815
  949 	 0.313779 	 0.952356 	 4.060367
  950 	 0.041591 	 0.907388 	 2.279342
  951 	 0.100818 	 0.894580 	 1.928347
  952 	 0.402553 	 0.939789 	 4.058586
  953 	 0.468791 	 0.972966 	 3.272056
  954 	 0.234555 	 0.897111 	 1.646487
  955 	 0.287616 	 0.890754 	 1.484580
  956 	 0.356484 	 0.925545 	 2.276061
  957 	 0.591933 	 0.945661 	 2.030802
  958 	 0.041585 	 0.896388 	 1.781628
  959 	 0.447307 	 0.891372 	 1.255125
  960 	 0.503416 	 0.950290 	 4.058688
  961 	 0.518988 	 0.916560 	 1.533490
  962 	 0.234550 	 0.895639 	 1.411998
  963 	 0.274052 	 0.887728 	 1.381619
  964 	 0.280487 	 0.902055 	 2.276090
  965 	 0.630350 	 0.935850 	 2.088328
  966 	 0.107626 	 0.920332 	 2.060636
  967 	 0.436086 	 0.890575 	 1.197389
  968 	 0.441416 	 0.937590 	 3.200753
  969 	 0.036651 	 0.907987 	 1.560341
  970 	 0.280471 	 0.898271 	 1.547469
  971 	 0.107614 	 0.920456 	 4.141631
  972 	 0.570688 	 0.929111 	 2.060701
  973 	 0.036601 	 0.930682 	 3.200879
  974 	 0.441403 	 0.896763 	 1.289509
  975 	 0.106804 	 0.926794 	 4.142490
  976 	 0.041588 	 0.889452 	 1.521907
  977 	 0.230028 	 0.942556 	 3.209201
  978 	 0.041591 	 0.911451 	 4.058631
  979 	 0.292911 	 0.911480 	 2.299757
  980 	 0.041577 	 0.922074 	 3.201725
  981 	 0.399272 	 0.908774 	 2.009196
  982 	 0.293554 	 0.943704 	 4.058823
  983 	 0.130552 	 0.901299 	 1.655431
  984 	 0.234542 	 0.909140 	 2.006604
  985 	 0.099480 	 0.921224 	 2.981936
  986 	 0.452201 	 0.924750 	 2.276129
  987 	 0.130527 	 0.930648 	 3.286440
  988 	 0.403075 	 0.900594 	 1.522066
  989 	 0.286431 	 0.956380 	 2.982158
  990 	 0.036594 	 0.911260 	 1.645075
  991 	 0.036600 	 0.891430 	 2.035701
  992 	 0.518365 	 0.923864 	 4.142605
  993 	 0.446329 	 0.975461 	 4.142490
  994 	 0.041380 	 0.914323 	 1.382809
  995 	 0.230028 	 0.889039 	 1.535794
  996 	 0.107410 	 0.927586 	 4.062062
  997 	 0.281165 	 0.930176 	 2.299757
  998 	 0.034820 	 0.941649 	 3.202969
  999 	 0.399272 	 0.905452 	 2.057760
 