   0 	 -1.536814 	 0.242123 	 2.949437
    1 	 -0.832562 	 0.364480 	 2.949437
    2 	 -42.691385 	 0.375619 	 2.949437
    3 	 -2.145009 	 1.719667 	 4.048506
    4 	 0.182243 	 2.586149 	 4.048506
    5 	 -1.929688 	 2.779076 	 4.048506
    6 	 -0.638854 	 2.903565 	 6.139770
    7 	 -1.929688 	 2.961838 	 6.139770
    8 	 -18.938407 	 2.913030 	 6.139770
    9 	 0.272908 	 3.329364 	 6.139770
   10 	 0.175951 	 3.485111 	 6.305789
   11 	 2.817959 	 3.852829 	 9.015497
   12 	 2.901262 	 4.098698 	 9.015497
   13 	 -0.638854 	 4.814742 	 9.015497
   14 	 -13.958150 	 5.141272 	 9.015497
   15 	 0.172738 	 6.010878 	 10.712759
   16 	 0.319273 	 6.395900 	 45.947634
   17 	 0.186462 	 10.321375 	 45.947634
   18 	 0.277481 	 23.817797 	 282.697769
   19 	 -1.577334 	 72.682472 	 282.697769
   20 	 0.152535 	 181.393441 	 282.697769
   21 	 -2.215588 	 248.127283 	 282.697769
   22 	 -177.726311 	 264.285880 	 282.697769
   23 	 -2.215588 	 271.489449 	 282.697769
   24 	 0.173292 	 279.558608 	 282.697769
   25 	 -4.735544 	 276.346067 	 282.697769
   26 	 33.979852 	 277.170704 	 282.697769
   27 	 -1.009189 	 273.545161 	 282.697769
   28 	 -959.154890 	 268.899406 	 282.697769
   29 	 -1.522124 	 276.387471 	 282.697769
   30 	 1.051569 	 276.937810 	 282.697769
   31 	 -3.253428 	 273.234839 	 282.697769
   32 	 -1.522124 	 276.400609 	 282.697769
   33 	 1.051569 	 276.706059 	 282.697769
   34 	 6.864473 	 279.632954 	 282.697769
   35 	 -3.253428 	 279.520533 	 282.697769
   36 	 -1.522124 	 270.164386 	 282.697769
   37 	 -177.726311 	 268.142885 	 282.697769
   38 	 0.207228 	 276.564777 	 282.697769
   39 	 -177.726311 	 277.581946 	 282.697769
   40 	 0.399022 	 279.561116 	 282.697769
   41 	 0.207228 	 276.420985 	 282.697769
   42 	 -3.253428 	 279.520533 	 282.697769
   43 	 33.979852 	 277.303679 	 282.697769
   44 	 -20.374442 	 273.634928 	 282.697769
   45 	 -1.522124 	 279.539770 	 282.697769
   46 	 -2.215588 	 276.467250 	 282.697769
   47 	 -959.154890 	 262.673837 	 282.697769
   48 	 -2.215588 	 291.018797 	 799.600692
   49 	 -20.374442 	 305.184821 	 799.600692
   50 	 33.979852 	 375.102801 	 799.600692
   51 	 0.186415 	 501.081366 	 799.600692
   52 	 282.697769 	 650.273181 	 799.600692
   53 	 -299.980860 	 739.074870 	 799.600692
   54 	 -19.448503 	 743.511119 	 799.600692
   55 	 282.697769 	 793.857326 	 799.600692
   56 	 0.173296 	 765.206830 	 799.600692
   57 	 36.809468 	 785.381868 	 799.600692
   58 	 -1.934862 	 764.155427 	 799.600692
   59 	 -126.163576 	 763.016209 	 799.600692
   60 	 1.053235 	 781.920908 	 799.600692
   61 	 13.618742 	 783.416352 	 799.600692
   62 	 51.297756 	 791.286215 	 799.600692
   63 	 128.992102 	 792.149485 	 799.600692
   64 	 -0.503228 	 790.710648 	 799.600692
   65 	 -3.226381 	 764.555284 	 799.600692
   66 	 -299.980860 	 778.500616 	 799.600692
   67 	 -1.758411 	 772.924020 	 799.600692
   68 	 -299.980860 	 734.142661 	 799.600692
   69 	 799.600692 	 799.600692 	 799.600692
 