   0 	 943656961.000000 	 1041709362.100000 	 1073610756.000000
    1 	 1007618049.000000 	 1053145007.500000 	 1073610756.000000
    2 	 1007618049.000000 	 1047154691.500000 	 1073610756.000000
    3 	 1007618049.000000 	 1037272170.100000 	 1073610756.000000
    4 	 1007618049.000000 	 1037226294.600000 	 1073545225.000000
    5 	 1007618049.000000 	 1033910274.600000 	 1073545225.000000
    6 	 1007618049.000000 	 1033870952.200000 	 1073545225.000000
    7 	 1007618049.000000 	 1033831629.800000 	 1040385025.000000
    8 	 1007618049.000000 	 1033831629.800000 	 1040385025.000000
    9 	 1007618049.000000 	 1030554932.200000 	 1040385025.000000
 