   0 	 -0.500000 	 0.120639 	 10.000000
    1 	 -0.200000 	 -0.014727 	 -0.003300
    2 	 -0.200000 	 -0.013815 	 -0.002890
    3 	 -0.200000 	 -0.013815 	 -0.002865
    4 	 -0.200000 	 -0.013808 	 -0.002857
    5 	 -0.200000 	 -0.013808 	 -0.002857
    6 	 -0.200000 	 -0.013808 	 -0.002857
    7 	 -0.200000 	 -0.013808 	 -0.002857
    8 	 -0.200000 	 -0.013808 	 -0.002857
    9 	 -0.200000 	 -0.013808 	 -0.002857
   10 	 -0.200000 	 -0.013816 	 -0.002865
   11 	 -0.200000 	 -0.013808 	 -0.002857
   12 	 -0.200000 	 -0.013808 	 -0.002857
   13 	 -0.200000 	 -0.013808 	 -0.002857
   14 	 -0.200000 	 -0.013808 	 -0.002857
   15 	 -0.200000 	 -0.013808 	 -0.002857
   16 	 -0.200000 	 -0.013808 	 -0.002857
   17 	 -0.200000 	 -0.013808 	 -0.002857
   18 	 -0.200000 	 -0.013808 	 -0.002857
   19 	 -0.200000 	 -0.013808 	 -0.002857
   20 	 -0.200000 	 -0.013808 	 -0.002857
   21 	 -0.200000 	 -0.013808 	 -0.002857
   22 	 -0.200000 	 -0.013808 	 -0.002857
   23 	 -0.200000 	 -0.013808 	 -0.002857
   24 	 -0.200000 	 -0.013808 	 -0.002857
   25 	 -0.200000 	 -0.013808 	 -0.002857
   26 	 -0.200000 	 -0.013779 	 -0.002833
   27 	 -0.200000 	 -0.013808 	 -0.002857
   28 	 -0.200000 	 -0.013808 	 -0.002857
   29 	 -0.200000 	 -0.013808 	 -0.002857
   30 	 -0.200000 	 -0.013824 	 -0.002865
   31 	 -0.200000 	 -0.013808 	 -0.002857
   32 	 -0.200000 	 -0.013808 	 -0.002857
   33 	 -0.200000 	 -0.013808 	 -0.002857
   34 	 -0.200000 	 -0.013808 	 -0.002857
   35 	 -0.200000 	 -0.013808 	 -0.002857
   36 	 -0.200000 	 -0.013808 	 -0.002857
   37 	 -0.200000 	 -0.013808 	 -0.002857
   38 	 -0.200000 	 -0.013808 	 -0.002857
   39 	 -0.200000 	 -0.013808 	 -0.002857
   40 	 -0.200000 	 -0.013808 	 -0.002857
   41 	 -0.200000 	 -0.013808 	 -0.002857
   42 	 -0.200000 	 -0.014022 	 -0.002882
   43 	 -0.200000 	 -0.013687 	 -0.002825
   44 	 -0.200000 	 -0.013808 	 -0.002857
   45 	 -0.200000 	 -0.013808 	 -0.002857
   46 	 -0.200000 	 -0.013808 	 -0.002857
   47 	 -0.200000 	 -0.013808 	 -0.002857
   48 	 -0.200000 	 -0.013808 	 -0.002857
   49 	 -0.200000 	 -0.013808 	 -0.002857
   50 	 -0.200000 	 -0.013808 	 -0.002857
   51 	 -0.200000 	 -0.013808 	 -0.002857
   52 	 -0.200000 	 -0.013808 	 -0.002857
   53 	 -0.200000 	 -0.013808 	 -0.002857
   54 	 -0.200000 	 -0.013808 	 -0.002857
   55 	 -0.200000 	 -0.013808 	 -0.002857
   56 	 -0.200000 	 -0.013808 	 -0.002857
   57 	 -0.200000 	 -0.013808 	 -0.002857
   58 	 -0.200000 	 -0.013808 	 -0.002857
   59 	 -0.200000 	 -0.013808 	 -0.002857
   60 	 -0.200000 	 -0.013808 	 -0.002857
   61 	 -0.200000 	 -0.013808 	 -0.002857
   62 	 -0.200000 	 -0.013808 	 -0.002857
   63 	 -0.200000 	 -0.013808 	 -0.002857
   64 	 -0.200000 	 -0.013808 	 -0.002857
   65 	 -0.200000 	 -0.013808 	 -0.002857
   66 	 -0.200000 	 -0.013808 	 -0.002857
   67 	 -0.200000 	 -0.013808 	 -0.002857
   68 	 -0.200000 	 -0.013808 	 -0.002857
   69 	 -0.200000 	 -0.013793 	 -0.002849
   70 	 -0.200000 	 -0.013808 	 -0.002857
   71 	 -0.200000 	 -0.013808 	 -0.002857
   72 	 -0.200000 	 -0.013808 	 -0.002857
   73 	 -0.200000 	 -0.013808 	 -0.002857
   74 	 -0.200000 	 -0.013804 	 -0.002849
   75 	 -0.200000 	 -0.013808 	 -0.002857
   76 	 -0.200000 	 -0.014317 	 -0.002882
   77 	 -0.200000 	 -0.013808 	 -0.002857
   78 	 -0.200000 	 -0.013808 	 -0.002857
   79 	 -0.200000 	 -0.013808 	 -0.002857
   80 	 -0.200000 	 -0.013808 	 -0.002857
   81 	 -0.200000 	 -0.013808 	 -0.002857
   82 	 -0.200000 	 -0.013808 	 -0.002857
   83 	 -0.200000 	 -0.013808 	 -0.002857
   84 	 -0.200000 	 -0.013808 	 -0.002857
   85 	 -0.200000 	 -0.013808 	 -0.002857
   86 	 -0.200000 	 -0.013808 	 -0.002857
   87 	 -0.200000 	 -0.013808 	 -0.002857
   88 	 -0.200000 	 -0.013808 	 -0.002857
   89 	 -0.200000 	 -0.013807 	 -0.002849
   90 	 -0.200000 	 -0.013808 	 -0.002857
   91 	 -0.200000 	 -0.013808 	 -0.002857
   92 	 -0.200000 	 -0.013808 	 -0.002857
   93 	 -0.200000 	 -0.013808 	 -0.002857
   94 	 -0.200000 	 -0.013808 	 -0.002857
   95 	 -0.200000 	 -0.013808 	 -0.002857
   96 	 -0.200000 	 -0.013816 	 -0.002865
   97 	 -0.200000 	 -0.013808 	 -0.002857
   98 	 -0.200000 	 -0.013810 	 -0.002890
   99 	 -0.200000 	 -0.013808 	 -0.002857
  100 	 -0.200000 	 -0.013648 	 -0.002825
  101 	 -0.200000 	 -0.013808 	 -0.002857
  102 	 -0.200000 	 -0.013799 	 -0.002825
  103 	 -0.200000 	 -0.013808 	 -0.002857
  104 	 -0.200000 	 -0.013808 	 -0.002857
  105 	 -0.200000 	 -0.013808 	 -0.002857
  106 	 -0.200000 	 -0.013808 	 -0.002857
  107 	 -0.200000 	 -0.013808 	 -0.002857
  108 	 -0.200000 	 -0.013808 	 -0.002857
  109 	 -0.200000 	 -0.013808 	 -0.002857
  110 	 -0.200000 	 -0.013808 	 -0.002857
  111 	 -0.200000 	 -0.013808 	 -0.002857
  112 	 -0.200000 	 -0.013809 	 -0.002890
  113 	 -0.200000 	 -0.013808 	 -0.002857
  114 	 -0.200000 	 -0.013808 	 -0.002857
  115 	 -0.200000 	 -0.013808 	 -0.002857
  116 	 -0.200000 	 -0.013808 	 -0.002857
  117 	 -0.200000 	 -0.013808 	 -0.002857
  118 	 -0.200000 	 -0.013808 	 -0.002857
  119 	 -0.200000 	 -0.013808 	 -0.002857
  120 	 -0.200000 	 -0.013610 	 -0.002825
  121 	 -0.200000 	 -0.013808 	 -0.002857
  122 	 -0.200000 	 -0.013808 	 -0.002857
  123 	 -0.200000 	 -0.013822 	 -0.002874
  124 	 -0.200000 	 -0.013808 	 -0.002857
  125 	 -0.200000 	 -0.013808 	 -0.002857
  126 	 -0.200000 	 -0.013808 	 -0.002857
  127 	 -0.200000 	 -0.013808 	 -0.002857
  128 	 -0.200000 	 -0.013808 	 -0.002857
  129 	 -0.200000 	 -0.013808 	 -0.002857
  130 	 -0.200000 	 -0.013808 	 -0.002857
  131 	 -0.200000 	 -0.013808 	 -0.002857
  132 	 -0.200000 	 -0.013808 	 -0.002857
  133 	 -0.200000 	 -0.013808 	 -0.002857
  134 	 -0.200000 	 -0.013808 	 -0.002857
  135 	 -0.200000 	 -0.013808 	 -0.002857
  136 	 -0.200000 	 -0.013808 	 -0.002857
  137 	 -0.200000 	 -0.013915 	 -0.002874
  138 	 -0.200000 	 -0.013808 	 -0.002857
  139 	 -0.200000 	 -0.013808 	 -0.002857
  140 	 -0.200000 	 -0.013808 	 -0.002857
  141 	 -0.200000 	 -0.013808 	 -0.002857
  142 	 -0.200000 	 -0.013808 	 -0.002857
  143 	 -0.200000 	 -0.013808 	 -0.002857
  144 	 -0.200000 	 -0.013808 	 -0.002857
  145 	 -0.200000 	 -0.013808 	 -0.002857
  146 	 -0.200000 	 -0.013808 	 -0.002857
  147 	 -0.200000 	 -0.013808 	 -0.002857
  148 	 -0.200000 	 -0.013808 	 -0.002857
  149 	 -0.200000 	 -0.013808 	 -0.002857
  150 	 -0.200000 	 -0.013808 	 -0.002857
  151 	 -0.200000 	 -0.013724 	 -0.002833
  152 	 -0.200000 	 -0.013808 	 -0.002857
  153 	 -0.200000 	 -0.013808 	 -0.002857
  154 	 -0.200000 	 -0.013808 	 -0.002857
  155 	 -0.200000 	 -0.013808 	 -0.002857
  156 	 -0.200000 	 -0.013808 	 -0.002857
  157 	 -0.200000 	 -0.013808 	 -0.002857
  158 	 -0.200000 	 -0.013808 	 -0.002857
  159 	 -0.200000 	 -0.013808 	 -0.002857
  160 	 -0.200000 	 -0.013808 	 -0.002857
  161 	 -0.200000 	 -0.013808 	 -0.002857
  162 	 -0.200000 	 -0.013808 	 -0.002857
  163 	 -0.200000 	 -0.013788 	 -0.002825
  164 	 -0.200000 	 -0.013808 	 -0.002857
  165 	 -0.200000 	 -0.013808 	 -0.002857
  166 	 -0.200000 	 -0.013808 	 -0.002857
  167 	 -0.200000 	 -0.013808 	 -0.002857
  168 	 -0.166667 	 -0.012960 	 -0.002841
  169 	 -0.166667 	 -0.011680 	 -0.002475
  170 	 -0.166667 	 -0.011507 	 -0.002381
  171 	 -0.166667 	 -0.011482 	 -0.002358
  172 	 -0.166667 	 -0.011507 	 -0.002381
  173 	 -0.166667 	 -0.011507 	 -0.002381
  174 	 -0.166667 	 -0.011507 	 -0.002381
  175 	 -0.166667 	 -0.011507 	 -0.002381
  176 	 -0.166667 	 -0.011507 	 -0.002381
  177 	 -0.166667 	 -0.011507 	 -0.002381
  178 	 -0.166667 	 -0.011507 	 -0.002381
  179 	 -0.166667 	 -0.011478 	 -0.002358
  180 	 -0.166667 	 -0.011507 	 -0.002381
  181 	 -0.166667 	 -0.011507 	 -0.002381
  182 	 -0.166667 	 -0.011507 	 -0.002381
  183 	 -0.166667 	 -0.011507 	 -0.002381
  184 	 -0.166667 	 -0.011507 	 -0.002381
  185 	 -0.166667 	 -0.011507 	 -0.002381
  186 	 -0.166667 	 -0.011507 	 -0.002381
  187 	 -0.166667 	 -0.011497 	 -0.002358
  188 	 -0.166667 	 -0.011507 	 -0.002381
  189 	 -0.166667 	 -0.011616 	 -0.002387
  190 	 -0.166667 	 -0.011507 	 -0.002381
  191 	 -0.166667 	 -0.011507 	 -0.002381
  192 	 -0.166667 	 -0.011507 	 -0.002381
  193 	 -0.166667 	 -0.011507 	 -0.002381
  194 	 -0.166667 	 -0.011507 	 -0.002381
  195 	 -0.166667 	 -0.011507 	 -0.002381
  196 	 -0.166667 	 -0.011507 	 -0.002381
  197 	 -0.166667 	 -0.011507 	 -0.002381
  198 	 -0.166667 	 -0.011507 	 -0.002381
  199 	 -0.166667 	 -0.011507 	 -0.002381
  200 	 -0.166667 	 -0.011507 	 -0.002381
  201 	 -0.166667 	 -0.011507 	 -0.002381
  202 	 -0.166667 	 -0.011507 	 -0.002381
  203 	 -0.166667 	 -0.011507 	 -0.002381
  204 	 -0.166667 	 -0.011507 	 -0.002381
  205 	 -0.166667 	 -0.011507 	 -0.002381
  206 	 -0.166667 	 -0.011507 	 -0.002381
  207 	 -0.166667 	 -0.011507 	 -0.002381
  208 	 -0.166667 	 -0.011507 	 -0.002381
  209 	 -0.166667 	 -0.011507 	 -0.002381
  210 	 -0.166667 	 -0.011550 	 -0.002404
  211 	 -0.166667 	 -0.012805 	 -0.002404
  212 	 -0.166667 	 -0.011507 	 -0.002381
  213 	 -0.166667 	 -0.011507 	 -0.002381
  214 	 -0.166667 	 -0.011507 	 -0.002381
  215 	 -0.166667 	 -0.011507 	 -0.002381
  216 	 -0.166667 	 -0.011543 	 -0.002387
  217 	 -0.166667 	 -0.011507 	 -0.002381
  218 	 -0.166667 	 -0.011395 	 -0.002358
  219 	 -0.166667 	 -0.011507 	 -0.002381
  220 	 -0.166667 	 -0.011507 	 -0.002381
  221 	 -0.166667 	 -0.011507 	 -0.002381
  222 	 -0.166667 	 -0.011507 	 -0.002381
  223 	 -0.166667 	 -0.011507 	 -0.002381
  224 	 -0.166667 	 -0.011507 	 -0.002381
  225 	 -0.166667 	 -0.011507 	 -0.002381
  226 	 -0.166667 	 -0.011507 	 -0.002381
  227 	 -0.166667 	 -0.011507 	 -0.002381
  228 	 -0.166667 	 -0.011507 	 -0.002381
  229 	 -0.166667 	 -0.011507 	 -0.002381
  230 	 -0.166667 	 -0.011507 	 -0.002381
  231 	 -0.166667 	 -0.011506 	 -0.002375
  232 	 -0.166667 	 -0.011507 	 -0.002381
  233 	 -0.166667 	 -0.011507 	 -0.002381
  234 	 -0.166667 	 -0.011507 	 -0.002381
  235 	 -0.166667 	 -0.011507 	 -0.002381
  236 	 -0.166667 	 -0.011507 	 -0.002381
  237 	 -0.166667 	 -0.011507 	 -0.002381
  238 	 -0.166667 	 -0.011507 	 -0.002381
  239 	 -0.166667 	 -0.011515 	 -0.002392
  240 	 -0.166667 	 -0.011507 	 -0.002381
  241 	 -0.166667 	 -0.011507 	 -0.002381
  242 	 -0.166667 	 -0.011508 	 -0.002404
  243 	 -0.166667 	 -0.011507 	 -0.002381
  244 	 -0.166667 	 -0.011507 	 -0.002381
  245 	 -0.166667 	 -0.011519 	 -0.002392
  246 	 -0.166667 	 -0.011507 	 -0.002381
  247 	 -0.166667 	 -0.011507 	 -0.002381
  248 	 -0.166667 	 -0.011507 	 -0.002381
  249 	 -0.166667 	 -0.011507 	 -0.002381
  250 	 -0.166667 	 -0.011507 	 -0.002381
  251 	 -0.166667 	 -0.011507 	 -0.002381
  252 	 -0.166667 	 -0.011507 	 -0.002381
  253 	 -0.166667 	 -0.011507 	 -0.002381
  254 	 -0.166667 	 -0.011507 	 -0.002381
  255 	 -0.166667 	 -0.011716 	 -0.002398
  256 	 -0.166667 	 -0.011507 	 -0.002381
  257 	 -0.166667 	 -0.011507 	 -0.002381
  258 	 -0.166667 	 -0.011507 	 -0.002381
  259 	 -0.166667 	 -0.011507 	 -0.002381
  260 	 -0.166667 	 -0.011507 	 -0.002381
  261 	 -0.166667 	 -0.011507 	 -0.002381
  262 	 -0.166667 	 -0.011445 	 -0.002358
  263 	 -0.166667 	 -0.011507 	 -0.002381
  264 	 -0.166667 	 -0.011507 	 -0.002381
  265 	 -0.166667 	 -0.011507 	 -0.002381
  266 	 -0.166667 	 -0.011507 	 -0.002381
  267 	 -0.166667 	 -0.011507 	 -0.002381
  268 	 -0.166667 	 -0.011507 	 -0.002381
  269 	 -0.166667 	 -0.011507 	 -0.002381
  270 	 -0.166667 	 -0.011507 	 -0.002381
  271 	 -0.166667 	 -0.011507 	 -0.002381
  272 	 -0.166667 	 -0.011507 	 -0.002381
  273 	 -0.166667 	 -0.011507 	 -0.002381
  274 	 -0.166667 	 -0.011506 	 -0.002370
  275 	 -0.166667 	 -0.011507 	 -0.002381
  276 	 -0.166667 	 -0.011497 	 -0.002375
  277 	 -0.166667 	 -0.011507 	 -0.002381
  278 	 -0.166667 	 -0.011507 	 -0.002381
  279 	 -0.166667 	 -0.011507 	 -0.002381
  280 	 -0.166667 	 -0.011507 	 -0.002381
  281 	 -0.166667 	 -0.011507 	 -0.002381
  282 	 -0.166667 	 -0.011502 	 -0.002375
  283 	 -0.166667 	 -0.011507 	 -0.002381
  284 	 -0.166667 	 -0.011507 	 -0.002381
  285 	 -0.166667 	 -0.011507 	 -0.002381
  286 	 -0.166667 	 -0.011507 	 -0.002381
  287 	 -0.166667 	 -0.011507 	 -0.002381
  288 	 -0.166667 	 -0.011507 	 -0.002381
  289 	 -0.166667 	 -0.011507 	 -0.002381
  290 	 -0.166667 	 -0.011507 	 -0.002381
  291 	 -0.166667 	 -0.011507 	 -0.002381
  292 	 -0.166667 	 -0.011507 	 -0.002381
  293 	 -0.166667 	 -0.011507 	 -0.002381
  294 	 -0.166667 	 -0.011500 	 -0.002370
  295 	 -0.166667 	 -0.011507 	 -0.002381
  296 	 -0.166667 	 -0.011507 	 -0.002381
  297 	 -0.166667 	 -0.011507 	 -0.002381
  298 	 -0.166667 	 -0.011507 	 -0.002381
  299 	 -0.166667 	 -0.011507 	 -0.002381
  300 	 -0.166667 	 -0.011507 	 -0.002381
  301 	 -0.166667 	 -0.011507 	 -0.002381
  302 	 -0.166667 	 -0.011507 	 -0.002381
  303 	 -0.166667 	 -0.011507 	 -0.002381
  304 	 -0.166667 	 -0.011507 	 -0.002381
  305 	 -0.166667 	 -0.011507 	 -0.002381
  306 	 -0.166667 	 -0.011350 	 -0.002358
  307 	 -0.166667 	 -0.011507 	 -0.002381
  308 	 -0.166667 	 -0.011507 	 -0.002381
  309 	 -0.166667 	 -0.011506 	 -0.002375
  310 	 -0.166667 	 -0.011507 	 -0.002381
  311 	 -0.166667 	 -0.011507 	 -0.002381
  312 	 -0.166667 	 -0.011507 	 -0.002381
  313 	 -0.166667 	 -0.011201 	 -0.002358
  314 	 -0.166667 	 -0.011507 	 -0.002381
  315 	 -0.166667 	 -0.011507 	 -0.002381
  316 	 -0.166667 	 -0.011507 	 -0.002381
  317 	 -0.166667 	 -0.011507 	 -0.002381
  318 	 -0.166667 	 -0.011507 	 -0.002381
  319 	 -0.166667 	 -0.011507 	 -0.002381
  320 	 -0.166667 	 -0.011507 	 -0.002381
  321 	 -0.166667 	 -0.011507 	 -0.002381
  322 	 -0.166667 	 -0.011507 	 -0.002381
  323 	 -0.166667 	 -0.011529 	 -0.002387
  324 	 -0.166667 	 -0.011507 	 -0.002381
  325 	 -0.166667 	 -0.011514 	 -0.002387
  326 	 -0.166667 	 -0.011507 	 -0.002381
  327 	 -0.166667 	 -0.011507 	 -0.002381
  328 	 -0.166667 	 -0.011507 	 -0.002381
  329 	 -0.166667 	 -0.011452 	 -0.002375
  330 	 -0.166667 	 -0.011507 	 -0.002381
  331 	 -0.166667 	 -0.011507 	 -0.002381
  332 	 -0.166667 	 -0.011505 	 -0.002358
  333 	 -0.166667 	 -0.011507 	 -0.002381
  334 	 -0.166667 	 -0.011426 	 -0.002375
  335 	 -0.166667 	 -0.011507 	 -0.002381
  336 	 -0.166667 	 -0.011507 	 -0.002381
  337 	 -0.166667 	 -0.011507 	 -0.002381
  338 	 -0.166667 	 -0.011507 	 -0.002381
  339 	 -0.166667 	 -0.011507 	 -0.002381
  340 	 -0.166667 	 -0.011507 	 -0.002381
  341 	 -0.166667 	 -0.011507 	 -0.002381
  342 	 -0.166667 	 -0.011507 	 -0.002381
  343 	 -0.166667 	 -0.011507 	 -0.002381
  344 	 -0.166667 	 -0.011507 	 -0.002381
  345 	 -0.166667 	 -0.011507 	 -0.002381
  346 	 -0.166667 	 -0.011507 	 -0.002381
  347 	 -0.166667 	 -0.011507 	 -0.002381
  348 	 -0.166667 	 -0.011507 	 -0.002381
  349 	 -0.166667 	 -0.011507 	 -0.002381
  350 	 -0.166667 	 -0.011507 	 -0.002381
  351 	 -0.166667 	 -0.011560 	 -0.002392
  352 	 -0.166667 	 -0.011507 	 -0.002375
  353 	 -0.166667 	 -0.011341 	 -0.002304
  354 	 -0.166667 	 -0.011507 	 -0.002381
  355 	 -0.166667 	 -0.011507 	 -0.002381
  356 	 -0.166667 	 -0.011507 	 -0.002381
  357 	 -0.166667 	 -0.011507 	 -0.002381
  358 	 -0.166667 	 -0.011507 	 -0.002381
  359 	 -0.166667 	 -0.011507 	 -0.002381
  360 	 -0.166667 	 -0.011507 	 -0.002381
  361 	 -0.166667 	 -0.011507 	 -0.002381
  362 	 -0.166667 	 -0.011507 	 -0.002381
  363 	 -0.166667 	 -0.011507 	 -0.002381
  364 	 -0.166667 	 -0.011507 	 -0.002381
  365 	 -0.166667 	 -0.011507 	 -0.002381
  366 	 -0.166667 	 -0.011507 	 -0.002381
  367 	 -0.166667 	 -0.011507 	 -0.002381
  368 	 -0.166667 	 -0.011507 	 -0.002381
  369 	 -0.166667 	 -0.011507 	 -0.002381
  370 	 -0.166667 	 -0.011499 	 -0.002375
  371 	 -0.166667 	 -0.011657 	 -0.002404
  372 	 -0.166667 	 -0.011501 	 -0.002375
  373 	 -0.166667 	 -0.011507 	 -0.002381
  374 	 -0.166667 	 -0.011507 	 -0.002381
  375 	 -0.166667 	 -0.011507 	 -0.002381
  376 	 -0.166667 	 -0.011507 	 -0.002381
  377 	 -0.166667 	 -0.011507 	 -0.002381
  378 	 -0.166667 	 -0.011507 	 -0.002381
  379 	 -0.166667 	 -0.011507 	 -0.002381
  380 	 -0.166667 	 -0.011596 	 -0.002398
  381 	 -0.166667 	 -0.011509 	 -0.002398
  382 	 -0.166667 	 -0.011507 	 -0.002381
  383 	 -0.166667 	 -0.011503 	 -0.002375
  384 	 -0.166667 	 -0.011507 	 -0.002381
  385 	 -0.166667 	 -0.011507 	 -0.002381
  386 	 -0.166667 	 -0.011507 	 -0.002381
  387 	 -0.166667 	 -0.011507 	 -0.002381
  388 	 -0.166667 	 -0.011507 	 -0.002381
  389 	 -0.166667 	 -0.011507 	 -0.002381
  390 	 -0.166667 	 -0.011507 	 -0.002381
  391 	 -0.166667 	 -0.011507 	 -0.002381
  392 	 -0.166667 	 -0.011507 	 -0.002381
  393 	 -0.166667 	 -0.011507 	 -0.002381
  394 	 -0.166667 	 -0.011507 	 -0.002381
  395 	 -0.166667 	 -0.011507 	 -0.002381
  396 	 -0.166667 	 -0.011509 	 -0.002387
  397 	 -0.166667 	 -0.011501 	 -0.002375
  398 	 -0.166667 	 -0.011507 	 -0.002381
  399 	 -0.166667 	 -0.011507 	 -0.002381
 