   0 	 -0.250000 	 0.017543 	 0.500000
    1 	 -1.000000 	 -0.005724 	 1.000000
    2 	 -1.000000 	 0.380122 	 10.000000
    3 	 -0.500000 	 -0.051222 	 -0.010309
    4 	 -0.333333 	 -0.023231 	 -0.004902
    5 	 -0.333333 	 -0.023035 	 -0.004785
    6 	 -0.333333 	 -0.023014 	 -0.004762
    7 	 -0.333333 	 -0.023014 	 -0.004762
    8 	 -0.333333 	 -0.023014 	 -0.004762
    9 	 -0.333333 	 -0.023110 	 -0.004785
   10 	 -0.333333 	 -0.023014 	 -0.004762
   11 	 -0.333333 	 -0.022993 	 -0.004739
   12 	 -0.333333 	 -0.023014 	 -0.004762
   13 	 -0.333333 	 -0.023014 	 -0.004762
   14 	 -0.333333 	 -0.023014 	 -0.004762
   15 	 -0.333333 	 -0.023014 	 -0.004762
   16 	 -0.333333 	 -0.023014 	 -0.004762
   17 	 -0.333333 	 -0.023022 	 -0.004785
   18 	 -0.333333 	 -0.023014 	 -0.004762
   19 	 -0.333333 	 -0.023014 	 -0.004762
   20 	 -0.333333 	 -0.023014 	 -0.004762
   21 	 -0.333333 	 -0.023014 	 -0.004762
   22 	 -0.333333 	 -0.023014 	 -0.004762
   23 	 -0.333333 	 -0.023014 	 -0.004762
   24 	 -0.333333 	 -0.023014 	 -0.004762
   25 	 -0.333333 	 -0.023014 	 -0.004762
   26 	 -0.333333 	 -0.023014 	 -0.004762
   27 	 -0.333333 	 -0.023014 	 -0.004762
   28 	 -0.333333 	 -0.023014 	 -0.004762
   29 	 -0.333333 	 -0.023014 	 -0.004762
   30 	 -0.333333 	 -0.023014 	 -0.004762
   31 	 -0.333333 	 -0.023014 	 -0.004762
   32 	 -0.333333 	 -0.023014 	 -0.004762
   33 	 -0.333333 	 -0.023014 	 -0.004762
   34 	 -0.333333 	 -0.023014 	 -0.004762
   35 	 -0.333333 	 -0.023007 	 -0.004739
   36 	 -0.333333 	 -0.023014 	 -0.004762
   37 	 -0.333333 	 -0.023014 	 -0.004762
   38 	 -0.333333 	 -0.023014 	 -0.004762
   39 	 -0.333333 	 -0.023014 	 -0.004762
   40 	 -0.333333 	 -0.023014 	 -0.004762
   41 	 -0.333333 	 -0.023014 	 -0.004762
   42 	 -0.333333 	 -0.023014 	 -0.004762
   43 	 -0.333333 	 -0.023014 	 -0.004762
   44 	 -0.333333 	 -0.023014 	 -0.004762
   45 	 -0.333333 	 -0.023014 	 -0.004762
   46 	 -0.333333 	 -0.023014 	 -0.004762
   47 	 -0.333333 	 -0.023014 	 -0.004762
   48 	 -0.333333 	 -0.023014 	 -0.004762
   49 	 -0.333333 	 -0.023014 	 -0.004762
   50 	 -0.333333 	 -0.023014 	 -0.004762
   51 	 -0.333333 	 -0.023014 	 -0.004762
   52 	 -0.333333 	 -0.023014 	 -0.004762
   53 	 -0.333333 	 -0.023014 	 -0.004762
   54 	 -0.333333 	 -0.023014 	 -0.004762
   55 	 -0.333333 	 -0.023014 	 -0.004762
   56 	 -0.333333 	 -0.023014 	 -0.004762
   57 	 -0.333333 	 -0.023014 	 -0.004762
   58 	 -0.333333 	 -0.023014 	 -0.004762
   59 	 -0.333333 	 -0.023014 	 -0.004762
   60 	 -0.333333 	 -0.023014 	 -0.004762
   61 	 -0.333333 	 -0.023014 	 -0.004762
   62 	 -0.333333 	 -0.023014 	 -0.004762
   63 	 -0.333333 	 -0.023014 	 -0.004762
   64 	 -0.333333 	 -0.023014 	 -0.004762
   65 	 -0.333333 	 -0.023014 	 -0.004762
   66 	 -0.333333 	 -0.023014 	 -0.004762
   67 	 -0.333333 	 -0.023014 	 -0.004762
   68 	 -0.333333 	 -0.023014 	 -0.004762
   69 	 -0.333333 	 -0.023014 	 -0.004762
   70 	 -0.333333 	 -0.023014 	 -0.004762
   71 	 -0.333333 	 -0.023031 	 -0.004785
   72 	 -0.333333 	 -0.023014 	 -0.004762
   73 	 -0.333333 	 -0.023014 	 -0.004762
   74 	 -0.333333 	 -0.023014 	 -0.004762
   75 	 -0.333333 	 -0.023014 	 -0.004762
   76 	 -0.333333 	 -0.023014 	 -0.004762
   77 	 -0.333333 	 -0.023014 	 -0.004762
   78 	 -0.333333 	 -0.023014 	 -0.004762
   79 	 -0.333333 	 -0.023014 	 -0.004762
   80 	 -0.333333 	 -0.023014 	 -0.004762
   81 	 -0.333333 	 -0.023014 	 -0.004762
   82 	 -0.333333 	 -0.023014 	 -0.004762
   83 	 -0.333333 	 -0.023014 	 -0.004762
   84 	 -0.333333 	 -0.023014 	 -0.004762
   85 	 -0.333333 	 -0.023014 	 -0.004762
   86 	 -0.333333 	 -0.023015 	 -0.004808
   87 	 -0.333333 	 -0.023014 	 -0.004762
   88 	 -0.333333 	 -0.023014 	 -0.004762
   89 	 -0.333333 	 -0.023014 	 -0.004762
   90 	 -0.333333 	 -0.023014 	 -0.004762
   91 	 -0.333333 	 -0.023014 	 -0.004762
   92 	 -0.333333 	 -0.023014 	 -0.004762
   93 	 -0.333333 	 -0.023284 	 -0.004878
   94 	 -0.333333 	 -0.023014 	 -0.004762
   95 	 -0.333333 	 -0.023014 	 -0.004762
   96 	 -0.333333 	 -0.023014 	 -0.004762
   97 	 -0.333333 	 -0.023014 	 -0.004762
   98 	 -0.333333 	 -0.022959 	 -0.004717
   99 	 -0.333333 	 -0.024094 	 -0.004878
  100 	 -0.333333 	 -0.023014 	 -0.004762
  101 	 -0.333333 	 -0.023014 	 -0.004762
  102 	 -0.333333 	 -0.023014 	 -0.004762
  103 	 -0.333333 	 -0.023014 	 -0.004762
  104 	 -0.333333 	 -0.023014 	 -0.004762
  105 	 -0.333333 	 -0.023014 	 -0.004762
  106 	 -0.333333 	 -0.023014 	 -0.004762
  107 	 -0.333333 	 -0.023014 	 -0.004762
  108 	 -0.333333 	 -0.023014 	 -0.004762
  109 	 -0.333333 	 -0.023014 	 -0.004762
  110 	 -0.333333 	 -0.023014 	 -0.004762
  111 	 -0.333333 	 -0.023014 	 -0.004762
  112 	 -0.333333 	 -0.023014 	 -0.004762
  113 	 -0.333333 	 -0.023014 	 -0.004762
  114 	 -0.333333 	 -0.023014 	 -0.004762
  115 	 -0.333333 	 -0.023014 	 -0.004762
  116 	 -0.333333 	 -0.023014 	 -0.004762
  117 	 -0.333333 	 -0.023014 	 -0.004762
  118 	 -0.333333 	 -0.023014 	 -0.004762
  119 	 -0.333333 	 -0.023014 	 -0.004762
  120 	 -0.333333 	 -0.023014 	 -0.004762
  121 	 -0.333333 	 -0.023014 	 -0.004762
  122 	 -0.333333 	 -0.023014 	 -0.004762
  123 	 -0.333333 	 -0.023014 	 -0.004762
  124 	 -0.333333 	 -0.023014 	 -0.004762
  125 	 -0.333333 	 -0.023014 	 -0.004762
  126 	 -0.333333 	 -0.023014 	 -0.004762
  127 	 -0.333333 	 -0.023014 	 -0.004762
  128 	 -0.333333 	 -0.023014 	 -0.004762
  129 	 -0.333333 	 -0.023014 	 -0.004762
  130 	 -0.333333 	 -0.023014 	 -0.004762
  131 	 -0.333333 	 -0.023014 	 -0.004762
  132 	 -0.333333 	 -0.023014 	 -0.004762
  133 	 -0.333333 	 -0.023014 	 -0.004762
  134 	 -0.333333 	 -0.023014 	 -0.004762
  135 	 -0.333333 	 -0.023014 	 -0.004762
  136 	 -0.333333 	 -0.023014 	 -0.004762
  137 	 -0.333333 	 -0.023014 	 -0.004762
  138 	 -0.333333 	 -0.023014 	 -0.004762
  139 	 -0.333333 	 -0.023014 	 -0.004762
  140 	 -0.333333 	 -0.023014 	 -0.004762
  141 	 -0.333333 	 -0.023014 	 -0.004762
  142 	 -0.333333 	 -0.023014 	 -0.004762
  143 	 -0.333333 	 -0.023167 	 -0.004878
  144 	 -0.333333 	 -0.023014 	 -0.004762
  145 	 -0.333333 	 -0.023014 	 -0.004762
  146 	 -0.333333 	 -0.023014 	 -0.004762
  147 	 -0.333333 	 -0.023014 	 -0.004762
  148 	 -0.333333 	 -0.023014 	 -0.004762
  149 	 -0.333333 	 -0.023014 	 -0.004762
  150 	 -0.333333 	 -0.023014 	 -0.004762
  151 	 -0.333333 	 -0.023014 	 -0.004762
  152 	 -0.333333 	 -0.023111 	 -0.004808
  153 	 -0.333333 	 -0.023014 	 -0.004762
  154 	 -0.333333 	 -0.023014 	 -0.004762
  155 	 -0.333333 	 -0.023014 	 -0.004762
  156 	 -0.333333 	 -0.023014 	 -0.004762
  157 	 -0.333333 	 -0.023014 	 -0.004762
  158 	 -0.333333 	 -0.023014 	 -0.004762
  159 	 -0.333333 	 -0.023014 	 -0.004762
  160 	 -0.333333 	 -0.023014 	 -0.004762
  161 	 -0.333333 	 -0.023014 	 -0.004762
  162 	 -0.333333 	 -0.023014 	 -0.004762
  163 	 -0.333333 	 -0.023014 	 -0.004762
  164 	 -0.333333 	 -0.023014 	 -0.004762
  165 	 -0.333333 	 -0.023014 	 -0.004762
  166 	 -0.333333 	 -0.023014 	 -0.004762
  167 	 -0.333333 	 -0.023014 	 -0.004762
  168 	 -0.333333 	 -0.023014 	 -0.004762
  169 	 -0.333333 	 -0.023014 	 -0.004762
  170 	 -0.333333 	 -0.023014 	 -0.004762
  171 	 -0.333333 	 -0.023014 	 -0.004762
  172 	 -0.333333 	 -0.023014 	 -0.004762
  173 	 -0.333333 	 -0.023014 	 -0.004762
  174 	 -0.333333 	 -0.023014 	 -0.004762
  175 	 -0.333333 	 -0.023014 	 -0.004762
  176 	 -0.333333 	 -0.023014 	 -0.004762
  177 	 -0.333333 	 -0.023475 	 -0.004831
  178 	 -0.333333 	 -0.023014 	 -0.004762
  179 	 -0.333333 	 -0.023014 	 -0.004762
  180 	 -0.333333 	 -0.023014 	 -0.004762
  181 	 -0.333333 	 -0.023014 	 -0.004762
  182 	 -0.333333 	 -0.023014 	 -0.004762
  183 	 -0.333333 	 -0.023014 	 -0.004762
  184 	 -0.333333 	 -0.023014 	 -0.004762
  185 	 -0.333333 	 -0.023014 	 -0.004762
  186 	 -0.333333 	 -0.023014 	 -0.004762
  187 	 -0.333333 	 -0.023014 	 -0.004762
  188 	 -0.333333 	 -0.023014 	 -0.004762
  189 	 -0.333333 	 -0.023014 	 -0.004762
  190 	 -0.333333 	 -0.023014 	 -0.004762
  191 	 -0.333333 	 -0.023014 	 -0.004762
  192 	 -0.333333 	 -0.023011 	 -0.004717
  193 	 -0.333333 	 -0.023014 	 -0.004762
  194 	 -0.333333 	 -0.023014 	 -0.004762
  195 	 -0.333333 	 -0.023014 	 -0.004762
  196 	 -0.333333 	 -0.023014 	 -0.004762
  197 	 -0.333333 	 -0.023184 	 -0.004831
  198 	 -0.333333 	 -0.023014 	 -0.004762
  199 	 -0.333333 	 -0.023014 	 -0.004762
  200 	 -0.333333 	 -0.023014 	 -0.004762
  201 	 -0.333333 	 -0.023014 	 -0.004762
  202 	 -0.333333 	 -0.023014 	 -0.004762
  203 	 -0.333333 	 -0.023014 	 -0.004762
  204 	 -0.333333 	 -0.023014 	 -0.004762
  205 	 -0.333333 	 -0.023014 	 -0.004762
  206 	 -0.333333 	 -0.023014 	 -0.004762
  207 	 -0.333333 	 -0.023014 	 -0.004762
  208 	 -0.333333 	 -0.023014 	 -0.004762
  209 	 -0.333333 	 -0.023014 	 -0.004762
  210 	 -0.333333 	 -0.023014 	 -0.004762
  211 	 -0.333333 	 -0.023039 	 -0.004785
  212 	 -0.333333 	 -0.023014 	 -0.004762
  213 	 -0.333333 	 -0.023014 	 -0.004762
  214 	 -0.333333 	 -0.023014 	 -0.004762
  215 	 -0.333333 	 -0.023014 	 -0.004762
  216 	 -0.333333 	 -0.023014 	 -0.004762
  217 	 -0.333333 	 -0.023014 	 -0.004762
  218 	 -0.333333 	 -0.023014 	 -0.004762
  219 	 -0.333333 	 -0.023014 	 -0.004762
  220 	 -0.333333 	 -0.023014 	 -0.004762
  221 	 -0.333333 	 -0.023014 	 -0.004762
  222 	 -0.333333 	 -0.023014 	 -0.004762
  223 	 -0.333333 	 -0.023014 	 -0.004762
  224 	 -0.333333 	 -0.023014 	 -0.004762
  225 	 -0.333333 	 -0.023014 	 -0.004762
  226 	 -0.333333 	 -0.023014 	 -0.004762
  227 	 -0.333333 	 -0.023014 	 -0.004762
  228 	 -0.333333 	 -0.022993 	 -0.004717
  229 	 -0.333333 	 -0.023014 	 -0.004762
  230 	 -0.333333 	 -0.023014 	 -0.004762
  231 	 -0.333333 	 -0.023014 	 -0.004762
  232 	 -0.333333 	 -0.023042 	 -0.004785
  233 	 -0.333333 	 -0.023014 	 -0.004762
  234 	 -0.333333 	 -0.022965 	 -0.004673
  235 	 -0.333333 	 -0.023014 	 -0.004762
  236 	 -0.333333 	 -0.023014 	 -0.004762
  237 	 -0.333333 	 -0.023014 	 -0.004762
  238 	 -0.333333 	 -0.023014 	 -0.004762
  239 	 -0.333333 	 -0.023014 	 -0.004762
  240 	 -0.333333 	 -0.023014 	 -0.004762
  241 	 -0.333333 	 -0.023014 	 -0.004762
  242 	 -0.333333 	 -0.023014 	 -0.004762
  243 	 -0.333333 	 -0.023014 	 -0.004762
  244 	 -0.333333 	 -0.023014 	 -0.004762
  245 	 -0.333333 	 -0.023014 	 -0.004762
  246 	 -0.333333 	 -0.023014 	 -0.004762
  247 	 -0.333333 	 -0.023014 	 -0.004762
  248 	 -0.333333 	 -0.023014 	 -0.004762
  249 	 -0.333333 	 -0.023014 	 -0.004762
  250 	 -0.333333 	 -0.023014 	 -0.004762
  251 	 -0.333333 	 -0.023014 	 -0.004762
  252 	 -0.333333 	 -0.023014 	 -0.004762
  253 	 -0.333333 	 -0.023014 	 -0.004762
  254 	 -0.333333 	 -0.023014 	 -0.004762
  255 	 -0.333333 	 -0.023014 	 -0.004762
  256 	 -0.333333 	 -0.023014 	 -0.004762
  257 	 -0.333333 	 -0.023014 	 -0.004762
  258 	 -0.333333 	 -0.023034 	 -0.004854
  259 	 -0.333333 	 -0.023014 	 -0.004762
  260 	 -0.333333 	 -0.023014 	 -0.004762
  261 	 -0.333333 	 -0.023014 	 -0.004762
  262 	 -0.333333 	 -0.023014 	 -0.004762
  263 	 -0.333333 	 -0.023014 	 -0.004762
  264 	 -0.333333 	 -0.023014 	 -0.004762
  265 	 -0.333333 	 -0.023014 	 -0.004762
  266 	 -0.333333 	 -0.022986 	 -0.004739
  267 	 -0.333333 	 -0.023014 	 -0.004762
  268 	 -0.333333 	 -0.023014 	 -0.004762
  269 	 -0.333333 	 -0.023014 	 -0.004762
  270 	 -0.333333 	 -0.023014 	 -0.004762
  271 	 -0.333333 	 -0.023014 	 -0.004762
  272 	 -0.333333 	 -0.023014 	 -0.004762
  273 	 -0.333333 	 -0.023014 	 -0.004762
  274 	 -0.333333 	 -0.023014 	 -0.004762
  275 	 -0.333333 	 -0.023014 	 -0.004762
  276 	 -0.333333 	 -0.023014 	 -0.004762
  277 	 -0.333333 	 -0.023014 	 -0.004762
  278 	 -0.333333 	 -0.023014 	 -0.004762
  279 	 -0.333333 	 -0.023018 	 -0.004785
  280 	 -0.333333 	 -0.023014 	 -0.004762
  281 	 -0.333333 	 -0.023172 	 -0.004831
  282 	 -0.333333 	 -0.023014 	 -0.004762
  283 	 -0.333333 	 -0.023014 	 -0.004762
  284 	 -0.333333 	 -0.023014 	 -0.004762
  285 	 -0.333333 	 -0.023014 	 -0.004762
  286 	 -0.333333 	 -0.023014 	 -0.004762
  287 	 -0.333333 	 -0.023014 	 -0.004762
  288 	 -0.333333 	 -0.023014 	 -0.004762
  289 	 -0.333333 	 -0.023014 	 -0.004762
  290 	 -0.333333 	 -0.023014 	 -0.004762
  291 	 -0.333333 	 -0.023014 	 -0.004762
  292 	 -0.333333 	 -0.023014 	 -0.004762
  293 	 -0.333333 	 -0.023014 	 -0.004762
  294 	 -0.333333 	 -0.023014 	 -0.004762
  295 	 -0.333333 	 -0.023014 	 -0.004762
  296 	 -0.333333 	 -0.023014 	 -0.004762
  297 	 -0.333333 	 -0.023014 	 -0.004762
  298 	 -0.333333 	 -0.023014 	 -0.004762
  299 	 -0.333333 	 -0.023014 	 -0.004762
  300 	 -0.333333 	 -0.023014 	 -0.004762
  301 	 -0.333333 	 -0.023014 	 -0.004762
  302 	 -0.333333 	 -0.023014 	 -0.004762
  303 	 -0.333333 	 -0.023014 	 -0.004762
  304 	 -0.333333 	 -0.023014 	 -0.004762
  305 	 -0.333333 	 -0.023014 	 -0.004762
  306 	 -0.333333 	 -0.023014 	 -0.004762
  307 	 -0.333333 	 -0.023014 	 -0.004762
  308 	 -0.333333 	 -0.023014 	 -0.004762
  309 	 -0.333333 	 -0.023014 	 -0.004762
  310 	 -0.333333 	 -0.023014 	 -0.004762
  311 	 -0.333333 	 -0.023014 	 -0.004762
  312 	 -0.333333 	 -0.023014 	 -0.004762
  313 	 -0.333333 	 -0.023014 	 -0.004762
  314 	 -0.333333 	 -0.023014 	 -0.004762
  315 	 -0.333333 	 -0.023014 	 -0.004762
  316 	 -0.333333 	 -0.023014 	 -0.004762
  317 	 -0.333333 	 -0.023014 	 -0.004762
  318 	 -0.333333 	 -0.023014 	 -0.004762
  319 	 -0.333333 	 -0.023014 	 -0.004762
  320 	 -0.333333 	 -0.023014 	 -0.004762
  321 	 -0.333333 	 -0.023014 	 -0.004762
  322 	 -0.333333 	 -0.023014 	 -0.004762
  323 	 -0.333333 	 -0.023014 	 -0.004762
  324 	 -0.333333 	 -0.023014 	 -0.004762
  325 	 -0.333333 	 -0.023014 	 -0.004762
  326 	 -0.333333 	 -0.023014 	 -0.004762
  327 	 -0.333333 	 -0.023014 	 -0.004762
  328 	 -0.333333 	 -0.023014 	 -0.004762
  329 	 -0.333333 	 -0.023014 	 -0.004762
  330 	 -0.333333 	 -0.023014 	 -0.004762
  331 	 -0.333333 	 -0.023014 	 -0.004762
  332 	 -0.333333 	 -0.023014 	 -0.004762
  333 	 -0.333333 	 -0.023014 	 -0.004762
  334 	 -0.333333 	 -0.023012 	 -0.004739
  335 	 -0.333333 	 -0.023014 	 -0.004762
  336 	 -0.333333 	 -0.023014 	 -0.004762
  337 	 -0.333333 	 -0.023056 	 -0.004831
  338 	 -0.333333 	 -0.023014 	 -0.004762
  339 	 -0.333333 	 -0.023014 	 -0.004762
  340 	 -0.333333 	 -0.023014 	 -0.004762
  341 	 -0.333333 	 -0.023014 	 -0.004762
  342 	 -0.333333 	 -0.023014 	 -0.004762
  343 	 -0.333333 	 -0.023014 	 -0.004762
  344 	 -0.333333 	 -0.023014 	 -0.004762
  345 	 -0.333333 	 -0.023014 	 -0.004762
  346 	 -0.333333 	 -0.023045 	 -0.004854
  347 	 -0.333333 	 -0.023014 	 -0.004762
  348 	 -0.333333 	 -0.023014 	 -0.004762
  349 	 -0.333333 	 -0.023014 	 -0.004762
  350 	 -0.333333 	 -0.023014 	 -0.004762
  351 	 -0.333333 	 -0.023014 	 -0.004762
  352 	 -0.333333 	 -0.023014 	 -0.004762
  353 	 -0.333333 	 -0.023014 	 -0.004762
  354 	 -0.333333 	 -0.023014 	 -0.004762
  355 	 -0.333333 	 -0.023014 	 -0.004762
  356 	 -0.333333 	 -0.023014 	 -0.004762
  357 	 -0.333333 	 -0.023014 	 -0.004762
  358 	 -0.333333 	 -0.023014 	 -0.004762
  359 	 -0.333333 	 -0.023040 	 -0.004785
  360 	 -0.333333 	 -0.023014 	 -0.004762
  361 	 -0.333333 	 -0.023024 	 -0.004785
  362 	 -0.333333 	 -0.023063 	 -0.004878
  363 	 -0.333333 	 -0.023014 	 -0.004762
  364 	 -0.333333 	 -0.023014 	 -0.004762
  365 	 -0.333333 	 -0.023014 	 -0.004762
  366 	 -0.333333 	 -0.023014 	 -0.004762
  367 	 -0.333333 	 -0.023014 	 -0.004762
  368 	 -0.333333 	 -0.023014 	 -0.004762
  369 	 -0.333333 	 -0.022913 	 -0.004717
  370 	 -0.333333 	 -0.023014 	 -0.004762
  371 	 -0.333333 	 -0.023014 	 -0.004762
  372 	 -0.333333 	 -0.023014 	 -0.004762
  373 	 -0.333333 	 -0.023014 	 -0.004762
  374 	 -0.333333 	 -0.023014 	 -0.004762
  375 	 -0.333333 	 -0.023105 	 -0.004902
  376 	 -0.333333 	 -0.023014 	 -0.004762
  377 	 -0.333333 	 -0.023014 	 -0.004762
  378 	 -0.333333 	 -0.023014 	 -0.004762
  379 	 -0.333333 	 -0.023014 	 -0.004762
  380 	 -0.333333 	 -0.023014 	 -0.004762
  381 	 -0.333333 	 -0.023014 	 -0.004762
  382 	 -0.333333 	 -0.023014 	 -0.004762
  383 	 -0.333333 	 -0.023014 	 -0.004762
  384 	 -0.333333 	 -0.023003 	 -0.004739
  385 	 -0.333333 	 -0.023104 	 -0.004831
  386 	 -0.333333 	 -0.023014 	 -0.004762
  387 	 -0.333333 	 -0.023014 	 -0.004762
  388 	 -0.333333 	 -0.023014 	 -0.004762
  389 	 -0.333333 	 -0.023014 	 -0.004762
  390 	 -0.333333 	 -0.023014 	 -0.004762
  391 	 -0.333333 	 -0.023014 	 -0.004762
  392 	 -0.333333 	 -0.023014 	 -0.004762
  393 	 -0.333333 	 -0.023014 	 -0.004762
  394 	 -0.333333 	 -0.023014 	 -0.004762
  395 	 -0.333333 	 -0.023014 	 -0.004762
  396 	 -0.333333 	 -0.023014 	 -0.004762
  397 	 -0.333333 	 -0.023014 	 -0.004762
  398 	 -0.333333 	 -0.023014 	 -0.004762
  399 	 -0.333333 	 -0.023014 	 -0.004762
 