   0 	 -1.000000 	 -0.040995 	 0.500000
    1 	 -0.125000 	 -0.009134 	 -0.001969
    2 	 -0.125000 	 -0.008630 	 -0.001786
    3 	 -0.125000 	 -0.008630 	 -0.001786
    4 	 -0.125000 	 -0.008630 	 -0.001786
    5 	 -0.125000 	 -0.008630 	 -0.001792
    6 	 -0.125000 	 -0.008630 	 -0.001786
    7 	 -0.125000 	 -0.008630 	 -0.001786
    8 	 -0.125000 	 -0.008630 	 -0.001786
    9 	 -0.125000 	 -0.008630 	 -0.001786
   10 	 -0.125000 	 -0.008630 	 -0.001786
   11 	 -0.125000 	 -0.008891 	 -0.001799
   12 	 -0.125000 	 -0.008630 	 -0.001786
   13 	 -0.125000 	 -0.008630 	 -0.001786
   14 	 -0.125000 	 -0.008630 	 -0.001786
   15 	 -0.125000 	 -0.008630 	 -0.001786
   16 	 -0.125000 	 -0.008630 	 -0.001786
   17 	 -0.125000 	 -0.008630 	 -0.001786
   18 	 -0.125000 	 -0.008630 	 -0.001786
   19 	 -0.125000 	 -0.008630 	 -0.001786
   20 	 -0.125000 	 -0.008630 	 -0.001786
   21 	 -0.125000 	 -0.008630 	 -0.001786
   22 	 -0.125000 	 -0.008630 	 -0.001786
   23 	 -0.125000 	 -0.008630 	 -0.001786
   24 	 -0.125000 	 -0.008630 	 -0.001786
   25 	 -0.125000 	 -0.008630 	 -0.001786
   26 	 -0.125000 	 -0.008630 	 -0.001786
   27 	 -0.125000 	 -0.008630 	 -0.001786
   28 	 -0.125000 	 -0.008630 	 -0.001786
   29 	 -0.125000 	 -0.008630 	 -0.001786
   30 	 -0.125000 	 -0.008634 	 -0.001799
   31 	 -0.125000 	 -0.008630 	 -0.001786
   32 	 -0.125000 	 -0.008630 	 -0.001786
   33 	 -0.125000 	 -0.008630 	 -0.001786
   34 	 -0.125000 	 -0.008630 	 -0.001786
   35 	 -0.125000 	 -0.008630 	 -0.001786
   36 	 -0.125000 	 -0.008630 	 -0.001786
   37 	 -0.125000 	 -0.008630 	 -0.001786
   38 	 -0.125000 	 -0.008630 	 -0.001786
   39 	 -0.125000 	 -0.008630 	 -0.001786
   40 	 -0.125000 	 -0.008630 	 -0.001786
   41 	 -0.125000 	 -0.008628 	 -0.001776
   42 	 -0.125000 	 -0.008630 	 -0.001786
   43 	 -0.125000 	 -0.008630 	 -0.001786
   44 	 -0.125000 	 -0.008630 	 -0.001786
   45 	 -0.125000 	 -0.008630 	 -0.001786
   46 	 -0.125000 	 -0.008630 	 -0.001786
   47 	 -0.125000 	 -0.008630 	 -0.001786
   48 	 -0.125000 	 -0.008630 	 -0.001786
   49 	 -0.125000 	 -0.008630 	 -0.001786
   50 	 -0.125000 	 -0.008630 	 -0.001786
   51 	 -0.125000 	 -0.008630 	 -0.001786
   52 	 -0.125000 	 -0.008630 	 -0.001786
   53 	 -0.125000 	 -0.008652 	 -0.001795
   54 	 -0.125000 	 -0.008630 	 -0.001786
   55 	 -0.125000 	 -0.008630 	 -0.001786
   56 	 -0.125000 	 -0.008630 	 -0.001786
   57 	 -0.125000 	 -0.008630 	 -0.001786
   58 	 -0.125000 	 -0.008630 	 -0.001786
   59 	 -0.125000 	 -0.008630 	 -0.001786
   60 	 -0.125000 	 -0.008630 	 -0.001786
   61 	 -0.125000 	 -0.008630 	 -0.001786
   62 	 -0.125000 	 -0.008630 	 -0.001786
   63 	 -0.125000 	 -0.008630 	 -0.001786
   64 	 -0.125000 	 -0.008643 	 -0.001799
   65 	 -0.125000 	 -0.008630 	 -0.001786
   66 	 -0.125000 	 -0.008630 	 -0.001786
   67 	 -0.125000 	 -0.008630 	 -0.001786
   68 	 -0.125000 	 -0.008630 	 -0.001786
   69 	 -0.125000 	 -0.008630 	 -0.001786
   70 	 -0.125000 	 -0.008630 	 -0.001786
   71 	 -0.125000 	 -0.008630 	 -0.001786
   72 	 -0.125000 	 -0.008630 	 -0.001786
   73 	 -0.125000 	 -0.008630 	 -0.001786
   74 	 -0.125000 	 -0.008630 	 -0.001786
   75 	 -0.125000 	 -0.008630 	 -0.001786
   76 	 -0.125000 	 -0.008630 	 -0.001786
   77 	 -0.125000 	 -0.008630 	 -0.001786
   78 	 -0.125000 	 -0.008630 	 -0.001786
   79 	 -0.125000 	 -0.008630 	 -0.001786
   80 	 -0.125000 	 -0.008630 	 -0.001786
   81 	 -0.125000 	 -0.008630 	 -0.001786
   82 	 -0.125000 	 -0.008630 	 -0.001786
   83 	 -0.125000 	 -0.008630 	 -0.001786
   84 	 -0.125000 	 -0.008630 	 -0.001786
   85 	 -0.125000 	 -0.008630 	 -0.001786
   86 	 -0.125000 	 -0.008630 	 -0.001786
   87 	 -0.125000 	 -0.008630 	 -0.001786
   88 	 -0.125000 	 -0.008630 	 -0.001786
   89 	 -0.125000 	 -0.008630 	 -0.001786
   90 	 -0.125000 	 -0.008630 	 -0.001786
   91 	 -0.125000 	 -0.008630 	 -0.001786
   92 	 -0.125000 	 -0.008630 	 -0.001786
   93 	 -0.125000 	 -0.008630 	 -0.001786
   94 	 -0.125000 	 -0.008629 	 -0.001779
   95 	 -0.125000 	 -0.008630 	 -0.001786
   96 	 -0.125000 	 -0.008630 	 -0.001786
   97 	 -0.125000 	 -0.008634 	 -0.001799
   98 	 -0.125000 	 -0.008632 	 -0.001799
   99 	 -0.125000 	 -0.008630 	 -0.001786
  100 	 -0.125000 	 -0.008633 	 -0.001799
  101 	 -0.125000 	 -0.008640 	 -0.001789
  102 	 -0.125000 	 -0.008630 	 -0.001786
  103 	 -0.125000 	 -0.008630 	 -0.001786
  104 	 -0.125000 	 -0.008630 	 -0.001786
  105 	 -0.125000 	 -0.008630 	 -0.001786
  106 	 -0.125000 	 -0.008630 	 -0.001786
  107 	 -0.125000 	 -0.008630 	 -0.001786
  108 	 -0.125000 	 -0.008630 	 -0.001786
  109 	 -0.125000 	 -0.008630 	 -0.001786
  110 	 -0.125000 	 -0.008630 	 -0.001786
  111 	 -0.125000 	 -0.008630 	 -0.001786
  112 	 -0.125000 	 -0.008630 	 -0.001786
  113 	 -0.125000 	 -0.008630 	 -0.001786
  114 	 -0.125000 	 -0.008630 	 -0.001786
  115 	 -0.125000 	 -0.008630 	 -0.001786
  116 	 -0.125000 	 -0.008630 	 -0.001786
  117 	 -0.125000 	 -0.008630 	 -0.001786
  118 	 -0.125000 	 -0.008630 	 -0.001786
  119 	 -0.125000 	 -0.008630 	 -0.001786
  120 	 -0.125000 	 -0.008630 	 -0.001786
  121 	 -0.125000 	 -0.008630 	 -0.001786
  122 	 -0.125000 	 -0.008630 	 -0.001786
  123 	 -0.125000 	 -0.008630 	 -0.001786
  124 	 -0.125000 	 -0.008630 	 -0.001786
  125 	 -0.125000 	 -0.008622 	 -0.001783
  126 	 -0.125000 	 -0.008630 	 -0.001786
  127 	 -0.125000 	 -0.008630 	 -0.001786
  128 	 -0.125000 	 -0.008630 	 -0.001786
  129 	 -0.125000 	 -0.008633 	 -0.001789
  130 	 -0.125000 	 -0.008630 	 -0.001786
  131 	 -0.125000 	 -0.008630 	 -0.001786
  132 	 -0.125000 	 -0.008630 	 -0.001786
  133 	 -0.125000 	 -0.008630 	 -0.001786
  134 	 -0.125000 	 -0.008628 	 -0.001783
  135 	 -0.125000 	 -0.008630 	 -0.001786
  136 	 -0.125000 	 -0.008630 	 -0.001786
  137 	 -0.125000 	 -0.008630 	 -0.001786
  138 	 -0.125000 	 -0.008630 	 -0.001786
  139 	 -0.125000 	 -0.008630 	 -0.001786
  140 	 -0.125000 	 -0.008630 	 -0.001786
  141 	 -0.125000 	 -0.008630 	 -0.001786
  142 	 -0.125000 	 -0.008630 	 -0.001786
  143 	 -0.125000 	 -0.008630 	 -0.001786
  144 	 -0.125000 	 -0.008630 	 -0.001786
  145 	 -0.125000 	 -0.008630 	 -0.001786
  146 	 -0.125000 	 -0.008630 	 -0.001786
  147 	 -0.125000 	 -0.008630 	 -0.001786
  148 	 -0.125000 	 -0.008630 	 -0.001786
  149 	 -0.125000 	 -0.008630 	 -0.001786
  150 	 -0.125000 	 -0.008630 	 -0.001786
  151 	 -0.125000 	 -0.008630 	 -0.001786
  152 	 -0.125000 	 -0.008630 	 -0.001786
  153 	 -0.125000 	 -0.008628 	 -0.001783
  154 	 -0.125000 	 -0.008630 	 -0.001786
  155 	 -0.125000 	 -0.008630 	 -0.001786
  156 	 -0.125000 	 -0.008630 	 -0.001786
  157 	 -0.125000 	 -0.008630 	 -0.001786
  158 	 -0.125000 	 -0.008630 	 -0.001786
  159 	 -0.125000 	 -0.008630 	 -0.001786
  160 	 -0.125000 	 -0.008630 	 -0.001786
  161 	 -0.125000 	 -0.008630 	 -0.001786
  162 	 -0.125000 	 -0.008630 	 -0.001786
  163 	 -0.125000 	 -0.008630 	 -0.001786
  164 	 -0.125000 	 -0.008630 	 -0.001786
  165 	 -0.125000 	 -0.008630 	 -0.001786
  166 	 -0.125000 	 -0.008630 	 -0.001786
  167 	 -0.125000 	 -0.008630 	 -0.001786
  168 	 -0.125000 	 -0.008630 	 -0.001786
  169 	 -0.125000 	 -0.008630 	 -0.001786
  170 	 -0.125000 	 -0.008630 	 -0.001786
  171 	 -0.125000 	 -0.008630 	 -0.001786
  172 	 -0.125000 	 -0.008630 	 -0.001786
  173 	 -0.125000 	 -0.008630 	 -0.001786
  174 	 -0.125000 	 -0.008638 	 -0.001792
  175 	 -0.125000 	 -0.008630 	 -0.001786
  176 	 -0.125000 	 -0.008630 	 -0.001786
  177 	 -0.125000 	 -0.008630 	 -0.001786
  178 	 -0.125000 	 -0.008630 	 -0.001786
  179 	 -0.125000 	 -0.008630 	 -0.001786
  180 	 -0.125000 	 -0.008629 	 -0.001783
  181 	 -0.125000 	 -0.008630 	 -0.001786
  182 	 -0.125000 	 -0.008630 	 -0.001786
  183 	 -0.125000 	 -0.008623 	 -0.001783
  184 	 -0.125000 	 -0.008630 	 -0.001786
  185 	 -0.125000 	 -0.008621 	 -0.001779
  186 	 -0.125000 	 -0.008614 	 -0.001783
  187 	 -0.125000 	 -0.008630 	 -0.001786
  188 	 -0.125000 	 -0.008630 	 -0.001786
  189 	 -0.125000 	 -0.008630 	 -0.001786
  190 	 -0.125000 	 -0.008630 	 -0.001786
  191 	 -0.125000 	 -0.008630 	 -0.001786
  192 	 -0.125000 	 -0.008630 	 -0.001786
  193 	 -0.125000 	 -0.008630 	 -0.001786
  194 	 -0.125000 	 -0.008630 	 -0.001786
  195 	 -0.125000 	 -0.008630 	 -0.001786
  196 	 -0.125000 	 -0.008630 	 -0.001786
  197 	 -0.125000 	 -0.008630 	 -0.001786
  198 	 -0.125000 	 -0.008630 	 -0.001786
  199 	 -0.125000 	 -0.008630 	 -0.001786
  200 	 -0.125000 	 -0.008630 	 -0.001786
  201 	 -0.125000 	 -0.008630 	 -0.001786
  202 	 -0.125000 	 -0.008630 	 -0.001786
  203 	 -0.125000 	 -0.008635 	 -0.001792
  204 	 -0.125000 	 -0.008630 	 -0.001786
  205 	 -0.125000 	 -0.008630 	 -0.001786
  206 	 -0.125000 	 -0.008630 	 -0.001786
  207 	 -0.125000 	 -0.008630 	 -0.001786
  208 	 -0.125000 	 -0.008630 	 -0.001786
  209 	 -0.125000 	 -0.008630 	 -0.001786
  210 	 -0.125000 	 -0.008630 	 -0.001786
  211 	 -0.125000 	 -0.008630 	 -0.001786
  212 	 -0.125000 	 -0.008630 	 -0.001799
  213 	 -0.125000 	 -0.009607 	 -0.001969
  214 	 -0.125000 	 -0.008797 	 -0.001894
  215 	 -0.125000 	 -0.008630 	 -0.001786
  216 	 -0.125000 	 -0.008630 	 -0.001786
  217 	 -0.125000 	 -0.008630 	 -0.001786
  218 	 -0.125000 	 -0.008630 	 -0.001786
  219 	 -0.125000 	 -0.008630 	 -0.001786
  220 	 -0.125000 	 -0.008630 	 -0.001786
  221 	 -0.125000 	 -0.008630 	 -0.001786
  222 	 -0.125000 	 -0.008630 	 -0.001786
  223 	 -0.125000 	 -0.008630 	 -0.001786
  224 	 -0.125000 	 -0.008630 	 -0.001786
  225 	 -0.125000 	 -0.008630 	 -0.001786
  226 	 -0.125000 	 -0.008630 	 -0.001786
  227 	 -0.125000 	 -0.008630 	 -0.001786
  228 	 -0.125000 	 -0.008630 	 -0.001786
  229 	 -0.125000 	 -0.008629 	 -0.001776
  230 	 -0.125000 	 -0.008630 	 -0.001786
  231 	 -0.125000 	 -0.008633 	 -0.001792
  232 	 -0.125000 	 -0.008630 	 -0.001786
  233 	 -0.125000 	 -0.008630 	 -0.001786
  234 	 -0.125000 	 -0.008617 	 -0.001779
  235 	 -0.125000 	 -0.008630 	 -0.001786
  236 	 -0.125000 	 -0.008630 	 -0.001786
  237 	 -0.125000 	 -0.008630 	 -0.001786
  238 	 -0.125000 	 -0.008630 	 -0.001786
  239 	 -0.125000 	 -0.008630 	 -0.001786
  240 	 -0.125000 	 -0.008630 	 -0.001786
  241 	 -0.125000 	 -0.008630 	 -0.001786
  242 	 -0.125000 	 -0.008630 	 -0.001786
  243 	 -0.125000 	 -0.008630 	 -0.001786
  244 	 -0.125000 	 -0.008618 	 -0.001783
  245 	 -0.125000 	 -0.008630 	 -0.001786
  246 	 -0.125000 	 -0.008630 	 -0.001786
  247 	 -0.125000 	 -0.008630 	 -0.001786
  248 	 -0.125000 	 -0.008630 	 -0.001786
  249 	 -0.125000 	 -0.008630 	 -0.001786
  250 	 -0.125000 	 -0.008630 	 -0.001786
  251 	 -0.125000 	 -0.008630 	 -0.001786
  252 	 -0.125000 	 -0.008630 	 -0.001786
  253 	 -0.125000 	 -0.008630 	 -0.001786
  254 	 -0.125000 	 -0.008630 	 -0.001786
  255 	 -0.125000 	 -0.008630 	 -0.001786
  256 	 -0.125000 	 -0.008630 	 -0.001786
  257 	 -0.125000 	 -0.008630 	 -0.001786
  258 	 -0.125000 	 -0.008630 	 -0.001786
  259 	 -0.125000 	 -0.008630 	 -0.001786
  260 	 -0.125000 	 -0.008630 	 -0.001786
  261 	 -0.125000 	 -0.008630 	 -0.001786
  262 	 -0.125000 	 -0.008630 	 -0.001786
  263 	 -0.125000 	 -0.008630 	 -0.001786
  264 	 -0.125000 	 -0.008630 	 -0.001786
  265 	 -0.125000 	 -0.008630 	 -0.001786
  266 	 -0.125000 	 -0.008630 	 -0.001786
  267 	 -0.125000 	 -0.008630 	 -0.001786
  268 	 -0.125000 	 -0.008630 	 -0.001786
  269 	 -0.125000 	 -0.008630 	 -0.001786
  270 	 -0.125000 	 -0.008630 	 -0.001786
  271 	 -0.125000 	 -0.008630 	 -0.001786
  272 	 -0.125000 	 -0.008630 	 -0.001786
  273 	 -0.125000 	 -0.008630 	 -0.001786
  274 	 -0.125000 	 -0.008630 	 -0.001786
  275 	 -0.125000 	 -0.008630 	 -0.001786
  276 	 -0.125000 	 -0.008630 	 -0.001786
  277 	 -0.125000 	 -0.008632 	 -0.001789
  278 	 -0.125000 	 -0.008630 	 -0.001786
  279 	 -0.125000 	 -0.008630 	 -0.001786
  280 	 -0.125000 	 -0.008630 	 -0.001786
  281 	 -0.125000 	 -0.008630 	 -0.001786
  282 	 -0.125000 	 -0.008630 	 -0.001783
  283 	 -0.125000 	 -0.008630 	 -0.001786
  284 	 -0.125000 	 -0.008628 	 -0.001783
  285 	 -0.125000 	 -0.008630 	 -0.001786
  286 	 -0.125000 	 -0.008612 	 -0.001779
  287 	 -0.125000 	 -0.008630 	 -0.001786
  288 	 -0.125000 	 -0.008630 	 -0.001786
  289 	 -0.125000 	 -0.008630 	 -0.001786
  290 	 -0.125000 	 -0.008630 	 -0.001786
  291 	 -0.125000 	 -0.008630 	 -0.001786
  292 	 -0.125000 	 -0.008630 	 -0.001786
  293 	 -0.125000 	 -0.008630 	 -0.001786
  294 	 -0.125000 	 -0.008630 	 -0.001786
  295 	 -0.125000 	 -0.008630 	 -0.001786
  296 	 -0.125000 	 -0.008630 	 -0.001786
  297 	 -0.125000 	 -0.008630 	 -0.001786
  298 	 -0.125000 	 -0.008630 	 -0.001786
  299 	 -0.125000 	 -0.008630 	 -0.001786
  300 	 -0.125000 	 -0.008630 	 -0.001786
  301 	 -0.125000 	 -0.008630 	 -0.001786
  302 	 -0.125000 	 -0.008630 	 -0.001786
  303 	 -0.125000 	 -0.008633 	 -0.001792
  304 	 -0.125000 	 -0.008630 	 -0.001786
  305 	 -0.125000 	 -0.008630 	 -0.001786
  306 	 -0.125000 	 -0.008630 	 -0.001786
  307 	 -0.125000 	 -0.008630 	 -0.001786
  308 	 -0.125000 	 -0.008630 	 -0.001786
  309 	 -0.125000 	 -0.008630 	 -0.001786
  310 	 -0.125000 	 -0.008630 	 -0.001786
  311 	 -0.125000 	 -0.008630 	 -0.001786
  312 	 -0.125000 	 -0.008627 	 -0.001779
  313 	 -0.125000 	 -0.008630 	 -0.001786
  314 	 -0.125000 	 -0.008630 	 -0.001786
  315 	 -0.125000 	 -0.008632 	 -0.001792
  316 	 -0.125000 	 -0.008630 	 -0.001786
  317 	 -0.125000 	 -0.008630 	 -0.001786
  318 	 -0.125000 	 -0.008630 	 -0.001786
  319 	 -0.125000 	 -0.008630 	 -0.001786
  320 	 -0.125000 	 -0.008630 	 -0.001786
  321 	 -0.125000 	 -0.008624 	 -0.001773
  322 	 -0.125000 	 -0.008607 	 -0.001783
  323 	 -0.125000 	 -0.008630 	 -0.001786
  324 	 -0.125000 	 -0.008630 	 -0.001786
  325 	 -0.125000 	 -0.008630 	 -0.001786
  326 	 -0.125000 	 -0.008628 	 -0.001776
  327 	 -0.125000 	 -0.008630 	 -0.001786
  328 	 -0.125000 	 -0.008630 	 -0.001786
  329 	 -0.125000 	 -0.008630 	 -0.001786
  330 	 -0.125000 	 -0.008630 	 -0.001786
  331 	 -0.125000 	 -0.008630 	 -0.001786
  332 	 -0.125000 	 -0.008630 	 -0.001786
  333 	 -0.125000 	 -0.008630 	 -0.001786
  334 	 -0.125000 	 -0.009115 	 -0.001812
  335 	 -0.125000 	 -0.008630 	 -0.001779
  336 	 -0.125000 	 -0.008630 	 -0.001786
  337 	 -0.125000 	 -0.008630 	 -0.001789
  338 	 -0.125000 	 -0.008630 	 -0.001786
  339 	 -0.125000 	 -0.008630 	 -0.001786
  340 	 -0.125000 	 -0.008685 	 -0.001799
  341 	 -0.125000 	 -0.008630 	 -0.001786
  342 	 -0.125000 	 -0.008630 	 -0.001786
  343 	 -0.125000 	 -0.008630 	 -0.001786
  344 	 -0.111111 	 -0.008296 	 -0.001783
  345 	 -0.111111 	 -0.007790 	 -0.001631
  346 	 -0.111111 	 -0.007671 	 -0.001587
  347 	 -0.111111 	 -0.007668 	 -0.001575
  348 	 -0.111111 	 -0.007671 	 -0.001587
  349 	 -0.111111 	 -0.007671 	 -0.001587
  350 	 -0.111111 	 -0.007671 	 -0.001587
  351 	 -0.111111 	 -0.007671 	 -0.001587
  352 	 -0.111111 	 -0.007671 	 -0.001587
  353 	 -0.111111 	 -0.007671 	 -0.001587
  354 	 -0.111111 	 -0.007671 	 -0.001587
  355 	 -0.111111 	 -0.007662 	 -0.001582
  356 	 -0.111111 	 -0.007671 	 -0.001587
  357 	 -0.111111 	 -0.007671 	 -0.001587
  358 	 -0.111111 	 -0.007671 	 -0.001587
  359 	 -0.111111 	 -0.007671 	 -0.001587
  360 	 -0.111111 	 -0.007671 	 -0.001587
  361 	 -0.111111 	 -0.007671 	 -0.001587
  362 	 -0.111111 	 -0.007671 	 -0.001587
  363 	 -0.111111 	 -0.007671 	 -0.001587
  364 	 -0.111111 	 -0.007671 	 -0.001587
  365 	 -0.111111 	 -0.007671 	 -0.001587
  366 	 -0.111111 	 -0.007671 	 -0.001587
  367 	 -0.111111 	 -0.007671 	 -0.001587
  368 	 -0.111111 	 -0.007671 	 -0.001587
  369 	 -0.111111 	 -0.007671 	 -0.001587
  370 	 -0.111111 	 -0.007671 	 -0.001587
  371 	 -0.111111 	 -0.007671 	 -0.001587
  372 	 -0.111111 	 -0.007671 	 -0.001587
  373 	 -0.111111 	 -0.007671 	 -0.001587
  374 	 -0.111111 	 -0.007671 	 -0.001587
  375 	 -0.111111 	 -0.007671 	 -0.001587
  376 	 -0.111111 	 -0.007671 	 -0.001587
  377 	 -0.111111 	 -0.007671 	 -0.001587
  378 	 -0.111111 	 -0.007666 	 -0.001582
  379 	 -0.111111 	 -0.007674 	 -0.001590
  380 	 -0.111111 	 -0.007671 	 -0.001587
  381 	 -0.111111 	 -0.007671 	 -0.001587
  382 	 -0.111111 	 -0.007671 	 -0.001587
  383 	 -0.111111 	 -0.007671 	 -0.001587
  384 	 -0.111111 	 -0.007671 	 -0.001587
  385 	 -0.111111 	 -0.007671 	 -0.001587
  386 	 -0.111111 	 -0.007671 	 -0.001587
  387 	 -0.111111 	 -0.007647 	 -0.001585
  388 	 -0.111111 	 -0.007671 	 -0.001587
  389 	 -0.111111 	 -0.007671 	 -0.001587
  390 	 -0.111111 	 -0.007671 	 -0.001587
  391 	 -0.111111 	 -0.007671 	 -0.001587
  392 	 -0.111111 	 -0.007671 	 -0.001587
  393 	 -0.111111 	 -0.007671 	 -0.001587
  394 	 -0.111111 	 -0.007671 	 -0.001587
  395 	 -0.111111 	 -0.007671 	 -0.001587
  396 	 -0.111111 	 -0.007671 	 -0.001587
  397 	 -0.111111 	 -0.007671 	 -0.001587
  398 	 -0.111111 	 -0.007667 	 -0.001585
  399 	 -0.111111 	 -0.007671 	 -0.001587
 