   0 	 -0.250000 	 -0.004932 	 0.500000
    1 	 0.002033 	 0.009844 	 0.142857
    2 	 0.002033 	 0.009859 	 0.142857
    3 	 0.002033 	 0.009855 	 0.142857
    4 	 0.002041 	 0.009863 	 0.142857
    5 	 0.002041 	 0.009863 	 0.142857
    6 	 0.002041 	 0.009863 	 0.142857
    7 	 0.002041 	 0.009863 	 0.142857
    8 	 0.002041 	 0.009863 	 0.142857
    9 	 0.002041 	 0.009863 	 0.142857
   10 	 0.002041 	 0.009863 	 0.142857
   11 	 0.002041 	 0.009863 	 0.142857
   12 	 0.002041 	 0.009863 	 0.142857
   13 	 0.002041 	 0.009863 	 0.142857
   14 	 0.002041 	 0.009863 	 0.142857
   15 	 0.002041 	 0.009863 	 0.142857
   16 	 0.002041 	 0.009863 	 0.142857
   17 	 0.002041 	 0.009863 	 0.142857
   18 	 0.002041 	 0.009863 	 0.142857
   19 	 0.002041 	 0.009863 	 0.142857
   20 	 0.002041 	 0.009863 	 0.142857
   21 	 0.002041 	 0.009863 	 0.142857
   22 	 0.002041 	 0.009863 	 0.142857
   23 	 0.002041 	 0.009863 	 0.142857
   24 	 0.002041 	 0.009863 	 0.142857
   25 	 0.002041 	 0.009863 	 0.142857
   26 	 0.002041 	 0.009863 	 0.142857
   27 	 0.002041 	 0.009863 	 0.142857
   28 	 0.002041 	 0.009863 	 0.142857
   29 	 0.002041 	 0.009863 	 0.142857
   30 	 0.002041 	 0.009863 	 0.142857
   31 	 0.002041 	 0.009863 	 0.142857
   32 	 0.002041 	 0.009863 	 0.142857
   33 	 0.002053 	 0.013494 	 0.333333
   34 	 0.002639 	 0.015554 	 0.333333
   35 	 0.003145 	 0.019221 	 0.333333
   36 	 0.003817 	 0.015867 	 0.142857
   37 	 0.003650 	 0.017484 	 0.333333
   38 	 0.003937 	 0.021001 	 0.333333
   39 	 0.004202 	 0.021312 	 0.333333
   40 	 0.004673 	 0.022999 	 0.333333
   41 	 0.004762 	 0.023014 	 0.333333
   42 	 0.004762 	 0.023014 	 0.333333
   43 	 0.004673 	 0.022959 	 0.333333
   44 	 0.004762 	 0.023014 	 0.333333
   45 	 0.004854 	 0.023074 	 0.333333
   46 	 0.004762 	 0.023014 	 0.333333
   47 	 0.004762 	 0.023014 	 0.333333
   48 	 0.004762 	 0.023014 	 0.333333
   49 	 0.004762 	 0.023014 	 0.333333
   50 	 0.004762 	 0.023014 	 0.333333
   51 	 0.004762 	 0.023014 	 0.333333
   52 	 0.004762 	 0.023014 	 0.333333
   53 	 0.004762 	 0.023014 	 0.333333
   54 	 0.004762 	 0.023014 	 0.333333
   55 	 0.004762 	 0.023014 	 0.333333
   56 	 0.004762 	 0.023014 	 0.333333
   57 	 0.004762 	 0.023014 	 0.333333
   58 	 0.004762 	 0.023014 	 0.333333
   59 	 0.004762 	 0.023014 	 0.333333
   60 	 0.004739 	 0.022999 	 0.333333
   61 	 0.004739 	 0.023003 	 0.333333
   62 	 0.004762 	 0.023282 	 0.333333
   63 	 0.005000 	 0.035788 	 1.000000
   64 	 0.006667 	 0.034850 	 0.333333
   65 	 0.007042 	 0.041416 	 1.000000
   66 	 0.008333 	 0.031248 	 0.333333
   67 	 0.007692 	 0.032294 	 0.333333
   68 	 0.007353 	 0.050864 	 1.000000
   69 	 0.008772 	 0.049488 	 1.000000
   70 	 0.009804 	 0.053295 	 1.000000
   71 	 0.010870 	 0.056348 	 1.000000
   72 	 0.011364 	 0.057966 	 1.000000
   73 	 0.011905 	 0.060629 	 1.000000
   74 	 0.011628 	 0.065471 	 1.000000
   75 	 0.013158 	 0.067567 	 1.000000
   76 	 0.013889 	 0.067974 	 1.000000
   77 	 0.014085 	 0.069173 	 1.000000
   78 	 0.014286 	 0.069041 	 1.000000
   79 	 0.014286 	 0.069041 	 1.000000
   80 	 0.014493 	 0.071217 	 1.000000
   81 	 0.014925 	 0.085860 	 1.000000
   82 	 0.020000 	 0.083573 	 1.000000
   83 	 0.018868 	 0.107966 	 1.000000
   84 	 0.027778 	 0.582442 	 10.000000
   85 	 0.142857 	 4.800748 	 10.000000
   86 	 0.500000 	 2.728571 	 10.000000
   87 	 10.000000 	 10.000000 	 10.000000
   88 	 10.000000 	 10.000000 	 10.000000
   89 	 0.250000 	 9.025000 	 10.000000
   90 	 10.000000 	 10.000000 	 10.000000
   91 	 10.000000 	 10.000000 	 10.000000
   92 	 10.000000 	 10.000000 	 10.000000
   93 	 10.000000 	 10.000000 	 10.000000
   94 	 10.000000 	 10.000000 	 10.000000
   95 	 10.000000 	 10.000000 	 10.000000
   96 	 10.000000 	 10.000000 	 10.000000
   97 	 10.000000 	 10.000000 	 10.000000
   98 	 10.000000 	 10.000000 	 10.000000
   99 	 10.000000 	 10.000000 	 10.000000
  100 	 10.000000 	 10.000000 	 10.000000
  101 	 -0.250000 	 0.335714 	 10.000000
  102 	 -0.250000 	 0.921429 	 10.000000
  103 	 10.000000 	 10.000000 	 10.000000
  104 	 -0.500000 	 8.350000 	 10.000000
  105 	 10.000000 	 10.000000 	 10.000000
  106 	 10.000000 	 10.000000 	 10.000000
  107 	 -1.000000 	 7.014286 	 10.000000
  108 	 10.000000 	 10.000000 	 10.000000
  109 	 10.000000 	 10.000000 	 10.000000
  110 	 10.000000 	 10.000000 	 10.000000
  111 	 10.000000 	 10.000000 	 10.000000
  112 	 10.000000 	 10.000000 	 10.000000
  113 	 10.000000 	 10.000000 	 10.000000
  114 	 10.000000 	 10.000000 	 10.000000
  115 	 10.000000 	 10.000000 	 10.000000
  116 	 10.000000 	 10.000000 	 10.000000
  117 	 10.000000 	 10.000000 	 10.000000
  118 	 10.000000 	 10.000000 	 10.000000
  119 	 10.000000 	 10.000000 	 10.000000
  120 	 10.000000 	 10.000000 	 10.000000
  121 	 0.500000 	 7.014286 	 10.000000
  122 	 10.000000 	 10.000000 	 10.000000
  123 	 10.000000 	 10.000000 	 10.000000
  124 	 10.000000 	 10.000000 	 10.000000
  125 	 10.000000 	 10.000000 	 10.000000
  126 	 1.000000 	 8.457143 	 10.000000
  127 	 10.000000 	 10.000000 	 10.000000
  128 	 10.000000 	 10.000000 	 10.000000
  129 	 10.000000 	 10.000000 	 10.000000
  130 	 10.000000 	 10.000000 	 10.000000
  131 	 10.000000 	 10.000000 	 10.000000
  132 	 10.000000 	 10.000000 	 10.000000
  133 	 10.000000 	 10.000000 	 10.000000
  134 	 10.000000 	 10.000000 	 10.000000
  135 	 -1.000000 	 5.757143 	 10.000000
  136 	 10.000000 	 10.000000 	 10.000000
  137 	 10.000000 	 10.000000 	 10.000000
  138 	 10.000000 	 10.000000 	 10.000000
  139 	 10.000000 	 10.000000 	 10.000000
  140 	 10.000000 	 10.000000 	 10.000000
  141 	 10.000000 	 10.000000 	 10.000000
  142 	 10.000000 	 10.000000 	 10.000000
  143 	 10.000000 	 10.000000 	 10.000000
  144 	 10.000000 	 10.000000 	 10.000000
  145 	 10.000000 	 10.000000 	 10.000000
  146 	 10.000000 	 10.000000 	 10.000000
  147 	 10.000000 	 10.000000 	 10.000000
  148 	 10.000000 	 10.000000 	 10.000000
  149 	 10.000000 	 10.000000 	 10.000000
  150 	 10.000000 	 10.000000 	 10.000000
  151 	 10.000000 	 10.000000 	 10.000000
  152 	 10.000000 	 10.000000 	 10.000000
  153 	 -0.250000 	 7.364286 	 10.000000
  154 	 10.000000 	 10.000000 	 10.000000
  155 	 10.000000 	 10.000000 	 10.000000
  156 	 1.000000 	 6.014286 	 10.000000
  157 	 10.000000 	 10.000000 	 10.000000
  158 	 10.000000 	 10.000000 	 10.000000
  159 	 10.000000 	 10.000000 	 10.000000
  160 	 10.000000 	 10.000000 	 10.000000
  161 	 10.000000 	 10.000000 	 10.000000
  162 	 10.000000 	 10.000000 	 10.000000
  163 	 10.000000 	 10.000000 	 10.000000
  164 	 10.000000 	 10.000000 	 10.000000
  165 	 10.000000 	 10.000000 	 10.000000
  166 	 -1.000000 	 5.128571 	 10.000000
  167 	 10.000000 	 10.000000 	 10.000000
  168 	 10.000000 	 10.000000 	 10.000000
  169 	 10.000000 	 10.000000 	 10.000000
  170 	 10.000000 	 10.000000 	 10.000000
  171 	 10.000000 	 10.000000 	 10.000000
  172 	 10.000000 	 10.000000 	 10.000000
  173 	 10.000000 	 10.000000 	 10.000000
  174 	 10.000000 	 10.000000 	 10.000000
  175 	 10.000000 	 10.000000 	 10.000000
  176 	 10.000000 	 10.000000 	 10.000000
  177 	 10.000000 	 10.000000 	 10.000000
  178 	 10.000000 	 10.000000 	 10.000000
  179 	 10.000000 	 10.000000 	 10.000000
  180 	 10.000000 	 10.000000 	 10.000000
  181 	 10.000000 	 10.000000 	 10.000000
  182 	 10.000000 	 10.000000 	 10.000000
  183 	 10.000000 	 10.000000 	 10.000000
  184 	 10.000000 	 10.000000 	 10.000000
  185 	 10.000000 	 10.000000 	 10.000000
  186 	 10.000000 	 10.000000 	 10.000000
  187 	 10.000000 	 10.000000 	 10.000000
  188 	 10.000000 	 10.000000 	 10.000000
  189 	 10.000000 	 10.000000 	 10.000000
  190 	 10.000000 	 10.000000 	 10.000000
  191 	 10.000000 	 10.000000 	 10.000000
  192 	 10.000000 	 10.000000 	 10.000000
  193 	 -1.000000 	 5.757143 	 10.000000
  194 	 10.000000 	 10.000000 	 10.000000
  195 	 10.000000 	 10.000000 	 10.000000
  196 	 -0.250000 	 8.682143 	 10.000000
  197 	 10.000000 	 10.000000 	 10.000000
  198 	 10.000000 	 10.000000 	 10.000000
  199 	 -0.500000 	 9.100000 	 10.000000
  200 	 10.000000 	 10.000000 	 10.000000
  201 	 10.000000 	 10.000000 	 10.000000
  202 	 10.000000 	 10.000000 	 10.000000
  203 	 10.000000 	 10.000000 	 10.000000
  204 	 10.000000 	 10.000000 	 10.000000
  205 	 10.000000 	 10.000000 	 10.000000
  206 	 10.000000 	 10.000000 	 10.000000
  207 	 0.250000 	 7.771429 	 10.000000
  208 	 0.250000 	 2.478571 	 10.000000
  209 	 10.000000 	 10.000000 	 10.000000
  210 	 10.000000 	 10.000000 	 10.000000
  211 	 10.000000 	 10.000000 	 10.000000
  212 	 10.000000 	 10.000000 	 10.000000
  213 	 10.000000 	 10.000000 	 10.000000
  214 	 -0.500000 	 4.026190 	 10.000000
  215 	 10.000000 	 10.000000 	 10.000000
  216 	 10.000000 	 10.000000 	 10.000000
  217 	 -0.250000 	 8.828571 	 10.000000
  218 	 10.000000 	 10.000000 	 10.000000
  219 	 10.000000 	 10.000000 	 10.000000
  220 	 10.000000 	 10.000000 	 10.000000
  221 	 10.000000 	 10.000000 	 10.000000
  222 	 10.000000 	 10.000000 	 10.000000
  223 	 10.000000 	 10.000000 	 10.000000
  224 	 -0.500000 	 7.150000 	 10.000000
  225 	 10.000000 	 10.000000 	 10.000000
  226 	 -0.250000 	 3.996429 	 10.000000
  227 	 10.000000 	 10.000000 	 10.000000
  228 	 10.000000 	 10.000000 	 10.000000
  229 	 10.000000 	 10.000000 	 10.000000
  230 	 10.000000 	 10.000000 	 10.000000
  231 	 0.500000 	 1.042857 	 10.000000
  232 	 -0.250000 	 5.900000 	 10.000000
  233 	 10.000000 	 10.000000 	 10.000000
  234 	 10.000000 	 10.000000 	 10.000000
  235 	 10.000000 	 10.000000 	 10.000000
  236 	 10.000000 	 10.000000 	 10.000000
  237 	 10.000000 	 10.000000 	 10.000000
  238 	 10.000000 	 10.000000 	 10.000000
  239 	 10.000000 	 10.000000 	 10.000000
  240 	 10.000000 	 10.000000 	 10.000000
  241 	 10.000000 	 10.000000 	 10.000000
  242 	 10.000000 	 10.000000 	 10.000000
  243 	 10.000000 	 10.000000 	 10.000000
  244 	 10.000000 	 10.000000 	 10.000000
  245 	 10.000000 	 10.000000 	 10.000000
  246 	 10.000000 	 10.000000 	 10.000000
  247 	 10.000000 	 10.000000 	 10.000000
  248 	 10.000000 	 10.000000 	 10.000000
  249 	 10.000000 	 10.000000 	 10.000000
  250 	 10.000000 	 10.000000 	 10.000000
  251 	 10.000000 	 10.000000 	 10.000000
  252 	 10.000000 	 10.000000 	 10.000000
  253 	 10.000000 	 10.000000 	 10.000000
  254 	 10.000000 	 10.000000 	 10.000000
  255 	 10.000000 	 10.000000 	 10.000000
  256 	 10.000000 	 10.000000 	 10.000000
  257 	 -0.250000 	 8.975000 	 10.000000
  258 	 10.000000 	 10.000000 	 10.000000
  259 	 10.000000 	 10.000000 	 10.000000
  260 	 10.000000 	 10.000000 	 10.000000
  261 	 10.000000 	 10.000000 	 10.000000
  262 	 10.000000 	 10.000000 	 10.000000
  263 	 10.000000 	 10.000000 	 10.000000
  264 	 10.000000 	 10.000000 	 10.000000
  265 	 0.500000 	 9.457143 	 10.000000
  266 	 10.000000 	 10.000000 	 10.000000
  267 	 10.000000 	 10.000000 	 10.000000
  268 	 10.000000 	 10.000000 	 10.000000
  269 	 10.000000 	 10.000000 	 10.000000
  270 	 10.000000 	 10.000000 	 10.000000
  271 	 10.000000 	 10.000000 	 10.000000
  272 	 -1.000000 	 7.171429 	 10.000000
  273 	 10.000000 	 10.000000 	 10.000000
  274 	 10.000000 	 10.000000 	 10.000000
  275 	 10.000000 	 10.000000 	 10.000000
  276 	 10.000000 	 10.000000 	 10.000000
  277 	 10.000000 	 10.000000 	 10.000000
  278 	 10.000000 	 10.000000 	 10.000000
  279 	 10.000000 	 10.000000 	 10.000000
  280 	 0.250000 	 7.214286 	 10.000000
  281 	 10.000000 	 10.000000 	 10.000000
  282 	 10.000000 	 10.000000 	 10.000000
  283 	 -0.250000 	 2.678571 	 10.000000
  284 	 10.000000 	 10.000000 	 10.000000
  285 	 10.000000 	 10.000000 	 10.000000
  286 	 10.000000 	 10.000000 	 10.000000
  287 	 10.000000 	 10.000000 	 10.000000
  288 	 10.000000 	 10.000000 	 10.000000
  289 	 10.000000 	 10.000000 	 10.000000
  290 	 10.000000 	 10.000000 	 10.000000
  291 	 10.000000 	 10.000000 	 10.000000
  292 	 10.000000 	 10.000000 	 10.000000
  293 	 10.000000 	 10.000000 	 10.000000
  294 	 10.000000 	 10.000000 	 10.000000
  295 	 10.000000 	 10.000000 	 10.000000
  296 	 10.000000 	 10.000000 	 10.000000
  297 	 10.000000 	 10.000000 	 10.000000
  298 	 10.000000 	 10.000000 	 10.000000
  299 	 10.000000 	 10.000000 	 10.000000
  300 	 10.000000 	 10.000000 	 10.000000
  301 	 10.000000 	 10.000000 	 10.000000
  302 	 10.000000 	 10.000000 	 10.000000
  303 	 10.000000 	 10.000000 	 10.000000
  304 	 10.000000 	 10.000000 	 10.000000
  305 	 10.000000 	 10.000000 	 10.000000
  306 	 10.000000 	 10.000000 	 10.000000
  307 	 10.000000 	 10.000000 	 10.000000
  308 	 10.000000 	 10.000000 	 10.000000
  309 	 10.000000 	 10.000000 	 10.000000
  310 	 10.000000 	 10.000000 	 10.000000
  311 	 10.000000 	 10.000000 	 10.000000
  312 	 10.000000 	 10.000000 	 10.000000
  313 	 10.000000 	 10.000000 	 10.000000
  314 	 10.000000 	 10.000000 	 10.000000
  315 	 0.250000 	 2.896429 	 10.000000
  316 	 -0.500000 	 8.200000 	 10.000000
  317 	 10.000000 	 10.000000 	 10.000000
  318 	 10.000000 	 10.000000 	 10.000000
  319 	 10.000000 	 10.000000 	 10.000000
  320 	 10.000000 	 10.000000 	 10.000000
  321 	 10.000000 	 10.000000 	 10.000000
  322 	 10.000000 	 10.000000 	 10.000000
  323 	 10.000000 	 10.000000 	 10.000000
  324 	 10.000000 	 10.000000 	 10.000000
  325 	 10.000000 	 10.000000 	 10.000000
  326 	 10.000000 	 10.000000 	 10.000000
  327 	 10.000000 	 10.000000 	 10.000000
  328 	 10.000000 	 10.000000 	 10.000000
  329 	 10.000000 	 10.000000 	 10.000000
  330 	 10.000000 	 10.000000 	 10.000000
  331 	 10.000000 	 10.000000 	 10.000000
  332 	 10.000000 	 10.000000 	 10.000000
  333 	 0.500000 	 8.700000 	 10.000000
  334 	 10.000000 	 10.000000 	 10.000000
  335 	 10.000000 	 10.000000 	 10.000000
  336 	 10.000000 	 10.000000 	 10.000000
  337 	 10.000000 	 10.000000 	 10.000000
  338 	 -0.250000 	 4.582143 	 10.000000
  339 	 10.000000 	 10.000000 	 10.000000
  340 	 10.000000 	 10.000000 	 10.000000
  341 	 10.000000 	 10.000000 	 10.000000
  342 	 10.000000 	 10.000000 	 10.000000
  343 	 10.000000 	 10.000000 	 10.000000
  344 	 10.000000 	 10.000000 	 10.000000
  345 	 -1.000000 	 3.714286 	 10.000000
  346 	 10.000000 	 10.000000 	 10.000000
  347 	 10.000000 	 10.000000 	 10.000000
  348 	 10.000000 	 10.000000 	 10.000000
  349 	 10.000000 	 10.000000 	 10.000000
  350 	 10.000000 	 10.000000 	 10.000000
  351 	 10.000000 	 10.000000 	 10.000000
  352 	 10.000000 	 10.000000 	 10.000000
  353 	 10.000000 	 10.000000 	 10.000000
  354 	 10.000000 	 10.000000 	 10.000000
  355 	 0.250000 	 4.567857 	 10.000000
  356 	 10.000000 	 10.000000 	 10.000000
  357 	 10.000000 	 10.000000 	 10.000000
  358 	 10.000000 	 10.000000 	 10.000000
  359 	 10.000000 	 10.000000 	 10.000000
  360 	 10.000000 	 10.000000 	 10.000000
  361 	 0.250000 	 3.035714 	 10.000000
  362 	 10.000000 	 10.000000 	 10.000000
  363 	 10.000000 	 10.000000 	 10.000000
  364 	 -0.250000 	 0.189286 	 10.000000
  365 	 10.000000 	 10.000000 	 10.000000
  366 	 10.000000 	 10.000000 	 10.000000
  367 	 10.000000 	 10.000000 	 10.000000
  368 	 10.000000 	 10.000000 	 10.000000
  369 	 10.000000 	 10.000000 	 10.000000
  370 	 10.000000 	 10.000000 	 10.000000
  371 	 10.000000 	 10.000000 	 10.000000
  372 	 10.000000 	 10.000000 	 10.000000
  373 	 -0.250000 	 5.753571 	 10.000000
  374 	 10.000000 	 10.000000 	 10.000000
  375 	 10.000000 	 10.000000 	 10.000000
  376 	 10.000000 	 10.000000 	 10.000000
  377 	 0.500000 	 7.150000 	 10.000000
  378 	 10.000000 	 10.000000 	 10.000000
  379 	 10.000000 	 10.000000 	 10.000000
  380 	 10.000000 	 10.000000 	 10.000000
  381 	 10.000000 	 10.000000 	 10.000000
  382 	 10.000000 	 10.000000 	 10.000000
  383 	 10.000000 	 10.000000 	 10.000000
  384 	 -1.000000 	 5.914286 	 10.000000
  385 	 10.000000 	 10.000000 	 10.000000
  386 	 10.000000 	 10.000000 	 10.000000
  387 	 10.000000 	 10.000000 	 10.000000
  388 	 10.000000 	 10.000000 	 10.000000
  389 	 10.000000 	 10.000000 	 10.000000
  390 	 10.000000 	 10.000000 	 10.000000
  391 	 10.000000 	 10.000000 	 10.000000
  392 	 10.000000 	 10.000000 	 10.000000
  393 	 0.500000 	 7.828571 	 10.000000
  394 	 -1.000000 	 5.585714 	 10.000000
  395 	 10.000000 	 10.000000 	 10.000000
  396 	 10.000000 	 10.000000 	 10.000000
  397 	 10.000000 	 10.000000 	 10.000000
  398 	 10.000000 	 10.000000 	 10.000000
  399 	 10.000000 	 10.000000 	 10.000000
 