   0 	 0.019186 	 0.088539 	 1.627604
    1 	 0.021322 	 0.297217 	 3.255205
    2 	 0.031852 	 0.899607 	 4.084579
    3 	 0.035448 	 1.372240 	 5.874855
    4 	 0.039105 	 1.017241 	 3.637287
    5 	 0.036438 	 0.821069 	 4.045786
    6 	 0.041933 	 1.014247 	 4.087145
    7 	 0.036645 	 1.160327 	 4.075589
    8 	 0.040736 	 0.933305 	 2.864238
    9 	 0.039666 	 0.758604 	 4.113722
   10 	 0.039697 	 0.963520 	 2.874085
   11 	 0.042428 	 1.161216 	 4.088825
   12 	 0.041108 	 1.073914 	 4.090020
   13 	 0.228097 	 0.947073 	 4.040584
   14 	 0.227416 	 1.055674 	 4.066556
   15 	 0.101935 	 0.979161 	 2.310017
   16 	 0.041622 	 0.887435 	 2.214806
   17 	 0.392052 	 0.954986 	 3.260141
   18 	 0.344817 	 1.059591 	 4.058080
   19 	 0.041606 	 0.902428 	 1.675458
   20 	 0.229140 	 0.875673 	 1.819449
   21 	 0.504373 	 0.944886 	 2.866920
   22 	 0.470223 	 0.976332 	 2.304465
   23 	 0.315048 	 0.893303 	 1.343570
   24 	 0.286560 	 0.864790 	 1.481430
   25 	 0.283512 	 0.905043 	 1.923639
   26 	 0.593039 	 0.956442 	 2.035167
   27 	 0.469828 	 0.912861 	 1.692872
   28 	 0.446435 	 0.874224 	 1.253386
   29 	 0.526961 	 0.894235 	 1.482298
   30 	 0.685784 	 0.932730 	 1.535543
   31 	 0.592734 	 0.906221 	 1.366565
   32 	 0.574599 	 0.879453 	 1.122859
   33 	 0.636389 	 0.892282 	 1.154134
   34 	 0.753205 	 0.918697 	 1.283039
   35 	 0.684306 	 0.906966 	 1.059783
   36 	 0.628836 	 0.887430 	 1.043835
   37 	 0.769422 	 0.897488 	 1.101704
   38 	 0.800874 	 0.914078 	 1.199564
   39 	 0.765401 	 0.905166 	 1.026460
   40 	 0.712066 	 0.892180 	 0.994358
   41 	 0.800374 	 0.899152 	 1.030714
   42 	 0.768310 	 0.909394 	 1.090672
   43 	 0.774250 	 0.902648 	 0.994853
   44 	 0.771920 	 0.892773 	 1.027633
   45 	 0.797035 	 0.901524 	 1.021398
   46 	 0.811403 	 0.911672 	 1.023835
   47 	 0.692676 	 0.902666 	 0.998168
   48 	 0.736908 	 0.894054 	 0.984055
   49 	 0.689562 	 0.901881 	 1.114235
   50 	 0.841145 	 0.911004 	 1.061900
   51 	 0.758130 	 0.904946 	 1.118116
   52 	 0.789453 	 0.896852 	 0.956073
   53 	 0.281120 	 0.891702 	 1.038497
   54 	 0.698354 	 0.903216 	 1.005780
   55 	 0.707834 	 0.916106 	 2.057950
   56 	 0.708342 	 0.901190 	 1.107231
   57 	 0.041617 	 0.886172 	 1.095730
   58 	 0.709392 	 0.902890 	 1.095119
   59 	 0.041593 	 0.941093 	 4.058160
   60 	 0.769278 	 0.903989 	 1.093862
   61 	 0.234579 	 0.929490 	 4.058559
   62 	 0.107464 	 0.892813 	 1.026611
   63 	 0.234557 	 0.917342 	 2.275939
   64 	 0.812076 	 0.932167 	 3.202416
   65 	 0.403106 	 0.910545 	 2.276053
   66 	 0.036607 	 0.884208 	 0.983404
   67 	 0.403087 	 0.909389 	 1.644992
   68 	 0.841606 	 0.957502 	 4.142379
   69 	 0.540601 	 0.905330 	 1.645042
   70 	 0.230034 	 0.888634 	 0.955651
   71 	 0.540587 	 0.906024 	 1.341559
   72 	 0.861733 	 0.928260 	 2.299726
   73 	 0.519898 	 0.898740 	 1.341585
   74 	 0.399277 	 0.887518 	 0.937617
   75 	 0.518566 	 0.900844 	 1.379884
   76 	 0.518185 	 0.904350 	 1.655417
   77 	 0.519941 	 0.906678 	 1.382426
   78 	 0.537572 	 0.910628 	 1.383154
   79 	 0.630030 	 0.906562 	 1.379804
   80 	 0.629741 	 0.902423 	 1.347034
   81 	 0.631073 	 0.904320 	 1.197848
   82 	 0.644399 	 0.907047 	 1.198263
   83 	 0.712937 	 0.904594 	 1.196354
   84 	 0.712726 	 0.901968 	 1.177580
   85 	 0.713697 	 0.903366 	 1.089637
   86 	 0.723390 	 0.905228 	 1.089887
   87 	 0.772537 	 0.903697 	 1.088735
   88 	 0.772388 	 0.902002 	 1.077366
   89 	 0.773075 	 0.902989 	 1.023189
   90 	 0.779930 	 0.904249 	 1.023345
   91 	 0.814340 	 0.903274 	 1.022625
   92 	 0.814236 	 0.902168 	 1.015506
   93 	 0.814714 	 0.902849 	 0.981220
   94 	 0.819466 	 0.903697 	 0.981319
   95 	 0.843156 	 0.903067 	 0.980860
   96 	 0.843085 	 0.902340 	 0.976308
   97 	 0.843412 	 0.902804 	 0.954238
   98 	 0.846662 	 0.903372 	 0.954303
   99 	 0.862784 	 0.902961 	 0.954005
  100 	 0.862736 	 0.902483 	 0.951056
  101 	 0.862958 	 0.902796 	 0.936694
  102 	 0.865159 	 0.903176 	 0.936736
  103 	 0.876045 	 0.902906 	 0.936542
  104 	 0.876012 	 0.902589 	 0.934615
  105 	 0.876162 	 0.902799 	 0.925202
  106 	 0.877643 	 0.903053 	 0.925230
  107 	 0.884954 	 0.902875 	 0.925102
  108 	 0.884932 	 0.902666 	 0.923836
  109 	 0.885032 	 0.902806 	 0.917638
  110 	 0.886025 	 0.902975 	 0.917656
  111 	 0.890918 	 0.902857 	 0.917572
  112 	 0.890903 	 0.902719 	 0.916737
  113 	 0.890970 	 0.902812 	 0.912644
  114 	 0.891633 	 0.902925 	 0.912656
  115 	 0.894899 	 0.902847 	 0.912600
  116 	 0.894890 	 0.902755 	 0.912048
  117 	 0.894934 	 0.902817 	 0.909339
  118 	 0.895377 	 0.902892 	 0.909347
  119 	 0.364161 	 0.896107 	 0.909310
  120 	 0.897547 	 0.902779 	 0.908945
  121 	 0.897577 	 0.913505 	 1.757590
  122 	 0.897872 	 0.902871 	 0.907155
  123 	 0.509583 	 0.897921 	 0.907131
  124 	 0.899317 	 0.902796 	 0.906888
  125 	 0.899337 	 0.909036 	 1.399809
  126 	 0.899533 	 0.902857 	 0.905701
  127 	 0.623205 	 0.899339 	 0.905685
  128 	 0.900494 	 0.902807 	 0.905524
  129 	 0.900507 	 0.906637 	 1.207723
  130 	 0.900638 	 0.902847 	 0.904736
  131 	 0.707953 	 0.900396 	 0.904726
  132 	 0.107531 	 0.892873 	 0.904619
  133 	 0.901286 	 0.905236 	 1.095586
  134 	 0.901373 	 0.931577 	 3.201727
  135 	 0.769002 	 0.901158 	 0.904089
  136 	 0.293554 	 0.895203 	 0.904018
  137 	 0.901804 	 0.904378 	 1.026902
  138 	 0.901861 	 0.916634 	 2.006605
  139 	 0.811884 	 0.901694 	 0.903666
  140 	 0.452201 	 0.897190 	 0.903619
  141 	 0.107531 	 0.893896 	 0.983589
  142 	 0.902186 	 0.910575 	 1.522067
  143 	 0.841475 	 0.930799 	 3.201727
  144 	 0.579083 	 0.898778 	 0.903354
  145 	 0.293554 	 0.895874 	 0.955771
  146 	 0.902402 	 0.907494 	 1.275699
  147 	 0.861644 	 0.916112 	 2.006605
  148 	 0.675448 	 0.899984 	 0.903178
  149 	 0.452201 	 0.897632 	 0.937695
  150 	 0.902545 	 0.905747 	 1.136044
  151 	 0.875277 	 0.910226 	 1.522067
  152 	 0.745799 	 0.900864 	 0.903061
  153 	 0.364162 	 0.892337 	 0.925860
  154 	 0.902640 	 0.904695 	 1.051968
  155 	 0.518988 	 0.913147 	 1.757585
  156 	 0.795692 	 0.901489 	 0.902983
  157 	 0.509584 	 0.901246 	 1.381620
  158 	 0.902704 	 0.904039 	 0.999508
  159 	 0.630350 	 0.908398 	 1.399807
  160 	 0.830352 	 0.901922 	 0.902931
  161 	 0.623205 	 0.901179 	 1.197389
  162 	 0.902746 	 0.903620 	 0.966042
  163 	 0.130527 	 0.896378 	 1.207721
  164 	 0.854086 	 0.902219 	 0.902897
  165 	 0.707954 	 0.927461 	 2.982158
  166 	 0.902774 	 0.903349 	 0.944388
  167 	 0.313779 	 0.897390 	 1.095585
  168 	 0.870179 	 0.902421 	 0.902874
  169 	 0.769003 	 0.914627 	 1.928347
  170 	 0.902792 	 0.903172 	 0.930250
  171 	 0.041588 	 0.887829 	 1.026902
  172 	 0.881018 	 0.902556 	 0.902859
  173 	 0.811885 	 0.948818 	 4.058631
  174 	 0.902805 	 0.903056 	 0.920964
  175 	 0.234553 	 0.891344 	 0.983589
  176 	 0.107531 	 0.892706 	 0.902849
  177 	 0.841475 	 0.923890 	 2.276074
  178 	 0.902813 	 0.931716 	 3.201727
  179 	 0.403084 	 0.894344 	 0.955771
  180 	 0.293554 	 0.895092 	 0.902842
  181 	 0.861644 	 0.914522 	 1.645051
  182 	 0.902818 	 0.916726 	 2.006605
  183 	 0.540584 	 0.896738 	 0.937695
  184 	 0.452201 	 0.897116 	 0.902838
  185 	 0.875277 	 0.909848 	 1.341590
  186 	 0.902822 	 0.910636 	 1.522067
  187 	 0.041587 	 0.887797 	 0.925860
  188 	 0.579083 	 0.898729 	 0.902835
  189 	 0.884439 	 0.946655 	 4.058655
  190 	 0.902824 	 0.907534 	 1.275700
  191 	 0.234552 	 0.891530 	 0.918072
  192 	 0.107531 	 0.890010 	 0.902833
  193 	 0.890573 	 0.922793 	 2.276081
  194 	 0.902826 	 0.934510 	 3.201727
  195 	 0.403083 	 0.894573 	 0.912930
  196 	 0.293554 	 0.886493 	 0.902832
  197 	 0.894670 	 0.913921 	 1.645054
  198 	 0.902827 	 0.929194 	 2.006605
  199 	 0.540583 	 0.896942 	 0.909529
  200 	 0.452201 	 0.890926 	 0.902831
  201 	 0.897401 	 0.909499 	 1.341591
  202 	 0.902828 	 0.918003 	 1.522067
  203 	 0.646667 	 0.898713 	 0.907275
  204 	 0.579083 	 0.894371 	 0.902830
  205 	 0.899219 	 0.907004 	 1.174444
  206 	 0.902828 	 0.912100 	 1.275700
  207 	 0.725035 	 0.899994 	 0.905781
  208 	 0.675448 	 0.896935 	 0.902830
  209 	 0.900429 	 0.905501 	 1.075459
  210 	 0.902828 	 0.908679 	 1.136044
  211 	 0.781092 	 0.900898 	 0.904789
  212 	 0.745799 	 0.898781 	 0.902830
  213 	 0.901234 	 0.904563 	 1.014310
  214 	 0.902829 	 0.906591 	 1.051968
  215 	 0.820270 	 0.901524 	 0.904131
  216 	 0.041588 	 0.889312 	 0.902829
  217 	 0.041588 	 0.893198 	 0.975543
  218 	 0.902829 	 0.944724 	 4.058631
  219 	 0.847211 	 0.941400 	 4.058631
  220 	 0.234553 	 0.892619 	 0.902829
  221 	 0.234553 	 0.895222 	 0.950560
  222 	 0.902829 	 0.921598 	 2.276074
  223 	 0.865531 	 0.919408 	 2.276074
  224 	 0.403084 	 0.895336 	 0.902829
  225 	 0.403084 	 0.897075 	 0.934290
  226 	 0.902829 	 0.913163 	 1.645051
  227 	 0.877893 	 0.911715 	 1.645051
  228 	 0.540584 	 0.897467 	 0.902829
  229 	 0.540584 	 0.898627 	 0.923622
  230 	 0.902829 	 0.909011 	 1.341590
  231 	 0.886193 	 0.908052 	 1.341590
  232 	 0.646667 	 0.899070 	 0.902829
  233 	 0.646667 	 0.899843 	 0.916596
  234 	 0.902829 	 0.906686 	 1.174443
  235 	 0.891745 	 0.906050 	 1.174443
  236 	 0.364162 	 0.893502 	 0.902829
  237 	 0.725035 	 0.900750 	 0.911955
  238 	 0.902829 	 0.915977 	 1.757585
  239 	 0.895452 	 0.904871 	 1.075459
  240 	 0.509584 	 0.896145 	 0.902829
  241 	 0.041588 	 0.890637 	 0.908883
  242 	 0.902829 	 0.910638 	 1.399807
  243 	 0.897922 	 0.943593 	 4.058631
  244 	 0.130527 	 0.888484 	 0.902829
  245 	 0.234553 	 0.893507 	 0.906847
  246 	 0.902829 	 0.933675 	 2.982159
  247 	 0.899566 	 0.920852 	 2.276074
  248 	 0.313779 	 0.892226 	 0.902829
  249 	 0.403084 	 0.895929 	 0.905497
  250 	 0.902829 	 0.918744 	 1.928347
  251 	 0.900660 	 0.912669 	 1.645051
  252 	 0.468791 	 0.895192 	 0.902829
  253 	 0.540584 	 0.897863 	 0.904601
  254 	 0.902829 	 0.912105 	 1.484580
  255 	 0.901387 	 0.908684 	 1.341590
  256 	 0.591933 	 0.897446 	 0.902829
  257 	 0.646667 	 0.899334 	 0.904006
  258 	 0.902829 	 0.908542 	 1.255125
  259 	 0.901871 	 0.906469 	 1.174443
  260 	 0.684967 	 0.899099 	 0.902829
  261 	 0.725035 	 0.900411 	 0.903611
  262 	 0.902829 	 0.906452 	 1.123890
  263 	 0.826420 	 0.904194 	 1.075459
  264 	 0.752621 	 0.898367 	 0.902829
  265 	 0.781092 	 0.900103 	 0.969725
  266 	 0.286629 	 0.891521 	 1.044473
  267 	 0.280487 	 0.895670 	 1.014310
  268 	 0.800466 	 0.919410 	 2.034879
  269 	 0.820271 	 0.915209 	 2.060636
  270 	 0.446492 	 0.891244 	 0.994762
  271 	 0.441416 	 0.892411 	 0.975542
  272 	 0.826426 	 0.908427 	 1.535408
  273 	 0.822312 	 0.906716 	 1.547469
  274 	 0.107531 	 0.887884 	 0.969719
  275 	 0.107531 	 0.888257 	 0.969719
  276 	 0.826253 	 0.933706 	 3.201727
  277 	 0.783135 	 0.934819 	 3.201727
  278 	 0.293554 	 0.893770 	 0.969882
  279 	 0.107531 	 0.883451 	 1.012212
  280 	 0.851294 	 0.919338 	 2.006605
  281 	 0.821684 	 0.948051 	 3.201727
  282 	 0.452201 	 0.896028 	 0.946885
  283 	 0.293554 	 0.888206 	 0.974199
  284 	 0.868293 	 0.912200 	 1.522067
  285 	 0.848177 	 0.926019 	 2.006605
  286 	 0.579083 	 0.897911 	 0.931886
  287 	 0.452201 	 0.892161 	 0.949688
  288 	 0.879750 	 0.908500 	 1.275700
  289 	 0.866185 	 0.916271 	 1.522067
  290 	 0.675448 	 0.899364 	 0.922041
  291 	 0.579083 	 0.895250 	 0.933720
  292 	 0.887437 	 0.906384 	 1.136044
  293 	 0.878333 	 0.911072 	 1.275700
  294 	 0.745799 	 0.900433 	 0.915552
  295 	 0.675448 	 0.897550 	 0.923247
  296 	 0.702620 	 0.902687 	 1.051968
  297 	 0.706799 	 0.905590 	 1.136044
  298 	 0.706799 	 0.898713 	 1.102025
  299 	 0.709068 	 0.899164 	 1.096973
  300 	 0.706799 	 0.905045 	 1.096973
  301 	 0.706799 	 0.904481 	 1.094249
  302 	 0.517991 	 0.892646 	 1.096973
  303 	 0.519527 	 0.892932 	 1.096973
  304 	 0.518987 	 0.902736 	 1.383525
  305 	 0.706799 	 0.912147 	 1.380592
  306 	 0.280293 	 0.902284 	 1.381621
  307 	 0.630759 	 0.898232 	 1.096973
  308 	 0.630350 	 0.916262 	 2.061458
  309 	 0.768183 	 0.908495 	 1.196803
  310 	 0.441256 	 0.901024 	 1.197390
  311 	 0.713468 	 0.899513 	 1.027767
  312 	 0.713170 	 0.909761 	 1.547853
  313 	 0.811315 	 0.906377 	 1.089006
  314 	 0.570564 	 0.900964 	 1.089360
  315 	 0.772913 	 0.900507 	 0.984141
  316 	 0.772702 	 0.906719 	 1.289717
  317 	 0.841085 	 0.905095 	 1.022794
  318 	 0.669112 	 0.901281 	 1.023016
  319 	 0.814601 	 0.901232 	 0.956128
  320 	 0.814454 	 0.905131 	 1.144279
  321 	 0.861380 	 0.904295 	 0.980968
  322 	 0.741246 	 0.901659 	 0.981109
  323 	 0.843335 	 0.901744 	 0.937928
  324 	 0.843235 	 0.904242 	 1.057031
  325 	 0.875099 	 0.903786 	 0.954075
  326 	 0.518987 	 0.897189 	 0.954167
  327 	 0.862906 	 0.902098 	 0.926013
  328 	 0.862837 	 0.909703 	 1.381621
  329 	 0.884320 	 0.903458 	 0.936588
  330 	 0.630350 	 0.898834 	 0.936647
  331 	 0.876126 	 0.902338 	 0.918173
  332 	 0.876081 	 0.907081 	 1.197390
  333 	 0.890494 	 0.903243 	 0.925132
  334 	 0.713170 	 0.900054 	 0.925171
  335 	 0.885009 	 0.902501 	 0.912997
  336 	 0.884978 	 0.905530 	 1.089360
  337 	 0.894617 	 0.903103 	 0.917592
  338 	 0.772702 	 0.900928 	 0.917618
  339 	 0.890954 	 0.902610 	 0.909573
  340 	 0.890934 	 0.904573 	 1.023016
  341 	 0.897365 	 0.903010 	 0.912613
  342 	 0.280487 	 0.893760 	 0.912630
  343 	 0.894924 	 0.902683 	 0.907305
  344 	 0.894910 	 0.918439 	 2.060636
  345 	 0.662548 	 0.899865 	 0.905800
  346 	 0.041588 	 0.882721 	 0.909330
  347 	 0.041588 	 0.878314 	 1.152939
  348 	 0.897561 	 0.954186 	 4.058631
  349 	 0.736518 	 0.986036 	 4.058631
  350 	 0.234553 	 0.887838 	 0.907144
  351 	 0.234553 	 0.883884 	 1.062340
  352 	 0.899326 	 0.927268 	 2.276074
  353 	 0.789179 	 0.939812 	 2.276074
  354 	 0.403084 	 0.891957 	 0.905694
  355 	 0.403084 	 0.888732 	 1.006057
  356 	 0.900500 	 0.916696 	 1.645051
  357 	 0.825861 	 0.923056 	 1.645051
  358 	 0.540584 	 0.895124 	 0.904731
  359 	 0.540584 	 0.892655 	 0.970251
  360 	 0.901281 	 0.911265 	 1.341590
  361 	 0.851027 	 0.914870 	 1.341590
  362 	 0.646667 	 0.897468 	 0.904093
  363 	 0.646667 	 0.895659 	 0.947125
  364 	 0.901800 	 0.908144 	 1.174443
  365 	 0.130527 	 0.900661 	 1.174443
  366 	 0.130527 	 0.889496 	 0.903668
  367 	 0.725035 	 0.923856 	 2.982159
  368 	 0.902146 	 0.932237 	 2.982159
  369 	 0.313779 	 0.900237 	 1.075459
  370 	 0.313779 	 0.892966 	 0.903387
  371 	 0.518987 	 0.907457 	 1.928347
  372 	 0.518986 	 0.913072 	 1.928347
  373 	 0.468791 	 0.906475 	 1.381621
  374 	 0.468791 	 0.901702 	 1.381623
  375 	 0.630350 	 0.904397 	 1.484580
  376 	 0.630349 	 0.908151 	 1.484580
  377 	 0.591933 	 0.904640 	 1.197390
  378 	 0.591933 	 0.901493 	 1.197391
  379 	 0.713170 	 0.903315 	 1.255125
  380 	 0.713170 	 0.905821 	 1.255125
  381 	 0.684967 	 0.903761 	 1.089360
  382 	 0.684967 	 0.901680 	 1.089361
  383 	 0.772702 	 0.902929 	 1.123890
  384 	 0.772702 	 0.904599 	 1.123890
  385 	 0.706799 	 0.900876 	 1.023016
  386 	 0.706798 	 0.899498 	 1.023016
  387 	 0.814454 	 0.905229 	 1.096974
  388 	 0.814454 	 0.906341 	 1.096974
  389 	 0.768183 	 0.901422 	 0.981109
  390 	 0.768182 	 0.900508 	 0.981109
  391 	 0.843235 	 0.904333 	 1.027767
  392 	 0.843235 	 0.905073 	 1.027768
  393 	 0.811314 	 0.901844 	 0.954167
  394 	 0.811314 	 0.901238 	 0.954167
  395 	 0.862837 	 0.903790 	 0.984141
  396 	 0.862837 	 0.904282 	 0.984141
  397 	 0.841085 	 0.902152 	 0.936647
  398 	 0.841084 	 0.901749 	 0.936647
  399 	 0.876081 	 0.903451 	 0.956128
  400 	 0.036601 	 0.892950 	 0.956128
  401 	 0.036601 	 0.891541 	 0.925171
  402 	 0.861379 	 0.942598 	 4.142489
  403 	 0.884978 	 0.943731 	 4.142490
  404 	 0.230028 	 0.895042 	 0.937928
  405 	 0.107531 	 0.884168 	 0.917618
  406 	 0.107531 	 0.909862 	 2.299757
  407 	 0.890934 	 0.949293 	 3.201727
  408 	 0.399272 	 0.925682 	 3.201727
  409 	 0.293554 	 0.886260 	 0.912630
  410 	 0.103906 	 0.894482 	 1.655431
  411 	 0.041588 	 0.917871 	 2.006605
  412 	 0.537568 	 0.941395 	 3.239328
  413 	 0.452201 	 0.930256 	 4.058631
  414 	 0.290349 	 0.894991 	 1.347041
  415 	 0.234553 	 0.909447 	 1.522067
  416 	 0.644396 	 0.921384 	 2.019592
  417 	 0.579083 	 0.911481 	 2.276074
  418 	 0.449561 	 0.896483 	 1.177584
  419 	 0.403084 	 0.905771 	 1.275700
  420 	 0.723388 	 0.913120 	 1.528208
  421 	 0.675448 	 0.906188 	 1.645051
  422 	 0.577031 	 0.898051 	 1.077368
  423 	 0.540584 	 0.904115 	 1.136044
  424 	 0.779929 	 0.908948 	 1.279048
  425 	 0.745799 	 0.904255 	 1.341590
  426 	 0.673923 	 0.899383 	 1.015508
  427 	 0.646667 	 0.903372 	 1.051968
  428 	 0.819465 	 0.906616 	 1.138014
  429 	 0.795692 	 0.903469 	 1.174443
  430 	 0.744705 	 0.900412 	 0.976309
  431 	 0.725035 	 0.903046 	 0.999508
  432 	 0.518987 	 0.900433 	 1.053181
  433 	 0.518987 	 0.898331 	 1.075459
  434 	 0.519265 	 0.902344 	 1.381621
  435 	 0.781092 	 0.908892 	 1.381621
  436 	 0.630350 	 0.906958 	 1.381092
  437 	 0.630350 	 0.899570 	 1.014310
  438 	 0.630560 	 0.901967 	 1.197390
  439 	 0.820271 	 0.906533 	 1.197390
  440 	 0.713170 	 0.905151 	 1.197088
  441 	 0.713170 	 0.900534 	 0.975542
  442 	 0.713323 	 0.902022 	 1.089360
  443 	 0.847212 	 0.905162 	 1.089360
  444 	 0.772702 	 0.904197 	 1.089178
  445 	 0.772702 	 0.901243 	 0.950560
  446 	 0.772811 	 0.902189 	 1.023016
  447 	 0.865531 	 0.904326 	 1.023016
  448 	 0.814454 	 0.903663 	 1.022902
  449 	 0.814454 	 0.901747 	 0.934290
  450 	 0.814530 	 0.902358 	 0.981109
  451 	 0.877894 	 0.903801 	 0.981109
  452 	 0.843235 	 0.903351 	 0.981037
  453 	 0.843235 	 0.902097 	 0.923622
  454 	 0.843286 	 0.902496 	 0.954167
  455 	 0.886193 	 0.903465 	 0.954167
  456 	 0.107531 	 0.893221 	 0.954120
  457 	 0.826426 	 0.901382 	 0.916596
  458 	 0.130527 	 0.921681 	 3.201727
  459 	 0.891745 	 0.904084 	 0.969719
  460 	 0.293554 	 0.921420 	 2.982159
  461 	 0.851412 	 0.901857 	 0.911955
  462 	 0.313779 	 0.899326 	 2.006605
  463 	 0.280483 	 0.882409 	 0.946779
  464 	 0.280487 	 0.916244 	 1.928347
  465 	 0.868372 	 0.938020 	 2.060652
  466 	 0.468791 	 0.912485 	 2.060636
  467 	 0.441413 	 0.887776 	 0.931816
  468 	 0.441416 	 0.908620 	 1.484580
  469 	 0.879804 	 0.922877 	 1.547477
  470 	 0.107531 	 0.896711 	 1.547469
  471 	 0.570686 	 0.892048 	 0.921995
  472 	 0.570688 	 0.934159 	 3.201727
  473 	 0.887473 	 0.914995 	 1.289514
  474 	 0.293554 	 0.896778 	 1.289509
  475 	 0.669204 	 0.895276 	 0.915522
  476 	 0.669205 	 0.917813 	 2.006605
  477 	 0.892600 	 0.910472 	 1.144160
  478 	 0.452201 	 0.897837 	 1.144158
  479 	 0.741312 	 0.897623 	 0.911244
  480 	 0.741313 	 0.911122 	 1.522067
  481 	 0.518987 	 0.902931 	 1.056957
  482 	 0.107531 	 0.889098 	 1.056956
  483 	 0.792545 	 0.905267 	 1.381621
  484 	 0.792546 	 0.936489 	 3.201727
  485 	 0.630350 	 0.902605 	 1.002662
  486 	 0.293554 	 0.892468 	 1.002661
  487 	 0.706799 	 0.901664 	 1.197390
  488 	 0.659096 	 0.914173 	 2.006605
  489 	 0.659096 	 0.890538 	 1.096973
  490 	 0.452201 	 0.895380 	 1.157546
  491 	 0.659096 	 0.913304 	 1.157546
  492 	 0.734028 	 0.914316 	 1.522067
  493 	 0.734028 	 0.897392 	 1.157546
  494 	 0.579083 	 0.897249 	 1.065158
  495 	 0.734028 	 0.909292 	 1.065158
  496 	 0.787428 	 0.909737 	 1.275700
  497 	 0.787428 	 0.898920 	 1.065158
  498 	 0.675448 	 0.898822 	 1.007833
  499 	 0.787428 	 0.906910 	 1.007833
  500 	 0.824652 	 0.907133 	 1.136044
  501 	 0.824652 	 0.900100 	 1.007833
  502 	 0.745799 	 0.900028 	 0.971391
  503 	 0.824652 	 0.905449 	 0.971391
  504 	 0.659096 	 0.902524 	 1.051968
  505 	 0.659096 	 0.897911 	 0.971391
  506 	 0.795692 	 0.904088 	 1.157546
  507 	 0.850202 	 0.907713 	 1.157546
  508 	 0.734028 	 0.902491 	 0.999508
  509 	 0.734028 	 0.899449 	 0.947865
  510 	 0.830352 	 0.903550 	 1.065158
  511 	 0.867554 	 0.905970 	 1.065158
  512 	 0.130527 	 0.892888 	 0.966042
  513 	 0.130527 	 0.890878 	 0.932527
  514 	 0.854086 	 0.929251 	 2.982159
  515 	 0.879254 	 0.930864 	 2.982159
  516 	 0.313779 	 0.895247 	 0.944388
  517 	 0.313779 	 0.893916 	 0.922463
  518 	 0.870179 	 0.915913 	 1.928347
  519 	 0.887104 	 0.916987 	 1.928347
  520 	 0.468791 	 0.897246 	 0.930250
  521 	 0.468791 	 0.896363 	 0.915831
  522 	 0.881018 	 0.910268 	 1.484580
  523 	 0.892354 	 0.910983 	 1.484580
  524 	 0.591933 	 0.898832 	 0.920964
  525 	 0.591933 	 0.898246 	 0.911449
  526 	 0.888285 	 0.907340 	 1.255125
  527 	 0.280917 	 0.899985 	 1.255125
  528 	 0.684967 	 0.900030 	 0.914842
  529 	 0.684967 	 0.914136 	 2.058809
  530 	 0.893143 	 0.905662 	 1.123890
  531 	 0.107531 	 0.890236 	 1.123890
  532 	 0.752621 	 0.900900 	 0.910794
  533 	 0.752621 	 0.937455 	 3.201727
  534 	 0.896383 	 0.904645 	 1.044473
  535 	 0.293554 	 0.893066 	 1.044473
  536 	 0.800466 	 0.901515 	 0.908114
  537 	 0.800466 	 0.919988 	 2.006605
  538 	 0.898542 	 0.904008 	 0.994762
  539 	 0.452201 	 0.895581 	 0.994762
  540 	 0.833638 	 0.901941 	 0.906337
  541 	 0.036916 	 0.898757 	 1.522067
  542 	 0.899979 	 0.903601 	 0.962985
  543 	 0.579083 	 0.940064 	 4.137085
  544 	 0.856322 	 0.902232 	 0.905158
  545 	 0.230315 	 0.898420 	 1.275700
  546 	 0.900934 	 0.903337 	 0.942399
  547 	 0.675448 	 0.917992 	 2.298243
  548 	 0.871689 	 0.902429 	 0.904376
  549 	 0.107524 	 0.889074 	 1.136044
  550 	 0.901570 	 0.903164 	 0.928946
  551 	 0.745799 	 0.939369 	 3.201801
  552 	 0.882032 	 0.902562 	 0.903857
  553 	 0.293548 	 0.887422 	 1.051968
  554 	 0.518987 	 0.898253 	 0.920106
  555 	 0.795692 	 0.927063 	 2.006630
  556 	 0.888963 	 0.908636 	 1.381621
  557 	 0.452196 	 0.891574 	 0.999508
  558 	 0.630350 	 0.899570 	 0.914274
  559 	 0.830352 	 0.916939 	 1.522079
  560 	 0.518987 	 0.901595 	 1.197390
  561 	 0.579079 	 0.894829 	 0.966042
  562 	 0.713170 	 0.906541 	 1.381621
  563 	 0.854086 	 0.911500 	 1.275706
  564 	 0.630350 	 0.901676 	 1.089360
  565 	 0.036601 	 0.886430 	 0.944388
  566 	 0.772702 	 0.904949 	 1.197390
  567 	 0.870179 	 0.948813 	 4.142490
  568 	 0.713170 	 0.901908 	 1.023016
  569 	 0.230028 	 0.890595 	 0.930250
  570 	 0.814454 	 0.904099 	 1.089360
  571 	 0.881018 	 0.923826 	 2.299757
  572 	 0.772702 	 0.902146 	 0.981109
  573 	 0.399272 	 0.893937 	 0.920964
  574 	 0.843235 	 0.903615 	 1.023016
  575 	 0.888285 	 0.914539 	 1.655431
  576 	 0.041588 	 0.891577 	 0.954167
  577 	 0.537568 	 0.896512 	 0.914842
  578 	 0.862837 	 0.942774 	 4.058631
  579 	 0.893143 	 0.909891 	 1.347041
  580 	 0.234553 	 0.894138 	 0.936647
  581 	 0.644396 	 0.898423 	 0.910794
  582 	 0.876081 	 0.920315 	 2.276074
  583 	 0.896383 	 0.907258 	 1.177584
  584 	 0.403084 	 0.896351 	 0.925171
  585 	 0.723388 	 0.899800 	 0.908114
  586 	 0.884978 	 0.912315 	 1.645051
  587 	 0.898542 	 0.905668 	 1.077368
  588 	 0.540584 	 0.898145 	 0.917618
  589 	 0.779929 	 0.900768 	 0.906337
  590 	 0.890934 	 0.908450 	 1.341590
  591 	 0.899979 	 0.904672 	 1.015508
  592 	 0.646667 	 0.899522 	 0.912630
  593 	 0.819465 	 0.901437 	 0.905158
  594 	 0.894910 	 0.906314 	 1.174443
  595 	 0.900934 	 0.904036 	 0.976309
  596 	 0.725035 	 0.900536 	 0.909330
  597 	 0.846661 	 0.901894 	 0.904376
  598 	 0.897561 	 0.905046 	 1.075459
  599 	 0.901570 	 0.903623 	 0.951057
  600 	 0.781092 	 0.901260 	 0.907144
  601 	 0.865159 	 0.902203 	 0.903857
  602 	 0.899326 	 0.904262 	 1.014310
  603 	 0.901992 	 0.903353 	 0.934615
  604 	 0.820271 	 0.901766 	 0.905694
  605 	 0.877643 	 0.902411 	 0.903512
  606 	 0.900500 	 0.903764 	 0.975542
  607 	 0.902273 	 0.903176 	 0.923836
  608 	 0.847212 	 0.902113 	 0.904731
  609 	 0.886025 	 0.902551 	 0.903283
  610 	 0.901281 	 0.903443 	 0.950560
  611 	 0.902460 	 0.903059 	 0.916737
  612 	 0.865531 	 0.902349 	 0.904093
  613 	 0.891633 	 0.902644 	 0.903130
  614 	 0.659096 	 0.900187 	 0.934290
  615 	 0.902584 	 0.902981 	 0.912048
  616 	 0.877894 	 0.905692 	 1.157546
  617 	 0.895377 	 0.902706 	 0.903029
  618 	 0.364162 	 0.894253 	 0.923622
  619 	 0.902666 	 0.902930 	 0.908945
  620 	 0.107517 	 0.905400 	 1.757585
  621 	 0.897872 	 0.902747 	 0.902962
  622 	 0.509584 	 0.925376 	 3.201877
  623 	 0.902721 	 0.902896 	 0.906888
  624 	 0.293541 	 0.897806 	 1.399807
  625 	 0.899533 	 0.902775 	 0.902917
  626 	 0.623205 	 0.918250 	 2.006657
  627 	 0.902757 	 0.902874 	 0.905524
  628 	 0.452191 	 0.898369 	 1.207721
  629 	 0.900638 	 0.902793 	 0.902888
  630 	 0.707954 	 0.911231 	 1.522091
  631 	 0.902781 	 0.902859 	 0.904619
  632 	 0.579075 	 0.899324 	 1.095585
  633 	 0.901373 	 0.902805 	 0.902868
  634 	 0.769003 	 0.907757 	 1.275713
  635 	 0.902797 	 0.902849 	 0.904018
  636 	 0.675441 	 0.900243 	 1.026902
  637 	 0.901861 	 0.902813 	 0.902855
  638 	 0.107531 	 0.895906 	 1.136052
  639 	 0.902808 	 0.902842 	 0.903619
  640 	 0.745795 	 0.929726 	 3.201727
  641 	 0.826426 	 0.901863 	 0.902846
  642 	 0.293554 	 0.896159 	 1.051973
  643 	 0.902815 	 0.903674 	 0.969719
  644 	 0.795689 	 0.916185 	 2.006605
  645 	 0.851412 	 0.902179 	 0.902841
  646 	 0.452201 	 0.897772 	 0.999511
  647 	 0.902820 	 0.903384 	 0.946779
  648 	 0.830350 	 0.910245 	 1.522067
  649 	 0.868372 	 0.902394 	 0.902837
  650 	 0.579083 	 0.899142 	 0.966044
  651 	 0.902823 	 0.903195 	 0.931816
  652 	 0.854085 	 0.907260 	 1.275700
  653 	 0.879804 	 0.902538 	 0.902834
  654 	 0.675448 	 0.900216 	 0.944389
  655 	 0.902825 	 0.903071 	 0.921995
  656 	 0.870178 	 0.905585 	 1.136044
  657 	 0.887473 	 0.902635 	 0.902832
  658 	 0.745799 	 0.901014 	 0.930251
  659 	 0.902826 	 0.902989 	 0.915522
  660 	 0.881017 	 0.904585 	 1.051968
  661 	 0.706799 	 0.900249 	 0.902831
  662 	 0.364162 	 0.894853 	 0.920965
  663 	 0.826426 	 0.904407 	 1.096973
  664 	 0.036603 	 0.902640 	 1.757585
  665 	 0.768183 	 0.898076 	 0.969719
  666 	 0.509584 	 0.935585 	 4.142443
  667 	 0.851412 	 0.907163 	 1.027767
  668 	 0.230031 	 0.903109 	 1.399807
  669 	 0.811315 	 0.899607 	 0.946779
  670 	 0.623205 	 0.914894 	 2.299744
  671 	 0.868372 	 0.905659 	 0.984141
  672 	 0.399274 	 0.901973 	 1.207721
  673 	 0.841085 	 0.900659 	 0.931816
  674 	 0.707954 	 0.908526 	 1.655425
  675 	 0.879804 	 0.904688 	 0.956128
  676 	 0.537569 	 0.901746 	 1.095585
  677 	 0.861380 	 0.901374 	 0.921995
  678 	 0.769003 	 0.905857 	 1.347038
  679 	 0.887473 	 0.904055 	 0.937928
  680 	 0.644397 	 0.899409 	 1.026902
  681 	 0.875099 	 0.901857 	 0.915522
  682 	 0.811885 	 0.906985 	 1.177583
  683 	 0.892600 	 0.903639 	 0.926013
  684 	 0.723389 	 0.900382 	 0.983589
  685 	 0.884320 	 0.902180 	 0.911244
  686 	 0.841475 	 0.905427 	 1.077367
  687 	 0.896021 	 0.903366 	 0.918173
  688 	 0.779929 	 0.901122 	 0.955771
  689 	 0.890494 	 0.902397 	 0.908412
  690 	 0.861644 	 0.904487 	 1.015507
  691 	 0.898301 	 0.903185 	 0.912997
  692 	 0.518987 	 0.896860 	 0.937695
  693 	 0.518987 	 0.892945 	 0.906535
  694 	 0.518987 	 0.905089 	 1.381621
  695 	 0.899818 	 0.915035 	 1.381621
  696 	 0.630350 	 0.902162 	 1.381621
  697 	 0.630350 	 0.890925 	 0.905290
  698 	 0.528089 	 0.894556 	 1.197390
  699 	 0.706799 	 0.907840 	 1.197390
  700 	 0.706799 	 0.912024 	 1.364463
  701 	 0.706799 	 0.899427 	 1.096973
  702 	 0.637242 	 0.899130 	 1.096973
  703 	 0.768183 	 0.908090 	 1.096973
  704 	 0.768183 	 0.908290 	 1.187589
  705 	 0.768183 	 0.900208 	 1.027767
  706 	 0.718190 	 0.900030 	 1.027767
  707 	 0.811315 	 0.906061 	 1.027767
  708 	 0.811315 	 0.906188 	 1.083435
  709 	 0.811315 	 0.900927 	 0.984141
  710 	 0.776256 	 0.900816 	 0.984141
  711 	 0.841085 	 0.904863 	 0.984141
  712 	 0.841085 	 0.904946 	 1.019310
  713 	 0.841085 	 0.901494 	 0.956128
  714 	 0.816920 	 0.901422 	 0.956128
  715 	 0.283786 	 0.895954 	 0.956128
  716 	 0.861380 	 0.904186 	 0.978742
  717 	 0.861380 	 0.916556 	 2.046721
  718 	 0.844922 	 0.901864 	 0.937928
  719 	 0.444144 	 0.897649 	 0.937928
  720 	 0.875099 	 0.903709 	 0.952633
  721 	 0.875099 	 0.910413 	 1.540964
  722 	 0.863980 	 0.902174 	 0.926013
  723 	 0.572815 	 0.899063 	 0.926013
  724 	 0.884320 	 0.903404 	 0.935646
  725 	 0.884320 	 0.907352 	 1.285983
  726 	 0.876850 	 0.902388 	 0.918173
  727 	 0.670788 	 0.900163 	 0.918173
  728 	 0.890494 	 0.903207 	 0.924513
  729 	 0.890494 	 0.905640 	 1.142089
  730 	 0.885494 	 0.902533 	 0.912997
  731 	 0.742452 	 0.900978 	 0.912997
  732 	 0.894617 	 0.903078 	 0.917184
  733 	 0.894617 	 0.904619 	 1.055685
  734 	 0.891278 	 0.902631 	 0.909573
  735 	 0.793345 	 0.901562 	 0.909573
  736 	 0.897365 	 0.902994 	 0.912343
  737 	 0.897365 	 0.903986 	 1.001858
  738 	 0.895140 	 0.902697 	 0.907305
  739 	 0.828735 	 0.901970 	 0.907305
  740 	 0.036601 	 0.892110 	 0.909140
  741 	 0.899196 	 0.903584 	 0.967553
  742 	 0.897714 	 0.943237 	 4.142490
  743 	 0.852985 	 0.902251 	 0.905800
  744 	 0.230028 	 0.894491 	 0.907018
  745 	 0.900414 	 0.903325 	 0.945371
  746 	 0.899428 	 0.920232 	 2.299757
  747 	 0.869436 	 0.902441 	 0.904802
  748 	 0.399272 	 0.896583 	 0.905610
  749 	 0.901224 	 0.903156 	 0.930894
  750 	 0.900568 	 0.912198 	 1.655431
  751 	 0.880518 	 0.902570 	 0.904140
  752 	 0.537568 	 0.898295 	 0.904676
  753 	 0.901762 	 0.903045 	 0.921388
  754 	 0.901326 	 0.908356 	 1.347041
  755 	 0.887951 	 0.902656 	 0.903700
  756 	 0.644396 	 0.899620 	 0.904056
  757 	 0.902120 	 0.902972 	 0.915122
  758 	 0.901830 	 0.906246 	 1.177584
  759 	 0.892919 	 0.902714 	 0.903407
  760 	 0.723388 	 0.900600 	 0.903644
  761 	 0.826426 	 0.901969 	 0.910979
  762 	 0.902165 	 0.904999 	 1.077368
  763 	 0.896234 	 0.903589 	 0.969719
  764 	 0.779929 	 0.901302 	 0.903370
  765 	 0.851412 	 0.902249 	 0.908237
  766 	 0.902388 	 0.904230 	 1.015508
  767 	 0.898443 	 0.903327 	 0.946779
  768 	 0.819465 	 0.901793 	 0.903189
  769 	 0.868372 	 0.902440 	 0.906419
  770 	 0.902536 	 0.903743 	 0.976309
  771 	 0.899913 	 0.903158 	 0.931816
  772 	 0.846661 	 0.902131 	 0.903068
  773 	 0.879804 	 0.902569 	 0.905213
  774 	 0.902634 	 0.903429 	 0.951057
  775 	 0.900891 	 0.903046 	 0.921995
  776 	 0.659096 	 0.899314 	 0.902988
  777 	 0.887473 	 0.902656 	 0.904412
  778 	 0.902700 	 0.906408 	 1.157546
  779 	 0.901541 	 0.902973 	 0.915522
  780 	 0.734028 	 0.900406 	 0.902935
  781 	 0.892600 	 0.902713 	 0.903880
  782 	 0.902743 	 0.905119 	 1.065158
  783 	 0.901973 	 0.902924 	 0.911244
  784 	 0.787428 	 0.901178 	 0.902899
  785 	 0.896021 	 0.902752 	 0.903527
  786 	 0.659096 	 0.901268 	 1.007833
  787 	 0.659096 	 0.899846 	 0.908412
  788 	 0.107531 	 0.881968 	 1.157546
  789 	 0.898301 	 0.905962 	 1.157546
  790 	 0.734028 	 0.962347 	 3.201727
  791 	 0.734028 	 0.900761 	 0.906535
  792 	 0.293554 	 0.886766 	 1.065158
  793 	 0.899818 	 0.904824 	 1.065158
  794 	 0.787428 	 0.931649 	 2.006605
  795 	 0.787428 	 0.901414 	 0.905290
  796 	 0.452201 	 0.886133 	 1.007833
  797 	 0.518987 	 0.899321 	 1.007833
  798 	 0.824652 	 0.925052 	 1.522067
  799 	 0.824652 	 0.907855 	 1.381621
  800 	 0.579083 	 0.890874 	 0.971391
  801 	 0.630350 	 0.900265 	 0.971391
  802 	 0.850202 	 0.916311 	 1.275700
  803 	 0.850202 	 0.905866 	 1.197390
  804 	 0.675448 	 0.894455 	 0.947865
  805 	 0.713170 	 0.901011 	 0.947865
  806 	 0.867554 	 0.911298 	 1.136044
  807 	 0.867554 	 0.904728 	 1.089360
  808 	 0.745799 	 0.897058 	 0.932527
  809 	 0.772702 	 0.901567 	 0.932527
  810 	 0.879254 	 0.908259 	 1.051968
  811 	 0.879254 	 0.904042 	 1.023016
  812 	 0.706799 	 0.896447 	 0.922463
  813 	 0.130527 	 0.890274 	 0.922463
  814 	 0.706799 	 0.906331 	 1.096973
  815 	 0.887104 	 0.931941 	 2.982159
  816 	 0.768183 	 0.900916 	 1.096973
  817 	 0.313779 	 0.893447 	 0.915831
  818 	 0.768183 	 0.905015 	 1.027767
  819 	 0.892354 	 0.917627 	 1.928347
  820 	 0.706799 	 0.899011 	 1.027767
  821 	 0.468791 	 0.893568 	 0.911449
  822 	 0.811315 	 0.906647 	 1.096973
  823 	 0.895858 	 0.913804 	 1.484580
  824 	 0.041588 	 0.889430 	 0.984141
  825 	 0.591933 	 0.896319 	 0.908548
  826 	 0.107531 	 0.934794 	 4.058631
  827 	 0.107531 	 0.899685 	 1.255125
  828 	 0.234553 	 0.921418 	 3.201727
  829 	 0.280487 	 0.919285 	 3.201727
  830 	 0.293554 	 0.913979 	 2.276074
  831 	 0.293554 	 0.914011 	 2.060636
  832 	 0.403084 	 0.909168 	 2.006605
  833 	 0.441416 	 0.907784 	 2.006605
  834 	 0.452201 	 0.907523 	 1.645051
  835 	 0.452201 	 0.908051 	 1.547469
  836 	 0.540584 	 0.905227 	 1.522067
  837 	 0.570688 	 0.904336 	 1.522067
  838 	 0.579083 	 0.904957 	 1.341590
  839 	 0.280487 	 0.897662 	 1.289509
  840 	 0.280487 	 0.895964 	 1.275700
  841 	 0.669205 	 0.917641 	 2.060636
  842 	 0.675448 	 0.918311 	 2.060636
  843 	 0.441416 	 0.898435 	 1.144158
  844 	 0.441416 	 0.897390 	 1.136044
  845 	 0.741313 	 0.910844 	 1.547469
  846 	 0.041588 	 0.900618 	 1.547469
  847 	 0.570688 	 0.899432 	 1.056956
  848 	 0.570688 	 0.938225 	 4.058631
  849 	 0.792546 	 0.907521 	 1.289509
  850 	 0.234553 	 0.896517 	 1.289509
  851 	 0.669205 	 0.900340 	 1.002661
  852 	 0.659096 	 0.917227 	 2.276074
  853 	 0.659096 	 0.902656 	 1.144158
  854 	 0.403084 	 0.900808 	 1.157546
  855 	 0.741313 	 0.904250 	 1.157546
  856 	 0.734028 	 0.909995 	 1.645051
  857 	 0.036601 	 0.891701 	 1.056956
  858 	 0.540584 	 0.900890 	 1.065158
  859 	 0.792546 	 0.944132 	 4.142490
  860 	 0.787428 	 0.906787 	 1.341590
  861 	 0.230028 	 0.894138 	 1.002661
  862 	 0.646667 	 0.901254 	 1.007833
  863 	 0.828184 	 0.920768 	 2.299757
  864 	 0.824652 	 0.905155 	 1.174443
  865 	 0.036601 	 0.885483 	 0.968069
  866 	 0.725035 	 0.901647 	 0.971391
  867 	 0.852610 	 0.953024 	 4.142490
  868 	 0.850202 	 0.904252 	 1.075459
  869 	 0.230028 	 0.889689 	 0.945707
  870 	 0.781092 	 0.901981 	 0.947865
  871 	 0.869182 	 0.926026 	 2.299757
  872 	 0.867554 	 0.903723 	 1.014310
  873 	 0.399272 	 0.893188 	 0.931114
  874 	 0.820271 	 0.902237 	 0.932527
  875 	 0.880348 	 0.915787 	 1.655431
  876 	 0.280487 	 0.895622 	 0.975542
  877 	 0.537568 	 0.895940 	 0.921533
  878 	 0.847212 	 0.916896 	 2.060636
  879 	 0.887837 	 0.910639 	 1.347041
  880 	 0.441416 	 0.897432 	 0.950560
  881 	 0.364162 	 0.886476 	 0.915217
  882 	 0.865531 	 0.910612 	 1.547469
  883 	 0.107531 	 0.914449 	 1.757585
  884 	 0.570688 	 0.898920 	 0.934290
  885 	 0.509584 	 0.919922 	 3.201727
  886 	 0.130527 	 0.893025 	 1.289509
  887 	 0.293554 	 0.903497 	 1.399807
  888 	 0.669205 	 0.932044 	 2.982159
  889 	 0.623205 	 0.914466 	 2.006605
  890 	 0.313779 	 0.894952 	 1.144158
  891 	 0.452201 	 0.898953 	 1.207721
  892 	 0.659096 	 0.914369 	 1.928347
  893 	 0.707954 	 0.911828 	 1.522067
  894 	 0.468791 	 0.900060 	 1.157546
  895 	 0.579083 	 0.899565 	 1.095585
  896 	 0.734028 	 0.909013 	 1.484580
  897 	 0.769003 	 0.908033 	 1.275700
  898 	 0.591933 	 0.900538 	 1.065158
  899 	 0.675448 	 0.900335 	 1.026902
  900 	 0.787428 	 0.906405 	 1.255125
  901 	 0.811885 	 0.905980 	 1.136044
  902 	 0.684967 	 0.901092 	 1.007833
  903 	 0.745799 	 0.901022 	 0.983589
  904 	 0.824652 	 0.904996 	 1.123890
  905 	 0.841475 	 0.904796 	 1.051968
  906 	 0.280594 	 0.893783 	 0.971391
  907 	 0.795692 	 0.901559 	 0.955771
  908 	 0.850202 	 0.918661 	 2.060181
  909 	 0.861644 	 0.904082 	 0.999508
  910 	 0.441505 	 0.896174 	 0.947865
  911 	 0.830352 	 0.901954 	 0.937695
  912 	 0.867554 	 0.911755 	 1.547257
  913 	 0.875277 	 0.903639 	 0.966042
  914 	 0.570758 	 0.898067 	 0.932527
  915 	 0.854086 	 0.902234 	 0.925860
  916 	 0.879254 	 0.908224 	 1.289394
  917 	 0.884439 	 0.903357 	 0.944388
  918 	 0.669257 	 0.899494 	 0.922463
  919 	 0.870179 	 0.902427 	 0.918072
  920 	 0.887104 	 0.906212 	 1.144090
  921 	 0.890573 	 0.903175 	 0.930250
  922 	 0.041588 	 0.881986 	 0.915831
  923 	 0.881018 	 0.902559 	 0.912930
  924 	 0.892354 	 0.958916 	 4.058631
  925 	 0.894670 	 0.903057 	 0.920964
  926 	 0.234553 	 0.887142 	 0.911449
  927 	 0.888285 	 0.902649 	 0.909529
  928 	 0.895858 	 0.929459 	 2.276074
  929 	 0.518987 	 0.898182 	 0.914842
  930 	 0.403084 	 0.891372 	 0.908548
  931 	 0.893143 	 0.908694 	 1.381621
  932 	 0.898192 	 0.917861 	 1.645051
  933 	 0.630350 	 0.899523 	 0.910794
  934 	 0.540584 	 0.894669 	 0.906625
  935 	 0.896383 	 0.906431 	 1.197390
  936 	 0.899746 	 0.911936 	 1.341590
  937 	 0.713170 	 0.900525 	 0.908114
  938 	 0.646667 	 0.894085 	 0.905349
  939 	 0.898542 	 0.905107 	 1.089360
  940 	 0.900780 	 0.911734 	 1.174443
  941 	 0.772702 	 0.901246 	 0.906337
  942 	 0.725035 	 0.896800 	 0.904503
  943 	 0.899979 	 0.904296 	 1.023016
  944 	 0.901467 	 0.908528 	 1.075459
  945 	 0.814454 	 0.901754 	 0.905158
  946 	 0.781092 	 0.898720 	 0.903941
  947 	 0.900934 	 0.903784 	 0.981109
  948 	 0.901924 	 0.906526 	 1.014310
  949 	 0.843235 	 0.902104 	 0.904376
  950 	 0.820271 	 0.900051 	 0.903568
  951 	 0.901570 	 0.903455 	 0.954167
  952 	 0.902228 	 0.905247 	 0.975542
  953 	 0.862837 	 0.902342 	 0.903857
  954 	 0.847212 	 0.900961 	 0.903320
  955 	 0.901992 	 0.903241 	 0.936647
  956 	 0.107536 	 0.894474 	 0.950560
  957 	 0.876081 	 0.902503 	 0.903512
  958 	 0.518987 	 0.925520 	 3.201674
  959 	 0.518987 	 0.898303 	 0.925171
  960 	 0.293559 	 0.893075 	 0.934290
  961 	 0.884978 	 0.908597 	 1.381621
  962 	 0.877894 	 0.919164 	 2.006586
  963 	 0.630350 	 0.899603 	 0.917618
  964 	 0.041588 	 0.884913 	 0.923622
  965 	 0.890934 	 0.906366 	 1.197390
  966 	 0.886193 	 0.951605 	 4.058631
  967 	 0.713170 	 0.900578 	 0.912630
  968 	 0.234553 	 0.889375 	 0.916596
  969 	 0.130527 	 0.895410 	 1.089360
  970 	 0.130527 	 0.906362 	 2.276074
  971 	 0.130527 	 0.907966 	 2.982159
  972 	 0.403084 	 0.945002 	 2.982159
  973 	 0.313779 	 0.948887 	 2.982159
  974 	 0.313779 	 0.900953 	 1.645051
  975 	 0.313779 	 0.899870 	 1.928347
  976 	 0.540584 	 0.921487 	 1.928347
  977 	 0.468791 	 0.923977 	 1.928347
  978 	 0.468791 	 0.899756 	 1.341590
  979 	 0.468791 	 0.898540 	 1.484580
  980 	 0.519015 	 0.907704 	 1.484580
  981 	 0.518987 	 0.909302 	 1.484580
  982 	 0.591933 	 0.905927 	 1.381568
  983 	 0.591933 	 0.904969 	 1.381621
  984 	 0.630371 	 0.904881 	 1.255125
  985 	 0.630350 	 0.905911 	 1.255125
  986 	 0.684967 	 0.904199 	 1.197360
  987 	 0.684967 	 0.903509 	 1.197390
  988 	 0.713185 	 0.903706 	 1.123890
  989 	 0.713170 	 0.904374 	 1.123890
  990 	 0.752621 	 0.903442 	 1.089342
  991 	 0.518987 	 0.898165 	 1.089360
  992 	 0.772713 	 0.903205 	 1.044473
  993 	 0.772702 	 0.909625 	 1.381621
  994 	 0.800466 	 0.903106 	 1.023004
  995 	 0.630350 	 0.899374 	 1.023016
  996 	 0.814462 	 0.902989 	 0.994762
  997 	 0.814454 	 0.906957 	 1.197390
  998 	 0.833638 	 0.902955 	 0.981102
  999 	 0.713170 	 0.900365 	 0.981109
 