   0 	 -1.000000 	 -0.037045 	 0.500000
    1 	 -1.000000 	 -0.044468 	 -0.009259
    2 	 -1.000000 	 0.222915 	 10.000000
    3 	 0.018182 	 0.214066 	 10.000000
    4 	 -1.000000 	 0.177148 	 10.000000
    5 	 -1.000000 	 0.047522 	 1.000000
    6 	 0.013333 	 0.048034 	 0.500000
    7 	 0.015873 	 0.091321 	 1.000000
    8 	 0.071429 	 0.196789 	 1.000000
    9 	 -1.000000 	 0.042876 	 10.000000
   10 	 0.007143 	 0.034520 	 0.500000
   11 	 0.007042 	 0.034411 	 0.500000
   12 	 0.007143 	 0.034520 	 0.500000
   13 	 0.007042 	 0.033192 	 0.500000
   14 	 0.006579 	 0.033157 	 0.500000
   15 	 0.006944 	 0.034215 	 0.500000
   16 	 0.007042 	 0.034323 	 0.500000
   17 	 0.007143 	 0.034520 	 0.500000
   18 	 0.007143 	 0.034520 	 0.500000
   19 	 0.007143 	 0.034520 	 0.500000
   20 	 0.007143 	 0.034520 	 0.500000
   21 	 0.007143 	 0.034520 	 0.500000
   22 	 0.007143 	 0.034520 	 0.500000
   23 	 0.007143 	 0.034520 	 0.500000
   24 	 0.007143 	 0.034520 	 0.500000
   25 	 0.007092 	 0.034506 	 0.500000
   26 	 0.007092 	 0.033951 	 0.500000
   27 	 0.006944 	 0.034072 	 0.500000
   28 	 0.007042 	 0.033854 	 0.500000
   29 	 0.007042 	 0.034391 	 0.500000
   30 	 0.007092 	 0.034407 	 0.500000
   31 	 0.007143 	 0.034520 	 0.500000
   32 	 0.007143 	 0.034520 	 0.500000
   33 	 0.007143 	 0.034520 	 0.500000
   34 	 0.007092 	 0.032568 	 0.500000
   35 	 0.006803 	 0.032182 	 0.500000
   36 	 0.006757 	 0.033638 	 0.500000
   37 	 0.006993 	 0.034576 	 0.500000
   38 	 0.007143 	 0.034485 	 0.500000
   39 	 0.007143 	 0.034520 	 0.500000
   40 	 0.007143 	 0.034520 	 0.500000
   41 	 0.007143 	 0.034520 	 0.500000
   42 	 0.007143 	 0.034520 	 0.500000
   43 	 0.007143 	 0.034520 	 0.500000
   44 	 0.007143 	 0.034520 	 0.500000
   45 	 0.007143 	 0.034520 	 0.500000
   46 	 0.007143 	 0.034520 	 0.500000
   47 	 0.007143 	 0.034520 	 0.500000
   48 	 0.007143 	 0.034520 	 0.500000
   49 	 0.007143 	 0.034520 	 0.500000
   50 	 0.007143 	 0.034520 	 0.500000
   51 	 0.007143 	 0.034520 	 0.500000
   52 	 0.007143 	 0.034520 	 0.500000
   53 	 0.007143 	 0.034520 	 0.500000
   54 	 0.007143 	 0.034520 	 0.500000
   55 	 0.007353 	 0.034741 	 0.500000
   56 	 0.007143 	 0.034520 	 0.500000
   57 	 0.007407 	 0.034729 	 0.500000
   58 	 0.007143 	 0.034520 	 0.500000
   59 	 0.007143 	 0.034520 	 0.500000
   60 	 0.007194 	 0.034558 	 0.500000
   61 	 0.007143 	 0.034520 	 0.500000
   62 	 0.007143 	 0.034520 	 0.500000
   63 	 0.007143 	 0.034520 	 0.500000
   64 	 0.007143 	 0.034520 	 0.500000
   65 	 0.007143 	 0.034520 	 0.500000
   66 	 0.007143 	 0.034520 	 0.500000
   67 	 0.007143 	 0.034520 	 0.500000
   68 	 0.007143 	 0.034520 	 0.500000
   69 	 0.007143 	 0.034520 	 0.500000
   70 	 0.007143 	 0.034520 	 0.500000
   71 	 0.007143 	 0.034520 	 0.500000
   72 	 0.007143 	 0.034520 	 0.500000
   73 	 0.007143 	 0.034520 	 0.500000
   74 	 0.007143 	 0.034520 	 0.500000
   75 	 0.007143 	 0.034520 	 0.500000
   76 	 0.007143 	 0.034520 	 0.500000
   77 	 0.007143 	 0.034520 	 0.500000
   78 	 0.006993 	 0.033795 	 0.500000
   79 	 0.006993 	 0.034391 	 0.500000
   80 	 0.006993 	 0.034328 	 0.500000
   81 	 0.006993 	 0.034246 	 0.500000
   82 	 0.006993 	 0.034444 	 0.500000
   83 	 0.007143 	 0.034520 	 0.500000
   84 	 0.007143 	 0.034520 	 0.500000
   85 	 0.007143 	 0.034520 	 0.500000
   86 	 0.007143 	 0.034520 	 0.500000
   87 	 0.007143 	 0.034520 	 0.500000
   88 	 0.007353 	 0.034572 	 0.500000
   89 	 0.007143 	 0.034520 	 0.500000
   90 	 0.007143 	 0.034520 	 0.500000
   91 	 0.007143 	 0.034520 	 0.500000
   92 	 0.007143 	 0.034520 	 0.500000
   93 	 0.007143 	 0.034520 	 0.500000
   94 	 0.007143 	 0.034520 	 0.500000
   95 	 0.007143 	 0.034520 	 0.500000
   96 	 0.007143 	 0.034520 	 0.500000
   97 	 0.007143 	 0.034520 	 0.500000
   98 	 0.007092 	 0.034507 	 0.500000
   99 	 0.007143 	 0.034520 	 0.500000
  100 	 0.007143 	 0.034520 	 0.500000
  101 	 0.007143 	 0.034520 	 0.500000
  102 	 0.007092 	 0.034503 	 0.500000
  103 	 0.007143 	 0.034520 	 0.500000
  104 	 0.007042 	 0.034145 	 0.500000
  105 	 0.006757 	 0.033062 	 0.500000
  106 	 0.006757 	 0.034361 	 0.500000
  107 	 0.007143 	 0.034520 	 0.500000
  108 	 0.007143 	 0.034520 	 0.500000
  109 	 0.007143 	 0.034520 	 0.500000
  110 	 0.007042 	 0.033907 	 0.500000
  111 	 0.007042 	 0.034356 	 0.500000
  112 	 0.007092 	 0.036944 	 0.500000
  113 	 0.007752 	 0.035448 	 0.500000
  114 	 0.007299 	 0.034804 	 0.500000
  115 	 0.007246 	 0.034575 	 0.500000
  116 	 0.007143 	 0.034520 	 0.500000
  117 	 0.007143 	 0.034520 	 0.500000
  118 	 0.007143 	 0.034520 	 0.500000
  119 	 0.007143 	 0.034520 	 0.500000
  120 	 0.007143 	 0.034520 	 0.500000
  121 	 0.007246 	 0.034500 	 0.500000
  122 	 0.007299 	 0.034572 	 0.500000
  123 	 0.007143 	 0.034520 	 0.500000
  124 	 0.007143 	 0.034520 	 0.500000
  125 	 0.007407 	 0.035613 	 0.500000
  126 	 0.007407 	 0.034816 	 0.500000
  127 	 0.007194 	 0.035562 	 0.500000
  128 	 0.007246 	 0.034609 	 0.500000
  129 	 0.007194 	 0.034720 	 0.500000
  130 	 0.007407 	 0.034687 	 0.500000
  131 	 0.007092 	 0.034516 	 0.500000
  132 	 0.007143 	 0.034520 	 0.500000
  133 	 0.007143 	 0.034520 	 0.500000
  134 	 0.007143 	 0.034520 	 0.500000
  135 	 0.007143 	 0.034610 	 0.500000
  136 	 0.007143 	 0.034520 	 0.500000
  137 	 0.007143 	 0.034520 	 0.500000
  138 	 0.007143 	 0.034520 	 0.500000
  139 	 0.007143 	 0.034520 	 0.500000
  140 	 0.007143 	 0.034520 	 0.500000
  141 	 0.007143 	 0.034520 	 0.500000
  142 	 0.007143 	 0.034520 	 0.500000
  143 	 0.007143 	 0.034520 	 0.500000
  144 	 0.007092 	 0.034407 	 0.500000
  145 	 0.007143 	 0.034520 	 0.500000
  146 	 0.007143 	 0.034520 	 0.500000
  147 	 0.007143 	 0.034520 	 0.500000
  148 	 0.007143 	 0.034520 	 0.500000
  149 	 0.007143 	 0.034520 	 0.500000
  150 	 0.007143 	 0.034520 	 0.500000
  151 	 0.007143 	 0.034520 	 0.500000
  152 	 0.007143 	 0.034520 	 0.500000
  153 	 0.007143 	 0.034520 	 0.500000
  154 	 0.007092 	 0.034491 	 0.500000
  155 	 0.007143 	 0.034520 	 0.500000
  156 	 0.006993 	 0.034490 	 0.500000
  157 	 0.007143 	 0.034520 	 0.500000
  158 	 0.007143 	 0.034520 	 0.500000
  159 	 0.007143 	 0.034520 	 0.500000
  160 	 0.007143 	 0.034520 	 0.500000
  161 	 0.007143 	 0.034520 	 0.500000
  162 	 0.007353 	 0.035087 	 0.500000
  163 	 0.007143 	 0.034520 	 0.500000
  164 	 0.007092 	 0.034420 	 0.500000
  165 	 0.007092 	 0.034437 	 0.500000
  166 	 0.007143 	 0.034520 	 0.500000
  167 	 0.007143 	 0.034520 	 0.500000
  168 	 0.007143 	 0.034520 	 0.500000
  169 	 0.007143 	 0.034520 	 0.500000
  170 	 0.007143 	 0.034520 	 0.500000
  171 	 0.006993 	 0.033583 	 0.500000
  172 	 0.006579 	 0.034085 	 0.500000
  173 	 0.007143 	 0.034520 	 0.500000
  174 	 0.007143 	 0.034520 	 0.500000
  175 	 0.007143 	 0.034520 	 0.500000
  176 	 0.007143 	 0.034520 	 0.500000
  177 	 0.007143 	 0.034520 	 0.500000
  178 	 0.007143 	 0.034520 	 0.500000
  179 	 0.007143 	 0.034520 	 0.500000
  180 	 0.007143 	 0.034520 	 0.500000
  181 	 0.007143 	 0.034520 	 0.500000
  182 	 0.007143 	 0.034520 	 0.500000
  183 	 0.007143 	 0.034520 	 0.500000
  184 	 0.007092 	 0.034432 	 0.500000
  185 	 0.007042 	 0.034209 	 0.500000
  186 	 0.007092 	 0.034407 	 0.500000
  187 	 0.006897 	 0.033831 	 0.500000
  188 	 0.006993 	 0.034205 	 0.500000
  189 	 0.006897 	 0.033797 	 0.500000
  190 	 0.006993 	 0.033843 	 0.500000
  191 	 0.006993 	 0.033919 	 0.500000
  192 	 0.006944 	 0.034265 	 0.500000
  193 	 0.007092 	 0.034471 	 0.500000
  194 	 0.007143 	 0.034520 	 0.500000
  195 	 0.007143 	 0.034520 	 0.500000
  196 	 0.007194 	 0.035305 	 0.500000
  197 	 0.007463 	 0.036884 	 0.500000
  198 	 0.007692 	 0.035668 	 0.500000
  199 	 0.007463 	 0.034715 	 0.500000
  200 	 0.007143 	 0.034520 	 0.500000
  201 	 0.007143 	 0.034520 	 0.500000
  202 	 0.007194 	 0.034534 	 0.500000
  203 	 0.007143 	 0.034520 	 0.500000
  204 	 0.007299 	 0.045023 	 0.500000
  205 	 0.010526 	 0.189460 	 10.000000
  206 	 -0.500000 	 -0.062205 	 -0.014706
  207 	 -0.500000 	 -0.034520 	 -0.007143
  208 	 -0.500000 	 -0.034520 	 -0.007143
  209 	 -0.500000 	 -0.034520 	 -0.007143
  210 	 -0.500000 	 -0.034520 	 -0.007143
  211 	 -0.500000 	 -0.034520 	 -0.007143
  212 	 -0.500000 	 -0.034520 	 -0.007143
  213 	 -0.500000 	 -0.034553 	 -0.007246
  214 	 -0.500000 	 -0.034520 	 -0.007143
  215 	 -0.500000 	 -0.034520 	 -0.007143
  216 	 -0.500000 	 -0.034520 	 -0.007143
  217 	 -0.500000 	 -0.034520 	 -0.007143
  218 	 -0.500000 	 -0.034520 	 -0.007143
  219 	 -0.500000 	 -0.034520 	 -0.007143
  220 	 -0.500000 	 -0.034520 	 -0.007143
  221 	 -0.500000 	 -0.034520 	 -0.007143
  222 	 -0.500000 	 -0.034520 	 -0.007143
  223 	 -0.500000 	 -0.034520 	 -0.007143
  224 	 -0.500000 	 -0.034520 	 -0.007143
  225 	 -0.500000 	 -0.034520 	 -0.007143
  226 	 -0.500000 	 -0.034520 	 -0.007143
  227 	 -0.500000 	 -0.034520 	 -0.007143
  228 	 -0.500000 	 -0.034902 	 -0.007194
  229 	 -0.500000 	 -0.034520 	 -0.007143
  230 	 -0.500000 	 -0.034520 	 -0.007143
  231 	 -0.500000 	 -0.034520 	 -0.007143
  232 	 -0.500000 	 -0.034483 	 -0.007092
  233 	 -0.500000 	 -0.034601 	 -0.007246
  234 	 -0.500000 	 -0.034520 	 -0.007143
  235 	 -0.500000 	 -0.034520 	 -0.007143
  236 	 -0.500000 	 -0.034665 	 -0.007194
  237 	 -0.500000 	 -0.034520 	 -0.007143
  238 	 -0.500000 	 -0.034520 	 -0.007143
  239 	 -0.500000 	 -0.034520 	 -0.007143
  240 	 -0.500000 	 -0.034520 	 -0.007143
  241 	 -0.500000 	 -0.034520 	 -0.007143
  242 	 -0.500000 	 -0.034520 	 -0.007143
  243 	 -0.500000 	 -0.034520 	 -0.007143
  244 	 -0.500000 	 -0.034520 	 -0.007143
  245 	 -0.500000 	 -0.034520 	 -0.007143
  246 	 -0.500000 	 -0.034520 	 -0.007143
  247 	 -0.500000 	 -0.034419 	 -0.006944
  248 	 -0.500000 	 -0.034520 	 -0.007143
  249 	 -0.500000 	 -0.034520 	 -0.007143
  250 	 -0.500000 	 -0.034520 	 -0.007143
  251 	 -0.500000 	 -0.034520 	 -0.007143
  252 	 -0.500000 	 -0.034520 	 -0.007143
  253 	 -0.500000 	 -0.034536 	 -0.007353
  254 	 -0.500000 	 -0.034520 	 -0.007143
  255 	 -0.500000 	 -0.034520 	 -0.007143
  256 	 -0.500000 	 -0.034520 	 -0.007143
  257 	 -0.500000 	 -0.034520 	 -0.007143
  258 	 -0.500000 	 -0.034520 	 -0.007143
  259 	 -0.500000 	 -0.034520 	 -0.007143
  260 	 -0.500000 	 -0.034787 	 -0.007194
  261 	 -0.500000 	 -0.034520 	 -0.007143
  262 	 -0.500000 	 -0.034520 	 -0.007143
  263 	 -0.500000 	 -0.034520 	 -0.007143
  264 	 -0.500000 	 -0.034543 	 -0.007194
  265 	 -0.500000 	 -0.034520 	 -0.007143
  266 	 -0.500000 	 -0.034520 	 -0.007143
  267 	 -0.500000 	 -0.034520 	 -0.007143
  268 	 -0.500000 	 -0.034520 	 -0.007143
  269 	 -0.500000 	 -0.034676 	 -0.007194
  270 	 -0.500000 	 -0.034520 	 -0.007143
  271 	 -0.500000 	 -0.034520 	 -0.007143
  272 	 -0.500000 	 -0.034520 	 -0.007143
  273 	 -0.500000 	 -0.034520 	 -0.007143
  274 	 -0.500000 	 -0.034520 	 -0.007143
  275 	 -0.500000 	 -0.034520 	 -0.007143
  276 	 -0.500000 	 -0.034520 	 -0.007143
  277 	 -0.500000 	 -0.034520 	 -0.007143
  278 	 -0.500000 	 -0.034520 	 -0.007143
  279 	 -0.500000 	 -0.034629 	 -0.007353
  280 	 -0.500000 	 -0.034584 	 -0.007246
  281 	 -0.500000 	 -0.034520 	 -0.007143
  282 	 -0.500000 	 -0.034520 	 -0.007143
  283 	 -0.500000 	 -0.034592 	 -0.007194
  284 	 -0.500000 	 -0.034520 	 -0.007143
  285 	 -0.500000 	 -0.034520 	 -0.007143
  286 	 -0.500000 	 -0.034520 	 -0.007143
  287 	 -0.500000 	 -0.034520 	 -0.007143
  288 	 -0.500000 	 -0.034902 	 -0.007194
  289 	 -0.500000 	 -0.034520 	 -0.007143
  290 	 -0.500000 	 -0.034520 	 -0.007143
  291 	 -0.500000 	 -0.034520 	 -0.007143
  292 	 -0.500000 	 -0.034520 	 -0.007143
  293 	 -0.500000 	 -0.034520 	 -0.007143
  294 	 -0.500000 	 -0.034520 	 -0.007143
  295 	 -0.500000 	 -0.034520 	 -0.007143
  296 	 -0.250000 	 -0.027478 	 -0.007042
  297 	 -0.500000 	 -0.025563 	 -0.004000
  298 	 -0.500000 	 -0.034520 	 -0.007143
  299 	 -0.500000 	 -0.034520 	 -0.007143
  300 	 -0.500000 	 -0.034520 	 -0.007143
  301 	 -0.500000 	 -0.034520 	 -0.007143
  302 	 -0.500000 	 -0.034520 	 -0.007143
  303 	 -0.500000 	 -0.034520 	 -0.007143
  304 	 -0.500000 	 -0.034487 	 -0.007092
  305 	 -0.500000 	 -0.034520 	 -0.007143
  306 	 -0.500000 	 -0.034520 	 -0.007143
  307 	 -0.500000 	 -0.034520 	 -0.007143
  308 	 -0.500000 	 -0.034520 	 -0.007143
  309 	 -0.500000 	 -0.034520 	 -0.007143
  310 	 -0.500000 	 -0.034520 	 -0.007143
  311 	 -0.500000 	 -0.034520 	 -0.007143
  312 	 -0.500000 	 -0.034366 	 -0.007042
  313 	 -0.500000 	 -0.034520 	 -0.007143
  314 	 -0.500000 	 -0.034520 	 -0.007143
  315 	 -0.500000 	 -0.034520 	 -0.007143
  316 	 -0.500000 	 -0.034520 	 -0.007143
  317 	 -0.500000 	 -0.034520 	 -0.007143
  318 	 -0.500000 	 -0.034520 	 -0.007143
  319 	 -0.500000 	 -0.034520 	 -0.007143
  320 	 -0.500000 	 -0.034520 	 -0.007143
  321 	 -0.500000 	 -0.034520 	 -0.007143
  322 	 -0.500000 	 -0.034520 	 -0.007143
  323 	 -0.500000 	 -0.034520 	 -0.007143
  324 	 -0.500000 	 -0.034520 	 -0.007143
  325 	 -0.500000 	 -0.034318 	 -0.006944
  326 	 -0.500000 	 -0.034520 	 -0.007143
  327 	 -0.500000 	 -0.034520 	 -0.007143
  328 	 -0.500000 	 -0.034520 	 -0.007143
  329 	 -0.500000 	 -0.034520 	 -0.007143
  330 	 -0.500000 	 -0.034520 	 -0.007143
  331 	 -0.500000 	 -0.034520 	 -0.007143
  332 	 -0.500000 	 -0.034520 	 -0.007143
  333 	 -0.500000 	 -0.034229 	 -0.006993
  334 	 -0.500000 	 -0.034617 	 -0.007194
  335 	 -0.500000 	 -0.034520 	 -0.007143
  336 	 -0.500000 	 -0.034520 	 -0.007143
  337 	 -0.500000 	 -0.034520 	 -0.007143
  338 	 -0.500000 	 -0.034520 	 -0.007143
  339 	 -0.500000 	 -0.034520 	 -0.007143
  340 	 -0.500000 	 -0.034520 	 -0.007143
  341 	 -0.500000 	 -0.034240 	 -0.006897
  342 	 -0.500000 	 -0.034520 	 -0.007143
  343 	 -0.500000 	 -0.034520 	 -0.007143
  344 	 -0.500000 	 -0.034520 	 -0.007143
  345 	 -0.500000 	 -0.034520 	 -0.007143
  346 	 -0.500000 	 -0.034520 	 -0.007143
  347 	 -0.500000 	 -0.034520 	 -0.007143
  348 	 -0.500000 	 -0.034520 	 -0.007143
  349 	 -0.500000 	 -0.034650 	 -0.007299
  350 	 -0.500000 	 -0.034520 	 -0.007143
  351 	 -0.500000 	 -0.034720 	 -0.007194
  352 	 -0.500000 	 -0.034520 	 -0.007143
  353 	 -0.500000 	 -0.034520 	 -0.007143
  354 	 -0.500000 	 -0.034520 	 -0.007143
  355 	 -0.500000 	 -0.034520 	 -0.007143
  356 	 -0.500000 	 -0.034520 	 -0.007143
  357 	 -0.500000 	 -0.034520 	 -0.007143
  358 	 -0.500000 	 -0.034520 	 -0.007143
  359 	 -0.500000 	 -0.034520 	 -0.007143
  360 	 -0.500000 	 -0.034520 	 -0.007143
  361 	 -0.500000 	 -0.034520 	 -0.007143
  362 	 -0.500000 	 -0.034520 	 -0.007143
  363 	 -0.500000 	 -0.034512 	 -0.007092
  364 	 -0.500000 	 -0.034520 	 -0.007143
  365 	 -0.500000 	 -0.034520 	 -0.007143
  366 	 -0.500000 	 -0.034520 	 -0.007143
  367 	 -0.500000 	 -0.035439 	 -0.007246
  368 	 -0.500000 	 -0.034520 	 -0.007143
  369 	 -0.500000 	 -0.034520 	 -0.007143
  370 	 -0.500000 	 -0.034520 	 -0.007143
  371 	 -0.500000 	 -0.034520 	 -0.007143
  372 	 -0.500000 	 -0.034520 	 -0.007143
  373 	 -0.500000 	 -0.034520 	 -0.007143
  374 	 -0.500000 	 -0.034815 	 -0.007246
  375 	 -0.500000 	 -0.034520 	 -0.007143
  376 	 -0.500000 	 -0.034284 	 -0.007143
  377 	 -0.500000 	 -0.034503 	 -0.007092
  378 	 -0.500000 	 -0.034520 	 -0.007143
  379 	 -0.500000 	 -0.034520 	 -0.007143
  380 	 -0.500000 	 -0.034520 	 -0.007143
  381 	 -0.500000 	 -0.034520 	 -0.007143
  382 	 -0.500000 	 -0.034520 	 -0.007143
  383 	 -0.500000 	 -0.034520 	 -0.007143
  384 	 -0.500000 	 -0.034520 	 -0.007143
  385 	 -0.500000 	 -0.034520 	 -0.007143
  386 	 -0.500000 	 -0.034520 	 -0.007143
  387 	 -0.500000 	 -0.034520 	 -0.007143
  388 	 -0.500000 	 -0.034520 	 -0.007143
  389 	 -0.500000 	 -0.034520 	 -0.007143
  390 	 -0.500000 	 -0.034520 	 -0.007143
  391 	 -0.500000 	 -0.034520 	 -0.007143
  392 	 -0.500000 	 -0.034520 	 -0.007143
  393 	 -0.500000 	 -0.034520 	 -0.007143
  394 	 -0.500000 	 -0.034520 	 -0.007143
  395 	 -0.500000 	 -0.034520 	 -0.007143
  396 	 -0.500000 	 -0.034520 	 -0.007143
  397 	 -0.500000 	 -0.034520 	 -0.007143
  398 	 -0.500000 	 -0.034520 	 -0.007143
  399 	 -0.500000 	 -0.034520 	 -0.007143
 