   0 	 -17.079940 	 0.079867 	 3.254740
    1 	 0.124947 	 0.292004 	 0.667881
    2 	 0.125657 	 0.347208 	 0.667881
    3 	 0.141486 	 0.399802 	 0.669787
    4 	 0.141486 	 0.753732 	 24.441923
    5 	 0.154530 	 9.439898 	 24.441923
    6 	 -4.452911 	 22.787244 	 24.441923
    7 	 0.210238 	 23.909461 	 24.441923
    8 	 -4.452911 	 23.729234 	 25.194373
    9 	 12.596973 	 24.327033 	 25.194373
   10 	 6.420305 	 23.930770 	 25.194373
   11 	 -1.803514 	 23.793772 	 25.993603
   12 	 2.593735 	 24.029298 	 25.993603
   13 	 0.723285 	 24.194264 	 25.194373
   14 	 0.430494 	 24.051929 	 25.194373
   15 	 -4.452911 	 23.375021 	 25.993603
   16 	 -4.452911 	 24.487953 	 117.994406
   17 	 0.430494 	 28.311290 	 117.994406
   18 	 0.138668 	 44.952128 	 117.994406
   19 	 24.441923 	 78.497797 	 117.994406
   20 	 0.210400 	 98.312211 	 117.994406
   21 	 2.824039 	 109.999011 	 117.994406
   22 	 24.441923 	 115.915462 	 117.994406
   23 	 -4.245278 	 113.969427 	 117.994406
   24 	 4.421389 	 117.258827 	 165.365291
   25 	 0.287901 	 118.791928 	 165.365291
   26 	 11.198059 	 118.283031 	 165.365291
   27 	 0.138992 	 116.968752 	 165.365291
   28 	 0.432908 	 117.763720 	 165.365291
   29 	 0.138992 	 114.246173 	 165.365291
   30 	 0.406865 	 122.283831 	 165.365291
   31 	 117.994406 	 126.501265 	 165.365291
   32 	 0.138992 	 126.233095 	 165.365291
   33 	 13.912621 	 130.592442 	 165.365291
   34 	 -4.245278 	 131.620203 	 165.365291
   35 	 0.138992 	 140.641523 	 165.365291
   36 	 0.138989 	 152.476236 	 165.365291
   37 	 -93.415102 	 149.211447 	 165.365291
   38 	 2.846914 	 154.944219 	 165.365291
   39 	 0.197757 	 155.440120 	 165.365291
   40 	 0.433192 	 158.796184 	 165.365291
   41 	 0.406624 	 158.981678 	 165.365291
   42 	 0.287973 	 162.478412 	 165.365291
   43 	 0.287973 	 159.793322 	 165.365291
   44 	 0.166873 	 160.948715 	 165.365291
   45 	 0.210421 	 157.592844 	 165.365291
   46 	 0.210421 	 157.823844 	 165.365291
   47 	 -4.262527 	 157.435652 	 165.365291
   48 	 7.883399 	 163.615492 	 165.365291
   49 	 4.469237 	 162.012612 	 165.365291
   50 	 0.138989 	 160.801194 	 165.365291
   51 	 -4.262527 	 161.647958 	 165.365291
   52 	 -1.724326 	 150.476593 	 165.365291
   53 	 0.197757 	 160.702471 	 180.851811
   54 	 165.365291 	 165.881508 	 180.851811
   55 	 -4.262527 	 163.378747 	 180.851811
   56 	 165.365291 	 166.741870 	 180.851811
   57 	 0.138989 	 162.382679 	 180.851811
   58 	 0.166873 	 164.045970 	 180.851811
   59 	 4.469237 	 163.223286 	 180.851811
   60 	 69.985309 	 164.305513 	 165.365291
   61 	 -93.415102 	 160.740154 	 165.365291
   62 	 7.883399 	 162.481267 	 165.365291
   63 	 11.534938 	 163.656064 	 165.365291
   64 	 -4.262527 	 159.415749 	 165.365291
   65 	 -4.262527 	 160.053389 	 165.365291
   66 	 14.403810 	 162.400481 	 165.365291
   67 	 -4.262527 	 156.946703 	 165.365291
   68 	 0.138989 	 153.898176 	 165.365291
   69 	 0.735595 	 155.689756 	 165.365291
 