   0 	 -3.665265 	 0.195501 	 1.014105
    1 	 -1.305699 	 0.302452 	 1.014105
    2 	 0.131839 	 0.448227 	 1.266619
    3 	 0.131839 	 0.598490 	 1.266619
    4 	 0.156890 	 0.815313 	 1.299534
    5 	 0.195453 	 0.893824 	 1.631294
    6 	 0.224394 	 0.974295 	 1.838221
    7 	 0.215498 	 1.104571 	 1.631294
    8 	 0.215498 	 1.123073 	 2.040784
    9 	 0.188461 	 1.280395 	 5.612517
   10 	 0.197254 	 1.731078 	 5.612517
   11 	 0.136088 	 2.286984 	 5.612517
   12 	 0.310604 	 3.220976 	 7.453250
   13 	 0.165566 	 4.383970 	 11.448185
   14 	 0.134731 	 5.312184 	 11.448185
   15 	 0.294579 	 5.460572 	 11.448185
   16 	 0.447600 	 5.412418 	 7.685938
   17 	 2.988372 	 5.783338 	 7.685938
   18 	 0.310820 	 5.862382 	 7.685938
   19 	 0.166496 	 6.011889 	 7.685938
   20 	 0.445148 	 6.099232 	 10.947753
   21 	 0.168214 	 6.160134 	 10.947753
   22 	 0.135928 	 6.332813 	 10.947753
   23 	 0.196718 	 6.621863 	 12.960799
   24 	 0.166361 	 7.238573 	 12.960799
   25 	 0.216572 	 7.491601 	 12.960799
   26 	 0.166364 	 8.264707 	 12.960799
   27 	 0.166414 	 8.590908 	 12.960799
   28 	 0.292419 	 9.307258 	 12.960799
   29 	 0.166088 	 9.582453 	 21.578261
   30 	 0.535645 	 10.354184 	 21.578261
   31 	 0.166143 	 10.880534 	 21.578261
   32 	 4.892660 	 11.496490 	 23.905511
   33 	 0.310838 	 11.783554 	 23.905511
   34 	 6.973256 	 11.977564 	 21.578261
   35 	 8.368770 	 12.486608 	 21.578261
   36 	 8.368770 	 12.568054 	 21.578261
   37 	 8.368770 	 13.170343 	 21.578261
   38 	 0.295022 	 13.483051 	 21.695594
   39 	 0.847341 	 15.000866 	 25.428021
   40 	 0.425398 	 16.480185 	 25.428021
   41 	 0.295022 	 18.314933 	 42.172799
   42 	 0.207151 	 19.445759 	 42.172799
   43 	 10.947753 	 22.629185 	 42.172799
   44 	 0.209437 	 26.312661 	 82.549886
   45 	 0.420223 	 32.880130 	 98.828923
   46 	 12.960799 	 42.618899 	 98.828923
   47 	 0.300402 	 55.022562 	 119.568632
   48 	 0.914130 	 71.324955 	 241.991987
   49 	 1.331388 	 87.676001 	 241.991987
   50 	 0.486783 	 112.633820 	 241.991987
   51 	 7.528336 	 139.681808 	 241.991987
   52 	 0.165867 	 177.947385 	 241.991987
   53 	 0.165651 	 212.532044 	 241.991987
   54 	 82.549886 	 231.554536 	 490.688857
   55 	 0.486990 	 237.287621 	 490.688857
   56 	 3.603217 	 229.689282 	 257.529135
   57 	 56.232456 	 237.485732 	 257.529135
   58 	 0.486990 	 241.123285 	 490.688857
   59 	 0.165651 	 248.285463 	 490.688857
   60 	 0.214085 	 239.736275 	 490.688857
   61 	 27.742178 	 243.196187 	 490.688857
   62 	 0.445012 	 252.511743 	 490.688857
   63 	 0.214085 	 262.358887 	 490.688857
   64 	 0.983928 	 289.352933 	 490.688857
   65 	 0.214439 	 314.635868 	 490.688857
   66 	 0.165651 	 329.395131 	 490.688857
   67 	 29.590261 	 376.961036 	 490.688857
   68 	 0.214085 	 393.096368 	 490.688857
   69 	 29.590261 	 434.776680 	 559.189306
 