   0 	 0.127608 	 0.332669 	 10.005903
    1 	 -28.632548 	 3.087657 	 10.005903
    2 	 0.936692 	 9.907427 	 19.650583
    3 	 6.215243 	 10.600298 	 19.650583
    4 	 2.012747 	 10.746586 	 19.650583
    5 	 0.141164 	 11.390052 	 19.650583
    6 	 -38.505326 	 12.130853 	 26.386207
    7 	 0.183723 	 14.880063 	 26.386207
    8 	 0.282884 	 16.091201 	 26.386207
    9 	 -22.227046 	 16.356376 	 26.386207
   10 	 0.141164 	 19.078900 	 26.386207
   11 	 -22.227046 	 19.357846 	 26.386207
   12 	 -22.227046 	 19.644160 	 26.386207
   13 	 0.167266 	 20.048962 	 26.386207
   14 	 19.024192 	 21.657965 	 26.386207
   15 	 0.586309 	 21.719768 	 26.386207
   16 	 -22.227046 	 21.523972 	 26.386207
   17 	 0.141164 	 22.235982 	 26.386207
   18 	 19.024192 	 23.336071 	 28.660916
   19 	 15.478455 	 23.713481 	 26.386207
   20 	 9.085362 	 23.867470 	 26.386207
   21 	 0.141164 	 23.853644 	 26.386207
   22 	 -7.338239 	 24.081099 	 26.386207
   23 	 19.650583 	 24.605495 	 26.386207
   24 	 15.478455 	 25.137271 	 31.569323
   25 	 0.420337 	 25.296377 	 31.569323
   26 	 10.615684 	 25.352984 	 31.569323
   27 	 19.650583 	 25.721312 	 31.569323
   28 	 19.650583 	 25.519358 	 31.569323
   29 	 0.141164 	 25.038133 	 31.569323
   30 	 0.141164 	 24.806664 	 31.569323
   31 	 10.615684 	 25.628157 	 31.569323
   32 	 -22.227046 	 24.948893 	 31.956113
   33 	 19.650583 	 26.083267 	 31.956113
   34 	 -17.661537 	 24.286612 	 31.956113
   35 	 6.178678 	 26.207205 	 32.350990
   36 	 19.650583 	 26.681952 	 31.956113
   37 	 19.650583 	 26.933667 	 31.956113
   38 	 0.140982 	 26.307707 	 31.956113
   39 	 0.302306 	 26.306703 	 31.956113
   40 	 0.167244 	 26.735006 	 31.569323
   41 	 6.178678 	 27.085498 	 31.569323
   42 	 6.178678 	 27.389733 	 31.569323
   43 	 0.301330 	 27.475821 	 31.569323
   44 	 0.421097 	 27.592332 	 31.569323
   45 	 -17.661537 	 26.892639 	 31.569323
   46 	 0.301330 	 28.540043 	 31.569323
   47 	 25.327639 	 29.211217 	 31.569323
   48 	 -13.195046 	 28.587494 	 32.350990
   49 	 0.167244 	 28.913885 	 31.569323
   50 	 11.571624 	 28.992662 	 31.569323
   51 	 26.386207 	 29.387117 	 31.569323
   52 	 0.586309 	 28.940794 	 31.569323
   53 	 -20.952225 	 28.915207 	 34.858506
   54 	 0.209413 	 29.338868 	 32.350990
   55 	 -6.636565 	 29.679389 	 32.350990
   56 	 0.284394 	 30.046706 	 32.350990
   57 	 -17.661537 	 29.440515 	 32.350990
   58 	 0.687978 	 30.166806 	 34.925175
   59 	 0.302429 	 30.419930 	 34.925175
   60 	 11.556350 	 30.811148 	 34.925175
   61 	 -15.426960 	 29.931277 	 34.925175
   62 	 0.586309 	 31.009144 	 35.868824
   63 	 0.421475 	 30.737961 	 34.925175
   64 	 0.302429 	 30.179438 	 34.925175
   65 	 0.284567 	 30.300417 	 34.925175
   66 	 17.949770 	 31.235735 	 34.925175
   67 	 11.556350 	 31.412183 	 34.925175
   68 	 0.284705 	 31.733721 	 34.925175
   69 	 -6.636565 	 31.819142 	 34.925175
 