   0 	 -1.536814 	 0.242123 	 2.949437
    1 	 0.126557 	 0.678888 	 6.736779
    2 	 0.146982 	 2.680211 	 6.736779
    3 	 -4.311382 	 4.607183 	 9.841947
    4 	 -18.938407 	 5.515250 	 21.960080
    5 	 -2.538122 	 6.406131 	 38.858542
    6 	 -2.748811 	 8.804229 	 38.858542
    7 	 -3.900843 	 16.516115 	 47.191126
    8 	 -1.569759 	 30.232196 	 93.306603
    9 	 -3.900843 	 37.378453 	 93.306603
   10 	 -3.900843 	 40.681030 	 93.306603
   11 	 -71.555273 	 42.299154 	 93.306603
   12 	 -1.584071 	 55.855452 	 93.306603
   13 	 0.255274 	 60.382297 	 93.306603
   14 	 -613.860917 	 60.276380 	 93.306603
   15 	 0.349452 	 78.813754 	 93.306603
   16 	 -3.925228 	 81.988949 	 93.306603
   17 	 -613.860917 	 82.653798 	 219.657217
   18 	 -613.860917 	 85.880091 	 219.657217
   19 	 -1.066967 	 94.147627 	 219.657217
   20 	 0.156014 	 103.109227 	 219.657217
   21 	 64.881244 	 113.896461 	 219.657217
   22 	 -613.860917 	 113.046738 	 219.657217
   23 	 -3.925228 	 138.586599 	 219.657217
   24 	 64.881244 	 177.224508 	 219.657217
   25 	 42.854095 	 193.826511 	 219.657217
   26 	 -0.624233 	 196.151210 	 219.657217
   27 	 -1.057086 	 199.542090 	 219.657217
   28 	 -49.292585 	 211.440911 	 219.657217
   29 	 0.168224 	 210.568062 	 219.657217
   30 	 18.716018 	 216.020641 	 219.657217
   31 	 0.168224 	 211.614042 	 219.657217
   32 	 0.168224 	 211.042284 	 219.657217
   33 	 9.873662 	 215.438363 	 219.657217
   34 	 0.224231 	 214.986393 	 219.657217
   35 	 219.657217 	 219.657217 	 219.657217
   36 	 0.842136 	 217.225938 	 219.657217
   37 	 0.174154 	 206.734778 	 219.657217
   38 	 -0.624233 	 209.140601 	 219.657217
   39 	 6.639650 	 217.290355 	 219.657217
   40 	 23.830561 	 214.836671 	 219.657217
   41 	 107.985324 	 217.175619 	 219.657217
   42 	 0.168224 	 217.218450 	 219.657217
   43 	 -127.562351 	 213.360521 	 219.657217
   44 	 219.657217 	 219.657217 	 219.657217
   45 	 -4.039228 	 213.900797 	 219.657217
   46 	 0.183352 	 214.789205 	 219.657217
   47 	 0.842136 	 217.225938 	 219.657217
   48 	 -1.057086 	 213.362173 	 219.657217
   49 	 0.255323 	 213.380580 	 219.657217
   50 	 0.183352 	 214.919044 	 219.657217
   51 	 0.512415 	 214.989595 	 219.657217
   52 	 219.657217 	 219.657217 	 219.657217
   53 	 107.985324 	 218.416418 	 219.657217
   54 	 0.512415 	 217.222275 	 219.657217
   55 	 -0.624233 	 209.958044 	 219.657217
   56 	 5.155360 	 214.225073 	 219.657217
   57 	 -127.562351 	 210.330433 	 219.657217
   58 	 -1.057086 	 214.784837 	 219.657217
   59 	 -49.292585 	 209.370591 	 219.657217
   60 	 -127.562351 	 211.975327 	 219.657217
   61 	 0.349258 	 214.785519 	 219.657217
   62 	 0.183352 	 215.254139 	 219.657217
   63 	 0.349258 	 217.220462 	 219.657217
   64 	 -127.562351 	 215.799222 	 219.657217
   65 	 -49.292585 	 214.230287 	 219.657217
   66 	 0.183352 	 213.153725 	 219.657217
   67 	 0.192253 	 214.780918 	 219.657217
   68 	 1.003984 	 208.823521 	 219.657217
   69 	 0.168224 	 206.336389 	 219.657217
 