   0 	 0.000930 	 0.001764 	 0.002791
    1 	 0.000930 	 0.001816 	 0.002791
    2 	 0.001269 	 0.001978 	 0.002791
    3 	 0.001517 	 0.002135 	 0.003144
    4 	 0.001367 	 0.002217 	 0.003144
    5 	 0.001562 	 0.002292 	 0.003707
    6 	 0.001549 	 0.002381 	 0.003707
    7 	 0.001562 	 0.002508 	 0.003707
    8 	 0.001562 	 0.002750 	 0.003821
    9 	 0.001729 	 0.002932 	 0.004307
   10 	 0.001753 	 0.003032 	 0.005361
   11 	 0.001753 	 0.003071 	 0.005361
   12 	 0.002053 	 0.003283 	 0.004462
   13 	 0.002053 	 0.003442 	 0.004462
   14 	 0.002111 	 0.003615 	 0.004462
   15 	 0.002147 	 0.003679 	 0.004807
   16 	 0.002427 	 0.003764 	 0.004807
   17 	 0.002427 	 0.003857 	 0.007527
   18 	 0.002427 	 0.004064 	 0.007527
   19 	 0.002791 	 0.004083 	 0.007527
   20 	 0.002791 	 0.004284 	 0.007527
   21 	 0.002671 	 0.004448 	 0.007682
   22 	 0.002671 	 0.004476 	 0.007682
   23 	 0.002877 	 0.005012 	 0.007527
   24 	 0.003092 	 0.005514 	 0.007527
   25 	 0.003092 	 0.006084 	 0.007527
   26 	 0.003282 	 0.006688 	 0.008189
   27 	 0.003282 	 0.006866 	 0.008189
   28 	 0.003144 	 0.007026 	 0.007527
   29 	 0.005069 	 0.007205 	 0.007527
   30 	 0.005069 	 0.007223 	 0.007527
   31 	 0.005069 	 0.007308 	 0.007527
   32 	 0.005602 	 0.007274 	 0.007527
   33 	 0.004870 	 0.007250 	 0.008188
   34 	 0.005361 	 0.007365 	 0.009677
   35 	 0.007097 	 0.007406 	 0.009678
   36 	 0.005001 	 0.007331 	 0.009678
   37 	 0.005001 	 0.007375 	 0.009678
   38 	 0.004870 	 0.007441 	 0.014061
   39 	 0.005069 	 0.007550 	 0.014061
   40 	 0.005519 	 0.007403 	 0.010495
   41 	 0.005361 	 0.007451 	 0.009678
   42 	 0.005602 	 0.007425 	 0.009678
   43 	 0.005361 	 0.007428 	 0.009678
   44 	 0.005602 	 0.007611 	 0.009678
   45 	 0.005285 	 0.007686 	 0.014061
   46 	 0.005284 	 0.007443 	 0.014061
   47 	 0.005069 	 0.007348 	 0.014061
   48 	 0.004571 	 0.007523 	 0.014061
   49 	 0.004516 	 0.007591 	 0.010495
   50 	 0.004516 	 0.007852 	 0.010495
   51 	 0.004516 	 0.007950 	 0.010495
   52 	 0.002578 	 0.008427 	 0.019109
   53 	 0.002729 	 0.009714 	 0.067802
   54 	 0.002729 	 0.012138 	 0.067800
   55 	 0.006158 	 0.021309 	 0.067808
   56 	 0.006158 	 0.044148 	 0.067823
   57 	 0.009672 	 0.062130 	 0.067802
   58 	 0.024041 	 0.066789 	 0.067807
   59 	 0.011115 	 0.064963 	 0.067791
   60 	 0.012621 	 0.066185 	 0.106195
   61 	 -0.744475 	 0.056748 	 0.067784
   62 	 0.029762 	 0.067139 	 0.105927
   63 	 0.012207 	 0.064628 	 0.105927
   64 	 0.013063 	 0.065875 	 0.105927
   65 	 0.013057 	 0.067572 	 0.106289
   66 	 -0.771028 	 0.059528 	 0.105927
   67 	 0.011456 	 0.075453 	 0.106542
   68 	 0.011451 	 0.077150 	 0.116253
   69 	 0.011820 	 0.079377 	 0.105929
   70 	 0.014591 	 0.087706 	 0.245595
   71 	 -0.771028 	 0.093818 	 0.245606
   72 	 0.014049 	 0.126484 	 0.248830
   73 	 0.012615 	 0.144650 	 0.248250
   74 	 -0.893735 	 0.162307 	 0.248864
   75 	 -0.770924 	 0.180491 	 0.248830
   76 	 0.012202 	 0.230797 	 0.321494
   77 	 0.032164 	 0.235063 	 0.309283
   78 	 -0.885690 	 0.216842 	 0.248978
   79 	 0.027433 	 0.231182 	 0.247747
   80 	 0.014564 	 0.231793 	 0.320665
   81 	 0.019027 	 0.222967 	 0.248038
   82 	 0.013507 	 0.220723 	 0.248832
   83 	 0.019026 	 0.233890 	 0.248556
   84 	 0.017263 	 0.231536 	 0.248897
   85 	 0.235141 	 0.235963 	 0.248556
   86 	 -0.886015 	 0.219355 	 0.248665
   87 	 0.235141 	 0.235839 	 0.235885
   88 	 0.016499 	 0.234310 	 0.320698
   89 	 0.029614 	 0.233268 	 0.235885
   90 	 0.012594 	 0.227815 	 0.248712
   91 	 0.235844 	 0.235996 	 0.247904
   92 	 0.022469 	 0.225877 	 0.248954
   93 	 0.014016 	 0.230274 	 0.642795
   94 	 0.014561 	 0.234567 	 0.642795
   95 	 0.013507 	 0.235635 	 0.642795
   96 	 0.021191 	 0.258711 	 0.642795
   97 	 0.017259 	 0.284056 	 0.642795
   98 	 0.015156 	 0.369273 	 0.651444
   99 	 0.215192 	 0.509048 	 0.747877
  100 	 0.023756 	 0.517534 	 0.749055
  101 	 -0.293595 	 0.504901 	 0.651444
  102 	 -0.293595 	 0.511997 	 0.744261
  103 	 0.013962 	 0.529096 	 0.974408
  104 	 0.038424 	 0.539926 	 0.974408
  105 	 0.012529 	 0.531064 	 0.749726
  106 	 0.016414 	 0.527412 	 0.736224
  107 	 -0.284650 	 0.509508 	 0.750273
  108 	 0.015085 	 0.523771 	 0.748350
  109 	 -0.284831 	 0.525884 	 0.965989
  110 	 0.012547 	 0.510619 	 0.749095
  111 	 -0.284831 	 0.523526 	 0.966157
  112 	 0.017330 	 0.540777 	 0.749094
  113 	 0.437442 	 0.546669 	 0.966157
  114 	 0.022318 	 0.532046 	 0.747838
  115 	 0.017173 	 0.520455 	 0.569054
  116 	 0.029337 	 0.534495 	 0.745058
  117 	 -0.284846 	 0.517663 	 0.747925
  118 	 0.100897 	 0.534581 	 0.741182
  119 	 0.038143 	 0.536632 	 0.966171
  120 	 0.016417 	 0.533288 	 0.703851
  121 	 0.021056 	 0.521420 	 0.736376
  122 	 0.012984 	 0.508039 	 0.748349
  123 	 -0.284847 	 0.522064 	 0.745759
  124 	 0.029351 	 0.544278 	 0.750276
  125 	 -0.284847 	 0.524449 	 0.966173
  126 	 0.015724 	 0.524793 	 0.741174
  127 	 0.015724 	 0.511048 	 0.966173
  128 	 -0.284847 	 0.506929 	 0.748737
  129 	 -0.284847 	 0.516785 	 0.748737
  130 	 0.015724 	 0.539625 	 0.966173
  131 	 0.483420 	 0.549444 	 0.966172
  132 	 0.437439 	 0.539684 	 0.748737
  133 	 0.034329 	 0.530456 	 0.554545
  134 	 0.012984 	 0.506051 	 0.569055
  135 	 0.018914 	 0.522723 	 0.738450
  136 	 0.027206 	 0.532556 	 0.750276
  137 	 0.021050 	 0.526910 	 0.746952
  138 	 0.100897 	 0.536671 	 0.742354
  139 	 0.016417 	 0.524675 	 0.745763
  140 	 0.012984 	 0.522454 	 0.703851
  141 	 0.012984 	 0.525346 	 0.748349
  142 	 0.012546 	 0.531405 	 0.750276
  143 	 0.031861 	 0.532295 	 0.750276
  144 	 0.019930 	 0.517089 	 0.750522
  145 	 0.015087 	 0.528310 	 0.739798
  146 	 0.014500 	 0.527674 	 0.746386
  147 	 0.034841 	 0.536400 	 0.749094
  148 	 0.021056 	 0.537188 	 0.749424
  149 	 0.016417 	 0.513724 	 0.738171
 