   0 	 0.001204 	 0.001822 	 0.003282
    1 	 0.001204 	 0.001888 	 0.003282
    2 	 0.001204 	 0.002033 	 0.003282
    3 	 0.001252 	 0.002212 	 0.003821
    4 	 0.001252 	 0.002308 	 0.003821
    5 	 0.001252 	 0.002474 	 0.003821
    6 	 0.001296 	 0.002746 	 0.003821
    7 	 0.001505 	 0.002998 	 0.005211
    8 	 0.001505 	 0.003144 	 0.005361
    9 	 0.001945 	 0.003338 	 0.005439
   10 	 0.002336 	 0.003694 	 0.005867
   11 	 0.002172 	 0.003739 	 0.005439
   12 	 0.002614 	 0.003896 	 0.009200
   13 	 0.002560 	 0.004138 	 0.009200
   14 	 0.002614 	 0.004298 	 0.009200
   15 	 0.002614 	 0.004838 	 0.009200
   16 	 0.002770 	 0.005644 	 0.014061
   17 	 0.002633 	 0.006435 	 0.014061
   18 	 0.003282 	 0.007424 	 0.014061
   19 	 0.003744 	 0.007980 	 0.014061
   20 	 0.003821 	 0.008511 	 0.014061
   21 	 0.003821 	 0.008924 	 0.015856
   22 	 0.005361 	 0.009792 	 0.015857
   23 	 0.005360 	 0.009769 	 0.021293
   24 	 0.007234 	 0.010178 	 0.021294
   25 	 0.006964 	 0.010802 	 0.021294
   26 	 0.005961 	 0.012388 	 0.035496
   27 	 0.005961 	 0.015397 	 0.043853
   28 	 0.006964 	 0.019761 	 0.049703
   29 	 0.008764 	 0.026609 	 0.049698
   30 	 0.008765 	 0.028950 	 0.049688
   31 	 0.011120 	 0.032395 	 0.149006
   32 	 0.009676 	 0.038688 	 0.149195
   33 	 0.012211 	 0.063139 	 0.149261
   34 	 0.010796 	 0.097310 	 0.149155
   35 	 0.011824 	 0.133660 	 0.149236
   36 	 0.016522 	 0.141445 	 0.149268
   37 	 0.011809 	 0.144904 	 0.149245
   38 	 0.017290 	 0.144802 	 0.149140
   39 	 0.012608 	 0.141342 	 0.149245
   40 	 0.020087 	 0.144404 	 0.240937
   41 	 0.024039 	 0.144526 	 0.240937
   42 	 0.021231 	 0.142831 	 0.240934
   43 	 0.025689 	 0.145749 	 0.240934
   44 	 0.029694 	 0.149718 	 0.248420
   45 	 0.016523 	 0.150193 	 0.240934
   46 	 0.018131 	 0.154111 	 0.247899
   47 	 0.049367 	 0.159272 	 0.248711
   48 	 0.016523 	 0.166923 	 0.241050
   49 	 -0.820892 	 0.169478 	 0.241050
   50 	 0.039027 	 0.198361 	 0.246696
   51 	 0.011796 	 0.200579 	 0.314137
   52 	 0.014033 	 0.205154 	 0.247326
   53 	 -0.262241 	 0.214832 	 0.249003
   54 	 0.013548 	 0.227296 	 0.248153
   55 	 0.016499 	 0.230492 	 0.267239
   56 	 0.018098 	 0.230025 	 0.248895
   57 	 0.012594 	 0.225110 	 0.248712
   58 	 0.015156 	 0.233427 	 0.248613
   59 	 0.014564 	 0.226685 	 0.248954
   60 	 0.066767 	 0.233875 	 0.248795
   61 	 -0.262260 	 0.230156 	 0.248832
   62 	 0.012594 	 0.230520 	 0.245641
   63 	 0.012182 	 0.225331 	 0.267240
   64 	 0.022469 	 0.225822 	 0.248254
   65 	 -0.262260 	 0.222596 	 0.248979
   66 	 0.017263 	 0.229447 	 0.248343
   67 	 0.015799 	 0.228200 	 0.267240
   68 	 0.014564 	 0.230992 	 0.248665
   69 	 0.013035 	 0.223240 	 0.248755
   70 	 0.025551 	 0.228462 	 0.248832
   71 	 0.014564 	 0.233819 	 0.248927
   72 	 0.020050 	 0.228488 	 0.248153
   73 	 0.235120 	 0.235967 	 0.248832
   74 	 0.049149 	 0.233944 	 0.248493
   75 	 0.018102 	 0.228450 	 0.235886
   76 	 0.019026 	 0.228673 	 0.246709
   77 	 0.013507 	 0.233498 	 0.248613
   78 	 0.049149 	 0.233931 	 0.248556
   79 	 0.012594 	 0.228232 	 0.248897
   80 	 0.014016 	 0.230945 	 0.246709
   81 	 0.027433 	 0.228824 	 0.248153
   82 	 0.015156 	 0.228077 	 0.248866
   83 	 0.049149 	 0.231816 	 0.248038
   84 	 0.020050 	 0.223433 	 0.248795
   85 	 0.015799 	 0.215109 	 0.245644
   86 	 0.015799 	 0.228847 	 0.248493
   87 	 0.235302 	 0.237059 	 0.248755
   88 	 0.049149 	 0.231810 	 0.248755
   89 	 0.022469 	 0.228393 	 0.235876
   90 	 0.014564 	 0.230058 	 0.246709
   91 	 0.012594 	 0.221855 	 0.248343
   92 	 0.019026 	 0.229176 	 0.248832
   93 	 0.015156 	 0.225506 	 0.248954
   94 	 0.027433 	 0.230840 	 0.248556
   95 	 0.067360 	 0.233106 	 0.248795
   96 	 0.012182 	 0.227819 	 0.248038
   97 	 0.012594 	 0.228057 	 0.245605
   98 	 0.019026 	 0.231100 	 0.248979
   99 	 0.014564 	 0.228111 	 0.248954
  100 	 0.017259 	 0.228021 	 0.248556
  101 	 0.015156 	 0.230820 	 0.248832
  102 	 0.018098 	 0.228215 	 0.248665
  103 	 0.015156 	 0.225699 	 0.248795
  104 	 0.015156 	 0.231202 	 0.248613
  105 	 0.014564 	 0.228864 	 0.248795
  106 	 0.019026 	 0.225340 	 0.248795
  107 	 0.021191 	 0.228663 	 0.248832
  108 	 0.012202 	 0.227434 	 0.248556
  109 	 0.021185 	 0.225635 	 0.248422
  110 	 0.019026 	 0.222632 	 0.248978
  111 	 -0.262260 	 0.223434 	 0.248423
  112 	 0.014564 	 0.231515 	 0.248556
  113 	 0.017263 	 0.226654 	 0.267240
  114 	 0.021185 	 0.228547 	 0.248832
  115 	 0.038888 	 0.233923 	 0.248665
  116 	 0.022469 	 0.231958 	 0.248423
  117 	 -0.262260 	 0.216212 	 0.247335
  118 	 0.104072 	 0.233283 	 0.248343
  119 	 0.012182 	 0.222358 	 0.267240
  120 	 0.020050 	 0.223693 	 0.243411
  121 	 0.012182 	 0.228279 	 0.248979
  122 	 0.015156 	 0.233797 	 0.248493
  123 	 0.013507 	 0.231866 	 0.248979
  124 	 0.022469 	 0.233301 	 0.248795
  125 	 0.012182 	 0.225176 	 0.248897
  126 	 0.012594 	 0.230555 	 0.248343
  127 	 0.013548 	 0.231197 	 0.248979
  128 	 0.015156 	 0.228072 	 0.248954
  129 	 0.025551 	 0.227294 	 0.248895
  130 	 0.016499 	 0.229707 	 0.248795
  131 	 0.235122 	 0.236345 	 0.248153
  132 	 0.018102 	 0.223181 	 0.248712
  133 	 0.013035 	 0.222507 	 0.235886
  134 	 0.015156 	 0.228624 	 0.248613
  135 	 0.235844 	 0.236627 	 0.248927
  136 	 0.018102 	 0.230899 	 0.248795
  137 	 0.012594 	 0.233012 	 0.235846
  138 	 0.032171 	 0.230335 	 0.248613
  139 	 0.144417 	 0.233726 	 0.248954
  140 	 0.015799 	 0.216586 	 0.247746
  141 	 0.012182 	 0.219074 	 0.241043
  142 	 0.012182 	 0.225203 	 0.248755
  143 	 0.012593 	 0.229013 	 0.248979
  144 	 0.027433 	 0.226190 	 0.248979
  145 	 0.014016 	 0.230895 	 0.248954
  146 	 0.235117 	 0.236408 	 0.248038
  147 	 0.025551 	 0.232366 	 0.248866
  148 	 0.235170 	 0.235815 	 0.235886
  149 	 0.013033 	 0.229667 	 0.248153
 