   0 	 0.001110 	 0.001801 	 0.003254
    1 	 0.001223 	 0.001845 	 0.003254
    2 	 0.001223 	 0.002036 	 0.003341
    3 	 0.001252 	 0.002132 	 0.004028
    4 	 0.001530 	 0.002399 	 0.004028
    5 	 0.001530 	 0.002568 	 0.004028
    6 	 0.001582 	 0.002722 	 0.005776
    7 	 0.001582 	 0.002830 	 0.005776
    8 	 0.001582 	 0.003238 	 0.005776
    9 	 0.001582 	 0.003696 	 0.007378
   10 	 0.002135 	 0.003934 	 0.008373
   11 	 0.002135 	 0.004194 	 0.008373
   12 	 0.002135 	 0.004738 	 0.008373
   13 	 0.002427 	 0.005344 	 0.008373
   14 	 0.002251 	 0.005786 	 0.008373
   15 	 0.002812 	 0.006120 	 0.008373
   16 	 0.002812 	 0.006230 	 0.008373
   17 	 0.002812 	 0.006133 	 0.008373
   18 	 0.002812 	 0.006421 	 0.008373
   19 	 0.004686 	 0.006626 	 0.008978
   20 	 0.005519 	 0.006630 	 0.008373
   21 	 0.004870 	 0.006797 	 0.008373
   22 	 0.004870 	 0.007072 	 0.013074
   23 	 0.004870 	 0.007184 	 0.008373
   24 	 0.003942 	 0.007332 	 0.011829
   25 	 0.005139 	 0.007554 	 0.012216
   26 	 0.005285 	 0.007672 	 0.012216
   27 	 0.005284 	 0.007912 	 0.012216
   28 	 0.004934 	 0.008419 	 0.014611
   29 	 0.004935 	 0.009136 	 0.039230
   30 	 0.004870 	 0.012780 	 0.039240
   31 	 0.004935 	 0.021545 	 0.049707
   32 	 0.006594 	 0.032403 	 0.049707
   33 	 0.009935 	 0.035907 	 0.049707
   34 	 0.021280 	 0.038897 	 0.049629
   35 	 0.015201 	 0.038545 	 0.049683
   36 	 0.039172 	 0.039319 	 0.049629
   37 	 0.009675 	 0.037303 	 0.049629
   38 	 0.011118 	 0.038106 	 0.049629
   39 	 0.015208 	 0.038842 	 0.049629
   40 	 0.014059 	 0.038782 	 0.049694
   41 	 0.010795 	 0.038293 	 0.049629
   42 	 0.011460 	 0.038480 	 0.049629
   43 	 0.012625 	 0.038829 	 0.049629
   44 	 0.012625 	 0.038951 	 0.049629
   45 	 0.015199 	 0.039756 	 0.049652
   46 	 0.014059 	 0.040218 	 0.049694
   47 	 0.012625 	 0.039436 	 0.049629
   48 	 0.029787 	 0.050429 	 0.749671
   49 	 0.013543 	 0.119050 	 0.750478
   50 	 0.039172 	 0.543949 	 0.735819
   51 	 0.015848 	 0.692148 	 0.749961
   52 	 0.014459 	 0.534627 	 0.735819
   53 	 0.038154 	 0.494284 	 0.748667
   54 	 0.014510 	 0.536292 	 0.749446
   55 	 0.021079 	 0.532282 	 0.736370
   56 	 0.079299 	 0.534163 	 0.749418
   57 	 0.486327 	 0.542152 	 0.745747
   58 	 0.025358 	 0.533590 	 0.714716
   59 	 0.220362 	 0.533294 	 0.553653
   60 	 0.018917 	 0.522128 	 0.743374
   61 	 0.533757 	 0.539873 	 0.649257
   62 	 0.019930 	 0.531930 	 0.746951
   63 	 0.012984 	 0.531169 	 0.539486
   64 	 0.015724 	 0.531133 	 0.746386
   65 	 0.013452 	 0.527903 	 0.750276
   66 	 0.016417 	 0.534863 	 0.748737
   67 	 0.013956 	 0.525750 	 0.750012
   68 	 0.015087 	 0.522820 	 0.748349
   69 	 0.012984 	 0.529154 	 0.749729
   70 	 0.023740 	 0.525919 	 0.749094
   71 	 0.013453 	 0.529284 	 0.750276
   72 	 -0.284847 	 0.533071 	 0.744270
   73 	 0.031861 	 0.536038 	 0.750012
   74 	 0.029351 	 0.523624 	 0.966173
   75 	 0.012984 	 0.520063 	 0.739798
   76 	 0.038436 	 0.532241 	 0.741174
   77 	 0.013453 	 0.539199 	 0.750276
   78 	 0.012984 	 0.497010 	 0.736217
   79 	 0.010738 	 0.509311 	 0.750012
   80 	 0.018003 	 0.548794 	 0.750276
   81 	 0.023740 	 0.530848 	 0.751542
   82 	 0.483060 	 0.536396 	 0.747461
   83 	 0.018003 	 0.514861 	 0.739798
   84 	 0.483718 	 0.538837 	 0.554656
   85 	 0.027207 	 0.541468 	 0.747461
   86 	 0.034841 	 0.531729 	 0.554454
   87 	 0.034841 	 0.525478 	 0.742354
   88 	 -0.284817 	 0.511002 	 0.738171
   89 	 0.015724 	 0.530890 	 0.738171
   90 	 0.014499 	 0.526577 	 0.966145
   91 	 0.012546 	 0.516412 	 0.748737
   92 	 0.042858 	 0.534536 	 0.749424
   93 	 -0.284847 	 0.513909 	 0.750522
   94 	 0.483259 	 0.540458 	 0.733828
   95 	 0.483003 	 0.550275 	 0.966173
   96 	 0.021056 	 0.531193 	 0.554595
   97 	 0.018003 	 0.528755 	 0.554674
   98 	 -0.284847 	 0.530669 	 0.745759
   99 	 0.038436 	 0.535459 	 0.747461
  100 	 0.012984 	 0.523190 	 0.966173
  101 	 0.483718 	 0.539736 	 0.736217
  102 	 0.015724 	 0.538540 	 0.750276
  103 	 0.012983 	 0.511663 	 0.554454
  104 	 0.017203 	 0.513015 	 0.748737
  105 	 0.065440 	 0.542957 	 0.750276
  106 	 0.013956 	 0.529891 	 0.747908
  107 	 0.483060 	 0.537715 	 0.721866
  108 	 0.012546 	 0.530573 	 0.749729
  109 	 0.065446 	 0.532511 	 0.554656
  110 	 0.012984 	 0.529035 	 0.750522
  111 	 0.023731 	 0.527652 	 0.721863
  112 	 0.029389 	 0.529794 	 0.750276
  113 	 0.489783 	 0.542733 	 0.744275
  114 	 0.483060 	 0.542122 	 0.741154
  115 	 0.023625 	 0.525807 	 0.552596
  116 	 0.017173 	 0.524406 	 0.554656
  117 	 0.015737 	 0.529851 	 0.744334
  118 	 0.019930 	 0.537137 	 0.747925
  119 	 0.484451 	 0.542186 	 0.748729
  120 	 0.016360 	 0.533537 	 0.746386
  121 	 0.015087 	 0.517802 	 0.554229
  122 	 0.017173 	 0.521196 	 0.748380
  123 	 0.012546 	 0.507604 	 0.749094
  124 	 0.017173 	 0.522109 	 0.747925
  125 	 0.017173 	 0.533262 	 0.750522
  126 	 -0.284818 	 0.503124 	 0.747925
  127 	 0.016417 	 0.528995 	 0.747925
  128 	 0.018003 	 0.536132 	 0.966145
  129 	 0.019847 	 0.536757 	 0.748349
  130 	 0.015087 	 0.534870 	 0.747461
  131 	 0.013453 	 0.520460 	 0.746433
  132 	 0.019930 	 0.523409 	 0.749094
  133 	 0.019930 	 0.531027 	 0.750012
  134 	 0.025356 	 0.537809 	 0.746386
  135 	 0.013956 	 0.524973 	 0.746386
  136 	 0.034841 	 0.521192 	 0.743376
  137 	 0.015724 	 0.524581 	 0.749729
  138 	 0.016417 	 0.525782 	 0.738171
  139 	 -0.284847 	 0.521130 	 0.748737
  140 	 0.022318 	 0.531512 	 0.748349
  141 	 0.019852 	 0.541357 	 0.966173
  142 	 -0.249350 	 0.510117 	 0.745058
  143 	 0.039217 	 0.523713 	 0.554545
  144 	 0.015724 	 0.520014 	 0.934135
  145 	 0.019930 	 0.531002 	 0.735794
  146 	 0.038436 	 0.528681 	 0.748737
  147 	 0.021056 	 0.535326 	 0.746386
  148 	 0.018918 	 0.521790 	 0.736217
  149 	 -0.284847 	 0.509901 	 0.745759
 