   0 	 0.001008 	 0.001817 	 0.003066
    1 	 0.001008 	 0.001885 	 0.003066
    2 	 0.001232 	 0.002023 	 0.003066
    3 	 0.001357 	 0.002141 	 0.003066
    4 	 0.001458 	 0.002201 	 0.003942
    5 	 0.001458 	 0.002207 	 0.003942
    6 	 0.001458 	 0.002326 	 0.004117
    7 	 0.001530 	 0.002551 	 0.004935
    8 	 0.001530 	 0.002646 	 0.004935
    9 	 0.001582 	 0.002847 	 0.004935
   10 	 0.001770 	 0.003072 	 0.004935
   11 	 0.001667 	 0.003155 	 0.005520
   12 	 0.002008 	 0.003290 	 0.008013
   13 	 0.002008 	 0.003551 	 0.008013
   14 	 0.002172 	 0.003740 	 0.008013
   15 	 0.002238 	 0.004342 	 0.010208
   16 	 0.002238 	 0.005018 	 0.010208
   17 	 0.002560 	 0.005903 	 0.010208
   18 	 0.002560 	 0.006186 	 0.010208
   19 	 0.002614 	 0.006557 	 0.010208
   20 	 0.002614 	 0.007135 	 0.010496
   21 	 0.002614 	 0.007574 	 0.010496
   22 	 0.004117 	 0.008026 	 0.010495
   23 	 0.004117 	 0.008010 	 0.014061
   24 	 0.004628 	 0.008434 	 0.022585
   25 	 0.004870 	 0.009307 	 0.022585
   26 	 0.004409 	 0.010435 	 0.022585
   27 	 0.005001 	 0.012158 	 0.022586
   28 	 0.006157 	 0.014199 	 0.022586
   29 	 0.006594 	 0.017198 	 0.022586
   30 	 0.006593 	 0.019381 	 0.022586
   31 	 0.006594 	 0.020396 	 0.022586
   32 	 0.009432 	 0.020686 	 0.022585
   33 	 0.008187 	 0.021145 	 0.022586
   34 	 0.010206 	 0.021850 	 0.022584
   35 	 0.008188 	 0.021886 	 0.022585
   36 	 0.008188 	 0.022560 	 0.067731
   37 	 0.009199 	 0.023174 	 0.067731
   38 	 0.009198 	 0.024885 	 0.067731
   39 	 0.022554 	 0.031204 	 0.067793
   40 	 0.007096 	 0.040456 	 0.067781
   41 	 0.011120 	 0.053915 	 0.067731
   42 	 0.008762 	 0.063887 	 0.067802
   43 	 0.013071 	 0.064253 	 0.067784
   44 	 0.013063 	 0.064417 	 0.067795
   45 	 0.011456 	 0.063643 	 0.067775
   46 	 0.015195 	 0.065653 	 0.067775
   47 	 0.008973 	 0.067722 	 0.248864
   48 	 0.011115 	 0.073507 	 0.245595
   49 	 0.011820 	 0.082752 	 0.245595
   50 	 0.011115 	 0.114908 	 0.249046
   51 	 -0.771028 	 0.156449 	 0.248418
   52 	 0.029763 	 0.213569 	 0.249046
   53 	 -0.771028 	 0.211890 	 0.309293
   54 	 0.025545 	 0.227975 	 0.247894
   55 	 0.029605 	 0.230614 	 0.309293
   56 	 0.013035 	 0.230943 	 0.248154
   57 	 0.013507 	 0.227863 	 0.247904
   58 	 0.025551 	 0.228719 	 0.248927
   59 	 0.020050 	 0.228680 	 0.248897
   60 	 0.038888 	 0.231395 	 0.248153
   61 	 0.017263 	 0.228152 	 0.248493
   62 	 0.016499 	 0.230681 	 0.247335
   63 	 0.021186 	 0.228536 	 0.248665
   64 	 0.035212 	 0.229123 	 0.248712
   65 	 0.027433 	 0.233786 	 0.642795
   66 	 0.022469 	 0.229684 	 0.642795
   67 	 0.016499 	 0.267629 	 0.742230
   68 	 0.013033 	 0.306984 	 0.642795
   69 	 0.029261 	 0.388051 	 0.651444
   70 	 0.012182 	 0.440260 	 0.750247
   71 	 0.215192 	 0.512495 	 0.741224
   72 	 0.014016 	 0.508124 	 0.750727
   73 	 0.027130 	 0.524256 	 0.651444
   74 	 0.012967 	 0.521307 	 0.749696
   75 	 0.015731 	 0.523829 	 0.742396
   76 	 0.042960 	 0.531249 	 0.750286
   77 	 0.013963 	 0.513300 	 0.748733
   78 	 0.029353 	 0.529835 	 0.733773
   79 	 0.034830 	 0.531237 	 0.749725
   80 	 -0.285588 	 0.518653 	 0.741173
   81 	 0.022319 	 0.510865 	 0.738177
   82 	 0.016417 	 0.517986 	 0.966865
   83 	 0.014608 	 0.527217 	 0.745058
   84 	 0.012984 	 0.522698 	 0.748349
   85 	 0.012546 	 0.523834 	 0.749363
   86 	 0.483510 	 0.545675 	 0.750276
   87 	 0.025356 	 0.538351 	 0.750522
   88 	 0.029351 	 0.529972 	 0.554518
   89 	 0.013452 	 0.506504 	 0.743376
   90 	 0.015087 	 0.522901 	 0.741174
   91 	 0.017173 	 0.538179 	 0.750012
   92 	 0.015083 	 0.538142 	 0.749094
   93 	 0.013956 	 0.533480 	 0.747925
   94 	 0.012546 	 0.512932 	 0.749096
   95 	 0.027207 	 0.523767 	 0.749729
   96 	 0.012629 	 0.516408 	 0.750522
   97 	 0.013956 	 0.533575 	 0.742354
   98 	 0.483003 	 0.547794 	 0.750476
   99 	 0.013956 	 0.514979 	 0.749729
  100 	 0.042956 	 0.529362 	 0.554674
  101 	 0.042855 	 0.541705 	 0.749729
  102 	 0.013967 	 0.521786 	 0.733775
  103 	 0.014500 	 0.512510 	 0.733829
  104 	 0.015087 	 0.538662 	 0.749723
  105 	 0.015087 	 0.529241 	 0.749424
  106 	 0.012546 	 0.507005 	 0.749094
  107 	 0.017173 	 0.513798 	 0.749094
  108 	 0.017173 	 0.524814 	 0.750522
  109 	 0.021080 	 0.541889 	 0.747925
  110 	 0.027207 	 0.538949 	 0.747925
  111 	 0.029351 	 0.531823 	 0.745746
  112 	 0.029351 	 0.526322 	 0.742354
  113 	 0.012984 	 0.522067 	 0.741174
  114 	 0.038412 	 0.530682 	 0.741174
  115 	 0.025346 	 0.538770 	 0.750276
  116 	 0.019930 	 0.517478 	 0.736230
  117 	 0.013453 	 0.519736 	 0.743381
  118 	 0.038436 	 0.528703 	 0.746386
  119 	 0.029351 	 0.539403 	 0.750012
  120 	 -0.284847 	 0.520507 	 0.736217
  121 	 0.012546 	 0.519480 	 0.741174
  122 	 -0.284848 	 0.517686 	 0.966173
  123 	 0.007978 	 0.526790 	 0.750522
  124 	 0.012984 	 0.536269 	 0.966173
  125 	 0.013956 	 0.518531 	 0.753104
  126 	 -0.284952 	 0.517421 	 0.750276
  127 	 0.482401 	 0.547061 	 0.749729
  128 	 0.012546 	 0.529287 	 0.966270
  129 	 0.013453 	 0.516673 	 0.554859
  130 	 0.013068 	 0.527734 	 0.750522
  131 	 0.013453 	 0.534571 	 0.750012
  132 	 0.012984 	 0.504147 	 0.750229
  133 	 0.034821 	 0.534474 	 0.750012
  134 	 0.013950 	 0.520322 	 0.750276
  135 	 0.013956 	 0.503134 	 0.738181
  136 	 0.013453 	 0.534433 	 0.749732
  137 	 0.027207 	 0.545939 	 0.749729
  138 	 0.018020 	 0.528987 	 0.750012
  139 	 0.483188 	 0.537066 	 0.742354
  140 	 0.016535 	 0.522015 	 0.747452
  141 	 0.016430 	 0.513422 	 0.554617
  142 	 0.018918 	 0.507956 	 0.748282
  143 	 0.015087 	 0.524742 	 0.748341
  144 	 0.018918 	 0.511688 	 0.746951
  145 	 0.012546 	 0.525452 	 0.749094
  146 	 0.015098 	 0.543342 	 0.746951
  147 	 0.015087 	 0.531702 	 0.750522
  148 	 0.016417 	 0.519393 	 0.749088
  149 	 -0.284847 	 0.511906 	 0.749094
 