   0 	 0.001110 	 0.001794 	 0.003821
    1 	 0.001110 	 0.001863 	 0.003821
    2 	 0.001110 	 0.002003 	 0.003861
    3 	 0.001323 	 0.002118 	 0.003861
    4 	 0.001323 	 0.002351 	 0.003861
    5 	 0.001393 	 0.002632 	 0.003861
    6 	 0.001393 	 0.002875 	 0.004210
    7 	 0.001464 	 0.003051 	 0.003985
    8 	 0.001667 	 0.003145 	 0.004307
    9 	 0.001589 	 0.003287 	 0.005776
   10 	 0.001589 	 0.003540 	 0.006480
   11 	 0.002147 	 0.003668 	 0.005776
   12 	 0.002147 	 0.003710 	 0.006594
   13 	 0.002111 	 0.003777 	 0.006594
   14 	 0.002321 	 0.003850 	 0.006594
   15 	 0.002321 	 0.003933 	 0.006594
   16 	 0.003041 	 0.004249 	 0.007844
   17 	 0.002578 	 0.004439 	 0.007844
   18 	 0.002899 	 0.004890 	 0.007844
   19 	 0.002899 	 0.005251 	 0.009433
   20 	 0.003282 	 0.005785 	 0.009433
   21 	 0.003171 	 0.006243 	 0.009200
   22 	 0.003282 	 0.006529 	 0.009200
   23 	 0.003498 	 0.006829 	 0.009200
   24 	 0.003531 	 0.007091 	 0.010208
   25 	 0.003531 	 0.007157 	 0.010208
   26 	 0.003531 	 0.007027 	 0.010208
   27 	 0.004357 	 0.007055 	 0.010208
   28 	 0.004357 	 0.007401 	 0.010208
   29 	 0.004210 	 0.007575 	 0.010208
   30 	 0.005069 	 0.007846 	 0.010208
   31 	 0.004934 	 0.007960 	 0.014061
   32 	 0.004686 	 0.008644 	 0.014061
   33 	 0.005069 	 0.009536 	 0.014061
   34 	 0.004935 	 0.009920 	 0.014061
   35 	 0.004935 	 0.009889 	 0.014061
   36 	 0.006262 	 0.010670 	 0.021294
   37 	 0.005519 	 0.011397 	 0.021294
   38 	 0.004935 	 0.011556 	 0.021294
   39 	 0.004934 	 0.012910 	 0.021294
   40 	 0.006261 	 0.013887 	 0.021294
   41 	 0.007234 	 0.015460 	 0.021294
   42 	 0.006261 	 0.016414 	 0.021294
   43 	 0.006058 	 0.017202 	 0.021294
   44 	 0.006058 	 0.018019 	 0.021295
   45 	 0.006058 	 0.019372 	 0.021295
   46 	 0.011826 	 0.020091 	 0.021295
   47 	 0.010494 	 0.020372 	 0.021295
   48 	 0.014058 	 0.020949 	 0.021292
   49 	 0.008011 	 0.020749 	 0.021293
   50 	 0.008372 	 0.022017 	 0.106449
   51 	 0.011120 	 0.028614 	 0.106599
   52 	 0.013547 	 0.047794 	 0.106595
   53 	 0.014591 	 0.075470 	 0.106564
   54 	 -0.248289 	 0.090000 	 0.106536
   55 	 0.011815 	 0.098648 	 0.106449
   56 	 0.015831 	 0.098492 	 0.109593
   57 	 0.016534 	 0.097584 	 0.106556
   58 	 0.016553 	 0.101555 	 0.106510
   59 	 0.021250 	 0.101622 	 0.106484
   60 	 0.011452 	 0.103205 	 0.106502
   61 	 0.105492 	 0.105546 	 0.106449
   62 	 0.018145 	 0.104437 	 0.106560
   63 	 0.015831 	 0.104090 	 0.105503
   64 	 0.015831 	 0.104394 	 0.106484
   65 	 -0.253592 	 0.096480 	 0.106510
   66 	 0.013057 	 0.101738 	 0.106510
   67 	 0.013057 	 0.103973 	 0.109657
   68 	 0.022535 	 0.103077 	 0.106542
   69 	 0.011815 	 0.100136 	 0.106542
   70 	 -0.253592 	 0.098817 	 0.106434
   71 	 0.014591 	 0.101288 	 0.106552
   72 	 0.032307 	 0.103749 	 0.109657
   73 	 0.014041 	 0.101122 	 0.106524
   74 	 0.014041 	 0.101343 	 0.106324
   75 	 0.013057 	 0.103284 	 0.106531
   76 	 -0.253592 	 0.099905 	 0.106531
   77 	 0.015186 	 0.101992 	 0.106542
   78 	 0.022535 	 0.100652 	 0.109657
   79 	 0.011452 	 0.101737 	 0.106518
   80 	 0.011452 	 0.100149 	 0.106434
   81 	 0.015831 	 0.102136 	 0.106560
   82 	 0.011452 	 0.102045 	 0.106560
   83 	 0.011451 	 0.102033 	 0.106510
   84 	 0.016534 	 0.101665 	 0.106560
   85 	 0.011815 	 0.103456 	 0.106560
   86 	 0.017302 	 0.103424 	 0.106502
   87 	 0.011815 	 0.103274 	 0.106556
   88 	 0.013057 	 0.101905 	 0.106494
   89 	 0.013057 	 0.102938 	 0.106556
   90 	 0.011815 	 0.103457 	 0.106542
   91 	 0.011815 	 0.096970 	 0.106542
   92 	 0.011452 	 0.104350 	 0.106556
   93 	 0.020103 	 0.103039 	 0.106556
   94 	 0.015186 	 0.098172 	 0.106560
   95 	 0.015186 	 0.101145 	 0.106462
   96 	 0.011452 	 0.101190 	 0.106518
   97 	 0.011452 	 0.101051 	 0.106518
   98 	 0.011463 	 0.100544 	 0.106518
   99 	 0.012615 	 0.100509 	 0.106560
  100 	 -0.253592 	 0.096170 	 0.106560
  101 	 0.012615 	 0.101392 	 0.106547
  102 	 0.039086 	 0.103270 	 0.109657
  103 	 0.013531 	 0.102448 	 0.106547
  104 	 0.009668 	 0.100436 	 0.106247
  105 	 0.039188 	 0.103931 	 0.106537
  106 	 0.023986 	 0.104250 	 0.106580
  107 	 0.105491 	 0.105520 	 0.106246
  108 	 0.015186 	 0.101231 	 0.106418
  109 	 0.011815 	 0.101465 	 0.105503
  110 	 0.039086 	 0.104721 	 0.106518
  111 	 0.022535 	 0.103204 	 0.106556
  112 	 0.012202 	 0.101579 	 0.106247
  113 	 0.015186 	 0.100469 	 0.106434
  114 	 0.032307 	 0.103111 	 0.106552
  115 	 0.011452 	 0.102863 	 0.106518
  116 	 0.013057 	 0.103271 	 0.106324
  117 	 0.105491 	 0.105532 	 0.106560
  118 	 0.012215 	 0.102383 	 0.106494
  119 	 0.029729 	 0.104555 	 0.105503
  120 	 0.014591 	 0.100932 	 0.106551
  121 	 0.017302 	 0.101665 	 0.106353
  122 	 0.012615 	 0.101232 	 0.106524
  123 	 0.018145 	 0.103456 	 0.106494
  124 	 0.018145 	 0.100388 	 0.106547
  125 	 0.105492 	 0.105526 	 0.106484
  126 	 0.067353 	 0.105083 	 0.106484
  127 	 0.017302 	 0.101329 	 0.105503
  128 	 0.013531 	 0.102798 	 0.105929
  129 	 0.015186 	 0.103446 	 0.106494
  130 	 0.013057 	 0.103067 	 0.106537
  131 	 -0.253592 	 0.098947 	 0.106518
  132 	 0.023986 	 0.102566 	 0.106542
  133 	 0.013057 	 0.100991 	 0.109657
  134 	 0.013057 	 0.103361 	 0.106418
  135 	 0.017302 	 0.104451 	 0.106542
  136 	 0.011452 	 0.101067 	 0.106542
  137 	 0.011815 	 0.103231 	 0.106494
  138 	 0.014591 	 0.103705 	 0.106518
  139 	 0.014041 	 0.103685 	 0.106556
  140 	 0.013057 	 0.103452 	 0.106524
  141 	 0.011815 	 0.099120 	 0.106531
  142 	 -0.253592 	 0.097846 	 0.106542
  143 	 0.082844 	 0.105278 	 0.106556
  144 	 0.027532 	 0.103719 	 0.109657
  145 	 0.012615 	 0.101887 	 0.105756
  146 	 0.011452 	 0.101441 	 0.106378
  147 	 0.019074 	 0.102725 	 0.106547
  148 	 0.011452 	 0.098589 	 0.106434
  149 	 0.015186 	 0.099688 	 0.106474
 