   0 	 0.001107 	 0.001811 	 0.003402
    1 	 0.001107 	 0.001939 	 0.003782
    2 	 0.001212 	 0.002135 	 0.003498
    3 	 0.001212 	 0.002379 	 0.004072
    4 	 0.001212 	 0.002493 	 0.003671
    5 	 0.001212 	 0.002545 	 0.003671
    6 	 0.001452 	 0.002685 	 0.004409
    7 	 0.001452 	 0.002775 	 0.004117
    8 	 0.001787 	 0.002914 	 0.004870
    9 	 0.001713 	 0.002993 	 0.004870
   10 	 0.001530 	 0.002989 	 0.004870
   11 	 0.001987 	 0.002962 	 0.005688
   12 	 0.001976 	 0.002939 	 0.005688
   13 	 0.002008 	 0.003054 	 0.007682
   14 	 0.002064 	 0.003477 	 0.007682
   15 	 0.002064 	 0.003673 	 0.007682
   16 	 0.001770 	 0.003928 	 0.007682
   17 	 0.001998 	 0.004170 	 0.009678
   18 	 0.001998 	 0.004705 	 0.009678
   19 	 0.002671 	 0.005662 	 0.009677
   20 	 0.002992 	 0.006345 	 0.009678
   21 	 0.002992 	 0.006862 	 0.011122
   22 	 0.003531 	 0.007208 	 0.011122
   23 	 0.003565 	 0.007525 	 0.011122
   24 	 0.003198 	 0.007500 	 0.011122
   25 	 0.004807 	 0.007977 	 0.011465
   26 	 0.005069 	 0.008423 	 0.011465
   27 	 0.005069 	 0.008783 	 0.011464
   28 	 0.005776 	 0.009162 	 0.011464
   29 	 0.005211 	 0.009853 	 0.013073
   30 	 0.006262 	 0.010166 	 0.013074
   31 	 0.006261 	 0.010262 	 0.013074
   32 	 0.005139 	 0.009960 	 0.013073
   33 	 0.005961 	 0.010598 	 0.015856
   34 	 0.006158 	 0.011451 	 0.015857
   35 	 0.005284 	 0.010961 	 0.015856
   36 	 0.004870 	 0.011661 	 0.015856
   37 	 0.006713 	 0.012187 	 0.015856
   38 	 0.006479 	 0.012660 	 0.015857
   39 	 0.006479 	 0.013158 	 0.015856
   40 	 0.006158 	 0.013621 	 0.015856
   41 	 0.007681 	 0.013657 	 0.015856
   42 	 0.007681 	 0.014066 	 0.015856
   43 	 0.006594 	 0.014414 	 0.015856
   44 	 0.006713 	 0.014759 	 0.015856
   45 	 0.008188 	 0.014900 	 0.016559
   46 	 0.007526 	 0.015354 	 0.016559
   47 	 0.008766 	 0.015310 	 0.016559
   48 	 0.005961 	 0.015533 	 0.016559
   49 	 0.007096 	 0.015461 	 0.016559
   50 	 0.007096 	 0.015370 	 0.016561
   51 	 0.004807 	 0.015463 	 0.019106
   52 	 0.007234 	 0.015574 	 0.019109
   53 	 0.007681 	 0.015350 	 0.019106
   54 	 0.007843 	 0.015556 	 0.019106
   55 	 0.007843 	 0.015509 	 0.019106
   56 	 0.007843 	 0.016811 	 0.106510
   57 	 0.007526 	 0.016614 	 0.106510
   58 	 0.007234 	 0.019982 	 0.106510
   59 	 0.007096 	 0.039163 	 0.106605
   60 	 0.009926 	 0.083884 	 0.106608
   61 	 0.015831 	 0.101753 	 0.106610
   62 	 0.013531 	 0.103494 	 0.106577
   63 	 0.105490 	 0.105545 	 0.106510
   64 	 0.011815 	 0.103301 	 0.106537
   65 	 0.105492 	 0.105502 	 0.105503
   66 	 0.011451 	 0.104352 	 0.106556
   67 	 0.019074 	 0.103475 	 0.105503
   68 	 -0.794286 	 0.090213 	 0.106560
   69 	 0.032307 	 0.103838 	 0.106474
   70 	 0.017302 	 0.102896 	 0.116569
   71 	 0.015186 	 0.102705 	 0.106324
   72 	 0.013057 	 0.102098 	 0.106494
   73 	 0.015186 	 0.101319 	 0.106518
   74 	 0.013531 	 0.100994 	 0.106542
   75 	 0.018145 	 0.099274 	 0.106518
   76 	 0.011815 	 0.098314 	 0.106537
   77 	 0.011815 	 0.100534 	 0.106484
   78 	 0.012202 	 0.101120 	 0.106556
   79 	 0.017302 	 0.103502 	 0.147187
   80 	 -0.794286 	 0.093872 	 0.147187
   81 	 -0.794286 	 0.093718 	 0.147165
   82 	 0.021250 	 0.105634 	 0.147187
   83 	 0.015831 	 0.107653 	 0.147187
   84 	 0.013531 	 0.107301 	 0.149035
   85 	 0.023986 	 0.113313 	 0.147187
   86 	 0.022535 	 0.112498 	 0.149207
   87 	 0.020086 	 0.109112 	 0.147197
   88 	 0.012608 	 0.111619 	 0.148642
   89 	 0.013057 	 0.116365 	 0.148896
   90 	 0.025637 	 0.119046 	 0.147197
   91 	 0.027532 	 0.119076 	 0.148896
   92 	 0.015821 	 0.118933 	 0.147197
   93 	 0.012202 	 0.120370 	 0.148896
   94 	 -0.253562 	 0.117171 	 0.149156
   95 	 -0.253562 	 0.121439 	 0.149237
   96 	 0.014041 	 0.129054 	 0.155400
   97 	 0.013057 	 0.129311 	 0.155400
   98 	 -0.253563 	 0.130992 	 0.149196
   99 	 0.029692 	 0.139191 	 0.149218
  100 	 0.105041 	 0.143035 	 0.155400
  101 	 0.027501 	 0.143430 	 0.148848
  102 	 0.011809 	 0.142490 	 0.147197
  103 	 0.023963 	 0.144326 	 0.148897
  104 	 0.023963 	 0.142354 	 0.149245
  105 	 0.012196 	 0.140592 	 0.148975
  106 	 0.011809 	 0.140713 	 0.148975
  107 	 0.013050 	 0.143220 	 0.149237
  108 	 0.019059 	 0.144840 	 0.149245
  109 	 0.146246 	 0.146376 	 0.149218
  110 	 0.011809 	 0.143037 	 0.149084
  111 	 0.019059 	 0.143139 	 0.146310
  112 	 0.146249 	 0.146380 	 0.149245
  113 	 0.146308 	 0.146378 	 0.149084
  114 	 0.013524 	 0.141736 	 0.146310
  115 	 0.013050 	 0.141386 	 0.146308
  116 	 0.017290 	 0.143338 	 0.149207
  117 	 -0.256243 	 0.138208 	 0.149218
  118 	 0.018130 	 0.143208 	 0.149123
  119 	 0.146246 	 0.146490 	 0.155465
  120 	 -0.256428 	 0.132235 	 0.149105
  121 	 0.021231 	 0.141894 	 0.146310
  122 	 0.025610 	 0.145111 	 0.155469
  123 	 0.012608 	 0.138407 	 0.149036
  124 	 0.014033 	 0.139312 	 0.148939
  125 	 0.016523 	 0.140817 	 0.149184
  126 	 0.012196 	 0.142321 	 0.149196
  127 	 0.012196 	 0.143131 	 0.149140
  128 	 0.025610 	 0.143429 	 0.149237
  129 	 0.014033 	 0.141645 	 0.149237
  130 	 -0.256243 	 0.138304 	 0.148939
  131 	 0.016523 	 0.140512 	 0.149196
  132 	 0.014583 	 0.140240 	 0.155465
  133 	 0.012196 	 0.140462 	 0.149140
  134 	 0.146113 	 0.146441 	 0.149184
  135 	 0.146248 	 0.146436 	 0.149237
  136 	 0.021231 	 0.141807 	 0.146313
  137 	 0.043590 	 0.144506 	 0.146310
  138 	 0.015177 	 0.139827 	 0.149036
  139 	 0.013524 	 0.143047 	 0.147197
  140 	 0.022514 	 0.141915 	 0.149170
  141 	 0.022514 	 0.144832 	 0.149207
  142 	 0.146247 	 0.146404 	 0.149007
  143 	 0.014583 	 0.143269 	 0.149007
  144 	 -0.256243 	 0.134136 	 0.146310
  145 	 0.012196 	 0.138776 	 0.149184
  146 	 0.014033 	 0.141752 	 0.155465
  147 	 0.011809 	 0.141849 	 0.149237
  148 	 0.011809 	 0.141627 	 0.149196
  149 	 0.011809 	 0.138940 	 0.149245
 