   0 	 0.001039 	 0.001829 	 0.003671
    1 	 0.001244 	 0.001978 	 0.003671
    2 	 0.001244 	 0.002160 	 0.003671
    3 	 0.001244 	 0.002266 	 0.003671
    4 	 0.001352 	 0.002454 	 0.003671
    5 	 0.001569 	 0.002566 	 0.003861
    6 	 0.001458 	 0.002601 	 0.003985
    7 	 0.001458 	 0.002635 	 0.004357
    8 	 0.001458 	 0.002809 	 0.004357
    9 	 0.001458 	 0.003009 	 0.005139
   10 	 0.001945 	 0.003170 	 0.005139
   11 	 0.002224 	 0.003243 	 0.005139
   12 	 0.002224 	 0.003275 	 0.005139
   13 	 0.002365 	 0.003314 	 0.005139
   14 	 0.002336 	 0.003523 	 0.005139
   15 	 0.002427 	 0.003719 	 0.005139
   16 	 0.002427 	 0.003727 	 0.005688
   17 	 0.002459 	 0.003850 	 0.005688
   18 	 0.002596 	 0.004058 	 0.006479
   19 	 0.002671 	 0.004360 	 0.006480
   20 	 0.002671 	 0.004429 	 0.006480
   21 	 0.002671 	 0.004341 	 0.006480
   22 	 0.002833 	 0.004627 	 0.006480
   23 	 0.002833 	 0.004511 	 0.006713
   24 	 0.003144 	 0.004690 	 0.006480
   25 	 0.003254 	 0.005013 	 0.006713
   26 	 0.003254 	 0.005198 	 0.006713
   27 	 0.003092 	 0.005400 	 0.007097
   28 	 0.003092 	 0.005447 	 0.007097
   29 	 0.003402 	 0.005496 	 0.007097
   30 	 0.003402 	 0.005658 	 0.007097
   31 	 0.003402 	 0.005745 	 0.007097
   32 	 0.003402 	 0.005715 	 0.007097
   33 	 0.003402 	 0.005833 	 0.007378
   34 	 0.003402 	 0.006073 	 0.008767
   35 	 0.004409 	 0.006362 	 0.008767
   36 	 0.004409 	 0.006460 	 0.009433
   37 	 0.004409 	 0.006722 	 0.010800
   38 	 0.004409 	 0.006794 	 0.010800
   39 	 0.004409 	 0.006732 	 0.011829
   40 	 0.004307 	 0.006981 	 0.011829
   41 	 0.004571 	 0.007275 	 0.020143
   42 	 0.004571 	 0.007764 	 0.020143
   43 	 0.004462 	 0.009413 	 0.020143
   44 	 0.005211 	 0.011206 	 0.021295
   45 	 0.004628 	 0.013228 	 0.021295
   46 	 0.004870 	 0.015718 	 0.021295
   47 	 0.006712 	 0.017738 	 0.021294
   48 	 0.006712 	 0.018522 	 0.021295
   49 	 0.010207 	 0.019519 	 0.021294
   50 	 0.008011 	 0.019069 	 0.021294
   51 	 0.008012 	 0.019442 	 0.021289
   52 	 0.009431 	 0.019528 	 0.021292
   53 	 0.008188 	 0.019644 	 0.025693
   54 	 0.008188 	 0.019263 	 0.025694
   55 	 0.007377 	 0.019878 	 0.025693
   56 	 0.012214 	 0.020095 	 0.025693
   57 	 0.008372 	 0.019838 	 0.025693
   58 	 0.008372 	 0.020098 	 0.025693
   59 	 0.007681 	 0.020028 	 0.025693
   60 	 0.007681 	 0.019521 	 0.025697
   61 	 0.007681 	 0.019977 	 0.025694
   62 	 0.006368 	 0.019740 	 0.025701
   63 	 0.008372 	 0.019814 	 0.025694
   64 	 0.011827 	 0.020306 	 0.025695
   65 	 0.009432 	 0.020198 	 0.025694
   66 	 0.006479 	 0.020219 	 0.025695
   67 	 0.008012 	 0.020774 	 0.027596
   68 	 0.008012 	 0.020805 	 0.027598
   69 	 0.008012 	 0.020774 	 0.027598
   70 	 0.010798 	 0.021370 	 0.027598
   71 	 0.007681 	 0.021665 	 0.027604
   72 	 0.008977 	 0.021296 	 0.035482
   73 	 0.008564 	 0.021513 	 0.035482
   74 	 0.007843 	 0.021231 	 0.027596
   75 	 0.007843 	 0.021473 	 0.027596
   76 	 0.009431 	 0.022583 	 0.032390
   77 	 0.008011 	 0.023732 	 0.032407
   78 	 0.008011 	 0.024524 	 0.032396
   79 	 0.007681 	 0.024554 	 0.032396
   80 	 0.009431 	 0.025129 	 0.032398
   81 	 0.020133 	 0.027282 	 0.049676
   82 	 0.011462 	 0.028218 	 0.049673
   83 	 0.011120 	 0.029084 	 0.049662
   84 	 0.008564 	 0.028474 	 0.049646
   85 	 0.008564 	 0.029932 	 0.035475
   86 	 0.012626 	 0.031539 	 0.049646
   87 	 0.009675 	 0.031890 	 0.049662
   88 	 0.025685 	 0.033936 	 0.049662
   89 	 0.011119 	 0.033725 	 0.049694
   90 	 0.025685 	 0.035012 	 0.049662
   91 	 0.022572 	 0.034841 	 0.049662
   92 	 0.009675 	 0.035851 	 0.049662
   93 	 0.014056 	 0.036697 	 0.049646
   94 	 0.014056 	 0.039169 	 0.049646
   95 	 0.009430 	 0.040008 	 0.049691
   96 	 0.011119 	 0.042455 	 0.106323
   97 	 -0.750677 	 0.032935 	 0.057223
   98 	 0.011459 	 0.042501 	 0.049698
   99 	 0.011461 	 0.045063 	 0.049691
  100 	 0.010203 	 0.045265 	 0.049697
  101 	 0.013542 	 0.046376 	 0.049697
  102 	 0.006260 	 0.045284 	 0.049697
  103 	 0.011117 	 0.047020 	 0.049692
  104 	 -0.760519 	 0.036224 	 0.049710
  105 	 0.017319 	 0.045907 	 0.049698
  106 	 0.014052 	 0.048001 	 0.051680
  107 	 0.014052 	 0.046881 	 0.049683
  108 	 0.015845 	 0.047447 	 0.057223
  109 	 0.008763 	 0.047255 	 0.057331
  110 	 0.008010 	 0.048753 	 0.057223
  111 	 0.010203 	 0.048098 	 0.049704
  112 	 0.010203 	 0.046493 	 0.049706
  113 	 0.016549 	 0.047636 	 0.049700
  114 	 0.019094 	 0.048982 	 0.049700
  115 	 0.012210 	 0.046962 	 0.057223
  116 	 0.013067 	 0.048687 	 0.057223
  117 	 0.011823 	 0.048060 	 0.057223
  118 	 0.011823 	 0.046964 	 0.049693
  119 	 0.010795 	 0.048115 	 0.049696
  120 	 0.006962 	 0.048175 	 0.049696
  121 	 0.011459 	 0.046888 	 0.057288
  122 	 0.014052 	 0.047324 	 0.057223
  123 	 0.012624 	 0.047267 	 0.049697
  124 	 0.018163 	 0.047554 	 0.049691
  125 	 0.019094 	 0.048508 	 0.049694
  126 	 0.049603 	 0.049608 	 0.049681
  127 	 0.017319 	 0.049298 	 0.057323
  128 	 0.017319 	 0.048987 	 0.057223
  129 	 0.010203 	 0.049397 	 0.057223
  130 	 -0.760519 	 0.037418 	 0.057223
  131 	 0.015845 	 0.049432 	 0.057223
  132 	 0.011823 	 0.049318 	 0.057344
  133 	 0.013542 	 0.049404 	 0.057223
  134 	 0.039172 	 0.050486 	 0.057223
  135 	 0.011117 	 0.050752 	 0.057257
  136 	 0.016549 	 0.051326 	 0.057257
  137 	 0.016549 	 0.050107 	 0.057295
  138 	 0.011459 	 0.050301 	 0.057223
  139 	 0.011458 	 0.050908 	 0.057223
  140 	 0.012210 	 0.050481 	 0.057348
  141 	 0.012210 	 0.049605 	 0.057223
  142 	 0.014603 	 0.049487 	 0.057344
  143 	 0.014058 	 0.048601 	 0.057343
  144 	 0.010203 	 0.049790 	 0.057323
  145 	 0.008185 	 0.051734 	 0.057339
  146 	 0.032357 	 0.053458 	 0.057352
  147 	 0.010491 	 0.052387 	 0.057359
  148 	 0.010490 	 0.053389 	 0.057279
  149 	 0.012209 	 0.053351 	 0.057331
 