0	0.016258	0.078406	1.545314
1	0.019890	0.658694	3.953948
2	0.028837	1.040319	3.317674
3	0.033962	0.922529	4.323943
4	0.038121	0.747543	4.191633
5	0.038675	0.997523	4.286528
6	0.040286	1.163164	4.600024
7	0.041465	1.060628	4.994246
8	0.040182	0.967175	6.498846
9	0.042614	1.117412	5.776336
10	0.036789	1.192507	6.621725
11	0.041430	1.109165	6.115567
12	0.036773	1.119259	8.830854
13	0.046259	1.212310	7.566815
14	0.034931	1.274821	8.213790
15	0.040695	1.218592	7.704153
16	0.041260	1.319455	11.513660
17	0.036268	1.354292	10.878504
18	0.038967	1.447677	9.940758
19	0.037873	1.522858	13.381160
20	0.037527	1.519399	12.665556
21	0.037983	1.539406	12.411583
22	0.040199	1.653954	13.109596
23	0.035877	1.625158	13.856643
24	0.036219	1.563884	12.716871
25	0.036747	1.681060	14.155137
26	0.038468	1.773827	14.858346
27	0.036860	1.765354	15.594052
28	0.036370	1.711779	15.010094
29	0.036820	1.770015	16.678077
30	0.036742	1.918751	17.284471
31	0.034266	1.867522	16.177214
32	0.037426	1.851045	16.766279
33	0.037819	1.951677	17.287590
34	0.034784	2.036729	16.719532
35	0.032319	2.023123	17.448309
36	0.037452	2.064899	19.939313
37	0.034474	2.147953	18.885299
38	0.033194	2.155942	19.102739
39	0.032940	2.102857	18.746622
40	0.035446	2.216434	21.135444
41	0.033636	2.274979	19.539963
42	0.031196	2.285458	19.847407
43	0.030606	2.256631	21.820906
44	0.034352	2.445706	21.061986
45	0.035120	2.457268	22.510234
46	0.034539	2.459600	20.771242
47	0.033010	2.365526	19.912818
48	0.031579	2.433413	21.070990
49	0.035446	2.511815	21.938888
50	0.031987	2.557686	22.388627
51	0.034500	2.361879	20.210662
52	0.034132	2.476857	21.060494
53	0.033233	2.541555	22.651308
54	0.033563	2.560399	21.184658
55	0.033136	2.511801	21.940943
56	0.035252	2.515452	22.055932
57	0.033495	2.580905	22.300808
58	0.035543	2.666376	21.133129
59	0.034100	2.616486	21.830931
60	0.030721	2.561968	22.235949
61	0.034472	2.666157	22.125478
62	0.032710	2.802393	24.269293
63	0.033113	2.703030	22.754389
64	0.032863	2.650966	23.698218
65	0.032439	2.656712	22.526278
66	0.032844	2.949238	22.909864
67	0.033476	2.724630	22.714356
68	0.032869	2.714502	24.120578
69	0.032126	2.805040	23.930262
70	0.034048	2.949168	23.080731
71	0.032382	2.817718	23.270371
72	0.031898	2.659472	23.313804
73	0.033117	2.774959	22.582010
74	0.032221	2.836036	23.457322
75	0.031583	2.799989	22.316546
76	0.032122	2.773811	24.319320
77	0.034021	2.952941	24.091491
78	0.032760	2.892981	24.547829
79	0.034082	2.822171	22.909462
80	0.032159	2.737149	22.524515
81	0.032770	2.895882	24.013826
82	0.031447	2.799497	24.228931
83	0.031601	2.778580	24.381806
84	0.032497	2.892118	25.572622
85	0.030548	2.935523	25.300165
86	0.034061	2.751264	23.316670
87	0.030073	2.799029	25.892264
88	0.030575	2.807137	23.546715
89	0.031103	2.939744	25.081381
90	0.035859	2.920330	26.566319
91	0.029187	2.911086	25.533364
92	0.031381	2.858722	23.218394
93	0.031556	2.911595	26.421558
94	0.033774	2.964906	24.618067
95	0.030803	3.032629	26.056051
96	0.030400	2.881462	24.594751
97	0.030369	2.935707	26.398500
98	0.031406	3.067243	26.706237
99	0.030553	2.973906	24.999085
100	0.032312	2.954088	24.318359
101	0.032439	3.013704	26.188324
102	0.031444	3.024271	25.549869
103	0.030789	3.011362	23.967145
104	0.030311	3.080371	27.013641
105	0.030903	2.969878	24.589731
106	0.030239	3.088529	27.887299
107	0.033285	2.956666	24.725693
108	0.031459	3.034722	25.640330
109	0.031013	3.035563	24.402887
110	0.032269	3.154973	25.268303
111	0.031029	3.048730	25.800796
112	0.031137	2.923682	25.385445
113	0.033639	3.126969	25.728323
114	0.030651	3.192449	26.961584
115	0.030142	3.000264	23.488222
116	0.030304	2.930758	26.872708
117	0.034092	3.010794	25.147213
118	0.031570	3.257306	25.985009
119	0.032648	3.156180	26.070450
120	0.030507	2.944894	26.889100
121	0.030633	2.924921	25.468267
122	0.030832	3.215599	26.507528
123	0.032769	3.228934	27.067395
124	0.032644	2.958044	25.119186
125	0.030171	2.838941	24.882096
126	0.033386	3.051029	26.165708
127	0.032045	3.274619	27.466135
128	0.031556	3.005841	25.391734
129	0.031866	2.891015	26.617273
130	0.031117	3.080414	26.188253
131	0.029950	3.158456	25.189067
132	0.031807	3.044289	27.914468
133	0.029625	3.209770	28.784277
134	0.030614	3.185691	27.329507
135	0.029956	3.130399	28.155732
136	0.030573	3.059848	26.348421
137	0.029906	3.229018	28.129932
138	0.028741	3.167449	26.129458
139	0.031145	3.141604	25.968619
140	0.030147	3.260286	28.534183
141	0.031895	3.246091	25.746977
142	0.030327	3.075148	27.438379
143	0.030332	3.161041	26.870974
144	0.029770	3.108750	26.664173
145	0.029436	3.169391	27.035666
146	0.030484	3.120095	26.355981
147	0.029335	3.064980	28.303221
148	0.029996	3.142000	25.887245
149	0.030707	3.239257	27.858746
150	0.030769	3.051320	28.049900
151	0.030569	3.169528	27.005535
152	0.030554	3.262495	27.536419
153	0.029739	3.310990	27.413872
154	0.027139	3.061700	28.388028
155	0.031382	3.254217	27.614724
156	0.030293	3.485786	29.186055
157	0.029209	3.182025	26.322990
158	0.031171	3.222431	27.835365
159	0.031485	3.323271	27.790950
160	0.030534	3.403964	27.082688
161	0.031430	3.213176	25.574676
162	0.030595	3.335700	28.479676
163	0.030700	3.314828	26.925962
164	0.029864	3.513108	28.048191
165	0.029515	3.368535	27.434220
166	0.028124	3.353379	27.762070
167	0.031286	3.417238	27.874273
168	0.030284	3.440817	26.991697
169	0.029134	3.333244	26.932327
170	0.029730	3.312790	27.096714
171	0.031317	3.514369	27.658729
172	0.029231	3.473656	27.321344
173	0.030295	3.207396	25.065140
174	0.029020	3.065564	27.136588
175	0.031229	3.495664	28.001092
176	0.032032	3.532955	29.277547
177	0.030588	3.318683	26.244283
178	0.028746	3.087855	27.974162
179	0.030286	3.348167	28.156799
180	0.029574	3.530862	29.562540
181	0.030105	3.330027	28.009504
182	0.029206	3.134653	29.383804
183	0.030334	3.388900	27.709121
184	0.028273	3.683207	30.448231
185	0.030432	3.350238	27.708198
186	0.029186	3.094516	28.880763
187	0.031534	3.459849	28.327811
188	0.030535	3.552541	29.933731
189	0.029002	3.176315	24.906729
190	0.030277	2.989012	26.881571
191	0.027740	3.456383	30.206521
192	0.029158	3.485324	29.277759
193	0.029535	3.340466	27.787742
194	0.029689	3.124386	27.993518
195	0.030628	3.424339	27.363875
196	0.031388	3.489625	31.239228
197	0.030995	3.320102	27.750396
198	0.029516	3.137594	24.363845
199	0.031654	3.362883	26.760216
200	0.030905	3.499680	29.483106
201	0.029950	3.241664	26.923318
202	0.029870	3.202131	27.459761
203	0.030719	3.270903	27.718474
204	0.030235	3.268332	26.140476
205	0.030510	3.255270	27.690159
206	0.030967	3.211523	28.578777
207	0.029123	3.157517	27.622366
208	0.028545	3.198683	26.614548
209	0.030500	3.250502	28.665443
210	0.031555	3.170748	28.532548
211	0.030048	3.309960	28.870477
212	0.031908	3.254852	26.764112
213	0.029488	3.054843	28.133388
214	0.030127	3.290365	26.099973
215	0.030536	3.331459	27.913848
216	0.030455	3.464803	27.735638
217	0.031327	3.243972	28.519624
218	0.030168	3.352352	29.344648
219	0.030710	3.351158	26.355266
220	0.028037	3.427830	28.514085
221	0.030847	3.323183	29.541640
222	0.030363	3.495820	31.174689
223	0.031188	3.306889	28.460283
224	0.027651	3.393094	27.233525
225	0.030493	3.257243	28.817847
226	0.029821	3.451405	29.938466
227	0.028612	3.350339	28.332433
228	0.028812	3.332756	27.209944
229	0.029217	3.358431	30.638370
230	0.028280	3.527911	29.993630
231	0.028757	3.428602	29.945651
232	0.029782	3.351679	30.524770
233	0.029864	3.174903	27.893499
234	0.030611	3.460322	27.320496
235	0.031647	3.459376	29.397024
236	0.030371	3.451276	31.608949
237	0.031228	3.209521	27.018852
238	0.028567	3.460840	27.494360
239	0.029657	3.433498	28.154613
240	0.028490	3.507508	29.387952
241	0.029744	3.378333	30.246986
242	0.028276	3.490781	29.024221
243	0.029543	3.413533	28.357091
244	0.030257	3.456348	30.643766
245	0.028450	3.419205	28.889668
246	0.029639	3.625118	29.517565
247	0.029636	3.586009	30.665092
248	0.027509	3.583009	28.632158
249	0.027886	3.390256	29.255885
250	0.029345	3.618598	29.976803
251	0.028689	3.551597	29.830505
252	0.029338	3.564554	28.922223
253	0.029005	3.394510	28.320781
254	0.028608	3.566440	28.470567
255	0.029987	3.396149	28.306524
256	0.030793	3.360708	28.274862
257	0.029048	3.264854	26.166926
258	0.029328	3.514308	28.626680
259	0.028228	3.302755	28.342301
260	0.029962	3.312315	28.208384
261	0.029358	3.326852	29.250050
262	0.029200	3.550498	30.178471
263	0.029643	3.447771	28.993077
264	0.027234	3.205050	27.701983
265	0.027949	3.299646	27.182941
266	0.030865	3.491376	30.934629
267	0.030405	3.505566	30.185278
268	0.029470	3.271065	27.709266
269	0.029055	3.360667	27.931700
270	0.029348	3.238359	29.133471
271	0.029015	3.426539	29.607726
272	0.029747	3.318258	29.069880
273	0.029900	3.437724	28.821778
274	0.027844	3.189814	27.180627
275	0.030433	3.333536	30.285766
276	0.032488	3.245833	29.813384
277	0.029255	3.222559	27.884380
278	0.028633	3.151167	25.185973
279	0.028795	3.329684	30.125889
280	0.031964	3.253124	30.023332
281	0.029572	3.114075	28.080824
282	0.028742	3.196465	25.825068
283	0.030679	3.220534	26.480678
284	0.031003	3.184645	27.258349
285	0.030736	3.064536	26.276764
286	0.029947	3.123783	25.754476
287	0.030690	3.253114	26.983895
288	0.032861	3.101157	27.465194
289	0.031317	3.162243	26.739498
290	0.029595	3.133362	25.008387
291	0.030679	3.147213	26.556087
292	0.029657	3.187538	27.375172
293	0.030384	3.016151	25.803565
294	0.030794	3.206365	27.377724
295	0.031032	3.070697	27.254934
296	0.030098	3.149861	26.151423
297	0.030066	3.135068	28.074878
298	0.032469	3.269819	27.035823
299	0.031171	3.028207	26.292760
300	0.031322	3.133494	25.886446
301	0.031029	3.170319	25.830061
302	0.031195	3.207724	25.497998
303	0.032636	2.993360	24.788433
304	0.031032	3.173365	26.490096
305	0.031578	3.079694	25.446278
306	0.032012	3.126516	26.334109
307	0.031756	3.095082	26.742982
308	0.031323	3.200868	26.993964
309	0.031264	3.129547	25.608292
310	0.030163	3.101239	26.461354
311	0.031032	3.074728	25.952527
312	0.030008	3.221504	27.108347
313	0.030839	3.267657	26.568408
314	0.031771	3.204403	27.546312
315	0.029173	3.086592	26.382562
316	0.031917	3.181846	25.523573
317	0.031801	3.310171	26.923057
318	0.030103	3.402580	26.591591
319	0.032134	3.085050	26.833331
320	0.030494	3.192431	30.528171
321	0.031560	3.269473	26.565779
322	0.029606	3.423252	28.002362
323	0.030863	3.099648	26.849706
324	0.027596	3.252115	26.983571
325	0.030788	3.216843	27.017160
326	0.030087	3.382257	28.793307
327	0.029755	3.086797	28.235751
328	0.031838	3.208937	28.071664
329	0.030523	3.244766	29.134475
330	0.028149	3.289313	27.013554
331	0.030294	3.143593	28.107535
332	0.030883	3.353892	31.168082
333	0.029401	3.284477	26.707186
334	0.028369	3.303981	27.505893
335	0.030781	3.357682	29.301915
336	0.030698	3.545415	30.863795
337	0.031175	3.407160	27.684965
338	0.028647	3.159499	28.776223
339	0.030049	3.316548	28.696497
340	0.030309	3.606341	31.234308
341	0.030678	3.379880	28.364612
342	0.031256	3.250181	28.452407
343	0.031519	3.377115	28.873393
344	0.030800	3.535595	28.141005
345	0.030468	3.262184	27.553417
346	0.029315	3.282139	29.080946
347	0.030928	3.199981	27.114315
348	0.030627	3.487193	30.273537
349	0.031289	3.381698	27.871249
350	0.029158	3.387274	27.656833
351	0.030065	3.343489	27.992157
352	0.029991	3.358657	27.412926
353	0.030807	3.315004	29.124236
354	0.031879	3.327857	28.232417
355	0.030480	3.362827	28.909204
356	0.029177	3.323345	27.604433
357	0.030046	3.267144	28.203506
358	0.030540	3.381612	29.547852
359	0.029121	3.461852	29.220399
360	0.029017	3.226888	27.212076
361	0.029884	3.156621	28.841726
362	0.030236	3.428879	27.765931
363	0.031241	3.390175	28.954540
364	0.030792	3.488758	28.489192
365	0.030587	3.197874	26.033578
366	0.029505	3.409564	27.885514
367	0.030363	3.150990	27.233203
368	0.030700	3.394228	29.000895
369	0.029371	3.182651	28.277941
370	0.028387	3.522504	28.015731
371	0.029360	3.367268	28.593578
372	0.027902	3.434728	29.760672
373	0.030865	3.138622	27.350161
374	0.029437	3.448682	29.477021
375	0.030310	3.486291	27.504330
376	0.030826	3.462958	28.274482
377	0.029769	3.072775	28.097852
378	0.027847	3.339867	27.018935
379	0.030241	3.507201	28.362691
380	0.032289	3.473518	30.431791
381	0.029713	3.130931	27.195276
382	0.028225	3.305392	26.556330
383	0.032375	3.528362	27.731113
384	0.030411	3.443007	30.454783
385	0.030109	3.205736	27.405402
386	0.029643	3.233668	26.829104
387	0.030594	3.327981	29.196465
388	0.031184	3.407226	28.297135
389	0.028844	3.291590	28.371375
390	0.029150	3.222095	26.614195
391	0.032261	3.323660	28.907462
392	0.032724	3.430606	29.295967
393	0.028335	3.239797	27.066835
394	0.030512	3.153804	26.211305
395	0.032857	3.278345	28.979035
396	0.032435	3.290569	29.404559
397	0.029809	3.187793	26.471486
398	0.030280	3.299445	26.872166
399	0.031402	3.437963	28.921321
