   0 	 0.014441 	 0.068191 	 0.809782
    1 	 0.017617 	 0.188665 	 0.862292
    2 	 0.025893 	 0.418158 	 2.327830
    3 	 0.024258 	 0.875326 	 12.949065
    4 	 0.039112 	 1.388749 	 12.642716
    5 	 0.036288 	 1.241950 	 10.089932
    6 	 0.018513 	 1.347116 	 12.101154
    7 	 0.037468 	 2.001183 	 12.548881
    8 	 0.026170 	 1.705697 	 18.548384
    9 	 0.036335 	 1.588604 	 12.365782
   10 	 0.038196 	 1.656190 	 14.374005
   11 	 0.034392 	 2.138239 	 12.541537
   12 	 0.036150 	 1.686652 	 13.532509
   13 	 0.040393 	 1.683214 	 14.328321
   14 	 0.036502 	 1.489325 	 13.598098
   15 	 0.038481 	 1.668458 	 6.855194
   16 	 0.038496 	 1.799012 	 12.291564
   17 	 0.033015 	 1.764166 	 11.935859
   18 	 0.037087 	 1.551563 	 13.280704
   19 	 0.033338 	 2.164126 	 23.356517
   20 	 0.029290 	 1.820886 	 19.062347
   21 	 0.034970 	 1.954238 	 20.228937
   22 	 0.052340 	 2.439497 	 17.229613
   23 	 0.037036 	 2.090145 	 20.676033
   24 	 0.035840 	 1.667592 	 14.037006
   25 	 0.030306 	 1.606927 	 13.908516
   26 	 0.037137 	 1.963927 	 19.825411
   27 	 0.037578 	 2.383644 	 23.207818
   28 	 0.036869 	 1.993572 	 19.328508
   29 	 0.029986 	 1.866734 	 19.010894
   30 	 0.025792 	 1.970484 	 17.549131
   31 	 0.033287 	 2.738115 	 22.826611
   32 	 0.056922 	 2.252003 	 19.215846
   33 	 0.035607 	 2.233570 	 19.214526
   34 	 0.037208 	 1.797973 	 13.085301
   35 	 0.028396 	 2.775268 	 25.376070
   36 	 0.029501 	 2.063467 	 23.864798
   37 	 0.035930 	 2.730386 	 27.400387
   38 	 0.039150 	 2.472340 	 30.029264
   39 	 0.019399 	 2.302577 	 17.011263
   40 	 0.033297 	 2.124812 	 22.050540
   41 	 0.039308 	 3.310022 	 29.412832
   42 	 0.033938 	 2.948419 	 25.318601
   43 	 0.032066 	 2.409122 	 23.251612
   44 	 0.032396 	 2.441174 	 20.393108
   45 	 0.030366 	 2.858925 	 25.647013
   46 	 0.037444 	 3.183159 	 30.399149
   47 	 0.036907 	 2.753329 	 23.852574
   48 	 0.032895 	 3.084280 	 23.717390
   49 	 0.021636 	 3.147481 	 24.626098
   50 	 0.020067 	 3.188636 	 25.272714
   51 	 0.035181 	 2.670629 	 24.344143
   52 	 0.025968 	 3.758521 	 42.075170
   53 	 0.028990 	 3.259295 	 25.653568
   54 	 0.021262 	 3.112387 	 27.690210
   55 	 0.024807 	 2.546476 	 25.307599
   56 	 0.028851 	 3.206305 	 37.630408
   57 	 0.021876 	 3.772047 	 25.194255
   58 	 0.026572 	 4.236958 	 27.804759
   59 	 0.036373 	 3.240965 	 39.098940
   60 	 0.020174 	 3.544156 	 33.034221
   61 	 0.025573 	 3.767899 	 24.954737
   62 	 0.025258 	 4.944376 	 41.887373
   63 	 0.029867 	 3.133793 	 33.213257
   64 	 0.023839 	 3.174327 	 23.409667
   65 	 0.030105 	 3.880085 	 29.791399
   66 	 0.030092 	 6.024530 	 36.312595
   67 	 0.021520 	 3.428738 	 29.581333
   68 	 0.027536 	 2.907711 	 28.821993
   69 	 0.033801 	 4.031576 	 39.493813
   70 	 0.034691 	 5.076903 	 32.014578
   71 	 0.021691 	 3.078948 	 26.666046
   72 	 0.018183 	 3.016497 	 24.344447
   73 	 0.028032 	 3.834508 	 39.384288
   74 	 0.021262 	 3.597379 	 23.540680
   75 	 0.025388 	 3.551600 	 31.514313
   76 	 0.042220 	 3.342152 	 39.429478
   77 	 0.025849 	 3.542229 	 33.911881
   78 	 0.025361 	 3.664164 	 21.502369
   79 	 0.024524 	 4.857990 	 33.842045
   80 	 0.036665 	 2.877336 	 25.081179
   81 	 0.029546 	 4.629900 	 35.305819
   82 	 0.025602 	 3.792425 	 24.712734
   83 	 0.028321 	 4.118477 	 29.988850
   84 	 0.037468 	 3.510063 	 24.604712
   85 	 0.033342 	 4.098486 	 31.132381
   86 	 0.037723 	 3.341370 	 23.374202
   87 	 0.020726 	 3.645917 	 26.924058
   88 	 0.030449 	 3.218415 	 24.083160
   89 	 0.034962 	 4.272411 	 34.099765
   90 	 0.036580 	 3.449586 	 21.186394
   91 	 0.019662 	 2.485584 	 18.445992
   92 	 0.036000 	 3.210124 	 19.352784
   93 	 0.033601 	 4.789158 	 32.002797
   94 	 0.037845 	 2.484179 	 21.645149
   95 	 0.023112 	 2.252516 	 22.026070
   96 	 0.025688 	 3.278679 	 25.845332
   97 	 0.035095 	 4.714558 	 31.409678
   98 	 0.031206 	 2.950845 	 27.257125
   99 	 0.031827 	 2.512340 	 28.015243
  100 	 0.036687 	 3.534051 	 26.979733
  101 	 0.035677 	 4.324224 	 30.649477
  102 	 0.030208 	 2.815574 	 22.081451
  103 	 0.022893 	 2.184886 	 21.600426
  104 	 0.034683 	 2.763952 	 26.017150
  105 	 0.038058 	 3.817410 	 28.174620
  106 	 0.031826 	 3.114590 	 26.839073
  107 	 0.035483 	 2.467254 	 20.056826
  108 	 0.030969 	 1.830081 	 13.554646
  109 	 0.021656 	 3.385581 	 27.791200
  110 	 0.036521 	 3.407087 	 24.350612
  111 	 0.035907 	 2.843372 	 44.932486
  112 	 0.035379 	 2.521360 	 24.602227
  113 	 0.022240 	 3.144133 	 27.466928
  114 	 0.040629 	 3.377344 	 26.123875
  115 	 0.026515 	 4.152358 	 34.495820
  116 	 0.029731 	 2.166220 	 22.764224
  117 	 0.025876 	 3.759940 	 33.996617
  118 	 0.034104 	 4.812420 	 32.168175
  119 	 0.024658 	 4.667961 	 34.751116
  120 	 0.027046 	 2.691621 	 27.023879
  121 	 0.020804 	 3.207923 	 26.390131
  122 	 0.020038 	 4.137065 	 27.520237
  123 	 0.026780 	 4.969389 	 39.519511
  124 	 0.019671 	 2.633251 	 28.307565
  125 	 0.025304 	 3.397965 	 23.970370
  126 	 0.023350 	 4.341561 	 41.371372
  127 	 0.041717 	 5.240592 	 34.009402
  128 	 0.024170 	 3.221010 	 35.906027
  129 	 0.024690 	 2.980093 	 23.687067
  130 	 0.016204 	 3.903341 	 38.066800
  131 	 0.025222 	 5.409537 	 37.750742
  132 	 0.026247 	 3.499603 	 59.865670
  133 	 0.026489 	 3.664654 	 38.877009
  134 	 0.016702 	 4.137348 	 34.407423
  135 	 0.015411 	 4.182644 	 34.026090
  136 	 0.029063 	 3.664614 	 38.458200
  137 	 0.019469 	 4.043460 	 62.848073
  138 	 0.025656 	 4.399647 	 33.711939
  139 	 0.015911 	 3.563197 	 32.062805
  140 	 0.029663 	 3.392659 	 38.232008
  141 	 0.024475 	 4.231920 	 35.135718
  142 	 0.026156 	 4.195121 	 33.153687
  143 	 0.023928 	 4.536796 	 33.210700
  144 	 0.021992 	 3.779574 	 28.489673
  145 	 0.030110 	 3.487119 	 26.402931
  146 	 0.035046 	 3.769103 	 34.913134
  147 	 0.018937 	 3.610165 	 32.562427
  148 	 0.028557 	 3.278491 	 27.169857
  149 	 0.030614 	 3.461731 	 31.963413
  150 	 0.030045 	 3.220246 	 33.049801
  151 	 0.031286 	 3.268560 	 31.076328
  152 	 0.030257 	 4.127623 	 32.738150
  153 	 0.030368 	 3.752445 	 30.316272
  154 	 0.016992 	 3.454669 	 32.513305
  155 	 0.032647 	 3.412241 	 32.291751
  156 	 0.030756 	 4.606532 	 27.736439
  157 	 0.019476 	 3.443705 	 30.077912
  158 	 0.034782 	 3.756362 	 29.033423
  159 	 0.019210 	 3.514426 	 49.809466
  160 	 0.034438 	 4.784275 	 26.194573
  161 	 0.013189 	 4.472449 	 46.927240
  162 	 0.027945 	 3.868470 	 25.892001
  163 	 0.021309 	 2.727642 	 37.328597
  164 	 0.017084 	 3.886985 	 24.973110
  165 	 0.026679 	 3.806641 	 29.060587
  166 	 0.020366 	 3.412398 	 27.866586
  167 	 0.034274 	 2.929317 	 24.099461
  168 	 0.033670 	 4.211511 	 24.773473
  169 	 0.038028 	 3.753582 	 26.900467
  170 	 0.029929 	 3.287311 	 26.546258
  171 	 0.037170 	 2.752196 	 21.437366
  172 	 0.029172 	 3.486173 	 18.779702
  173 	 0.038232 	 3.698923 	 20.391061
  174 	 0.037754 	 2.839090 	 20.336849
  175 	 0.033318 	 2.270797 	 17.258292
  176 	 0.049124 	 3.130008 	 18.297076
  177 	 0.028267 	 3.715635 	 18.611089
  178 	 0.035745 	 2.447174 	 13.434889
  179 	 0.032351 	 2.171603 	 17.175411
  180 	 0.031747 	 2.315586 	 15.176264
  181 	 0.031535 	 3.744560 	 22.908975
  182 	 0.039143 	 3.039292 	 23.726719
  183 	 0.026512 	 2.950209 	 21.210795
  184 	 0.038645 	 2.085314 	 16.654780
  185 	 0.037279 	 3.496698 	 27.091400
  186 	 0.039237 	 3.236141 	 20.389620
  187 	 0.036885 	 2.894917 	 19.108629
  188 	 0.032105 	 2.170579 	 18.505734
  189 	 0.031305 	 2.875686 	 18.381849
  190 	 0.038257 	 3.856339 	 21.543973
  191 	 0.027965 	 2.759440 	 23.978147
  192 	 0.035785 	 2.741608 	 20.178842
  193 	 0.038309 	 3.336649 	 25.997707
  194 	 0.036709 	 3.267497 	 21.651975
  195 	 0.028734 	 3.019764 	 20.530237
  196 	 0.033106 	 3.109682 	 21.227577
  197 	 0.048616 	 2.939750 	 25.553024
  198 	 0.032016 	 2.714782 	 22.932627
  199 	 0.024452 	 2.089640 	 16.915951
  200 	 0.020426 	 3.603222 	 23.575824
  201 	 0.038206 	 3.442020 	 39.600082
  202 	 0.021793 	 2.931764 	 44.392988
  203 	 0.025251 	 1.963804 	 13.143962
  204 	 0.021487 	 3.035519 	 30.966645
  205 	 0.067522 	 3.672017 	 34.070238
  206 	 0.024958 	 3.362616 	 30.657394
  207 	 0.029342 	 1.840107 	 12.434461
  208 	 0.032597 	 3.295191 	 26.414619
  209 	 0.030374 	 2.890124 	 29.902134
  210 	 0.023608 	 3.926837 	 26.022567
  211 	 0.033395 	 3.312610 	 28.929656
  212 	 0.032346 	 3.148090 	 29.800109
  213 	 0.033214 	 2.341683 	 26.113014
  214 	 0.033551 	 3.314962 	 23.529903
  215 	 0.037642 	 3.240337 	 24.901850
  216 	 0.037434 	 2.965268 	 25.795326
  217 	 0.033229 	 2.383392 	 21.818639
  218 	 0.029232 	 3.395205 	 24.041969
  219 	 0.045824 	 3.760148 	 26.788709
  220 	 0.017731 	 2.527088 	 27.574428
  221 	 0.020825 	 1.965132 	 16.821726
  222 	 0.036045 	 3.286521 	 23.037334
  223 	 0.034034 	 3.540075 	 38.872341
  224 	 0.030589 	 2.693899 	 24.724662
  225 	 0.015468 	 1.890386 	 19.181454
  226 	 0.031914 	 3.469263 	 28.177865
  227 	 0.037399 	 4.046959 	 35.628004
  228 	 0.030487 	 2.971869 	 23.066595
  229 	 0.026813 	 2.307862 	 24.097257
  230 	 0.033695 	 4.055466 	 27.942728
  231 	 0.032168 	 4.006876 	 29.398726
  232 	 0.029331 	 1.965284 	 18.832224
  233 	 0.022926 	 2.356999 	 27.334509
  234 	 0.037835 	 4.159070 	 30.274822
  235 	 0.036579 	 3.751358 	 35.937834
  236 	 0.033025 	 2.144442 	 24.075932
  237 	 0.027823 	 2.629587 	 23.894889
  238 	 0.031457 	 4.086366 	 24.343555
  239 	 0.038223 	 3.272681 	 31.273496
  240 	 0.017405 	 2.372772 	 24.964714
  241 	 0.031967 	 2.871525 	 23.853115
  242 	 0.038470 	 4.199026 	 38.454020
  243 	 0.037706 	 3.341432 	 29.702519
  244 	 0.025999 	 2.362334 	 23.978246
  245 	 0.031816 	 2.667086 	 22.946272
  246 	 0.032395 	 4.975168 	 34.312639
  247 	 0.037062 	 3.400832 	 30.566166
  248 	 0.024517 	 3.204963 	 29.590541
  249 	 0.023095 	 3.660320 	 25.062462
  250 	 0.023917 	 4.001006 	 27.750265
  251 	 0.030282 	 3.856949 	 29.748951
  252 	 0.036008 	 3.035955 	 37.289811
  253 	 0.033603 	 3.629577 	 25.312230
  254 	 0.026816 	 4.334583 	 25.750333
  255 	 0.036162 	 2.710388 	 23.967256
  256 	 0.033279 	 2.534520 	 23.634414
  257 	 0.038991 	 3.454317 	 25.815511
  258 	 0.031884 	 4.120840 	 25.139194
  259 	 0.019210 	 2.642885 	 17.197253
  260 	 0.025862 	 3.001893 	 23.402166
  261 	 0.035422 	 3.623674 	 38.298901
  262 	 0.030154 	 4.452557 	 30.523210
  263 	 0.026101 	 2.999816 	 23.084245
  264 	 0.020864 	 3.484753 	 26.848586
  265 	 0.030752 	 3.776881 	 35.493736
  266 	 0.035934 	 4.794357 	 29.565483
  267 	 0.028166 	 3.190020 	 28.878977
  268 	 0.020309 	 3.683270 	 24.606702
  269 	 0.018181 	 3.831844 	 31.679981
  270 	 0.020076 	 4.732654 	 36.089674
  271 	 0.029720 	 3.054336 	 32.593120
  272 	 0.021246 	 2.787014 	 29.346322
  273 	 0.030669 	 3.359625 	 20.677069
  274 	 0.018128 	 3.354605 	 24.818653
  275 	 0.036629 	 3.737232 	 24.618792
  276 	 0.038394 	 3.165033 	 31.320550
  277 	 0.030685 	 3.367565 	 24.981658
  278 	 0.031318 	 3.134453 	 24.393614
  279 	 0.031026 	 3.156737 	 20.892364
  280 	 0.034251 	 3.223114 	 28.308329
  281 	 0.038269 	 3.431733 	 18.499565
  282 	 0.027270 	 3.685808 	 26.559686
  283 	 0.030535 	 2.883210 	 16.926961
  284 	 0.025363 	 3.094690 	 23.883277
  285 	 0.036457 	 3.196076 	 22.155900
  286 	 0.037839 	 3.967721 	 24.790815
  287 	 0.038129 	 3.259038 	 19.488795
  288 	 0.030877 	 2.787301 	 17.626795
  289 	 0.046201 	 3.176602 	 19.406514
  290 	 0.031312 	 3.480283 	 26.125058
  291 	 0.035682 	 2.945102 	 18.656304
  292 	 0.037318 	 3.550916 	 27.313607
  293 	 0.033083 	 3.077104 	 23.650809
  294 	 0.022500 	 2.813789 	 19.716833
  295 	 0.036003 	 2.810923 	 19.214698
  296 	 0.035384 	 3.249329 	 34.842802
  297 	 0.031952 	 3.332373 	 21.684416
  298 	 0.026014 	 2.849706 	 22.255267
  299 	 0.034615 	 2.488045 	 19.511898
  300 	 0.039755 	 3.456486 	 28.641465
  301 	 0.028655 	 3.538039 	 24.411011
  302 	 0.034906 	 2.099388 	 16.743504
  303 	 0.031201 	 2.745436 	 22.799762
  304 	 0.036010 	 3.236137 	 24.983631
  305 	 0.031226 	 3.219014 	 23.921587
  306 	 0.033834 	 2.429578 	 26.240094
  307 	 0.020711 	 3.335385 	 24.732811
  308 	 0.036066 	 3.342409 	 25.358709
  309 	 0.023395 	 3.323442 	 22.930012
  310 	 0.031063 	 2.329198 	 19.975136
  311 	 0.025044 	 2.873635 	 18.183548
  312 	 0.034294 	 3.138315 	 27.400909
  313 	 0.031104 	 3.313263 	 32.955140
  314 	 0.034869 	 2.214057 	 25.256422
  315 	 0.030339 	 2.523824 	 18.970532
  316 	 0.030273 	 2.808065 	 15.928297
  317 	 0.052574 	 3.687032 	 27.050742
  318 	 0.020579 	 2.491610 	 23.269289
  319 	 0.029206 	 2.213847 	 15.572677
  320 	 0.024644 	 3.038888 	 38.642117
  321 	 0.039854 	 3.138330 	 29.934282
  322 	 0.025876 	 2.950906 	 23.124532
  323 	 0.033258 	 2.134861 	 14.389901
  324 	 0.021835 	 2.324909 	 12.769135
  325 	 0.039136 	 2.642608 	 25.934682
  326 	 0.026651 	 3.146060 	 36.852592
  327 	 0.023462 	 1.971330 	 23.564693
  328 	 0.026818 	 2.553799 	 26.282551
  329 	 0.032866 	 2.961936 	 33.827106
  330 	 0.036249 	 3.080190 	 32.947434
  331 	 0.029557 	 2.604109 	 24.032457
  332 	 0.030233 	 2.983607 	 25.284797
  333 	 0.036971 	 2.460917 	 23.333531
  334 	 0.035700 	 2.566449 	 28.599123
  335 	 0.019840 	 3.127369 	 23.217636
  336 	 0.031685 	 3.160960 	 24.390464
  337 	 0.036013 	 3.082453 	 39.777010
  338 	 0.028256 	 2.987955 	 28.583406
  339 	 0.025138 	 3.069461 	 24.205435
  340 	 0.034976 	 3.059363 	 29.801037
  341 	 0.021075 	 3.615902 	 32.853606
  342 	 0.033550 	 3.145678 	 24.828739
  343 	 0.029545 	 2.669514 	 41.024930
  344 	 0.027736 	 2.435092 	 19.091487
  345 	 0.024372 	 4.904972 	 29.032115
  346 	 0.022220 	 3.285195 	 23.339716
  347 	 0.034423 	 2.483577 	 21.945192
  348 	 0.036340 	 2.201344 	 22.305295
  349 	 0.038047 	 4.105519 	 22.916934
  350 	 0.034584 	 2.950626 	 20.806709
  351 	 0.043599 	 2.761816 	 22.967383
  352 	 0.026427 	 2.081811 	 25.784045
  353 	 0.034884 	 3.377134 	 19.246947
  354 	 0.037637 	 3.183849 	 22.465252
  355 	 0.049576 	 2.898882 	 22.727410
  356 	 0.030554 	 2.243779 	 24.133081
  357 	 0.037784 	 3.032154 	 17.961049
  358 	 0.040705 	 3.237851 	 29.108389
  359 	 0.017970 	 2.403814 	 18.558263
  360 	 0.023518 	 1.853396 	 16.472875
  361 	 0.034402 	 2.725738 	 17.526288
  362 	 0.038388 	 3.717963 	 33.763747
  363 	 0.038655 	 2.833150 	 25.379490
  364 	 0.029616 	 2.366061 	 23.275168
  365 	 0.034974 	 2.392002 	 23.334436
  366 	 0.035817 	 2.984519 	 27.015074
  367 	 0.035780 	 2.498952 	 23.750448
  368 	 0.034133 	 2.119222 	 20.178980
  369 	 0.030581 	 2.387213 	 18.122624
  370 	 0.038131 	 2.723798 	 18.144084
  371 	 0.027998 	 2.692820 	 26.895707
  372 	 0.038840 	 2.325207 	 22.355917
  373 	 0.023606 	 2.885505 	 19.218061
  374 	 0.038249 	 2.621899 	 17.170221
  375 	 0.031375 	 2.169185 	 20.917936
  376 	 0.034570 	 2.259954 	 15.771782
  377 	 0.026785 	 3.198407 	 22.199276
  378 	 0.037695 	 2.528782 	 22.526017
  379 	 0.028860 	 2.396438 	 19.839750
  380 	 0.030886 	 2.183598 	 18.283096
  381 	 0.031768 	 3.079106 	 28.200628
  382 	 0.029354 	 2.683203 	 21.222365
  383 	 0.033189 	 2.651542 	 25.530752
  384 	 0.022422 	 2.571421 	 26.425564
  385 	 0.019477 	 3.185474 	 27.256082
  386 	 0.031884 	 3.451743 	 33.531789
  387 	 0.029441 	 3.264614 	 43.521960
  388 	 0.028302 	 2.443511 	 28.261393
  389 	 0.022973 	 3.611437 	 30.357159
  390 	 0.018633 	 3.219837 	 26.867667
  391 	 0.019646 	 3.169741 	 39.725063
  392 	 0.037209 	 2.637508 	 45.181733
  393 	 0.015188 	 4.051289 	 43.204652
  394 	 0.022118 	 2.872063 	 24.564528
  395 	 0.023125 	 4.238240 	 51.312969
  396 	 0.022538 	 2.631415 	 28.944737
  397 	 0.019487 	 3.934885 	 37.558717
  398 	 0.034544 	 3.869054 	 27.756002
  399 	 0.026612 	 3.567675 	 39.390297
 