   0 	 0.015131 	 0.057994 	 0.279595
    1 	 0.020863 	 0.099680 	 0.443557
    2 	 0.020340 	 0.166314 	 1.007902
    3 	 0.028996 	 0.277145 	 1.054581
    4 	 0.034268 	 0.394121 	 1.038510
    5 	 0.032580 	 0.538292 	 2.449669
    6 	 0.036279 	 0.660117 	 3.081592
    7 	 0.037301 	 0.780539 	 4.423696
    8 	 0.041744 	 0.864298 	 9.409858
    9 	 0.036877 	 0.793596 	 3.295977
   10 	 0.036879 	 0.929063 	 4.266968
   11 	 0.040546 	 1.026010 	 9.942631
   12 	 0.028738 	 1.167840 	 6.139708
   13 	 0.038661 	 1.126468 	 6.115169
   14 	 0.020759 	 1.318700 	 10.273862
   15 	 0.029646 	 1.254402 	 9.918336
   16 	 0.036096 	 1.538038 	 21.076861
   17 	 0.035596 	 1.434784 	 11.093117
   18 	 0.038155 	 1.693086 	 18.123224
   19 	 0.036797 	 2.049671 	 19.343904
   20 	 0.029751 	 1.750372 	 15.902149
   21 	 0.036363 	 1.982231 	 18.211044
   22 	 0.038711 	 1.926064 	 17.366943
   23 	 0.037014 	 2.100045 	 14.955850
   24 	 0.028377 	 1.537649 	 11.735538
   25 	 0.029667 	 1.923892 	 18.827264
   26 	 0.035131 	 2.076804 	 24.463850
   27 	 0.037414 	 2.068315 	 12.116878
   28 	 0.026866 	 1.844433 	 19.519501
   29 	 0.026430 	 1.941923 	 18.686659
   30 	 0.038058 	 1.984583 	 23.274290
   31 	 0.037707 	 1.901007 	 13.711729
   32 	 0.034687 	 2.205991 	 19.483512
   33 	 0.033571 	 2.026445 	 18.585015
   34 	 0.029755 	 3.060311 	 21.192311
   35 	 0.036439 	 1.976557 	 21.199388
   36 	 0.037667 	 2.288279 	 21.807725
   37 	 0.047135 	 2.260554 	 18.334415
   38 	 0.019590 	 2.490862 	 18.598792
   39 	 0.031253 	 1.869271 	 15.813935
   40 	 0.035281 	 2.397570 	 28.019350
   41 	 0.037761 	 2.380803 	 18.722579
   42 	 0.030867 	 2.181364 	 20.928984
   43 	 0.024257 	 1.758822 	 18.566400
   44 	 0.026928 	 2.641496 	 18.259736
   45 	 0.036696 	 2.821695 	 27.205891
   46 	 0.054031 	 2.564992 	 21.265695
   47 	 0.018896 	 2.065865 	 20.326980
   48 	 0.037696 	 2.421081 	 15.030550
   49 	 0.038043 	 3.024294 	 31.851023
   50 	 0.025408 	 2.518423 	 19.921874
   51 	 0.031384 	 2.249877 	 19.784946
   52 	 0.031379 	 1.864724 	 12.754921
   53 	 0.035143 	 2.402910 	 20.623542
   54 	 0.031588 	 2.656470 	 21.685798
   55 	 0.037967 	 2.625887 	 20.989389
   56 	 0.037766 	 1.770850 	 10.611515
   57 	 0.038688 	 2.860259 	 22.615956
   58 	 0.036662 	 2.548240 	 17.900004
   59 	 0.033155 	 2.216798 	 17.609304
   60 	 0.037258 	 1.905407 	 20.341079
   61 	 0.029375 	 3.020600 	 19.510332
   62 	 0.035509 	 2.205716 	 14.635519
   63 	 0.018197 	 2.383501 	 19.807385
   64 	 0.025545 	 3.221234 	 20.829476
   65 	 0.037901 	 2.815110 	 24.290719
   66 	 0.016942 	 1.898629 	 26.284783
   67 	 0.035247 	 2.330111 	 19.840845
   68 	 0.036952 	 3.225981 	 36.978864
   69 	 0.036598 	 2.877692 	 20.535640
   70 	 0.024085 	 2.180506 	 21.114903
   71 	 0.036032 	 2.593222 	 20.519227
   72 	 0.031435 	 2.761643 	 29.252645
   73 	 0.034198 	 2.792915 	 19.182037
   74 	 0.033365 	 2.845477 	 24.075970
   75 	 0.034336 	 2.300093 	 19.881680
   76 	 0.037293 	 2.232484 	 22.586408
   77 	 0.033461 	 2.568361 	 22.504110
   78 	 0.032927 	 2.509104 	 21.099995
   79 	 0.036858 	 3.006260 	 25.635721
   80 	 0.035229 	 2.598405 	 22.013278
   81 	 0.038989 	 2.641254 	 23.806264
   82 	 0.036754 	 2.773900 	 24.889141
   83 	 0.041984 	 2.861191 	 23.425208
   84 	 0.036377 	 2.782363 	 20.139449
   85 	 0.028253 	 2.145723 	 21.889728
   86 	 0.049645 	 2.690713 	 19.940937
   87 	 0.038159 	 3.393650 	 31.296315
   88 	 0.018679 	 2.694944 	 18.478646
   89 	 0.028749 	 2.809380 	 20.782092
   90 	 0.054079 	 2.955489 	 24.315215
   91 	 0.035552 	 3.339005 	 26.822394
   92 	 0.037943 	 2.519495 	 17.277493
   93 	 0.036096 	 3.421428 	 23.781836
   94 	 0.037433 	 3.412484 	 22.417791
   95 	 0.025737 	 3.281894 	 24.295865
   96 	 0.034265 	 2.458803 	 19.367419
   97 	 0.037925 	 3.848352 	 25.039254
   98 	 0.038320 	 3.440743 	 24.773860
   99 	 0.035828 	 3.099010 	 22.663099
  100 	 0.030785 	 2.689890 	 23.741437
  101 	 0.026372 	 3.947268 	 23.793528
  102 	 0.038772 	 3.755583 	 28.914613
  103 	 0.038554 	 3.652837 	 28.594071
  104 	 0.025882 	 2.735130 	 25.279379
  105 	 0.034839 	 3.447208 	 19.397018
  106 	 0.029128 	 4.089594 	 31.394772
  107 	 0.051538 	 2.909989 	 23.841073
  108 	 0.031846 	 3.776966 	 29.621558
  109 	 0.036940 	 3.362980 	 17.349709
  110 	 0.033755 	 3.019730 	 26.825351
  111 	 0.025593 	 2.857017 	 23.234414
  112 	 0.022166 	 3.353790 	 24.693245
  113 	 0.025855 	 3.364935 	 26.542472
  114 	 0.028304 	 3.563225 	 36.541314
  115 	 0.036875 	 3.282224 	 32.097232
  116 	 0.021217 	 3.308735 	 28.981896
  117 	 0.021536 	 3.000677 	 23.767302
  118 	 0.034494 	 3.228114 	 30.710356
  119 	 0.031071 	 3.453816 	 30.454638
  120 	 0.032557 	 2.392494 	 23.205036
  121 	 0.029396 	 3.833394 	 24.298841
  122 	 0.028111 	 3.293482 	 23.050504
  123 	 0.027010 	 2.424292 	 20.340076
  124 	 0.035762 	 3.210068 	 26.447283
  125 	 0.025408 	 3.549635 	 23.931871
  126 	 0.037800 	 3.137766 	 24.353312
  127 	 0.040279 	 2.597980 	 26.170171
  128 	 0.032106 	 2.857143 	 21.786464
  129 	 0.037590 	 2.272041 	 16.029108
  130 	 0.039152 	 2.779554 	 19.917781
  131 	 0.019382 	 3.355386 	 23.267084
  132 	 0.038953 	 2.630715 	 20.489415
  133 	 0.021391 	 2.248188 	 21.627710
  134 	 0.038819 	 2.330900 	 21.252490
  135 	 0.029970 	 3.603567 	 33.908858
  136 	 0.037609 	 2.508101 	 22.666046
  137 	 0.029441 	 3.030736 	 28.352706
  138 	 0.027538 	 2.721287 	 19.837668
  139 	 0.029046 	 3.397060 	 28.611741
  140 	 0.032669 	 2.661936 	 28.059764
  141 	 0.029782 	 3.373581 	 26.018701
  142 	 0.029664 	 3.618573 	 23.404329
  143 	 0.037426 	 3.169587 	 29.513899
  144 	 0.020362 	 2.775138 	 29.617551
  145 	 0.020420 	 3.474264 	 23.513684
  146 	 0.033759 	 3.962225 	 31.189896
  147 	 0.033863 	 3.777312 	 31.928657
  148 	 0.032041 	 2.908572 	 26.413738
  149 	 0.031284 	 3.094675 	 22.798331
  150 	 0.031157 	 3.343890 	 25.946093
  151 	 0.022501 	 4.261774 	 26.465896
  152 	 0.033092 	 2.951488 	 23.617325
  153 	 0.035634 	 4.087295 	 34.481445
  154 	 0.036374 	 3.760141 	 25.113199
  155 	 0.028996 	 4.327575 	 25.538245
  156 	 0.030753 	 2.850108 	 21.533493
  157 	 0.029587 	 3.344523 	 30.215464
  158 	 0.031844 	 4.042411 	 25.737967
  159 	 0.029598 	 4.196977 	 23.988373
  160 	 0.038835 	 2.962768 	 26.850280
  161 	 0.036419 	 3.614560 	 31.548082
  162 	 0.037235 	 3.444980 	 21.080974
  163 	 0.031691 	 4.043934 	 23.912276
  164 	 0.032447 	 2.810064 	 19.715075
  165 	 0.037770 	 3.976177 	 25.709034
  166 	 0.037346 	 3.372001 	 25.083022
  167 	 0.030416 	 3.751125 	 21.565741
  168 	 0.038948 	 3.262751 	 22.964348
  169 	 0.023832 	 3.667584 	 29.926046
  170 	 0.031253 	 2.707097 	 22.963103
  171 	 0.033409 	 4.318463 	 33.297379
  172 	 0.038686 	 3.180212 	 22.692961
  173 	 0.030027 	 3.170291 	 26.875371
  174 	 0.031924 	 2.846378 	 22.650706
  175 	 0.037200 	 4.793565 	 28.387483
  176 	 0.037223 	 3.280822 	 22.870897
  177 	 0.032623 	 2.605219 	 18.947722
  178 	 0.028777 	 2.683755 	 23.516846
  179 	 0.038166 	 4.254903 	 24.679042
  180 	 0.023277 	 3.990824 	 34.156184
  181 	 0.034365 	 2.510470 	 20.053824
  182 	 0.024496 	 3.631309 	 35.363839
  183 	 0.033824 	 4.508649 	 25.211330
  184 	 0.028274 	 4.188595 	 40.166411
  185 	 0.034353 	 2.718272 	 22.766774
  186 	 0.018639 	 3.364811 	 25.948374
  187 	 0.043858 	 4.170687 	 28.692096
  188 	 0.036066 	 4.833809 	 42.602019
  189 	 0.034829 	 2.450582 	 16.770838
  190 	 0.023462 	 2.492488 	 17.183606
  191 	 0.029161 	 2.693465 	 19.490515
  192 	 0.033956 	 3.913046 	 40.879341
  193 	 0.037051 	 2.901060 	 25.638752
  194 	 0.024462 	 2.940083 	 25.817656
  195 	 0.033737 	 3.049483 	 25.739156
  196 	 0.034123 	 3.239173 	 40.061568
  197 	 0.019275 	 2.911970 	 26.359486
  198 	 0.024960 	 3.175049 	 28.882602
  199 	 0.029185 	 3.603943 	 49.321402
  200 	 0.033266 	 3.561357 	 27.607249
  201 	 0.020275 	 3.117602 	 33.687279
  202 	 0.031170 	 3.965423 	 29.615348
  203 	 0.019181 	 4.073398 	 36.003579
  204 	 0.018143 	 3.123156 	 28.843213
  205 	 0.020048 	 3.562685 	 50.809331
  206 	 0.031962 	 3.506475 	 25.102669
  207 	 0.019679 	 3.493565 	 30.073051
  208 	 0.035936 	 2.845231 	 26.411983
  209 	 0.028628 	 3.804559 	 40.521023
  210 	 0.037823 	 3.394587 	 25.737214
  211 	 0.024677 	 3.421789 	 33.186854
  212 	 0.038847 	 3.128773 	 24.918573
  213 	 0.020568 	 3.767979 	 25.643805
  214 	 0.029919 	 3.293367 	 25.159321
  215 	 0.025212 	 3.484323 	 44.705916
  216 	 0.039743 	 3.273225 	 31.231321
  217 	 0.022368 	 4.269918 	 36.613940
  218 	 0.032017 	 3.049743 	 23.898641
  219 	 0.021080 	 3.718754 	 40.869783
  220 	 0.035739 	 3.702557 	 29.310912
  221 	 0.024465 	 5.298791 	 43.140699
  222 	 0.030712 	 3.606700 	 26.427947
  223 	 0.023178 	 3.748234 	 37.643145
  224 	 0.019891 	 3.691183 	 29.663176
  225 	 0.026563 	 4.588760 	 39.559534
  226 	 0.033708 	 4.903494 	 43.684824
  227 	 0.015251 	 4.450771 	 26.106610
  228 	 0.022885 	 3.735519 	 27.277478
  229 	 0.019195 	 4.770831 	 54.792676
  230 	 0.015743 	 4.139082 	 25.233953
  231 	 0.018250 	 4.617479 	 46.958298
  232 	 0.038078 	 4.881120 	 56.044944
  233 	 0.021294 	 4.242887 	 26.488343
  234 	 0.012232 	 4.187101 	 24.343804
  235 	 0.037751 	 4.205844 	 45.056952
  236 	 0.028219 	 4.705789 	 76.147729
  237 	 0.014071 	 3.782946 	 25.872434
  238 	 0.013132 	 4.039733 	 29.053313
  239 	 0.017705 	 3.134942 	 22.767718
  240 	 0.032636 	 4.189946 	 51.727091
  241 	 0.020629 	 3.639294 	 26.451623
  242 	 0.019332 	 3.266476 	 21.375918
  243 	 0.037799 	 3.234693 	 33.617618
  244 	 0.029915 	 3.927300 	 48.854838
  245 	 0.029739 	 2.867766 	 21.552176
  246 	 0.020465 	 3.228458 	 21.295824
  247 	 0.029838 	 3.520763 	 25.179716
  248 	 0.026366 	 4.750280 	 40.845731
  249 	 0.036879 	 2.983576 	 32.012512
  250 	 0.017912 	 2.940091 	 22.939110
  251 	 0.026594 	 3.266574 	 22.675497
  252 	 0.038179 	 4.514467 	 31.236591
  253 	 0.031611 	 3.454062 	 27.782122
  254 	 0.032005 	 3.212696 	 23.143211
  255 	 0.035987 	 3.577866 	 24.383808
  256 	 0.038135 	 4.251320 	 26.552636
  257 	 0.021873 	 2.612483 	 26.746984
  258 	 0.026126 	 2.317231 	 18.081997
  259 	 0.019927 	 3.768547 	 33.362819
  260 	 0.038391 	 3.589581 	 24.462442
  261 	 0.029952 	 3.594316 	 31.223509
  262 	 0.031944 	 2.301975 	 21.824416
  263 	 0.020129 	 3.456072 	 31.896027
  264 	 0.020889 	 2.704696 	 13.139029
  265 	 0.017912 	 3.179725 	 22.433425
  266 	 0.035494 	 2.374569 	 20.044649
  267 	 0.030836 	 3.351915 	 46.921403
  268 	 0.033147 	 2.811253 	 26.529062
  269 	 0.020481 	 3.225205 	 23.801237
  270 	 0.034120 	 2.564868 	 23.030305
  271 	 0.030886 	 3.424933 	 33.920619
  272 	 0.026211 	 2.552443 	 25.069483
  273 	 0.029476 	 3.239015 	 30.224246
  274 	 0.034256 	 3.400441 	 35.197305
  275 	 0.031031 	 2.827099 	 24.464230
  276 	 0.028409 	 2.975753 	 22.890803
  277 	 0.035700 	 3.338280 	 24.637399
  278 	 0.030587 	 3.558581 	 31.373418
  279 	 0.037818 	 3.321974 	 26.385139
  280 	 0.031714 	 3.302842 	 26.958248
  281 	 0.034260 	 2.869257 	 20.317733
  282 	 0.034861 	 3.795727 	 28.890207
  283 	 0.049211 	 3.174452 	 28.042254
  284 	 0.031498 	 3.260799 	 26.862284
  285 	 0.023499 	 2.472489 	 19.189779
  286 	 0.024591 	 3.394181 	 25.650621
  287 	 0.037269 	 3.632841 	 39.684422
  288 	 0.036921 	 4.390283 	 38.035147
  289 	 0.025197 	 3.317691 	 25.339210
  290 	 0.026283 	 4.206781 	 25.892928
  291 	 0.030384 	 3.788709 	 26.248825
  292 	 0.025847 	 4.114086 	 28.423177
  293 	 0.038084 	 2.833535 	 24.298732
  294 	 0.030355 	 3.294775 	 26.014311
  295 	 0.030012 	 3.071043 	 25.135713
  296 	 0.036268 	 3.286386 	 30.811978
  297 	 0.036451 	 2.585796 	 25.108257
  298 	 0.031376 	 4.150089 	 26.063177
  299 	 0.029676 	 3.650684 	 26.211533
  300 	 0.026905 	 3.497132 	 22.310024
  301 	 0.037639 	 3.178532 	 31.871430
  302 	 0.037524 	 4.015469 	 22.350455
  303 	 0.029424 	 3.047811 	 25.419900
  304 	 0.037112 	 3.060436 	 19.896613
  305 	 0.031274 	 2.623277 	 23.635336
  306 	 0.036488 	 3.615466 	 19.646312
  307 	 0.035022 	 3.038403 	 30.326704
  308 	 0.028896 	 2.853702 	 25.648625
  309 	 0.032936 	 2.260692 	 27.157621
  310 	 0.035334 	 3.511365 	 24.776987
  311 	 0.035944 	 4.224109 	 28.871413
  312 	 0.032447 	 2.618796 	 21.984843
  313 	 0.028872 	 3.177775 	 24.876952
  314 	 0.033225 	 3.445152 	 29.285575
  315 	 0.035611 	 4.653564 	 26.929971
  316 	 0.033613 	 3.315142 	 26.397668
  317 	 0.021705 	 2.644011 	 24.711384
  318 	 0.019006 	 4.491006 	 27.590376
  319 	 0.038540 	 4.396463 	 42.725741
  320 	 0.036242 	 3.464530 	 48.294168
  321 	 0.023400 	 2.675696 	 24.850672
  322 	 0.020695 	 4.126260 	 26.565854
  323 	 0.039565 	 4.309542 	 39.682874
  324 	 0.020888 	 3.993683 	 34.728583
  325 	 0.025194 	 2.621746 	 24.292399
  326 	 0.028793 	 3.699092 	 44.866236
  327 	 0.016721 	 4.243462 	 30.832212
  328 	 0.019049 	 4.199526 	 32.794071
  329 	 0.019945 	 3.380995 	 53.133280
  330 	 0.026646 	 3.561336 	 31.164493
  331 	 0.018820 	 3.437728 	 23.885121
  332 	 0.032066 	 3.676186 	 32.419177
  333 	 0.035679 	 3.332132 	 29.156359
  334 	 0.030815 	 3.378050 	 25.113923
  335 	 0.033798 	 3.574402 	 23.785485
  336 	 0.039468 	 4.187423 	 30.381064
  337 	 0.031999 	 3.299913 	 25.456901
  338 	 0.029610 	 2.523010 	 22.899896
  339 	 0.021960 	 3.485841 	 27.934011
  340 	 0.027060 	 3.740764 	 27.616469
  341 	 0.035792 	 3.320383 	 36.284943
  342 	 0.036019 	 2.051449 	 28.128407
  343 	 0.027558 	 3.426399 	 24.818898
  344 	 0.035489 	 3.199841 	 23.192073
  345 	 0.020222 	 3.004132 	 31.193403
  346 	 0.043111 	 2.228654 	 24.337391
  347 	 0.032053 	 3.337449 	 41.114843
  348 	 0.036088 	 2.769887 	 17.775878
  349 	 0.024319 	 3.396547 	 27.357197
  350 	 0.037100 	 1.986170 	 20.289080
  351 	 0.032325 	 3.846807 	 27.051124
  352 	 0.038615 	 3.081824 	 23.419200
  353 	 0.036658 	 3.547720 	 26.367546
  354 	 0.026845 	 2.163627 	 22.616789
  355 	 0.025598 	 3.459500 	 24.534837
  356 	 0.030603 	 3.116429 	 30.821223
  357 	 0.023496 	 3.406687 	 33.672549
  358 	 0.028485 	 2.326618 	 23.398656
  359 	 0.017751 	 3.911891 	 36.236874
  360 	 0.031145 	 2.805639 	 27.098275
  361 	 0.027564 	 3.407669 	 27.284229
  362 	 0.029787 	 2.665874 	 23.681694
  363 	 0.026138 	 4.089614 	 31.187735
  364 	 0.034794 	 3.399494 	 29.165746
  365 	 0.025889 	 3.349440 	 32.746383
  366 	 0.029886 	 3.160677 	 25.449412
  367 	 0.021089 	 4.463056 	 32.906574
  368 	 0.030459 	 3.128480 	 30.132994
  369 	 0.028425 	 3.182531 	 30.039663
  370 	 0.030273 	 3.477873 	 23.441872
  371 	 0.033265 	 4.127553 	 23.489803
  372 	 0.031142 	 3.110288 	 28.757670
  373 	 0.033692 	 2.538335 	 25.403016
  374 	 0.033616 	 3.271663 	 20.772861
  375 	 0.037585 	 4.144932 	 23.902055
  376 	 0.027968 	 3.446980 	 27.088508
  377 	 0.023837 	 2.124599 	 22.005688
  378 	 0.019789 	 2.907152 	 23.536770
  379 	 0.038565 	 4.369633 	 23.924010
  380 	 0.030167 	 3.330519 	 33.457077
  381 	 0.024750 	 1.918527 	 19.974161
  382 	 0.029748 	 3.207256 	 18.156815
  383 	 0.038344 	 4.239391 	 33.167258
  384 	 0.036194 	 2.672128 	 28.451014
  385 	 0.030102 	 2.547957 	 23.560576
  386 	 0.035141 	 3.304155 	 23.644201
  387 	 0.038233 	 3.981603 	 29.238039
  388 	 0.037665 	 2.992623 	 24.974649
  389 	 0.031728 	 2.658171 	 23.622480
  390 	 0.031662 	 3.690124 	 23.501894
  391 	 0.042317 	 3.732778 	 26.883893
  392 	 0.037719 	 2.925942 	 28.278904
  393 	 0.030756 	 2.041519 	 19.653648
  394 	 0.035354 	 3.538142 	 22.524060
  395 	 0.030561 	 3.279300 	 22.524428
  396 	 0.038913 	 2.484706 	 22.973926
  397 	 0.031913 	 1.984716 	 22.191980
  398 	 0.022697 	 3.406302 	 23.087545
  399 	 0.037355 	 4.222224 	 28.079874
 