   0 	 0.014011 	 0.055894 	 0.427698
    1 	 0.018505 	 0.105176 	 0.437886
    2 	 0.026278 	 0.212547 	 0.435063
    3 	 0.035695 	 0.327263 	 5.284668
    4 	 0.036760 	 0.696444 	 5.574266
    5 	 0.035366 	 1.761268 	 5.807379
    6 	 0.037552 	 1.929444 	 5.913705
    7 	 0.041242 	 1.287832 	 5.771968
    8 	 0.037469 	 0.972384 	 5.745401
    9 	 0.035743 	 1.449843 	 5.487198
   10 	 0.040207 	 1.378228 	 6.533010
   11 	 0.037970 	 1.225755 	 6.400301
   12 	 0.038907 	 1.230322 	 6.617849
   13 	 0.036761 	 1.261745 	 5.079625
   14 	 0.020746 	 1.235115 	 6.624392
   15 	 0.042045 	 1.225906 	 6.564304
   16 	 0.037376 	 1.315943 	 7.079846
   17 	 0.030641 	 1.134687 	 5.724676
   18 	 0.037864 	 1.295321 	 5.645039
   19 	 0.039197 	 1.244043 	 6.874237
   20 	 0.037243 	 1.216852 	 5.735121
   21 	 0.034805 	 1.323368 	 6.644639
   22 	 0.038997 	 1.579545 	 10.667515
   23 	 0.030026 	 1.456406 	 17.094130
   24 	 0.041398 	 1.132703 	 5.284403
   25 	 0.036917 	 1.502594 	 10.719787
   26 	 0.035386 	 1.645921 	 16.260613
   27 	 0.032885 	 1.527956 	 17.538625
   28 	 0.028805 	 1.299183 	 9.230538
   29 	 0.028851 	 1.791976 	 15.579979
   30 	 0.038858 	 2.220354 	 24.039150
   31 	 0.028666 	 1.526611 	 10.034504
   32 	 0.032006 	 1.523098 	 16.628180
   33 	 0.032278 	 2.451782 	 24.524657
   34 	 0.037753 	 2.140567 	 24.345380
   35 	 0.040745 	 1.395225 	 8.406533
   36 	 0.037758 	 1.689631 	 22.445308
   37 	 0.037553 	 2.047524 	 21.032909
   38 	 0.033212 	 2.284481 	 22.442887
   39 	 0.037196 	 2.013531 	 24.538093
   40 	 0.038449 	 2.255800 	 27.463681
   41 	 0.037509 	 2.148301 	 19.712525
   42 	 0.035538 	 2.292869 	 23.121921
   43 	 0.037292 	 2.353183 	 24.564296
   44 	 0.033648 	 2.759211 	 24.280243
   45 	 0.033753 	 2.423313 	 24.696281
   46 	 0.041159 	 2.451668 	 21.943885
   47 	 0.036300 	 3.329126 	 26.142029
   48 	 0.029728 	 1.972915 	 13.650266
   49 	 0.037537 	 2.311075 	 23.809405
   50 	 0.038994 	 2.807132 	 24.314325
   51 	 0.030590 	 3.411458 	 22.352450
   52 	 0.022332 	 2.212285 	 21.836848
   53 	 0.038477 	 2.474481 	 23.424850
   54 	 0.037607 	 3.143534 	 23.807269
   55 	 0.031090 	 3.548491 	 20.605743
   56 	 0.041990 	 1.844771 	 19.018149
   57 	 0.038438 	 2.287072 	 19.770348
   58 	 0.037027 	 2.485845 	 19.881739
   59 	 0.039113 	 3.275028 	 20.885126
   60 	 0.029009 	 2.264262 	 22.974254
   61 	 0.030827 	 2.351557 	 21.180644
   62 	 0.021630 	 3.058539 	 26.947943
   63 	 0.038075 	 3.050905 	 24.553883
   64 	 0.033808 	 2.670080 	 31.716041
   65 	 0.038626 	 2.369261 	 21.624308
   66 	 0.031522 	 2.598803 	 24.809242
   67 	 0.032714 	 2.227688 	 21.401473
   68 	 0.033664 	 2.816722 	 22.029694
   69 	 0.036894 	 2.807175 	 22.549489
   70 	 0.035156 	 3.389216 	 25.889351
   71 	 0.033053 	 2.376733 	 18.805613
   72 	 0.037951 	 2.822990 	 23.333840
   73 	 0.032635 	 2.495079 	 28.126789
   74 	 0.027166 	 2.753541 	 20.999962
   75 	 0.035044 	 2.699497 	 23.021973
   76 	 0.035825 	 3.624147 	 27.650346
   77 	 0.037347 	 2.975133 	 23.795132
   78 	 0.030468 	 2.757130 	 24.217065
   79 	 0.036370 	 2.281202 	 22.111802
   80 	 0.020462 	 3.188944 	 27.050590
   81 	 0.032966 	 2.732339 	 21.779913
   82 	 0.032645 	 2.411906 	 38.223955
   83 	 0.036882 	 2.887845 	 22.298414
   84 	 0.026157 	 3.296867 	 26.634389
   85 	 0.034066 	 3.414536 	 22.943043
   86 	 0.036263 	 2.825982 	 22.762147
   87 	 0.036537 	 3.154492 	 25.663568
   88 	 0.020587 	 3.152998 	 24.293885
   89 	 0.033726 	 3.289750 	 22.402805
   90 	 0.030662 	 3.730302 	 39.236111
   91 	 0.022772 	 2.757215 	 21.695918
   92 	 0.025473 	 2.949780 	 28.119755
   93 	 0.034852 	 2.931547 	 20.189735
   94 	 0.029349 	 2.840061 	 20.334932
   95 	 0.030830 	 2.979499 	 25.155998
   96 	 0.030192 	 3.222606 	 27.894774
   97 	 0.034854 	 3.446708 	 26.788171
   98 	 0.035842 	 2.910263 	 24.584264
   99 	 0.030294 	 2.671510 	 21.624319
  100 	 0.040668 	 3.266961 	 24.544562
  101 	 0.031280 	 3.999294 	 28.413832
  102 	 0.018179 	 2.665802 	 21.945059
  103 	 0.035188 	 2.391112 	 19.556545
  104 	 0.025832 	 3.412681 	 53.825282
  105 	 0.034058 	 3.605315 	 24.945070
  106 	 0.018575 	 3.572364 	 28.828882
  107 	 0.033722 	 2.322780 	 16.024547
  108 	 0.028198 	 2.888310 	 37.491448
  109 	 0.032101 	 4.413993 	 25.825303
  110 	 0.026667 	 3.800454 	 25.063615
  111 	 0.034958 	 3.156149 	 26.953724
  112 	 0.035367 	 2.472525 	 28.677693
  113 	 0.036927 	 3.793904 	 20.701408
  114 	 0.026859 	 3.742602 	 23.909531
  115 	 0.021546 	 3.507627 	 22.932647
  116 	 0.036177 	 2.210487 	 27.886716
  117 	 0.034208 	 2.833216 	 18.628011
  118 	 0.035744 	 3.534101 	 21.187603
  119 	 0.026713 	 3.016846 	 22.417412
  120 	 0.031976 	 2.347330 	 27.162122
  121 	 0.031075 	 2.974380 	 36.083780
  122 	 0.036700 	 3.626385 	 26.768640
  123 	 0.027618 	 3.223751 	 31.176581
  124 	 0.037009 	 2.150660 	 26.524965
  125 	 0.032073 	 3.150023 	 34.943497
  126 	 0.032200 	 3.662239 	 26.098825
  127 	 0.019126 	 3.641068 	 27.305429
  128 	 0.036790 	 2.488823 	 26.881440
  129 	 0.034922 	 3.791784 	 41.449860
  130 	 0.030071 	 3.891171 	 25.435940
  131 	 0.015717 	 3.503253 	 26.584385
  132 	 0.031312 	 2.941229 	 28.513945
  133 	 0.037609 	 4.662315 	 48.037853
  134 	 0.035064 	 3.715722 	 27.538800
  135 	 0.018935 	 2.353967 	 16.725519
  136 	 0.024775 	 2.885787 	 25.707584
  137 	 0.032066 	 5.019724 	 29.222450
  138 	 0.033937 	 3.472157 	 32.706747
  139 	 0.030497 	 2.854483 	 25.338545
  140 	 0.021442 	 3.578833 	 25.589669
  141 	 0.038369 	 4.641477 	 25.709677
  142 	 0.027271 	 3.158005 	 42.840604
  143 	 0.034750 	 2.834570 	 24.528528
  144 	 0.022390 	 3.645946 	 35.247463
  145 	 0.016525 	 4.539432 	 27.359590
  146 	 0.028272 	 3.604552 	 41.339703
  147 	 0.021379 	 3.648055 	 54.570425
  148 	 0.024189 	 3.179911 	 23.816783
  149 	 0.018285 	 4.357771 	 44.486047
  150 	 0.036528 	 3.132764 	 25.424256
  151 	 0.022466 	 3.355756 	 51.587456
  152 	 0.037427 	 3.433274 	 26.548826
  153 	 0.017154 	 3.822245 	 25.890508
  154 	 0.020346 	 3.370817 	 25.490100
  155 	 0.037781 	 4.576198 	 43.376518
  156 	 0.031413 	 3.749142 	 48.434568
  157 	 0.023054 	 3.345144 	 23.320415
  158 	 0.020646 	 3.872279 	 30.756566
  159 	 0.035691 	 4.230256 	 41.401335
  160 	 0.030620 	 3.550141 	 38.401323
  161 	 0.024151 	 3.366249 	 26.026526
  162 	 0.025954 	 4.249308 	 32.341447
  163 	 0.030669 	 4.720599 	 32.413981
  164 	 0.021960 	 4.006297 	 36.963004
  165 	 0.018469 	 4.432308 	 31.477389
  166 	 0.019972 	 4.369670 	 44.923097
  167 	 0.019659 	 4.414582 	 35.066678
  168 	 0.022260 	 3.329979 	 31.271023
  169 	 0.025522 	 5.286553 	 50.102587
  170 	 0.029346 	 4.880610 	 36.684125
  171 	 0.019958 	 4.496149 	 38.726155
  172 	 0.027259 	 3.394000 	 29.030804
  173 	 0.019332 	 4.833005 	 39.907340
  174 	 0.015022 	 4.564117 	 36.285763
  175 	 0.025057 	 4.877885 	 41.097670
  176 	 0.027559 	 4.104526 	 65.264497
  177 	 0.024332 	 4.685843 	 39.592411
  178 	 0.015321 	 4.238470 	 26.292201
  179 	 0.024222 	 6.016678 	 33.213825
  180 	 0.033891 	 4.937495 	 64.018262
  181 	 0.016856 	 5.076320 	 40.947389
  182 	 0.015620 	 3.530886 	 27.421844
  183 	 0.024421 	 6.713637 	 56.003500
  184 	 0.035914 	 6.258774 	 60.167328
  185 	 0.017856 	 5.006068 	 39.336906
  186 	 0.016620 	 3.422465 	 27.501353
  187 	 0.021504 	 6.847824 	 55.384120
  188 	 0.031974 	 5.651724 	 59.452176
  189 	 0.018056 	 4.235912 	 35.317263
  190 	 0.016820 	 2.968256 	 27.480180
  191 	 0.028314 	 5.869899 	 35.089600
  192 	 0.018659 	 5.630820 	 54.884218
  193 	 0.028470 	 3.906550 	 25.767660
  194 	 0.017913 	 4.055264 	 44.525060
  195 	 0.022491 	 5.276602 	 30.988199
  196 	 0.022442 	 5.787449 	 54.016671
  197 	 0.032269 	 3.366388 	 41.857520
  198 	 0.018512 	 3.658720 	 25.623212
  199 	 0.023890 	 4.509490 	 25.624955
  200 	 0.022158 	 4.753665 	 50.222190
  201 	 0.022181 	 3.301038 	 29.401925
  202 	 0.019907 	 4.009877 	 38.523041
  203 	 0.019072 	 3.887187 	 44.680302
  204 	 0.022771 	 3.805320 	 29.891068
  205 	 0.022327 	 3.912599 	 51.887565
  206 	 0.030827 	 4.005473 	 43.533647
  207 	 0.019269 	 3.450314 	 38.275180
  208 	 0.022743 	 4.431311 	 32.334387
  209 	 0.025840 	 4.355037 	 51.629806
  210 	 0.029389 	 3.523094 	 38.087257
  211 	 0.019368 	 2.903945 	 38.549790
  212 	 0.026255 	 4.376573 	 33.796876
  213 	 0.025935 	 4.833101 	 51.365094
  214 	 0.029588 	 3.534230 	 29.022973
  215 	 0.019468 	 3.215268 	 37.828974
  216 	 0.020837 	 4.524358 	 31.140297
  217 	 0.026435 	 4.407973 	 51.103088
  218 	 0.032106 	 3.849234 	 47.762390
  219 	 0.019565 	 2.967035 	 37.686503
  220 	 0.013518 	 4.296234 	 31.050081
  221 	 0.022578 	 4.333632 	 49.837550
  222 	 0.032173 	 5.026698 	 73.433625
  223 	 0.018703 	 3.083709 	 34.390572
  224 	 0.013617 	 3.825103 	 28.873222
  225 	 0.029077 	 4.226183 	 53.181580
  226 	 0.029761 	 4.232385 	 40.832755
  227 	 0.018803 	 3.070340 	 32.597830
  228 	 0.024486 	 3.691789 	 27.501947
  229 	 0.018655 	 4.643920 	 49.011369
  230 	 0.036000 	 4.286461 	 38.334736
  231 	 0.020403 	 3.130222 	 53.036264
  232 	 0.026085 	 4.151792 	 27.353079
  233 	 0.018281 	 3.978978 	 36.221872
  234 	 0.021475 	 3.908492 	 38.044624
  235 	 0.027608 	 2.999911 	 37.762479
  236 	 0.026285 	 4.330535 	 45.713510
  237 	 0.026481 	 3.698816 	 28.504975
  238 	 0.019132 	 3.538095 	 30.595223
  239 	 0.032191 	 3.437754 	 37.479895
  240 	 0.032684 	 4.758691 	 51.198669
  241 	 0.026679 	 4.462391 	 29.162120
  242 	 0.019520 	 3.421522 	 30.595623
  243 	 0.034289 	 3.794492 	 27.296387
  244 	 0.031284 	 4.604139 	 50.710857
  245 	 0.025305 	 4.272492 	 28.745053
  246 	 0.019717 	 3.424865 	 31.863173
  247 	 0.025405 	 4.001348 	 36.490299
  248 	 0.031384 	 4.031575 	 28.508922
  249 	 0.027382 	 4.216117 	 39.208663
  250 	 0.035077 	 3.130115 	 22.767619
  251 	 0.025504 	 4.088425 	 33.432232
  252 	 0.018998 	 4.556079 	 28.187582
  253 	 0.019167 	 3.776106 	 36.226315
  254 	 0.034056 	 3.450865 	 46.516004
  255 	 0.027573 	 4.602578 	 51.901653
  256 	 0.015377 	 3.384645 	 29.277674
  257 	 0.019267 	 3.266372 	 33.252620
  258 	 0.034156 	 3.768991 	 46.312214
  259 	 0.030072 	 4.058145 	 29.330795
  260 	 0.021481 	 4.151478 	 28.444955
  261 	 0.030413 	 3.601792 	 27.073599
  262 	 0.029324 	 3.628361 	 33.919929
  263 	 0.023048 	 3.871861 	 28.324385
  264 	 0.018710 	 3.701013 	 27.658205
  265 	 0.035295 	 3.564494 	 33.950600
  266 	 0.036155 	 3.941931 	 47.146941
  267 	 0.029455 	 3.734863 	 27.881513
  268 	 0.021210 	 3.644580 	 27.506242
  269 	 0.035322 	 2.158358 	 25.170538
  270 	 0.028993 	 3.589860 	 40.633368
  271 	 0.033249 	 3.971343 	 24.318087
  272 	 0.024608 	 3.423209 	 22.782703
  273 	 0.037335 	 2.804095 	 26.144662
  274 	 0.035492 	 3.707251 	 27.523356
  275 	 0.021123 	 3.410914 	 24.548711
  276 	 0.022101 	 3.495603 	 25.712470
  277 	 0.021003 	 2.799574 	 30.069276
  278 	 0.038065 	 3.455206 	 38.758791
  279 	 0.033255 	 3.474974 	 42.367744
  280 	 0.025783 	 3.121888 	 25.647419
  281 	 0.020376 	 2.619692 	 29.980916
  282 	 0.019053 	 3.018458 	 32.040503
  283 	 0.033352 	 2.821239 	 28.744369
  284 	 0.031193 	 3.044991 	 20.853595
  285 	 0.032222 	 2.727406 	 26.810624
  286 	 0.031665 	 2.792564 	 30.401450
  287 	 0.024200 	 2.477471 	 28.800487
  288 	 0.031057 	 2.721121 	 27.273735
  289 	 0.030526 	 3.137523 	 37.452520
  290 	 0.030022 	 3.307375 	 28.221227
  291 	 0.026678 	 3.365530 	 30.001597
  292 	 0.027300 	 3.117519 	 30.010237
  293 	 0.029420 	 3.002004 	 33.136566
  294 	 0.026596 	 3.300017 	 26.716413
  295 	 0.030020 	 3.865492 	 31.328291
  296 	 0.018892 	 3.694901 	 28.574761
  297 	 0.031885 	 3.102518 	 30.635937
  298 	 0.018466 	 3.663954 	 46.747404
  299 	 0.026551 	 3.022523 	 29.082854
  300 	 0.021390 	 3.575559 	 27.273484
  301 	 0.019292 	 3.144026 	 33.839835
  302 	 0.030532 	 3.564370 	 28.993513
  303 	 0.029543 	 3.042241 	 24.866668
  304 	 0.034488 	 3.818639 	 26.178074
  305 	 0.032372 	 2.934522 	 31.208029
  306 	 0.020815 	 3.467884 	 26.746901
  307 	 0.026163 	 3.537626 	 28.676075
  308 	 0.029386 	 3.527603 	 25.578543
  309 	 0.034869 	 3.260220 	 30.615517
  310 	 0.033670 	 3.899539 	 31.361446
  311 	 0.031200 	 4.400067 	 25.825548
  312 	 0.029970 	 3.231937 	 27.646880
  313 	 0.034953 	 2.921467 	 29.325192
  314 	 0.036169 	 3.762328 	 32.394102
  315 	 0.022824 	 3.769356 	 22.018996
  316 	 0.020654 	 2.663483 	 19.581246
  317 	 0.035360 	 2.726718 	 22.225256
  318 	 0.051051 	 3.687933 	 42.456070
  319 	 0.035468 	 3.997584 	 24.738442
  320 	 0.023321 	 2.458128 	 16.847468
  321 	 0.037954 	 2.573010 	 21.068723
  322 	 0.039424 	 3.166379 	 35.586699
  323 	 0.022472 	 3.156592 	 24.719483
  324 	 0.020302 	 2.256333 	 23.852690
  325 	 0.029942 	 3.019051 	 40.045336
  326 	 0.036746 	 2.716490 	 32.049427
  327 	 0.024955 	 2.977178 	 30.824391
  328 	 0.030803 	 2.634883 	 24.414075
  329 	 0.032395 	 2.970451 	 36.423644
  330 	 0.035907 	 2.354195 	 25.192946
  331 	 0.027453 	 2.425213 	 20.947814
  332 	 0.035678 	 3.415906 	 25.258753
  333 	 0.027707 	 3.257854 	 32.623443
  334 	 0.019544 	 2.326736 	 26.192803
  335 	 0.030529 	 3.239033 	 34.834303
  336 	 0.038177 	 3.340392 	 27.740659
  337 	 0.028590 	 2.727401 	 26.516930
  338 	 0.029774 	 2.505587 	 23.793096
  339 	 0.036189 	 3.937226 	 30.220858
  340 	 0.029706 	 3.107082 	 30.984804
  341 	 0.030297 	 2.864410 	 25.609973
  342 	 0.028731 	 3.645678 	 26.174853
  343 	 0.037884 	 4.124338 	 28.755060
  344 	 0.032770 	 3.126764 	 32.861361
  345 	 0.034758 	 3.235093 	 25.455529
  346 	 0.030430 	 3.750459 	 29.966711
  347 	 0.019353 	 3.539256 	 27.428826
  348 	 0.033363 	 2.873938 	 31.123966
  349 	 0.021405 	 3.490120 	 31.140066
  350 	 0.030774 	 3.868981 	 28.520351
  351 	 0.017466 	 3.871001 	 37.587525
  352 	 0.022057 	 2.548277 	 27.797971
  353 	 0.015699 	 4.039007 	 56.605557
  354 	 0.030798 	 4.203551 	 36.688157
  355 	 0.017137 	 4.157754 	 47.849990
  356 	 0.019173 	 2.842835 	 27.779506
  357 	 0.020205 	 3.906737 	 43.035220
  358 	 0.035987 	 4.109217 	 48.138813
  359 	 0.023231 	 4.141342 	 40.808530
  360 	 0.020771 	 2.665285 	 26.818798
  361 	 0.015661 	 3.716981 	 42.138096
  362 	 0.022568 	 4.514249 	 45.307472
  363 	 0.023729 	 3.890364 	 58.958187
  364 	 0.022071 	 2.556182 	 26.039753
  365 	 0.016961 	 4.347692 	 39.479801
  366 	 0.030266 	 4.189164 	 36.939626
  367 	 0.019017 	 3.516929 	 50.098427
  368 	 0.027068 	 3.253025 	 30.060795
  369 	 0.019948 	 4.783146 	 39.655631
  370 	 0.033231 	 3.975320 	 30.058459
  371 	 0.025214 	 3.561771 	 38.243695
  372 	 0.029929 	 2.904736 	 25.425380
  373 	 0.015637 	 3.882894 	 35.443787
  374 	 0.037492 	 3.662008 	 25.403292
  375 	 0.028184 	 3.488814 	 47.763066
  376 	 0.033139 	 3.381389 	 22.940015
  377 	 0.020933 	 3.324283 	 29.082987
  378 	 0.038138 	 2.764772 	 17.400826
  379 	 0.034374 	 3.295870 	 36.855589
  380 	 0.056963 	 3.299813 	 21.013045
  381 	 0.027129 	 3.695712 	 25.205283
  382 	 0.036163 	 2.502651 	 15.832101
  383 	 0.039518 	 2.796287 	 21.164811
  384 	 0.030694 	 3.702246 	 25.085739
  385 	 0.037962 	 3.471645 	 21.848665
  386 	 0.020556 	 3.002444 	 25.514400
  387 	 0.021996 	 2.651446 	 20.331429
  388 	 0.029705 	 4.340786 	 47.492192
  389 	 0.025839 	 3.830392 	 39.375867
  390 	 0.021045 	 2.972011 	 30.670115
  391 	 0.025391 	 2.725040 	 26.288647
  392 	 0.032602 	 4.840325 	 41.763164
  393 	 0.024290 	 3.911627 	 37.465102
  394 	 0.020652 	 2.784385 	 29.496821
  395 	 0.026673 	 2.888592 	 30.369146
  396 	 0.032872 	 4.277848 	 47.502007
  397 	 0.032917 	 2.956159 	 32.078812
  398 	 0.021050 	 2.955372 	 27.954572
  399 	 0.030937 	 3.532591 	 28.685197
 