   0 	 0.019616 	 0.056090 	 0.289721
    1 	 0.020350 	 0.085481 	 0.297283
    2 	 0.022915 	 0.138885 	 0.611818
    3 	 0.025612 	 0.278863 	 5.806901
    4 	 0.025938 	 1.310475 	 9.106252
    5 	 0.028466 	 3.005778 	 8.509149
    6 	 0.041209 	 2.670747 	 9.623565
    7 	 0.031092 	 1.127841 	 9.070211
    8 	 0.029813 	 1.060960 	 5.590447
    9 	 0.041397 	 2.364576 	 9.666637
   10 	 0.038788 	 2.038838 	 8.567999
   11 	 0.037543 	 1.040513 	 5.356805
   12 	 0.036773 	 1.015906 	 6.990072
   13 	 0.036583 	 1.597130 	 9.290009
   14 	 0.038087 	 1.698803 	 8.956276
   15 	 0.028434 	 1.784945 	 12.954782
   16 	 0.034110 	 1.290460 	 9.747850
   17 	 0.037914 	 1.442542 	 10.760302
   18 	 0.037686 	 1.834847 	 10.315258
   19 	 0.037808 	 1.733730 	 10.030035
   20 	 0.035082 	 1.044811 	 7.686979
   21 	 0.099009 	 1.459628 	 7.739473
   22 	 0.038001 	 1.540813 	 9.192692
   23 	 0.037775 	 1.446739 	 6.426380
   24 	 0.037970 	 1.414497 	 13.792993
   25 	 0.036123 	 1.524675 	 10.596063
   26 	 0.038817 	 1.888098 	 10.433157
   27 	 0.036644 	 1.793073 	 16.550070
   28 	 0.037109 	 1.240666 	 10.359035
   29 	 0.031250 	 1.621341 	 12.813272
   30 	 0.038057 	 1.840701 	 10.671320
   31 	 0.035228 	 2.161980 	 15.367215
   32 	 0.032343 	 1.436796 	 10.564496
   33 	 0.031662 	 1.496136 	 11.208146
   34 	 0.040915 	 1.744429 	 11.462274
   35 	 0.038463 	 1.829155 	 12.336176
   36 	 0.036277 	 1.396344 	 5.197070
   37 	 0.034084 	 1.399918 	 8.883919
   38 	 0.037691 	 1.582971 	 9.055428
   39 	 0.040221 	 1.531302 	 11.378579
   40 	 0.038205 	 1.503465 	 7.040957
   41 	 0.032831 	 1.383806 	 7.081082
   42 	 0.033809 	 1.388284 	 8.904324
   43 	 0.029780 	 1.398682 	 9.594083
   44 	 0.029392 	 1.624465 	 9.267101
   45 	 0.038312 	 1.529228 	 20.314606
   46 	 0.036486 	 1.468288 	 10.354842
   47 	 0.039985 	 2.046480 	 19.488733
   48 	 0.027863 	 2.019270 	 18.849202
   49 	 0.030465 	 1.585523 	 18.873113
   50 	 0.033334 	 2.156905 	 24.472051
   51 	 0.035253 	 2.302375 	 20.692144
   52 	 0.033784 	 2.286222 	 20.102251
   53 	 0.032278 	 2.254826 	 20.724042
   54 	 0.038069 	 2.064404 	 21.193480
   55 	 0.037464 	 2.318327 	 21.332027
   56 	 0.037923 	 2.315309 	 19.581413
   57 	 0.019313 	 2.191188 	 20.462964
   58 	 0.045423 	 2.547774 	 19.172088
   59 	 0.037304 	 3.816897 	 30.947648
   60 	 0.038377 	 2.005584 	 17.116671
   61 	 0.032297 	 2.156978 	 15.763473
   62 	 0.035962 	 2.174432 	 14.988118
   63 	 0.026427 	 4.214502 	 25.708645
   64 	 0.065951 	 2.226121 	 18.661053
   65 	 0.033193 	 2.081029 	 17.057093
   66 	 0.034829 	 1.873860 	 13.063140
   67 	 0.035316 	 2.817194 	 20.923600
   68 	 0.026928 	 2.148050 	 18.902345
   69 	 0.034055 	 2.504764 	 21.778703
   70 	 0.052863 	 1.727225 	 12.220831
   71 	 0.035481 	 2.646025 	 20.258375
   72 	 0.035700 	 2.002466 	 11.709651
   73 	 0.037635 	 3.074937 	 21.700728
   74 	 0.037120 	 1.694498 	 15.134467
   75 	 0.037582 	 2.215325 	 19.144188
   76 	 0.037663 	 2.065655 	 20.444522
   77 	 0.036789 	 2.637831 	 16.119677
   78 	 0.037826 	 2.094276 	 20.719729
   79 	 0.033959 	 1.983651 	 13.218889
   80 	 0.036953 	 1.936598 	 20.650134
   81 	 0.036766 	 2.445671 	 20.320579
   82 	 0.035957 	 2.044489 	 18.864337
   83 	 0.040381 	 2.347615 	 21.112223
   84 	 0.032494 	 2.241853 	 21.478936
   85 	 0.033304 	 2.195699 	 14.101954
   86 	 0.030384 	 1.970603 	 17.891136
   87 	 0.028221 	 2.537513 	 20.383776
   88 	 0.037478 	 2.573720 	 22.230332
   89 	 0.035563 	 1.968072 	 17.127113
   90 	 0.032374 	 1.882344 	 16.426206
   91 	 0.019265 	 2.793921 	 20.751045
   92 	 0.030285 	 2.942641 	 17.998482
   93 	 0.026257 	 2.095146 	 24.470610
   94 	 0.034851 	 2.026493 	 18.627272
   95 	 0.039594 	 2.406383 	 20.138328
   96 	 0.030323 	 2.858267 	 17.167179
   97 	 0.036446 	 1.631036 	 18.452192
   98 	 0.028609 	 1.997246 	 19.012436
   99 	 0.035542 	 2.442903 	 19.590243
  100 	 0.038208 	 2.345497 	 12.019056
  101 	 0.038265 	 1.659078 	 18.004249
  102 	 0.030420 	 1.838923 	 16.789688
  103 	 0.037704 	 1.978439 	 15.228848
  104 	 0.034785 	 2.643675 	 16.860121
  105 	 0.038043 	 1.866131 	 17.329967
  106 	 0.034066 	 1.529891 	 15.142464
  107 	 0.035861 	 2.022019 	 14.783575
  108 	 0.032778 	 2.891979 	 26.269870
  109 	 0.027261 	 2.508207 	 15.276172
  110 	 0.038020 	 2.139059 	 27.189947
  111 	 0.024221 	 1.746982 	 17.586833
  112 	 0.036751 	 2.319725 	 15.351680
  113 	 0.056848 	 2.771267 	 28.149544
  114 	 0.035659 	 2.091454 	 14.821427
  115 	 0.035399 	 1.596808 	 16.434452
  116 	 0.024737 	 2.452034 	 24.075171
  117 	 0.036197 	 2.018012 	 21.849237
  118 	 0.038372 	 2.768657 	 34.798466
  119 	 0.031993 	 2.379861 	 24.877292
  120 	 0.028734 	 3.330272 	 23.600559
  121 	 0.028180 	 2.555385 	 25.152390
  122 	 0.036383 	 2.620824 	 22.925259
  123 	 0.038216 	 2.882020 	 34.507090
  124 	 0.033807 	 2.932789 	 24.763016
  125 	 0.028955 	 3.183730 	 23.688914
  126 	 0.029061 	 3.449882 	 26.173527
  127 	 0.032776 	 3.448182 	 30.344679
  128 	 0.036057 	 3.669161 	 30.247445
  129 	 0.031965 	 3.273482 	 27.415039
  130 	 0.032615 	 3.215782 	 25.152837
  131 	 0.036471 	 3.376042 	 27.805149
  132 	 0.038832 	 3.336065 	 25.116376
  133 	 0.022833 	 3.365358 	 24.709051
  134 	 0.019558 	 2.953395 	 24.490438
  135 	 0.024341 	 3.336892 	 25.778775
  136 	 0.030098 	 3.513567 	 23.395672
  137 	 0.020312 	 3.426613 	 25.726250
  138 	 0.028686 	 2.800250 	 22.465467
  139 	 0.035962 	 3.102760 	 28.973718
  140 	 0.037498 	 4.386803 	 25.804891
  141 	 0.034500 	 3.063281 	 19.798367
  142 	 0.035152 	 2.455244 	 23.202681
  143 	 0.031773 	 2.615818 	 19.966194
  144 	 0.037962 	 3.831776 	 23.098269
  145 	 0.022814 	 2.841957 	 24.626667
  146 	 0.028883 	 2.713592 	 22.955992
  147 	 0.034866 	 2.446464 	 23.280592
  148 	 0.025520 	 3.530980 	 28.585668
  149 	 0.042401 	 3.233528 	 24.098818
  150 	 0.032878 	 2.071862 	 22.593451
  151 	 0.033101 	 1.578251 	 9.048403
  152 	 0.030538 	 2.821685 	 24.645291
  153 	 0.037862 	 2.940272 	 22.872003
  154 	 0.035820 	 2.190718 	 23.016813
  155 	 0.041071 	 2.263289 	 23.008412
  156 	 0.018291 	 2.555571 	 22.827453
  157 	 0.037572 	 2.221054 	 19.451496
  158 	 0.038687 	 3.503013 	 38.474519
  159 	 0.030543 	 2.396875 	 22.784574
  160 	 0.025888 	 2.153783 	 16.642496
  161 	 0.038316 	 2.284192 	 16.802826
  162 	 0.039853 	 2.801456 	 32.480665
  163 	 0.030413 	 2.801550 	 23.062449
  164 	 0.030777 	 2.119877 	 15.408857
  165 	 0.033889 	 2.105137 	 27.768013
  166 	 0.038261 	 2.660646 	 19.850257
  167 	 0.034654 	 2.878056 	 17.573926
  168 	 0.050321 	 1.844855 	 14.052621
  169 	 0.023977 	 2.003367 	 24.087262
  170 	 0.036678 	 2.127350 	 15.665602
  171 	 0.034253 	 3.042624 	 22.919772
  172 	 0.038730 	 2.450514 	 23.484948
  173 	 0.032476 	 1.874844 	 25.270575
  174 	 0.036732 	 2.047243 	 23.078858
  175 	 0.029531 	 2.750567 	 25.836764
  176 	 0.030358 	 2.567304 	 21.198955
  177 	 0.020610 	 2.243462 	 22.289334
  178 	 0.031441 	 2.203278 	 27.058039
  179 	 0.030327 	 2.749149 	 23.127166
  180 	 0.030666 	 2.753963 	 27.217301
  181 	 0.043229 	 2.597432 	 28.147373
  182 	 0.035607 	 2.529884 	 26.212029
  183 	 0.035519 	 2.547253 	 20.648667
  184 	 0.020188 	 3.351282 	 26.590595
  185 	 0.027792 	 3.235993 	 26.653189
  186 	 0.037599 	 3.299869 	 39.233910
  187 	 0.037517 	 2.872316 	 30.310490
  188 	 0.015375 	 2.855262 	 20.677837
  189 	 0.032876 	 2.465928 	 21.557573
  190 	 0.036572 	 2.529280 	 29.864265
  191 	 0.038003 	 2.917515 	 25.271779
  192 	 0.033452 	 2.632398 	 23.939557
  193 	 0.019570 	 2.526937 	 22.470328
  194 	 0.034968 	 2.546058 	 24.967447
  195 	 0.038969 	 2.925826 	 23.865781
  196 	 0.031094 	 3.089148 	 26.003607
  197 	 0.041892 	 2.669401 	 22.588954
  198 	 0.035496 	 3.455737 	 26.320230
  199 	 0.037892 	 2.592519 	 21.189857
  200 	 0.036112 	 2.562389 	 25.616651
  201 	 0.036410 	 3.179477 	 24.675405
  202 	 0.038361 	 3.363125 	 21.552012
  203 	 0.019164 	 2.309441 	 22.316322
  204 	 0.038012 	 2.378914 	 24.315165
  205 	 0.023546 	 3.260333 	 38.515167
  206 	 0.033270 	 3.280229 	 19.977938
  207 	 0.024772 	 2.716186 	 38.246530
  208 	 0.024380 	 3.085607 	 24.992136
  209 	 0.026052 	 3.194301 	 36.534123
  210 	 0.036960 	 3.015013 	 37.763947
  211 	 0.026068 	 2.906270 	 30.439472
  212 	 0.026478 	 2.886572 	 22.851848
  213 	 0.022914 	 3.167857 	 30.730484
  214 	 0.035537 	 3.405520 	 34.992075
  215 	 0.026031 	 3.215962 	 37.155426
  216 	 0.018130 	 3.174111 	 25.740484
  217 	 0.026904 	 4.435562 	 35.548013
  218 	 0.037926 	 4.022383 	 49.430785
  219 	 0.028129 	 3.198955 	 34.478030
  220 	 0.020229 	 2.738417 	 24.517318
  221 	 0.028114 	 3.798573 	 33.080481
  222 	 0.032342 	 3.611567 	 41.102734
  223 	 0.029819 	 2.840766 	 32.152054
  224 	 0.024326 	 2.586671 	 20.528961
  225 	 0.031098 	 2.896788 	 24.295804
  226 	 0.032681 	 3.557805 	 37.841311
  227 	 0.019878 	 3.144889 	 30.122511
  228 	 0.025704 	 2.747955 	 22.260739
  229 	 0.033195 	 3.458323 	 45.500560
  230 	 0.021541 	 3.009521 	 30.108312
  231 	 0.021974 	 2.690243 	 26.277151
  232 	 0.033203 	 2.546796 	 27.441273
  233 	 0.036265 	 2.283694 	 18.275828
  234 	 0.034350 	 3.006995 	 21.490180
  235 	 0.026852 	 3.485868 	 24.167756
  236 	 0.030473 	 2.700175 	 19.815822
  237 	 0.030586 	 2.430396 	 18.889738
  238 	 0.037304 	 3.044944 	 17.868905
  239 	 0.022479 	 3.094927 	 21.276335
  240 	 0.019464 	 2.412620 	 22.105069
  241 	 0.027822 	 2.539908 	 31.075746
  242 	 0.037738 	 3.055056 	 29.077507
  243 	 0.032111 	 2.330798 	 23.352654
  244 	 0.034204 	 2.382751 	 18.250585
  245 	 0.037899 	 2.863517 	 22.567996
  246 	 0.030767 	 2.453797 	 21.549883
  247 	 0.025245 	 2.452109 	 18.975654
  248 	 0.035438 	 2.714904 	 18.431591
  249 	 0.026915 	 2.663576 	 27.140460
  250 	 0.035782 	 2.345338 	 20.991610
  251 	 0.026651 	 2.489821 	 20.026113
  252 	 0.032043 	 2.798314 	 27.187319
  253 	 0.034588 	 2.453236 	 26.142951
  254 	 0.029755 	 2.184412 	 20.771592
  255 	 0.036983 	 2.228298 	 19.832668
  256 	 0.037721 	 3.289435 	 21.951400
  257 	 0.038534 	 3.068150 	 20.208938
  258 	 0.021951 	 2.394388 	 18.452559
  259 	 0.036299 	 2.156255 	 19.710654
  260 	 0.025709 	 2.971231 	 39.602811
  261 	 0.024597 	 2.644753 	 19.194329
  262 	 0.025219 	 2.493727 	 24.090958
  263 	 0.037226 	 2.500780 	 22.080955
  264 	 0.029627 	 2.762261 	 31.206239
  265 	 0.037102 	 2.364893 	 19.527139
  266 	 0.032017 	 2.231501 	 29.216321
  267 	 0.029794 	 2.758046 	 24.751511
  268 	 0.034167 	 3.075198 	 24.710282
  269 	 0.035475 	 2.698935 	 23.932536
  270 	 0.019016 	 1.858168 	 26.627196
  271 	 0.029124 	 3.091474 	 25.789570
  272 	 0.031481 	 3.956712 	 44.811066
  273 	 0.027010 	 3.794195 	 30.841422
  274 	 0.022301 	 1.943024 	 20.212249
  275 	 0.027674 	 2.526389 	 32.992726
  276 	 0.039688 	 3.740824 	 39.061301
  277 	 0.030295 	 3.395148 	 28.033381
  278 	 0.025590 	 2.041264 	 18.973781
  279 	 0.035668 	 3.131017 	 28.332660
  280 	 0.028801 	 4.074458 	 34.734003
  281 	 0.035130 	 2.726702 	 25.662373
  282 	 0.021619 	 2.367878 	 31.151961
  283 	 0.038895 	 3.180007 	 26.021306
  284 	 0.031975 	 3.776875 	 31.263995
  285 	 0.033699 	 3.028536 	 23.699769
  286 	 0.020496 	 2.727986 	 28.282308
  287 	 0.038007 	 2.700519 	 24.023928
  288 	 0.035340 	 3.368507 	 42.023293
  289 	 0.037415 	 2.861118 	 24.208867
  290 	 0.022196 	 2.989803 	 25.128967
  291 	 0.030516 	 2.993735 	 24.029816
  292 	 0.038468 	 3.805087 	 39.222061
  293 	 0.023398 	 2.527793 	 22.085298
  294 	 0.025494 	 3.504559 	 23.941504
  295 	 0.032645 	 4.079316 	 29.348114
  296 	 0.020013 	 3.857356 	 34.729808
  297 	 0.023519 	 3.048640 	 26.590622
  298 	 0.028699 	 3.934722 	 46.055549
  299 	 0.032352 	 4.341819 	 30.012609
  300 	 0.020915 	 3.872104 	 31.197777
  301 	 0.031409 	 3.175337 	 25.904994
  302 	 0.022937 	 3.490444 	 34.347066
  303 	 0.037873 	 4.106067 	 29.371374
  304 	 0.029112 	 3.911204 	 28.286513
  305 	 0.034010 	 3.284625 	 21.874396
  306 	 0.035315 	 3.256103 	 28.080609
  307 	 0.045682 	 4.014424 	 23.691283
  308 	 0.035592 	 3.310304 	 23.914678
  309 	 0.028086 	 3.116099 	 20.087690
  310 	 0.023328 	 2.349730 	 17.860802
  311 	 0.036312 	 3.425457 	 19.723049
  312 	 0.036874 	 3.099542 	 23.240523
  313 	 0.036294 	 2.549270 	 19.226468
  314 	 0.038370 	 2.221740 	 18.500470
  315 	 0.019035 	 2.377587 	 18.555598
  316 	 0.037908 	 2.684808 	 18.878673
  317 	 0.037903 	 2.473431 	 20.051273
  318 	 0.031349 	 2.157493 	 17.238897
  319 	 0.037808 	 2.500189 	 17.005833
  320 	 0.031841 	 2.742943 	 21.254613
  321 	 0.034344 	 2.519465 	 19.080958
  322 	 0.046071 	 2.499040 	 21.034377
  323 	 0.026953 	 2.447980 	 21.034715
  324 	 0.036177 	 2.196593 	 16.188766
  325 	 0.047505 	 2.259160 	 20.343771
  326 	 0.037612 	 2.323497 	 26.321603
  327 	 0.030785 	 2.230494 	 13.332025
  328 	 0.032453 	 3.019837 	 18.685364
  329 	 0.074986 	 2.109051 	 20.414549
  330 	 0.020364 	 1.993249 	 25.104834
  331 	 0.036411 	 1.728525 	 10.561225
  332 	 0.036962 	 3.078653 	 36.148143
  333 	 0.034090 	 2.637728 	 22.877375
  334 	 0.027636 	 2.463749 	 23.168554
  335 	 0.034568 	 2.438979 	 24.008734
  336 	 0.037536 	 2.649306 	 27.295501
  337 	 0.041628 	 2.913710 	 23.165367
  338 	 0.036626 	 2.518857 	 21.239357
  339 	 0.026297 	 2.328110 	 21.084684
  340 	 0.037490 	 2.574697 	 22.208002
  341 	 0.042278 	 3.074577 	 28.655652
  342 	 0.034149 	 2.160864 	 16.285944
  343 	 0.031152 	 2.179861 	 23.321784
  344 	 0.037492 	 2.437797 	 18.050274
  345 	 0.031656 	 2.617031 	 27.488298
  346 	 0.036415 	 2.208182 	 26.252199
  347 	 0.036378 	 2.790489 	 29.108176
  348 	 0.029423 	 3.564276 	 26.444472
  349 	 0.031171 	 3.473095 	 25.849460
  350 	 0.037805 	 2.433736 	 27.246393
  351 	 0.027353 	 2.397020 	 22.000427
  352 	 0.027698 	 2.892629 	 24.455537
  353 	 0.028773 	 3.485758 	 23.400160
  354 	 0.032785 	 2.518561 	 20.450635
  355 	 0.026036 	 2.741471 	 22.149550
  356 	 0.028706 	 2.869833 	 22.194788
  357 	 0.039230 	 3.301447 	 24.700955
  358 	 0.035094 	 3.265989 	 27.392804
  359 	 0.037312 	 2.675365 	 22.305155
  360 	 0.035059 	 2.271197 	 18.925697
  361 	 0.020694 	 3.599152 	 22.166900
  362 	 0.037658 	 3.354740 	 22.572948
  363 	 0.037900 	 3.114020 	 35.094723
  364 	 0.033045 	 2.556758 	 22.193598
  365 	 0.028480 	 3.501125 	 21.956861
  366 	 0.036632 	 4.040442 	 24.325084
  367 	 0.024314 	 3.157008 	 29.868309
  368 	 0.019496 	 2.547570 	 22.710586
  369 	 0.029422 	 3.411268 	 24.832920
  370 	 0.031789 	 3.919454 	 40.822487
  371 	 0.018649 	 3.485972 	 21.554400
  372 	 0.024492 	 2.594862 	 21.571378
  373 	 0.029639 	 3.097015 	 21.421880
  374 	 0.033369 	 3.828576 	 32.266762
  375 	 0.028089 	 3.279653 	 23.517545
  376 	 0.030844 	 2.841094 	 24.528541
  377 	 0.032928 	 2.636984 	 28.177416
  378 	 0.022416 	 3.515369 	 22.860346
  379 	 0.035261 	 3.374124 	 24.796877
  380 	 0.032515 	 2.682557 	 33.538457
  381 	 0.036632 	 2.310116 	 23.106294
  382 	 0.029767 	 3.459868 	 25.052946
  383 	 0.037450 	 3.895041 	 22.710973
  384 	 0.027742 	 2.961327 	 26.618832
  385 	 0.044017 	 2.437258 	 22.099615
  386 	 0.032353 	 3.386686 	 23.266128
  387 	 0.035485 	 3.178508 	 20.567128
  388 	 0.030985 	 2.923052 	 25.155355
  389 	 0.026170 	 2.944030 	 24.280617
  390 	 0.019457 	 3.306166 	 26.871001
  391 	 0.031059 	 3.006058 	 31.675624
  392 	 0.028258 	 3.091045 	 44.529026
  393 	 0.031565 	 2.760182 	 27.428276
  394 	 0.022015 	 2.986613 	 28.832452
  395 	 0.033863 	 3.023475 	 24.597737
  396 	 0.026456 	 2.840440 	 36.476298
  397 	 0.026505 	 2.715656 	 25.469120
  398 	 0.027322 	 3.566413 	 31.391027
  399 	 0.033707 	 3.505785 	 33.892320
 