   0 	 0.015306 	 0.062231 	 1.000501
    1 	 0.015306 	 0.319224 	 9.861941
    2 	 0.036138 	 2.508928 	 8.487246
    3 	 0.037660 	 3.665313 	 8.568558
    4 	 0.033130 	 1.425037 	 8.282396
    5 	 0.031455 	 0.952837 	 8.179300
    6 	 0.067851 	 1.708745 	 7.433312
    7 	 0.037955 	 2.236076 	 7.970287
    8 	 0.037133 	 1.272704 	 5.908405
    9 	 0.029672 	 1.261708 	 7.967365
   10 	 0.037584 	 1.552172 	 7.666760
   11 	 0.030218 	 1.912240 	 10.576759
   12 	 0.036948 	 1.120350 	 7.657923
   13 	 0.040982 	 1.430649 	 10.821905
   14 	 0.040026 	 1.588609 	 6.651222
   15 	 0.031742 	 1.489454 	 6.820224
   16 	 0.034558 	 1.191769 	 10.612798
   17 	 0.033758 	 1.597989 	 12.169839
   18 	 0.035611 	 1.569475 	 11.423920
   19 	 0.038526 	 1.715623 	 12.300745
   20 	 0.041585 	 1.866109 	 14.813044
   21 	 0.036880 	 1.855911 	 14.300816
   22 	 0.030907 	 1.545135 	 12.953870
   23 	 0.040892 	 1.659349 	 10.529528
   24 	 0.037502 	 1.742691 	 22.658329
   25 	 0.034081 	 1.529652 	 11.535113
   26 	 0.040421 	 1.880404 	 12.484108
   27 	 0.032621 	 2.102344 	 21.560885
   28 	 0.030534 	 1.917405 	 12.113176
   29 	 0.037174 	 1.793756 	 27.158329
   30 	 0.034991 	 2.066873 	 25.440646
   31 	 0.036770 	 2.164370 	 19.796940
   32 	 0.034581 	 2.234546 	 25.005541
   33 	 0.033409 	 2.110960 	 23.993563
   34 	 0.019678 	 2.665050 	 23.820561
   35 	 0.030713 	 3.076793 	 24.504443
   36 	 0.030098 	 3.495635 	 39.875278
   37 	 0.028950 	 2.539573 	 29.750120
   38 	 0.025076 	 3.215079 	 26.136293
   39 	 0.033606 	 3.751902 	 26.990306
   40 	 0.029938 	 3.512578 	 32.812343
   41 	 0.019164 	 2.314450 	 21.410359
   42 	 0.025843 	 3.430089 	 32.011966
   43 	 0.035287 	 3.636015 	 40.709295
   44 	 0.022720 	 2.675442 	 23.076985
   45 	 0.024561 	 3.005200 	 24.578084
   46 	 0.035865 	 3.909871 	 27.300059
   47 	 0.038377 	 3.982112 	 33.376517
   48 	 0.035965 	 2.582153 	 24.233771
   49 	 0.029956 	 2.809249 	 22.535139
   50 	 0.035826 	 4.202470 	 24.174897
   51 	 0.031396 	 4.030713 	 28.045699
   52 	 0.026794 	 2.324568 	 16.093497
   53 	 0.032128 	 2.728989 	 26.957131
   54 	 0.038416 	 3.969769 	 31.061372
   55 	 0.021734 	 3.813907 	 26.090237
   56 	 0.032191 	 2.511331 	 22.822635
   57 	 0.038321 	 3.366368 	 39.945385
   58 	 0.031383 	 4.019788 	 26.673117
   59 	 0.025023 	 3.701033 	 22.889704
   60 	 0.022155 	 3.124329 	 29.426229
   61 	 0.024801 	 3.835245 	 33.307663
   62 	 0.033978 	 3.343246 	 36.825245
   63 	 0.020816 	 4.110919 	 32.785968
   64 	 0.027153 	 2.937829 	 25.989195
   65 	 0.023525 	 3.803576 	 39.501371
   66 	 0.037304 	 4.208389 	 30.402036
   67 	 0.025200 	 4.049683 	 34.691513
   68 	 0.025315 	 3.042374 	 25.137973
   69 	 0.018712 	 4.024538 	 33.112086
   70 	 0.026936 	 3.621686 	 25.389209
   71 	 0.030196 	 4.115814 	 30.303842
   72 	 0.038189 	 3.292178 	 31.021637
   73 	 0.030455 	 3.580448 	 28.172254
   74 	 0.027921 	 3.452685 	 22.820428
   75 	 0.035429 	 4.093824 	 28.205046
   76 	 0.037559 	 3.348890 	 30.010836
   77 	 0.021953 	 3.072675 	 24.492446
   78 	 0.029123 	 3.423557 	 23.278184
   79 	 0.034768 	 4.382852 	 36.965020
   80 	 0.042949 	 3.662125 	 29.050333
   81 	 0.027049 	 3.327361 	 24.895230
   82 	 0.034417 	 2.838977 	 20.149613
   83 	 0.033917 	 3.937056 	 30.817826
   84 	 0.021662 	 4.247705 	 25.115050
   85 	 0.021169 	 2.522625 	 18.608162
   86 	 0.023056 	 3.118283 	 36.952670
   87 	 0.036158 	 3.616603 	 36.011277
   88 	 0.027058 	 4.991642 	 28.423236
   89 	 0.016122 	 3.172817 	 23.391917
   90 	 0.032062 	 2.846065 	 33.269331
   91 	 0.026974 	 3.985439 	 52.295173
   92 	 0.030052 	 4.221434 	 24.646117
   93 	 0.019120 	 2.954069 	 33.361842
   94 	 0.029664 	 3.346230 	 30.255645
   95 	 0.029972 	 4.066029 	 40.783060
   96 	 0.017999 	 4.141014 	 30.614503
   97 	 0.024518 	 2.367843 	 28.513016
   98 	 0.030720 	 3.757820 	 47.621851
   99 	 0.035065 	 3.786594 	 36.472125
  100 	 0.020992 	 3.651897 	 29.656236
  101 	 0.027102 	 2.545705 	 26.270794
  102 	 0.027537 	 3.299358 	 38.325638
  103 	 0.037370 	 3.189400 	 30.767227
  104 	 0.015565 	 3.638301 	 24.140531
  105 	 0.013961 	 2.647215 	 24.533396
  106 	 0.037468 	 4.343922 	 53.865880
  107 	 0.035421 	 3.174840 	 28.171843
  108 	 0.018554 	 3.173534 	 23.381832
  109 	 0.034329 	 3.070075 	 26.027257
  110 	 0.022749 	 2.880153 	 22.369350
  111 	 0.037928 	 3.121782 	 26.861059
  112 	 0.030551 	 4.044089 	 38.836501
  113 	 0.037166 	 3.217081 	 24.334149
  114 	 0.025745 	 3.047618 	 23.309148
  115 	 0.033469 	 3.119689 	 23.236349
  116 	 0.020270 	 3.043116 	 23.898324
  117 	 0.030465 	 3.734230 	 23.910919
  118 	 0.034652 	 2.580048 	 16.395427
  119 	 0.022717 	 2.601692 	 29.882307
  120 	 0.037620 	 2.930620 	 24.190079
  121 	 0.033453 	 3.428400 	 36.063696
  122 	 0.032372 	 2.359917 	 16.305540
  123 	 0.027607 	 2.983834 	 27.432838
  124 	 0.061272 	 2.589757 	 16.194097
  125 	 0.022107 	 2.815345 	 32.779260
  126 	 0.036858 	 1.974548 	 10.547801
  127 	 0.030503 	 3.224835 	 39.988062
  128 	 0.027276 	 2.716016 	 25.089305
  129 	 0.024918 	 2.827112 	 23.896905
  130 	 0.039802 	 2.729429 	 26.485466
  131 	 0.022714 	 3.078520 	 32.983831
  132 	 0.032217 	 2.868483 	 22.224459
  133 	 0.028828 	 3.434383 	 30.198609
  134 	 0.025610 	 3.094677 	 30.471723
  135 	 0.033113 	 3.363116 	 33.981780
  136 	 0.029682 	 3.095804 	 25.950952
  137 	 0.029426 	 3.357416 	 25.501446
  138 	 0.038055 	 3.481905 	 29.866968
  139 	 0.038238 	 3.017992 	 23.703771
  140 	 0.018027 	 2.870100 	 23.764133
  141 	 0.042074 	 2.604948 	 23.253604
  142 	 0.033595 	 3.486872 	 47.558376
  143 	 0.028662 	 2.443648 	 15.875635
  144 	 0.020974 	 2.973801 	 25.319912
  145 	 0.023734 	 3.391029 	 31.583935
  146 	 0.022553 	 2.981792 	 17.743237
  147 	 0.026494 	 2.880609 	 27.598768
  148 	 0.023788 	 3.619967 	 41.062273
  149 	 0.031979 	 3.436868 	 31.651500
  150 	 0.024350 	 3.175798 	 25.088494
  151 	 0.031560 	 2.915039 	 23.524366
  152 	 0.033655 	 3.377302 	 36.562733
  153 	 0.028446 	 3.437003 	 29.708872
  154 	 0.027287 	 3.334037 	 27.968310
  155 	 0.030688 	 3.025755 	 31.011872
  156 	 0.035743 	 3.788347 	 27.257504
  157 	 0.032240 	 2.867127 	 30.040585
  158 	 0.019239 	 2.701644 	 20.556461
  159 	 0.024277 	 3.431924 	 28.702280
  160 	 0.023984 	 3.014010 	 25.458225
  161 	 0.034837 	 2.729874 	 36.261835
  162 	 0.036392 	 3.615245 	 25.626402
  163 	 0.027574 	 4.110589 	 25.053374
  164 	 0.025756 	 2.885150 	 23.489429
  165 	 0.029890 	 2.870802 	 32.389286
  166 	 0.022339 	 4.993886 	 34.415738
  167 	 0.030871 	 4.038772 	 26.184680
  168 	 0.029050 	 2.704406 	 19.739944
  169 	 0.021719 	 2.665628 	 25.528884
  170 	 0.028376 	 3.585575 	 26.773619
  171 	 0.039159 	 4.167337 	 24.104568
  172 	 0.014708 	 2.958899 	 32.493221
  173 	 0.028850 	 2.093439 	 23.552353
  174 	 0.020093 	 4.340973 	 43.462642
  175 	 0.038809 	 3.722419 	 31.104658
  176 	 0.023004 	 3.415030 	 35.219687
  177 	 0.029570 	 1.893481 	 13.376367
  178 	 0.028389 	 3.949724 	 38.016809
  179 	 0.019091 	 3.812432 	 28.574206
  180 	 0.026302 	 3.256490 	 31.960496
  181 	 0.019928 	 2.743197 	 39.076778
  182 	 0.031286 	 4.322346 	 28.213834
  183 	 0.025584 	 3.745035 	 38.420208
  184 	 0.024837 	 3.156416 	 26.464970
  185 	 0.026012 	 2.619048 	 35.734752
  186 	 0.037706 	 2.947761 	 30.640180
  187 	 0.027594 	 4.031825 	 34.116104
  188 	 0.032633 	 3.176198 	 23.971691
  189 	 0.029308 	 2.408782 	 23.794055
  190 	 0.041707 	 2.989920 	 28.142807
  191 	 0.020202 	 4.316080 	 31.047787
  192 	 0.018465 	 2.619159 	 20.369971
  193 	 0.030089 	 3.155097 	 24.713529
  194 	 0.028587 	 3.582865 	 46.804599
  195 	 0.020307 	 4.244542 	 30.313005
  196 	 0.021358 	 3.829758 	 31.758908
  197 	 0.021415 	 3.985667 	 27.772229
  198 	 0.030915 	 3.056546 	 19.593470
  199 	 0.035884 	 3.931656 	 33.539682
  200 	 0.030510 	 3.792451 	 29.863283
  201 	 0.029814 	 3.979521 	 27.560730
  202 	 0.030373 	 3.159565 	 22.069986
  203 	 0.031300 	 3.688751 	 31.732278
  204 	 0.019005 	 3.770424 	 30.794811
  205 	 0.031511 	 3.776777 	 30.303341
  206 	 0.032456 	 3.476537 	 51.532207
  207 	 0.028377 	 3.730360 	 27.895642
  208 	 0.019389 	 3.216536 	 26.689701
  209 	 0.035829 	 4.019641 	 31.972633
  210 	 0.037313 	 3.322293 	 46.535005
  211 	 0.030820 	 3.960009 	 25.810859
  212 	 0.021488 	 3.204170 	 24.922658
  213 	 0.037786 	 3.449643 	 30.376970
  214 	 0.037683 	 3.611392 	 27.481432
  215 	 0.029487 	 4.356553 	 25.508901
  216 	 0.030634 	 3.665172 	 23.933238
  217 	 0.029936 	 3.315743 	 25.095639
  218 	 0.028286 	 3.223466 	 21.630891
  219 	 0.031778 	 4.771302 	 29.380433
  220 	 0.028629 	 3.442440 	 34.738691
  221 	 0.034030 	 3.884115 	 27.872106
  222 	 0.028783 	 3.743752 	 30.553986
  223 	 0.033414 	 4.200140 	 25.988424
  224 	 0.032724 	 3.417609 	 27.713928
  225 	 0.029168 	 3.712356 	 25.007176
  226 	 0.036007 	 3.131858 	 23.246780
  227 	 0.029429 	 3.566055 	 30.149384
  228 	 0.027764 	 2.921646 	 22.921840
  229 	 0.033164 	 4.055333 	 25.298144
  230 	 0.031898 	 2.928833 	 23.547305
  231 	 0.020334 	 3.470749 	 29.705617
  232 	 0.033004 	 2.785995 	 21.414244
  233 	 0.027191 	 3.803737 	 31.119855
  234 	 0.035940 	 2.941307 	 24.567792
  235 	 0.029703 	 3.203139 	 28.482587
  236 	 0.038848 	 3.023645 	 26.298331
  237 	 0.033308 	 3.836387 	 27.546141
  238 	 0.037393 	 2.496834 	 21.749988
  239 	 0.020179 	 3.220716 	 27.035112
  240 	 0.020194 	 3.132226 	 24.574132
  241 	 0.029116 	 4.033763 	 39.248455
  242 	 0.031884 	 2.664114 	 38.243949
  243 	 0.025467 	 3.112491 	 29.056164
  244 	 0.026126 	 3.675231 	 26.892982
  245 	 0.034410 	 3.416282 	 32.608389
  246 	 0.032855 	 2.353290 	 24.615000
  247 	 0.019494 	 3.166072 	 25.182685
  248 	 0.037412 	 3.558449 	 26.209198
  249 	 0.037079 	 3.525480 	 40.332068
  250 	 0.032287 	 2.467840 	 21.785680
  251 	 0.024781 	 3.132509 	 23.950115
  252 	 0.037930 	 3.080269 	 23.448398
  253 	 0.037445 	 3.222756 	 31.866310
  254 	 0.033719 	 2.761392 	 22.112022
  255 	 0.031370 	 3.509938 	 22.836335
  256 	 0.031065 	 3.156764 	 25.068522
  257 	 0.031088 	 2.888550 	 22.997662
  258 	 0.034657 	 3.148186 	 20.949395
  259 	 0.029956 	 3.309242 	 19.323597
  260 	 0.023213 	 3.263624 	 23.105016
  261 	 0.029613 	 3.358088 	 25.027489
  262 	 0.027077 	 2.864908 	 22.976019
  263 	 0.029321 	 3.200586 	 25.492935
  264 	 0.022825 	 2.964166 	 30.981810
  265 	 0.029003 	 2.682057 	 28.967498
  266 	 0.022717 	 2.919072 	 35.555167
  267 	 0.034447 	 3.588245 	 29.236849
  268 	 0.028121 	 3.508041 	 33.878337
  269 	 0.034192 	 2.674239 	 25.222516
  270 	 0.029511 	 2.053932 	 17.111098
  271 	 0.028625 	 2.721625 	 24.441191
  272 	 0.058229 	 3.330298 	 20.378265
  273 	 0.032881 	 2.684576 	 21.628883
  274 	 0.037698 	 1.712261 	 12.750440
  275 	 0.036660 	 2.974383 	 24.224186
  276 	 0.028910 	 3.244880 	 18.670866
  277 	 0.036942 	 3.360017 	 22.806055
  278 	 0.033023 	 2.656598 	 29.230965
  279 	 0.021711 	 2.420840 	 23.673223
  280 	 0.034204 	 2.965526 	 24.454237
  281 	 0.030202 	 2.881685 	 27.052618
  282 	 0.040876 	 2.109627 	 22.977281
  283 	 0.036360 	 3.233740 	 23.040656
  284 	 0.036606 	 2.167062 	 13.329196
  285 	 0.029298 	 2.720760 	 22.375336
  286 	 0.038194 	 2.265646 	 22.696723
  287 	 0.036968 	 3.570065 	 32.156654
  288 	 0.029774 	 2.332268 	 22.175818
  289 	 0.023128 	 2.827716 	 22.451563
  290 	 0.032632 	 2.766510 	 27.492241
  291 	 0.024169 	 2.824842 	 24.255152
  292 	 0.030000 	 3.115521 	 29.822150
  293 	 0.037552 	 2.675347 	 23.348841
  294 	 0.033530 	 3.969648 	 30.675133
  295 	 0.033991 	 2.539150 	 19.148856
  296 	 0.020386 	 3.077136 	 26.093471
  297 	 0.028672 	 3.247082 	 27.254616
  298 	 0.030213 	 3.717316 	 25.643680
  299 	 0.036682 	 2.419215 	 21.899862
  300 	 0.021441 	 2.887432 	 25.539131
  301 	 0.030917 	 3.180630 	 22.949153
  302 	 0.019787 	 3.630029 	 35.789403
  303 	 0.043551 	 2.723435 	 23.837106
  304 	 0.027904 	 2.737551 	 38.041508
  305 	 0.034918 	 2.779254 	 19.939834
  306 	 0.022395 	 3.589936 	 29.066688
  307 	 0.025254 	 3.582933 	 24.144264
  308 	 0.034396 	 2.849654 	 36.502963
  309 	 0.032474 	 3.454725 	 31.393710
  310 	 0.027390 	 3.593813 	 23.043839
  311 	 0.031820 	 2.912884 	 20.618584
  312 	 0.030187 	 2.569705 	 29.162957
  313 	 0.034190 	 3.230704 	 23.854702
  314 	 0.034278 	 4.042337 	 24.982572
  315 	 0.037718 	 3.682895 	 26.228096
  316 	 0.021364 	 2.518911 	 23.993354
  317 	 0.037133 	 3.138879 	 22.564283
  318 	 0.023864 	 5.227797 	 35.760264
  319 	 0.035619 	 3.402202 	 24.019383
  320 	 0.024962 	 3.304423 	 26.835799
  321 	 0.032271 	 3.469845 	 23.590599
  322 	 0.031135 	 4.214791 	 31.683326
  323 	 0.022744 	 2.462712 	 23.109897
  324 	 0.031556 	 3.623112 	 25.227690
  325 	 0.032760 	 4.052596 	 32.912743
  326 	 0.019507 	 3.998063 	 29.890184
  327 	 0.030376 	 2.834177 	 29.274091
  328 	 0.033452 	 3.052159 	 38.303260
  329 	 0.027866 	 3.937953 	 27.566275
  330 	 0.026103 	 4.207714 	 28.366824
  331 	 0.032498 	 2.742047 	 29.013730
  332 	 0.027608 	 2.888211 	 30.697975
  333 	 0.034459 	 4.798214 	 26.124470
  334 	 0.022452 	 5.204955 	 32.146549
  335 	 0.028149 	 3.455117 	 26.343888
  336 	 0.021711 	 2.994365 	 23.974360
  337 	 0.021289 	 3.760143 	 25.469871
  338 	 0.037943 	 4.481814 	 41.133741
  339 	 0.039247 	 4.153098 	 32.165203
  340 	 0.024287 	 3.154132 	 23.296334
  341 	 0.030488 	 3.032878 	 23.400616
  342 	 0.042920 	 4.644503 	 37.193043
  343 	 0.042668 	 4.045787 	 24.886044
  344 	 0.019484 	 2.280035 	 21.321229
  345 	 0.021126 	 2.450066 	 21.754392
  346 	 0.038083 	 4.027824 	 40.844501
  347 	 0.034029 	 3.386195 	 24.881117
  348 	 0.020125 	 2.331655 	 25.136678
  349 	 0.020682 	 3.172619 	 27.988614
  350 	 0.028592 	 4.172424 	 36.374007
  351 	 0.032088 	 3.441393 	 41.698329
  352 	 0.027461 	 2.809246 	 33.792956
  353 	 0.023980 	 3.850397 	 29.335563
  354 	 0.029585 	 3.962833 	 34.292753
  355 	 0.032787 	 4.337714 	 38.343736
  356 	 0.029159 	 2.923305 	 25.291145
  357 	 0.026053 	 3.414784 	 26.444135
  358 	 0.028915 	 3.399562 	 22.673312
  359 	 0.023447 	 3.761090 	 35.647282
  360 	 0.023361 	 3.121708 	 22.264148
  361 	 0.028041 	 3.835449 	 28.779632
  362 	 0.021969 	 3.361077 	 25.406138
  363 	 0.034742 	 2.630856 	 18.297050
  364 	 0.030921 	 2.924444 	 27.141099
  365 	 0.038961 	 2.769778 	 21.719078
  366 	 0.036021 	 3.760894 	 22.665135
  367 	 0.037188 	 2.749149 	 19.896298
  368 	 0.037082 	 2.914686 	 27.158732
  369 	 0.026862 	 2.945507 	 22.558541
  370 	 0.028216 	 3.412625 	 23.493850
  371 	 0.031497 	 3.125612 	 36.546850
  372 	 0.029302 	 2.982412 	 28.357515
  373 	 0.027352 	 2.894652 	 28.987645
  374 	 0.033277 	 3.172949 	 31.845087
  375 	 0.034493 	 3.460920 	 25.024639
  376 	 0.030397 	 3.061907 	 24.268661
  377 	 0.033781 	 2.585639 	 25.423281
  378 	 0.034838 	 2.332497 	 23.211446
  379 	 0.031513 	 3.103012 	 24.668818
  380 	 0.043081 	 3.615018 	 25.956834
  381 	 0.032306 	 3.123381 	 19.375081
  382 	 0.036237 	 2.191375 	 18.698208
  383 	 0.025000 	 2.738307 	 26.783026
  384 	 0.038391 	 3.498716 	 27.444528
  385 	 0.023396 	 3.723568 	 26.595369
  386 	 0.029338 	 2.449961 	 19.611411
  387 	 0.035918 	 2.468758 	 30.963379
  388 	 0.022453 	 3.585514 	 27.295297
  389 	 0.032296 	 4.042092 	 26.051616
  390 	 0.019545 	 2.899136 	 25.880737
  391 	 0.038385 	 2.765947 	 30.398817
  392 	 0.032444 	 3.887915 	 47.743744
  393 	 0.024283 	 3.521179 	 20.997145
  394 	 0.020941 	 2.911612 	 22.417778
  395 	 0.046386 	 2.255979 	 22.531074
  396 	 0.038097 	 2.759413 	 21.854163
  397 	 0.035345 	 2.745560 	 17.456896
  398 	 0.030004 	 2.859994 	 25.841744
  399 	 0.030055 	 2.421759 	 21.577517
 