   0 	 0.017969 	 0.058525 	 0.326947
    1 	 0.018685 	 0.101561 	 0.326947
    2 	 0.018651 	 0.151639 	 0.326491
    3 	 0.034898 	 0.197572 	 0.659306
    4 	 0.034907 	 0.243137 	 0.679449
    5 	 0.034949 	 0.287714 	 0.816527
    6 	 0.040548 	 0.349587 	 0.838316
    7 	 0.047541 	 0.465789 	 1.322786
    8 	 0.024905 	 0.524135 	 1.325008
    9 	 0.034743 	 0.538851 	 1.442695
   10 	 0.027101 	 0.565417 	 1.726348
   11 	 0.037594 	 0.656814 	 1.691353
   12 	 0.037414 	 0.684972 	 1.635488
   13 	 0.037823 	 0.624758 	 1.967754
   14 	 0.038222 	 0.754578 	 3.473285
   15 	 0.035349 	 1.106254 	 10.609906
   16 	 0.036807 	 1.344655 	 8.331237
   17 	 0.037433 	 1.261268 	 12.586665
   18 	 0.031134 	 1.510621 	 16.930752
   19 	 0.039507 	 1.787280 	 19.518549
   20 	 0.036400 	 1.887503 	 26.501462
   21 	 0.026580 	 1.457417 	 11.639842
   22 	 0.035496 	 2.200541 	 19.277410
   23 	 0.037191 	 1.686467 	 16.606871
   24 	 0.025895 	 1.825572 	 18.963471
   25 	 0.035955 	 2.014527 	 19.611432
   26 	 0.037281 	 2.721041 	 24.469531
   27 	 0.035911 	 1.816698 	 17.588545
   28 	 0.031422 	 1.967426 	 22.491876
   29 	 0.037309 	 1.877468 	 19.301486
   30 	 0.038521 	 2.527814 	 22.511109
   31 	 0.029576 	 2.216545 	 19.590175
   32 	 0.034698 	 2.106181 	 19.633549
   33 	 0.037460 	 2.907545 	 27.719099
   34 	 0.036027 	 3.234701 	 24.273107
   35 	 0.027058 	 3.310213 	 22.747865
   36 	 0.030555 	 2.270542 	 23.514721
   37 	 0.032684 	 2.991457 	 29.799161
   38 	 0.024979 	 3.355063 	 26.986840
   39 	 0.033551 	 3.016762 	 25.520301
   40 	 0.037046 	 2.353994 	 31.767458
   41 	 0.037589 	 2.856833 	 22.744971
   42 	 0.026023 	 3.309498 	 22.132621
   43 	 0.037304 	 3.185463 	 19.896466
   44 	 0.030486 	 2.250899 	 22.540269
   45 	 0.030810 	 2.625578 	 22.828914
   46 	 0.044358 	 3.169695 	 27.037385
   47 	 0.043785 	 3.706031 	 26.731041
   48 	 0.035703 	 2.096564 	 20.982942
   49 	 0.036226 	 1.895815 	 18.558139
   50 	 0.024573 	 3.179974 	 21.832720
   51 	 0.053855 	 3.422609 	 23.350292
   52 	 0.036228 	 2.250777 	 22.350795
   53 	 0.036965 	 1.814145 	 16.062867
   54 	 0.037335 	 3.658710 	 23.240545
   55 	 0.029935 	 3.427267 	 24.651760
   56 	 0.036353 	 1.908652 	 20.338620
   57 	 0.028701 	 2.599335 	 28.624882
   58 	 0.027714 	 4.121130 	 25.029539
   59 	 0.034930 	 3.097706 	 28.167853
   60 	 0.020741 	 2.750068 	 33.997537
   61 	 0.023034 	 3.276364 	 26.434294
   62 	 0.029400 	 4.350870 	 43.973352
   63 	 0.035408 	 3.689418 	 40.429739
   64 	 0.022740 	 2.730446 	 27.433263
   65 	 0.024733 	 3.016070 	 26.732405
   66 	 0.036338 	 4.328546 	 26.585128
   67 	 0.019205 	 4.206033 	 37.406894
   68 	 0.019276 	 3.091073 	 26.083638
   69 	 0.026732 	 3.911483 	 25.378044
   70 	 0.036349 	 4.552472 	 47.000741
   71 	 0.024388 	 4.474664 	 35.673723
   72 	 0.021275 	 3.514468 	 25.740665
   73 	 0.028031 	 3.877287 	 25.392338
   74 	 0.035922 	 3.345177 	 25.969146
   75 	 0.036718 	 3.842284 	 33.635133
   76 	 0.019949 	 3.169610 	 25.034339
   77 	 0.029718 	 3.355631 	 26.029279
   78 	 0.036539 	 3.664295 	 45.979159
   79 	 0.029939 	 3.567480 	 30.942489
   80 	 0.021748 	 2.702409 	 26.015128
   81 	 0.032314 	 3.432406 	 25.307191
   82 	 0.034242 	 3.307074 	 32.416826
   83 	 0.030527 	 3.070624 	 29.227464
   84 	 0.030819 	 2.710364 	 27.668844
   85 	 0.034179 	 3.072432 	 25.279393
   86 	 0.036117 	 2.887291 	 25.745863
   87 	 0.032376 	 2.399023 	 22.134369
   88 	 0.032802 	 3.038692 	 26.869098
   89 	 0.029757 	 3.389603 	 21.656428
   90 	 0.028840 	 2.902633 	 29.496898
   91 	 0.026445 	 2.130386 	 19.700667
   92 	 0.027260 	 3.178008 	 24.789080
   93 	 0.021968 	 3.749277 	 33.419471
   94 	 0.030054 	 3.244054 	 34.411499
   95 	 0.029895 	 2.991202 	 42.074142
   96 	 0.028529 	 3.383123 	 24.065322
   97 	 0.023762 	 3.910547 	 31.550410
   98 	 0.036304 	 2.848053 	 34.330445
   99 	 0.018398 	 3.002853 	 41.047464
  100 	 0.029128 	 4.033091 	 27.097099
  101 	 0.024355 	 4.267418 	 52.635971
  102 	 0.034991 	 2.703490 	 33.638136
  103 	 0.018998 	 2.985914 	 26.208795
  104 	 0.029714 	 4.372991 	 25.828131
  105 	 0.038154 	 3.432281 	 36.234208
  106 	 0.021196 	 3.010968 	 29.795575
  107 	 0.022649 	 2.728990 	 18.532451
  108 	 0.033561 	 4.479669 	 33.561227
  109 	 0.036289 	 3.588500 	 30.817340
  110 	 0.025030 	 3.090956 	 24.324129
  111 	 0.030241 	 3.245924 	 22.220705
  112 	 0.019356 	 4.224094 	 29.378370
  113 	 0.028517 	 3.293787 	 28.216518
  114 	 0.030971 	 3.455142 	 35.770927
  115 	 0.035389 	 3.297849 	 19.870245
  116 	 0.026443 	 3.609168 	 25.270929
  117 	 0.036920 	 3.004054 	 26.048900
  118 	 0.021782 	 3.408423 	 33.279039
  119 	 0.035243 	 3.638929 	 24.351743
  120 	 0.027919 	 3.190743 	 37.557932
  121 	 0.029560 	 2.513803 	 24.372471
  122 	 0.026590 	 3.223157 	 25.432922
  123 	 0.041011 	 4.025416 	 29.360075
  124 	 0.033738 	 2.950738 	 29.859773
  125 	 0.021419 	 2.544285 	 22.056887
  126 	 0.033446 	 2.970617 	 25.543109
  127 	 0.034496 	 4.433450 	 41.632917
  128 	 0.030414 	 3.620160 	 27.742087
  129 	 0.024018 	 2.860373 	 25.318840
  130 	 0.036040 	 3.084357 	 30.290180
  131 	 0.023226 	 3.706592 	 24.303905
  132 	 0.031711 	 3.319195 	 23.288396
  133 	 0.034213 	 2.662241 	 33.194000
  134 	 0.037799 	 2.517219 	 29.575875
  135 	 0.030122 	 3.109108 	 26.101037
  136 	 0.033809 	 3.495116 	 19.400575
  137 	 0.035878 	 3.144711 	 25.930084
  138 	 0.024033 	 2.599488 	 25.101782
  139 	 0.034146 	 2.820489 	 23.132918
  140 	 0.036638 	 3.043719 	 24.451672
  141 	 0.035872 	 3.223517 	 26.704894
  142 	 0.031820 	 3.091603 	 25.814289
  143 	 0.020693 	 3.692035 	 26.335274
  144 	 0.035218 	 3.617990 	 29.480754
  145 	 0.028387 	 3.790448 	 43.872318
  146 	 0.030262 	 3.345508 	 25.961841
  147 	 0.022792 	 4.167581 	 31.559144
  148 	 0.036928 	 3.383918 	 27.763881
  149 	 0.031684 	 3.843139 	 40.174030
  150 	 0.036016 	 3.896472 	 24.621472
  151 	 0.024890 	 4.295781 	 28.128258
  152 	 0.032088 	 3.946120 	 25.340349
  153 	 0.035548 	 3.826308 	 31.456044
  154 	 0.031969 	 3.844653 	 29.596236
  155 	 0.031779 	 4.306321 	 27.065219
  156 	 0.028410 	 4.080751 	 24.474111
  157 	 0.022881 	 3.008622 	 29.516829
  158 	 0.032405 	 3.687783 	 28.420729
  159 	 0.033498 	 4.862486 	 31.738775
  160 	 0.020867 	 3.833379 	 28.981122
  161 	 0.028504 	 3.202319 	 28.654813
  162 	 0.034504 	 3.943190 	 44.910368
  163 	 0.032951 	 4.956644 	 30.447474
  164 	 0.021435 	 3.499466 	 24.727606
  165 	 0.032804 	 3.856940 	 29.110853
  166 	 0.034148 	 3.290611 	 41.606124
  167 	 0.034337 	 3.627245 	 23.018792
  168 	 0.024034 	 3.440476 	 25.237050
  169 	 0.038222 	 3.793240 	 27.155222
  170 	 0.037307 	 3.327769 	 37.219463
  171 	 0.036209 	 3.400316 	 25.238321
  172 	 0.026860 	 3.541131 	 25.287142
  173 	 0.030332 	 3.546167 	 26.162602
  174 	 0.024352 	 3.240936 	 26.394015
  175 	 0.037566 	 4.043749 	 25.063270
  176 	 0.035115 	 3.838459 	 27.358628
  177 	 0.023381 	 3.754061 	 25.205155
  178 	 0.034249 	 3.126320 	 26.214122
  179 	 0.031360 	 3.937814 	 40.353214
  180 	 0.019457 	 3.920584 	 25.873084
  181 	 0.024758 	 3.435873 	 26.857190
  182 	 0.030406 	 2.905251 	 47.944489
  183 	 0.023668 	 4.075420 	 38.229224
  184 	 0.020857 	 3.727496 	 28.886581
  185 	 0.026157 	 4.030160 	 26.845065
  186 	 0.026266 	 2.705033 	 30.425438
  187 	 0.025928 	 4.015666 	 35.897553
  188 	 0.026530 	 3.622830 	 32.398213
  189 	 0.024808 	 3.622942 	 32.756612
  190 	 0.030864 	 2.928104 	 29.027645
  191 	 0.030527 	 4.023343 	 37.723967
  192 	 0.027296 	 3.007725 	 25.363377
  193 	 0.026508 	 3.197881 	 24.347835
  194 	 0.037642 	 3.706026 	 34.487899
  195 	 0.036812 	 4.783208 	 34.004754
  196 	 0.028993 	 4.019623 	 25.678954
  197 	 0.029299 	 3.498418 	 26.169575
  198 	 0.033056 	 3.390607 	 24.912385
  199 	 0.033104 	 4.464548 	 29.586967
  200 	 0.019677 	 4.545288 	 25.834903
  201 	 0.019842 	 3.506784 	 27.774625
  202 	 0.020253 	 3.791423 	 44.293631
  203 	 0.033907 	 3.468557 	 29.242323
  204 	 0.022575 	 3.863961 	 24.750000
  205 	 0.032930 	 3.952685 	 27.099959
  206 	 0.037614 	 3.861606 	 36.396544
  207 	 0.036729 	 3.733607 	 26.434390
  208 	 0.027469 	 3.933644 	 24.417837
  209 	 0.026959 	 3.578988 	 25.072332
  210 	 0.024441 	 3.409814 	 35.626452
  211 	 0.035376 	 4.385483 	 30.419395
  212 	 0.025121 	 4.562642 	 33.511409
  213 	 0.026457 	 3.175302 	 21.142011
  214 	 0.023237 	 3.569074 	 34.882655
  215 	 0.036183 	 4.036760 	 36.958344
  216 	 0.028660 	 4.554576 	 32.862116
  217 	 0.027052 	 3.801299 	 25.295074
  218 	 0.019286 	 3.009400 	 26.273954
  219 	 0.038123 	 3.756376 	 30.814299
  220 	 0.038055 	 4.916152 	 33.018369
  221 	 0.021751 	 4.302384 	 21.968068
  222 	 0.024419 	 2.745202 	 15.466798
  223 	 0.031737 	 2.867529 	 36.447095
  224 	 0.038000 	 3.827174 	 30.285398
  225 	 0.027431 	 4.318544 	 24.791132
  226 	 0.033010 	 2.635955 	 21.459223
  227 	 0.023128 	 2.511616 	 26.020936
  228 	 0.030392 	 2.902679 	 20.181784
  229 	 0.034336 	 4.175369 	 40.498212
  230 	 0.030374 	 3.256057 	 24.159288
  231 	 0.024687 	 3.154233 	 26.221796
  232 	 0.031808 	 3.294198 	 22.171787
  233 	 0.038131 	 4.010437 	 39.082028
  234 	 0.035974 	 3.140855 	 24.569489
  235 	 0.015531 	 3.555032 	 25.164392
  236 	 0.036136 	 3.488457 	 21.512635
  237 	 0.024262 	 3.311838 	 22.962792
  238 	 0.036827 	 2.848364 	 21.339102
  239 	 0.037467 	 3.238845 	 35.257928
  240 	 0.028151 	 3.726969 	 23.599642
  241 	 0.028355 	 3.339700 	 25.627761
  242 	 0.024077 	 3.025241 	 31.006505
  243 	 0.030538 	 3.497494 	 28.046362
  244 	 0.032241 	 4.080049 	 32.282159
  245 	 0.033622 	 3.578380 	 26.710779
  246 	 0.030967 	 2.816640 	 23.451503
  247 	 0.020671 	 3.002143 	 20.708329
  248 	 0.029743 	 3.756704 	 26.302052
  249 	 0.033900 	 3.317661 	 32.498612
  250 	 0.027777 	 2.913102 	 25.098388
  251 	 0.030761 	 2.079650 	 23.254478
  252 	 0.038001 	 3.205418 	 26.318774
  253 	 0.035603 	 3.405658 	 24.079339
  254 	 0.035690 	 3.193982 	 23.154623
  255 	 0.033585 	 2.753594 	 18.732475
  256 	 0.035125 	 3.209154 	 23.479499
  257 	 0.035899 	 3.102687 	 26.535832
  258 	 0.034954 	 3.646950 	 25.494021
  259 	 0.028435 	 2.988947 	 23.202260
  260 	 0.024962 	 2.950808 	 23.892599
  261 	 0.038266 	 3.190547 	 25.749949
  262 	 0.037472 	 3.860835 	 31.092326
  263 	 0.037958 	 2.674371 	 16.334404
  264 	 0.026285 	 2.699715 	 22.385391
  265 	 0.032809 	 2.826258 	 22.022612
  266 	 0.030588 	 3.785661 	 29.863937
  267 	 0.045373 	 2.917944 	 25.246792
  268 	 0.024183 	 2.965721 	 26.463423
  269 	 0.030080 	 2.530011 	 19.021081
  270 	 0.022143 	 2.934717 	 31.864412
  271 	 0.034182 	 2.717619 	 25.553068
  272 	 0.031376 	 3.678686 	 40.745239
  273 	 0.030867 	 2.830935 	 24.231333
  274 	 0.024541 	 3.289920 	 27.951797
  275 	 0.035712 	 2.593797 	 30.059539
  276 	 0.035766 	 3.057028 	 38.107605
  277 	 0.033256 	 2.876829 	 26.238439
  278 	 0.026240 	 3.851868 	 26.691213
  279 	 0.038097 	 2.732428 	 24.355212
  280 	 0.036282 	 3.971777 	 35.285770
  281 	 0.036963 	 2.530878 	 24.692971
  282 	 0.016450 	 4.478171 	 25.851866
  283 	 0.036040 	 2.982438 	 23.605427
  284 	 0.030389 	 3.162154 	 24.950487
  285 	 0.042353 	 2.662126 	 21.297927
  286 	 0.024308 	 3.508728 	 24.684361
  287 	 0.029950 	 2.772793 	 17.466192
  288 	 0.033602 	 3.413076 	 25.505087
  289 	 0.037990 	 3.237768 	 31.897736
  290 	 0.030143 	 2.924969 	 28.570179
  291 	 0.025480 	 2.742532 	 16.179502
  292 	 0.035000 	 3.036519 	 25.288611
  293 	 0.039219 	 3.106401 	 30.655645
  294 	 0.022498 	 2.896503 	 26.457924
  295 	 0.032618 	 2.338696 	 12.996519
  296 	 0.037763 	 3.211238 	 31.349714
  297 	 0.076728 	 3.396423 	 22.769615
  298 	 0.031885 	 2.521329 	 17.928602
  299 	 0.037537 	 1.967097 	 11.270452
  300 	 0.019755 	 2.773353 	 26.820128
  301 	 0.038412 	 2.988155 	 18.864665
  302 	 0.036908 	 3.477067 	 32.515402
  303 	 0.052983 	 2.084605 	 8.389227
  304 	 0.030737 	 3.318161 	 20.759411
  305 	 0.031529 	 2.562540 	 15.005907
  306 	 0.035217 	 3.262131 	 31.116328
  307 	 0.033934 	 2.543757 	 24.524591
  308 	 0.030011 	 3.426229 	 24.907545
  309 	 0.030474 	 3.035070 	 28.301137
  310 	 0.031505 	 3.190596 	 29.826014
  311 	 0.035332 	 2.523322 	 23.311579
  312 	 0.019035 	 3.195742 	 24.035542
  313 	 0.030770 	 2.614572 	 23.584558
  314 	 0.038389 	 2.979528 	 28.631783
  315 	 0.037622 	 3.153660 	 31.084773
  316 	 0.034738 	 3.643726 	 24.892040
  317 	 0.032160 	 2.641809 	 25.626617
  318 	 0.039996 	 3.696358 	 27.591938
  319 	 0.036792 	 3.155215 	 29.533675
  320 	 0.020553 	 3.100199 	 22.811479
  321 	 0.027767 	 3.059085 	 25.979127
  322 	 0.034947 	 4.114211 	 44.145161
  323 	 0.037225 	 3.675059 	 34.285611
  324 	 0.022652 	 3.015041 	 27.512468
  325 	 0.018807 	 3.391533 	 25.890013
  326 	 0.032104 	 4.878480 	 36.694229
  327 	 0.031504 	 4.185497 	 46.067941
  328 	 0.027230 	 3.740023 	 30.577006
  329 	 0.021575 	 3.831000 	 27.193100
  330 	 0.026591 	 3.870692 	 35.931888
  331 	 0.034976 	 4.113911 	 45.095137
  332 	 0.027830 	 4.818419 	 36.776752
  333 	 0.022170 	 4.429056 	 26.213258
  334 	 0.022000 	 3.581639 	 26.887471
  335 	 0.021052 	 3.903257 	 43.917550
  336 	 0.025600 	 4.503453 	 35.599033
  337 	 0.021473 	 5.217231 	 46.185310
  338 	 0.021641 	 3.252348 	 29.239887
  339 	 0.021651 	 3.634501 	 44.696182
  340 	 0.031917 	 5.511049 	 43.973332
  341 	 0.022373 	 4.577858 	 44.940805
  342 	 0.022741 	 2.560190 	 22.604404
  343 	 0.022190 	 2.839521 	 27.107172
  344 	 0.036243 	 5.142833 	 42.843518
  345 	 0.030601 	 3.793073 	 31.958675
  346 	 0.022468 	 2.141998 	 18.923921
  347 	 0.031290 	 3.513715 	 24.999434
  348 	 0.037637 	 4.797117 	 43.350434
  349 	 0.034353 	 2.975251 	 21.117488
  350 	 0.023057 	 2.084924 	 25.616496
  351 	 0.038095 	 3.063561 	 28.610190
  352 	 0.037984 	 2.894745 	 19.772087
  353 	 0.026493 	 2.236261 	 18.880905
  354 	 0.030293 	 2.310456 	 19.574260
  355 	 0.032005 	 3.007386 	 26.013336
  356 	 0.037933 	 3.203108 	 24.397463
  357 	 0.031213 	 2.957798 	 25.211521
  358 	 0.020269 	 2.546210 	 19.788856
  359 	 0.031863 	 3.113878 	 22.154074
  360 	 0.036817 	 3.192599 	 46.148266
  361 	 0.037950 	 3.276111 	 30.063296
  362 	 0.021632 	 2.479576 	 26.166491
  363 	 0.033262 	 2.974943 	 20.944097
  364 	 0.030910 	 4.480718 	 43.418048
  365 	 0.037618 	 4.233640 	 28.850354
  366 	 0.023030 	 3.623036 	 23.860648
  367 	 0.030168 	 2.931416 	 19.913226
  368 	 0.024271 	 3.603790 	 40.933094
  369 	 0.038515 	 3.381720 	 26.686133
  370 	 0.024423 	 3.070854 	 34.163095
  371 	 0.021838 	 2.976950 	 19.563857
  372 	 0.029270 	 3.442880 	 28.230572
  373 	 0.033388 	 3.443011 	 24.421407
  374 	 0.021782 	 3.171658 	 23.615181
  375 	 0.020667 	 2.846627 	 22.593438
  376 	 0.031815 	 3.814822 	 29.084865
  377 	 0.034708 	 3.637305 	 29.791043
  378 	 0.034376 	 3.339159 	 24.006888
  379 	 0.033548 	 3.037886 	 23.601534
  380 	 0.023556 	 3.179139 	 21.688745
  381 	 0.038231 	 3.190684 	 28.613934
  382 	 0.046012 	 3.331469 	 33.606654
  383 	 0.030151 	 3.025182 	 16.595019
  384 	 0.029737 	 2.718690 	 15.646442
  385 	 0.038431 	 2.488993 	 21.390039
  386 	 0.032529 	 3.092895 	 29.365681
  387 	 0.038167 	 3.023187 	 24.770500
  388 	 0.032253 	 2.694221 	 29.045465
  389 	 0.040251 	 2.858336 	 22.666725
  390 	 0.034422 	 2.972717 	 20.262256
  391 	 0.036221 	 2.999211 	 22.147978
  392 	 0.031062 	 2.700145 	 19.409015
  393 	 0.029556 	 2.971754 	 19.433126
  394 	 0.026460 	 2.686219 	 25.060132
  395 	 0.037752 	 3.000503 	 26.150958
  396 	 0.031790 	 3.008774 	 31.386865
  397 	 0.032676 	 3.535522 	 22.892302
  398 	 0.028220 	 3.351025 	 24.819950
  399 	 0.032500 	 3.254282 	 24.952523
 