   0 	 0.014468 	 0.075108 	 0.887784
    1 	 0.019453 	 0.302371 	 3.255205
    2 	 0.040935 	 0.692582 	 3.008111
    3 	 0.031726 	 0.789327 	 3.020444
    4 	 0.032402 	 0.864608 	 2.862001
    5 	 0.039877 	 0.923018 	 3.821705
    6 	 0.031094 	 0.891513 	 4.054783
    7 	 0.040703 	 0.884014 	 2.855912
    8 	 0.041397 	 0.967060 	 4.239188
    9 	 0.036674 	 0.955059 	 4.042373
   10 	 0.034291 	 1.088236 	 4.054801
   11 	 0.036645 	 1.044469 	 4.141231
   12 	 0.106057 	 0.918693 	 4.156498
   13 	 0.038450 	 0.955366 	 4.053969
   14 	 0.035851 	 0.968947 	 3.216911
   15 	 0.036926 	 0.994263 	 4.545605
   16 	 0.039540 	 1.194240 	 6.908089
   17 	 0.110368 	 1.120434 	 4.136920
   18 	 0.037695 	 0.936872 	 7.045228
   19 	 0.035391 	 1.125124 	 4.526939
   20 	 0.030706 	 1.352832 	 7.137993
   21 	 0.035298 	 1.143399 	 5.690570
   22 	 0.041174 	 1.164075 	 7.512794
   23 	 0.037189 	 1.164547 	 7.262238
   24 	 0.037517 	 1.304544 	 6.965035
   25 	 0.039110 	 1.231894 	 4.673651
   26 	 0.040799 	 1.139899 	 6.915404
   27 	 0.077113 	 1.113962 	 7.066630
   28 	 0.041445 	 1.325161 	 6.983304
   29 	 0.019625 	 1.159678 	 5.570636
   30 	 0.036697 	 1.097076 	 6.951912
   31 	 0.032756 	 1.403716 	 7.222747
   32 	 0.032102 	 1.192880 	 7.174274
   33 	 0.037120 	 1.309999 	 7.398858
   34 	 0.020016 	 1.036878 	 7.434811
   35 	 0.036432 	 1.211662 	 7.167410
   36 	 0.041285 	 1.298770 	 7.223424
   37 	 0.037802 	 1.284291 	 7.202927
   38 	 0.036554 	 1.234939 	 6.959656
   39 	 0.033421 	 1.225315 	 7.132564
   40 	 0.039171 	 1.154068 	 6.944824
   41 	 0.036738 	 1.232880 	 7.362652
   42 	 0.037213 	 1.218960 	 7.063583
   43 	 0.036553 	 1.117535 	 4.660453
   44 	 0.036186 	 1.270398 	 7.162632
   45 	 0.037106 	 1.202455 	 7.196668
   46 	 0.036462 	 1.367517 	 7.215726
   47 	 0.036367 	 1.269510 	 7.168165
   48 	 0.028434 	 1.217878 	 7.201396
   49 	 0.043015 	 1.230621 	 7.191648
   50 	 0.037166 	 1.384550 	 7.643260
   51 	 0.032794 	 1.370614 	 6.876851
   52 	 0.035033 	 1.191645 	 7.165074
   53 	 0.038951 	 1.383352 	 7.396799
   54 	 0.033197 	 1.375966 	 7.244989
   55 	 0.037440 	 1.257104 	 7.074559
   56 	 0.034116 	 1.197449 	 7.374791
   57 	 0.037807 	 1.297062 	 7.148200
   58 	 0.037536 	 1.315309 	 7.152735
   59 	 0.036053 	 1.250747 	 7.132307
   60 	 0.036697 	 1.169995 	 7.146139
   61 	 0.036689 	 1.314598 	 7.222666
   62 	 0.033930 	 1.394881 	 7.189233
   63 	 0.035870 	 1.345465 	 7.189627
   64 	 0.031426 	 1.145734 	 7.168941
   65 	 0.029946 	 1.476017 	 7.232206
   66 	 0.034974 	 1.241216 	 7.130792
   67 	 0.034900 	 1.254588 	 6.948785
   68 	 0.035763 	 1.278308 	 7.223282
   69 	 0.028779 	 1.387832 	 7.283291
   70 	 0.037125 	 1.369537 	 7.237846
   71 	 0.041547 	 1.423533 	 7.623164
   72 	 0.033106 	 1.411834 	 7.167145
   73 	 0.030069 	 1.470489 	 6.947015
   74 	 0.036338 	 1.416740 	 7.379743
   75 	 0.029596 	 1.337238 	 7.548923
   76 	 0.040896 	 1.300739 	 7.207830
   77 	 0.028370 	 1.381440 	 7.186007
   78 	 0.036554 	 1.240035 	 6.978551
   79 	 0.037062 	 1.036980 	 4.290069
   80 	 0.036991 	 1.242016 	 7.196611
   81 	 0.065541 	 1.553133 	 7.170416
   82 	 0.035712 	 1.321054 	 7.174064
   83 	 0.033514 	 1.141266 	 5.954485
   84 	 0.016749 	 1.365313 	 7.240484
   85 	 0.036309 	 1.340682 	 6.962521
   86 	 0.029837 	 1.136236 	 5.293670
   87 	 0.030049 	 1.293674 	 7.209338
   88 	 0.036665 	 1.222367 	 7.325593
   89 	 0.037181 	 1.254542 	 7.550087
   90 	 0.036111 	 1.217351 	 7.190890
   91 	 0.037945 	 1.159716 	 7.164278
   92 	 0.035400 	 1.265125 	 7.189730
   93 	 0.032303 	 1.285165 	 7.125303
   94 	 0.036308 	 1.377287 	 7.256906
   95 	 0.100278 	 1.386948 	 7.423733
   96 	 0.036953 	 1.187271 	 7.209376
   97 	 0.040620 	 0.970631 	 4.109228
   98 	 0.036241 	 1.376011 	 7.175997
   99 	 0.037603 	 1.454016 	 6.992044
  100 	 0.042053 	 1.215163 	 7.212870
  101 	 0.041538 	 1.186605 	 7.142686
  102 	 0.037334 	 1.340246 	 6.922681
  103 	 0.029887 	 1.391908 	 6.947426
  104 	 0.136931 	 1.203263 	 7.156461
  105 	 0.031433 	 1.310653 	 7.559322
  106 	 0.036670 	 1.164697 	 4.178304
  107 	 0.027523 	 1.275193 	 6.976945
  108 	 0.034767 	 1.224509 	 7.190619
  109 	 0.037811 	 1.467897 	 7.696881
  110 	 0.037181 	 1.184033 	 6.949621
  111 	 0.038202 	 1.226450 	 4.976560
  112 	 0.036696 	 1.254108 	 7.164282
  113 	 0.018986 	 1.353497 	 7.112289
  114 	 0.032874 	 1.484518 	 7.189254
  115 	 0.037722 	 1.432429 	 8.238194
  116 	 0.037801 	 1.182786 	 6.906112
  117 	 0.032982 	 1.380921 	 7.136638
  118 	 0.036343 	 1.288327 	 7.132617
  119 	 0.034602 	 1.319400 	 7.386518
  120 	 0.037304 	 1.405401 	 7.207564
  121 	 0.035297 	 1.366751 	 7.299166
  122 	 0.036700 	 1.184055 	 7.158007
  123 	 0.033728 	 1.169497 	 7.238843
  124 	 0.034062 	 1.328175 	 7.189049
  125 	 0.035880 	 1.294659 	 7.177023
  126 	 0.036599 	 1.326231 	 7.328033
  127 	 0.040682 	 1.187943 	 7.190591
  128 	 0.040004 	 1.143321 	 7.194281
  129 	 0.035552 	 1.293712 	 6.989010
  130 	 0.036150 	 1.333160 	 7.022276
  131 	 0.034460 	 1.113729 	 7.248873
  132 	 0.034960 	 1.396791 	 7.217620
  133 	 0.022902 	 1.276350 	 7.228951
  134 	 0.037797 	 1.448681 	 7.280125
  135 	 0.042312 	 1.255652 	 6.899777
  136 	 0.037802 	 1.435880 	 7.132817
  137 	 0.042622 	 1.335944 	 6.910273
  138 	 0.029365 	 1.295236 	 7.132554
  139 	 0.035309 	 1.228269 	 6.895510
  140 	 0.041191 	 1.622357 	 7.589273
  141 	 0.035509 	 1.252179 	 7.261659
  142 	 0.034180 	 1.217062 	 6.964200
  143 	 0.037622 	 1.188376 	 7.251167
  144 	 0.026709 	 1.429025 	 7.304760
  145 	 0.037562 	 1.264381 	 7.141743
  146 	 0.032814 	 1.416194 	 7.745409
  147 	 0.036475 	 1.291382 	 7.144774
  148 	 0.036652 	 1.534750 	 7.395691
  149 	 0.097362 	 1.292828 	 7.200706
  150 	 0.040876 	 1.243937 	 7.191557
  151 	 0.064537 	 1.306861 	 5.005957
  152 	 0.032868 	 1.398643 	 6.979542
  153 	 0.029661 	 1.124263 	 5.095279
  154 	 0.032724 	 1.587073 	 7.392746
  155 	 0.041914 	 1.423047 	 7.572249
  156 	 0.037538 	 1.317367 	 7.400584
  157 	 0.122605 	 1.247266 	 6.929324
  158 	 0.033806 	 1.322772 	 7.146034
  159 	 0.118693 	 1.257661 	 4.444350
  160 	 0.039780 	 1.319612 	 7.341808
  161 	 0.035133 	 1.190451 	 4.522986
  162 	 0.034691 	 1.334173 	 7.033321
  163 	 0.106598 	 1.265610 	 7.270961
  164 	 0.113972 	 1.416687 	 7.294443
  165 	 0.097919 	 1.203741 	 4.784737
  166 	 0.096054 	 1.227805 	 4.621678
  167 	 0.034718 	 1.280708 	 4.862286
  168 	 0.037409 	 1.201326 	 5.038952
  169 	 0.034878 	 1.174475 	 7.250158
  170 	 0.093821 	 1.275186 	 7.152586
  171 	 0.034763 	 1.216769 	 4.879517
  172 	 0.035795 	 0.999882 	 5.096293
  173 	 0.039753 	 1.252528 	 7.280229
  174 	 0.036831 	 1.435646 	 7.236170
  175 	 0.041784 	 1.291330 	 6.861652
  176 	 0.040688 	 1.197744 	 7.182304
  177 	 0.042286 	 1.149733 	 6.935600
  178 	 0.033307 	 1.192832 	 6.988684
  179 	 0.036316 	 1.059905 	 4.065129
  180 	 0.036215 	 1.400833 	 7.180169
  181 	 0.035890 	 1.419426 	 7.208966
  182 	 0.043335 	 1.138693 	 6.925421
  183 	 0.029856 	 1.169704 	 7.231162
  184 	 0.140248 	 1.338569 	 6.861781
  185 	 0.037946 	 1.204904 	 7.561096
  186 	 0.032319 	 0.862405 	 2.833484
  187 	 0.035979 	 1.048563 	 7.125227
  188 	 0.028320 	 1.381826 	 5.080056
  189 	 0.042848 	 1.236393 	 7.226544
  190 	 0.035268 	 1.018343 	 7.649920
  191 	 0.034170 	 1.111577 	 6.884782
  192 	 0.117249 	 1.263691 	 7.263856
  193 	 0.037818 	 1.153407 	 4.184614
  194 	 0.035540 	 0.975098 	 4.552726
  195 	 0.033481 	 1.071976 	 7.131729
  196 	 0.020910 	 1.394681 	 7.249525
  197 	 0.018793 	 1.350469 	 7.359399
  198 	 0.033712 	 1.233858 	 7.246471
  199 	 0.034077 	 1.098087 	 8.251304
  200 	 0.101471 	 1.508658 	 7.346864
  201 	 0.029651 	 1.286602 	 7.327222
  202 	 0.037739 	 1.075180 	 4.905063
  203 	 0.040899 	 1.246894 	 7.572852
  204 	 0.036141 	 1.483846 	 7.135766
  205 	 0.036909 	 1.300932 	 6.978432
  206 	 0.037341 	 1.158742 	 7.218097
  207 	 0.036573 	 1.301615 	 7.178261
  208 	 0.097639 	 1.362698 	 7.156107
  209 	 0.041148 	 1.246798 	 7.195644
  210 	 0.037527 	 0.979613 	 4.999027
  211 	 0.037000 	 1.164492 	 6.966288
  212 	 0.035760 	 1.583828 	 7.146555
  213 	 0.036532 	 1.494769 	 7.173601
  214 	 0.036837 	 1.167932 	 7.237969
  215 	 0.040886 	 1.278818 	 7.197746
  216 	 0.036386 	 1.392826 	 7.181993
  217 	 0.030118 	 1.370038 	 6.979041
  218 	 0.035521 	 1.076326 	 7.205352
  219 	 0.032592 	 1.286294 	 7.546150
  220 	 0.036044 	 1.465133 	 7.198782
  221 	 0.037494 	 1.418593 	 7.199414
  222 	 0.037279 	 1.161122 	 6.861782
  223 	 0.036490 	 1.289153 	 7.148272
  224 	 0.065980 	 1.424898 	 4.811753
  225 	 0.036943 	 1.439970 	 7.199937
  226 	 0.036130 	 0.985472 	 5.938955
  227 	 0.035896 	 1.281871 	 7.176506
  228 	 0.041617 	 1.554132 	 7.218659
  229 	 0.020229 	 1.446569 	 7.230850
  230 	 0.034165 	 1.077349 	 6.943606
  231 	 0.036109 	 1.240089 	 8.154673
  232 	 0.104380 	 1.431616 	 7.322528
  233 	 0.042394 	 1.366909 	 7.219736
  234 	 0.035348 	 1.007669 	 4.836045
  235 	 0.030068 	 1.299896 	 6.906348
  236 	 0.064193 	 1.419002 	 7.259630
  237 	 0.037686 	 1.356373 	 7.548993
  238 	 0.041945 	 1.123620 	 6.002660
  239 	 0.047930 	 1.264830 	 7.136187
  240 	 0.039930 	 1.317415 	 6.927863
  241 	 0.036727 	 1.097098 	 4.415902
  242 	 0.035439 	 1.211453 	 7.025920
  243 	 0.090319 	 1.625723 	 7.187693
  244 	 0.035926 	 1.383464 	 7.254854
  245 	 0.030008 	 1.044739 	 5.188907
  246 	 0.033998 	 1.371289 	 7.229292
  247 	 0.036854 	 1.735784 	 7.552418
  248 	 0.040937 	 1.313138 	 5.115326
  249 	 0.033874 	 1.118263 	 7.181103
  250 	 0.035760 	 1.188644 	 6.964449
  251 	 0.035316 	 1.664324 	 7.338138
  252 	 0.036683 	 1.111502 	 7.011981
  253 	 0.036723 	 1.120290 	 7.261304
  254 	 0.080698 	 1.371703 	 7.189969
  255 	 0.037533 	 1.579892 	 7.187900
  256 	 0.034525 	 1.020953 	 5.461556
  257 	 0.037374 	 1.114685 	 4.995631
  258 	 0.037157 	 1.445151 	 7.303278
  259 	 0.018654 	 1.499493 	 7.154406
  260 	 0.037101 	 0.947348 	 4.499849
  261 	 0.034803 	 1.229617 	 8.260738
  262 	 0.042328 	 1.473942 	 7.015390
  263 	 0.032981 	 1.412611 	 7.288441
  264 	 0.036470 	 1.062144 	 6.909516
  265 	 0.034470 	 1.197649 	 7.386534
  266 	 0.037186 	 1.567579 	 7.200983
  267 	 0.038613 	 1.185468 	 7.306208
  268 	 0.032858 	 1.284430 	 7.164049
  269 	 0.036652 	 1.072654 	 7.091536
  270 	 0.029315 	 1.367346 	 7.375129
  271 	 0.036164 	 1.335449 	 7.191560
  272 	 0.036648 	 1.262386 	 7.592163
  273 	 0.029955 	 1.420867 	 7.216892
  274 	 0.110184 	 1.271601 	 7.191765
  275 	 0.037389 	 1.247268 	 7.555450
  276 	 0.027893 	 1.102720 	 4.704016
  277 	 0.037659 	 1.431881 	 7.153650
  278 	 0.036751 	 1.438958 	 7.675004
  279 	 0.037855 	 1.178133 	 7.139829
  280 	 0.106201 	 1.261705 	 7.166547
  281 	 0.042773 	 1.329604 	 7.129889
  282 	 0.036702 	 1.157509 	 4.793839
  283 	 0.035311 	 1.097655 	 6.888332
  284 	 0.036008 	 1.351288 	 7.188947
  285 	 0.040352 	 1.425304 	 6.752019
  286 	 0.034900 	 1.153192 	 4.172466
  287 	 0.041136 	 0.984599 	 7.005170
  288 	 0.036453 	 1.166529 	 7.283298
  289 	 0.035441 	 1.250396 	 4.882946
  290 	 0.036289 	 1.221972 	 4.980626
  291 	 0.038382 	 1.241376 	 6.905341
  292 	 0.078370 	 1.101635 	 7.169104
  293 	 0.037453 	 1.213664 	 7.103199
  294 	 0.035591 	 1.195921 	 5.128627
  295 	 0.029760 	 1.416477 	 7.150353
  296 	 0.037844 	 1.148585 	 7.246863
  297 	 0.036654 	 1.219477 	 7.451950
  298 	 0.035038 	 1.344062 	 7.130433
  299 	 0.036798 	 1.230442 	 7.100686
  300 	 0.036072 	 1.225785 	 7.275990
  301 	 0.034703 	 1.334893 	 7.183995
  302 	 0.036495 	 1.385720 	 7.221650
  303 	 0.137242 	 1.345707 	 7.293803
  304 	 0.042085 	 1.232349 	 7.199658
  305 	 0.037634 	 1.024987 	 4.172888
  306 	 0.036938 	 1.069106 	 6.921126
  307 	 0.103780 	 1.335549 	 7.141102
  308 	 0.036403 	 1.262331 	 7.176782
  309 	 0.036776 	 1.057669 	 4.850126
  310 	 0.034616 	 1.160080 	 4.711933
  311 	 0.036776 	 1.245057 	 7.160550
  312 	 0.034793 	 1.491291 	 7.298404
  313 	 0.034064 	 1.136672 	 7.185132
  314 	 0.037834 	 1.133696 	 7.288988
  315 	 0.036098 	 1.223015 	 7.327934
  316 	 0.036521 	 1.459153 	 6.961953
  317 	 0.032468 	 1.231305 	 6.889799
  318 	 0.036376 	 0.984998 	 6.905365
  319 	 0.041387 	 1.219753 	 7.414641
  320 	 0.036858 	 1.402340 	 4.646674
  321 	 0.034025 	 1.130186 	 6.954731
  322 	 0.036251 	 1.181760 	 7.180917
  323 	 0.035816 	 1.514493 	 7.330044
  324 	 0.101978 	 1.290154 	 4.148496
  325 	 0.036529 	 1.087395 	 5.685968
  326 	 0.037471 	 1.064475 	 4.892894
  327 	 0.036987 	 1.436176 	 7.197908
  328 	 0.036232 	 1.047293 	 4.767870
  329 	 0.041506 	 1.181348 	 7.174260
  330 	 0.035016 	 1.355051 	 7.213317
  331 	 0.037453 	 1.265645 	 6.948987
  332 	 0.018741 	 1.187651 	 7.277150
  333 	 0.036502 	 1.330231 	 6.942208
  334 	 0.037358 	 1.609757 	 8.254815
  335 	 0.032846 	 1.305083 	 7.199306
  336 	 0.036005 	 1.169588 	 7.155208
  337 	 0.032952 	 1.405330 	 7.393905
  338 	 0.037422 	 1.295367 	 4.714222
  339 	 0.036030 	 1.337769 	 7.388131
  340 	 0.035381 	 1.176677 	 7.151966
  341 	 0.036815 	 1.488714 	 7.189705
  342 	 0.036874 	 1.301170 	 7.257878
  343 	 0.036860 	 1.182498 	 5.208751
  344 	 0.037360 	 1.191916 	 7.151240
  345 	 0.090148 	 1.445461 	 7.125269
  346 	 0.037710 	 1.207191 	 7.155128
  347 	 0.029915 	 1.107797 	 5.193496
  348 	 0.033593 	 1.008759 	 5.202236
  349 	 0.032219 	 1.210567 	 7.164869
  350 	 0.036859 	 1.472612 	 7.353298
  351 	 0.036081 	 1.244424 	 7.172153
  352 	 0.037945 	 1.237643 	 7.180839
  353 	 0.040248 	 1.400627 	 7.221186
  354 	 0.031855 	 1.380595 	 7.125289
  355 	 0.035542 	 1.219736 	 7.010260
  356 	 0.035919 	 1.273063 	 7.448528
  357 	 0.034606 	 1.371128 	 7.249440
  358 	 0.041200 	 1.271481 	 7.027867
  359 	 0.033322 	 1.153509 	 7.298958
  360 	 0.040213 	 1.020563 	 5.231205
  361 	 0.032971 	 1.388079 	 7.367987
  362 	 0.036354 	 1.170624 	 4.121208
  363 	 0.036925 	 1.158481 	 7.311994
  364 	 0.020680 	 1.166267 	 7.206984
  365 	 0.036687 	 1.705508 	 7.170881
  366 	 0.037223 	 1.170572 	 8.124759
  367 	 0.034567 	 0.970769 	 5.730795
  368 	 0.035669 	 1.261502 	 7.162140
  369 	 0.037361 	 1.526116 	 7.301049
  370 	 0.035643 	 1.125265 	 6.722858
  371 	 0.036883 	 1.032069 	 7.155080
  372 	 0.035088 	 1.314638 	 7.194267
  373 	 0.037018 	 1.324372 	 7.179602
  374 	 0.034225 	 1.124348 	 7.273365
  375 	 0.035429 	 1.036562 	 7.172695
  376 	 0.036741 	 1.154936 	 7.319293
  377 	 0.035896 	 1.243862 	 7.255337
  378 	 0.034386 	 1.083552 	 4.236209
  379 	 0.035522 	 1.146415 	 7.162871
  380 	 0.037871 	 1.374241 	 7.310702
  381 	 0.036781 	 1.265820 	 7.250471
  382 	 0.037387 	 1.103227 	 7.129038
  383 	 0.042157 	 1.258782 	 7.184869
  384 	 0.036996 	 1.268973 	 7.153760
  385 	 0.036126 	 1.176249 	 4.849745
  386 	 0.035444 	 1.256342 	 7.173778
  387 	 0.032086 	 1.536844 	 7.218840
  388 	 0.037946 	 1.368222 	 7.254565
  389 	 0.030254 	 1.075654 	 6.873710
  390 	 0.036204 	 1.180130 	 7.125230
  391 	 0.037692 	 1.533539 	 7.538376
  392 	 0.037025 	 1.383342 	 7.214784
  393 	 0.040935 	 1.129932 	 7.138156
  394 	 0.037411 	 1.152374 	 6.945662
  395 	 0.041027 	 1.373886 	 6.976671
  396 	 0.032819 	 1.223621 	 6.932077
  397 	 0.036771 	 1.136163 	 4.607146
  398 	 0.036230 	 1.380446 	 7.395416
  399 	 0.032404 	 1.281725 	 7.185381
  400 	 0.037286 	 1.331133 	 7.213456
  401 	 0.037056 	 1.208386 	 7.395667
  402 	 0.036850 	 1.122376 	 7.158920
  403 	 0.020062 	 1.413784 	 7.170723
  404 	 0.037282 	 1.181746 	 4.182534
  405 	 0.033375 	 1.192612 	 8.165780
  406 	 0.033204 	 1.169468 	 5.150251
  407 	 0.042977 	 1.169509 	 7.297133
  408 	 0.032807 	 1.279440 	 7.374397
  409 	 0.036642 	 1.185931 	 6.878675
  410 	 0.036042 	 1.248389 	 7.396070
  411 	 0.036447 	 1.091892 	 7.192076
  412 	 0.028157 	 1.243120 	 7.223227
  413 	 0.035895 	 1.350937 	 7.202166
  414 	 0.036478 	 1.359193 	 7.659479
  415 	 0.029834 	 1.183210 	 7.230893
  416 	 0.041721 	 1.184360 	 7.200564
  417 	 0.035964 	 1.299839 	 6.911386
  418 	 0.028470 	 1.371646 	 6.938599
  419 	 0.036490 	 1.286426 	 7.139582
  420 	 0.036807 	 1.446149 	 7.641165
  421 	 0.031397 	 1.258856 	 7.199944
  422 	 0.028584 	 1.324515 	 7.183543
  423 	 0.034155 	 1.390021 	 7.474005
  424 	 0.130823 	 1.436636 	 7.634518
  425 	 0.034888 	 1.435870 	 7.323027
  426 	 0.036353 	 1.120271 	 4.172740
  427 	 0.030587 	 1.307162 	 7.283957
  428 	 0.036264 	 1.458348 	 7.207029
  429 	 0.035933 	 1.184952 	 7.519549
  430 	 0.037946 	 0.965406 	 3.113727
  431 	 0.037240 	 1.511766 	 7.228917
  432 	 0.036774 	 1.336360 	 7.125229
  433 	 0.034986 	 1.224317 	 7.161276
  434 	 0.036630 	 1.262310 	 7.185251
  435 	 0.033534 	 1.417397 	 7.225086
  436 	 0.033246 	 1.279789 	 7.192704
  437 	 0.041817 	 1.355222 	 7.328999
  438 	 0.034772 	 1.284268 	 7.213841
  439 	 0.030140 	 1.404816 	 6.934001
  440 	 0.037289 	 0.923091 	 4.750443
  441 	 0.035944 	 1.006862 	 7.544884
  442 	 0.035661 	 1.334185 	 7.158742
  443 	 0.035884 	 1.471192 	 7.178813
  444 	 0.034091 	 1.286400 	 7.243154
  445 	 0.034984 	 1.243818 	 7.231500
  446 	 0.103082 	 1.283531 	 7.326502
  447 	 0.032565 	 1.315108 	 7.278848
  448 	 0.036548 	 1.247800 	 4.866608
  449 	 0.033355 	 1.175740 	 7.409333
  450 	 0.035834 	 1.191640 	 7.196908
  451 	 0.036194 	 1.517190 	 7.366183
  452 	 0.039344 	 1.326483 	 7.234115
  453 	 0.041309 	 1.248140 	 7.215308
  454 	 0.038124 	 0.996144 	 7.054954
  455 	 0.037602 	 1.268106 	 6.958518
  456 	 0.095144 	 1.476423 	 7.116227
  457 	 0.043146 	 1.404174 	 7.142770
  458 	 0.035470 	 1.024941 	 4.295008
  459 	 0.033840 	 1.134011 	 4.850016
  460 	 0.035760 	 1.337074 	 7.201366
  461 	 0.043075 	 1.441422 	 7.339996
  462 	 0.036603 	 1.281627 	 7.237956
  463 	 0.040834 	 1.188152 	 6.874015
  464 	 0.092652 	 1.208885 	 5.358293
  465 	 0.041092 	 1.211414 	 4.651213
  466 	 0.036671 	 1.265170 	 4.672405
  467 	 0.035979 	 1.289726 	 6.969041
  468 	 0.086398 	 1.292757 	 7.190587
  469 	 0.035906 	 1.599456 	 7.226499
  470 	 0.020180 	 1.194061 	 5.296659
  471 	 0.031708 	 1.169254 	 7.230313
  472 	 0.113155 	 1.217832 	 7.292314
  473 	 0.036844 	 1.251401 	 7.135628
  474 	 0.037240 	 0.973736 	 4.639174
  475 	 0.036619 	 1.240249 	 7.181634
  476 	 0.037193 	 1.448436 	 7.161277
  477 	 0.028303 	 1.251024 	 4.156980
  478 	 0.029929 	 1.104616 	 7.163657
  479 	 0.033896 	 1.171109 	 7.650954
  480 	 0.028074 	 1.392523 	 7.180067
  481 	 0.042440 	 1.260589 	 7.336968
  482 	 0.033908 	 1.156330 	 7.664378
  483 	 0.033486 	 1.233766 	 6.904185
  484 	 0.036830 	 1.249961 	 4.711938
  485 	 0.036997 	 1.208336 	 4.650455
  486 	 0.036925 	 1.182995 	 7.182337
  487 	 0.035844 	 1.163028 	 7.039148
  488 	 0.032681 	 1.264652 	 7.177454
  489 	 0.043141 	 1.321656 	 7.233572
  490 	 0.035865 	 1.254110 	 7.402967
  491 	 0.036265 	 1.253003 	 6.870923
  492 	 0.036934 	 1.262808 	 7.232478
  493 	 0.034174 	 1.284703 	 7.211645
  494 	 0.037807 	 1.372465 	 7.177018
  495 	 0.053408 	 1.378886 	 7.322016
  496 	 0.042134 	 1.232451 	 7.132299
  497 	 0.114905 	 1.206771 	 6.418152
  498 	 0.035983 	 1.197736 	 6.918786
  499 	 0.036145 	 1.305255 	 4.601832
  500 	 0.036814 	 1.138875 	 7.226321
  501 	 0.034362 	 1.188982 	 7.217855
  502 	 0.035298 	 1.520350 	 7.183167
  503 	 0.020072 	 1.441235 	 7.311973
  504 	 0.035263 	 1.193313 	 7.262265
  505 	 0.040572 	 1.132541 	 7.170040
  506 	 0.034278 	 1.549173 	 7.264133
  507 	 0.035356 	 1.339260 	 6.922485
  508 	 0.035874 	 1.395351 	 7.316437
  509 	 0.036396 	 1.250263 	 7.259185
  510 	 0.035807 	 1.492531 	 7.232007
  511 	 0.029239 	 1.452859 	 7.204791
  512 	 0.034010 	 1.560371 	 7.235536
  513 	 0.036156 	 1.224860 	 7.596513
  514 	 0.034123 	 1.255156 	 7.330857
  515 	 0.030126 	 1.164314 	 4.598395
  516 	 0.039743 	 1.339022 	 6.868814
  517 	 0.036680 	 1.394599 	 7.545709
  518 	 0.036761 	 1.326800 	 7.035171
  519 	 0.036165 	 1.334879 	 7.190080
  520 	 0.035786 	 1.294707 	 7.185896
  521 	 0.037573 	 1.387081 	 7.216799
  522 	 0.033722 	 1.508062 	 7.236634
  523 	 0.037526 	 1.282288 	 7.144220
  524 	 0.019556 	 1.177439 	 7.346356
  525 	 0.036993 	 1.164204 	 6.870132
  526 	 0.027556 	 1.378224 	 8.199687
  527 	 0.037036 	 1.514479 	 7.096522
  528 	 0.036517 	 1.349699 	 7.694882
  529 	 0.037124 	 1.095408 	 4.554184
  530 	 0.036514 	 1.276249 	 7.198556
  531 	 0.105789 	 1.473954 	 7.167237
  532 	 0.036732 	 1.195712 	 7.198703
  533 	 0.012685 	 1.036103 	 4.803329
  534 	 0.130823 	 1.271121 	 7.187388
  535 	 0.035917 	 1.360171 	 4.598006
  536 	 0.048041 	 1.146277 	 4.287735
  537 	 0.032550 	 1.224022 	 7.229787
  538 	 0.019759 	 1.207475 	 6.647111
  539 	 0.037533 	 1.369410 	 7.410131
  540 	 0.033685 	 1.198386 	 8.186059
  541 	 0.036675 	 1.268205 	 7.146254
  542 	 0.036850 	 1.415476 	 7.348361
  543 	 0.033453 	 1.319537 	 7.190363
  544 	 0.036046 	 1.250879 	 7.181300
  545 	 0.032595 	 1.295913 	 7.360888
  546 	 0.035912 	 1.352671 	 4.980545
  547 	 0.036378 	 1.216287 	 7.407675
  548 	 0.036674 	 1.298076 	 7.230051
  549 	 0.034918 	 1.357355 	 7.205731
  550 	 0.042073 	 1.248739 	 7.190425
  551 	 0.035560 	 1.205713 	 5.212775
  552 	 0.034123 	 1.369156 	 6.921705
  553 	 0.035762 	 1.464340 	 7.248490
  554 	 0.035760 	 1.148675 	 7.324751
  555 	 0.037416 	 1.107940 	 4.632616
  556 	 0.037549 	 1.255300 	 7.237996
  557 	 0.037578 	 1.397409 	 7.152232
  558 	 0.035936 	 1.270195 	 7.145452
  559 	 0.035851 	 1.301007 	 7.143976
  560 	 0.035845 	 1.283440 	 7.228745
  561 	 0.036793 	 1.269745 	 7.233210
  562 	 0.029868 	 1.307254 	 7.233540
  563 	 0.037699 	 1.548546 	 7.184260
  564 	 0.037311 	 1.245299 	 7.560401
  565 	 0.032089 	 1.345888 	 7.137809
  566 	 0.048808 	 1.215537 	 7.157645
  567 	 0.036748 	 1.124577 	 4.377911
  568 	 0.036279 	 1.142387 	 6.613388
  569 	 0.036339 	 1.405636 	 7.186569
  570 	 0.113780 	 1.428999 	 7.210874
  571 	 0.034773 	 1.178800 	 7.207767
  572 	 0.078504 	 1.229860 	 4.625768
  573 	 0.036763 	 1.521835 	 7.290043
  574 	 0.129940 	 1.205552 	 5.527784
  575 	 0.034975 	 1.243583 	 7.185836
  576 	 0.134871 	 1.157570 	 4.304029
  577 	 0.042818 	 1.583551 	 7.279351
  578 	 0.037031 	 1.062268 	 4.214587
  579 	 0.036692 	 1.200312 	 6.886210
  580 	 0.039258 	 1.267915 	 7.172025
  581 	 0.020246 	 1.384916 	 7.180604
  582 	 0.040859 	 0.901934 	 2.993625
  583 	 0.032765 	 1.131065 	 7.191881
  584 	 0.036002 	 1.058580 	 5.468878
  585 	 0.041880 	 1.422641 	 7.398383
  586 	 0.042519 	 1.172158 	 7.178604
  587 	 0.034936 	 1.113606 	 6.876550
  588 	 0.036774 	 1.251520 	 6.900416
  589 	 0.036525 	 1.178281 	 4.732922
  590 	 0.036599 	 1.252007 	 7.185221
  591 	 0.035027 	 1.178375 	 7.191012
  592 	 0.036599 	 1.182631 	 4.755529
  593 	 0.036011 	 1.079067 	 4.169669
  594 	 0.036658 	 1.154339 	 7.194309
  595 	 0.040318 	 1.158210 	 7.224836
  596 	 0.020026 	 1.093304 	 7.191217
  597 	 0.037179 	 1.091415 	 7.006829
  598 	 0.039986 	 1.505391 	 8.168161
  599 	 0.037469 	 1.325150 	 7.164380
  600 	 0.033456 	 0.948230 	 4.208612
  601 	 0.034684 	 1.219760 	 7.149528
  602 	 0.025760 	 1.502243 	 7.360744
  603 	 0.036882 	 1.221301 	 7.220119
  604 	 0.035917 	 1.132725 	 7.195592
  605 	 0.036825 	 1.281495 	 6.870672
  606 	 0.036336 	 1.551147 	 7.229750
  607 	 0.036550 	 1.278772 	 7.182621
  608 	 0.033973 	 1.235360 	 7.184713
  609 	 0.028490 	 1.371702 	 7.196851
  610 	 0.037529 	 1.531403 	 7.332802
  611 	 0.043333 	 1.402261 	 7.639987
  612 	 0.032979 	 1.293894 	 7.146477
  613 	 0.035947 	 1.191552 	 4.177101
  614 	 0.032667 	 1.283765 	 7.386663
  615 	 0.036941 	 1.496306 	 7.228179
  616 	 0.033397 	 1.377507 	 7.403702
  617 	 0.036598 	 1.234754 	 7.176626
  618 	 0.036867 	 1.245725 	 7.363950
  619 	 0.106539 	 1.311620 	 7.194317
  620 	 0.033688 	 1.332559 	 7.180457
  621 	 0.033463 	 1.079847 	 4.724043
  622 	 0.018902 	 1.391353 	 7.231346
  623 	 0.041496 	 1.284676 	 7.360356
  624 	 0.043008 	 1.593613 	 8.243882
  625 	 0.034594 	 1.186453 	 6.949437
  626 	 0.034083 	 1.180193 	 6.877184
  627 	 0.084758 	 1.305307 	 7.229786
  628 	 0.037284 	 1.329354 	 7.326912
  629 	 0.037119 	 1.134641 	 5.343072
  630 	 0.086566 	 1.167802 	 7.159008
  631 	 0.033156 	 1.137244 	 7.167469
  632 	 0.035521 	 1.095694 	 5.291955
  633 	 0.041407 	 1.405094 	 7.377040
  634 	 0.036935 	 1.533815 	 7.250531
  635 	 0.133700 	 1.232219 	 6.953780
  636 	 0.034199 	 1.333257 	 7.176918
  637 	 0.037002 	 1.111238 	 4.235494
  638 	 0.034115 	 1.372604 	 7.320677
  639 	 0.034473 	 1.310708 	 7.173494
  640 	 0.043141 	 1.191806 	 7.325203
  641 	 0.087336 	 1.130331 	 4.218701
  642 	 0.038013 	 1.256727 	 4.677276
  643 	 0.033966 	 1.104580 	 5.270480
  644 	 0.034198 	 1.004734 	 4.812477
  645 	 0.036093 	 1.122070 	 7.333199
  646 	 0.031935 	 1.399199 	 7.320758
  647 	 0.036796 	 1.353073 	 7.199962
  648 	 0.037171 	 1.277849 	 7.444043
  649 	 0.032132 	 1.232451 	 7.184105
  650 	 0.033834 	 1.585456 	 7.164794
  651 	 0.037661 	 1.298333 	 7.154136
  652 	 0.036011 	 1.486347 	 7.243974
  653 	 0.037826 	 1.227866 	 7.139754
  654 	 0.035867 	 1.360780 	 7.224865
  655 	 0.031835 	 1.341409 	 7.131343
  656 	 0.032311 	 1.313562 	 7.195422
  657 	 0.036761 	 1.405643 	 7.449605
  658 	 0.032777 	 1.371726 	 7.423293
  659 	 0.036748 	 1.194436 	 7.185939
  660 	 0.086554 	 1.245396 	 7.250697
  661 	 0.033976 	 1.336656 	 7.186563
  662 	 0.033883 	 1.181695 	 4.250287
  663 	 0.034153 	 1.288692 	 7.220179
  664 	 0.036674 	 1.316483 	 7.337644
  665 	 0.035248 	 1.474336 	 7.181140
  666 	 0.032900 	 1.258081 	 7.190413
  667 	 0.032785 	 1.311329 	 7.226497
  668 	 0.035981 	 1.167603 	 6.908379
  669 	 0.032806 	 1.398415 	 7.397262
  670 	 0.035652 	 1.078521 	 4.113981
  671 	 0.034207 	 1.335664 	 7.396139
  672 	 0.040118 	 1.438871 	 7.184386
  673 	 0.036827 	 1.179979 	 5.560125
  674 	 0.036389 	 1.058474 	 5.037260
  675 	 0.042014 	 1.104428 	 7.182491
  676 	 0.035479 	 1.358319 	 7.205181
  677 	 0.032147 	 1.156584 	 4.636241
  678 	 0.036285 	 1.304726 	 4.863695
  679 	 0.035888 	 1.088385 	 6.919517
  680 	 0.035117 	 1.290967 	 7.210592
  681 	 0.065290 	 1.282424 	 7.060041
  682 	 0.040121 	 1.205144 	 4.640237
  683 	 0.036706 	 1.005874 	 4.663974
  684 	 0.033748 	 1.331158 	 7.016501
  685 	 0.036476 	 1.358526 	 7.188764
  686 	 0.036631 	 1.129328 	 4.192033
  687 	 0.036450 	 0.943681 	 3.203042
  688 	 0.036722 	 1.287189 	 7.192612
  689 	 0.037801 	 1.170942 	 7.132709
  690 	 0.036151 	 1.091406 	 7.187946
  691 	 0.036881 	 1.121920 	 7.132620
  692 	 0.040228 	 1.359692 	 7.217576
  693 	 0.019963 	 1.312829 	 7.179701
  694 	 0.019998 	 1.047098 	 7.011245
  695 	 0.130386 	 1.334170 	 8.172367
  696 	 0.106555 	 1.760786 	 8.170083
  697 	 0.037261 	 1.076465 	 4.295788
  698 	 0.027359 	 1.059290 	 4.785713
  699 	 0.036694 	 1.321038 	 7.160180
  700 	 0.031952 	 1.499948 	 7.706588
  701 	 0.030715 	 1.385838 	 7.189361
  702 	 0.036233 	 1.196846 	 7.323842
  703 	 0.035868 	 1.271419 	 7.512310
  704 	 0.034814 	 1.288940 	 7.213303
  705 	 0.036034 	 1.255213 	 7.195057
  706 	 0.034939 	 1.308244 	 7.287866
  707 	 0.037794 	 1.200425 	 6.974169
  708 	 0.026183 	 1.146280 	 7.281233
  709 	 0.032253 	 1.250128 	 7.132959
  710 	 0.029405 	 1.432939 	 7.403650
  711 	 0.035891 	 1.165656 	 7.426494
  712 	 0.034140 	 1.537229 	 7.586950
  713 	 0.036901 	 1.315069 	 7.231103
  714 	 0.030080 	 1.210490 	 7.323842
  715 	 0.037064 	 1.279089 	 7.178698
  716 	 0.037098 	 1.403267 	 7.548288
  717 	 0.040633 	 1.445025 	 7.170296
  718 	 0.035609 	 1.320857 	 7.168538
  719 	 0.037025 	 1.153646 	 6.991365
  720 	 0.032752 	 1.407967 	 7.245916
  721 	 0.029076 	 1.335115 	 7.172304
  722 	 0.037399 	 1.213799 	 7.399070
  723 	 0.037081 	 1.028555 	 5.016088
  724 	 0.040702 	 1.384484 	 7.153114
  725 	 0.036471 	 1.484246 	 7.169426
  726 	 0.036685 	 1.105967 	 5.741906
  727 	 0.037939 	 1.244986 	 7.200920
  728 	 0.037224 	 1.365502 	 7.150002
  729 	 0.028626 	 1.166409 	 4.831837
  730 	 0.034553 	 1.162800 	 7.162075
  731 	 0.034181 	 1.377579 	 7.048142
  732 	 0.037189 	 1.440233 	 7.301789
  733 	 0.041778 	 1.291146 	 7.321672
  734 	 0.036492 	 1.439791 	 7.163877
  735 	 0.035054 	 1.351831 	 6.935863
  736 	 0.032363 	 1.392354 	 7.199850
  737 	 0.036663 	 1.307008 	 7.154929
  738 	 0.034890 	 1.573484 	 7.400173
  739 	 0.036356 	 1.326123 	 7.190956
  740 	 0.112466 	 1.471819 	 7.283865
  741 	 0.036533 	 1.031719 	 7.206894
  742 	 0.029604 	 1.157776 	 4.551096
  743 	 0.034116 	 1.420851 	 7.197683
  744 	 0.043023 	 1.396662 	 7.203359
  745 	 0.035615 	 1.057046 	 7.325152
  746 	 0.030102 	 1.043874 	 3.151668
  747 	 0.035638 	 1.418687 	 7.245605
  748 	 0.034728 	 1.357421 	 7.547062
  749 	 0.037663 	 1.095978 	 7.244384
  750 	 0.042221 	 1.139706 	 7.292451
  751 	 0.036819 	 1.458503 	 7.139614
  752 	 0.117623 	 1.221536 	 6.914619
  753 	 0.036359 	 1.236133 	 7.182910
  754 	 0.036636 	 1.101722 	 4.544971
  755 	 0.039197 	 1.393308 	 7.206731
  756 	 0.034148 	 1.188725 	 7.192361
  757 	 0.036831 	 1.096611 	 7.062278
  758 	 0.038133 	 1.262115 	 7.323424
  759 	 0.018221 	 1.280328 	 7.182308
  760 	 0.036512 	 1.015455 	 4.726753
  761 	 0.130982 	 1.614876 	 8.290455
  762 	 0.036867 	 1.519990 	 7.198782
  763 	 0.036525 	 1.061164 	 4.284823
  764 	 0.037676 	 0.910302 	 7.180447
  765 	 0.036311 	 1.461275 	 7.198108
  766 	 0.037423 	 1.498302 	 5.228475
  767 	 0.036948 	 1.234397 	 7.209236
  768 	 0.036911 	 0.951146 	 4.496034
  769 	 0.038445 	 1.342679 	 7.176269
  770 	 0.037383 	 1.544182 	 7.178171
  771 	 0.036658 	 1.028699 	 7.099992
  772 	 0.020081 	 1.034537 	 7.153935
  773 	 0.043333 	 1.456054 	 7.191219
  774 	 0.036378 	 1.588538 	 8.164543
  775 	 0.135313 	 1.159138 	 6.861841
  776 	 0.041222 	 1.213202 	 7.205743
  777 	 0.035315 	 1.272430 	 4.206755
  778 	 0.029895 	 1.403892 	 6.962737
  779 	 0.095600 	 1.203633 	 7.261370
  780 	 0.035167 	 1.217456 	 7.558841
  781 	 0.077615 	 1.237889 	 5.050493
  782 	 0.033896 	 1.339764 	 7.269190
  783 	 0.034958 	 1.164183 	 5.555080
  784 	 0.034160 	 1.538993 	 7.336944
  785 	 0.041796 	 1.226617 	 7.280245
  786 	 0.035352 	 1.223138 	 7.322800
  787 	 0.040522 	 1.209806 	 6.934996
  788 	 0.035663 	 1.620180 	 7.259442
  789 	 0.036386 	 1.355636 	 6.996828
  790 	 0.036362 	 1.206427 	 7.243078
  791 	 0.063540 	 1.369874 	 7.205325
  792 	 0.037420 	 1.507486 	 7.206579
  793 	 0.035498 	 1.297098 	 6.026256
  794 	 0.036960 	 1.163904 	 7.152028
  795 	 0.027496 	 1.275690 	 7.251733
  796 	 0.032777 	 1.168615 	 7.175636
  797 	 0.040091 	 1.397704 	 7.698478
  798 	 0.019732 	 1.223079 	 7.397690
  799 	 0.035363 	 1.120276 	 4.235446
  800 	 0.037448 	 1.388020 	 8.187843
  801 	 0.036239 	 1.373214 	 4.827947
  802 	 0.040228 	 1.433592 	 7.150617
  803 	 0.036482 	 1.153575 	 7.212997
  804 	 0.037535 	 1.277834 	 7.011223
  805 	 0.038426 	 1.350351 	 7.200367
  806 	 0.036741 	 1.345421 	 7.146150
  807 	 0.036708 	 1.151369 	 7.100968
  808 	 0.109955 	 1.201571 	 6.983628
  809 	 0.036654 	 1.288236 	 7.188677
  810 	 0.099343 	 1.209400 	 4.709086
  811 	 0.036693 	 1.140947 	 7.191453
  812 	 0.036258 	 0.987471 	 4.344660
  813 	 0.036168 	 1.284846 	 7.155382
  814 	 0.034724 	 1.557304 	 7.211969
  815 	 0.041484 	 1.257317 	 7.193305
  816 	 0.032813 	 1.253267 	 7.292679
  817 	 0.036471 	 1.467357 	 6.950027
  818 	 0.037794 	 1.248895 	 7.395744
  819 	 0.032808 	 1.217510 	 7.200898
  820 	 0.033907 	 1.336599 	 7.132949
  821 	 0.037496 	 1.284849 	 7.396001
  822 	 0.035623 	 1.263852 	 7.174606
  823 	 0.035402 	 1.181896 	 7.148150
  824 	 0.038317 	 1.175532 	 7.245174
  825 	 0.037047 	 1.142482 	 7.256787
  826 	 0.039952 	 1.192119 	 7.106433
  827 	 0.037056 	 1.419827 	 7.171177
  828 	 0.037647 	 1.377061 	 7.024829
  829 	 0.030140 	 1.175208 	 7.170725
  830 	 0.036572 	 1.203803 	 7.140440
  831 	 0.037798 	 1.402743 	 7.145591
  832 	 0.042593 	 1.316061 	 7.195682
  833 	 0.035157 	 1.155592 	 7.132756
  834 	 0.042674 	 1.362366 	 6.896878
  835 	 0.043135 	 1.667802 	 7.269733
  836 	 0.032757 	 1.144823 	 5.166833
  837 	 0.028018 	 1.059976 	 6.871181
  838 	 0.036332 	 1.234582 	 6.454912
  839 	 0.037650 	 1.670609 	 7.667650
  840 	 0.032660 	 1.257140 	 7.208159
  841 	 0.035552 	 1.142240 	 7.140305
  842 	 0.031817 	 1.361044 	 7.404104
  843 	 0.133266 	 1.582236 	 7.248896
  844 	 0.037002 	 1.231069 	 6.900185
  845 	 0.034978 	 1.001280 	 4.243286
  846 	 0.036694 	 1.451826 	 7.173495
  847 	 0.093043 	 1.562210 	 7.279186
  848 	 0.042769 	 1.351804 	 7.189398
  849 	 0.036499 	 0.948249 	 5.116569
  850 	 0.036699 	 1.311056 	 6.888496
  851 	 0.036780 	 1.293180 	 7.199464
  852 	 0.036727 	 1.216890 	 7.189105
  853 	 0.035872 	 1.437637 	 7.184919
  854 	 0.072228 	 1.336567 	 7.169376
  855 	 0.037073 	 1.278436 	 7.186619
  856 	 0.042417 	 1.017855 	 5.726465
  857 	 0.036656 	 1.146915 	 7.169820
  858 	 0.036214 	 1.335918 	 6.905256
  859 	 0.038047 	 1.321187 	 7.191348
  860 	 0.035713 	 1.385980 	 7.214261
  861 	 0.029843 	 1.253568 	 7.120110
  862 	 0.032890 	 1.332159 	 7.240467
  863 	 0.036170 	 1.146845 	 7.331001
  864 	 0.036572 	 1.411850 	 7.391524
  865 	 0.034022 	 1.346941 	 7.216544
  866 	 0.036589 	 1.321802 	 7.195687
  867 	 0.019587 	 1.128088 	 7.215651
  868 	 0.020018 	 1.214742 	 7.194825
  869 	 0.037221 	 1.418813 	 8.197576
  870 	 0.037558 	 1.448931 	 8.168750
  871 	 0.037835 	 1.342490 	 7.162236
  872 	 0.041153 	 1.174106 	 4.774479
  873 	 0.078818 	 1.212771 	 7.130872
  874 	 0.205049 	 1.244772 	 6.885343
  875 	 0.036066 	 1.134433 	 4.165742
  876 	 0.036156 	 1.016229 	 3.252569
  877 	 0.037945 	 1.219548 	 7.221964
  878 	 0.035252 	 1.588145 	 7.217297
  879 	 0.035413 	 1.316183 	 7.125287
  880 	 0.037131 	 1.111601 	 6.959029
  881 	 0.113963 	 1.196719 	 7.256210
  882 	 0.035131 	 1.400583 	 7.166844
  883 	 0.034976 	 1.267722 	 4.621868
  884 	 0.033631 	 1.174219 	 7.271101
  885 	 0.033205 	 1.284468 	 7.279301
  886 	 0.092245 	 1.693239 	 7.351261
  887 	 0.029765 	 1.356792 	 7.374329
  888 	 0.035433 	 1.037614 	 5.137559
  889 	 0.036070 	 1.132793 	 7.566273
  890 	 0.036555 	 1.340195 	 7.185042
  891 	 0.070312 	 1.516820 	 7.221791
  892 	 0.036667 	 1.237014 	 7.196569
  893 	 0.037553 	 0.985420 	 5.789974
  894 	 0.110453 	 1.578652 	 7.190762
  895 	 0.035370 	 1.390211 	 7.145228
  896 	 0.033874 	 1.120065 	 4.579733
  897 	 0.112536 	 1.125469 	 7.258448
  898 	 0.043193 	 1.304452 	 4.189812
  899 	 0.086989 	 1.124111 	 3.313289
  900 	 0.036674 	 0.977948 	 6.868467
  901 	 0.036972 	 1.044781 	 5.280126
  902 	 0.042653 	 1.348873 	 7.190411
  903 	 0.036534 	 1.293542 	 7.175054
  904 	 0.102272 	 0.922562 	 4.715662
  905 	 0.035065 	 1.367491 	 7.197675
  906 	 0.036991 	 1.274858 	 4.874397
  907 	 0.036662 	 1.041594 	 4.897480
  908 	 0.036291 	 1.287346 	 7.174049
  909 	 0.037225 	 1.450317 	 7.191021
  910 	 0.036425 	 1.377072 	 7.210256
  911 	 0.035925 	 1.268907 	 7.162054
  912 	 0.034890 	 1.556332 	 7.203330
  913 	 0.040594 	 1.374285 	 7.229334
  914 	 0.042297 	 1.325034 	 7.283853
  915 	 0.043148 	 1.209007 	 6.993273
  916 	 0.037132 	 1.465839 	 6.910971
  917 	 0.035878 	 1.290093 	 6.870581
  918 	 0.037213 	 1.310658 	 7.166821
  919 	 0.036894 	 1.002557 	 7.156097
  920 	 0.034178 	 1.244819 	 7.162659
  921 	 0.027962 	 1.152151 	 7.179047
  922 	 0.033557 	 1.233311 	 7.321793
  923 	 0.035391 	 1.801352 	 7.670945
  924 	 0.036196 	 1.334791 	 6.939910
  925 	 0.036094 	 1.047040 	 7.257356
  926 	 0.035820 	 1.401582 	 7.215234
  927 	 0.032800 	 1.829206 	 7.220501
  928 	 0.042638 	 1.319317 	 7.234842
  929 	 0.033079 	 1.127923 	 7.396459
  930 	 0.030762 	 1.199043 	 6.894720
  931 	 0.036614 	 1.408142 	 7.381218
  932 	 0.041585 	 1.291000 	 7.386769
  933 	 0.033802 	 1.346507 	 7.193529
  934 	 0.034287 	 1.280296 	 6.945141
  935 	 0.041074 	 1.358081 	 7.342035
  936 	 0.035664 	 1.416049 	 7.316001
  937 	 0.037502 	 1.163204 	 6.947495
  938 	 0.033312 	 1.218734 	 7.243023
  939 	 0.037417 	 1.476992 	 7.147866
  940 	 0.036974 	 1.599867 	 7.368516
  941 	 0.030046 	 1.121188 	 7.152215
  942 	 0.035100 	 1.428207 	 7.174930
  943 	 0.042828 	 1.725463 	 7.550238
  944 	 0.032777 	 1.487241 	 7.272717
  945 	 0.036550 	 1.154968 	 6.885700
  946 	 0.057367 	 1.429866 	 7.397689
  947 	 0.065038 	 1.612172 	 7.196817
  948 	 0.035956 	 1.277349 	 6.259120
  949 	 0.120530 	 1.150728 	 5.972343
  950 	 0.036206 	 1.285540 	 7.146808
  951 	 0.036456 	 1.258765 	 4.485713
  952 	 0.034899 	 1.433938 	 7.192424
  953 	 0.034182 	 1.241732 	 5.983686
  954 	 0.033959 	 1.258716 	 7.283358
  955 	 0.036365 	 1.404085 	 7.321576
  956 	 0.035404 	 1.361606 	 7.333594
  957 	 0.034164 	 1.418083 	 7.206438
  958 	 0.035125 	 1.386629 	 7.256656
  959 	 0.035526 	 1.221603 	 7.322574
  960 	 0.033219 	 1.277106 	 7.271418
  961 	 0.020099 	 1.359754 	 7.250274
  962 	 0.019546 	 1.523115 	 7.373613
  963 	 0.042561 	 1.233455 	 8.163329
  964 	 0.035474 	 1.185532 	 8.200319
  965 	 0.033375 	 1.333962 	 6.898422
  966 	 0.035189 	 1.386171 	 7.253008
  967 	 0.032030 	 1.593944 	 7.365121
  968 	 0.035825 	 1.366723 	 7.146160
  969 	 0.028277 	 1.328534 	 7.438834
  970 	 0.036801 	 1.259224 	 7.234587
  971 	 0.033308 	 1.283976 	 7.652422
  972 	 0.037124 	 1.351618 	 7.183839
  973 	 0.032674 	 1.409963 	 7.225649
  974 	 0.031723 	 1.480653 	 7.156403
  975 	 0.037065 	 1.292016 	 7.181314
  976 	 0.094600 	 1.269163 	 7.455863
  977 	 0.036889 	 1.339290 	 6.920631
  978 	 0.037019 	 1.171875 	 5.076143
  979 	 0.037836 	 1.310955 	 7.179330
  980 	 0.034947 	 1.335797 	 7.172632
  981 	 0.036366 	 1.267478 	 7.130814
  982 	 0.037171 	 1.304464 	 7.255828
  983 	 0.034953 	 1.489980 	 7.206362
  984 	 0.037859 	 1.609225 	 7.164826
  985 	 0.029830 	 1.185402 	 4.237881
  986 	 0.042460 	 1.214197 	 7.129655
  987 	 0.036556 	 1.201915 	 7.562567
  988 	 0.035969 	 1.375730 	 6.327497
  989 	 0.036444 	 1.247872 	 7.196533
  990 	 0.041287 	 1.345294 	 7.227056
  991 	 0.026949 	 1.216826 	 7.202320
  992 	 0.035498 	 1.205450 	 6.959577
  993 	 0.035249 	 1.313465 	 7.730991
  994 	 0.035758 	 1.467108 	 7.251756
  995 	 0.037298 	 1.381530 	 7.264862
  996 	 0.037086 	 1.170219 	 4.924598
  997 	 0.036210 	 1.223350 	 7.158313
  998 	 0.039519 	 1.351424 	 7.169155
  999 	 0.036540 	 1.357332 	 7.214466
 