   0 	 0.001173 	 0.001769 	 0.004628
    1 	 0.001173 	 0.001850 	 0.003707
    2 	 0.001208 	 0.001889 	 0.003118
    3 	 0.001240 	 0.001999 	 0.003118
    4 	 0.001314 	 0.002042 	 0.003782
    5 	 0.001430 	 0.002172 	 0.003635
    6 	 0.001377 	 0.002276 	 0.003600
    7 	 0.001232 	 0.002451 	 0.004746
    8 	 0.001524 	 0.002658 	 0.005867
    9 	 0.001645 	 0.002788 	 0.005361
   10 	 0.001549 	 0.002926 	 0.006480
   11 	 0.001549 	 0.003355 	 0.011465
   12 	 0.001976 	 0.004250 	 0.012631
   13 	 0.002087 	 0.005525 	 0.015857
   14 	 0.002396 	 0.007479 	 0.017332
   15 	 0.003707 	 0.009929 	 0.017333
   16 	 0.004307 	 0.011592 	 0.019110
   17 	 0.004807 	 0.013614 	 0.039233
   18 	 0.006479 	 0.015249 	 0.039224
   19 	 0.006594 	 0.016087 	 0.035493
   20 	 -0.741874 	 0.008087 	 0.029813
   21 	 0.006594 	 0.022133 	 0.248609
   22 	 0.007526 	 0.053543 	 0.752772
   23 	 -0.746014 	 0.197190 	 0.750710
   24 	 -0.247998 	 0.475810 	 0.753361
   25 	 0.012592 	 0.568867 	 1.742631
   26 	 0.012949 	 0.526363 	 0.932957
   27 	 0.027134 	 0.524282 	 0.750497
   28 	 0.022215 	 0.540001 	 0.750296
   29 	 0.042647 	 0.538438 	 0.742394
   30 	 0.013962 	 0.507402 	 0.745115
   31 	 0.065563 	 0.532956 	 0.733942
   32 	 0.018021 	 0.531187 	 0.746390
   33 	 0.486902 	 0.540381 	 0.721802
   34 	 0.027054 	 0.536436 	 0.747451
   35 	 0.013956 	 0.525175 	 0.553477
   36 	 0.013453 	 0.526530 	 0.742438
   37 	 0.013453 	 0.530713 	 0.749729
   38 	 0.065442 	 0.537238 	 0.750012
   39 	 0.065446 	 0.530489 	 0.750012
   40 	 0.031861 	 0.527425 	 0.721865
   41 	 0.013452 	 0.497538 	 0.721863
   42 	 0.027207 	 0.518117 	 0.739798
   43 	 0.489783 	 0.554884 	 0.750012
   44 	 0.022318 	 0.540227 	 0.742354
   45 	 0.027210 	 0.521222 	 0.552596
   46 	 0.031861 	 0.526534 	 0.745058
   47 	 0.055666 	 0.538489 	 0.742352
   48 	 0.029396 	 0.530101 	 0.739798
   49 	 0.029351 	 0.532510 	 0.726995
   50 	 0.018003 	 0.529342 	 0.741150
   51 	 0.021056 	 0.528118 	 0.741174
   52 	 0.022318 	 0.535849 	 0.747461
   53 	 0.021049 	 0.530392 	 0.745759
   54 	 0.015087 	 0.521224 	 0.745058
   55 	 -0.284847 	 0.525022 	 0.745763
   56 	 0.017173 	 0.532294 	 0.749094
   57 	 0.079393 	 0.539538 	 0.966173
   58 	 0.079394 	 0.535813 	 0.747925
   59 	 0.012544 	 0.525737 	 0.714668
   60 	 0.019930 	 0.526656 	 0.714667
   61 	 0.023740 	 0.524453 	 0.750524
   62 	 0.048430 	 0.530812 	 0.746386
   63 	 0.015083 	 0.524950 	 0.744270
   64 	 0.025356 	 0.535352 	 0.730840
   65 	 0.019849 	 0.519690 	 0.749096
   66 	 0.012546 	 0.521079 	 0.743376
   67 	 0.013453 	 0.524588 	 0.746431
   68 	 0.023740 	 0.538975 	 0.750522
   69 	 0.012984 	 0.537978 	 0.750012
   70 	 0.014500 	 0.525850 	 0.744270
   71 	 0.483122 	 0.539255 	 0.750276
   72 	 0.027207 	 0.532985 	 0.749424
   73 	 0.021049 	 0.525151 	 0.554637
   74 	 0.029351 	 0.528539 	 0.742354
   75 	 0.012546 	 0.530400 	 0.745763
   76 	 0.012546 	 0.504402 	 0.741174
   77 	 0.055666 	 0.536043 	 0.750522
   78 	 0.015724 	 0.533640 	 0.750522
   79 	 0.079394 	 0.533864 	 0.726995
   80 	 0.012546 	 0.535368 	 0.748737
   81 	 0.012984 	 0.520975 	 0.714667
   82 	 0.017173 	 0.524052 	 0.750522
   83 	 0.012984 	 0.506739 	 0.750276
   84 	 0.079394 	 0.534141 	 0.747925
   85 	 0.019930 	 0.532805 	 0.750276
   86 	 -0.284847 	 0.476845 	 0.714667
   87 	 -0.284847 	 0.509611 	 0.746386
   88 	 0.016558 	 0.554830 	 0.966173
   89 	 0.483970 	 0.551135 	 0.966173
   90 	 -0.284847 	 0.514094 	 0.748270
   91 	 0.220147 	 0.530994 	 0.554376
   92 	 0.065446 	 0.527148 	 0.966173
   93 	 0.015085 	 0.521103 	 0.649348
   94 	 0.015724 	 0.518572 	 0.721863
   95 	 0.016559 	 0.526113 	 0.747461
   96 	 0.022333 	 0.524851 	 0.748737
   97 	 0.038436 	 0.537214 	 0.748269
   98 	 0.018907 	 0.538239 	 0.745050
   99 	 0.483529 	 0.539325 	 0.736217
  100 	 0.012546 	 0.506705 	 0.746957
  101 	 0.014500 	 0.502804 	 0.554512
  102 	 0.015724 	 0.538302 	 0.750522
  103 	 0.100897 	 0.546540 	 0.749424
  104 	 0.012546 	 0.502003 	 0.748737
  105 	 0.015044 	 0.517815 	 0.703851
  106 	 0.220147 	 0.549168 	 0.750522
  107 	 0.021056 	 0.531938 	 0.749118
  108 	 0.013956 	 0.523044 	 0.649348
  109 	 0.025356 	 0.518748 	 0.745759
  110 	 0.025356 	 0.520946 	 0.749729
  111 	 0.031652 	 0.534476 	 0.743376
  112 	 0.013453 	 0.530696 	 0.743376
  113 	 0.018917 	 0.515301 	 0.739913
  114 	 0.018003 	 0.526568 	 0.750012
  115 	 0.017173 	 0.541280 	 0.746951
  116 	 0.018918 	 0.536621 	 0.747461
  117 	 0.013452 	 0.519462 	 0.747925
  118 	 0.014501 	 0.526451 	 0.746951
  119 	 0.483610 	 0.545762 	 0.750012
  120 	 0.483838 	 0.543172 	 0.749423
  121 	 -0.284847 	 0.513269 	 0.554487
  122 	 0.013453 	 0.517945 	 0.554417
  123 	 -0.284847 	 0.538895 	 0.966173
  124 	 0.048430 	 0.540013 	 0.750012
  125 	 0.015724 	 0.530293 	 0.966173
  126 	 0.038436 	 0.532274 	 0.730840
  127 	 0.031861 	 0.522974 	 0.748737
  128 	 0.022318 	 0.527781 	 0.736217
  129 	 0.013453 	 0.538187 	 0.739798
  130 	 0.012546 	 0.523109 	 0.745058
  131 	 0.013957 	 0.519967 	 0.750012
  132 	 -0.284847 	 0.521650 	 0.750522
  133 	 0.022318 	 0.532795 	 0.749729
  134 	 0.038436 	 0.534915 	 0.966173
  135 	 0.483188 	 0.541426 	 0.745058
  136 	 0.018842 	 0.517119 	 0.736217
  137 	 -0.284856 	 0.495487 	 0.554617
  138 	 0.013967 	 0.527179 	 0.746993
  139 	 -0.284847 	 0.528090 	 0.966181
  140 	 0.022318 	 0.537439 	 0.749723
  141 	 0.012546 	 0.499500 	 0.966173
  142 	 0.029351 	 0.527563 	 0.745058
  143 	 -0.284847 	 0.525058 	 0.750522
  144 	 0.018937 	 0.523188 	 0.741174
  145 	 0.025345 	 0.540725 	 0.966173
  146 	 0.015724 	 0.528538 	 0.746940
  147 	 0.013956 	 0.509049 	 0.743382
  148 	 0.015087 	 0.536208 	 0.748737
  149 	 0.023740 	 0.527031 	 0.749729
 