   0 	 0.001159 	 0.001841 	 0.003092
    1 	 0.001296 	 0.002036 	 0.006594
    2 	 0.001300 	 0.002116 	 0.005069
    3 	 0.001333 	 0.002232 	 0.005139
    4 	 0.001314 	 0.002364 	 0.005211
    5 	 0.001296 	 0.002547 	 0.006836
    6 	 0.001447 	 0.002826 	 0.005361
    7 	 0.001493 	 0.003265 	 0.007844
    8 	 0.001659 	 0.003707 	 0.011123
    9 	 0.001582 	 0.004030 	 0.012217
   10 	 0.001342 	 0.004687 	 0.010208
   11 	 0.001713 	 0.005484 	 0.013550
   12 	 0.002709 	 0.006601 	 0.032413
   13 	 0.002709 	 0.007213 	 0.016561
   14 	 -0.247608 	 0.005716 	 0.029814
   15 	 0.003861 	 0.009937 	 0.029814
   16 	 0.003860 	 0.015004 	 0.249227
   17 	 -0.247626 	 0.041221 	 0.249388
   18 	 0.007682 	 0.187014 	 0.249496
   19 	 0.007681 	 0.234645 	 0.266199
   20 	 0.012180 	 0.229318 	 0.249259
   21 	 0.012592 	 0.230526 	 0.249259
   22 	 0.038889 	 0.233774 	 0.248980
   23 	 0.025698 	 0.233367 	 0.248255
   24 	 0.020050 	 0.232127 	 0.247335
   25 	 0.014564 	 0.230597 	 0.248144
   26 	 0.020050 	 0.233365 	 0.248493
   27 	 0.013035 	 0.230907 	 0.248832
   28 	 0.022469 	 0.229132 	 0.248493
   29 	 0.104072 	 0.234489 	 0.248927
   30 	 0.017263 	 0.227489 	 0.248343
   31 	 -0.262263 	 0.224367 	 0.243411
   32 	 0.029614 	 0.232612 	 0.248665
   33 	 0.235426 	 0.236546 	 0.267240
   34 	 0.022469 	 0.233367 	 0.247904
   35 	 0.012594 	 0.227782 	 0.235869
   36 	 -0.262260 	 0.226992 	 0.248343
   37 	 0.056619 	 0.234078 	 0.248954
   38 	 0.021191 	 0.229918 	 0.267240
   39 	 -0.262260 	 0.218778 	 0.246255
   40 	 0.056619 	 0.233952 	 0.248422
   41 	 0.027433 	 0.229468 	 0.267240
   42 	 -0.262260 	 0.213736 	 0.246255
   43 	 0.015156 	 0.231000 	 0.248038
   44 	 0.012182 	 0.226768 	 0.267240
   45 	 0.010470 	 0.230591 	 0.248795
   46 	 0.018102 	 0.226673 	 0.248979
   47 	 0.015156 	 0.228138 	 0.249086
   48 	 0.017263 	 0.228227 	 0.248613
   49 	 0.016499 	 0.233556 	 0.248795
   50 	 0.021191 	 0.232468 	 0.248665
   51 	 0.043421 	 0.230786 	 0.248712
   52 	 0.015156 	 0.225752 	 0.248422
   53 	 0.021191 	 0.233455 	 0.247058
   54 	 0.235148 	 0.236437 	 0.248795
   55 	 0.012594 	 0.228203 	 0.248422
   56 	 0.021191 	 0.223499 	 0.235885
   57 	 0.235148 	 0.236293 	 0.248954
   58 	 0.018102 	 0.231055 	 0.248422
   59 	 0.023904 	 0.228277 	 0.235885
   60 	 0.035212 	 0.231503 	 0.248613
   61 	 0.021191 	 0.231487 	 0.248255
   62 	 0.013507 	 0.233320 	 0.247560
   63 	 0.022469 	 0.230785 	 0.248422
   64 	 0.022469 	 0.233328 	 0.248897
   65 	 0.013035 	 0.225159 	 0.248343
   66 	 0.016499 	 0.230542 	 0.248343
   67 	 0.015799 	 0.233723 	 0.248927
   68 	 0.022469 	 0.228751 	 0.248712
   69 	 0.015799 	 0.228017 	 0.248755
   70 	 0.235132 	 0.236261 	 0.248343
   71 	 0.038888 	 0.231729 	 0.248755
   72 	 0.022469 	 0.233156 	 0.235885
   73 	 0.019026 	 0.227531 	 0.247335
   74 	 0.017263 	 0.228917 	 0.248343
   75 	 0.014016 	 0.233557 	 0.248556
   76 	 -0.262263 	 0.222068 	 0.248665
   77 	 0.235141 	 0.235982 	 0.248866
   78 	 0.015799 	 0.233931 	 0.267240
   79 	 0.066767 	 0.233725 	 0.235885
   80 	 0.056619 	 0.233721 	 0.248755
   81 	 0.020050 	 0.230574 	 0.245641
   82 	 0.056622 	 0.231615 	 0.246255
   83 	 0.014564 	 0.226012 	 0.248493
   84 	 0.025551 	 0.231222 	 0.246255
   85 	 -0.262260 	 0.217078 	 0.248832
   86 	 0.038888 	 0.229180 	 0.248153
   87 	 0.015156 	 0.231975 	 0.267240
   88 	 0.025551 	 0.226885 	 0.247335
   89 	 0.014016 	 0.228413 	 0.248795
   90 	 0.049149 	 0.234035 	 0.248153
   91 	 0.014564 	 0.226489 	 0.248866
   92 	 0.012182 	 0.225491 	 0.235878
   93 	 0.235124 	 0.236393 	 0.248832
   94 	 0.012594 	 0.225848 	 0.248979
   95 	 0.020050 	 0.225352 	 0.235886
   96 	 0.014564 	 0.217764 	 0.248954
   97 	 -0.262260 	 0.220183 	 0.248493
   98 	 0.012182 	 0.226943 	 0.248832
   99 	 0.056579 	 0.232912 	 0.267240
  100 	 0.038888 	 0.233908 	 0.248979
  101 	 0.017302 	 0.227802 	 0.246257
  102 	 0.235117 	 0.235960 	 0.247335
  103 	 0.043421 	 0.233912 	 0.248662
  104 	 0.032171 	 0.231180 	 0.235886
  105 	 0.235135 	 0.235960 	 0.247058
  106 	 0.017263 	 0.222732 	 0.247746
  107 	 0.014016 	 0.230461 	 0.235885
  108 	 0.027433 	 0.234010 	 0.248665
  109 	 0.235844 	 0.236161 	 0.248866
  110 	 0.013035 	 0.227774 	 0.248038
  111 	 0.014564 	 0.228673 	 0.235846
  112 	 0.027433 	 0.231380 	 0.248927
  113 	 0.032308 	 0.233626 	 0.248832
  114 	 0.017263 	 0.233375 	 0.248038
  115 	 0.012213 	 0.233032 	 0.235846
  116 	 -0.262260 	 0.216101 	 0.248665
  117 	 0.012182 	 0.224369 	 0.248978
  118 	 0.010495 	 0.230446 	 0.267240
  119 	 0.022469 	 0.230244 	 0.248979
  120 	 0.027433 	 0.232415 	 0.249084
  121 	 0.016499 	 0.229238 	 0.248343
  122 	 0.014564 	 0.230946 	 0.248038
  123 	 0.022469 	 0.230897 	 0.248712
  124 	 0.012182 	 0.230578 	 0.248832
  125 	 0.014564 	 0.227915 	 0.248343
  126 	 0.012594 	 0.219675 	 0.248979
  127 	 0.027433 	 0.233707 	 0.248832
  128 	 0.235117 	 0.236795 	 0.248954
  129 	 -0.262260 	 0.224715 	 0.248038
  130 	 0.038888 	 0.232188 	 0.235886
  131 	 0.017263 	 0.231679 	 0.267240
  132 	 0.056619 	 0.233817 	 0.247335
  133 	 -0.262260 	 0.227115 	 0.248665
  134 	 0.019026 	 0.226599 	 0.246255
  135 	 0.038888 	 0.233924 	 0.267240
  136 	 0.012594 	 0.232452 	 0.248556
  137 	 0.015156 	 0.232058 	 0.247335
  138 	 0.014564 	 0.230513 	 0.248954
  139 	 0.027433 	 0.231127 	 0.248795
  140 	 0.023911 	 0.228936 	 0.248832
  141 	 0.018102 	 0.230600 	 0.246709
  142 	 0.012182 	 0.228259 	 0.248254
  143 	 0.023911 	 0.228419 	 0.248613
  144 	 0.013507 	 0.233512 	 0.248979
  145 	 0.010183 	 0.222718 	 0.248254
  146 	 0.014016 	 0.228001 	 0.248897
  147 	 0.017263 	 0.231279 	 0.249103
  148 	 0.012594 	 0.228505 	 0.248866
  149 	 0.023911 	 0.229695 	 0.248665
 