   0 	 0.001120 	 0.001807 	 0.004746
    1 	 0.001252 	 0.001927 	 0.006713
    2 	 0.001252 	 0.002178 	 0.005688
    3 	 0.001291 	 0.002324 	 0.005603
    4 	 0.001252 	 0.002707 	 0.005867
    5 	 0.001481 	 0.002827 	 0.005961
    6 	 0.001447 	 0.003714 	 0.021296
    7 	 0.002172 	 0.005101 	 0.021296
    8 	 0.002123 	 0.006937 	 0.057375
    9 	 0.002770 	 0.009945 	 0.057366
   10 	 0.002321 	 0.020751 	 0.082907
   11 	 0.004409 	 0.036832 	 0.082918
   12 	 -0.735805 	 0.040542 	 0.249472
   13 	 -0.780280 	 0.039615 	 0.249150
   14 	 -0.780256 	 0.106350 	 0.249191
   15 	 -0.765021 	 0.120245 	 0.310180
   16 	 0.012215 	 0.202254 	 0.310178
   17 	 -0.822639 	 0.200567 	 0.638539
   18 	 -0.889964 	 0.212370 	 0.640746
   19 	 -0.947163 	 0.281738 	 0.683017
   20 	 0.013508 	 0.347594 	 0.726500
   21 	 0.066744 	 0.432115 	 0.686654
   22 	 0.015799 	 0.470533 	 0.747406
   23 	 0.012530 	 0.535669 	 0.652229
   24 	 0.017967 	 0.529077 	 0.748695
   25 	 -0.293595 	 0.514218 	 0.750532
   26 	 0.219738 	 0.536723 	 0.747481
   27 	 0.012982 	 0.517341 	 0.974408
   28 	 0.014498 	 0.532954 	 0.649520
   29 	 0.013955 	 0.526024 	 0.750277
   30 	 0.023741 	 0.527572 	 0.749425
   31 	 0.015087 	 0.531251 	 0.749730
   32 	 0.012627 	 0.514327 	 0.744269
   33 	 0.019929 	 0.529136 	 0.749094
   34 	 0.013956 	 0.528638 	 0.750477
   35 	 0.015724 	 0.529532 	 0.746387
   36 	 0.034841 	 0.537174 	 0.749729
   37 	 0.013450 	 0.535778 	 0.748737
   38 	 0.012546 	 0.528878 	 0.738171
   39 	 0.014500 	 0.520316 	 0.750014
   40 	 0.485902 	 0.541975 	 0.750522
   41 	 0.013452 	 0.528601 	 0.749424
   42 	 0.015724 	 0.518176 	 0.553783
   43 	 0.027207 	 0.530256 	 0.750012
   44 	 0.048426 	 0.534229 	 0.748737
   45 	 0.019930 	 0.529266 	 0.742354
   46 	 0.027207 	 0.517094 	 0.730842
   47 	 0.012546 	 0.504941 	 0.746386
   48 	 0.034841 	 0.534487 	 0.742354
   49 	 0.082557 	 0.543954 	 0.750522
   50 	 0.018918 	 0.515398 	 0.738171
   51 	 -0.284847 	 0.508072 	 0.713055
   52 	 0.055666 	 0.541697 	 0.746951
   53 	 -0.284847 	 0.534496 	 0.966173
   54 	 0.018918 	 0.526140 	 0.726995
   55 	 0.006457 	 0.523619 	 0.966173
   56 	 0.012546 	 0.530512 	 0.746951
   57 	 0.013957 	 0.525851 	 0.746951
   58 	 0.013453 	 0.529405 	 0.750522
   59 	 0.014500 	 0.530643 	 0.749729
   60 	 0.100897 	 0.536758 	 0.750012
   61 	 0.100897 	 0.536537 	 0.749424
   62 	 0.021056 	 0.532787 	 0.703851
   63 	 0.220147 	 0.535354 	 0.703851
   64 	 0.042858 	 0.534355 	 0.745759
   65 	 0.029351 	 0.532960 	 0.649348
   66 	 0.027207 	 0.527623 	 0.733828
   67 	 0.042858 	 0.534245 	 0.741174
   68 	 0.079394 	 0.536913 	 0.742354
   69 	 0.079394 	 0.534333 	 0.733828
   70 	 0.015724 	 0.506910 	 0.714667
   71 	 0.018918 	 0.533443 	 0.714667
   72 	 0.012984 	 0.538258 	 0.748737
   73 	 -0.284847 	 0.516980 	 0.746951
   74 	 -0.284847 	 0.518122 	 0.750276
   75 	 0.483838 	 0.548283 	 0.966173
   76 	 0.017173 	 0.541307 	 0.966173
   77 	 0.013956 	 0.509883 	 0.554417
   78 	 0.048439 	 0.532329 	 0.747925
   79 	 -0.284847 	 0.526508 	 0.749729
   80 	 0.012984 	 0.521072 	 0.730835
   81 	 0.016417 	 0.535101 	 0.966173
   82 	 0.023742 	 0.535023 	 0.750276
   83 	 0.022318 	 0.515041 	 0.748349
   84 	 0.014500 	 0.521624 	 0.744268
   85 	 0.013956 	 0.529039 	 0.745058
   86 	 0.022345 	 0.532224 	 0.749424
   87 	 0.014500 	 0.517318 	 0.749729
   88 	 0.018003 	 0.528647 	 0.745043
   89 	 0.019930 	 0.536988 	 0.749424
   90 	 0.012984 	 0.531869 	 0.747461
   91 	 0.013453 	 0.491973 	 0.746386
   92 	 0.018918 	 0.534686 	 0.750276
   93 	 0.025356 	 0.537312 	 0.750012
   94 	 0.013956 	 0.527040 	 0.746951
   95 	 0.012984 	 0.521410 	 0.743376
   96 	 0.016417 	 0.517924 	 0.749729
   97 	 0.048430 	 0.539420 	 0.750276
   98 	 0.021056 	 0.520811 	 0.748349
   99 	 0.015723 	 0.516245 	 0.730840
  100 	 0.013453 	 0.527433 	 0.745759
  101 	 0.027207 	 0.540442 	 0.748737
  102 	 0.012546 	 0.511452 	 0.750012
  103 	 0.019930 	 0.532002 	 0.742354
  104 	 0.009155 	 0.520865 	 0.750522
  105 	 -0.284847 	 0.523968 	 0.746386
  106 	 0.014500 	 0.518792 	 0.752438
  107 	 0.013453 	 0.528552 	 0.966173
  108 	 0.018003 	 0.536464 	 0.749424
  109 	 0.013073 	 0.527522 	 0.744270
  110 	 0.013453 	 0.533422 	 0.747461
  111 	 0.018918 	 0.517708 	 0.750226
  112 	 0.013956 	 0.514832 	 0.750012
  113 	 0.021056 	 0.534804 	 0.746951
  114 	 0.483122 	 0.547885 	 0.749729
  115 	 0.099011 	 0.530207 	 0.745759
  116 	 0.012544 	 0.523059 	 0.554637
  117 	 0.015087 	 0.535099 	 0.704786
  118 	 0.533477 	 0.543991 	 0.750524
  119 	 0.038436 	 0.533700 	 0.749094
  120 	 0.016417 	 0.530143 	 0.539568
  121 	 0.027207 	 0.517199 	 0.736217
  122 	 0.031861 	 0.530974 	 0.748349
  123 	 0.012984 	 0.503783 	 0.742354
  124 	 0.015724 	 0.514441 	 0.739798
  125 	 0.012984 	 0.533350 	 0.750276
  126 	 0.038436 	 0.541448 	 0.748737
  127 	 0.015720 	 0.516327 	 0.750276
  128 	 0.014500 	 0.512585 	 0.736217
  129 	 0.014511 	 0.517071 	 0.748739
  130 	 0.012546 	 0.541962 	 0.749424
  131 	 0.031861 	 0.541607 	 0.749417
  132 	 0.031861 	 0.531830 	 0.750522
  133 	 -0.284847 	 0.514831 	 0.739798
  134 	 0.014500 	 0.527793 	 0.739798
  135 	 0.034841 	 0.542590 	 0.966173
  136 	 0.100897 	 0.537297 	 0.749424
  137 	 0.016417 	 0.518894 	 0.738171
  138 	 0.012984 	 0.520509 	 0.703851
  139 	 0.485902 	 0.545999 	 0.748349
  140 	 0.012984 	 0.525896 	 0.750276
  141 	 0.013956 	 0.510086 	 0.553783
  142 	 0.012984 	 0.527512 	 0.750276
  143 	 0.533720 	 0.549306 	 0.749729
  144 	 0.018918 	 0.536790 	 0.750276
  145 	 0.012547 	 0.515776 	 0.538307
  146 	 -0.284847 	 0.510174 	 0.746951
  147 	 0.013453 	 0.534616 	 0.750522
  148 	 -0.284847 	 0.530284 	 0.966173
  149 	 0.034841 	 0.522153 	 0.750012
 