   0 	 0.001057 	 0.001868 	 0.003282
    1 	 0.001256 	 0.001973 	 0.004516
    2 	 0.001170 	 0.002106 	 0.006594
    3 	 0.001166 	 0.002182 	 0.004516
    4 	 0.001319 	 0.002539 	 0.005961
    5 	 0.001319 	 0.002767 	 0.006480
    6 	 0.001674 	 0.002866 	 0.008189
    7 	 0.001737 	 0.003405 	 0.008189
    8 	 0.001562 	 0.004242 	 0.010496
    9 	 0.002172 	 0.005071 	 0.012631
   10 	 0.002279 	 0.005569 	 0.015210
   11 	 0.003254 	 0.007129 	 0.021295
   12 	 0.003901 	 0.008892 	 0.021294
   13 	 0.004028 	 0.010421 	 0.049711
   14 	 0.004628 	 0.025856 	 0.749025
   15 	 -0.249168 	 0.278366 	 0.755352
   16 	 0.014060 	 0.719290 	 0.755009
   17 	 0.017110 	 0.633939 	 0.933976
   18 	 0.047966 	 0.483090 	 0.749671
   19 	 0.012555 	 0.493110 	 0.747960
   20 	 0.012993 	 0.536230 	 0.731088
   21 	 0.015737 	 0.538908 	 0.750517
   22 	 0.012981 	 0.529099 	 0.750271
   23 	 0.012981 	 0.495029 	 0.748729
   24 	 0.015671 	 0.524011 	 0.750278
   25 	 0.018003 	 0.534328 	 0.750278
   26 	 0.010153 	 0.531409 	 0.748766
   27 	 0.015087 	 0.522587 	 0.747461
   28 	 0.012984 	 0.528982 	 0.751873
   29 	 0.016417 	 0.538572 	 0.749094
   30 	 0.021056 	 0.529780 	 0.750276
   31 	 0.023740 	 0.526307 	 0.748349
   32 	 0.042858 	 0.535941 	 0.745759
   33 	 -0.284845 	 0.494171 	 0.744270
   34 	 0.018003 	 0.526960 	 0.733828
   35 	 0.042858 	 0.539819 	 0.966170
   36 	 0.013450 	 0.523960 	 0.747461
   37 	 0.016417 	 0.527275 	 0.733828
   38 	 0.013956 	 0.497404 	 0.750014
   39 	 0.012984 	 0.523879 	 0.748349
   40 	 0.034841 	 0.549004 	 0.749729
   41 	 -0.284847 	 0.502362 	 0.750276
   42 	 0.018918 	 0.529802 	 0.738171
   43 	 0.016417 	 0.532265 	 0.966173
   44 	 0.021056 	 0.535007 	 0.746951
   45 	 0.012981 	 0.524147 	 0.748349
   46 	 0.013453 	 0.533369 	 0.745759
   47 	 -0.284847 	 0.514775 	 0.750278
   48 	 0.012546 	 0.521910 	 0.750012
   49 	 0.012546 	 0.543191 	 0.966173
   50 	 0.022318 	 0.526101 	 0.750522
   51 	 0.018003 	 0.525413 	 0.750522
   52 	 0.483003 	 0.543941 	 0.745058
   53 	 -0.303184 	 0.521202 	 0.747461
   54 	 0.019930 	 0.530282 	 0.554674
   55 	 0.013956 	 0.534028 	 0.983598
   56 	 0.013956 	 0.522128 	 0.746386
   57 	 0.012984 	 0.502824 	 0.749729
   58 	 0.008935 	 0.511010 	 0.749729
   59 	 0.015724 	 0.522726 	 0.750276
   60 	 0.016417 	 0.539219 	 0.752562
   61 	 -0.284847 	 0.529058 	 0.748737
   62 	 0.018918 	 0.521392 	 0.748349
   63 	 0.017173 	 0.513391 	 0.742352
   64 	 0.018912 	 0.532957 	 0.746951
   65 	 -0.284847 	 0.518794 	 0.747925
   66 	 0.012984 	 0.517713 	 0.746954
   67 	 0.022318 	 0.531198 	 0.966173
   68 	 0.019926 	 0.525989 	 0.750276
   69 	 0.012984 	 0.527846 	 0.745058
   70 	 0.023740 	 0.531546 	 0.746388
   71 	 0.015724 	 0.529632 	 0.750276
   72 	 0.019930 	 0.522260 	 0.744270
   73 	 0.042858 	 0.536089 	 0.748737
   74 	 0.048427 	 0.533082 	 0.746386
   75 	 0.015724 	 0.515082 	 0.733828
   76 	 0.014500 	 0.534589 	 0.730841
   77 	 0.018003 	 0.541035 	 0.748737
   78 	 0.018021 	 0.533426 	 0.749424
   79 	 -0.284847 	 0.508734 	 0.747461
   80 	 -0.284847 	 0.523610 	 0.747451
   81 	 0.015087 	 0.538339 	 0.966173
   82 	 0.012984 	 0.526220 	 0.966173
   83 	 0.013956 	 0.527130 	 0.749094
   84 	 0.042858 	 0.532548 	 0.750276
   85 	 0.025356 	 0.536653 	 0.749729
   86 	 0.012984 	 0.517866 	 0.733828
   87 	 0.015673 	 0.521203 	 0.743376
   88 	 0.013453 	 0.526959 	 0.750276
   89 	 0.484676 	 0.545267 	 0.748766
   90 	 0.013956 	 0.524217 	 0.750012
   91 	 0.022318 	 0.518156 	 0.554159
   92 	 0.023740 	 0.538277 	 0.749729
   93 	 0.013453 	 0.532948 	 0.745058
   94 	 0.012984 	 0.532573 	 0.744270
   95 	 0.015087 	 0.522015 	 0.750012
   96 	 0.042828 	 0.530561 	 0.750276
   97 	 0.017173 	 0.526154 	 0.749094
   98 	 -0.284847 	 0.524606 	 0.733844
   99 	 0.015724 	 0.518805 	 0.747925
  100 	 0.013918 	 0.520177 	 0.966172
  101 	 0.013956 	 0.533809 	 0.748737
  102 	 0.013453 	 0.527887 	 0.749750
  103 	 0.017173 	 0.528926 	 0.749729
  104 	 0.015192 	 0.516418 	 0.750012
  105 	 0.100897 	 0.537058 	 0.747925
  106 	 0.012546 	 0.527741 	 0.749035
  107 	 -0.284488 	 0.511170 	 0.703851
  108 	 0.017173 	 0.525126 	 0.750522
  109 	 0.021056 	 0.522552 	 0.965837
  110 	 0.018003 	 0.531461 	 0.747925
  111 	 0.012546 	 0.539280 	 0.745759
  112 	 0.012984 	 0.503323 	 0.747461
  113 	 0.012984 	 0.507134 	 0.750522
  114 	 0.012546 	 0.524494 	 0.750276
  115 	 -0.251042 	 0.519613 	 0.750276
  116 	 0.018918 	 0.538877 	 0.750522
  117 	 0.018003 	 0.535302 	 0.935613
  118 	 0.483003 	 0.539053 	 0.746951
  119 	 0.013453 	 0.523241 	 0.747461
  120 	 -0.284848 	 0.510734 	 0.554674
  121 	 0.014500 	 0.519147 	 0.750012
  122 	 0.014500 	 0.538772 	 0.966173
  123 	 0.017173 	 0.533856 	 0.749424
  124 	 0.015724 	 0.514565 	 0.749424
  125 	 0.018003 	 0.509549 	 0.747925
  126 	 0.483259 	 0.548051 	 0.748737
  127 	 0.017174 	 0.531782 	 0.747461
  128 	 0.015724 	 0.516120 	 0.554595
  129 	 0.014500 	 0.535800 	 0.747925
  130 	 0.015087 	 0.525039 	 0.748349
  131 	 0.034841 	 0.527449 	 0.749424
  132 	 0.048430 	 0.532114 	 0.749094
  133 	 0.483259 	 0.542718 	 0.738171
  134 	 0.220147 	 0.537462 	 0.730840
  135 	 0.016417 	 0.520172 	 0.554595
  136 	 0.013453 	 0.532235 	 0.649348
  137 	 0.017173 	 0.526931 	 0.748349
  138 	 0.013453 	 0.522163 	 0.750012
  139 	 0.019849 	 0.531293 	 0.747925
  140 	 0.483122 	 0.544881 	 0.750012
  141 	 0.015724 	 0.523581 	 0.746431
  142 	 0.012984 	 0.518027 	 0.554637
  143 	 0.012984 	 0.513200 	 0.748737
  144 	 0.012546 	 0.521207 	 0.750276
  145 	 0.483420 	 0.549161 	 0.750276
  146 	 0.483060 	 0.545959 	 0.750522
  147 	 0.016417 	 0.510248 	 0.554545
  148 	 0.015087 	 0.516997 	 0.554656
  149 	 0.220147 	 0.545057 	 0.748349
 