   0 	 -0.200000 	 -0.034851 	 -0.016393
    1 	 -0.200000 	 -0.013021 	 -0.002646
    2 	 -0.200000 	 -0.014484 	 -0.002865
    3 	 -0.200000 	 -0.014018 	 -0.002915
    4 	 -0.200000 	 -0.013188 	 -0.002801
    5 	 -0.200000 	 -0.013222 	 -0.002506
    6 	 -0.125000 	 -0.010656 	 -0.002457
    7 	 -0.125000 	 -0.008586 	 -0.001799
    8 	 -0.125000 	 -0.008770 	 -0.001880
    9 	 -0.125000 	 -0.008626 	 -0.001773
   10 	 -0.125000 	 -0.008912 	 -0.001789
   11 	 -0.125000 	 -0.008334 	 -0.001695
   12 	 -0.125000 	 -0.007823 	 -0.001639
   13 	 -0.125000 	 -0.008453 	 -0.001832
   14 	 -0.125000 	 -0.009631 	 -0.001855
   15 	 -0.125000 	 -0.008643 	 -0.001855
   16 	 -0.142857 	 -0.009104 	 -0.001812
   17 	 -0.125000 	 -0.009370 	 -0.002128
   18 	 -0.125000 	 -0.008722 	 -0.001957
   19 	 -0.100000 	 -0.008171 	 -0.001821
   20 	 -0.100000 	 -0.007380 	 -0.001511
   21 	 -0.100000 	 -0.006880 	 -0.001431
   22 	 -0.100000 	 -0.007308 	 -0.001522
   23 	 -0.100000 	 -0.007096 	 -0.001475
   24 	 -0.100000 	 -0.006938 	 -0.001451
   25 	 -0.100000 	 -0.006809 	 -0.001416
   26 	 -0.166667 	 -0.008352 	 -0.001431
   27 	 -0.200000 	 -0.008291 	 -0.001773
   28 	 -0.142857 	 -0.010916 	 -0.002410
   29 	 -0.142857 	 -0.010238 	 -0.002137
   30 	 -0.333333 	 -0.013268 	 -0.002092
   31 	 -0.142857 	 -0.014234 	 -0.003390
   32 	 -0.142857 	 -0.010225 	 -0.002169
   33 	 -0.142857 	 -0.010481 	 -0.002088
   34 	 -0.250000 	 -0.012589 	 -0.002203
   35 	 -0.250000 	 -0.014730 	 -0.003049
   36 	 -0.333333 	 -0.017380 	 -0.003040
   37 	 -0.333333 	 -0.021688 	 -0.003546
   38 	 -0.333333 	 -0.024301 	 -0.005155
   39 	 -0.333333 	 -0.023968 	 -0.005000
   40 	 -0.333333 	 -0.023412 	 -0.004950
   41 	 -0.333333 	 -0.020417 	 -0.004149
   42 	 -0.333333 	 -0.024497 	 -0.005236
   43 	 -0.333333 	 -0.031199 	 -0.005291
   44 	 -0.333333 	 0.117787 	 10.000000
   45 	 -1.000000 	 3.620238 	 10.000000
   46 	 -0.333333 	 0.114460 	 1.000000
   47 	 -1.000000 	 2.143946 	 10.000000
   48 	 -0.333333 	 0.936570 	 10.000000
   49 	 -0.250000 	 -0.049019 	 -0.020408
   50 	 -0.250000 	 0.122122 	 10.000000
   51 	 -1.000000 	 0.644048 	 10.000000
   52 	 -0.166667 	 1.097632 	 10.000000
   53 	 -1.000000 	 0.380023 	 10.000000
   54 	 -0.500000 	 0.616771 	 10.000000
   55 	 -1.000000 	 -0.128841 	 -0.045455
   56 	 -1.000000 	 -0.106438 	 -0.016393
   57 	 -1.000000 	 -0.069370 	 -0.014706
   58 	 -1.000000 	 -0.074687 	 -0.014286
   59 	 -0.333333 	 0.086247 	 10.000000
   60 	 -1.000000 	 0.990612 	 10.000000
   61 	 -1.000000 	 1.469819 	 10.000000
   62 	 -1.000000 	 0.204603 	 10.000000
   63 	 -1.000000 	 0.415159 	 1.000000
   64 	 -1.000000 	 0.332778 	 10.000000
   65 	 -1.000000 	 0.163178 	 10.000000
   66 	 -1.000000 	 1.734048 	 10.000000
   67 	 -1.000000 	 1.304365 	 10.000000
   68 	 -1.000000 	 1.149713 	 10.000000
   69 	 -1.000000 	 0.285928 	 10.000000
   70 	 -0.500000 	 0.324284 	 10.000000
   71 	 -1.000000 	 0.249286 	 10.000000
   72 	 -1.000000 	 0.519529 	 10.000000
   73 	 -1.000000 	 2.182760 	 10.000000
   74 	 -0.333333 	 -0.089955 	 -0.024390
   75 	 -0.200000 	 -0.014270 	 -0.002941
   76 	 -0.200000 	 -0.013928 	 -0.003040
   77 	 -0.200000 	 -0.013864 	 -0.002915
   78 	 -0.200000 	 -0.014163 	 -0.002882
   79 	 -1.000000 	 -0.028556 	 -0.003077
   80 	 -0.200000 	 -0.018886 	 -0.005076
   81 	 -0.200000 	 -0.013876 	 -0.003058
   82 	 -0.200000 	 -0.013760 	 -0.002577
   83 	 -0.111111 	 -0.012149 	 -0.002717
   84 	 -0.111111 	 -0.008698 	 -0.001789
   85 	 -0.166667 	 -0.009263 	 -0.001838
   86 	 -0.500000 	 -0.017087 	 -0.002257
   87 	 -0.500000 	 -0.021334 	 -0.004132
   88 	 -0.500000 	 0.106930 	 10.000000
   89 	 -0.500000 	 0.334142 	 10.000000
   90 	 -0.333333 	 2.474303 	 10.000000
   91 	 -1.000000 	 -0.112970 	 -0.034483
   92 	 -0.250000 	 -0.032599 	 -0.007812
   93 	 -0.250000 	 -0.018097 	 -0.004032
   94 	 -0.250000 	 -0.018524 	 -0.003717
   95 	 -0.250000 	 -0.018111 	 -0.004132
   96 	 -0.250000 	 -0.016730 	 -0.003448
   97 	 -0.333333 	 -0.019099 	 -0.003534
   98 	 -0.166667 	 -0.016378 	 -0.003484
   99 	 -0.166667 	 -0.011499 	 -0.002427
  100 	 -0.166667 	 -0.011613 	 -0.002439
  101 	 -0.166667 	 -0.012509 	 -0.002375
  102 	 -0.166667 	 -0.011586 	 -0.002410
  103 	 -0.166667 	 -0.011971 	 -0.002481
  104 	 -0.166667 	 -0.011139 	 -0.002494
  105 	 -0.166667 	 -0.011551 	 -0.002381
  106 	 -0.250000 	 -0.013271 	 -0.002415
  107 	 -0.250000 	 -0.015596 	 -0.003021
  108 	 -0.250000 	 -0.014550 	 -0.002933
  109 	 -0.250000 	 -0.016382 	 -0.003311
  110 	 -0.250000 	 -0.017769 	 -0.003610
  111 	 -0.250000 	 -0.017063 	 -0.003534
  112 	 -0.250000 	 -0.018933 	 -0.004484
  113 	 -0.250000 	 -0.016608 	 -0.003497
  114 	 -0.250000 	 -0.017235 	 -0.003356
  115 	 -0.250000 	 -0.018756 	 -0.003584
  116 	 -0.250000 	 -0.016900 	 -0.003425
  117 	 -0.125000 	 -0.013776 	 -0.003534
  118 	 -0.125000 	 -0.009029 	 -0.001890
  119 	 -0.125000 	 -0.008939 	 -0.001876
  120 	 -0.125000 	 -0.008957 	 -0.001805
  121 	 -0.125000 	 -0.008535 	 -0.001754
  122 	 -0.125000 	 -0.008828 	 -0.001855
  123 	 -0.125000 	 -0.008676 	 -0.001828
  124 	 -0.125000 	 -0.008612 	 -0.001818
  125 	 -0.125000 	 -0.008659 	 -0.001818
  126 	 -0.125000 	 -0.008447 	 -0.001792
  127 	 -0.125000 	 -0.008716 	 -0.001845
  128 	 -0.111111 	 -0.008527 	 -0.001873
  129 	 -0.111111 	 -0.007826 	 -0.001664
  130 	 -0.111111 	 -0.007613 	 -0.001600
  131 	 -0.166667 	 -0.008979 	 -0.001626
  132 	 -0.166667 	 -0.010903 	 -0.002096
  133 	 -0.111111 	 -0.009662 	 -0.002193
  134 	 -0.111111 	 -0.008131 	 -0.001675
  135 	 -0.111111 	 -0.007848 	 -0.001610
  136 	 -0.111111 	 -0.007695 	 -0.001621
  137 	 -0.111111 	 -0.007602 	 -0.001610
  138 	 -0.111111 	 -0.007781 	 -0.001639
  139 	 -0.100000 	 -0.007671 	 -0.001610
  140 	 -0.100000 	 -0.007023 	 -0.001490
  141 	 -0.100000 	 -0.006925 	 -0.001437
  142 	 -0.111111 	 -0.007358 	 -0.001460
  143 	 -0.111111 	 -0.007645 	 -0.001550
  144 	 -0.111111 	 -0.007708 	 -0.001629
  145 	 -0.111111 	 -0.007565 	 -0.001656
  146 	 -0.111111 	 -0.007943 	 -0.001642
  147 	 -0.111111 	 -0.007798 	 -0.001669
  148 	 -0.111111 	 -0.007712 	 -0.001582
  149 	 -0.111111 	 -0.007769 	 -0.001567
  150 	 -0.111111 	 -0.007749 	 -0.001634
  151 	 -0.111111 	 -0.007881 	 -0.001608
  152 	 -0.142857 	 -0.008296 	 -0.001580
  153 	 -0.142857 	 -0.009981 	 -0.001980
  154 	 -0.100000 	 -0.008708 	 -0.002092
  155 	 -0.100000 	 -0.007040 	 -0.001490
  156 	 -0.100000 	 -0.006954 	 -0.001495
  157 	 -0.100000 	 -0.006988 	 -0.001473
  158 	 -0.100000 	 -0.006934 	 -0.001460
  159 	 -0.100000 	 -0.006918 	 -0.001595
  160 	 -0.083333 	 -0.006572 	 -0.001502
  161 	 -0.083333 	 -0.006144 	 -0.001225
  162 	 -0.083333 	 -0.005798 	 -0.001198
  163 	 -0.083333 	 -0.005981 	 -0.001252
  164 	 -0.083333 	 -0.005704 	 -0.001211
  165 	 -0.083333 	 -0.006226 	 -0.001252
  166 	 -0.083333 	 -0.005815 	 -0.001217
  167 	 -0.083333 	 -0.005826 	 -0.001217
  168 	 -0.083333 	 -0.005847 	 -0.001199
  169 	 -0.083333 	 -0.005923 	 -0.001198
  170 	 -0.083333 	 -0.006137 	 -0.001230
  171 	 -0.083333 	 -0.005750 	 -0.001229
  172 	 -0.083333 	 -0.005740 	 -0.001208
  173 	 -0.083333 	 -0.005845 	 -0.001225
  174 	 -0.111111 	 -0.006374 	 -0.001208
  175 	 -0.111111 	 -0.007245 	 -0.001488
  176 	 -0.111111 	 -0.008264 	 -0.001613
  177 	 -0.111111 	 -0.007763 	 -0.001603
  178 	 -0.111111 	 -0.007862 	 -0.001597
  179 	 -0.111111 	 -0.007811 	 -0.001621
  180 	 -0.111111 	 -0.007757 	 -0.001618
  181 	 -0.200000 	 -0.009837 	 -0.001637
  182 	 -0.200000 	 -0.013499 	 -0.002433
  183 	 -0.200000 	 -0.014171 	 -0.002976
  184 	 -0.200000 	 -0.014685 	 -0.002959
  185 	 -0.200000 	 -0.013218 	 -0.002591
  186 	 -0.200000 	 -0.013664 	 -0.002747
  187 	 -0.500000 	 -0.020298 	 -0.002950
  188 	 -0.200000 	 -0.019054 	 -0.004405
  189 	 -0.500000 	 -0.023049 	 -0.003279
  190 	 -0.500000 	 -0.033725 	 -0.006944
  191 	 -0.500000 	 -0.031814 	 -0.006993
  192 	 -1.000000 	 -0.049259 	 -0.007299
  193 	 -0.500000 	 -0.046662 	 -0.010309
  194 	 -0.500000 	 -0.035135 	 -0.006897
  195 	 -0.500000 	 -0.033514 	 -0.006897
  196 	 -0.500000 	 -0.034530 	 -0.007092
  197 	 -0.500000 	 -0.027810 	 -0.005435
  198 	 -0.500000 	 -0.029422 	 -0.005650
  199 	 -0.500000 	 -0.035502 	 -0.008197
  200 	 -0.500000 	 -0.032668 	 -0.006410
  201 	 -0.500000 	 -0.038008 	 -0.007692
  202 	 -0.500000 	 -0.034236 	 -0.008403
  203 	 -0.500000 	 -0.034959 	 -0.007299
  204 	 -0.500000 	 -0.038788 	 -0.008000
  205 	 -0.500000 	 -0.036167 	 -0.007576
  206 	 -0.500000 	 -0.035782 	 -0.007576
  207 	 -0.500000 	 -0.032547 	 -0.006536
  208 	 -0.250000 	 -0.026924 	 -0.007246
  209 	 -0.333333 	 -0.026530 	 -0.004000
  210 	 -0.166667 	 -0.016958 	 -0.004608
  211 	 -0.166667 	 -0.013912 	 -0.002577
  212 	 -0.166667 	 -0.012246 	 -0.002558
  213 	 -0.166667 	 -0.011588 	 -0.002439
  214 	 -0.166667 	 -0.012257 	 -0.002481
  215 	 -0.166667 	 -0.011536 	 -0.002404
  216 	 -0.166667 	 -0.011415 	 -0.002506
  217 	 -0.166667 	 -0.012011 	 -0.002469
  218 	 -0.166667 	 -0.011681 	 -0.002439
  219 	 -0.166667 	 -0.012095 	 -0.002488
  220 	 -0.166667 	 -0.011458 	 -0.002398
  221 	 -0.166667 	 -0.013647 	 -0.002532
  222 	 -0.166667 	 -0.012083 	 -0.002469
  223 	 -0.166667 	 -0.011883 	 -0.002506
  224 	 -0.166667 	 -0.012099 	 -0.002481
  225 	 -0.166667 	 -0.012209 	 -0.002421
  226 	 -0.125000 	 -0.010898 	 -0.002488
  227 	 -0.125000 	 -0.008866 	 -0.001916
  228 	 -0.200000 	 -0.010603 	 -0.001869
  229 	 -0.200000 	 -0.013513 	 -0.002304
  230 	 -0.200000 	 -0.014173 	 -0.002604
  231 	 -0.125000 	 -0.011638 	 -0.002747
  232 	 -0.125000 	 -0.008711 	 -0.001855
  233 	 -0.125000 	 -0.008940 	 -0.001901
  234 	 -0.125000 	 -0.008717 	 -0.001808
  235 	 -0.111111 	 -0.008667 	 -0.001927
  236 	 -0.111111 	 -0.008112 	 -0.001764
  237 	 -0.111111 	 -0.008296 	 -0.001605
  238 	 -0.125000 	 -0.008148 	 -0.001661
  239 	 -0.125000 	 -0.008594 	 -0.001783
  240 	 -0.142857 	 -0.009183 	 -0.001842
  241 	 -0.500000 	 -0.016000 	 -0.002079
  242 	 -0.200000 	 -0.015789 	 -0.003279
  243 	 -1.000000 	 -0.028753 	 -0.003086
  244 	 -0.142857 	 -0.019801 	 -0.004425
  245 	 -0.500000 	 -0.015993 	 -0.002169
  246 	 -0.142857 	 -0.015058 	 -0.003610
  247 	 -0.142857 	 -0.010380 	 -0.002353
  248 	 -0.125000 	 -0.009952 	 -0.002364
  249 	 -0.125000 	 -0.008853 	 -0.001869
  250 	 -0.125000 	 -0.009203 	 -0.001832
  251 	 -0.166667 	 -0.009507 	 -0.001783
  252 	 -0.142857 	 -0.011485 	 -0.002101
  253 	 -0.142857 	 -0.010159 	 -0.002119
  254 	 -0.142857 	 -0.010060 	 -0.002066
  255 	 -0.333333 	 -0.013489 	 -0.002041
  256 	 -0.333333 	 -0.019321 	 -0.003356
  257 	 -0.142857 	 -0.015933 	 -0.003817
  258 	 -0.142857 	 -0.009741 	 -0.002037
  259 	 -0.142857 	 -0.009935 	 -0.002075
  260 	 -0.142857 	 -0.009647 	 -0.002066
  261 	 -0.142857 	 -0.009777 	 -0.002033
  262 	 -0.142857 	 -0.010937 	 -0.002146
  263 	 -0.142857 	 -0.009365 	 -0.001898
  264 	 -0.142857 	 -0.010743 	 -0.002564
  265 	 -0.142857 	 -0.012038 	 -0.002457
  266 	 -0.142857 	 -0.010304 	 -0.002232
  267 	 -0.142857 	 -0.010291 	 -0.002179
  268 	 -0.142857 	 -0.010442 	 -0.002070
  269 	 -0.142857 	 -0.010793 	 -0.002096
  270 	 -0.200000 	 -0.011010 	 -0.002037
  271 	 -0.200000 	 -0.013088 	 -0.002667
  272 	 -0.200000 	 -0.015029 	 -0.002890
  273 	 -0.200000 	 -0.015792 	 -0.003460
  274 	 -1.000000 	 -0.027694 	 -0.002941
  275 	 -0.142857 	 -0.012756 	 -0.003106
  276 	 -1.000000 	 -0.024513 	 -0.002326
  277 	 -0.250000 	 -0.022551 	 -0.003086
  278 	 -0.250000 	 -0.017115 	 -0.003067
  279 	 -0.250000 	 -0.020003 	 -0.003745
  280 	 -0.076923 	 -0.011803 	 -0.003610
  281 	 -0.076923 	 -0.005859 	 -0.001242
  282 	 -0.111111 	 -0.006125 	 -0.001126
  283 	 -0.111111 	 -0.007353 	 -0.001524
  284 	 -0.111111 	 -0.007083 	 -0.001404
  285 	 -0.111111 	 -0.007695 	 -0.001597
  286 	 -0.111111 	 -0.007747 	 -0.001626
  287 	 -0.111111 	 -0.007671 	 -0.001637
  288 	 -0.111111 	 -0.007660 	 -0.001590
  289 	 -0.111111 	 -0.007644 	 -0.001626
  290 	 -0.111111 	 -0.007695 	 -0.001626
  291 	 -0.111111 	 -0.007653 	 -0.001623
  292 	 -0.111111 	 -0.007660 	 -0.001616
  293 	 -0.111111 	 -0.007680 	 -0.001664
  294 	 -0.111111 	 -0.008281 	 -0.001621
  295 	 -0.111111 	 -0.007868 	 -0.001631
  296 	 -0.111111 	 -0.007654 	 -0.001565
  297 	 -0.111111 	 -0.008506 	 -0.001634
  298 	 -0.111111 	 -0.007781 	 -0.001631
  299 	 -0.111111 	 -0.007606 	 -0.001603
  300 	 -0.111111 	 -0.007619 	 -0.001577
  301 	 -0.111111 	 -0.007771 	 -0.001664
  302 	 -0.111111 	 -0.007867 	 -0.001613
  303 	 -0.111111 	 -0.008529 	 -0.001658
  304 	 -0.111111 	 -0.007691 	 -0.001626
  305 	 -0.166667 	 -0.009828 	 -0.001916
  306 	 -0.166667 	 -0.010989 	 -0.002288
  307 	 -0.166667 	 -0.009975 	 -0.002110
  308 	 -0.166667 	 -0.011483 	 -0.002387
  309 	 -0.166667 	 -0.011508 	 -0.002358
  310 	 -0.166667 	 -0.011564 	 -0.002331
  311 	 -0.166667 	 -0.011848 	 -0.002421
  312 	 -0.166667 	 -0.011148 	 -0.002304
  313 	 -0.166667 	 -0.012540 	 -0.002941
  314 	 -0.166667 	 -0.014149 	 -0.002639
  315 	 -0.166667 	 -0.011786 	 -0.002439
  316 	 -0.142857 	 -0.011094 	 -0.002410
  317 	 -0.142857 	 -0.010417 	 -0.002179
  318 	 -0.142857 	 -0.009928 	 -0.002083
  319 	 -0.142857 	 -0.009835 	 -0.002092
  320 	 -0.142857 	 -0.009849 	 -0.002062
  321 	 -0.142857 	 -0.010124 	 -0.002066
  322 	 -0.142857 	 -0.009956 	 -0.002141
  323 	 -0.200000 	 -0.011047 	 -0.002101
  324 	 -0.142857 	 -0.011544 	 -0.002545
  325 	 -0.142857 	 -0.010014 	 -0.002141
  326 	 -0.166667 	 -0.010699 	 -0.002141
  327 	 -0.200000 	 -0.012613 	 -0.002494
  328 	 -0.166667 	 -0.012236 	 -0.002667
  329 	 -0.166667 	 -0.011764 	 -0.002433
  330 	 -0.166667 	 -0.012517 	 -0.002538
  331 	 -0.166667 	 -0.012215 	 -0.002674
  332 	 -0.166667 	 -0.011431 	 -0.002415
  333 	 -0.166667 	 -0.012339 	 -0.002488
  334 	 -0.166667 	 -0.010998 	 -0.002331
  335 	 -0.200000 	 -0.012493 	 -0.002398
  336 	 -0.200000 	 -0.013580 	 -0.002801
  337 	 -0.200000 	 -0.013772 	 -0.002786
  338 	 -0.200000 	 -0.014373 	 -0.002915
  339 	 -0.200000 	 -0.015726 	 -0.003058
  340 	 -0.200000 	 -0.013648 	 -0.002857
  341 	 -0.200000 	 -0.014251 	 -0.002882
  342 	 -0.200000 	 -0.013911 	 -0.002899
  343 	 -0.200000 	 -0.013549 	 -0.002933
  344 	 -0.200000 	 -0.013208 	 -0.002786
  345 	 -0.200000 	 -0.013792 	 -0.002786
  346 	 -0.200000 	 -0.013473 	 -0.002740
  347 	 -0.200000 	 -0.014160 	 -0.002985
  348 	 -0.200000 	 -0.013889 	 -0.002801
  349 	 -0.200000 	 -0.015502 	 -0.002976
  350 	 -0.200000 	 -0.014105 	 -0.002985
  351 	 -0.166667 	 -0.012774 	 -0.002833
  352 	 -0.333333 	 -0.015319 	 -0.002463
  353 	 -0.166667 	 -0.016655 	 -0.003436
  354 	 -0.200000 	 -0.012278 	 -0.002445
  355 	 -0.200000 	 -0.014175 	 -0.002865
  356 	 -0.200000 	 -0.013303 	 -0.002833
  357 	 -0.200000 	 -0.014001 	 -0.002907
  358 	 -0.111111 	 -0.011428 	 -0.002924
  359 	 -0.111111 	 -0.008211 	 -0.001712
  360 	 -0.111111 	 -0.007941 	 -0.001642
  361 	 -0.125000 	 -0.008406 	 -0.001664
  362 	 -0.111111 	 -0.008515 	 -0.001764
  363 	 -0.111111 	 -0.007955 	 -0.001631
  364 	 -0.111111 	 -0.007754 	 -0.001706
  365 	 -0.111111 	 -0.007535 	 -0.001597
  366 	 -0.111111 	 -0.007925 	 -0.001675
  367 	 -0.125000 	 -0.007997 	 -0.001592
  368 	 -0.125000 	 -0.008564 	 -0.001779
  369 	 -0.142857 	 -0.009341 	 -0.001848
  370 	 -0.125000 	 -0.009051 	 -0.001984
  371 	 -0.125000 	 -0.009620 	 -0.001812
  372 	 -0.125000 	 -0.008719 	 -0.001848
  373 	 -0.125000 	 -0.008997 	 -0.001887
  374 	 -0.142857 	 -0.009054 	 -0.001825
  375 	 -0.142857 	 -0.010294 	 -0.002096
  376 	 -0.142857 	 -0.010044 	 -0.002041
  377 	 -0.142857 	 -0.010731 	 -0.002079
  378 	 -0.142857 	 -0.009798 	 -0.002070
  379 	 -0.142857 	 -0.010067 	 -0.002062
  380 	 -0.142857 	 -0.009814 	 -0.002028
  381 	 -0.142857 	 -0.009944 	 -0.002123
  382 	 -0.142857 	 -0.010908 	 -0.002415
  383 	 -0.142857 	 -0.010078 	 -0.002083
  384 	 -0.142857 	 -0.009704 	 -0.002101
  385 	 -0.142857 	 -0.009739 	 -0.002004
  386 	 -0.142857 	 -0.011609 	 -0.002353
  387 	 -0.142857 	 -0.010690 	 -0.002632
  388 	 -0.142857 	 -0.010426 	 -0.002096
  389 	 -0.142857 	 -0.009786 	 -0.002033
  390 	 -0.142857 	 -0.009910 	 -0.002096
  391 	 -0.250000 	 -0.011811 	 -0.002000
  392 	 -0.142857 	 -0.012803 	 -0.002950
  393 	 -0.142857 	 -0.010054 	 -0.002137
  394 	 -0.142857 	 -0.010170 	 -0.002110
  395 	 -0.142857 	 -0.009911 	 -0.002101
  396 	 -0.142857 	 -0.009936 	 -0.002110
  397 	 -0.142857 	 -0.010477 	 -0.002105
  398 	 -0.142857 	 -0.009930 	 -0.002041
  399 	 -0.142857 	 -0.009585 	 -0.002053
 