   0 	 -0.250000 	 -0.033990 	 -0.015385
    1 	 -0.111111 	 -0.008351 	 -0.001742
    2 	 -0.111111 	 -0.007265 	 -0.001548
    3 	 -0.111111 	 -0.007686 	 -0.001618
    4 	 -0.200000 	 -0.009666 	 -0.001613
    5 	 -0.111111 	 -0.010414 	 -0.002364
    6 	 -0.125000 	 -0.008168 	 -0.001754
    7 	 -0.125000 	 -0.008773 	 -0.002008
    8 	 -0.125000 	 -0.009054 	 -0.001976
    9 	 -0.125000 	 -0.008984 	 -0.001866
   10 	 -0.125000 	 -0.008489 	 -0.001736
   11 	 -0.125000 	 -0.009201 	 -0.001812
   12 	 -0.125000 	 -0.008790 	 -0.001852
   13 	 -0.125000 	 -0.008718 	 -0.001835
   14 	 -0.142857 	 -0.009093 	 -0.001842
   15 	 -0.142857 	 -0.009946 	 -0.002045
   16 	 -0.125000 	 -0.009232 	 -0.001972
   17 	 -0.142857 	 -0.009094 	 -0.001802
   18 	 -0.142857 	 -0.010073 	 -0.001984
   19 	 -0.142857 	 -0.009596 	 -0.001980
   20 	 -0.142857 	 -0.009883 	 -0.002058
   21 	 -0.142857 	 -0.010007 	 -0.002119
   22 	 -0.142857 	 -0.010219 	 -0.002016
   23 	 -0.142857 	 -0.010228 	 -0.002075
   24 	 -0.142857 	 -0.009648 	 -0.001779
   25 	 -0.142857 	 -0.009853 	 -0.002016
   26 	 -0.200000 	 -0.012127 	 -0.002169
   27 	 -0.200000 	 -0.013419 	 -0.002732
   28 	 -0.200000 	 -0.014868 	 -0.002865
   29 	 -0.333333 	 -0.016547 	 -0.002941
   30 	 -0.333333 	 -0.022562 	 -0.003906
   31 	 -0.333333 	 -0.024762 	 -0.004878
   32 	 -0.333333 	 -0.022948 	 -0.004785
   33 	 -0.250000 	 -0.021899 	 -0.004808
   34 	 -0.250000 	 -0.017432 	 -0.003650
   35 	 -0.250000 	 -0.017452 	 -0.003597
   36 	 -0.250000 	 -0.016247 	 -0.003759
   37 	 -0.250000 	 -0.018072 	 -0.003831
   38 	 -1.000000 	 -0.031320 	 -0.004237
   39 	 -1.000000 	 0.053306 	 10.000000
   40 	 0.004739 	 0.022556 	 0.333333
   41 	 0.005102 	 0.025253 	 0.333333
   42 	 -1.000000 	 0.006545 	 0.166667
   43 	 0.005556 	 0.029908 	 0.333333
   44 	 0.006757 	 0.036096 	 1.000000
   45 	 0.008130 	 0.036763 	 0.500000
   46 	 0.007143 	 0.032848 	 1.000000
   47 	 0.006211 	 0.048207 	 1.000000
   48 	 0.010000 	 0.059151 	 1.000000
   49 	 0.009259 	 0.053059 	 1.000000
   50 	 0.010638 	 0.048750 	 1.000000
   51 	 -1.000000 	 0.141375 	 10.000000
   52 	 0.012658 	 0.079928 	 1.000000
   53 	 0.014286 	 0.064641 	 1.000000
   54 	 0.013158 	 0.223914 	 10.000000
   55 	 -1.000000 	 0.464654 	 10.000000
   56 	 -1.000000 	 0.723618 	 10.000000
   57 	 -1.000000 	 0.236042 	 10.000000
   58 	 -1.000000 	 0.980516 	 10.000000
   59 	 -1.000000 	 1.210431 	 10.000000
   60 	 -1.000000 	 0.316648 	 10.000000
   61 	 -1.000000 	 0.499330 	 10.000000
   62 	 -1.000000 	 -0.017379 	 10.000000
   63 	 -1.000000 	 1.697143 	 10.000000
   64 	 -1.000000 	 1.440249 	 10.000000
   65 	 -0.500000 	 0.009065 	 10.000000
   66 	 -1.000000 	 0.033953 	 1.000000
   67 	 0.007519 	 0.035993 	 0.500000
   68 	 0.007812 	 0.034870 	 0.500000
   69 	 0.007299 	 0.038725 	 0.500000
   70 	 -0.500000 	 0.170399 	 10.000000
   71 	 0.007937 	 0.031573 	 0.333333
   72 	 0.006757 	 0.033827 	 0.500000
   73 	 0.009434 	 0.031996 	 0.200000
   74 	 0.007937 	 0.042833 	 0.500000
   75 	 0.009804 	 0.035722 	 0.250000
   76 	 0.012048 	 0.055369 	 1.000000
   77 	 -1.000000 	 0.048396 	 1.000000
   78 	 0.018182 	 0.078503 	 0.500000
   79 	 -0.500000 	 0.534319 	 10.000000
   80 	 0.016667 	 0.076431 	 0.500000
   81 	 0.013889 	 0.060269 	 1.000000
   82 	 -1.000000 	 0.164539 	 10.000000
   83 	 0.006410 	 0.018894 	 0.166667
   84 	 0.004525 	 0.020552 	 0.333333
   85 	 0.004608 	 0.020166 	 0.333333
   86 	 0.004202 	 0.035651 	 1.000000
   87 	 0.007812 	 0.039982 	 1.000000
   88 	 -1.000000 	 0.032451 	 1.000000
   89 	 0.012987 	 0.078147 	 1.000000
   90 	 0.020833 	 0.071011 	 1.000000
   91 	 -1.000000 	 0.906317 	 10.000000
   92 	 0.023810 	 0.348388 	 10.000000
   93 	 0.043478 	 0.546453 	 10.000000
   94 	 -0.500000 	 0.167304 	 1.000000
   95 	 -1.000000 	 0.076828 	 10.000000
   96 	 0.006536 	 0.022991 	 0.250000
   97 	 0.005525 	 0.029704 	 0.500000
   98 	 0.007407 	 0.029124 	 0.250000
   99 	 0.008929 	 0.030223 	 0.250000
  100 	 -0.333333 	 0.026414 	 1.000000
  101 	 0.004673 	 0.018713 	 0.200000
  102 	 0.003968 	 0.018899 	 0.200000
  103 	 -1.000000 	 0.024847 	 1.000000
  104 	 0.004329 	 0.023310 	 0.333333
  105 	 0.005464 	 0.017504 	 0.111111
  106 	 0.004367 	 0.019602 	 0.200000
  107 	 0.004902 	 0.024205 	 0.333333
  108 	 0.005405 	 0.022620 	 0.200000
  109 	 0.005495 	 0.025121 	 0.250000
  110 	 0.006289 	 0.026521 	 0.250000
  111 	 0.009901 	 0.025289 	 0.166667
  112 	 -1.000000 	 0.002293 	 1.000000
  113 	 0.017857 	 0.059609 	 1.000000
  114 	 -1.000000 	 1.063250 	 10.000000
  115 	 -1.000000 	 1.295845 	 10.000000
  116 	 -1.000000 	 0.045665 	 1.000000
  117 	 0.021739 	 0.083992 	 1.000000
  118 	 -1.000000 	 0.310322 	 10.000000
  119 	 -1.000000 	 0.028918 	 1.000000
  120 	 0.014085 	 0.074639 	 1.000000
  121 	 0.018868 	 0.051831 	 0.166667
  122 	 -1.000000 	 0.064243 	 10.000000
  123 	 0.013699 	 0.210930 	 10.000000
  124 	 -1.000000 	 1.139838 	 10.000000
  125 	 0.062500 	 0.423804 	 10.000000
  126 	 -1.000000 	 2.365119 	 10.000000
  127 	 -1.000000 	 0.583633 	 10.000000
  128 	 -1.000000 	 0.465859 	 10.000000
  129 	 -1.000000 	 2.238333 	 10.000000
  130 	 -1.000000 	 0.299459 	 10.000000
  131 	 0.023256 	 0.304318 	 10.000000
  132 	 -0.250000 	 -0.055228 	 1.000000
  133 	 -1.000000 	 0.235757 	 10.000000
  134 	 0.018868 	 0.082807 	 1.000000
  135 	 -1.000000 	 0.476566 	 10.000000
  136 	 0.010101 	 0.216881 	 10.000000
  137 	 -1.000000 	 1.023649 	 10.000000
  138 	 -1.000000 	 0.594806 	 10.000000
  139 	 -1.000000 	 2.047999 	 10.000000
  140 	 -1.000000 	 4.792075 	 10.000000
  141 	 -1.000000 	 2.650255 	 10.000000
  142 	 -1.000000 	 3.917772 	 10.000000
  143 	 -1.000000 	 1.061565 	 10.000000
  144 	 0.038462 	 0.398008 	 10.000000
  145 	 -1.000000 	 0.200181 	 10.000000
  146 	 -0.500000 	 1.331875 	 10.000000
  147 	 0.052632 	 0.463174 	 10.000000
  148 	 -1.000000 	 0.677424 	 10.000000
  149 	 0.040000 	 0.365266 	 10.000000
  150 	 -1.000000 	 1.042662 	 10.000000
  151 	 -1.000000 	 0.595680 	 10.000000
  152 	 -1.000000 	 0.051190 	 10.000000
  153 	 0.013158 	 0.069115 	 1.000000
  154 	 0.025641 	 0.063053 	 0.250000
  155 	 -1.000000 	 0.190747 	 10.000000
  156 	 0.012821 	 0.058289 	 1.000000
  157 	 0.012346 	 0.073258 	 1.000000
  158 	 -1.000000 	 0.285234 	 10.000000
  159 	 0.014706 	 0.064517 	 1.000000
  160 	 0.016393 	 0.055921 	 0.250000
  161 	 0.011236 	 0.058622 	 1.000000
  162 	 -1.000000 	 0.077767 	 1.000000
  163 	 -1.000000 	 -0.081274 	 1.000000
  164 	 -1.000000 	 0.470471 	 10.000000
  165 	 0.023810 	 0.247477 	 10.000000
  166 	 0.041667 	 0.176858 	 1.000000
  167 	 -1.000000 	 0.773531 	 10.000000
  168 	 -1.000000 	 0.481954 	 10.000000
  169 	 0.008000 	 0.037335 	 0.333333
  170 	 -0.333333 	 0.308102 	 10.000000
  171 	 0.010870 	 0.180182 	 10.000000
  172 	 -1.000000 	 0.622712 	 10.000000
  173 	 -1.000000 	 0.028954 	 0.500000
  174 	 0.035714 	 0.153503 	 1.000000
  175 	 -0.500000 	 0.185037 	 10.000000
  176 	 -1.000000 	 0.006610 	 10.000000
  177 	 0.004484 	 0.022628 	 0.333333
  178 	 0.004505 	 0.018429 	 0.166667
  179 	 0.004082 	 0.018712 	 0.333333
  180 	 0.003817 	 0.013339 	 0.090909
  181 	 0.003704 	 0.013458 	 0.090909
  182 	 0.003484 	 0.017661 	 0.333333
  183 	 0.004000 	 0.021504 	 0.333333
  184 	 0.004065 	 0.012113 	 0.090909
  185 	 0.004032 	 0.021088 	 0.333333
  186 	 0.004785 	 0.025285 	 0.500000
  187 	 -1.000000 	 0.011871 	 0.333333
  188 	 0.005525 	 0.026228 	 0.333333
  189 	 0.006410 	 0.036214 	 0.333333
  190 	 0.011905 	 0.214470 	 10.000000
  191 	 0.020833 	 0.080866 	 0.500000
  192 	 -1.000000 	 0.455362 	 10.000000
  193 	 0.020408 	 0.212737 	 10.000000
  194 	 0.052632 	 1.010070 	 10.000000
  195 	 -1.000000 	 0.293061 	 10.000000
  196 	 -0.333333 	 -0.129574 	 -0.055556
  197 	 -0.500000 	 0.132292 	 10.000000
  198 	 0.071429 	 0.953302 	 10.000000
  199 	 -1.000000 	 1.940476 	 10.000000
  200 	 -1.000000 	 2.489635 	 10.000000
  201 	 -0.500000 	 1.713892 	 10.000000
  202 	 0.022727 	 0.221156 	 10.000000
  203 	 -1.000000 	 0.588934 	 10.000000
  204 	 0.076923 	 0.147444 	 1.000000
  205 	 -1.000000 	 0.233940 	 10.000000
  206 	 -0.333333 	 -0.030398 	 -0.006849
  207 	 -0.333333 	 -0.027230 	 -0.005291
  208 	 -0.333333 	 0.120273 	 10.000000
  209 	 -1.000000 	 3.447619 	 10.000000
  210 	 -1.000000 	 1.937423 	 10.000000
  211 	 -1.000000 	 1.181565 	 10.000000
  212 	 -1.000000 	 0.772143 	 10.000000
  213 	 0.071429 	 0.591506 	 10.000000
  214 	 -1.000000 	 0.002688 	 1.000000
  215 	 0.003436 	 0.015562 	 0.200000
  216 	 0.003448 	 0.020286 	 0.250000
  217 	 0.004082 	 0.164944 	 10.000000
  218 	 0.016129 	 0.193482 	 10.000000
  219 	 -1.000000 	 1.165902 	 10.000000
  220 	 -1.000000 	 0.908923 	 10.000000
  221 	 -1.000000 	 2.290646 	 10.000000
  222 	 -1.000000 	 -0.106939 	 10.000000
  223 	 -0.500000 	 0.713853 	 10.000000
  224 	 -0.500000 	 1.465501 	 10.000000
  225 	 -1.000000 	 0.444981 	 10.000000
  226 	 -1.000000 	 2.710019 	 10.000000
  227 	 0.083333 	 0.967778 	 10.000000
  228 	 0.052632 	 0.970495 	 10.000000
  229 	 -0.500000 	 0.832817 	 10.000000
  230 	 -0.500000 	 -0.226331 	 -0.083333
  231 	 -0.333333 	 -0.023149 	 -0.005102
  232 	 -0.333333 	 -0.019354 	 -0.004673
  233 	 -0.333333 	 -0.021936 	 -0.004545
  234 	 -0.333333 	 -0.022669 	 -0.005000
  235 	 -0.333333 	 -0.022837 	 -0.004878
  236 	 -0.333333 	 -0.020610 	 -0.004219
  237 	 -0.333333 	 -0.024261 	 -0.004651
  238 	 -0.333333 	 -0.022796 	 -0.004717
  239 	 -0.333333 	 -0.024473 	 -0.004525
  240 	 -0.250000 	 -0.022782 	 -0.005076
  241 	 -0.250000 	 -0.016816 	 -0.003401
  242 	 -0.250000 	 -0.017872 	 -0.003731
  243 	 -0.250000 	 -0.017535 	 -0.003788
  244 	 -1.000000 	 -0.030535 	 -0.003690
  245 	 -0.250000 	 -0.034351 	 -0.006944
  246 	 -0.500000 	 -0.028416 	 -0.003623
  247 	 -0.333333 	 -0.039157 	 -0.006757
  248 	 -0.333333 	 -0.023467 	 -0.004630
  249 	 -1.000000 	 -0.025683 	 -0.003759
  250 	 -1.000000 	 -0.042576 	 0.500000
  251 	 0.007353 	 0.033708 	 0.500000
  252 	 0.006849 	 0.029077 	 0.500000
  253 	 0.007194 	 0.035624 	 0.500000
  254 	 0.007812 	 0.030343 	 0.250000
  255 	 0.006211 	 0.195519 	 10.000000
  256 	 -0.500000 	 0.612290 	 10.000000
  257 	 -0.250000 	 -0.077273 	 -0.021739
  258 	 -0.250000 	 -0.019042 	 -0.003876
  259 	 -0.250000 	 -0.016778 	 -0.003472
  260 	 -0.250000 	 -0.016257 	 -0.003390
  261 	 -0.250000 	 -0.016378 	 -0.003534
  262 	 -0.250000 	 -0.017713 	 -0.003356
  263 	 -0.500000 	 -0.022159 	 -0.003717
  264 	 -0.500000 	 -0.030405 	 -0.005917
  265 	 -0.500000 	 -0.036199 	 -0.007407
  266 	 -0.166667 	 -0.027985 	 -0.008333
  267 	 -0.166667 	 -0.010957 	 -0.002427
  268 	 -0.142857 	 -0.011408 	 -0.002532
  269 	 -0.142857 	 -0.010101 	 -0.002212
  270 	 -0.142857 	 -0.009841 	 -0.002096
  271 	 -0.142857 	 -0.009968 	 -0.002128
  272 	 -0.142857 	 -0.009917 	 -0.002037
  273 	 -0.142857 	 -0.010196 	 -0.002160
  274 	 -0.250000 	 -0.012876 	 -0.002315
  275 	 -0.250000 	 -0.016053 	 -0.003356
  276 	 -0.250000 	 -0.017457 	 -0.003759
  277 	 -0.250000 	 -0.016879 	 -0.003472
  278 	 -0.250000 	 -0.017500 	 -0.003521
  279 	 -0.250000 	 -0.017311 	 -0.003846
  280 	 -0.250000 	 -0.018189 	 -0.003690
  281 	 -0.250000 	 -0.016896 	 -0.003584
  282 	 -0.250000 	 -0.017454 	 -0.003584
  283 	 -0.250000 	 -0.016185 	 -0.002976
  284 	 -0.250000 	 0.124122 	 10.000000
  285 	 -1.000000 	 2.886429 	 10.000000
  286 	 -1.000000 	 1.402381 	 10.000000
  287 	 -1.000000 	 0.558903 	 10.000000
  288 	 -1.000000 	 -0.067792 	 -0.018519
  289 	 -1.000000 	 -0.054082 	 -0.011494
  290 	 -1.000000 	 -0.076489 	 -0.017241
  291 	 -1.000000 	 -0.062471 	 -0.009434
  292 	 -1.000000 	 0.089097 	 10.000000
  293 	 -1.000000 	 -0.107004 	 -0.023810
  294 	 -1.000000 	 0.364482 	 10.000000
  295 	 -1.000000 	 -0.095507 	 -0.022727
  296 	 -1.000000 	 0.049905 	 10.000000
  297 	 0.003676 	 0.016875 	 0.250000
  298 	 0.003636 	 0.017711 	 0.250000
  299 	 0.003704 	 0.013896 	 0.125000
  300 	 0.003289 	 0.017604 	 0.250000
  301 	 0.004098 	 0.020089 	 0.250000
  302 	 0.004082 	 0.019633 	 0.250000
  303 	 0.004000 	 0.017602 	 0.250000
  304 	 0.003311 	 0.015479 	 0.250000
  305 	 0.003145 	 0.014283 	 0.250000
  306 	 0.002841 	 0.012769 	 0.166667
  307 	 0.003205 	 0.014485 	 0.166667
  308 	 0.002915 	 0.014220 	 0.250000
  309 	 0.003322 	 0.016710 	 0.250000
  310 	 0.003521 	 0.019275 	 0.250000
  311 	 0.004149 	 0.033558 	 1.000000
  312 	 -1.000000 	 0.165535 	 10.000000
  313 	 0.011111 	 0.032197 	 0.142857
  314 	 -0.500000 	 0.021992 	 0.200000
  315 	 -1.000000 	 0.248954 	 10.000000
  316 	 0.011905 	 0.064175 	 1.000000
  317 	 0.012821 	 0.058910 	 1.000000
  318 	 0.011111 	 0.056925 	 1.000000
  319 	 0.013889 	 0.044734 	 0.500000
  320 	 0.008000 	 0.033438 	 0.333333
  321 	 0.008197 	 0.036403 	 0.500000
  322 	 -1.000000 	 0.014215 	 0.250000
  323 	 0.007519 	 0.027500 	 0.250000
  324 	 0.007299 	 0.040323 	 1.000000
  325 	 -1.000000 	 0.126413 	 10.000000
  326 	 0.012987 	 0.067104 	 1.000000
  327 	 0.014706 	 0.060088 	 1.000000
  328 	 0.014085 	 0.191591 	 10.000000
  329 	 0.025000 	 0.208432 	 10.000000
  330 	 0.029412 	 1.027813 	 10.000000
  331 	 -1.000000 	 1.312222 	 10.000000
  332 	 -1.000000 	 0.195896 	 10.000000
  333 	 -1.000000 	 -0.120032 	 1.000000
  334 	 -0.166667 	 -0.040298 	 -0.014706
  335 	 -0.166667 	 -0.012120 	 -0.002632
  336 	 -0.166667 	 -0.014297 	 -0.002976
  337 	 -0.200000 	 -0.012603 	 -0.002463
  338 	 -0.250000 	 -0.013741 	 -0.002674
  339 	 -0.333333 	 -0.003278 	 1.000000
  340 	 0.012500 	 0.031411 	 0.200000
  341 	 0.010101 	 0.083690 	 1.000000
  342 	 -1.000000 	 -0.001606 	 1.000000
  343 	 0.016129 	 0.080762 	 1.000000
  344 	 0.013889 	 0.069135 	 1.000000
  345 	 0.012821 	 0.064694 	 1.000000
  346 	 0.016393 	 0.084704 	 1.000000
  347 	 -1.000000 	 0.338126 	 10.000000
  348 	 0.023256 	 0.072388 	 1.000000
  349 	 -1.000000 	 0.213519 	 10.000000
  350 	 0.013889 	 0.069138 	 1.000000
  351 	 0.010989 	 0.036050 	 0.200000
  352 	 0.009524 	 0.065481 	 1.000000
  353 	 0.009524 	 0.034443 	 0.250000
  354 	 0.008475 	 0.071365 	 1.000000
  355 	 0.014706 	 0.231104 	 10.000000
  356 	 -1.000000 	 -0.141536 	 -0.038462
  357 	 -1.000000 	 -0.066456 	 -0.015625
  358 	 -1.000000 	 -0.085302 	 -0.014085
  359 	 -1.000000 	 -0.070478 	 -0.016129
  360 	 -1.000000 	 -0.070414 	 -0.014706
  361 	 -1.000000 	 0.047124 	 10.000000
  362 	 -1.000000 	 0.984580 	 10.000000
  363 	 -0.250000 	 -0.056301 	 -0.028571
  364 	 -0.333333 	 -0.020477 	 -0.003906
  365 	 -0.333333 	 -0.021952 	 -0.004587
  366 	 -0.333333 	 -0.025909 	 -0.004545
  367 	 -0.166667 	 -0.020843 	 -0.004785
  368 	 -0.166667 	 -0.012340 	 -0.002611
  369 	 -0.166667 	 -0.012901 	 -0.002500
  370 	 -0.166667 	 -0.011397 	 -0.002421
  371 	 -0.166667 	 -0.011544 	 -0.002427
  372 	 -0.166667 	 -0.011577 	 -0.002364
  373 	 -0.166667 	 -0.011174 	 -0.002331
  374 	 -0.166667 	 -0.011662 	 -0.002469
  375 	 -0.166667 	 -0.011379 	 -0.002410
  376 	 -0.166667 	 -0.013144 	 -0.002924
  377 	 -0.166667 	 -0.012545 	 -0.002865
  378 	 -0.166667 	 -0.011546 	 -0.002375
  379 	 -0.166667 	 -0.011506 	 -0.002320
  380 	 -0.166667 	 -0.011044 	 -0.002342
  381 	 -0.166667 	 -0.012445 	 -0.002469
  382 	 -0.166667 	 -0.011722 	 -0.002494
  383 	 -0.200000 	 -0.012492 	 -0.002451
  384 	 -0.200000 	 -0.014796 	 -0.002857
  385 	 -1.000000 	 -0.027036 	 -0.002833
  386 	 -0.250000 	 -0.011813 	 1.000000
  387 	 0.013699 	 0.065521 	 1.000000
  388 	 0.012346 	 0.067115 	 1.000000
  389 	 0.013333 	 0.073017 	 1.000000
  390 	 0.013889 	 0.034381 	 0.125000
  391 	 0.010417 	 0.043950 	 1.000000
  392 	 0.011236 	 0.185742 	 10.000000
  393 	 -0.500000 	 0.242164 	 10.000000
  394 	 -0.142857 	 0.261506 	 10.000000
  395 	 -1.000000 	 2.874048 	 10.000000
  396 	 -1.000000 	 0.667347 	 10.000000
  397 	 -1.000000 	 0.218655 	 10.000000
  398 	 0.018182 	 0.071371 	 1.000000
  399 	 0.012987 	 0.057707 	 1.000000
 