   0 	 -0.500000 	 0.106552 	 10.000000
    1 	 -0.062500 	 -0.005436 	 -0.001105
    2 	 -0.071429 	 -0.004688 	 -0.000970
    3 	 -0.071429 	 -0.004889 	 -0.001010
    4 	 -0.100000 	 -0.005723 	 -0.001119
    5 	 -0.100000 	 -0.006230 	 -0.001339
    6 	 -0.111111 	 -0.007331 	 -0.001460
    7 	 -0.111111 	 -0.007665 	 -0.001608
    8 	 -0.125000 	 -0.008193 	 -0.001675
    9 	 -0.125000 	 -0.008411 	 -0.001757
   10 	 -0.200000 	 -0.010253 	 -0.001880
   11 	 -0.200000 	 -0.013558 	 -0.002874
   12 	 -0.200000 	 -0.013529 	 -0.002882
   13 	 -0.200000 	 -0.013420 	 -0.002865
   14 	 -0.200000 	 -0.014808 	 -0.003012
   15 	 -0.200000 	 -0.014899 	 -0.003049
   16 	 -0.200000 	 -0.014827 	 -0.003003
   17 	 -0.200000 	 -0.014023 	 -0.003021
   18 	 -0.200000 	 -0.014736 	 -0.003623
   19 	 -0.200000 	 -0.013893 	 -0.002841
   20 	 -1.000000 	 -0.026199 	 -0.002732
   21 	 -0.250000 	 -0.020055 	 -0.004566
   22 	 -0.250000 	 -0.017930 	 -0.003717
   23 	 -0.250000 	 -0.017815 	 -0.003922
   24 	 -0.250000 	 -0.018494 	 -0.003788
   25 	 -0.250000 	 -0.017106 	 -0.003484
   26 	 -0.250000 	 -0.017232 	 -0.003610
   27 	 -0.250000 	 -0.016959 	 -0.003425
   28 	 -0.333333 	 -0.018304 	 -0.003413
   29 	 -0.333333 	 -0.020278 	 -0.004566
   30 	 -0.200000 	 -0.020762 	 -0.004902
   31 	 -0.500000 	 -0.021165 	 -0.003077
   32 	 -0.500000 	 -0.026733 	 -0.004854
   33 	 -0.500000 	 -0.027372 	 -0.004717
   34 	 -0.500000 	 -0.034744 	 -0.006944
   35 	 -0.500000 	 -0.033631 	 -0.007407
   36 	 -0.500000 	 -0.053444 	 -0.010526
   37 	 -0.500000 	 -0.033645 	 -0.006944
   38 	 -0.500000 	 0.110792 	 10.000000
   39 	 -0.500000 	 -0.039867 	 -0.008065
   40 	 -0.500000 	 -0.046437 	 -0.008264
   41 	 -0.500000 	 -0.031556 	 -0.005525
   42 	 -0.333333 	 -0.028724 	 -0.006944
   43 	 -0.250000 	 -0.022070 	 -0.004831
   44 	 -0.333333 	 -0.005159 	 1.000000
   45 	 0.016129 	 0.078077 	 1.000000
   46 	 -1.000000 	 0.201831 	 10.000000
   47 	 0.014706 	 0.390310 	 10.000000
   48 	 -0.500000 	 -0.024973 	 1.000000
   49 	 0.012821 	 0.073215 	 1.000000
   50 	 0.017544 	 0.069676 	 1.000000
   51 	 0.017857 	 0.065451 	 1.000000
   52 	 0.022222 	 0.068723 	 1.000000
   53 	 0.015385 	 0.060556 	 1.000000
   54 	 0.017544 	 0.224787 	 10.000000
   55 	 -1.000000 	 0.470539 	 10.000000
   56 	 -1.000000 	 0.581961 	 10.000000
   57 	 -1.000000 	 0.761888 	 10.000000
   58 	 -1.000000 	 1.002330 	 10.000000
   59 	 -1.000000 	 0.316849 	 10.000000
   60 	 0.016393 	 0.193404 	 10.000000
   61 	 0.043478 	 0.230392 	 10.000000
   62 	 -1.000000 	 -0.034508 	 1.000000
   63 	 -0.333333 	 -0.044094 	 -0.011905
   64 	 -0.250000 	 -0.021687 	 -0.004854
   65 	 -0.333333 	 -0.019027 	 -0.003584
   66 	 -0.333333 	 -0.021405 	 -0.004098
   67 	 -0.200000 	 -0.018007 	 -0.004082
   68 	 -0.250000 	 -0.018126 	 -0.003185
   69 	 -0.250000 	 -0.017663 	 -0.003436
   70 	 -0.200000 	 -0.015363 	 -0.003534
   71 	 -0.200000 	 -0.014336 	 -0.003030
   72 	 -0.200000 	 -0.014095 	 -0.002994
   73 	 -0.200000 	 -0.015034 	 -0.003040
   74 	 -0.200000 	 -0.014522 	 -0.002950
   75 	 -0.200000 	 -0.015326 	 -0.003135
   76 	 -0.250000 	 -0.015025 	 -0.003077
   77 	 -0.200000 	 -0.018371 	 -0.004202
   78 	 -0.250000 	 -0.014695 	 -0.003086
   79 	 -1.000000 	 -0.040227 	 -0.005405
   80 	 -0.200000 	 -0.023892 	 -0.005495
   81 	 -0.333333 	 0.118996 	 10.000000
   82 	 -0.500000 	 2.259626 	 10.000000
   83 	 -1.000000 	 -0.335146 	 -0.066667
   84 	 -1.000000 	 -0.051870 	 -0.011905
   85 	 -1.000000 	 -0.073270 	 -0.017544
   86 	 -1.000000 	 0.017157 	 10.000000
   87 	 0.015385 	 0.069994 	 1.000000
   88 	 0.013333 	 0.066084 	 1.000000
   89 	 -1.000000 	 0.180122 	 10.000000
   90 	 0.017241 	 0.218960 	 10.000000
   91 	 -1.000000 	 0.518182 	 10.000000
   92 	 -1.000000 	 0.619957 	 10.000000
   93 	 -1.000000 	 0.086077 	 10.000000
   94 	 -1.000000 	 1.270058 	 10.000000
   95 	 -1.000000 	 0.712452 	 10.000000
   96 	 0.021277 	 0.480658 	 10.000000
   97 	 0.052632 	 0.140308 	 0.333333
   98 	 0.045455 	 0.518452 	 10.000000
   99 	 -1.000000 	 1.904191 	 10.000000
  100 	 -1.000000 	 2.402784 	 10.000000
  101 	 -1.000000 	 0.537192 	 10.000000
  102 	 -1.000000 	 1.749288 	 10.000000
  103 	 -0.333333 	 1.046905 	 10.000000
  104 	 -1.000000 	 0.685170 	 10.000000
  105 	 0.076923 	 0.209507 	 0.500000
  106 	 -1.000000 	 1.595715 	 10.000000
  107 	 -0.500000 	 0.060849 	 10.000000
  108 	 0.062500 	 0.448579 	 10.000000
  109 	 0.050000 	 0.224712 	 10.000000
  110 	 -0.500000 	 0.473299 	 10.000000
  111 	 -1.000000 	 0.925872 	 10.000000
  112 	 0.025000 	 0.116733 	 1.000000
  113 	 -1.000000 	 1.210826 	 10.000000
  114 	 -0.500000 	 0.139279 	 1.000000
  115 	 -1.000000 	 0.540620 	 10.000000
  116 	 -1.000000 	 -0.194553 	 10.000000
  117 	 -1.000000 	 0.178259 	 10.000000
  118 	 -1.000000 	 -0.190484 	 -0.066667
  119 	 -1.000000 	 0.289408 	 10.000000
  120 	 0.012346 	 0.060478 	 0.500000
  121 	 0.018868 	 0.524669 	 10.000000
  122 	 -1.000000 	 0.721099 	 10.000000
  123 	 0.021739 	 0.093696 	 1.000000
  124 	 -1.000000 	 0.254511 	 10.000000
  125 	 -1.000000 	 0.792649 	 10.000000
  126 	 -0.166667 	 -0.048573 	 -0.020833
  127 	 -0.166667 	 -0.011660 	 -0.002500
  128 	 -0.166667 	 -0.011931 	 -0.002488
  129 	 -0.111111 	 -0.010770 	 -0.002457
  130 	 -0.111111 	 -0.007861 	 -0.001692
  131 	 -0.111111 	 -0.008283 	 -0.001745
  132 	 -0.111111 	 -0.007698 	 -0.001637
  133 	 -0.111111 	 -0.008205 	 -0.001745
  134 	 -0.111111 	 -0.008008 	 -0.001757
  135 	 -0.111111 	 -0.007721 	 -0.001695
  136 	 -0.142857 	 -0.008548 	 -0.001678
  137 	 -0.125000 	 -0.008915 	 -0.001869
  138 	 -0.125000 	 -0.009302 	 -0.001873
  139 	 -0.125000 	 -0.008673 	 -0.001848
  140 	 -0.125000 	 -0.008660 	 -0.001818
  141 	 -0.125000 	 -0.009037 	 -0.001898
  142 	 -0.125000 	 -0.008646 	 -0.001821
  143 	 -0.125000 	 -0.008596 	 -0.001842
  144 	 -0.125000 	 -0.008552 	 -0.001799
  145 	 -0.125000 	 -0.008559 	 -0.001828
  146 	 -0.125000 	 -0.008583 	 -0.001789
  147 	 -0.125000 	 -0.008754 	 -0.001808
  148 	 -0.125000 	 -0.009331 	 -0.001821
  149 	 -0.125000 	 -0.008611 	 -0.001799
  150 	 -0.125000 	 -0.008730 	 -0.001795
  151 	 -0.125000 	 -0.008721 	 -0.001792
  152 	 -0.125000 	 -0.008620 	 -0.001821
  153 	 -0.125000 	 -0.008622 	 -0.001818
  154 	 -0.125000 	 -0.008676 	 -0.001845
  155 	 -0.111111 	 -0.008203 	 -0.001779
  156 	 -0.111111 	 -0.007882 	 -0.001613
  157 	 -0.111111 	 -0.007622 	 -0.001590
  158 	 -0.111111 	 -0.007862 	 -0.001672
  159 	 -0.125000 	 -0.008047 	 -0.001590
  160 	 -0.125000 	 -0.008515 	 -0.001792
  161 	 -0.100000 	 -0.007939 	 -0.001828
  162 	 -0.125000 	 -0.007828 	 -0.001531
  163 	 -0.125000 	 -0.008326 	 -0.001776
  164 	 -0.125000 	 -0.008922 	 -0.001894
  165 	 -0.125000 	 -0.008623 	 -0.001828
  166 	 -0.125000 	 -0.008647 	 -0.001890
  167 	 -0.125000 	 -0.009080 	 -0.001802
  168 	 -0.142857 	 -0.009210 	 -0.001795
  169 	 -0.250000 	 -0.012166 	 -0.002053
  170 	 -0.100000 	 -0.009475 	 -0.002558
  171 	 -0.250000 	 -0.010055 	 -0.001555
  172 	 -0.100000 	 -0.011367 	 -0.002532
  173 	 -0.100000 	 -0.007456 	 -0.001590
  174 	 -0.100000 	 -0.006955 	 -0.001464
  175 	 -0.071429 	 -0.006377 	 -0.001427
  176 	 -0.071429 	 -0.005236 	 -0.001078
  177 	 -0.071429 	 -0.005077 	 -0.001054
  178 	 -0.071429 	 -0.005175 	 -0.001062
  179 	 -0.100000 	 -0.005647 	 -0.001078
  180 	 -0.100000 	 -0.006892 	 -0.001422
  181 	 -0.100000 	 -0.007181 	 -0.001527
  182 	 -0.100000 	 -0.006913 	 -0.001522
  183 	 -0.100000 	 -0.007652 	 -0.001493
  184 	 -0.100000 	 -0.007339 	 -0.001473
  185 	 -0.090909 	 -0.006832 	 -0.001433
  186 	 -0.090909 	 -0.006336 	 -0.001335
  187 	 -0.090909 	 -0.006395 	 -0.001304
  188 	 -0.090909 	 -0.006394 	 -0.001342
  189 	 -0.090909 	 -0.006337 	 -0.001323
  190 	 -0.100000 	 -0.006600 	 -0.001316
  191 	 -0.100000 	 -0.006807 	 -0.001416
  192 	 -0.100000 	 -0.006715 	 -0.001383
  193 	 -0.100000 	 -0.006589 	 -0.001348
  194 	 -0.142857 	 -0.008561 	 -0.001618
  195 	 -0.090909 	 -0.008044 	 -0.001828
  196 	 -0.090909 	 -0.006426 	 -0.001395
  197 	 -0.090909 	 -0.006463 	 -0.001321
  198 	 -0.100000 	 -0.006622 	 -0.001319
  199 	 -0.100000 	 -0.006602 	 -0.001412
  200 	 -0.100000 	 -0.006770 	 -0.001456
  201 	 -0.100000 	 -0.006948 	 -0.001456
  202 	 -0.100000 	 -0.006902 	 -0.001439
  203 	 -0.100000 	 -0.006950 	 -0.001460
  204 	 -0.090909 	 -0.006972 	 -0.001488
  205 	 -0.090909 	 -0.006344 	 -0.001333
  206 	 -0.090909 	 -0.006374 	 -0.001340
  207 	 -0.090909 	 -0.006416 	 -0.001311
  208 	 -0.090909 	 -0.006275 	 -0.001305
  209 	 -0.090909 	 -0.006084 	 -0.001235
  210 	 -0.090909 	 -0.006594 	 -0.001377
  211 	 -0.090909 	 -0.006581 	 -0.001305
  212 	 -0.090909 	 -0.006266 	 -0.001302
  213 	 -0.090909 	 -0.006057 	 -0.001263
  214 	 -0.090909 	 -0.006372 	 -0.001350
  215 	 -0.090909 	 -0.006212 	 -0.001319
  216 	 -0.125000 	 -0.007139 	 -0.001342
  217 	 -0.083333 	 -0.007530 	 -0.001761
  218 	 -0.083333 	 -0.006111 	 -0.001335
  219 	 -0.083333 	 -0.005891 	 -0.001266
  220 	 -0.083333 	 -0.005770 	 -0.001206
  221 	 -0.083333 	 -0.005817 	 -0.001217
  222 	 -0.090909 	 -0.006048 	 -0.001193
  223 	 -0.090909 	 -0.006309 	 -0.001292
  224 	 -0.083333 	 -0.006147 	 -0.001294
  225 	 -0.083333 	 -0.005863 	 -0.001221
  226 	 -0.111111 	 -0.006341 	 -0.001209
  227 	 -0.111111 	 -0.006997 	 -0.001422
  228 	 -0.090909 	 -0.007283 	 -0.001600
  229 	 -0.111111 	 -0.007035 	 -0.001408
  230 	 -0.142857 	 -0.008462 	 -0.001698
  231 	 -0.142857 	 -0.009111 	 -0.001957
  232 	 -0.142857 	 -0.010907 	 -0.002179
  233 	 -0.142857 	 -0.009853 	 -0.002101
  234 	 -0.142857 	 -0.009711 	 -0.002041
  235 	 -0.142857 	 -0.010174 	 -0.002119
  236 	 -0.142857 	 -0.010061 	 -0.002105
  237 	 -0.125000 	 -0.009529 	 -0.002083
  238 	 -0.125000 	 -0.009279 	 -0.001876
  239 	 -0.125000 	 -0.008379 	 -0.001799
  240 	 -0.125000 	 -0.008706 	 -0.001805
  241 	 -0.125000 	 -0.008882 	 -0.001866
  242 	 -0.125000 	 -0.008636 	 -0.001789
  243 	 -0.125000 	 -0.008803 	 -0.001845
  244 	 -0.125000 	 -0.009535 	 -0.001848
  245 	 -0.333333 	 -0.014562 	 -0.002070
  246 	 -0.125000 	 -0.012845 	 -0.003021
  247 	 -0.125000 	 -0.008603 	 -0.001821
  248 	 -0.111111 	 -0.008709 	 -0.001852
  249 	 -0.111111 	 -0.007842 	 -0.001631
  250 	 -0.111111 	 -0.007704 	 -0.001603
  251 	 -0.111111 	 -0.007977 	 -0.001667
  252 	 -0.111111 	 -0.007721 	 -0.001610
  253 	 -0.111111 	 -0.007805 	 -0.001631
  254 	 -0.142857 	 -0.008250 	 -0.001603
  255 	 -0.111111 	 -0.008720 	 -0.001866
  256 	 -0.111111 	 -0.007723 	 -0.001603
  257 	 -0.111111 	 -0.007687 	 -0.001618
  258 	 -0.125000 	 -0.007981 	 -0.001623
  259 	 -0.125000 	 -0.009147 	 -0.001808
  260 	 -0.111111 	 -0.008634 	 -0.001852
  261 	 -0.111111 	 -0.007953 	 -0.001637
  262 	 -0.111111 	 -0.007741 	 -0.001634
  263 	 -0.111111 	 -0.007749 	 -0.001616
  264 	 -0.125000 	 -0.007844 	 -0.001536
  265 	 -0.333333 	 -0.012390 	 -0.001692
  266 	 -0.111111 	 -0.011807 	 -0.002597
  267 	 -0.200000 	 -0.009631 	 -0.001656
  268 	 -0.200000 	 -0.012494 	 -0.002370
  269 	 -0.200000 	 -0.013312 	 -0.002793
  270 	 -0.200000 	 -0.013711 	 -0.002740
  271 	 -1.000000 	 -0.026585 	 -0.003012
  272 	 -0.200000 	 -0.015164 	 -0.004219
  273 	 -0.200000 	 -0.014481 	 -0.003311
  274 	 -0.200000 	 -0.012640 	 -0.002770
  275 	 -0.200000 	 -0.012878 	 -0.002874
  276 	 -0.200000 	 -0.013775 	 -0.002849
  277 	 -0.200000 	 -0.013278 	 -0.002809
  278 	 -0.200000 	 -0.014156 	 -0.003003
  279 	 -0.200000 	 -0.013890 	 -0.002857
  280 	 -0.200000 	 -0.013894 	 -0.002865
  281 	 -0.200000 	 -0.013687 	 -0.002825
  282 	 -0.200000 	 -0.014242 	 -0.002899
  283 	 -0.200000 	 -0.013395 	 -0.002941
  284 	 -0.142857 	 -0.012895 	 -0.002959
  285 	 -0.142857 	 -0.010180 	 -0.002160
  286 	 -0.125000 	 -0.009126 	 -0.001969
  287 	 -0.125000 	 -0.009142 	 -0.001862
  288 	 -0.142857 	 -0.009707 	 -0.001988
  289 	 -0.333333 	 -0.013987 	 -0.002193
  290 	 -0.333333 	 -0.016104 	 -0.003049
  291 	 -0.333333 	 -0.022508 	 -0.004525
  292 	 -0.333333 	 -0.019950 	 -0.004292
  293 	 -0.333333 	 -0.021141 	 -0.004132
  294 	 -0.333333 	 -0.022784 	 -0.004651
  295 	 -0.333333 	 -0.023311 	 -0.004785
  296 	 -0.333333 	 -0.023770 	 -0.004902
  297 	 -0.333333 	 -0.024505 	 -0.004975
  298 	 -0.333333 	 -0.023767 	 -0.004831
  299 	 -0.333333 	 -0.024969 	 -0.004717
  300 	 -0.333333 	 -0.023103 	 -0.004831
  301 	 -0.500000 	 -0.030974 	 -0.004739
  302 	 -0.333333 	 -0.024820 	 -0.005181
  303 	 -0.333333 	 -0.023429 	 -0.005000
  304 	 -0.333333 	 -0.025568 	 -0.004926
  305 	 -0.166667 	 -0.018058 	 -0.004673
  306 	 -0.166667 	 -0.011577 	 -0.002494
  307 	 -0.166667 	 -0.012123 	 -0.002538
  308 	 -0.166667 	 -0.013290 	 -0.002538
  309 	 -0.166667 	 -0.011547 	 -0.002494
  310 	 -0.166667 	 -0.011827 	 -0.002463
  311 	 -0.166667 	 -0.011568 	 -0.002387
  312 	 -0.166667 	 -0.011584 	 -0.002451
  313 	 -0.166667 	 -0.012098 	 -0.002625
  314 	 -0.200000 	 -0.012887 	 -0.002481
  315 	 -0.200000 	 -0.011730 	 -0.002717
  316 	 -0.200000 	 -0.013954 	 -0.003012
  317 	 -0.200000 	 -0.016062 	 -0.003125
  318 	 -0.200000 	 -0.013777 	 -0.002825
  319 	 -0.200000 	 -0.013997 	 -0.002915
  320 	 -0.200000 	 -0.012618 	 -0.002857
  321 	 -0.200000 	 -0.013967 	 -0.002994
  322 	 -0.200000 	 -0.014025 	 -0.002967
  323 	 -0.200000 	 -0.013701 	 -0.002865
  324 	 -0.333333 	 -0.017274 	 -0.003175
  325 	 -0.333333 	 -0.020068 	 -0.004016
  326 	 -0.333333 	 -0.026078 	 -0.006329
  327 	 -1.000000 	 -0.040508 	 -0.004854
  328 	 -1.000000 	 -0.047933 	 -0.009259
  329 	 -1.000000 	 -0.042495 	 -0.007246
  330 	 -1.000000 	 -0.071351 	 -0.014085
  331 	 -1.000000 	 -0.054118 	 -0.013333
  332 	 -1.000000 	 -0.065658 	 -0.012500
  333 	 -0.333333 	 -0.043059 	 -0.011364
  334 	 -0.333333 	 -0.026806 	 -0.005556
  335 	 -0.166667 	 -0.019801 	 -0.005263
  336 	 -0.166667 	 -0.012621 	 -0.002604
  337 	 -0.200000 	 -0.012391 	 -0.002469
  338 	 -0.200000 	 -0.014273 	 -0.002841
  339 	 -0.200000 	 -0.014399 	 -0.002907
  340 	 -0.200000 	 -0.014459 	 -0.003058
  341 	 -0.200000 	 -0.013950 	 -0.002801
  342 	 -1.000000 	 -0.027254 	 -0.002959
  343 	 -0.200000 	 -0.024919 	 -0.007634
  344 	 -0.250000 	 -0.015197 	 -0.003096
  345 	 -0.250000 	 -0.015747 	 -0.003497
  346 	 -0.200000 	 -0.015461 	 -0.003571
  347 	 -0.200000 	 -0.015229 	 -0.003096
  348 	 -0.200000 	 -0.014535 	 -0.002849
  349 	 -0.200000 	 -0.014105 	 -0.003067
  350 	 -0.200000 	 -0.013492 	 -0.002809
  351 	 -0.200000 	 -0.014113 	 -0.002793
  352 	 -0.200000 	 -0.019185 	 -0.003636
  353 	 -0.333333 	 -0.017571 	 -0.002950
  354 	 -0.200000 	 -0.017863 	 -0.004082
  355 	 -0.200000 	 -0.014234 	 -0.003077
  356 	 -0.200000 	 -0.015336 	 -0.003413
  357 	 -0.200000 	 -0.013651 	 -0.002967
  358 	 -0.200000 	 -0.014267 	 -0.002882
  359 	 -0.200000 	 -0.013655 	 -0.002933
  360 	 -0.200000 	 -0.015047 	 -0.003096
  361 	 -0.200000 	 -0.013918 	 -0.002994
  362 	 -0.200000 	 -0.015922 	 -0.003012
  363 	 -0.111111 	 -0.010992 	 -0.002597
  364 	 -0.111111 	 -0.007919 	 -0.001669
  365 	 -0.111111 	 -0.007571 	 -0.001600
  366 	 -0.111111 	 -0.007658 	 -0.001613
  367 	 -0.100000 	 -0.007499 	 -0.001587
  368 	 -0.111111 	 -0.007357 	 -0.001493
  369 	 -0.111111 	 -0.007288 	 -0.001570
  370 	 -0.111111 	 -0.007529 	 -0.001631
  371 	 -0.111111 	 -0.007669 	 -0.001575
  372 	 -0.111111 	 -0.007886 	 -0.001618
  373 	 -0.111111 	 -0.008348 	 -0.001767
  374 	 -0.111111 	 -0.007853 	 -0.001608
  375 	 -0.111111 	 -0.007994 	 -0.001621
  376 	 -0.111111 	 -0.007837 	 -0.001658
  377 	 -0.125000 	 -0.007563 	 -0.001488
  378 	 -0.111111 	 -0.008122 	 -0.001727
  379 	 -0.111111 	 -0.008334 	 -0.001773
  380 	 -0.111111 	 -0.007947 	 -0.001681
  381 	 -0.111111 	 -0.007798 	 -0.001626
  382 	 -0.111111 	 -0.007640 	 -0.001634
  383 	 -0.111111 	 -0.007617 	 -0.001587
  384 	 -0.111111 	 -0.007678 	 -0.001650
  385 	 -0.111111 	 -0.008045 	 -0.001733
  386 	 -0.111111 	 -0.008024 	 -0.001650
  387 	 -0.111111 	 -0.007605 	 -0.001555
  388 	 -0.111111 	 -0.007774 	 -0.001634
  389 	 -0.111111 	 -0.008473 	 -0.001789
  390 	 -0.111111 	 -0.007634 	 -0.001608
  391 	 -0.111111 	 -0.007699 	 -0.001637
  392 	 -0.083333 	 -0.007017 	 -0.001610
  393 	 -0.090909 	 -0.006405 	 -0.001282
  394 	 -0.090909 	 -0.006274 	 -0.001311
  395 	 -0.090909 	 -0.006419 	 -0.001333
  396 	 -0.090909 	 -0.006502 	 -0.001361
  397 	 -0.090909 	 -0.006250 	 -0.001300
  398 	 -0.090909 	 -0.006280 	 -0.001311
  399 	 -0.090909 	 -0.006514 	 -0.001342
 