   0 	 -1.000000 	 0.400490 	 10.000000
    1 	 -1.000000 	 0.127034 	 10.000000
    2 	 -0.333333 	 0.038004 	 0.333333
    3 	 0.013158 	 0.037575 	 0.250000
    4 	 0.010101 	 0.188488 	 10.000000
    5 	 0.047619 	 1.119422 	 10.000000
    6 	 -1.000000 	 1.234626 	 10.000000
    7 	 -1.000000 	 -0.095679 	 -0.025000
    8 	 -0.500000 	 -0.040002 	 -0.009091
    9 	 -0.500000 	 -0.034434 	 -0.007246
   10 	 -0.500000 	 -0.037285 	 -0.007143
   11 	 -0.500000 	 -0.033964 	 -0.007194
   12 	 -0.500000 	 -0.036494 	 -0.006803
   13 	 -0.500000 	 -0.036574 	 -0.007519
   14 	 -0.500000 	 -0.037400 	 -0.006803
   15 	 -0.500000 	 -0.035014 	 -0.007194
   16 	 -1.000000 	 -0.023320 	 1.000000
   17 	 0.004926 	 0.024273 	 0.333333
   18 	 0.005051 	 0.024889 	 0.333333
   19 	 0.005618 	 0.024043 	 0.333333
   20 	 0.005587 	 0.027520 	 0.333333
   21 	 0.006410 	 0.029987 	 0.333333
   22 	 0.011628 	 0.043928 	 0.333333
   23 	 0.012658 	 0.029882 	 0.250000
   24 	 0.007812 	 0.032165 	 0.333333
   25 	 -0.500000 	 0.040397 	 0.500000
   26 	 -1.000000 	 0.295767 	 10.000000
   27 	 0.005682 	 0.024395 	 0.250000
   28 	 0.005291 	 0.028114 	 0.333333
   29 	 0.006536 	 0.059439 	 1.000000
   30 	 0.010526 	 0.033809 	 0.333333
   31 	 0.010638 	 0.051356 	 1.000000
   32 	 0.007692 	 0.024940 	 0.111111
   33 	 0.007246 	 0.037777 	 0.500000
   34 	 -1.000000 	 0.313647 	 10.000000
   35 	 -1.000000 	 0.312312 	 10.000000
   36 	 -1.000000 	 0.695182 	 10.000000
   37 	 -0.333333 	 0.215384 	 10.000000
   38 	 -1.000000 	 0.060200 	 10.000000
   39 	 -0.500000 	 0.333307 	 10.000000
   40 	 -1.000000 	 0.238814 	 10.000000
   41 	 -1.000000 	 -0.111790 	 -0.029412
   42 	 -0.166667 	 -0.012177 	 -0.002513
   43 	 -0.166667 	 -0.011467 	 -0.002375
   44 	 -0.166667 	 -0.011800 	 -0.002445
   45 	 -0.166667 	 -0.011647 	 -0.002392
   46 	 -0.125000 	 -0.010408 	 -0.002364
   47 	 -0.250000 	 -0.011428 	 -0.001919
   48 	 -0.125000 	 -0.012229 	 -0.002786
   49 	 -0.125000 	 -0.009570 	 -0.001992
   50 	 -0.125000 	 -0.008803 	 -0.001825
   51 	 -0.125000 	 -0.009055 	 -0.001859
   52 	 -0.125000 	 -0.009006 	 -0.001934
   53 	 -0.125000 	 -0.008676 	 -0.001815
   54 	 -0.125000 	 -0.008348 	 -0.001742
   55 	 -0.125000 	 -0.008253 	 -0.001805
   56 	 -0.125000 	 -0.009270 	 -0.001848
   57 	 -0.166667 	 -0.009882 	 -0.001919
   58 	 -0.333333 	 -0.016686 	 -0.002809
   59 	 -0.250000 	 -0.018295 	 -0.003425
   60 	 -0.250000 	 0.125451 	 10.000000
   61 	 -1.000000 	 0.265281 	 10.000000
   62 	 -1.000000 	 1.929887 	 10.000000
   63 	 -1.000000 	 0.728027 	 10.000000
   64 	 -1.000000 	 1.014524 	 10.000000
   65 	 0.034483 	 0.382863 	 10.000000
   66 	 -1.000000 	 0.651957 	 10.000000
   67 	 -1.000000 	 -0.323095 	 1.000000
   68 	 0.014925 	 0.058532 	 1.000000
   69 	 0.013514 	 0.067366 	 1.000000
   70 	 0.014925 	 0.071324 	 1.000000
   71 	 0.019608 	 0.074336 	 1.000000
   72 	 0.023810 	 0.077459 	 1.000000
   73 	 0.016949 	 0.066348 	 1.000000
   74 	 0.011494 	 0.203653 	 10.000000
   75 	 0.019608 	 0.224161 	 10.000000
   76 	 -0.500000 	 0.434411 	 10.000000
   77 	 0.058824 	 1.573958 	 10.000000
   78 	 -0.250000 	 0.640899 	 10.000000
   79 	 0.125000 	 1.838571 	 10.000000
   80 	 -0.500000 	 -0.059388 	 10.000000
   81 	 -1.000000 	 0.463135 	 10.000000
   82 	 -1.000000 	 1.818358 	 10.000000
   83 	 0.071429 	 0.488979 	 10.000000
   84 	 -1.000000 	 0.130675 	 10.000000
   85 	 -1.000000 	 1.126818 	 10.000000
   86 	 0.040000 	 0.227884 	 10.000000
   87 	 0.045455 	 1.409376 	 10.000000
   88 	 -1.000000 	 0.976851 	 10.000000
   89 	 0.013333 	 0.047097 	 0.250000
   90 	 0.011236 	 0.052579 	 1.000000
   91 	 0.010309 	 0.066906 	 1.000000
   92 	 -1.000000 	 0.025142 	 0.500000
   93 	 -1.000000 	 0.474882 	 10.000000
   94 	 -0.333333 	 0.027606 	 1.000000
   95 	 0.003663 	 0.017660 	 0.333333
   96 	 0.003937 	 0.033048 	 1.000000
   97 	 -1.000000 	 0.013024 	 0.250000
   98 	 -1.000000 	 0.161042 	 10.000000
   99 	 0.028571 	 0.426996 	 10.000000
  100 	 -1.000000 	 -0.022617 	 1.000000
  101 	 0.007299 	 0.033526 	 0.500000
  102 	 0.006803 	 0.033975 	 0.500000
  103 	 0.008264 	 0.039318 	 0.500000
  104 	 0.006579 	 0.034173 	 0.500000
  105 	 0.007194 	 0.025791 	 0.200000
  106 	 0.006623 	 0.045932 	 1.000000
  107 	 0.013333 	 0.042225 	 0.333333
  108 	 -1.000000 	 0.221836 	 10.000000
  109 	 -1.000000 	 0.207671 	 10.000000
  110 	 -0.500000 	 0.093034 	 10.000000
  111 	 -0.500000 	 0.608379 	 10.000000
  112 	 -1.000000 	 1.446905 	 10.000000
  113 	 -0.250000 	 0.141429 	 10.000000
  114 	 0.037037 	 0.364609 	 10.000000
  115 	 -0.333333 	 1.838705 	 10.000000
  116 	 -1.000000 	 0.080988 	 1.000000
  117 	 -1.000000 	 -0.029083 	 0.500000
  118 	 -1.000000 	 0.426795 	 10.000000
  119 	 0.006667 	 0.315458 	 10.000000
  120 	 -1.000000 	 0.641980 	 10.000000
  121 	 -1.000000 	 0.809414 	 10.000000
  122 	 -1.000000 	 -0.158682 	 -0.045455
  123 	 -1.000000 	 0.224845 	 10.000000
  124 	 -1.000000 	 -0.131226 	 -0.032258
  125 	 -1.000000 	 -0.068456 	 -0.016129
  126 	 -1.000000 	 -0.082591 	 -0.015873
  127 	 -1.000000 	 0.092374 	 10.000000
  128 	 -1.000000 	 -0.082509 	 -0.016667
  129 	 -1.000000 	 -0.056528 	 -0.011905
  130 	 -1.000000 	 -0.053020 	 -0.009709
  131 	 -1.000000 	 0.109907 	 10.000000
  132 	 -1.000000 	 -0.067072 	 1.000000
  133 	 -1.000000 	 0.487840 	 10.000000
  134 	 -1.000000 	 0.197881 	 10.000000
  135 	 -1.000000 	 0.956241 	 10.000000
  136 	 -1.000000 	 0.394196 	 10.000000
  137 	 0.022222 	 0.380805 	 10.000000
  138 	 -1.000000 	 0.077297 	 10.000000
  139 	 0.125000 	 1.072041 	 10.000000
  140 	 -0.500000 	 0.221553 	 10.000000
  141 	 -1.000000 	 0.555164 	 10.000000
  142 	 -1.000000 	 0.169587 	 10.000000
  143 	 -1.000000 	 1.970351 	 10.000000
  144 	 -1.000000 	 0.925370 	 10.000000
  145 	 0.062500 	 2.642068 	 10.000000
  146 	 0.090909 	 0.614167 	 10.000000
  147 	 -1.000000 	 0.236429 	 10.000000
  148 	 -0.500000 	 0.000069 	 10.000000
  149 	 -1.000000 	 1.095000 	 10.000000
  150 	 -1.000000 	 -0.048492 	 10.000000
  151 	 -1.000000 	 0.293043 	 10.000000
  152 	 -0.500000 	 -0.080239 	 -0.022222
  153 	 -0.500000 	 -0.042838 	 -0.007576
  154 	 -1.000000 	 -0.042639 	 -0.008772
  155 	 -1.000000 	 -0.065792 	 -0.014286
  156 	 -1.000000 	 0.098984 	 10.000000
  157 	 -1.000000 	 -0.078248 	 -0.023810
  158 	 -1.000000 	 0.173987 	 10.000000
  159 	 -1.000000 	 -0.107215 	 -0.015625
  160 	 -0.500000 	 -0.038349 	 -0.008621
  161 	 -0.500000 	 0.098481 	 10.000000
  162 	 0.004902 	 0.023291 	 0.333333
  163 	 0.005025 	 0.023223 	 0.333333
  164 	 0.004950 	 0.028680 	 0.333333
  165 	 0.006757 	 0.028550 	 0.333333
  166 	 0.006897 	 0.040897 	 0.500000
  167 	 -1.000000 	 0.021481 	 0.500000
  168 	 0.012195 	 0.041827 	 0.333333
  169 	 -0.500000 	 0.363486 	 10.000000
  170 	 -1.000000 	 0.372147 	 10.000000
  171 	 -1.000000 	 0.580952 	 10.000000
  172 	 0.052632 	 0.411244 	 10.000000
  173 	 -0.250000 	 0.257283 	 10.000000
  174 	 -1.000000 	 -0.013566 	 10.000000
  175 	 0.014085 	 0.057426 	 1.000000
  176 	 0.011236 	 0.068625 	 1.000000
  177 	 0.012500 	 0.040870 	 0.200000
  178 	 0.009709 	 0.047722 	 1.000000
  179 	 0.011905 	 0.044334 	 0.500000
  180 	 0.010870 	 0.054452 	 1.000000
  181 	 0.009709 	 0.045778 	 0.500000
  182 	 -1.000000 	 0.145502 	 10.000000
  183 	 0.013889 	 0.075167 	 1.000000
  184 	 0.015625 	 0.063700 	 1.000000
  185 	 -0.500000 	 0.058229 	 1.000000
  186 	 0.011765 	 0.084125 	 1.000000
  187 	 0.047619 	 0.151779 	 1.000000
  188 	 -1.000000 	 0.535606 	 10.000000
  189 	 0.011494 	 0.039759 	 0.333333
  190 	 0.013158 	 0.202961 	 10.000000
  191 	 -1.000000 	 0.906115 	 10.000000
  192 	 -1.000000 	 2.429286 	 10.000000
  193 	 -1.000000 	 1.903333 	 10.000000
  194 	 0.052632 	 0.510772 	 10.000000
  195 	 -1.000000 	 0.540593 	 10.000000
  196 	 -0.333333 	 0.223685 	 10.000000
  197 	 -1.000000 	 2.147143 	 10.000000
  198 	 0.052632 	 1.566228 	 10.000000
  199 	 -0.250000 	 -0.078667 	 -0.032258
  200 	 -0.250000 	 -0.017820 	 -0.003788
  201 	 -0.250000 	 -0.020828 	 -0.004878
  202 	 -0.250000 	 -0.017894 	 -0.003534
  203 	 -0.250000 	 -0.017661 	 -0.003802
  204 	 -0.333333 	 -0.018865 	 -0.003636
  205 	 -0.250000 	 -0.019375 	 -0.004237
  206 	 -0.250000 	 -0.017388 	 -0.003650
  207 	 -0.125000 	 -0.013756 	 -0.003610
  208 	 -0.125000 	 -0.008991 	 -0.001901
  209 	 -0.125000 	 -0.009310 	 -0.001980
  210 	 -0.125000 	 -0.008674 	 -0.001786
  211 	 -0.125000 	 -0.008845 	 -0.001821
  212 	 -0.125000 	 -0.008638 	 -0.001779
  213 	 -0.125000 	 -0.009018 	 -0.001835
  214 	 -0.125000 	 -0.008645 	 -0.001812
  215 	 -0.125000 	 -0.008377 	 -0.001783
  216 	 -0.125000 	 -0.008347 	 -0.001767
  217 	 -0.125000 	 -0.009386 	 -0.001876
  218 	 -0.125000 	 -0.008671 	 -0.001802
  219 	 -0.125000 	 -0.008681 	 -0.001862
  220 	 -0.125000 	 -0.008673 	 -0.001828
  221 	 -0.125000 	 -0.009003 	 -0.001821
  222 	 -0.125000 	 -0.008699 	 -0.001845
  223 	 -0.125000 	 -0.009012 	 -0.001838
  224 	 -0.125000 	 -0.008819 	 -0.001869
  225 	 -0.125000 	 -0.008689 	 -0.001828
  226 	 -0.125000 	 -0.008835 	 -0.001812
  227 	 -0.250000 	 -0.011106 	 -0.001825
  228 	 -0.166667 	 -0.012535 	 -0.002660
  229 	 -0.250000 	 -0.014240 	 -0.002817
  230 	 -0.250000 	 -0.015564 	 -0.003215
  231 	 -0.250000 	 -0.017156 	 -0.003650
  232 	 -0.250000 	 -0.017564 	 -0.003636
  233 	 -0.142857 	 -0.015489 	 -0.003378
  234 	 -0.142857 	 -0.010055 	 -0.002165
  235 	 -0.166667 	 -0.010521 	 -0.002119
  236 	 -0.500000 	 -0.017792 	 -0.002457
  237 	 -0.166667 	 -0.015640 	 -0.004167
  238 	 -0.166667 	 -0.011395 	 -0.002907
  239 	 -0.250000 	 -0.012624 	 -0.002331
  240 	 -0.250000 	 -0.016440 	 -0.003436
  241 	 -0.250000 	 -0.019640 	 -0.003610
  242 	 -0.250000 	 -0.016683 	 -0.003521
  243 	 -0.250000 	 -0.021997 	 -0.004292
  244 	 -0.250000 	 -0.014968 	 -0.003436
  245 	 -0.250000 	 -0.019984 	 -0.003759
  246 	 -0.250000 	 -0.017854 	 -0.003559
  247 	 -0.250000 	 -0.018437 	 -0.003521
  248 	 -0.250000 	 -0.018944 	 -0.003759
  249 	 -0.125000 	 -0.014456 	 -0.003745
  250 	 -0.125000 	 -0.008897 	 -0.001862
  251 	 -0.125000 	 -0.008812 	 -0.001825
  252 	 -0.125000 	 -0.008570 	 -0.001802
  253 	 -0.100000 	 -0.008044 	 -0.001821
  254 	 -0.100000 	 -0.007159 	 -0.001486
  255 	 -0.125000 	 -0.007470 	 -0.001453
  256 	 -0.100000 	 -0.007964 	 -0.001745
  257 	 -0.100000 	 -0.007101 	 -0.001558
  258 	 -0.100000 	 -0.007090 	 -0.001456
  259 	 -0.100000 	 -0.006812 	 -0.001422
  260 	 -0.142857 	 -0.007904 	 -0.001504
  261 	 -0.100000 	 -0.008952 	 -0.001919
  262 	 -0.166667 	 -0.008345 	 -0.001511
  263 	 -0.166667 	 -0.009584 	 -0.002037
  264 	 -0.166667 	 -0.011913 	 -0.002494
  265 	 -0.166667 	 -0.012284 	 -0.002494
  266 	 -0.166667 	 -0.011668 	 -0.002427
  267 	 -0.166667 	 -0.011326 	 -0.002398
  268 	 -0.166667 	 -0.011830 	 -0.002451
  269 	 -0.166667 	 -0.013531 	 -0.002597
  270 	 -0.166667 	 -0.011084 	 -0.002415
  271 	 -0.166667 	 -0.010840 	 -0.002451
  272 	 -0.166667 	 -0.011628 	 -0.002358
  273 	 -0.166667 	 -0.011712 	 -0.002488
  274 	 -0.166667 	 -0.011934 	 -0.002433
  275 	 -0.166667 	 -0.012040 	 -0.002439
  276 	 -0.200000 	 -0.012391 	 -0.002439
  277 	 -0.200000 	 -0.013564 	 -0.002681
  278 	 -0.111111 	 -0.011213 	 -0.002747
  279 	 -0.111111 	 -0.008293 	 -0.001739
  280 	 -0.111111 	 -0.007854 	 -0.001692
  281 	 -0.111111 	 -0.007738 	 -0.001600
  282 	 -0.111111 	 -0.007970 	 -0.001600
  283 	 -0.111111 	 -0.007871 	 -0.001658
  284 	 -0.111111 	 -0.007809 	 -0.001634
  285 	 -0.111111 	 -0.008356 	 -0.001639
  286 	 -0.111111 	 -0.007791 	 -0.001610
  287 	 -0.111111 	 -0.008319 	 -0.001642
  288 	 -0.111111 	 -0.007714 	 -0.001669
  289 	 -0.166667 	 -0.009134 	 -0.001647
  290 	 -0.166667 	 -0.011719 	 -0.002288
  291 	 -0.166667 	 -0.011560 	 -0.002387
  292 	 -0.166667 	 -0.012247 	 -0.002415
  293 	 -0.100000 	 -0.009913 	 -0.002364
  294 	 -0.142857 	 -0.008005 	 -0.001529
  295 	 -0.100000 	 -0.008442 	 -0.001818
  296 	 -0.090909 	 -0.006764 	 -0.001437
  297 	 -0.090909 	 -0.007195 	 -0.001385
  298 	 -0.090909 	 -0.006473 	 -0.001337
  299 	 -0.083333 	 -0.006160 	 -0.001318
  300 	 -0.083333 	 -0.005925 	 -0.001316
  301 	 -0.083333 	 -0.005782 	 -0.001217
  302 	 -0.083333 	 -0.005828 	 -0.001225
  303 	 -0.111111 	 -0.006373 	 -0.001211
  304 	 -0.062500 	 -0.006233 	 -0.001484
  305 	 -0.066667 	 -0.004725 	 -0.001019
  306 	 -0.066667 	 -0.004704 	 -0.001011
  307 	 -0.100000 	 -0.005391 	 -0.000984
  308 	 -0.066667 	 -0.005635 	 -0.001263
  309 	 -0.062500 	 -0.004641 	 -0.001046
  310 	 -0.062500 	 -0.004428 	 -0.000923
  311 	 -0.062500 	 -0.004251 	 -0.000903
  312 	 -0.076923 	 -0.004700 	 -0.000908
  313 	 -0.076923 	 -0.005032 	 -0.001094
  314 	 -0.076923 	 -0.005556 	 -0.001139
  315 	 -0.076923 	 -0.005390 	 -0.001119
  316 	 -0.076923 	 -0.005192 	 -0.001095
  317 	 -0.076923 	 -0.005481 	 -0.001130
  318 	 -0.125000 	 -0.006310 	 -0.001126
  319 	 -0.125000 	 -0.008247 	 -0.001570
  320 	 -0.125000 	 -0.008684 	 -0.001838
  321 	 -0.125000 	 -0.008644 	 -0.001795
  322 	 -0.125000 	 -0.008545 	 -0.001818
  323 	 -0.125000 	 -0.008435 	 -0.001795
  324 	 -0.125000 	 -0.008502 	 -0.001802
  325 	 -0.142857 	 -0.009217 	 -0.001802
  326 	 -0.142857 	 -0.010112 	 -0.001976
  327 	 -0.142857 	 -0.010341 	 -0.002062
  328 	 -0.142857 	 -0.010136 	 -0.002105
  329 	 -0.142857 	 -0.010032 	 -0.002222
  330 	 -0.166667 	 -0.011521 	 -0.002237
  331 	 -0.142857 	 -0.010822 	 -0.002370
  332 	 -0.142857 	 -0.009955 	 -0.002008
  333 	 -0.125000 	 -0.009440 	 -0.002037
  334 	 -0.125000 	 -0.009071 	 -0.001894
  335 	 -0.125000 	 -0.008669 	 -0.001815
  336 	 -0.125000 	 -0.009007 	 -0.001855
  337 	 -0.125000 	 -0.008246 	 -0.001799
  338 	 -0.142857 	 -0.009232 	 -0.001845
  339 	 -0.142857 	 -0.010174 	 -0.002212
  340 	 -0.166667 	 -0.010982 	 -0.002088
  341 	 -0.166667 	 -0.011063 	 -0.002331
  342 	 -0.166667 	 -0.010915 	 -0.002364
  343 	 -0.166667 	 -0.011570 	 -0.002457
  344 	 -0.166667 	 -0.011563 	 -0.002375
  345 	 -0.166667 	 -0.011068 	 -0.002532
  346 	 -0.166667 	 -0.011394 	 -0.002336
  347 	 -0.166667 	 -0.012463 	 -0.002494
  348 	 -0.166667 	 -0.011915 	 -0.002457
  349 	 -0.166667 	 -0.011373 	 -0.002358
  350 	 -0.166667 	 -0.011281 	 -0.002410
  351 	 -0.100000 	 -0.009850 	 -0.002392
  352 	 -0.166667 	 -0.009464 	 -0.001695
  353 	 -0.166667 	 -0.010766 	 -0.002004
  354 	 -0.166667 	 -0.010900 	 -0.002088
  355 	 -0.166667 	 -0.011762 	 -0.002375
  356 	 -0.166667 	 -0.011715 	 -0.002488
  357 	 -0.200000 	 -0.013556 	 -0.002899
  358 	 -0.200000 	 -0.013729 	 -0.002817
  359 	 -0.200000 	 -0.015267 	 -0.002985
  360 	 -0.200000 	 -0.014078 	 -0.003021
  361 	 -0.200000 	 -0.014292 	 -0.002959
  362 	 -0.200000 	 -0.013783 	 -0.003021
  363 	 -0.200000 	 -0.014476 	 -0.003145
  364 	 -0.200000 	 -0.014261 	 -0.002841
  365 	 -0.200000 	 -0.014179 	 -0.002976
  366 	 -0.500000 	 -0.008444 	 1.000000
  367 	 0.014706 	 0.068085 	 1.000000
  368 	 0.015625 	 0.064017 	 1.000000
  369 	 -1.000000 	 0.322502 	 10.000000
  370 	 0.015873 	 0.081133 	 1.000000
  371 	 -1.000000 	 0.354041 	 10.000000
  372 	 -1.000000 	 0.207920 	 10.000000
  373 	 0.013699 	 0.075263 	 1.000000
  374 	 0.023810 	 0.071224 	 1.000000
  375 	 0.019608 	 0.056637 	 1.000000
  376 	 -1.000000 	 0.174396 	 10.000000
  377 	 -0.500000 	 -0.028042 	 -0.009615
  378 	 -0.500000 	 -0.032489 	 -0.005882
  379 	 -0.500000 	 -0.037704 	 -0.007812
  380 	 -1.000000 	 -0.043717 	 -0.008197
  381 	 -1.000000 	 -0.054378 	 -0.012346
  382 	 -0.500000 	 -0.039605 	 -0.008850
  383 	 -0.500000 	 -0.040522 	 -0.008850
  384 	 -0.500000 	 -0.034943 	 -0.007143
  385 	 -0.333333 	 -0.025418 	 -0.005814
  386 	 -0.333333 	 -0.030028 	 -0.005952
  387 	 -0.333333 	 -0.024364 	 -0.005025
  388 	 -0.500000 	 -0.034286 	 -0.005025
  389 	 -0.333333 	 -0.031020 	 -0.006536
  390 	 -0.333333 	 -0.022727 	 -0.004878
  391 	 -0.500000 	 -0.012730 	 1.000000
  392 	 0.016949 	 0.248061 	 10.000000
  393 	 -1.000000 	 0.949623 	 10.000000
  394 	 -1.000000 	 0.649540 	 10.000000
  395 	 -0.250000 	 0.137030 	 10.000000
  396 	 -1.000000 	 -0.078139 	 -0.015873
  397 	 -0.200000 	 -0.038761 	 -0.015385
  398 	 -0.200000 	 -0.015264 	 -0.003185
  399 	 -0.200000 	 -0.014143 	 -0.002907
 