   0 	 -1.000000 	 -0.037045 	 0.500000
    1 	 -1.000000 	 -0.046023 	 -0.010309
    2 	 -1.000000 	 0.305991 	 10.000000
    3 	 -1.000000 	 -0.043275 	 0.500000
    4 	 -1.000000 	 -0.075226 	 -0.022222
    5 	 -1.000000 	 0.075755 	 10.000000
    6 	 -1.000000 	 -0.063644 	 -0.015873
    7 	 -1.000000 	 0.059741 	 10.000000
    8 	 0.142857 	 0.508333 	 10.000000
    9 	 -1.000000 	 1.064105 	 10.000000
   10 	 -1.000000 	 0.637450 	 10.000000
   11 	 -0.500000 	 -0.007659 	 10.000000
   12 	 -1.000000 	 2.251984 	 10.000000
   13 	 -1.000000 	 0.607381 	 10.000000
   14 	 -1.000000 	 1.115510 	 10.000000
   15 	 -1.000000 	 2.013095 	 10.000000
   16 	 -1.000000 	 2.217483 	 10.000000
   17 	 -1.000000 	 0.725176 	 10.000000
   18 	 0.034483 	 0.373111 	 10.000000
   19 	 -1.000000 	 0.990782 	 10.000000
   20 	 -1.000000 	 0.840139 	 10.000000
   21 	 0.052632 	 0.548090 	 10.000000
   22 	 -1.000000 	 1.260510 	 10.000000
   23 	 0.200000 	 1.812381 	 10.000000
   24 	 -0.500000 	 0.322602 	 10.000000
   25 	 -1.000000 	 0.753394 	 10.000000
   26 	 -1.000000 	 0.650267 	 10.000000
   27 	 -1.000000 	 -0.234819 	 -0.111111
   28 	 -0.333333 	 -0.023243 	 -0.005236
   29 	 -0.250000 	 -0.017751 	 -0.004444
   30 	 -0.333333 	 -0.019439 	 -0.003906
   31 	 -0.333333 	 -0.021625 	 -0.004329
   32 	 -0.333333 	 -0.023262 	 -0.005102
   33 	 -0.333333 	 -0.022634 	 -0.004762
   34 	 -0.333333 	 -0.026622 	 -0.005000
   35 	 -0.200000 	 -0.019692 	 -0.005000
   36 	 -0.200000 	 -0.013124 	 -0.002710
   37 	 -0.200000 	 -0.014167 	 -0.002874
   38 	 -0.200000 	 -0.012810 	 -0.002874
   39 	 -0.200000 	 -0.013431 	 -0.002778
   40 	 -0.200000 	 -0.013622 	 -0.002833
   41 	 -0.200000 	 0.128507 	 10.000000
   42 	 -1.000000 	 0.404762 	 10.000000
   43 	 -1.000000 	 -0.090386 	 -0.012346
   44 	 -1.000000 	 -0.066247 	 -0.016393
   45 	 -1.000000 	 -0.083645 	 -0.014925
   46 	 -1.000000 	 0.147878 	 10.000000
   47 	 -1.000000 	 -0.065827 	 -0.012048
   48 	 -1.000000 	 -0.072665 	 -0.012195
   49 	 -1.000000 	 0.094520 	 10.000000
   50 	 0.004651 	 0.022958 	 0.333333
   51 	 0.005076 	 0.025860 	 0.333333
   52 	 0.006289 	 0.029863 	 0.500000
   53 	 0.006329 	 0.025765 	 0.333333
   54 	 0.005102 	 0.031970 	 0.500000
   55 	 0.007463 	 0.020732 	 0.200000
   56 	 0.004505 	 0.030131 	 0.500000
   57 	 0.006579 	 0.024620 	 0.166667
   58 	 -1.000000 	 -0.003648 	 0.200000
   59 	 0.004950 	 0.023529 	 0.333333
   60 	 0.004926 	 0.022744 	 0.333333
   61 	 0.004348 	 0.029668 	 0.500000
   62 	 0.006667 	 0.021859 	 0.166667
   63 	 -1.000000 	 0.013034 	 0.500000
   64 	 0.005556 	 0.027138 	 0.333333
   65 	 -0.500000 	 0.052722 	 1.000000
   66 	 0.018868 	 0.049846 	 0.333333
   67 	 0.010989 	 0.040418 	 0.200000
   68 	 0.012346 	 0.041414 	 0.500000
   69 	 -1.000000 	 -0.000506 	 0.250000
   70 	 0.002890 	 0.013968 	 0.200000
   71 	 0.002857 	 0.014510 	 0.250000
   72 	 0.003205 	 0.015766 	 0.250000
   73 	 0.003597 	 0.015366 	 0.200000
   74 	 0.003413 	 0.013120 	 0.142857
   75 	 0.003003 	 0.011794 	 0.142857
   76 	 0.002558 	 0.010843 	 0.142857
   77 	 0.002481 	 0.010756 	 0.142857
   78 	 0.002410 	 0.010391 	 0.142857
   79 	 0.002257 	 0.011384 	 0.125000
   80 	 0.002398 	 0.009935 	 0.125000
   81 	 -1.000000 	 0.007166 	 0.333333
   82 	 0.002045 	 0.010829 	 0.166667
   83 	 0.002208 	 0.011345 	 0.166667
   84 	 0.002604 	 0.009227 	 0.111111
   85 	 0.002083 	 0.010682 	 0.100000
   86 	 0.002247 	 0.009683 	 0.100000
   87 	 0.002160 	 0.011544 	 0.166667
   88 	 0.002857 	 0.018243 	 0.500000
   89 	 0.003984 	 0.015495 	 0.200000
   90 	 0.003521 	 0.015334 	 0.166667
   91 	 0.003344 	 0.024500 	 0.500000
   92 	 0.004975 	 0.026283 	 0.500000
   93 	 0.004808 	 0.024636 	 0.333333
   94 	 0.006061 	 0.028212 	 0.500000
   95 	 0.005747 	 0.031222 	 1.000000
   96 	 0.007874 	 0.196689 	 10.000000
   97 	 -1.000000 	 0.215114 	 10.000000
   98 	 -0.333333 	 0.655962 	 10.000000
   99 	 0.071429 	 0.429840 	 10.000000
  100 	 -1.000000 	 1.622229 	 10.000000
  101 	 -1.000000 	 0.870238 	 10.000000
  102 	 -1.000000 	 -0.001430 	 10.000000
  103 	 -1.000000 	 0.228010 	 10.000000
  104 	 -0.500000 	 1.652024 	 10.000000
  105 	 -1.000000 	 2.136650 	 10.000000
  106 	 -1.000000 	 0.630722 	 10.000000
  107 	 -1.000000 	 2.091667 	 10.000000
  108 	 -1.000000 	 0.974975 	 10.000000
  109 	 -1.000000 	 0.208804 	 10.000000
  110 	 -1.000000 	 -0.117863 	 10.000000
  111 	 0.012500 	 0.070391 	 1.000000
  112 	 -1.000000 	 0.244555 	 10.000000
  113 	 0.014925 	 0.096104 	 1.000000
  114 	 -1.000000 	 0.339445 	 10.000000
  115 	 0.017544 	 0.248385 	 10.000000
  116 	 -1.000000 	 0.152936 	 10.000000
  117 	 -1.000000 	 -0.119460 	 -0.027027
  118 	 -0.333333 	 0.083802 	 10.000000
  119 	 -1.000000 	 0.898961 	 10.000000
  120 	 0.055556 	 0.662612 	 10.000000
  121 	 -1.000000 	 0.627743 	 10.000000
  122 	 -1.000000 	 2.258451 	 10.000000
  123 	 -1.000000 	 1.704802 	 10.000000
  124 	 0.050000 	 1.667948 	 10.000000
  125 	 -0.500000 	 0.731390 	 10.000000
  126 	 0.033333 	 0.427689 	 10.000000
  127 	 0.083333 	 0.387818 	 10.000000
  128 	 -1.000000 	 1.461905 	 10.000000
  129 	 0.040000 	 0.341400 	 10.000000
  130 	 -1.000000 	 2.373159 	 10.000000
  131 	 -1.000000 	 1.698808 	 10.000000
  132 	 -1.000000 	 0.564677 	 10.000000
  133 	 0.011111 	 0.169022 	 10.000000
  134 	 0.031250 	 0.787623 	 10.000000
  135 	 -1.000000 	 1.085641 	 10.000000
  136 	 0.040000 	 0.764639 	 10.000000
  137 	 -1.000000 	 0.260787 	 10.000000
  138 	 0.083333 	 0.253889 	 10.000000
  139 	 0.062500 	 1.971514 	 10.000000
  140 	 0.076923 	 2.574179 	 10.000000
  141 	 0.055556 	 1.140035 	 10.000000
  142 	 -0.500000 	 0.940612 	 10.000000
  143 	 -1.000000 	 3.607143 	 10.000000
  144 	 -1.000000 	 1.728413 	 10.000000
  145 	 -1.000000 	 1.720969 	 10.000000
  146 	 0.047619 	 0.897624 	 10.000000
  147 	 -0.333333 	 3.732143 	 10.000000
  148 	 0.047619 	 1.331341 	 10.000000
  149 	 -0.500000 	 0.594389 	 10.000000
  150 	 -1.000000 	 0.543555 	 10.000000
  151 	 0.250000 	 3.729762 	 10.000000
  152 	 -1.000000 	 0.766667 	 10.000000
  153 	 -1.000000 	 0.299854 	 10.000000
  154 	 -0.500000 	 0.582046 	 10.000000
  155 	 -1.000000 	 0.591361 	 10.000000
  156 	 -1.000000 	 0.526718 	 10.000000
  157 	 -1.000000 	 -0.066812 	 0.250000
  158 	 0.003623 	 0.016970 	 0.250000
  159 	 0.003663 	 0.162584 	 10.000000
  160 	 -0.142857 	 -0.010075 	 -0.002551
  161 	 -0.142857 	 -0.013445 	 -0.002463
  162 	 -0.142857 	 -0.010463 	 -0.002053
  163 	 -0.090909 	 -0.008635 	 -0.002123
  164 	 -0.090909 	 -0.006617 	 -0.001456
  165 	 -0.090909 	 -0.006671 	 -0.001350
  166 	 -0.090909 	 -0.006469 	 -0.001333
  167 	 -0.090909 	 -0.006442 	 -0.001328
  168 	 -0.090909 	 -0.006359 	 -0.001307
  169 	 -0.090909 	 -0.006284 	 -0.001342
  170 	 -0.125000 	 -0.007260 	 -0.001395
  171 	 -0.076923 	 -0.006650 	 -0.001590
  172 	 -0.076923 	 -0.005758 	 -0.001233
  173 	 -0.083333 	 -0.005540 	 -0.001109
  174 	 -0.083333 	 -0.006109 	 -0.001230
  175 	 -0.071429 	 -0.005511 	 -0.001185
  176 	 -0.071429 	 -0.005120 	 -0.001067
  177 	 -0.071429 	 -0.004974 	 -0.001048
  178 	 -0.083333 	 -0.005286 	 -0.001047
  179 	 -0.076923 	 -0.005421 	 -0.001140
  180 	 -0.076923 	 -0.005396 	 -0.001139
  181 	 -0.076923 	 -0.005402 	 -0.001145
  182 	 -0.111111 	 -0.006120 	 -0.001145
  183 	 -0.111111 	 -0.007072 	 -0.001437
  184 	 -0.076923 	 -0.007032 	 -0.001704
  185 	 -0.111111 	 -0.006545 	 -0.001192
  186 	 -0.100000 	 -0.007218 	 -0.001479
  187 	 -0.100000 	 -0.007197 	 -0.001572
  188 	 -0.100000 	 -0.007146 	 -0.001495
  189 	 -0.100000 	 -0.006968 	 -0.001486
  190 	 -0.100000 	 -0.007342 	 -0.001466
  191 	 -0.100000 	 -0.007098 	 -0.001550
  192 	 -0.100000 	 -0.006842 	 -0.001451
  193 	 -0.142857 	 -0.008061 	 -0.001456
  194 	 -0.100000 	 -0.008163 	 -0.001898
  195 	 -0.100000 	 -0.007118 	 -0.001468
  196 	 -0.100000 	 -0.007172 	 -0.001543
  197 	 -0.100000 	 -0.007254 	 -0.001460
  198 	 -0.100000 	 -0.007217 	 -0.001464
  199 	 -0.100000 	 -0.007442 	 -0.001445
  200 	 -0.100000 	 -0.006943 	 -0.001458
  201 	 -0.100000 	 -0.006978 	 -0.001456
  202 	 -0.100000 	 -0.007016 	 -0.001488
  203 	 -0.100000 	 -0.007159 	 -0.001572
  204 	 -0.100000 	 -0.006794 	 -0.001441
  205 	 -0.100000 	 -0.007415 	 -0.001520
  206 	 -0.100000 	 -0.007026 	 -0.001437
  207 	 -0.100000 	 -0.007111 	 -0.001490
  208 	 -0.100000 	 -0.007026 	 -0.001522
  209 	 -0.100000 	 -0.006968 	 -0.001447
  210 	 -0.100000 	 -0.006964 	 -0.001464
  211 	 -0.100000 	 -0.007123 	 -0.001479
  212 	 -0.100000 	 -0.007066 	 -0.001477
  213 	 -0.100000 	 -0.007164 	 -0.001499
  214 	 -0.142857 	 -0.008134 	 -0.001475
  215 	 -0.500000 	 -0.015609 	 -0.001873
  216 	 -0.500000 	 -0.023769 	 -0.003559
  217 	 -0.500000 	 -0.029518 	 -0.003953
  218 	 -0.500000 	 -0.026620 	 -0.004310
  219 	 -0.500000 	 -0.043093 	 -0.006667
  220 	 -0.500000 	 -0.027129 	 -0.005882
  221 	 -0.166667 	 -0.017599 	 -0.004016
  222 	 -0.166667 	 -0.012370 	 -0.002597
  223 	 -0.166667 	 -0.011649 	 -0.002500
  224 	 -0.166667 	 -0.011481 	 -0.002457
  225 	 -0.200000 	 -0.013550 	 -0.002500
  226 	 -0.200000 	 -0.013393 	 -0.002747
  227 	 -1.000000 	 -0.025264 	 -0.002688
  228 	 -1.000000 	 -0.035523 	 -0.003690
  229 	 -0.166667 	 -0.021081 	 -0.004926
  230 	 -0.166667 	 -0.011990 	 -0.002667
  231 	 -0.166667 	 -0.010611 	 -0.002410
  232 	 -0.142857 	 -0.010997 	 -0.002445
  233 	 -0.142857 	 -0.009747 	 -0.002049
  234 	 -0.166667 	 -0.010890 	 -0.002105
  235 	 -0.111111 	 -0.009737 	 -0.002500
  236 	 -0.142857 	 -0.009738 	 -0.001789
  237 	 -0.142857 	 -0.009271 	 -0.001894
  238 	 -0.142857 	 -0.009552 	 -0.001927
  239 	 -0.142857 	 -0.010775 	 -0.002016
  240 	 -0.142857 	 -0.010202 	 -0.002105
  241 	 -0.111111 	 -0.009415 	 -0.002242
  242 	 -0.111111 	 -0.007733 	 -0.001597
  243 	 -0.111111 	 -0.007814 	 -0.001597
  244 	 -0.076923 	 -0.006829 	 -0.001629
  245 	 -0.076923 	 -0.005465 	 -0.001182
  246 	 -0.076923 	 -0.005414 	 -0.001145
  247 	 -0.090909 	 -0.005868 	 -0.001176
  248 	 -0.090909 	 -0.006623 	 -0.001280
  249 	 -0.142857 	 -0.007381 	 -0.001328
  250 	 -0.111111 	 -0.008713 	 -0.001887
  251 	 -0.111111 	 -0.008419 	 -0.001629
  252 	 -0.111111 	 -0.007755 	 -0.001656
  253 	 -0.111111 	 -0.007693 	 -0.001582
  254 	 -0.111111 	 -0.007907 	 -0.001629
  255 	 -0.111111 	 -0.007811 	 -0.001631
  256 	 -0.111111 	 -0.007625 	 -0.001618
  257 	 -0.111111 	 -0.007827 	 -0.001647
  258 	 -0.100000 	 -0.007860 	 -0.001634
  259 	 -0.100000 	 -0.007163 	 -0.001475
  260 	 -0.100000 	 -0.006778 	 -0.001443
  261 	 -0.100000 	 -0.006966 	 -0.001449
  262 	 -0.100000 	 -0.006952 	 -0.001445
  263 	 -0.100000 	 -0.006940 	 -0.001447
  264 	 -0.100000 	 -0.006939 	 -0.001449
  265 	 -0.100000 	 -0.006947 	 -0.001453
  266 	 -0.100000 	 -0.007066 	 -0.001468
  267 	 -0.100000 	 -0.007595 	 -0.001466
  268 	 -0.100000 	 -0.006896 	 -0.001433
  269 	 -0.100000 	 -0.007159 	 -0.001443
  270 	 -0.100000 	 -0.006967 	 -0.001441
  271 	 -0.090909 	 -0.007155 	 -0.001495
  272 	 -0.090909 	 -0.006766 	 -0.001387
  273 	 -0.090909 	 -0.006481 	 -0.001344
  274 	 -0.090909 	 -0.006217 	 -0.001305
  275 	 -0.090909 	 -0.006665 	 -0.001346
  276 	 -0.090909 	 -0.006310 	 -0.001305
  277 	 -0.090909 	 -0.006369 	 -0.001312
  278 	 -0.111111 	 -0.007184 	 -0.001389
  279 	 -0.090909 	 -0.007116 	 -0.001565
  280 	 -0.090909 	 -0.006417 	 -0.001370
  281 	 -0.090909 	 -0.006334 	 -0.001330
  282 	 -0.090909 	 -0.006375 	 -0.001311
  283 	 -0.090909 	 -0.005931 	 -0.001255
  284 	 -0.071429 	 -0.005541 	 -0.001300
  285 	 -0.071429 	 -0.004976 	 -0.001055
  286 	 -0.071429 	 -0.005001 	 -0.001044
  287 	 -0.071429 	 -0.004945 	 -0.001021
  288 	 -0.071429 	 -0.004973 	 -0.001044
  289 	 -0.071429 	 -0.005027 	 -0.001034
  290 	 -0.071429 	 -0.005193 	 -0.001055
  291 	 -0.071429 	 -0.005015 	 -0.001025
  292 	 -0.071429 	 -0.004962 	 -0.001043
  293 	 -0.071429 	 -0.004953 	 -0.001043
  294 	 -0.076923 	 -0.005164 	 -0.001056
  295 	 -0.076923 	 -0.005345 	 -0.001112
  296 	 -0.090909 	 -0.005703 	 -0.001117
  297 	 -0.083333 	 -0.005980 	 -0.001295
  298 	 -0.083333 	 -0.005794 	 -0.001199
  299 	 -0.083333 	 -0.005859 	 -0.001221
  300 	 -0.083333 	 -0.005788 	 -0.001203
  301 	 -0.083333 	 -0.005944 	 -0.001244
  302 	 -0.100000 	 -0.006165 	 -0.001244
  303 	 -0.100000 	 -0.006799 	 -0.001418
  304 	 -0.100000 	 -0.007054 	 -0.001441
  305 	 -0.100000 	 -0.006981 	 -0.001473
  306 	 -0.100000 	 -0.007164 	 -0.001473
  307 	 -0.100000 	 -0.006814 	 -0.001420
  308 	 -0.100000 	 -0.006949 	 -0.001481
  309 	 -0.100000 	 -0.007135 	 -0.001522
  310 	 -0.100000 	 -0.006913 	 -0.001445
  311 	 -0.100000 	 -0.006936 	 -0.001460
  312 	 -0.111111 	 -0.007807 	 -0.001502
  313 	 -0.111111 	 -0.007559 	 -0.001585
  314 	 -0.100000 	 -0.007446 	 -0.001543
  315 	 -0.100000 	 -0.006970 	 -0.001445
  316 	 -0.100000 	 -0.006918 	 -0.001451
  317 	 -0.100000 	 -0.007175 	 -0.001555
  318 	 -0.111111 	 -0.007528 	 -0.001543
  319 	 -0.100000 	 -0.006995 	 -0.001572
  320 	 -0.100000 	 -0.007481 	 -0.001479
  321 	 -0.100000 	 -0.006970 	 -0.001449
  322 	 -0.100000 	 -0.006699 	 -0.001456
  323 	 -0.100000 	 -0.007054 	 -0.001468
  324 	 -0.100000 	 -0.007112 	 -0.001458
  325 	 -0.100000 	 -0.007030 	 -0.001502
  326 	 -0.100000 	 -0.007207 	 -0.001495
  327 	 -0.100000 	 -0.006925 	 -0.001449
  328 	 -0.125000 	 -0.007526 	 -0.001433
  329 	 -0.125000 	 -0.008539 	 -0.001721
  330 	 -0.100000 	 -0.007738 	 -0.001675
  331 	 -0.100000 	 -0.007157 	 -0.001495
  332 	 -0.100000 	 -0.006918 	 -0.001445
  333 	 -0.100000 	 -0.006941 	 -0.001456
  334 	 -0.200000 	 -0.009007 	 -0.001488
  335 	 -0.166667 	 -0.010665 	 -0.002242
  336 	 -0.200000 	 -0.013645 	 -0.002639
  337 	 -0.200000 	 -0.012576 	 -0.002320
  338 	 -0.200000 	 -0.014500 	 -0.002994
  339 	 -0.500000 	 -0.019390 	 -0.002924
  340 	 -0.500000 	 -0.026564 	 -0.004348
  341 	 -0.500000 	 -0.026290 	 -0.005208
  342 	 -0.500000 	 0.115081 	 10.000000
  343 	 -0.500000 	 -0.043709 	 -0.008621
  344 	 -0.500000 	 -0.027481 	 -0.005814
  345 	 -0.500000 	 -0.036830 	 -0.006757
  346 	 -0.500000 	 -0.033449 	 -0.007092
  347 	 -1.000000 	 -0.042149 	 -0.007042
  348 	 -0.500000 	 -0.047604 	 -0.008772
  349 	 -0.500000 	 -0.040710 	 -0.007353
  350 	 -0.500000 	 -0.040455 	 -0.007752
  351 	 -0.200000 	 0.128753 	 10.000000
  352 	 -0.500000 	 -0.050000 	 -0.008403
  353 	 -1.000000 	 -0.052977 	 -0.007519
  354 	 -0.500000 	 -0.031589 	 -0.006803
  355 	 -0.500000 	 -0.031423 	 -0.007042
  356 	 -0.500000 	 -0.035784 	 -0.007692
  357 	 -0.250000 	 -0.029433 	 -0.007812
  358 	 -0.500000 	 -0.022533 	 -0.003891
  359 	 -0.333333 	 -0.023758 	 -0.004926
  360 	 -0.333333 	 -0.022919 	 -0.005051
  361 	 -0.333333 	 -0.021198 	 -0.004902
  362 	 -0.333333 	 -0.025532 	 -0.005128
  363 	 -0.333333 	 -0.023068 	 -0.004831
  364 	 -0.333333 	 -0.027164 	 -0.005128
  365 	 -0.333333 	 -0.024099 	 -0.004808
  366 	 -0.333333 	 -0.018425 	 -0.004167
  367 	 -0.333333 	 -0.020749 	 -0.004566
  368 	 -0.500000 	 -0.032884 	 -0.005051
  369 	 -0.333333 	 -0.027234 	 -0.004975
  370 	 -1.000000 	 -0.014202 	 1.000000
  371 	 0.014706 	 0.089647 	 1.000000
  372 	 0.021277 	 0.275651 	 10.000000
  373 	 -1.000000 	 -0.108389 	 1.000000
  374 	 -1.000000 	 -0.064552 	 -0.014085
  375 	 -1.000000 	 0.065714 	 10.000000
  376 	 -0.500000 	 0.347018 	 10.000000
  377 	 -1.000000 	 0.841814 	 10.000000
  378 	 0.125000 	 0.501429 	 10.000000
  379 	 0.062500 	 1.123479 	 10.000000
  380 	 0.142857 	 0.956497 	 10.000000
  381 	 -0.500000 	 2.358095 	 10.000000
  382 	 0.045455 	 0.084656 	 0.250000
  383 	 -1.000000 	 0.190993 	 10.000000
  384 	 -0.500000 	 -0.089252 	 10.000000
  385 	 0.166667 	 0.617857 	 1.000000
  386 	 -0.500000 	 0.609509 	 10.000000
  387 	 -1.000000 	 0.193095 	 10.000000
  388 	 -1.000000 	 0.971429 	 10.000000
  389 	 0.500000 	 2.600000 	 10.000000
  390 	 -1.000000 	 -0.121025 	 0.500000
  391 	 0.003497 	 0.017198 	 0.250000
  392 	 0.003717 	 0.016353 	 0.250000
  393 	 0.003717 	 0.017432 	 0.200000
  394 	 0.004049 	 0.021445 	 0.250000
  395 	 0.005263 	 0.021047 	 0.250000
  396 	 0.004831 	 0.037434 	 1.000000
  397 	 0.007194 	 0.170976 	 10.000000
  398 	 -1.000000 	 0.891115 	 10.000000
  399 	 0.020408 	 0.759350 	 10.000000
 