0 0.016258	0.078406	1.545314
1	0.019585	0.712858	2.013995
2	0.035663	1.086195	2.393925
3	0.075483	0.950163	2.643205
4	0.143546	0.713642	2.372815
5	0.176575	0.856447	2.143385
6	0.216424	0.997279	1.945253
7	0.237020	0.909813	2.024423
8	0.280368	0.783746	2.095262
9	0.324156	0.863892	1.869903
10	0.328149	0.941097	1.782627
11	0.334570	0.882244	1.905543
12	0.350796	0.800765	1.836495
13	0.373985	0.864451	1.921470
14	0.421109	0.924681	1.985190
15	0.433198	0.866237	1.834167
16	0.407368	0.803508	1.635414
17	0.418052	0.846777	1.599252
18	0.432818	0.891211	1.632792
19	0.478625	0.858008	1.674091
20	0.420845	0.816479	1.722508
21	0.431839	0.845639	1.472034
22	0.526480	0.883324	1.619724
23	0.466567	0.856413	1.754287
24	0.480095	0.820558	1.483814
25	0.445205	0.851419	1.634516
26	0.498039	0.880873	1.692843
27	0.460581	0.851794	1.834452
28	0.487895	0.824976	1.539833
29	0.453806	0.862237	2.154824
30	0.497672	0.875596	1.916987
31	0.481021	0.862681	2.127982
32	0.498778	0.842938	1.776757
33	0.485975	0.859726	1.876205
34	0.500212	0.900319	2.855248
35	0.501420	0.884660	2.558021
36	0.475488	0.872519	2.662782
37	0.490720	0.873260	2.035557
38	0.498905	0.896899	2.695876
39	0.528294	0.881766	2.379078
40	0.482337	0.876833	2.510389
41	0.479161	0.874027	2.047082
42	0.479888	0.896493	2.506487
43	0.513361	0.876939	2.177944
44	0.496212	0.874150	2.583058
45	0.465004	0.876441	2.188790
46	0.490943	0.918523	2.977737
47	0.500768	0.888527	2.667408
48	0.492743	0.870672	2.261550
49	0.489440	0.878754	2.199425
50	0.503847	0.909234	2.781505
51	0.565394	0.882565	2.312682
52	0.471016	0.872534	2.143316
53	0.486452	0.876922	2.080145
54	0.575708	0.904761	2.602802
55	0.568553	0.889152	2.578294
56	0.470762	0.888185	2.735531
57	0.459252	0.864454	1.769591
58	0.569113	0.903086	2.482374
59	0.543823	0.886812	2.390441
60	0.479057	0.884783	2.724093
61	0.474586	0.865337	1.761773
62	0.564309	0.909969	2.420231
63	0.518015	0.879142	2.094818
64	0.532663	0.883681	2.631088
65	0.558134	0.871183	1.795383
66	0.507192	0.904083	2.256786
67	0.475173	0.875084	1.937894
68	0.476436	0.885280	2.971458
69	0.522586	0.877765	2.249712
70	0.480628	0.900991	2.252625
71	0.498083	0.875440	1.925763
72	0.507443	0.890881	3.191949
73	0.518174	0.871764	1.952413
74	0.469191	0.899008	2.332616
75	0.514204	0.886183	2.384114
76	0.566320	0.887691	2.973471
77	0.505858	0.867136	1.840011
78	0.477860	0.893571	2.087539
79	0.539570	0.885379	2.435330
80	0.562266	0.885523	2.693590
81	0.480041	0.872087	2.289968
82	0.512102	0.899189	2.056531
83	0.516863	0.899967	2.850586
84	0.553535	0.892988	2.645782
85	0.478234	0.881850	2.323880
86	0.544057	0.905277	1.991705
87	0.549356	0.898650	2.455844
88	0.555910	0.896618	2.510764
89	0.517700	0.882550	2.119223
90	0.563490	0.904936	1.918555
91	0.531099	0.894748	2.205877
92	0.491423	0.893634	2.397130
93	0.503724	0.889352	2.163553
94	0.532506	0.916672	2.693494
95	0.526447	0.892646	2.146435
96	0.527799	0.896087	2.527606
97	0.517116	0.893745	2.657286
98	0.541448	0.908356	2.230254
99	0.543462	0.893249	2.006518
100	0.548460	0.908035	3.278738
101	0.564318	0.889417	2.470642
102	0.566475	0.903736	2.018491
103	0.559436	0.895616	2.181596
104	0.566442	0.909970	2.861629
105	0.581518	0.889015	2.504290
106	0.609355	0.901260	1.907902
107	0.568356	0.894273	1.897686
108	0.587093	0.908862	2.628406
109	0.606034	0.886129	2.338473
110	0.633150	0.898444	1.823339
111	0.591735	0.893649	1.881921
112	0.603074	0.907248	2.472132
113	0.572864	0.886512	2.422829
114	0.590072	0.896181	1.757501
115	0.606347	0.895318	2.058955
116	0.568099	0.906616	2.556195
117	0.560356	0.883121	2.212688
118	0.578045	0.899184	2.048612
119	0.561488	0.892711	1.900695
120	0.556199	0.910243	2.886369
121	0.559296	0.885366	2.426539
122	0.582945	0.898246	2.018586
123	0.560062	0.895155	2.084222
124	0.602884	0.906746	2.511642
125	0.544413	0.886646	2.561884
126	0.577925	0.895695	1.850428
127	0.565073	0.893794	1.968878
128	0.618700	0.905054	2.400440
129	0.584644	0.885217	2.389176
130	0.588758	0.894426	1.797379
131	0.525831	0.891606	1.801508
132	0.589599	0.905571	2.468325
133	0.557586	0.885052	2.407918
134	0.522039	0.893333	1.773393
135	0.501074	0.890441	1.811855
136	0.641890	0.908487	2.699683
137	0.577640	0.890963	2.731139
138	0.517942	0.894551	1.711947
139	0.527826	0.890374	1.766479
140	0.631152	0.906764	2.564693
141	0.565558	0.886954	2.359405
142	0.506313	0.895118	1.782785
143	0.545467	0.891161	1.786670
144	0.638392	0.904891	2.401954
145	0.580236	0.886052	2.281864
146	0.524540	0.893872	1.717638
147	0.556595	0.892493	1.879329
148	0.552824	0.903753	2.377507
149	0.543567	0.884854	2.247038
150	0.553186	0.897721	2.131306
151	0.544303	0.893528	1.940969
152	0.567606	0.913425	2.771579
153	0.538505	0.890700	2.633112
154	0.550033	0.895247	1.923358
155	0.540234	0.892533	1.879348
156	0.523531	0.912003	2.751432
157	0.564325	0.887802	2.372519
158	0.537327	0.897269	2.014764
159	0.557907	0.891098	1.705271
160	0.574435	0.912743	2.751256
161	0.599078	0.885821	2.157052
162	0.523189	0.902824	2.435698
163	0.580179	0.891821	1.645214
164	0.504409	0.914147	2.693770
165	0.528645	0.887102	2.156328
166	0.536274	0.909256	2.816768
167	0.533133	0.901914	2.295039
168	0.518858	0.917270	2.686603
169	0.544957	0.891281	2.193446
170	0.528463	0.911302	2.476913
171	0.543905	0.903613	1.986769
172	0.546292	0.919924	2.614084
173	0.542347	0.893773	2.135787
174	0.500437	0.913630	2.375228
175	0.519888	0.911010	2.078849
176	0.547345	0.933030	3.124963
177	0.586474	0.900609	2.145851
178	0.533720	0.921564	2.342469
179	0.573120	0.913312	1.839646
180	0.538338	0.931356	2.860453
181	0.594895	0.900644	1.980659
182	0.506657	0.925049	2.509654
183	0.568929	0.912166	1.739233
184	0.560873	0.930281	2.829325
185	0.598767	0.902626	2.135394
186	0.542373	0.922018	2.251353
187	0.542550	0.911831	1.682877
188	0.555158	0.925879	2.518015
189	0.592275	0.901701	2.064887
190	0.545859	0.918895	2.251194
191	0.548368	0.912352	1.711701
192	0.600742	0.934408	2.639604
193	0.611882	0.901232	1.997251
194	0.572547	0.916320	2.032144
195	0.589242	0.912949	1.698527
196	0.622060	0.933716	2.507088
197	0.636023	0.904407	1.883795
198	0.584506	0.917313	1.970033
199	0.607256	0.913179	1.615111
200	0.647083	0.935039	2.454695
201	0.635840	0.907298	1.889593
202	0.606725	0.917832	1.886319
203	0.628281	0.915076	1.614050
204	0.539173	0.933864	2.340867
205	0.561135	0.905659	1.811452
206	0.582883	0.924899	2.368251
207	0.622375	0.923711	2.145474
208	0.545615	0.935934	2.362394
209	0.598338	0.908558	1.774247
210	0.522406	0.926306	2.284965
211	0.598528	0.926133	1.835274
212	0.553034	0.941183	2.690710
213	0.597518	0.912283	1.997101
214	0.551208	0.927702	2.112910
215	0.580780	0.924994	1.769612
216	0.547513	0.940020	2.485610
217	0.609800	0.914724	2.027757
218	0.500586	0.933739	2.899034
219	0.568515	0.922553	1.737337
220	0.580586	0.945353	2.809235
221	0.601626	0.919447	2.214913
222	0.502571	0.935358	2.536805
223	0.561661	0.923425	1.834370
224	0.597887	0.943647	2.641636
225	0.609256	0.926761	2.647738
226	0.528695	0.951494	2.794581
227	0.602852	0.922587	1.759135
228	0.593598	0.940020	2.415128
229	0.586011	0.923949	2.442281
230	0.581999	0.950019	2.633184
231	0.544440	0.924817	1.970752
232	0.599584	0.937187	2.239785
233	0.621242	0.933726	3.025414
234	0.577294	0.954269	2.890634
235	0.553246	0.922104	1.788522
236	0.579078	0.944630	2.474943
237	0.551998	0.930521	2.753250
238	0.555967	0.960541	3.166920
239	0.570221	0.927707	2.188882
240	0.506459	0.944639	2.611111
241	0.567482	0.926409	2.489665
242	0.561323	0.961283	3.114321
243	0.574528	0.931063	2.373371
244	0.510531	0.941947	2.396297
245	0.586801	0.928552	2.381110
246	0.562351	0.957173	2.795047
247	0.560426	0.928018	2.050850
248	0.533881	0.946524	2.755876
249	0.602590	0.927072	2.268869
250	0.587727	0.953027	2.560765
251	0.579969	0.925380	1.871707
252	0.519203	0.947289	2.845630
253	0.616496	0.926089	2.130423
254	0.596385	0.952875	2.637772
255	0.574776	0.923663	1.746540
256	0.466075	0.945543	2.685801
257	0.580558	0.925223	2.120438
258	0.562813	0.950991	2.640587
259	0.598624	0.924139	1.812069
260	0.481373	0.949443	2.979412
261	0.528951	0.920527	2.020975
262	0.462473	0.945934	2.458761
263	0.586141	0.927002	1.981882
264	0.493742	0.953073	3.357940
265	0.536310	0.921074	2.012929
266	0.474775	0.947341	2.553670
267	0.538332	0.923578	1.837725
268	0.477448	0.948876	3.027994
269	0.573731	0.934253	2.814042
270	0.498440	0.945581	2.473901
271	0.575685	0.921658	1.693293
272	0.494917	0.946674	2.908700
273	0.553099	0.931869	2.363603
274	0.517594	0.946502	2.340238
275	0.533204	0.932485	2.536984
276	0.530862	0.944019	2.638365
277	0.557390	0.930081	2.428784
278	0.498484	0.942723	2.200142
279	0.559345	0.932521	2.469941
280	0.546694	0.946215	2.722991
281	0.558454	0.927582	2.149265
282	0.464065	0.944846	2.308495
283	0.594897	0.930205	2.254878
284	0.574651	0.958547	3.595611
285	0.541047	0.927075	2.117271
286	0.460212	0.943057	2.206806
287	0.609828	0.931116	2.274942
288	0.601625	0.957809	3.610316
289	0.517314	0.923495	1.987212
290	0.428977	0.939889	2.087378
291	0.571309	0.933916	2.559786
292	0.516159	0.963918	3.998858
293	0.541490	0.925675	2.270375
294	0.455915	0.945925	2.511253
295	0.550494	0.932972	2.409724
296	0.502537	0.955435	3.322782
297	0.493665	0.923489	2.134693
298	0.481330	0.948357	2.751687
299	0.524221	0.937251	2.808378
300	0.482605	0.949540	2.929554
301	0.481783	0.924285	2.215234
302	0.497057	0.948298	2.838558
303	0.549357	0.936592	2.644193
304	0.507923	0.954412	2.801481
305	0.488621	0.922309	1.976686
306	0.502278	0.946227	2.551048
307	0.550668	0.936152	2.586327
308	0.525709	0.952152	2.894667
309	0.507767	0.923955	2.058569
310	0.552998	0.947945	2.550770
311	0.557996	0.933416	2.368737
312	0.552945	0.954663	2.920067
313	0.520732	0.924035	2.120456
314	0.456365	0.939670	2.161641
315	0.519748	0.930848	2.218990
316	0.503052	0.957495	3.430477
317	0.531886	0.926154	2.181621
318	0.488780	0.939915	2.188080
319	0.488578	0.933210	2.289483
320	0.527511	0.951881	2.920881
321	0.531177	0.928328	2.185686
322	0.478077	0.941988	2.101713
323	0.485511	0.935854	2.320361
324	0.558669	0.955597	3.013404
325	0.539462	0.930843	2.270588
326	0.485966	0.942173	2.061944
327	0.515476	0.933690	2.095472
328	0.565376	0.952204	2.756193
329	0.581512	0.936605	2.592590
330	0.466735	0.943239	2.218167
331	0.512224	0.932487	1.946585
332	0.514781	0.952595	2.725097
333	0.537151	0.934174	2.332754
334	0.529955	0.946524	2.393842
335	0.519304	0.935925	2.142564
336	0.538039	0.947881	2.370279
337	0.547478	0.933014	2.233448
338	0.523334	0.944227	2.101387
339	0.539712	0.935663	2.010707
340	0.520564	0.952035	2.681153
341	0.542074	0.932530	2.131669
342	0.536592	0.943818	2.017048
343	0.548050	0.938315	1.982417
344	0.552955	0.949250	2.378906
345	0.583730	0.932957	1.976735
346	0.570720	0.943324	1.883914
347	0.549826	0.936445	1.837555
348	0.545400	0.947686	2.228137
349	0.587434	0.940098	2.238439
350	0.550851	0.954136	2.439720
351	0.519434	0.949426	2.537784
352	0.542025	0.946914	2.168068
353	0.589959	0.938934	2.100823
354	0.579437	0.955156	2.322281
355	0.560898	0.951629	2.405223
356	0.519508	0.946768	2.084229
357	0.598167	0.938168	1.951391
358	0.569062	0.954392	2.202789
359	0.598272	0.951505	2.311657
360	0.530034	0.948093	2.164810
361	0.541648	0.935599	1.806328
362	0.594421	0.951393	1.994246
363	0.603308	0.954595	2.529520
364	0.534123	0.950902	2.292878
365	0.554574	0.941953	2.286030
366	0.598544	0.949592	1.873402
367	0.633395	0.956970	2.555122
368	0.597778	0.952003	2.177980
369	0.569096	0.939506	2.044287
370	0.569057	0.947357	1.738255
371	0.623876	0.955974	2.508423
372	0.614289	0.953108	2.260331
373	0.462148	0.938068	1.936427
374	0.544482	0.957912	2.429731
375	0.559578	0.962879	2.948227
376	0.623967	0.957446	2.538152
377	0.535284	0.946207	2.439892
378	0.566153	0.959503	2.277479
379	0.538357	0.959317	2.576484
380	0.611931	0.955307	2.183746
381	0.520985	0.951390	2.815981
382	0.581207	0.959923	2.233753
383	0.529287	0.964445	2.784816
384	0.611712	0.958183	2.241561
385	0.516442	0.951078	2.491132
386	0.538914	0.962214	2.134936
387	0.551668	0.966643	2.582488
388	0.613367	0.966559	2.520354
389	0.541166	0.952668	2.171699
390	0.506569	0.968688	2.221870
391	0.559745	0.971600	2.415706
392	0.561795	0.972640	2.713292
393	0.556897	0.956341	2.123428
394	0.527890	0.987266	3.010183
395	0.573625	0.972012	2.354903
396	0.527164	0.976481	2.851675
397	0.517940	0.958252	2.409388
398	0.523703	0.986733	2.980261
399	0.529349	0.985763	3.170738
