   0 	 0.017653 	 0.058528 	 0.310424
    1 	 0.021455 	 0.084405 	 0.371113
    2 	 0.027017 	 0.150720 	 1.216531
    3 	 0.027017 	 0.291435 	 1.259827
    4 	 0.041707 	 0.600851 	 1.259246
    5 	 0.086320 	 0.807183 	 1.260054
    6 	 0.259076 	 0.742315 	 1.163842
    7 	 0.319285 	 0.655542 	 1.172444
    8 	 0.394796 	 0.680456 	 1.068621
    9 	 0.515718 	 0.712434 	 0.920908
   10 	 0.544894 	 0.697164 	 0.861033
   11 	 0.592590 	 0.678339 	 0.779838
   12 	 0.574751 	 0.682315 	 0.841532
   13 	 0.590803 	 0.691946 	 0.797495
   14 	 0.580008 	 0.694444 	 0.878820
   15 	 0.593227 	 0.693078 	 0.851518
   16 	 0.607748 	 0.686429 	 0.832849
   17 	 0.586906 	 0.687926 	 0.870312
   18 	 0.042246 	 0.682096 	 0.861080
   19 	 0.610907 	 0.682520 	 0.823442
   20 	 0.593926 	 0.688653 	 1.360090
   21 	 0.605343 	 0.684052 	 0.862739
   22 	 0.444782 	 0.683550 	 0.824984
   23 	 0.609672 	 0.688791 	 0.877702
   24 	 0.613413 	 0.692756 	 0.847499
   25 	 0.566283 	 0.686704 	 0.831710
   26 	 0.205283 	 0.674032 	 0.848971
   27 	 0.490017 	 0.677615 	 0.828132
   28 	 0.481833 	 0.682359 	 0.914509
   29 	 0.488529 	 0.677885 	 0.795788
   30 	 0.491572 	 0.674536 	 0.801004
   31 	 0.601766 	 0.680436 	 0.796731
   32 	 0.622098 	 0.683298 	 0.794804
   33 	 0.604841 	 0.682730 	 0.742915
   34 	 0.594175 	 0.680311 	 0.762282
   35 	 0.619493 	 0.679766 	 0.739373
   36 	 0.621538 	 0.685143 	 0.752864
   37 	 0.625600 	 0.686836 	 0.730715
   38 	 0.631993 	 0.685628 	 0.725567
   39 	 0.620036 	 0.686412 	 0.724484
   40 	 0.624704 	 0.687294 	 0.754424
   41 	 0.631804 	 0.688589 	 0.732591
   42 	 0.634819 	 0.689467 	 0.754481
   43 	 0.634833 	 0.690255 	 0.733304
   44 	 0.636550 	 0.689837 	 0.730770
   45 	 0.634509 	 0.689935 	 0.731059
   46 	 0.634048 	 0.691346 	 0.727009
   47 	 0.636081 	 0.691665 	 0.726311
   48 	 0.630136 	 0.689992 	 0.725126
   49 	 0.619658 	 0.691324 	 0.752400
   50 	 0.670365 	 0.693076 	 0.733368
   51 	 0.658328 	 0.693897 	 0.732566
   52 	 0.244308 	 0.690003 	 0.731015
   53 	 0.669497 	 0.695835 	 0.733090
   54 	 0.667729 	 0.699111 	 0.989210
   55 	 0.439926 	 0.691627 	 0.731545
   56 	 0.436685 	 0.690568 	 0.734440
   57 	 0.669332 	 0.695074 	 0.828826
   58 	 0.666205 	 0.694363 	 0.831059
   59 	 0.657105 	 0.692155 	 0.733754
   60 	 0.201863 	 0.686080 	 0.734607
   61 	 0.203359 	 0.687651 	 0.733244
   62 	 0.666131 	 0.696942 	 1.032564
   63 	 0.666736 	 0.697062 	 1.030971
   64 	 0.555814 	 0.693130 	 0.734387
   65 	 0.580056 	 0.697424 	 0.810846
   66 	 0.241799 	 0.692876 	 0.756193
   67 	 0.633936 	 0.697398 	 0.785512
   68 	 0.257597 	 0.693360 	 0.991671
   69 	 0.644284 	 0.695180 	 0.735472
   70 	 0.568741 	 0.696469 	 0.976375
   71 	 0.665747 	 0.693926 	 0.735907
   72 	 0.573732 	 0.694892 	 0.748873
   73 	 0.665555 	 0.696952 	 0.733839
   74 	 0.659860 	 0.694046 	 0.746084
   75 	 0.666472 	 0.693406 	 0.734288
   76 	 0.661077 	 0.694087 	 0.736094
   77 	 0.610838 	 0.693690 	 0.735196
   78 	 0.620420 	 0.694951 	 0.738511
   79 	 0.665870 	 0.693835 	 0.733177
   80 	 0.664403 	 0.693224 	 0.736122
   81 	 0.666766 	 0.693081 	 0.735822
   82 	 0.666505 	 0.692113 	 0.735481
   83 	 0.665592 	 0.696089 	 0.735246
   84 	 0.666451 	 0.698549 	 0.733305
   85 	 0.042240 	 0.691416 	 0.736056
   86 	 0.666725 	 0.698703 	 0.733882
   87 	 0.669941 	 0.708159 	 1.360101
   88 	 0.103786 	 0.698838 	 0.735397
   89 	 0.470212 	 0.701248 	 0.733708
   90 	 0.665780 	 0.708446 	 1.148916
   91 	 0.666696 	 0.707276 	 0.859689
   92 	 0.542913 	 0.704351 	 0.735954
   93 	 0.614897 	 0.704987 	 0.741430
   94 	 0.665534 	 0.707619 	 0.809119
   95 	 0.663117 	 0.706409 	 0.764586
   96 	 0.665727 	 0.709603 	 0.736088
   97 	 0.666266 	 0.708765 	 0.737400
   98 	 0.667459 	 0.708126 	 0.743656
   99 	 0.664894 	 0.710502 	 0.747709
  100 	 0.668018 	 0.711759 	 0.735046
  101 	 0.676369 	 0.710571 	 0.746632
  102 	 0.666364 	 0.709141 	 0.734744
  103 	 0.038382 	 0.695073 	 0.730264
  104 	 0.668114 	 0.708536 	 0.735638
  105 	 0.674122 	 0.719929 	 1.367275
  106 	 0.674280 	 0.709192 	 0.734693
  107 	 0.485372 	 0.707094 	 0.731464
  108 	 0.042318 	 0.704428 	 0.818683
  109 	 0.667918 	 0.712897 	 0.848629
  110 	 0.661514 	 0.715808 	 1.359957
  111 	 0.100450 	 0.701377 	 0.794979
  112 	 0.487102 	 0.709000 	 0.814698
  113 	 0.672053 	 0.719996 	 1.260320
  114 	 0.663263 	 0.712195 	 0.854919
  115 	 0.511949 	 0.708682 	 0.799914
  116 	 0.671803 	 0.713950 	 0.827087
  117 	 0.042327 	 0.704973 	 0.829911
  118 	 0.657857 	 0.708655 	 0.795146
  119 	 0.656637 	 0.716417 	 1.359940
  120 	 0.673610 	 0.711402 	 0.740271
  121 	 0.487106 	 0.708619 	 0.740940
  122 	 0.666659 	 0.709904 	 0.731738
  123 	 0.671880 	 0.711887 	 0.847381
  124 	 0.676394 	 0.711924 	 0.735479
  125 	 0.649190 	 0.711704 	 0.732666
  126 	 0.678651 	 0.711786 	 0.732288
  127 	 0.669640 	 0.711854 	 0.745051
  128 	 0.682596 	 0.712500 	 0.729049
  129 	 0.656111 	 0.712260 	 0.739514
  130 	 0.677064 	 0.711277 	 0.726958
  131 	 0.678596 	 0.710570 	 0.741229
  132 	 0.676444 	 0.711199 	 0.729893
  133 	 0.678618 	 0.712109 	 0.729078
  134 	 0.678424 	 0.711842 	 0.730224
  135 	 0.678373 	 0.711499 	 0.734637
  136 	 0.678436 	 0.711334 	 0.729169
  137 	 0.677698 	 0.711670 	 0.728928
  138 	 0.678597 	 0.712199 	 0.734474
  139 	 0.708452 	 0.712550 	 0.729556
  140 	 0.700538 	 0.712385 	 0.729078
  141 	 0.702960 	 0.712316 	 0.720838
  142 	 0.085875 	 0.705423 	 0.717598
  143 	 0.707295 	 0.712294 	 0.719467
  144 	 0.708919 	 0.718677 	 1.283904
  145 	 0.708791 	 0.712345 	 0.718544
  146 	 0.505842 	 0.710253 	 0.741383
  147 	 0.708444 	 0.712991 	 0.741371
  148 	 0.702256 	 0.713790 	 0.834139
  149 	 0.049319 	 0.704388 	 0.717232
  150 	 0.654819 	 0.711251 	 0.717144
  151 	 0.709103 	 0.719168 	 1.347130
  152 	 0.709147 	 0.712433 	 0.741939
  153 	 0.490165 	 0.709817 	 0.718521
  154 	 0.701982 	 0.712865 	 0.795170
  155 	 0.708456 	 0.713263 	 0.845191
  156 	 0.671966 	 0.711451 	 0.718473
  157 	 0.247979 	 0.706024 	 0.713544
  158 	 0.708480 	 0.712029 	 0.732619
  159 	 0.710963 	 0.716076 	 1.062723
  160 	 0.701450 	 0.711731 	 0.713532
  161 	 0.569566 	 0.710110 	 0.714685
  162 	 0.710969 	 0.711912 	 0.717129
  163 	 0.643064 	 0.712028 	 0.792038
  164 	 0.709155 	 0.711789 	 0.712267
  165 	 0.673384 	 0.711774 	 0.748467
  166 	 0.711609 	 0.711851 	 0.713188
  167 	 0.693738 	 0.711870 	 0.731859
  168 	 0.498401 	 0.709480 	 0.714679
  169 	 0.701824 	 0.711813 	 0.721117
  170 	 0.432221 	 0.710130 	 0.839348
  171 	 0.707155 	 0.711840 	 0.716937
  172 	 0.652593 	 0.713143 	 0.888714
  173 	 0.709252 	 0.711825 	 0.714207
  174 	 0.632226 	 0.711291 	 0.743167
  175 	 0.710628 	 0.711832 	 0.713139
  176 	 0.100450 	 0.698805 	 0.754589
  177 	 0.711168 	 0.711829 	 0.712440
  178 	 0.690804 	 0.723577 	 1.260320
  179 	 0.711521 	 0.712037 	 0.726517
  180 	 0.511949 	 0.707686 	 0.722646
  181 	 0.704465 	 0.711857 	 0.715753
  182 	 0.706392 	 0.714336 	 0.829911
  183 	 0.709848 	 0.711817 	 0.715582
  184 	 0.656637 	 0.710660 	 0.714596
  185 	 0.709934 	 0.711837 	 0.712836
  186 	 0.710431 	 0.712447 	 0.740940
  187 	 0.038339 	 0.704343 	 0.712792
  188 	 0.204648 	 0.705888 	 0.712540
  189 	 0.711343 	 0.719115 	 1.367356
  190 	 0.711471 	 0.716456 	 1.114022
  191 	 0.485353 	 0.709313 	 0.712077
  192 	 0.553397 	 0.709991 	 0.712012
  193 	 0.711705 	 0.713351 	 0.848642
  194 	 0.711738 	 0.712876 	 0.802313
  195 	 0.648659 	 0.711128 	 0.711893
  196 	 0.668756 	 0.711395 	 0.719150
  197 	 0.710263 	 0.712266 	 0.745346
  198 	 0.708140 	 0.712140 	 0.734346
  199 	 0.695243 	 0.711700 	 0.719616
  200 	 0.700601 	 0.711675 	 0.713705
  201 	 0.707907 	 0.711897 	 0.720335
  202 	 0.291781 	 0.707242 	 0.717566
  203 	 0.707546 	 0.711796 	 0.713824
  204 	 0.247425 	 0.710004 	 1.015455
  205 	 0.247425 	 0.701527 	 0.714007
  206 	 0.585324 	 0.714350 	 1.063350
  207 	 0.710729 	 0.719633 	 1.063350
  208 	 0.569363 	 0.711020 	 0.782274
  209 	 0.569363 	 0.708669 	 0.712389
  210 	 0.247425 	 0.707190 	 0.792165
  211 	 0.711547 	 0.713613 	 0.792165
  212 	 0.673326 	 0.715501 	 1.063350
  213 	 0.673326 	 0.710976 	 0.711973
  214 	 0.569363 	 0.710373 	 0.731890
  215 	 0.711757 	 0.712275 	 0.731890
  216 	 0.498398 	 0.710289 	 0.792165
  217 	 0.498398 	 0.709236 	 0.711867
  218 	 0.114594 	 0.701472 	 0.839351
  219 	 0.711811 	 0.713360 	 0.839351
  220 	 0.652592 	 0.719692 	 1.238246
  221 	 0.652592 	 0.709613 	 0.711840
  222 	 0.517801 	 0.708031 	 0.743167
  223 	 0.676393 	 0.712224 	 0.743167
  224 	 0.696298 	 0.713974 	 0.825900
  225 	 0.676393 	 0.711255 	 0.730251
  226 	 0.658371 	 0.710803 	 0.719788
  227 	 0.702617 	 0.712131 	 0.730251
  228 	 0.707820 	 0.712365 	 0.739989
  229 	 0.702617 	 0.711680 	 0.716529
  230 	 0.697842 	 0.711563 	 0.713868
  231 	 0.709457 	 0.711907 	 0.716529
  232 	 0.710799 	 0.711966 	 0.718989
  233 	 0.709457 	 0.711791 	 0.713035
  234 	 0.708221 	 0.711761 	 0.712353
  235 	 0.711220 	 0.711850 	 0.713035
  236 	 0.711565 	 0.711865 	 0.713664
  237 	 0.711220 	 0.711820 	 0.712139
  238 	 0.710902 	 0.711812 	 0.711964
  239 	 0.711673 	 0.711835 	 0.712139
  240 	 0.711762 	 0.711839 	 0.712300
  241 	 0.432207 	 0.708721 	 0.711909
  242 	 0.711592 	 0.711826 	 0.711865
  243 	 0.711790 	 0.713797 	 0.888725
  244 	 0.711813 	 0.711832 	 0.711951
  245 	 0.632221 	 0.710945 	 0.711850
  246 	 0.247425 	 0.706669 	 0.711839
  247 	 0.711820 	 0.712305 	 0.754591
  248 	 0.623741 	 0.714758 	 1.063350
  249 	 0.100450 	 0.701696 	 0.711835
  250 	 0.569363 	 0.710776 	 0.759451
  251 	 0.711827 	 0.724546 	 1.260320
  252 	 0.688492 	 0.721535 	 1.120034
  253 	 0.511949 	 0.706883 	 0.711831
  254 	 0.551562 	 0.707974 	 0.723856
  255 	 0.711829 	 0.714666 	 0.829911
  256 	 0.705788 	 0.714023 	 0.803496
  257 	 0.656637 	 0.710483 	 0.711830
  258 	 0.668228 	 0.710784 	 0.714905
  259 	 0.711830 	 0.712535 	 0.740940
  260 	 0.710276 	 0.712376 	 0.734631
  261 	 0.697379 	 0.711479 	 0.711830
  262 	 0.700461 	 0.711557 	 0.712619
  263 	 0.711830 	 0.712010 	 0.719228
  264 	 0.711431 	 0.711969 	 0.717638
  265 	 0.708101 	 0.711739 	 0.711830
  266 	 0.708899 	 0.711760 	 0.712032
  267 	 0.711830 	 0.711957 	 0.719150
  268 	 0.711728 	 0.711866 	 0.713318
  269 	 0.708140 	 0.711766 	 0.711830
  270 	 0.711077 	 0.711812 	 0.711882
  271 	 0.711830 	 0.711963 	 0.720861
  272 	 0.042327 	 0.704601 	 0.720861
  273 	 0.707283 	 0.712064 	 0.720861
  274 	 0.707283 	 0.719126 	 1.359940
  275 	 0.707283 	 0.711713 	 0.714141
  276 	 0.487106 	 0.709286 	 0.714141
  277 	 0.710661 	 0.711890 	 0.714141
  278 	 0.710661 	 0.713360 	 0.847382
  279 	 0.710661 	 0.711800 	 0.712423
  280 	 0.649190 	 0.711122 	 0.712423
  281 	 0.711530 	 0.711889 	 0.715690
  282 	 0.711530 	 0.712249 	 0.745051
  283 	 0.709880 	 0.711800 	 0.711982
  284 	 0.695386 	 0.711622 	 0.711982
  285 	 0.711753 	 0.711845 	 0.712820
  286 	 0.711753 	 0.711937 	 0.720261
  287 	 0.676429 	 0.711429 	 0.711832
  288 	 0.707584 	 0.711776 	 0.711869
  289 	 0.711829 	 0.712039 	 0.730232
  290 	 0.711810 	 0.711857 	 0.713988
  291 	 0.702626 	 0.711726 	 0.711831
  292 	 0.710738 	 0.711816 	 0.711840
  293 	 0.711830 	 0.711883 	 0.716524
  294 	 0.711825 	 0.711837 	 0.712384
  295 	 0.709459 	 0.711803 	 0.711830
  296 	 0.711550 	 0.711827 	 0.711833
  297 	 0.711830 	 0.712172 	 0.741383
  298 	 0.711829 	 0.712489 	 0.741383
  299 	 0.697164 	 0.712974 	 0.741383
  300 	 0.697164 	 0.714130 	 0.741383
  301 	 0.697164 	 0.714864 	 0.741384
  302 	 0.697164 	 0.714634 	 0.741383
  303 	 0.697164 	 0.713259 	 0.741383
  304 	 0.697164 	 0.713746 	 0.749533
  305 	 0.697164 	 0.715719 	 0.741383
  306 	 0.049391 	 0.710089 	 0.749533
  307 	 0.607473 	 0.714533 	 0.749533
  308 	 0.693225 	 0.721022 	 1.346999
  309 	 0.521925 	 0.714223 	 0.803553
  310 	 0.490196 	 0.711584 	 0.749533
  311 	 0.530102 	 0.714076 	 0.823096
  312 	 0.693225 	 0.717147 	 0.845168
  313 	 0.659589 	 0.714566 	 0.817594
  314 	 0.650124 	 0.714364 	 0.749533
  315 	 0.661992 	 0.716301 	 0.749533
  316 	 0.693225 	 0.715547 	 0.749533
  317 	 0.693225 	 0.715511 	 0.749533
  318 	 0.693225 	 0.714929 	 0.749459
  319 	 0.042353 	 0.708399 	 0.749679
  320 	 0.042353 	 0.701730 	 0.750483
  321 	 0.693155 	 0.724872 	 1.359891
  322 	 0.692769 	 0.728236 	 1.359892
  323 	 0.487118 	 0.714230 	 0.749571
  324 	 0.487118 	 0.713913 	 0.749533
  325 	 0.693364 	 0.720042 	 0.847373
  326 	 0.693225 	 0.723025 	 0.889587
  327 	 0.673685 	 0.718487 	 0.749538
  328 	 0.640808 	 0.716879 	 0.749533
  329 	 0.646317 	 0.720957 	 0.751750
  330 	 0.634190 	 0.722683 	 0.761023
  331 	 0.634183 	 0.725629 	 0.779231
  332 	 0.630191 	 0.724817 	 0.786664
  333 	 0.042568 	 0.706547 	 0.782689
  334 	 0.618260 	 0.714442 	 0.789147
  335 	 0.446263 	 0.734187 	 1.471524
  336 	 0.445098 	 0.733799 	 0.806810
  337 	 0.208580 	 0.711465 	 0.923137
  338 	 0.441949 	 0.717732 	 0.924131
  339 	 0.444871 	 0.737038 	 1.182621
  340 	 0.639560 	 0.737841 	 0.925213
  341 	 0.533157 	 0.728070 	 0.924325
  342 	 0.249676 	 0.720887 	 0.783355
  343 	 0.114253 	 0.719331 	 0.854587
  344 	 0.042408 	 0.729436 	 1.127808
  345 	 0.670427 	 0.741085 	 1.331111
  346 	 0.566634 	 0.735919 	 1.471871
  347 	 0.100820 	 0.720304 	 0.764861
  348 	 0.474187 	 0.730067 	 0.830818
  349 	 0.713338 	 0.740320 	 1.355345
  350 	 0.681284 	 0.731892 	 0.899938
  351 	 0.501921 	 0.727302 	 0.740556
  352 	 0.650644 	 0.730641 	 0.758562
  353 	 0.725924 	 0.733278 	 0.878024
  354 	 0.716557 	 0.731220 	 0.776612
  355 	 0.660056 	 0.729872 	 0.733717
  356 	 0.707408 	 0.730887 	 0.738794
  357 	 0.693629 	 0.731209 	 0.770977
  358 	 0.693663 	 0.730643 	 0.743822
  359 	 0.710239 	 0.730897 	 0.751525
  360 	 0.724206 	 0.731192 	 0.751505
  361 	 0.720189 	 0.731053 	 0.742259
  362 	 0.720199 	 0.731056 	 0.745603
  363 	 0.725027 	 0.731292 	 0.745711
  364 	 0.048498 	 0.723707 	 0.745603
  365 	 0.723217 	 0.731328 	 0.745601
  366 	 0.723274 	 0.739417 	 1.458793
  367 	 0.723274 	 0.731796 	 0.745641
  368 	 0.477146 	 0.728972 	 0.745791
  369 	 0.723254 	 0.731931 	 0.745631
  370 	 0.723175 	 0.733790 	 0.897548
  371 	 0.723272 	 0.732669 	 0.749921
  372 	 0.651658 	 0.731145 	 0.749921
  373 	 0.042393 	 0.723276 	 0.746834
  374 	 0.721022 	 0.732114 	 0.792483
  375 	 0.042393 	 0.731947 	 1.471903
  376 	 0.712920 	 0.730735 	 0.746850
  377 	 0.474180 	 0.736344 	 1.471903
  378 	 0.722622 	 0.731468 	 0.749921
  379 	 0.474180 	 0.730526 	 0.899944
  380 	 0.721022 	 0.731559 	 0.745603
  381 	 0.650642 	 0.733174 	 0.899944
  382 	 0.723273 	 0.731513 	 0.745733
  383 	 0.650642 	 0.730469 	 0.776614
  384 	 0.723206 	 0.731051 	 0.745615
  385 	 0.707407 	 0.731647 	 0.776614
  386 	 0.723268 	 0.731457 	 0.745603
  387 	 0.707407 	 0.730663 	 0.743823
  388 	 0.723273 	 0.730754 	 0.735150
  389 	 0.724206 	 0.731178 	 0.743823
  390 	 0.728784 	 0.731127 	 0.735146
  391 	 0.724206 	 0.730900 	 0.734643
  392 	 0.728785 	 0.731906 	 0.819119
  393 	 0.439214 	 0.727806 	 0.734643
  394 	 0.686757 	 0.730542 	 0.732180
  395 	 0.729053 	 0.733171 	 0.929184
  396 	 0.730365 	 0.731248 	 0.755426
  397 	 0.249701 	 0.724636 	 0.732036
  398 	 0.249700 	 0.725517 	 0.731334
  399 	 0.730441 	 0.735986 	 1.127777
 