   0 	 0.015846 	 0.128951 	 4.470277
    1 	 0.019426 	 1.847810 	 4.752852
    2 	 0.039843 	 3.081658 	 5.734073
    3 	 0.160514 	 1.569281 	 5.161733
    4 	 0.167848 	 0.486024 	 3.794447
    5 	 0.034930 	 1.199549 	 2.873613
    6 	 0.248871 	 1.857804 	 3.012693
    7 	 0.322861 	 1.179266 	 3.866536
    8 	 0.036878 	 0.561850 	 2.116085
    9 	 0.244485 	 1.004529 	 1.829624
   10 	 0.425064 	 1.463005 	 3.837628
   11 	 0.487015 	 1.006568 	 2.135910
   12 	 0.246225 	 0.651562 	 1.541392
   13 	 0.423806 	 0.946451 	 1.570808
   14 	 0.528236 	 1.231615 	 2.128001
   15 	 0.557256 	 0.951345 	 1.703174
   16 	 0.362601 	 0.720323 	 1.345833
   17 	 0.138245 	 0.900849 	 1.414715
   18 	 0.038795 	 1.090455 	 1.705608
   19 	 0.380019 	 0.977401 	 3.053020
   20 	 0.365957 	 0.877978 	 5.307988
   21 	 0.141843 	 0.888005 	 1.656400
   22 	 0.149283 	 1.047902 	 1.908191
   23 	 0.181796 	 0.984887 	 3.431206
   24 	 0.172224 	 0.852409 	 3.345791
   25 	 0.038558 	 0.914764 	 2.618818
   26 	 0.149165 	 1.030368 	 3.107292
   27 	 0.360112 	 1.042624 	 5.304899
   28 	 0.144892 	 0.893920 	 3.254525
   29 	 0.180164 	 0.908822 	 1.929714
   30 	 0.145902 	 1.012744 	 2.992296
   31 	 0.478970 	 0.978163 	 3.223063
   32 	 0.114243 	 0.889706 	 2.983274
   33 	 0.293052 	 0.886110 	 1.496402
   34 	 0.313935 	 0.987850 	 4.092607
   35 	 0.604412 	 0.958809 	 2.363217
   36 	 0.233541 	 0.898086 	 1.987144
   37 	 0.386561 	 0.894166 	 1.207567
   38 	 0.466147 	 0.954110 	 2.749967
   39 	 0.679926 	 0.933676 	 1.368014
   40 	 0.340221 	 0.902655 	 1.601929
   41 	 0.642131 	 0.905556 	 1.172179
   42 	 0.484231 	 0.946010 	 1.707007
   43 	 0.039636 	 0.894333 	 1.249639
   44 	 0.181681 	 0.902423 	 1.556830
   45 	 0.186714 	 1.047491 	 5.739574
   46 	 0.592793 	 0.969240 	 2.943071
   47 	 0.170367 	 0.925982 	 2.659478
   48 	 0.106146 	 0.902281 	 1.278621
   49 	 0.351028 	 0.984697 	 2.861017
   50 	 0.709864 	 0.980918 	 3.384715
   51 	 0.334323 	 0.917300 	 1.964144
   52 	 0.282261 	 0.899862 	 1.112144
   53 	 0.477499 	 0.953752 	 2.153209
   54 	 0.772424 	 0.959434 	 2.425057
   55 	 0.109879 	 0.913196 	 1.573319
   56 	 0.382503 	 0.908046 	 1.039799
   57 	 0.587055 	 0.976375 	 4.167030
   58 	 0.813604 	 0.953133 	 1.950827
   59 	 0.229551 	 0.916743 	 1.342003
   60 	 0.480555 	 0.918153 	 1.059654
   61 	 0.679300 	 0.960528 	 2.579641
   62 	 0.830880 	 0.947271 	 1.637586
   63 	 0.369039 	 0.916966 	 1.235483
   64 	 0.565711 	 0.917452 	 1.040604
   65 	 0.732288 	 0.950955 	 2.003450
   66 	 0.813071 	 0.943568 	 1.381576
   67 	 0.462631 	 0.914910 	 1.159571
   68 	 0.649487 	 0.915355 	 1.060253
   69 	 0.775392 	 0.943961 	 1.687106
   70 	 0.127556 	 0.928738 	 1.192197
   71 	 0.541945 	 0.915334 	 1.104373
   72 	 0.740578 	 0.953767 	 3.881146
   73 	 0.772993 	 0.944710 	 1.428480
   74 	 0.037222 	 0.924136 	 1.112746
   75 	 0.641610 	 0.923360 	 1.074006
   76 	 0.804605 	 1.001836 	 5.976490
   77 	 0.830491 	 0.943640 	 1.295824
   78 	 0.163010 	 0.925648 	 1.069856
   79 	 0.687794 	 0.927400 	 1.041025
   80 	 0.833364 	 0.968828 	 3.411688
   81 	 0.833941 	 0.940256 	 1.182182
   82 	 0.282343 	 0.924982 	 1.037922
   83 	 0.320166 	 0.921767 	 1.008023
   84 	 0.323555 	 0.934350 	 2.270441
   85 	 0.324766 	 0.939516 	 2.220912
   86 	 0.326524 	 0.949156 	 2.204319
   87 	 0.327232 	 0.938986 	 2.198448
   88 	 0.428372 	 0.970771 	 2.172647
   89 	 0.429452 	 0.965740 	 2.186596
   90 	 0.434264 	 0.941959 	 1.790600
   91 	 0.431649 	 0.935054 	 1.787144
   92 	 0.520644 	 0.956277 	 1.771906
   93 	 0.119829 	 0.946756 	 1.780154
   94 	 0.525761 	 0.938842 	 1.536704
   95 	 0.523491 	 0.966832 	 4.001136
   96 	 0.591791 	 0.948600 	 1.524714
   97 	 0.242058 	 0.940301 	 1.530010
   98 	 0.604297 	 0.936215 	 1.369768
   99 	 0.602370 	 0.951658 	 2.687029
  100 	 0.654507 	 0.943713 	 1.361661
  101 	 0.041903 	 0.925681 	 1.365244
  102 	 0.670349 	 0.932013 	 1.252093
  103 	 0.656451 	 0.989313 	 4.999939
  104 	 0.723488 	 0.938985 	 1.249299
  105 	 0.194930 	 0.924196 	 1.248213
  106 	 0.724953 	 0.932570 	 1.156054
  107 	 0.725525 	 0.961658 	 2.832619
  108 	 0.761406 	 0.936284 	 1.169518
  109 	 0.337528 	 0.924854 	 1.168737
  110 	 0.760595 	 0.932048 	 1.121697
  111 	 0.753672 	 0.949981 	 2.138453
  112 	 0.798852 	 0.932766 	 1.122718
  113 	 0.435435 	 0.924614 	 1.131513
  114 	 0.798200 	 0.932906 	 1.044985
  115 	 0.792636 	 0.945637 	 1.768237
  116 	 0.836648 	 0.931173 	 1.077238
  117 	 0.526777 	 0.924588 	 1.051817
  118 	 0.828269 	 0.933873 	 1.032259
  119 	 0.846083 	 0.943270 	 1.522355
  120 	 0.860320 	 0.932727 	 1.043440
  121 	 0.605160 	 0.924535 	 1.024398
  122 	 0.647460 	 0.928443 	 1.009673
  123 	 0.845668 	 0.939300 	 1.360063
  124 	 0.863937 	 0.937738 	 1.286075
  125 	 0.671068 	 0.923307 	 1.024834
  126 	 0.706128 	 0.923371 	 1.002289
  127 	 0.865850 	 0.936171 	 1.206029
  128 	 0.861780 	 0.936800 	 1.195847
  129 	 0.733069 	 0.924744 	 1.004066
  130 	 0.754178 	 0.922396 	 1.008187
  131 	 0.860462 	 0.932446 	 1.122122
  132 	 0.652856 	 0.932329 	 1.096157
  133 	 0.781114 	 0.925779 	 0.981776
  134 	 0.797285 	 0.924767 	 1.277212
  135 	 0.877288 	 0.929756 	 1.064720
  136 	 0.710575 	 0.930823 	 1.046699
  137 	 0.817782 	 0.925516 	 0.988951
  138 	 0.830014 	 0.926139 	 1.151179
  139 	 0.871801 	 0.929351 	 1.024714
  140 	 0.780470 	 0.930621 	 1.041543
  141 	 0.127365 	 0.917606 	 0.970968
  142 	 0.833581 	 0.926993 	 1.098213
  143 	 0.885687 	 0.957285 	 3.503053
  144 	 0.814125 	 0.930354 	 1.037687
  145 	 0.273138 	 0.919937 	 0.984459
  146 	 0.104806 	 0.917108 	 1.028569
  147 	 0.104644 	 0.933927 	 2.318906
  148 	 0.842695 	 0.958669 	 3.803642
  149 	 0.408329 	 0.955458 	 4.259960
  150 	 0.252414 	 0.918653 	 1.027966
  151 	 0.226344 	 0.929821 	 1.765447
  152 	 0.843124 	 0.943998 	 2.435970
  153 	 0.519873 	 0.938717 	 2.601162
  154 	 0.385495 	 0.916981 	 0.998778
  155 	 0.105051 	 0.916207 	 1.474985
  156 	 0.879200 	 0.937729 	 1.839607
  157 	 0.612338 	 0.964322 	 3.800104
  158 	 0.500574 	 0.918305 	 0.964042
  159 	 0.252640 	 0.916799 	 1.297963
  160 	 0.891153 	 0.934275 	 1.518202
  161 	 0.686783 	 0.946309 	 2.434632
  162 	 0.596551 	 0.917696 	 0.967097
  163 	 0.385694 	 0.915313 	 1.183595
  164 	 0.898139 	 0.932360 	 1.325116
  165 	 0.745326 	 0.939151 	 1.838934
  166 	 0.674211 	 0.918341 	 0.946755
  167 	 0.500743 	 0.917164 	 1.106898
  168 	 0.905096 	 0.929905 	 1.201474
  169 	 0.790515 	 0.933892 	 1.517813
  170 	 0.127440 	 0.911002 	 0.940560
  171 	 0.127505 	 0.908779 	 1.054168
  172 	 0.825298 	 0.954643 	 3.502135
  173 	 0.817053 	 0.958214 	 3.501335
  174 	 0.104918 	 0.903443 	 1.016882
  175 	 0.273266 	 0.913217 	 1.051648
  176 	 0.851077 	 0.981736 	 3.802027
  177 	 0.826619 	 0.950094 	 2.318216
  178 	 0.252517 	 0.910131 	 1.065695
  179 	 0.403826 	 0.918286 	 1.060056
  180 	 0.817130 	 0.959759 	 2.435359
  181 	 0.820913 	 0.947290 	 1.779595
  182 	 0.385585 	 0.923655 	 1.118547
  183 	 0.554540 	 0.938028 	 1.178516
  184 	 0.784322 	 0.965407 	 1.852768
  185 	 0.748158 	 0.949853 	 1.729385
  186 	 0.497298 	 0.933553 	 1.177238
  187 	 0.529806 	 0.938285 	 1.176348
  188 	 0.748874 	 0.953019 	 1.919395
  189 	 0.785078 	 0.949175 	 1.453688
  190 	 0.514643 	 0.945308 	 1.178297
  191 	 0.676870 	 0.953024 	 1.182503
  192 	 0.748281 	 0.961776 	 1.538965
  193 	 0.747228 	 0.957170 	 1.412199
  194 	 0.589253 	 0.956086 	 1.295369
  195 	 0.696428 	 0.968613 	 1.297137
  196 	 0.702300 	 0.977374 	 1.457970
  197 	 0.729079 	 0.972502 	 1.388642
  198 	 0.337792 	 0.960888 	 1.377410
  199 	 0.351549 	 0.961464 	 1.328411
  200 	 0.651249 	 0.998062 	 2.766312
  201 	 0.688499 	 1.003121 	 2.664898
  202 	 0.360489 	 0.959477 	 1.481592
  203 	 0.354233 	 0.977426 	 1.404102
  204 	 0.664323 	 1.018343 	 2.602888
  205 	 0.640122 	 1.006300 	 2.645969
  206 	 0.362189 	 0.963242 	 1.367723
  207 	 0.374578 	 0.985017 	 1.506428
  208 	 0.690074 	 1.018684 	 2.591417
  209 	 0.653540 	 1.001591 	 2.510808
  210 	 0.382392 	 0.963850 	 1.401004
  211 	 0.397061 	 0.988016 	 1.471367
  212 	 0.641394 	 1.013700 	 1.850167
  213 	 0.613698 	 0.999084 	 2.363169
  214 	 0.533656 	 0.974705 	 1.503546
  215 	 0.418959 	 0.993655 	 1.568879
  216 	 0.038860 	 1.002169 	 1.794186
  217 	 0.579046 	 1.007814 	 2.259076
  218 	 0.350696 	 1.136296 	 15.984599
  219 	 0.438063 	 0.994644 	 1.659074
  220 	 0.061948 	 1.024538 	 2.670969
  221 	 0.594257 	 1.009503 	 2.165613
  222 	 0.373320 	 1.088351 	 11.357507
  223 	 0.456764 	 1.004463 	 1.618236
  224 	 0.087864 	 1.030211 	 2.503632
  225 	 0.609037 	 1.010351 	 2.081320
  226 	 0.395674 	 1.060900 	 8.774691
  227 	 0.475055 	 1.002537 	 1.580435
  228 	 0.113657 	 1.026981 	 2.384505
  229 	 0.622457 	 1.007947 	 2.004993
  230 	 0.414834 	 1.043720 	 7.280292
  231 	 0.038660 	 0.985109 	 1.547610
  232 	 0.136911 	 1.023917 	 2.280327
  233 	 0.636412 	 1.233393 	 16.035831
  234 	 0.433571 	 1.032667 	 6.226208
  235 	 0.062268 	 0.985238 	 1.509408
  236 	 0.159941 	 1.021557 	 2.186887
  237 	 0.652270 	 1.171043 	 11.632195
  238 	 0.451470 	 1.022695 	 5.375161
  239 	 0.085793 	 0.984049 	 1.474122
  240 	 0.185224 	 1.018892 	 2.104510
  241 	 0.666568 	 1.134386 	 9.132964
  242 	 0.469878 	 1.016095 	 4.786424
  243 	 0.109210 	 0.983121 	 1.443693
  244 	 0.207895 	 1.016115 	 2.016217
  245 	 0.681481 	 1.109515 	 7.523885
  246 	 0.490216 	 1.011481 	 4.317886
  247 	 0.132493 	 0.982384 	 1.413267
  248 	 0.230331 	 1.013697 	 1.945843
  249 	 0.695910 	 1.089819 	 6.305461
  250 	 0.507114 	 1.003409 	 3.936534
  251 	 0.157999 	 0.978026 	 1.389641
  252 	 0.252510 	 1.012747 	 1.875420
  253 	 0.706344 	 1.076222 	 5.503613
  254 	 0.526560 	 1.004390 	 3.589243
  255 	 0.180841 	 0.982340 	 1.365292
  256 	 0.276599 	 1.010707 	 1.809432
  257 	 0.719946 	 1.064698 	 4.832291
  258 	 0.544801 	 1.001205 	 3.303613
  259 	 0.205829 	 0.981822 	 1.340399
  260 	 0.300326 	 1.008975 	 1.751616
  261 	 0.731797 	 1.055204 	 4.311656
  262 	 0.563280 	 0.998841 	 3.063480
  263 	 0.230534 	 0.981527 	 1.323632
  264 	 0.323669 	 1.000746 	 1.703636
  265 	 0.742208 	 1.048064 	 3.933385
  266 	 0.360844 	 1.007233 	 2.878786
  267 	 0.252711 	 0.980891 	 1.301562
  268 	 0.344532 	 1.018123 	 2.600483
  269 	 0.754568 	 1.042700 	 3.617798
  270 	 0.381071 	 1.004605 	 2.715678
  271 	 0.274612 	 0.980669 	 1.284905
  272 	 0.365046 	 1.014492 	 2.470533
  273 	 0.764173 	 1.037059 	 3.352192
  274 	 0.400539 	 1.003695 	 2.572371
  275 	 0.296008 	 0.980697 	 1.269241
  276 	 0.384842 	 1.012114 	 2.357160
  277 	 0.771998 	 1.032176 	 3.104553
  278 	 0.420016 	 1.001391 	 2.447731
  279 	 0.319667 	 0.980421 	 1.256759
  280 	 0.122588 	 0.998703 	 2.241568
  281 	 0.779509 	 1.028175 	 2.912334
  282 	 0.129398 	 1.050905 	 6.725503
  283 	 0.109380 	 0.972721 	 1.245006
  284 	 0.148113 	 1.059521 	 6.430967
  285 	 0.788205 	 1.086319 	 7.381182
  286 	 0.154869 	 1.044531 	 5.820283
  287 	 0.135002 	 0.972883 	 1.228042
  288 	 0.171116 	 1.048101 	 5.525806
  289 	 0.038705 	 1.061801 	 6.301107
  290 	 0.038716 	 1.017604 	 5.070579
  291 	 0.158108 	 1.139999 	 16.024341
  292 	 0.196206 	 1.226752 	 16.021517
  293 	 0.062313 	 1.051502 	 5.500321
  294 	 0.062324 	 1.011521 	 4.547394
  295 	 0.181028 	 1.087964 	 11.310568
  296 	 0.218766 	 1.168624 	 11.624684
  297 	 0.088228 	 1.041850 	 4.827943
  298 	 0.085849 	 1.005630 	 4.083866
  299 	 0.206116 	 1.061638 	 8.934315
  300 	 0.243453 	 1.133461 	 9.128352
  301 	 0.111602 	 1.034500 	 4.306341
  302 	 0.109265 	 0.990795 	 3.743171
  303 	 0.230817 	 1.044986 	 7.390877
  304 	 0.265472 	 1.170280 	 7.387429
  305 	 0.134826 	 1.029356 	 3.929015
  306 	 0.134932 	 0.988050 	 3.458146
  307 	 0.252991 	 1.033517 	 6.308121
  308 	 0.287204 	 1.143178 	 6.303891
  309 	 0.157932 	 1.024581 	 3.614144
  310 	 0.158038 	 0.985018 	 3.191789
  311 	 0.274888 	 1.024231 	 5.433825
  312 	 0.310763 	 1.123018 	 5.502426
  313 	 0.183153 	 1.020410 	 3.322391
  314 	 0.180959 	 0.983131 	 2.989870
  315 	 0.298856 	 1.017840 	 4.834358
  316 	 0.331832 	 1.106129 	 4.829551
  317 	 0.205844 	 1.017085 	 3.077338
  318 	 0.206047 	 0.978514 	 2.538507
  319 	 0.322473 	 1.012691 	 4.356472
  320 	 0.389923 	 1.093846 	 4.352606
  321 	 0.228302 	 1.014721 	 2.888732
  322 	 0.228503 	 0.977560 	 2.417659
  323 	 0.343356 	 1.008298 	 3.930794
  324 	 0.409608 	 1.082858 	 3.965057
  325 	 0.252877 	 1.012120 	 2.724383
  326 	 0.250705 	 0.976833 	 2.307828
  327 	 0.363890 	 1.005455 	 3.615632
  328 	 0.428903 	 1.073734 	 3.644253
  329 	 0.274595 	 1.009844 	 2.580045
  330 	 0.272632 	 0.976457 	 2.209440
  331 	 0.384062 	 0.996814 	 3.352391
  332 	 0.447800 	 1.061792 	 3.374598
  333 	 0.296341 	 1.017611 	 2.452410
  334 	 0.294265 	 0.980952 	 2.120891
  335 	 0.403859 	 0.994528 	 3.124600
  336 	 0.466289 	 1.054635 	 3.145001
  337 	 0.317632 	 1.011383 	 2.338857
  338 	 0.315587 	 0.973391 	 2.040861
  339 	 0.354188 	 0.993277 	 2.929701
  340 	 0.484364 	 1.054737 	 2.947359
  341 	 0.338593 	 1.015354 	 2.646285
  342 	 0.336580 	 0.977901 	 1.968254
  343 	 0.374198 	 0.996733 	 2.760199
  344 	 0.501415 	 1.049165 	 2.775617
  345 	 0.358899 	 1.013387 	 2.513210
  346 	 0.357230 	 0.977886 	 1.904343
  347 	 0.394180 	 0.995401 	 2.613703
  348 	 0.518016 	 1.044217 	 2.625154
  349 	 0.379161 	 1.011256 	 2.393029
  350 	 0.377522 	 0.977519 	 1.845987
  351 	 0.413782 	 0.994117 	 2.482247
  352 	 0.534849 	 1.039716 	 2.492388
  353 	 0.399051 	 0.998882 	 2.285807
  354 	 0.397442 	 0.976886 	 1.790353
  355 	 0.432993 	 1.010364 	 2.365460
  356 	 0.551252 	 1.036231 	 2.374494
  357 	 0.418557 	 0.998367 	 2.189655
  358 	 0.416980 	 0.976626 	 1.739277
  359 	 0.451803 	 1.008029 	 2.261128
  360 	 0.567223 	 1.032941 	 2.269218
  361 	 0.437670 	 0.997511 	 2.103037
  362 	 0.436126 	 0.976586 	 1.692269
  363 	 0.470204 	 1.006129 	 2.167459
  364 	 0.582761 	 1.029674 	 2.174738
  365 	 0.456379 	 0.996466 	 2.024686
  366 	 0.454868 	 0.976600 	 1.648911
  367 	 0.488189 	 1.003619 	 2.082989
  368 	 0.597868 	 1.026709 	 2.089566
  369 	 0.474679 	 0.996282 	 1.953547
  370 	 0.473201 	 0.976660 	 1.608835
  371 	 0.505754 	 1.002157 	 2.006507
  372 	 0.612544 	 1.024010 	 2.012472
  373 	 0.492561 	 0.992105 	 1.888740
  374 	 0.491118 	 0.976330 	 1.571723
  375 	 0.522892 	 1.004096 	 1.937006
  376 	 0.626793 	 1.018639 	 1.942436
  377 	 0.510020 	 0.992210 	 1.829517
  378 	 0.508612 	 0.978859 	 1.537296
  379 	 0.539602 	 0.999667 	 1.873640
  380 	 0.358576 	 1.007457 	 1.878598
  381 	 0.527054 	 0.992906 	 1.775246
  382 	 0.525680 	 0.997758 	 2.615908
  383 	 0.555881 	 0.997425 	 1.815694
  384 	 0.378844 	 1.005359 	 1.775730
  385 	 0.543657 	 0.994794 	 1.725384
  386 	 0.555732 	 0.993966 	 2.267862
  387 	 0.571728 	 0.996103 	 1.762558
  388 	 0.436384 	 1.003923 	 1.725829
  389 	 0.559830 	 0.995160 	 1.679465
  390 	 0.571582 	 0.994637 	 2.173518
  391 	 0.587142 	 0.996099 	 1.713709
  392 	 0.455121 	 1.003469 	 1.679875
  393 	 0.575570 	 0.994523 	 1.637084
  394 	 0.587001 	 0.993724 	 2.088463
  395 	 0.038735 	 0.985034 	 1.668698
  396 	 0.473448 	 1.002278 	 1.637463
  397 	 0.590878 	 1.160676 	 16.016719
  398 	 0.601988 	 0.992923 	 2.011473
  399 	 0.037406 	 0.966857 	 1.627134
 