   0 	 0.018341 	 0.055726 	 0.347258
    1 	 0.020666 	 0.094698 	 0.522003
    2 	 0.017792 	 0.159069 	 0.512804
    3 	 0.036371 	 0.230502 	 0.949604
    4 	 0.036269 	 0.391956 	 4.717662
    5 	 0.079704 	 0.699586 	 3.928026
    6 	 0.146968 	 1.468090 	 4.304644
    7 	 0.039331 	 1.488569 	 4.185776
    8 	 0.217628 	 1.020116 	 3.266177
    9 	 0.230151 	 0.905548 	 5.036992
   10 	 0.291939 	 1.230340 	 3.126219
   11 	 0.192449 	 1.262558 	 2.568377
   12 	 0.304375 	 0.944358 	 2.216613
   13 	 0.328725 	 0.855245 	 2.843747
   14 	 0.420908 	 1.098560 	 2.157147
   15 	 0.333006 	 1.143565 	 2.049495
   16 	 0.431714 	 0.912366 	 1.723815
   17 	 0.111285 	 0.846485 	 2.031669
   18 	 0.528298 	 1.029229 	 1.692293
   19 	 0.456440 	 1.089099 	 3.663197
   20 	 0.540105 	 0.903829 	 1.454550
   21 	 0.261616 	 0.858271 	 1.624326
   22 	 0.619675 	 0.991276 	 1.429992
   23 	 0.560687 	 1.030057 	 2.376336
   24 	 0.629251 	 0.903327 	 1.283903
   25 	 0.394394 	 0.870601 	 1.384299
   26 	 0.692951 	 0.967863 	 1.268310
   27 	 0.647879 	 0.994855 	 1.806378
   28 	 0.700520 	 0.905330 	 1.173501
   29 	 0.124829 	 0.870316 	 1.239037
   30 	 0.750356 	 0.953211 	 1.163169
   31 	 0.715186 	 1.003480 	 3.520763
   32 	 0.756219 	 0.908557 	 1.099438
   33 	 0.131420 	 0.872304 	 1.143659
   34 	 0.794510 	 0.943733 	 1.092396
   35 	 0.766073 	 1.003862 	 3.440919
   36 	 0.798980 	 0.911722 	 1.048537
   37 	 0.277769 	 0.884165 	 1.080762
   38 	 0.827995 	 0.937550 	 1.043646
   39 	 0.806476 	 0.974328 	 2.288494
   40 	 0.831362 	 0.914382 	 1.012971
   41 	 0.408548 	 0.893744 	 1.035544
   42 	 0.853118 	 0.933869 	 1.009528
   43 	 0.836999 	 0.958025 	 1.761345
   44 	 0.853805 	 0.916156 	 0.987832
   45 	 0.520685 	 0.900702 	 1.003815
   46 	 0.871815 	 0.930789 	 0.987162
   47 	 0.859834 	 0.947344 	 1.470836
   48 	 0.870426 	 0.917940 	 0.969785
   49 	 0.613483 	 0.906531 	 0.981321
   50 	 0.885751 	 0.928820 	 0.971226
   51 	 0.876792 	 0.940315 	 1.294191
   52 	 0.884622 	 0.919355 	 0.956982
   53 	 0.688046 	 0.910939 	 0.962935
   54 	 0.895911 	 0.927360 	 0.958018
   55 	 0.891159 	 0.935494 	 1.180295
   56 	 0.895081 	 0.920520 	 0.947768
   57 	 0.271322 	 0.904032 	 0.952056
   58 	 0.105641 	 0.914114 	 0.948514
   59 	 0.662797 	 0.948000 	 2.322761
   60 	 0.653263 	 0.953455 	 3.775849
   61 	 0.402907 	 0.909061 	 1.212861
   62 	 0.254126 	 0.918998 	 1.230825
   63 	 0.728831 	 0.942152 	 1.779020
   64 	 0.129358 	 0.929378 	 2.419395
   65 	 0.515273 	 0.912469 	 1.126087
   66 	 0.387808 	 0.947391 	 3.465511
   67 	 0.778036 	 0.935662 	 1.482639
   68 	 0.275884 	 0.923946 	 1.828126
   69 	 0.609073 	 0.914211 	 1.066967
   70 	 0.503189 	 0.936156 	 2.298406
   71 	 0.042732 	 0.921301 	 1.301621
   72 	 0.406900 	 0.920963 	 1.509688
   73 	 0.684547 	 0.963249 	 4.952167
   74 	 0.599201 	 0.932354 	 1.766472
   75 	 0.195642 	 0.920672 	 1.185190
   76 	 0.519299 	 0.920977 	 1.318563
   77 	 0.743832 	 0.941048 	 2.818152
   78 	 0.676699 	 0.929343 	 1.473841
   79 	 0.270792 	 0.913430 	 1.107381
   80 	 0.270539 	 0.914061 	 1.196317
   81 	 0.270824 	 0.941399 	 2.325627
   82 	 0.737726 	 0.942936 	 2.326992
   83 	 0.402443 	 0.930792 	 2.325450
   84 	 0.402221 	 0.915928 	 1.114919
   85 	 0.402471 	 0.933027 	 1.780492
   86 	 0.784856 	 0.935643 	 1.781193
   87 	 0.515546 	 0.926405 	 1.780401
   88 	 0.515360 	 0.917574 	 1.059259
   89 	 0.515570 	 0.928901 	 1.482039
   90 	 0.820708 	 0.931235 	 1.482449
   91 	 0.609296 	 0.923683 	 1.481987
   92 	 0.609144 	 0.917324 	 1.020503
   93 	 0.609315 	 0.924880 	 1.301244
   94 	 0.847671 	 0.928535 	 1.301501
   95 	 0.684723 	 0.922546 	 1.301210
   96 	 0.684603 	 0.917508 	 0.993176
   97 	 0.684739 	 0.924658 	 1.184942
   98 	 0.867772 	 0.928045 	 1.185111
   99 	 0.710156 	 0.922224 	 1.184920
  100 	 0.743876 	 0.917098 	 0.973736
  101 	 0.743981 	 0.923093 	 1.109440
  102 	 0.861607 	 0.926853 	 1.107327
  103 	 0.787086 	 0.923887 	 1.107197
  104 	 0.789561 	 0.920465 	 0.979617
  105 	 0.789642 	 0.923526 	 1.056763
  106 	 0.878104 	 0.926650 	 1.054006
  107 	 0.822394 	 0.924210 	 1.053917
  108 	 0.824262 	 0.921256 	 0.964037
  109 	 0.824323 	 0.923458 	 1.018751
  110 	 0.890284 	 0.925766 	 1.016816
  111 	 0.848931 	 0.923978 	 1.016753
  112 	 0.850328 	 0.921856 	 0.952849
  113 	 0.850374 	 0.923445 	 0.991934
  114 	 0.036923 	 0.915204 	 0.990561
  115 	 0.868708 	 0.923836 	 0.990517
  116 	 0.869746 	 0.968773 	 5.098829
  117 	 0.869779 	 0.923456 	 0.972849
  118 	 0.190185 	 0.916488 	 0.971869
  119 	 0.883354 	 0.923746 	 0.971837
  120 	 0.884120 	 0.944235 	 2.862169
  121 	 0.884145 	 0.923473 	 0.959183
  122 	 0.330976 	 0.917754 	 0.958479
  123 	 0.894148 	 0.923688 	 0.958456
  124 	 0.894711 	 0.935333 	 2.040084
  125 	 0.894730 	 0.923492 	 0.949354
  126 	 0.454693 	 0.918914 	 0.948846
  127 	 0.902076 	 0.923649 	 0.948830
  128 	 0.902489 	 0.930936 	 1.628947
  129 	 0.902503 	 0.923508 	 0.942262
  130 	 0.042763 	 0.909931 	 0.932690
  131 	 0.129221 	 0.914940 	 0.941883
  132 	 0.915844 	 0.973352 	 4.951409
  133 	 0.036907 	 0.941837 	 3.467157
  134 	 0.195671 	 0.912524 	 0.930195
  135 	 0.038160 	 0.906358 	 0.936859
  136 	 0.895636 	 0.947460 	 2.817922
  137 	 0.894575 	 0.984453 	 5.066891
  138 	 0.036911 	 0.905165 	 0.948015
  139 	 0.191348 	 0.909781 	 0.948969
  140 	 0.897066 	 0.985598 	 5.099159
  141 	 0.878760 	 0.955265 	 2.852679
  142 	 0.189023 	 0.907816 	 0.946731
  143 	 0.038373 	 0.901709 	 0.963428
  144 	 0.904216 	 0.955364 	 2.871722
  145 	 0.890767 	 0.988965 	 5.061427
  146 	 0.329933 	 0.911154 	 0.940366
  147 	 0.191548 	 0.906062 	 0.952411
  148 	 0.505860 	 0.938224 	 2.044435
  149 	 0.505365 	 0.952964 	 2.851050
  150 	 0.453796 	 0.906471 	 1.503624
  151 	 0.332198 	 0.916258 	 1.504743
  152 	 0.601387 	 0.951960 	 1.631333
  153 	 0.600982 	 0.940870 	 2.035009
  154 	 0.558493 	 0.909816 	 1.314775
  155 	 0.455745 	 0.917266 	 1.315474
  156 	 0.330246 	 0.935860 	 1.393353
  157 	 0.678116 	 0.934558 	 1.626161
  158 	 0.644100 	 0.925276 	 2.043126
  159 	 0.560111 	 0.918144 	 1.194292
  160 	 0.454065 	 0.927128 	 1.244865
  161 	 0.505231 	 0.923231 	 1.390220
  162 	 0.505367 	 0.918858 	 1.630615
  163 	 0.505363 	 0.924414 	 1.505048
  164 	 0.558717 	 0.935163 	 1.504740
  165 	 0.600872 	 0.929417 	 1.504749
  166 	 0.600983 	 0.919615 	 1.392919
  167 	 0.600980 	 0.923372 	 1.315665
  168 	 0.644281 	 0.931185 	 1.315472
  169 	 0.678028 	 0.927148 	 1.315478
  170 	 0.678117 	 0.918931 	 1.244585
  171 	 0.678114 	 0.921778 	 1.194417
  172 	 0.712360 	 0.928635 	 1.194291
  173 	 0.738761 	 0.925772 	 1.194295
  174 	 0.738830 	 0.920050 	 1.147368
  175 	 0.270713 	 0.914716 	 1.113634
  176 	 0.765364 	 0.928148 	 1.113548
  177 	 0.785649 	 0.941722 	 2.326054
  178 	 0.785701 	 0.920815 	 1.081591
  179 	 0.402373 	 0.916464 	 1.058371
  180 	 0.036911 	 0.918429 	 1.061611
  181 	 0.821308 	 0.936380 	 1.780711
  182 	 0.819128 	 0.966696 	 5.099157
  183 	 0.515488 	 0.916837 	 1.019880
  184 	 0.190173 	 0.918869 	 1.022152
  185 	 0.848119 	 0.932611 	 1.482167
  186 	 0.846487 	 0.942787 	 2.862266
  187 	 0.609248 	 0.917981 	 0.992734
  188 	 0.330965 	 0.919235 	 0.994345
  189 	 0.868105 	 0.929784 	 1.301324
  190 	 0.866893 	 0.934249 	 2.040129
  191 	 0.684686 	 0.919359 	 0.973421
  192 	 0.454684 	 0.919996 	 0.974570
  193 	 0.607547 	 0.924483 	 1.184994
  194 	 0.608326 	 0.926655 	 1.628972
  195 	 0.743940 	 0.924665 	 1.304211
  196 	 0.559230 	 0.924864 	 1.302888
  197 	 0.683335 	 0.923969 	 1.107248
  198 	 0.683954 	 0.925191 	 1.391923
  199 	 0.789610 	 0.923596 	 1.186894
  200 	 0.644694 	 0.923629 	 1.186024
  201 	 0.742890 	 0.924263 	 1.053952
  202 	 0.743371 	 0.924964 	 1.243945
  203 	 0.824299 	 0.923486 	 1.108537
  204 	 0.712685 	 0.923442 	 1.107946
  205 	 0.788807 	 0.924012 	 1.016778
  206 	 0.789175 	 0.924433 	 1.146940
  207 	 0.850356 	 0.923455 	 1.054844
  208 	 0.765614 	 0.923385 	 1.054435
  209 	 0.823693 	 0.923808 	 0.990534
  210 	 0.823971 	 0.923949 	 1.081298
  211 	 0.658778 	 0.920411 	 1.017404
  212 	 0.658778 	 0.919842 	 1.017117
  213 	 0.658778 	 0.924131 	 1.222527
  214 	 0.850111 	 0.927545 	 1.222527
  215 	 0.104363 	 0.914990 	 1.222527
  216 	 0.723732 	 0.920436 	 0.990775
  217 	 0.723732 	 0.955667 	 3.794162
  218 	 0.869584 	 0.926297 	 1.132590
  219 	 0.252949 	 0.916385 	 1.132590
  220 	 0.774119 	 0.921106 	 0.972021
  221 	 0.774119 	 0.939805 	 2.426305
  222 	 0.884000 	 0.925068 	 1.071445
  223 	 0.386772 	 0.917564 	 1.071444
  224 	 0.812582 	 0.921568 	 0.953834
  225 	 0.812582 	 0.931818 	 1.831597
  226 	 0.811952 	 0.922907 	 1.023560
  227 	 0.502311 	 0.918126 	 1.010821
  228 	 0.845480 	 0.923134 	 1.029705
  229 	 0.129206 	 0.921281 	 1.511690
  230 	 0.841110 	 0.923710 	 0.995342
  231 	 0.104382 	 0.938849 	 3.467328
  232 	 0.866145 	 0.923516 	 0.999690
  233 	 0.275746 	 0.952919 	 3.793889
  234 	 0.862895 	 0.923647 	 0.975282
  235 	 0.252967 	 0.928437 	 2.299136
  236 	 0.881460 	 0.923510 	 0.978383
  237 	 0.406779 	 0.937779 	 2.426202
  238 	 0.330310 	 0.917034 	 0.960929
  239 	 0.386787 	 0.924715 	 1.766849
  240 	 0.036913 	 0.926045 	 2.042860
  241 	 0.519197 	 0.931422 	 1.831545
  242 	 0.453605 	 0.964850 	 5.099103
  243 	 0.502324 	 0.923359 	 1.474062
  244 	 0.190175 	 0.923206 	 1.631840
  245 	 0.612272 	 0.928244 	 1.511660
  246 	 0.558335 	 0.941127 	 2.862250
  247 	 0.598494 	 0.922875 	 1.296224
  248 	 0.330967 	 0.922143 	 1.393660
  249 	 0.687085 	 0.926485 	 1.319794
  250 	 0.643973 	 0.932920 	 2.040121
  251 	 0.676135 	 0.922783 	 1.181635
  252 	 0.042724 	 0.912095 	 1.245062
  253 	 0.745804 	 0.924878 	 1.197124
  254 	 0.712118 	 0.973282 	 4.952353
  255 	 0.737287 	 0.923362 	 1.104967
  256 	 0.195635 	 0.914398 	 1.147687
  257 	 0.791034 	 0.924397 	 1.115465
  258 	 0.765177 	 0.947668 	 2.818209
  259 	 0.784520 	 0.923336 	 1.052372
  260 	 0.335863 	 0.916040 	 1.081809
  261 	 0.825374 	 0.924106 	 1.059636
  262 	 0.658723 	 0.934769 	 2.019947
  263 	 0.330227 	 0.913819 	 1.015668
  264 	 0.458895 	 0.920883 	 1.222609
  265 	 0.851160 	 0.939688 	 2.043206
  266 	 0.660460 	 0.919725 	 1.146939
  267 	 0.454049 	 0.911304 	 0.989746
  268 	 0.765615 	 0.928504 	 1.220017
  269 	 0.870363 	 0.940523 	 1.630659
  270 	 0.725049 	 0.920661 	 1.081297
  271 	 0.558703 	 0.914213 	 0.971286
  272 	 0.806128 	 0.927071 	 1.130903
  273 	 0.813079 	 0.933721 	 1.392946
  274 	 0.775132 	 0.921298 	 1.035917
  275 	 0.644269 	 0.917347 	 1.028511
  276 	 0.836738 	 0.925078 	 1.070284
  277 	 0.841956 	 0.930127 	 1.244602
  278 	 0.813350 	 0.922633 	 1.004078
  279 	 0.712351 	 0.919371 	 0.998846
  280 	 0.859639 	 0.924334 	 1.028225
  281 	 0.863524 	 0.927535 	 1.147380
  282 	 0.842158 	 0.922219 	 0.981509
  283 	 0.765357 	 0.919733 	 0.977781
  284 	 0.876648 	 0.922220 	 0.998643
  285 	 0.878832 	 0.923570 	 1.081599
  286 	 0.840447 	 0.920170 	 0.965393
  287 	 0.805932 	 0.919907 	 0.963361
  288 	 0.878879 	 0.920961 	 0.969324
  289 	 0.878710 	 0.921742 	 1.036127
  290 	 0.878760 	 0.920055 	 0.963317
  291 	 0.814779 	 0.922079 	 0.963475
  292 	 0.878765 	 0.923365 	 0.963428
  293 	 0.878738 	 0.922803 	 1.026717
  294 	 0.883704 	 0.921596 	 0.963424
  295 	 0.843230 	 0.922431 	 0.963449
  296 	 0.883724 	 0.925222 	 1.060474
  297 	 0.882012 	 0.924565 	 1.065430
  298 	 0.819891 	 0.921395 	 1.061597
  299 	 0.795779 	 0.921139 	 1.089362
  300 	 0.819137 	 0.924124 	 1.042999
  301 	 0.800921 	 0.922669 	 1.047143
  302 	 0.831809 	 0.921770 	 1.022142
  303 	 0.828951 	 0.922769 	 1.041535
  304 	 0.610324 	 0.919599 	 1.009072
  305 	 0.036894 	 0.902003 	 1.011991
  306 	 0.601626 	 0.923612 	 1.299505
  307 	 0.853832 	 0.982344 	 5.099589
  308 	 0.685540 	 0.925415 	 1.314361
  309 	 0.190158 	 0.907225 	 0.987136
  310 	 0.678628 	 0.923230 	 1.183797
  311 	 0.872345 	 0.954168 	 2.862394
  312 	 0.744603 	 0.925178 	 1.193562
  313 	 0.330951 	 0.912299 	 1.048040
  314 	 0.739228 	 0.924676 	 1.106435
  315 	 0.828335 	 0.944199 	 2.040187
  316 	 0.790117 	 0.923450 	 1.113055
  317 	 0.454672 	 0.912492 	 1.012622
  318 	 0.786006 	 0.924347 	 1.053389
  319 	 0.853372 	 0.937201 	 1.629004
  320 	 0.824682 	 0.923338 	 1.057971
  321 	 0.559220 	 0.915180 	 0.987584
  322 	 0.821578 	 0.924082 	 1.016382
  323 	 0.872004 	 0.932908 	 1.391942
  324 	 0.850642 	 0.923359 	 1.019599
  325 	 0.644686 	 0.917259 	 0.969740
  326 	 0.848321 	 0.923912 	 0.990254
  327 	 0.885786 	 0.930094 	 1.243957
  328 	 0.869979 	 0.923397 	 0.992535
  329 	 0.712678 	 0.919003 	 0.956950
  330 	 0.868255 	 0.923937 	 0.971649
  331 	 0.895937 	 0.928198 	 1.146949
  332 	 0.884292 	 0.923306 	 0.973278
  333 	 0.765610 	 0.920141 	 0.947744
  334 	 0.883019 	 0.923831 	 0.958321
  335 	 0.903388 	 0.926805 	 1.081304
  336 	 0.894838 	 0.923370 	 0.959491
  337 	 0.806124 	 0.921037 	 0.941099
  338 	 0.893902 	 0.923753 	 0.948733
  339 	 0.908844 	 0.925889 	 1.035921
  340 	 0.902582 	 0.923420 	 0.949576
  341 	 0.836735 	 0.921705 	 0.936291
  342 	 0.901895 	 0.923699 	 0.941813
  343 	 0.912833 	 0.925315 	 1.004081
  344 	 0.870056 	 0.922999 	 0.942422
  345 	 0.859637 	 0.920937 	 0.932807
  346 	 0.869316 	 0.922279 	 0.971575
  347 	 0.869483 	 0.923503 	 0.981511
  348 	 0.867142 	 0.921768 	 0.972274
  349 	 0.827875 	 0.921132 	 0.972117
  350 	 0.862625 	 0.923478 	 0.974334
  351 	 0.834550 	 0.923923 	 1.013094
  352 	 0.868994 	 0.922896 	 0.978641
  353 	 0.853029 	 0.922153 	 1.006289
  354 	 0.837078 	 0.923464 	 0.972579
  355 	 0.813346 	 0.927854 	 0.999938
  356 	 0.875992 	 0.926180 	 1.003736
  357 	 0.862710 	 0.923391 	 1.028229
  358 	 0.859892 	 0.924105 	 0.985797
  359 	 0.842156 	 0.928084 	 1.006938
  360 	 0.873364 	 0.929325 	 0.981265
  361 	 0.857532 	 0.926004 	 1.028219
  362 	 0.876835 	 0.923762 	 0.982899
  363 	 0.842163 	 0.925981 	 0.983544
  364 	 0.875581 	 0.925800 	 0.975583
  365 	 0.875087 	 0.924524 	 1.028211
  366 	 0.881226 	 0.925824 	 0.968489
  367 	 0.842168 	 0.927495 	 0.966850
  368 	 0.886769 	 0.926354 	 1.051520
  369 	 0.786418 	 0.923863 	 1.033916
  370 	 0.805907 	 0.921134 	 0.959511
  371 	 0.838142 	 0.926793 	 1.057509
  372 	 0.893886 	 0.927709 	 1.036155
  373 	 0.042069 	 0.914729 	 1.002665
  374 	 0.836572 	 0.924428 	 0.969746
  375 	 0.860685 	 0.981481 	 5.798142
  376 	 0.885782 	 0.928997 	 1.004246
  377 	 0.167860 	 0.916551 	 1.008995
  378 	 0.859515 	 0.923979 	 0.968726
  379 	 0.856021 	 0.955414 	 3.352778
  380 	 0.359461 	 0.922142 	 1.010187
  381 	 0.038335 	 0.907029 	 0.985007
  382 	 0.855149 	 0.935397 	 1.928040
  383 	 0.882472 	 0.997155 	 5.926434
  384 	 0.479102 	 0.924819 	 0.985854
  385 	 0.164321 	 0.914171 	 0.987291
  386 	 0.880944 	 0.934936 	 1.640684
  387 	 0.872226 	 0.965094 	 3.393034
  388 	 0.564626 	 0.927294 	 0.984910
  389 	 0.272285 	 0.913263 	 0.986105
  390 	 0.874042 	 0.936603 	 1.438795
  391 	 0.826829 	 0.970093 	 2.483332
  392 	 0.625784 	 0.929036 	 0.978211
  393 	 0.382595 	 0.918869 	 1.044682
  394 	 0.887338 	 0.937888 	 1.322429
  395 	 0.830646 	 0.957759 	 1.845717
  396 	 0.688312 	 0.929706 	 0.982571
  397 	 0.506043 	 0.919370 	 1.040532
  398 	 0.875832 	 0.934506 	 1.221431
  399 	 0.833519 	 0.951093 	 1.571233
 