   0 	 0.014011 	 0.055894 	 0.427698
    1 	 0.018505 	 0.111296 	 0.427698
    2 	 0.027549 	 0.254646 	 1.261039
    3 	 0.031934 	 0.416052 	 1.269195
    4 	 0.174823 	 0.532734 	 1.239908
    5 	 0.240292 	 0.592012 	 1.233671
    6 	 0.052059 	 0.636082 	 0.952849
    7 	 0.251811 	 0.706167 	 0.992465
    8 	 0.315339 	 0.710640 	 1.220466
    9 	 0.299066 	 0.677838 	 0.981014
   10 	 0.325618 	 0.674073 	 0.923669
   11 	 0.552193 	 0.689941 	 0.937764
   12 	 0.591377 	 0.691883 	 0.914982
   13 	 0.586488 	 0.684564 	 0.757867
   14 	 0.594431 	 0.683152 	 0.736010
   15 	 0.624241 	 0.686886 	 0.738668
   16 	 0.619545 	 0.687210 	 0.734360
   17 	 0.649930 	 0.687130 	 0.718628
   18 	 0.643244 	 0.686867 	 0.721061
   19 	 0.672980 	 0.687358 	 0.705601
   20 	 0.671880 	 0.687373 	 0.708946
   21 	 0.676625 	 0.687297 	 0.699594
   22 	 0.676463 	 0.687358 	 0.704105
   23 	 0.674214 	 0.687033 	 0.692557
   24 	 0.677117 	 0.686667 	 0.692635
   25 	 0.675297 	 0.687045 	 0.693715
   26 	 0.677246 	 0.687440 	 0.692321
   27 	 0.677012 	 0.687262 	 0.693194
   28 	 0.671261 	 0.687004 	 0.692259
   29 	 0.671325 	 0.687201 	 0.692371
   30 	 0.671181 	 0.687029 	 0.692205
   31 	 0.671132 	 0.686714 	 0.695108
   32 	 0.670806 	 0.686683 	 0.695178
   33 	 0.671165 	 0.686990 	 0.695201
   34 	 0.671061 	 0.686936 	 0.695359
   35 	 0.671161 	 0.686785 	 0.695185
   36 	 0.671153 	 0.686818 	 0.695236
   37 	 0.671175 	 0.687386 	 0.695188
   38 	 0.667700 	 0.686472 	 0.695191
   39 	 0.667696 	 0.685892 	 0.697528
   40 	 0.081922 	 0.679701 	 0.696864
   41 	 0.671177 	 0.687066 	 0.696866
   42 	 0.107662 	 0.685457 	 1.177548
   43 	 0.628448 	 0.685669 	 0.695179
   44 	 0.514179 	 0.690118 	 1.142906
   45 	 0.667779 	 0.687361 	 0.716462
   46 	 0.523504 	 0.686303 	 0.780348
   47 	 0.667700 	 0.686915 	 0.696826
   48 	 0.646142 	 0.687728 	 0.774711
   49 	 0.671178 	 0.686755 	 0.696864
   50 	 0.648504 	 0.687127 	 0.707493
   51 	 0.671178 	 0.687556 	 0.695179
   52 	 0.671196 	 0.687384 	 0.706313
   53 	 0.683770 	 0.687355 	 0.695179
   54 	 0.678604 	 0.687437 	 0.695170
   55 	 0.683770 	 0.687449 	 0.689146
   56 	 0.683774 	 0.687410 	 0.691609
   57 	 0.686603 	 0.687404 	 0.689146
   58 	 0.685444 	 0.687422 	 0.689144
   59 	 0.686603 	 0.687425 	 0.687804
   60 	 0.081922 	 0.673843 	 0.688353
   61 	 0.477403 	 0.685081 	 0.687804
   62 	 0.477391 	 0.694778 	 1.177548
   63 	 0.477391 	 0.686375 	 0.803405
   64 	 0.477391 	 0.682703 	 0.803412
   65 	 0.636657 	 0.688142 	 0.803412
   66 	 0.636654 	 0.690054 	 0.803412
   67 	 0.636654 	 0.687131 	 0.712272
   68 	 0.636654 	 0.686269 	 0.712274
   69 	 0.107663 	 0.680944 	 0.712274
   70 	 0.107662 	 0.681540 	 0.712274
   71 	 0.192592 	 0.687026 	 1.142906
   72 	 0.675870 	 0.692243 	 1.142906
   73 	 0.523504 	 0.689540 	 1.041783
   74 	 0.480326 	 0.683409 	 0.692919
   75 	 0.480326 	 0.684589 	 0.774711
   76 	 0.684829 	 0.689584 	 0.801522
   77 	 0.648504 	 0.688995 	 0.801522
   78 	 0.637421 	 0.686426 	 0.688644
   79 	 0.637421 	 0.686739 	 0.706312
   80 	 0.686839 	 0.687902 	 0.711885
   81 	 0.678604 	 0.687753 	 0.711885
   82 	 0.676048 	 0.687193 	 0.687692
   83 	 0.676048 	 0.687263 	 0.691609
   84 	 0.687289 	 0.687525 	 0.692834
   85 	 0.685444 	 0.687492 	 0.692834
   86 	 0.684869 	 0.687368 	 0.687479
   87 	 0.684869 	 0.687383 	 0.688353
   88 	 0.687389 	 0.687442 	 0.688625
   89 	 0.686977 	 0.687435 	 0.688625
   90 	 0.686848 	 0.687407 	 0.687432
   91 	 0.686848 	 0.687410 	 0.687627
   92 	 0.687412 	 0.687424 	 0.687688
   93 	 0.687320 	 0.687422 	 0.687688
   94 	 0.687291 	 0.687416 	 0.687421
   95 	 0.687291 	 0.687416 	 0.687465
   96 	 0.687417 	 0.687419 	 0.687478
   97 	 0.480326 	 0.685118 	 0.687478
   98 	 0.687390 	 0.687418 	 0.687419
   99 	 0.192592 	 0.683188 	 0.801522
  100 	 0.687418 	 0.687419 	 0.687432
  101 	 0.637421 	 0.690800 	 1.041783
  102 	 0.687412 	 0.687418 	 0.687418
  103 	 0.552766 	 0.686194 	 0.711885
  104 	 0.687418 	 0.687418 	 0.687421
  105 	 0.111983 	 0.681677 	 0.757538
  106 	 0.687417 	 0.687418 	 0.687418
  107 	 0.655807 	 0.692126 	 1.137290
  108 	 0.687418 	 0.687590 	 0.702880
  109 	 0.525047 	 0.686099 	 0.702880
  110 	 0.679940 	 0.687255 	 0.687418
  111 	 0.680189 	 0.688097 	 0.773786
  112 	 0.192592 	 0.681998 	 0.690970
  113 	 0.648893 	 0.687124 	 0.690852
  114 	 0.685744 	 0.691319 	 1.041783
  115 	 0.685800 	 0.687563 	 0.706118
  116 	 0.552766 	 0.685939 	 0.688210
  117 	 0.111983 	 0.680957 	 0.688184
  118 	 0.687044 	 0.688189 	 0.757538
  119 	 0.687057 	 0.692449 	 1.137290
  120 	 0.655807 	 0.687071 	 0.687595
  121 	 0.525047 	 0.685599 	 0.687589
  122 	 0.679940 	 0.687503 	 0.702688
  123 	 0.687337 	 0.688385 	 0.773786
  124 	 0.680278 	 0.687379 	 0.690970
  125 	 0.648893 	 0.686987 	 0.687456
  126 	 0.657065 	 0.687100 	 0.690809
  127 	 0.687400 	 0.689113 	 0.821073
  128 	 0.685820 	 0.687572 	 0.702067
  129 	 0.629575 	 0.686678 	 0.687427
  130 	 0.680565 	 0.687346 	 0.688174
  131 	 0.687414 	 0.687781 	 0.715884
  132 	 0.687061 	 0.687452 	 0.690672
  133 	 0.674225 	 0.687250 	 0.687420
  134 	 0.685884 	 0.687402 	 0.687587
  135 	 0.687417 	 0.687498 	 0.693710
  136 	 0.687338 	 0.687426 	 0.688144
  137 	 0.684458 	 0.687380 	 0.687419
  138 	 0.687075 	 0.687415 	 0.687456
  139 	 0.687418 	 0.687436 	 0.688820
  140 	 0.687400 	 0.687420 	 0.687580
  141 	 0.686757 	 0.687410 	 0.687418
  142 	 0.687342 	 0.687417 	 0.687427
  143 	 0.687418 	 0.687422 	 0.687731
  144 	 0.687414 	 0.687419 	 0.687454
  145 	 0.687270 	 0.687416 	 0.687418
  146 	 0.687401 	 0.687418 	 0.687420
  147 	 0.687418 	 0.687419 	 0.687488
  148 	 0.687417 	 0.687418 	 0.687426
  149 	 0.687385 	 0.687418 	 0.687418
  150 	 0.687414 	 0.687418 	 0.687419
  151 	 0.687418 	 0.687418 	 0.687434
  152 	 0.671178 	 0.687238 	 0.687420
  153 	 0.192592 	 0.681740 	 0.687418
  154 	 0.687417 	 0.687504 	 0.695179
  155 	 0.687418 	 0.691442 	 1.041783
  156 	 0.477391 	 0.685044 	 0.687419
  157 	 0.477391 	 0.683548 	 0.687418
  158 	 0.679940 	 0.688643 	 0.803412
  159 	 0.679940 	 0.689422 	 0.803412
  160 	 0.636654 	 0.686718 	 0.690970
  161 	 0.636654 	 0.686450 	 0.690970
  162 	 0.685744 	 0.687759 	 0.712274
  163 	 0.685744 	 0.687889 	 0.712274
  164 	 0.675870 	 0.687259 	 0.688210
  165 	 0.675870 	 0.687199 	 0.688210
  166 	 0.687044 	 0.693494 	 1.227418
  167 	 0.051888 	 0.686461 	 1.227418
  168 	 0.597972 	 0.704953 	 1.227418
  169 	 0.501324 	 0.701239 	 1.227418
  170 	 0.501324 	 0.707113 	 1.227418
  171 	 0.501324 	 0.730385 	 1.227418
  172 	 0.501324 	 0.741453 	 1.590777
  173 	 0.501324 	 0.770463 	 1.590777
  174 	 0.424074 	 0.817161 	 1.590777
  175 	 0.452014 	 0.847020 	 1.590777
  176 	 0.424074 	 0.889942 	 1.813650
  177 	 0.424074 	 0.915754 	 1.590777
  178 	 0.432531 	 0.967816 	 1.813650
  179 	 0.424074 	 0.987394 	 1.813650
  180 	 0.501317 	 0.983975 	 1.786253
  181 	 0.424074 	 0.967876 	 1.813650
  182 	 0.522588 	 0.990490 	 1.590795
  183 	 0.515212 	 0.986855 	 1.813650
  184 	 0.582040 	 0.963749 	 1.538726
  185 	 0.515212 	 0.953081 	 1.556392
  186 	 0.600231 	 0.970528 	 1.409761
  187 	 0.593933 	 0.969452 	 1.556392
  188 	 0.650592 	 0.952265 	 1.374513
  189 	 0.593933 	 0.945053 	 1.386515
  190 	 0.665862 	 0.958570 	 1.285525
  191 	 0.660583 	 0.958980 	 1.386515
  192 	 0.707802 	 0.945435 	 1.260777
  193 	 0.660583 	 0.940326 	 1.269225
  194 	 0.720421 	 0.951103 	 1.197459
  195 	 0.716063 	 0.951351 	 1.269225
  196 	 0.754854 	 0.941393 	 1.179633
  197 	 0.705157 	 0.938392 	 1.185729
  198 	 0.765150 	 0.946601 	 1.133589
  199 	 0.761598 	 0.947679 	 1.201264
  200 	 0.793091 	 0.939887 	 1.120511
  201 	 0.752693 	 0.937573 	 1.124989
  202 	 0.801404 	 0.943974 	 1.086494
  203 	 0.540056 	 0.940896 	 1.136373
  204 	 0.572057 	 0.934270 	 1.076770
  205 	 0.791344 	 0.942893 	 1.498452
  206 	 0.830517 	 0.948011 	 1.429885
  207 	 0.615100 	 0.939699 	 1.088561
  208 	 0.642185 	 0.934623 	 1.044041
  209 	 0.822462 	 0.941235 	 1.346983
  210 	 0.853722 	 0.945283 	 1.299571
  211 	 0.678296 	 0.939016 	 1.052895
  212 	 0.700834 	 0.935118 	 1.019345
  213 	 0.847318 	 0.940222 	 1.241317
  214 	 0.872110 	 0.943404 	 1.207534
  215 	 0.730665 	 0.938266 	 1.026044
  216 	 0.749157 	 0.935636 	 1.000591
  217 	 0.867044 	 0.939898 	 1.165550
  218 	 0.886611 	 0.942083 	 1.140958
  219 	 0.762918 	 0.936027 	 1.005688
  220 	 0.768511 	 0.933965 	 0.986280
  221 	 0.882622 	 0.941635 	 1.123321
  222 	 0.898004 	 0.943347 	 1.116307
  223 	 0.799603 	 0.936438 	 0.990176
  224 	 0.785274 	 0.933050 	 0.975320
  225 	 0.765158 	 0.935536 	 1.078862
  226 	 0.787513 	 0.936215 	 1.095802
  227 	 0.761211 	 0.934692 	 1.112745
  228 	 0.768967 	 0.939842 	 1.093120
  229 	 0.773656 	 0.936101 	 1.125479
  230 	 0.784213 	 0.936494 	 1.115739
  231 	 0.040486 	 0.924272 	 1.109932
  232 	 0.728401 	 0.939470 	 1.097078
  233 	 0.583103 	 0.995295 	 5.959973
  234 	 0.583284 	 0.927484 	 1.168632
  235 	 0.164277 	 0.931558 	 1.407652
  236 	 0.768372 	 0.951108 	 1.407294
  237 	 0.651486 	 0.966141 	 3.429625
  238 	 0.570713 	 0.924596 	 1.112415
  239 	 0.281142 	 0.931327 	 1.284050
  240 	 0.772700 	 0.954507 	 1.432638
  241 	 0.708542 	 0.959746 	 2.448330
  242 	 0.641051 	 0.928189 	 1.111111
  243 	 0.388254 	 0.930709 	 1.196399
  244 	 0.807486 	 0.950368 	 1.301488
  245 	 0.755459 	 0.952796 	 1.939660
  246 	 0.699894 	 0.930204 	 1.069763
  247 	 0.483802 	 0.931914 	 1.132813
  248 	 0.835378 	 0.947381 	 1.208907
  249 	 0.793580 	 0.948528 	 1.636387
  250 	 0.748387 	 0.931870 	 1.038769
  251 	 0.299412 	 0.918528 	 1.085918
  252 	 0.316540 	 0.938224 	 1.141960
  253 	 0.824254 	 0.976151 	 2.343502
  254 	 0.787860 	 0.947884 	 2.253064
  255 	 0.404727 	 0.921956 	 1.050912
  256 	 0.420104 	 0.937758 	 1.092705
  257 	 0.319002 	 0.957138 	 1.879605
  258 	 0.315746 	 0.937332 	 1.826805
  259 	 0.498280 	 0.939677 	 2.240635
  260 	 0.511743 	 0.952197 	 2.257101
  261 	 0.422309 	 0.950918 	 1.598517
  262 	 0.419393 	 0.936466 	 1.564840
  263 	 0.579436 	 0.937494 	 1.819476
  264 	 0.590968 	 0.947380 	 1.829182
  265 	 0.315698 	 0.940108 	 1.414957
  266 	 0.312194 	 0.925681 	 1.392239
  267 	 0.316172 	 0.940167 	 2.257346
  268 	 0.658095 	 0.964275 	 2.275343
  269 	 0.300355 	 0.951259 	 2.254932
  270 	 0.416208 	 0.927300 	 1.273246
  271 	 0.419774 	 0.952751 	 2.338334
  272 	 0.714008 	 0.956024 	 1.839899
  273 	 0.405575 	 0.944906 	 1.827905
  274 	 0.505664 	 0.929112 	 1.188626
  275 	 0.039315 	 0.936857 	 1.876612
  276 	 0.759921 	 0.951241 	 1.579870
  277 	 0.117076 	 0.989413 	 6.001876
  278 	 0.585765 	 0.931120 	 1.127115
  279 	 0.163154 	 0.965742 	 4.092057
  280 	 0.797184 	 0.947805 	 1.402397
  281 	 0.237003 	 0.966387 	 3.442886
  282 	 0.653724 	 0.932798 	 1.081684
  283 	 0.280097 	 0.951203 	 2.744969
  284 	 0.827141 	 0.945736 	 1.280370
  285 	 0.352079 	 0.954827 	 2.454606
  286 	 0.710394 	 0.933663 	 1.047734
  287 	 0.387311 	 0.943661 	 2.086031
  288 	 0.851039 	 0.943624 	 1.193754
  289 	 0.451808 	 0.948436 	 1.943217
  290 	 0.117007 	 0.925549 	 1.022140
  291 	 0.104759 	 0.936497 	 1.726795
  292 	 0.039313 	 0.958229 	 4.093213
  293 	 0.539347 	 0.974471 	 4.309251
  294 	 0.236938 	 1.018952 	 6.001947
  295 	 0.225400 	 0.935222 	 1.500045
  296 	 0.163152 	 0.944815 	 2.745458
  297 	 0.614498 	 0.957856 	 2.835269
  298 	 0.348098 	 0.976556 	 3.442909
  299 	 0.337545 	 0.934125 	 1.348076
  300 	 0.280096 	 0.939451 	 2.103503
  301 	 0.677793 	 0.950648 	 2.151256
  302 	 0.448269 	 0.960544 	 2.454617
  303 	 0.438875 	 0.934392 	 1.242092
  304 	 0.387309 	 0.936577 	 1.737411
  305 	 0.299044 	 0.938988 	 1.766240
  306 	 0.299068 	 0.940760 	 1.864944
  307 	 0.528111 	 0.946931 	 2.345524
  308 	 0.501946 	 0.952894 	 2.345391
  309 	 0.404396 	 0.939461 	 1.525760
  310 	 0.404418 	 0.943962 	 1.589203
  311 	 0.604939 	 0.948507 	 1.880775
  312 	 0.582580 	 0.947421 	 1.898190
  313 	 0.315541 	 0.931640 	 1.365675
  314 	 0.493708 	 0.941646 	 1.408689
  315 	 0.672009 	 0.959795 	 2.258146
  316 	 0.651046 	 0.943820 	 1.610287
  317 	 0.419209 	 0.931853 	 1.251080
  318 	 0.575511 	 0.940022 	 1.284775
  319 	 0.725489 	 0.953135 	 1.846352
  320 	 0.708178 	 0.941906 	 1.422858
  321 	 0.506675 	 0.932684 	 1.172623
  322 	 0.645096 	 0.939107 	 1.196920
  323 	 0.769277 	 0.948698 	 1.577350
  324 	 0.755161 	 0.940667 	 1.294674
  325 	 0.586631 	 0.931564 	 1.115354
  326 	 0.703248 	 0.938619 	 1.133194
  327 	 0.804729 	 0.947837 	 1.400696
  328 	 0.793340 	 0.939955 	 1.204025
  329 	 0.654452 	 0.932998 	 1.072928
  330 	 0.754988 	 0.938927 	 1.086201
  331 	 0.833175 	 0.945544 	 1.279178
  332 	 0.824062 	 0.939171 	 1.133417
  333 	 0.710996 	 0.934176 	 1.041151
  334 	 0.793200 	 0.938979 	 1.051125
  335 	 0.855834 	 0.943733 	 1.192897
  336 	 0.848590 	 0.938875 	 1.086367
  337 	 0.757463 	 0.935011 	 1.017156
  338 	 0.585599 	 0.934740 	 1.024705
  339 	 0.873778 	 0.942316 	 1.130246
  340 	 0.868052 	 0.944009 	 1.402723
  341 	 0.117068 	 0.927159 	 0.998923
  342 	 0.653585 	 0.935873 	 1.004670
  343 	 0.887923 	 0.976684 	 4.092190
  344 	 0.883416 	 0.942483 	 1.280598
  345 	 0.236995 	 0.929032 	 1.010081
  346 	 0.710279 	 0.936419 	 0.989398
  347 	 0.879213 	 0.960435 	 2.745025
  348 	 0.895497 	 0.940876 	 1.193918
  349 	 0.348150 	 0.930308 	 0.993529
  350 	 0.756878 	 0.936788 	 0.977711
  351 	 0.892197 	 0.952831 	 2.103271
  352 	 0.904968 	 0.940238 	 1.130995
  353 	 0.448316 	 0.932369 	 0.980876
  354 	 0.794726 	 0.937796 	 0.970250
  355 	 0.902384 	 0.948181 	 1.737271
  356 	 0.316091 	 0.932745 	 1.084568
  357 	 0.315867 	 0.926923 	 0.971172
  358 	 0.825173 	 0.952125 	 2.255348
  359 	 0.910355 	 0.959485 	 2.256485
  360 	 0.419701 	 0.933500 	 1.049899
  361 	 0.419501 	 0.928587 	 0.963711
  362 	 0.849474 	 0.947623 	 1.828150
  363 	 0.916581 	 0.953282 	 1.828819
  364 	 0.511391 	 0.934303 	 1.023778
  365 	 0.511216 	 0.930396 	 0.957964
  366 	 0.868751 	 0.944839 	 1.565702
  367 	 0.921435 	 0.949073 	 1.566131
  368 	 0.590667 	 0.935023 	 1.003965
  369 	 0.590517 	 0.931597 	 0.953530
  370 	 0.883966 	 0.943025 	 1.392822
  371 	 0.925215 	 0.946851 	 1.393113
  372 	 0.657842 	 0.935971 	 0.988859
  373 	 0.657716 	 0.932997 	 0.967783
  374 	 0.895929 	 0.941838 	 1.273655
  375 	 0.913173 	 0.944427 	 1.273859
  376 	 0.713799 	 0.935817 	 0.977298
  377 	 0.713695 	 0.933762 	 0.961102
  378 	 0.905307 	 0.941253 	 1.188921
  379 	 0.918778 	 0.943233 	 1.189068
  380 	 0.759751 	 0.936337 	 0.968423
  381 	 0.759666 	 0.934728 	 0.955951
  382 	 0.912640 	 0.940544 	 1.127331
  383 	 0.923147 	 0.942063 	 1.127439
  384 	 0.797047 	 0.936761 	 0.961594
  385 	 0.796978 	 0.935503 	 0.951976
  386 	 0.918363 	 0.940020 	 1.081845
  387 	 0.926547 	 0.941189 	 1.081925
  388 	 0.827031 	 0.937102 	 0.956331
  389 	 0.826976 	 0.936121 	 0.948904
  390 	 0.779257 	 0.937862 	 1.047855
  391 	 0.776700 	 0.938775 	 1.047915
  392 	 0.779157 	 0.937437 	 1.103075
  393 	 0.780155 	 0.936666 	 1.106194
  394 	 0.779299 	 0.936200 	 1.103196
  395 	 0.779183 	 0.935171 	 1.101983
  396 	 0.298826 	 0.932402 	 1.103023
  397 	 0.777952 	 0.938948 	 1.103165
  398 	 0.778496 	 0.948296 	 2.346722
  399 	 0.040461 	 0.925526 	 1.104665
 