   0 	 0.015967 	 0.096498 	 1.877935
    1 	 0.021607 	 0.660330 	 1.877935
    2 	 0.027798 	 1.242643 	 1.823263
    3 	 0.240284 	 0.983146 	 1.804705
    4 	 0.370872 	 0.630373 	 1.784766
    5 	 0.377327 	 0.720986 	 1.294022
    6 	 0.431543 	 0.881503 	 1.106352
    7 	 0.507985 	 0.809347 	 1.099110
    8 	 0.518165 	 0.711815 	 1.037298
    9 	 0.529911 	 0.749589 	 0.961090
   10 	 0.553348 	 0.802942 	 0.941241
   11 	 0.590170 	 0.781878 	 0.941256
   12 	 0.678546 	 0.750148 	 0.920939
   13 	 0.678539 	 0.761188 	 0.890734
   14 	 0.688023 	 0.779312 	 0.820722
   15 	 0.702625 	 0.773339 	 0.825738
   16 	 0.738977 	 0.762446 	 0.819321
   17 	 0.736248 	 0.765895 	 0.809635
   18 	 0.739743 	 0.772110 	 0.786487
   19 	 0.745082 	 0.770046 	 0.788179
   20 	 0.550389 	 0.762701 	 0.786013
   21 	 0.552297 	 0.765170 	 0.782729
   22 	 0.758430 	 0.772338 	 0.923029
   23 	 0.218829 	 0.764559 	 0.921831
   24 	 0.687035 	 0.766336 	 0.774635
   25 	 0.218484 	 0.767421 	 1.330975
   26 	 0.761339 	 0.769866 	 0.819985
   27 	 0.536632 	 0.773063 	 1.331587
   28 	 0.739380 	 0.767844 	 0.772894
   29 	 0.536312 	 0.767402 	 0.935339
   30 	 0.766052 	 0.769029 	 0.786238
   31 	 0.681274 	 0.769739 	 0.935618
   32 	 0.758301 	 0.768319 	 0.770088
   33 	 0.681144 	 0.768066 	 0.823877
   34 	 0.767702 	 0.768731 	 0.774713
   35 	 0.218430 	 0.762829 	 0.823965
   36 	 0.764986 	 0.768571 	 0.776312
   37 	 0.736939 	 0.774723 	 1.331682
   38 	 0.764052 	 0.768659 	 0.776452
   39 	 0.536284 	 0.766076 	 0.787750
   40 	 0.763970 	 0.768533 	 0.771277
   41 	 0.551544 	 0.767984 	 0.935643
   42 	 0.551568 	 0.766202 	 0.771325
   43 	 0.551546 	 0.764516 	 0.922472
   44 	 0.766974 	 0.770259 	 0.922452
   45 	 0.687298 	 0.771694 	 0.922466
   46 	 0.687308 	 0.767678 	 0.769542
   47 	 0.687302 	 0.766980 	 0.819472
   48 	 0.036616 	 0.760985 	 0.819801
   49 	 0.739387 	 0.769577 	 0.819470
   50 	 0.036753 	 0.771083 	 1.757113
   51 	 0.739662 	 0.767983 	 0.786233
   52 	 0.436755 	 0.776035 	 1.755148
   53 	 0.758303 	 0.768910 	 0.786064
   54 	 0.437035 	 0.767675 	 1.031720
   55 	 0.758401 	 0.768332 	 0.774711
   56 	 0.639296 	 0.770110 	 1.031423
   57 	 0.764987 	 0.768691 	 0.774653
   58 	 0.639213 	 0.767991 	 0.853391
   59 	 0.764729 	 0.768455 	 0.770721
   60 	 0.721297 	 0.768996 	 0.853451
   61 	 0.695136 	 0.767771 	 0.770874
   62 	 0.695078 	 0.767507 	 0.797577
   63 	 0.767240 	 0.769017 	 0.814242
   64 	 0.751836 	 0.769028 	 0.814612
   65 	 0.742257 	 0.768108 	 0.769385
   66 	 0.742329 	 0.767928 	 0.778612
   67 	 0.753527 	 0.768098 	 0.784156
   68 	 0.753487 	 0.767706 	 0.784419
   69 	 0.744793 	 0.768264 	 0.777589
   70 	 0.759348 	 0.768820 	 0.777546
   71 	 0.751658 	 0.768137 	 0.782600
   72 	 0.753417 	 0.767826 	 0.773785
   73 	 0.760399 	 0.768571 	 0.778721
   74 	 0.036753 	 0.760296 	 0.777656
   75 	 0.753473 	 0.768147 	 0.773456
   76 	 0.753756 	 0.779377 	 1.756689
   77 	 0.753412 	 0.768563 	 0.777621
   78 	 0.436741 	 0.764907 	 0.777148
   79 	 0.763029 	 0.768487 	 0.777356
   80 	 0.763564 	 0.771378 	 1.031736
   81 	 0.753402 	 0.768376 	 0.771885
   82 	 0.639086 	 0.767097 	 0.771567
   83 	 0.766616 	 0.768563 	 0.777362
   84 	 0.766832 	 0.769405 	 0.853544
   85 	 0.763148 	 0.768449 	 0.769458
   86 	 0.721218 	 0.767995 	 0.769330
   87 	 0.767779 	 0.768536 	 0.771815
   88 	 0.768141 	 0.768812 	 0.797628
   89 	 0.766686 	 0.768497 	 0.769060
   90 	 0.751808 	 0.768328 	 0.768847
   91 	 0.768152 	 0.768497 	 0.769713
   92 	 0.768153 	 0.768595 	 0.778327
   93 	 0.767924 	 0.768504 	 0.768845
   94 	 0.260718 	 0.762794 	 0.768844
   95 	 0.768171 	 0.768483 	 0.768913
   96 	 0.768141 	 0.773992 	 1.259894
   97 	 0.047706 	 0.760504 	 0.768828
   98 	 0.557913 	 0.766129 	 0.768852
   99 	 0.463150 	 0.775670 	 1.723527
  100 	 0.463143 	 0.766745 	 0.916663
  101 	 0.443159 	 0.764089 	 1.003865
  102 	 0.689815 	 0.770224 	 1.004377
  103 	 0.650675 	 0.772670 	 1.024949
  104 	 0.650670 	 0.767741 	 0.817785
  105 	 0.641870 	 0.766609 	 0.844826
  106 	 0.740310 	 0.769020 	 0.845187
  107 	 0.726044 	 0.769774 	 0.851158
  108 	 0.725854 	 0.768168 	 0.785355
  109 	 0.722722 	 0.767763 	 0.794253
  110 	 0.758521 	 0.768644 	 0.794689
  111 	 0.753436 	 0.768882 	 0.796672
  112 	 0.753189 	 0.768352 	 0.774581
  113 	 0.752348 	 0.768239 	 0.777644
  114 	 0.764771 	 0.768535 	 0.777491
  115 	 0.571603 	 0.766407 	 0.778302
  116 	 0.036616 	 0.755932 	 0.770552
  117 	 0.571514 	 0.758993 	 0.905303
  118 	 0.442195 	 0.772303 	 1.755570
  119 	 0.571569 	 0.770905 	 0.905786
  120 	 0.436954 	 0.768431 	 1.025437
  121 	 0.695031 	 0.767989 	 0.905330
  122 	 0.641669 	 0.769985 	 1.030977
  123 	 0.695251 	 0.769003 	 0.814323
  124 	 0.639396 	 0.768068 	 0.851304
  125 	 0.742213 	 0.768165 	 0.814166
  126 	 0.722385 	 0.768465 	 0.852954
  127 	 0.738481 	 0.768255 	 0.784183
  128 	 0.687444 	 0.766984 	 0.796569
  129 	 0.738424 	 0.767858 	 0.786485
  130 	 0.738444 	 0.768983 	 0.819374
  131 	 0.757872 	 0.768742 	 0.786520
  132 	 0.739441 	 0.768092 	 0.786508
  133 	 0.757852 	 0.768207 	 0.774670
  134 	 0.757859 	 0.768595 	 0.785891
  135 	 0.764719 	 0.768519 	 0.774683
  136 	 0.758213 	 0.768292 	 0.774678
  137 	 0.764712 	 0.768334 	 0.770583
  138 	 0.694927 	 0.767652 	 0.774466
  139 	 0.694909 	 0.765177 	 0.770587
  140 	 0.551450 	 0.764014 	 0.814381
  141 	 0.551446 	 0.767195 	 0.814393
  142 	 0.551450 	 0.764104 	 0.922127
  143 	 0.551450 	 0.761383 	 0.922130
  144 	 0.687225 	 0.770104 	 0.922127
  145 	 0.687224 	 0.771730 	 0.922127
  146 	 0.687225 	 0.763664 	 0.819521
  147 	 0.687225 	 0.764344 	 0.819522
  148 	 0.694926 	 0.767308 	 0.819521
  149 	 0.694798 	 0.766108 	 0.819521
  150 	 0.694888 	 0.764281 	 0.814381
  151 	 0.694926 	 0.763472 	 0.814466
  152 	 0.692289 	 0.762777 	 0.814407
  153 	 0.694913 	 0.760938 	 0.814381
  154 	 0.694926 	 0.764608 	 0.816134
  155 	 0.673409 	 0.765709 	 0.814390
  156 	 0.571624 	 0.762132 	 0.814381
  157 	 0.571624 	 0.756979 	 0.828906
  158 	 0.571624 	 0.758565 	 0.905286
  159 	 0.566507 	 0.758425 	 0.905286
  160 	 0.569838 	 0.752554 	 0.905286
  161 	 0.546867 	 0.755723 	 0.909499
  162 	 0.557905 	 0.756089 	 0.906751
  163 	 0.570933 	 0.759079 	 0.926041
  164 	 0.571624 	 0.765739 	 0.916671
  165 	 0.573083 	 0.769333 	 0.905852
  166 	 0.689812 	 0.769757 	 0.905286
  167 	 0.694999 	 0.768834 	 0.904092
  168 	 0.695272 	 0.768161 	 0.817787
  169 	 0.695850 	 0.768492 	 0.814333
  170 	 0.740309 	 0.768738 	 0.814152
  171 	 0.742207 	 0.768469 	 0.813769
  172 	 0.742307 	 0.768272 	 0.785355
  173 	 0.742518 	 0.768405 	 0.784187
  174 	 0.758521 	 0.768503 	 0.784125
  175 	 0.759194 	 0.768415 	 0.783995
  176 	 0.759229 	 0.768351 	 0.774281
  177 	 0.759304 	 0.768399 	 0.773878
  178 	 0.764947 	 0.768435 	 0.773857
  179 	 0.765183 	 0.768405 	 0.773812
  180 	 0.765195 	 0.768384 	 0.770448
  181 	 0.765221 	 0.768401 	 0.770308
  182 	 0.767196 	 0.768413 	 0.770300
  183 	 0.767279 	 0.768403 	 0.770285
  184 	 0.767283 	 0.768396 	 0.769115
  185 	 0.767292 	 0.768402 	 0.769066
  186 	 0.331499 	 0.763552 	 0.769064
  187 	 0.041785 	 0.760330 	 0.769058
  188 	 0.768012 	 0.772715 	 1.156740
  189 	 0.768015 	 0.779194 	 1.739782
  190 	 0.591807 	 0.770363 	 1.121354
  191 	 0.439990 	 0.772596 	 1.121325
  192 	 0.604466 	 0.771842 	 1.121325
  193 	 0.604476 	 0.779405 	 1.121361
  194 	 0.604476 	 0.778851 	 1.121328
  195 	 0.604463 	 0.781244 	 1.373860
  196 	 0.604475 	 0.784094 	 1.209754
  197 	 0.524422 	 0.807318 	 1.121361
  198 	 0.573805 	 0.814938 	 1.373862
  199 	 0.604463 	 0.815450 	 1.543633
  200 	 0.524422 	 0.835699 	 1.121332
  201 	 0.481549 	 0.878661 	 1.373860
  202 	 0.604474 	 0.862015 	 1.543634
  203 	 0.523325 	 0.845528 	 1.374011
  204 	 0.481548 	 0.882688 	 1.373860
  205 	 0.576176 	 0.892338 	 1.546253
  206 	 0.524422 	 0.901300 	 1.653033
  207 	 0.598927 	 0.890277 	 1.373874
  208 	 0.481549 	 0.921777 	 1.543633
  209 	 0.524422 	 0.957775 	 1.384415
  210 	 0.481549 	 0.968291 	 1.653033
  211 	 0.524422 	 0.964966 	 1.543633
  212 	 0.562926 	 0.964805 	 1.653033
  213 	 0.599868 	 0.958875 	 1.543633
  214 	 0.562926 	 0.966181 	 1.457034
  215 	 0.599868 	 0.955273 	 1.382613
  216 	 0.632738 	 0.953936 	 1.457034
  217 	 0.664005 	 0.950971 	 1.382613
  218 	 0.632738 	 0.956895 	 1.322511
  219 	 0.664005 	 0.949737 	 1.269995
  220 	 0.691606 	 0.947855 	 1.322511
  221 	 0.717672 	 0.942639 	 1.269995
  222 	 0.691606 	 0.950909 	 1.226985
  223 	 0.717672 	 0.949655 	 1.188959
  224 	 0.740529 	 0.944344 	 1.226985
  225 	 0.761986 	 0.940900 	 1.188959
  226 	 0.740529 	 0.947160 	 1.157502
  227 	 0.761986 	 0.946653 	 1.129450
  228 	 0.780700 	 0.942331 	 1.157502
  229 	 0.798180 	 0.940019 	 1.129450
  230 	 0.780700 	 0.944786 	 1.106073
  231 	 0.798180 	 0.944672 	 1.085093
  232 	 0.813357 	 0.941194 	 1.106073
  233 	 0.827477 	 0.939617 	 1.085093
  234 	 0.813357 	 0.943273 	 1.067513
  235 	 0.827477 	 0.943344 	 1.051661
  236 	 0.839692 	 0.940559 	 1.067513
  237 	 0.851020 	 0.939475 	 1.051661
  238 	 0.839692 	 0.942284 	 1.038322
  239 	 0.851020 	 0.942443 	 1.026252
  240 	 0.860717 	 0.940236 	 1.038322
  241 	 0.869829 	 0.939470 	 1.026252
  242 	 0.860791 	 0.941630 	 1.016140
  243 	 0.869829 	 0.941814 	 1.006818
  244 	 0.877547 	 0.940068 	 1.015960
  245 	 0.884785 	 0.939526 	 1.006818
  246 	 0.877686 	 0.941195 	 0.999054
  247 	 0.884785 	 0.941376 	 0.991881
  248 	 0.890873 	 0.939634 	 0.998915
  249 	 0.891842 	 0.939280 	 0.991783
  250 	 0.891015 	 0.941211 	 0.985928
  251 	 0.879376 	 0.940801 	 0.984987
  252 	 0.835899 	 0.938081 	 0.985790
  253 	 0.826336 	 0.937813 	 0.997232
  254 	 0.274861 	 0.925706 	 1.042428
  255 	 0.876041 	 0.941006 	 1.052813
  256 	 0.857759 	 0.969485 	 2.487459
  257 	 0.850114 	 0.934646 	 1.000559
  258 	 0.374061 	 0.920326 	 1.019203
  259 	 0.873480 	 0.934951 	 1.027101
  260 	 0.363050 	 0.951145 	 2.010207
  261 	 0.824401 	 0.934710 	 1.003130
  262 	 0.468668 	 0.937515 	 2.055712
  263 	 0.852633 	 0.934448 	 1.054962
  264 	 0.458903 	 0.948422 	 1.688996
  265 	 0.277349 	 0.929239 	 1.024555
  266 	 0.278096 	 0.929803 	 1.717026
  267 	 0.860309 	 0.953095 	 2.159134
  268 	 0.543353 	 0.959729 	 2.490685
  269 	 0.438110 	 0.928425 	 1.016458
  270 	 0.382528 	 0.931501 	 1.499807
  271 	 0.859091 	 0.949655 	 1.602797
  272 	 0.616064 	 0.955227 	 1.976565
  273 	 0.579308 	 0.933694 	 1.017718
  274 	 0.476198 	 0.935723 	 1.352147
  275 	 0.876334 	 0.948759 	 1.423066
  276 	 0.677715 	 0.950696 	 1.667783
  277 	 0.646636 	 0.934891 	 1.000267
  278 	 0.558290 	 0.936171 	 1.248261
  279 	 0.889944 	 0.946611 	 1.298641
  280 	 0.130773 	 0.938999 	 1.466942
  281 	 0.703215 	 0.935921 	 0.986832
  282 	 0.628796 	 0.969732 	 3.934328
  283 	 0.900713 	 0.945037 	 1.209754
  284 	 0.246443 	 0.938128 	 1.329442
  285 	 0.750101 	 0.936773 	 0.976455
  286 	 0.688306 	 0.956737 	 2.703848
  287 	 0.909211 	 0.943881 	 1.144818
  288 	 0.353701 	 0.937846 	 1.231973
  289 	 0.788508 	 0.937462 	 0.968419
  290 	 0.370241 	 0.944177 	 2.095993
  291 	 0.915903 	 0.943025 	 1.096602
  292 	 0.450574 	 0.949953 	 2.025765
  293 	 0.819671 	 0.938017 	 0.962184
  294 	 0.465297 	 0.941770 	 1.742240
  295 	 0.371802 	 0.935944 	 1.060366
  296 	 0.536009 	 0.946535 	 1.698667
  297 	 0.844762 	 0.950574 	 2.019378
  298 	 0.548827 	 0.940561 	 1.516510
  299 	 0.466684 	 0.937877 	 1.067417
  300 	 0.609790 	 0.944439 	 1.487592
  301 	 0.839760 	 0.946235 	 1.694674
  302 	 0.620736 	 0.940003 	 1.363904
  303 	 0.550033 	 0.938134 	 1.038249
  304 	 0.672358 	 0.943110 	 1.343841
  305 	 0.860845 	 0.944400 	 1.484930
  306 	 0.681551 	 0.939764 	 1.256664
  307 	 0.621763 	 0.938419 	 1.016007
  308 	 0.724604 	 0.942240 	 1.242311
  309 	 0.877649 	 0.943210 	 1.341988
  310 	 0.732219 	 0.939636 	 1.179240
  311 	 0.682413 	 0.938710 	 0.998952
  312 	 0.767672 	 0.941724 	 1.168744
  313 	 0.890986 	 0.942396 	 1.240983
  314 	 0.773907 	 0.939645 	 1.122244
  315 	 0.732932 	 0.938966 	 0.985818
  316 	 0.802798 	 0.941303 	 1.114445
  317 	 0.901536 	 0.941820 	 1.167771
  318 	 0.807855 	 0.939705 	 1.079683
  319 	 0.774491 	 0.939191 	 0.975670
  320 	 0.831198 	 0.941011 	 1.073819
  321 	 0.909860 	 0.941413 	 1.113721
  322 	 0.835269 	 0.939770 	 1.047562
  323 	 0.808328 	 0.939378 	 0.967717
  324 	 0.853999 	 0.940799 	 1.043113
  325 	 0.678735 	 0.938176 	 1.073274
  326 	 0.677778 	 0.934008 	 1.023124
  327 	 0.037079 	 0.932930 	 1.246518
  328 	 0.872202 	 0.947490 	 1.248162
  329 	 0.729971 	 0.997337 	 6.231345
  330 	 0.037076 	 0.925185 	 1.004418
  331 	 0.157363 	 0.933562 	 1.171824
  332 	 0.886668 	 1.004493 	 6.231450
  333 	 0.772008 	 0.967981 	 3.561727
  334 	 0.157360 	 0.927508 	 0.990032
  335 	 0.271361 	 0.934314 	 1.116810
  336 	 0.898124 	 0.973275 	 3.561760
  337 	 0.806315 	 0.956804 	 2.532537
  338 	 0.271359 	 0.929805 	 0.978930
  339 	 0.376501 	 0.935114 	 1.075598
  340 	 0.359944 	 0.954471 	 2.533194
  341 	 0.833960 	 0.951107 	 2.000397
  342 	 0.376408 	 0.944127 	 2.068922
  343 	 0.470855 	 0.935884 	 1.044539
  344 	 0.456137 	 0.948926 	 2.000770
  345 	 0.856209 	 0.947755 	 1.682780
  346 	 0.470772 	 0.941853 	 1.725514
  347 	 0.553655 	 0.936599 	 1.020815
  348 	 0.540858 	 0.945804 	 1.683014
  349 	 0.873885 	 0.945611 	 1.476986
  350 	 0.553583 	 0.940721 	 1.505439
  351 	 0.624849 	 0.937232 	 1.002722
  352 	 0.037077 	 0.933888 	 1.477142
  353 	 0.888003 	 0.944169 	 1.336453
  354 	 0.624788 	 0.998965 	 6.231419
  355 	 0.685001 	 0.937777 	 0.988628
  356 	 0.157361 	 0.934035 	 1.336562
  357 	 0.899258 	 0.943154 	 1.237011
  358 	 0.684949 	 0.969045 	 3.561750
  359 	 0.735072 	 0.938242 	 0.977844
  360 	 0.271359 	 0.934535 	 1.237089
  361 	 0.908064 	 0.942423 	 1.164860
  362 	 0.735030 	 0.957482 	 2.533189
  363 	 0.776181 	 0.938478 	 0.969496
  364 	 0.376423 	 0.935219 	 1.164918
  365 	 0.520556 	 0.937353 	 1.111629
  366 	 0.776146 	 0.951558 	 2.000710
  367 	 0.809632 	 0.945633 	 1.552902
  368 	 0.470785 	 0.935910 	 1.111672
  369 	 0.596551 	 0.937775 	 1.071775
  370 	 0.036660 	 0.938029 	 1.682977
  371 	 0.836698 	 0.944092 	 1.388983
  372 	 0.553594 	 0.995546 	 6.247673
  373 	 0.661208 	 0.938171 	 1.041561
  374 	 0.156959 	 0.937067 	 1.477117
  375 	 0.858398 	 0.943044 	 1.274522
  376 	 0.624798 	 0.966430 	 3.566850
  377 	 0.715297 	 0.938529 	 1.018436
  378 	 0.270984 	 0.936832 	 1.336545
  379 	 0.875706 	 0.943661 	 1.192326
  380 	 0.684958 	 0.958204 	 2.535598
  381 	 0.759979 	 0.937771 	 1.000895
  382 	 0.376082 	 0.934813 	 1.237076
  383 	 0.889447 	 0.942824 	 1.131889
  384 	 0.735037 	 0.952110 	 2.002076
  385 	 0.131283 	 0.929260 	 0.987316
  386 	 0.470483 	 0.935556 	 1.164908
  387 	 0.900320 	 0.975387 	 3.926449
  388 	 0.776212 	 0.948093 	 1.683834
  389 	 0.246923 	 0.930940 	 0.976734
  390 	 0.553301 	 0.936601 	 1.111467
  391 	 0.908980 	 0.961301 	 2.700347
  392 	 0.809804 	 0.945841 	 1.477757
  393 	 0.354139 	 0.932445 	 0.968636
  394 	 0.624548 	 0.937198 	 1.071577
  395 	 0.915721 	 0.954202 	 2.094069
  396 	 0.836766 	 0.944322 	 1.336991
  397 	 0.450965 	 0.933786 	 0.962352
  398 	 0.684748 	 0.937747 	 1.041487
  399 	 0.921021 	 0.950017 	 1.741054
 