   0 	 0.127608 	 0.332669 	 10.005903
    1 	 -28.632548 	 3.094122 	 10.005903
    2 	 0.936692 	 9.905134 	 10.005903
    3 	 10.005903 	 10.005903 	 10.005903
    4 	 10.005903 	 10.023299 	 11.571624
    5 	 10.005903 	 10.075490 	 11.571624
    6 	 10.005903 	 10.147859 	 19.650583
    7 	 10.005903 	 10.040696 	 11.571624
    8 	 10.005903 	 10.040696 	 11.571624
    9 	 10.005903 	 10.066271 	 11.571624
   10 	 10.005903 	 10.075490 	 11.571624
   11 	 10.005903 	 10.058093 	 11.571624
   12 	 10.005903 	 14.438129 	 399.456625
   13 	 10.005903 	 139.858219 	 399.456625
   14 	 10.005903 	 377.820474 	 399.456625
   15 	 399.456625 	 399.456625 	 399.456625
   16 	 68.848104 	 395.783197 	 399.456625
   17 	 399.456625 	 399.456625 	 399.456625
   18 	 399.456625 	 399.456625 	 399.456625
   19 	 399.456625 	 399.456625 	 399.456625
   20 	 399.456625 	 399.456625 	 399.456625
   21 	 0.141210 	 395.019787 	 399.456625
   22 	 399.456625 	 399.456625 	 399.456625
   23 	 399.456625 	 399.456625 	 399.456625
   24 	 399.456625 	 399.456625 	 399.456625
   25 	 399.456625 	 399.456625 	 399.456625
   26 	 399.456625 	 399.456625 	 399.456625
   27 	 399.456625 	 399.456625 	 399.456625
   28 	 399.456625 	 399.456625 	 399.456625
   29 	 -101.430062 	 393.891218 	 399.456625
   30 	 399.456625 	 399.456625 	 399.456625
   31 	 399.456625 	 399.456625 	 399.456625
   32 	 399.456625 	 399.456625 	 399.456625
   33 	 399.456625 	 399.456625 	 399.456625
   34 	 0.209549 	 395.020547 	 399.456625
   35 	 399.456625 	 401.520193 	 585.177722
   36 	 399.456625 	 401.520193 	 585.177722
   37 	 399.456625 	 407.710896 	 585.177722
   38 	 399.456625 	 418.028735 	 585.177722
   39 	 399.456625 	 424.219438 	 585.177722
   40 	 399.456625 	 428.346573 	 585.177722
   41 	 399.456625 	 432.473709 	 585.177722
   42 	 399.456625 	 440.727980 	 585.177722
   43 	 0.300883 	 456.928593 	 585.177722
   44 	 399.456625 	 473.745064 	 585.177722
   45 	 399.456625 	 512.952851 	 585.177722
   46 	 399.456625 	 525.334257 	 585.177722
   47 	 399.456625 	 543.906367 	 585.177722
   48 	 399.456625 	 554.224205 	 585.177722
   49 	 399.456625 	 556.287773 	 585.177722
   50 	 399.456625 	 566.605612 	 585.177722
   51 	 399.456625 	 566.605612 	 585.177722
   52 	 399.456625 	 570.732747 	 585.177722
   53 	 399.456625 	 583.114154 	 585.177722
   54 	 399.456625 	 581.050586 	 585.177722
   55 	 399.456625 	 576.923451 	 585.177722
   56 	 0.285108 	 576.615347 	 585.177722
   57 	 399.456625 	 583.114154 	 585.177722
   58 	 585.177722 	 585.177722 	 585.177722
   59 	 585.177722 	 585.177722 	 585.177722
   60 	 585.177722 	 585.177722 	 585.177722
   61 	 585.177722 	 585.177722 	 585.177722
   62 	 585.177722 	 585.177722 	 585.177722
   63 	 -21.862690 	 578.432828 	 585.177722
   64 	 585.177722 	 585.177722 	 585.177722
   65 	 585.177722 	 585.177722 	 585.177722
   66 	 585.177722 	 585.177722 	 585.177722
   67 	 585.177722 	 585.177722 	 585.177722
   68 	 0.285108 	 578.678915 	 585.177722
   69 	 585.177722 	 585.177722 	 585.177722
 