   0 	 0.001204 	 0.001853 	 0.003531
    1 	 0.001278 	 0.001977 	 0.003744
    2 	 0.001215 	 0.002164 	 0.005139
    3 	 0.001305 	 0.002289 	 0.004117
    4 	 0.001352 	 0.002508 	 0.006058
    5 	 0.001352 	 0.002789 	 0.008565
    6 	 0.001645 	 0.003013 	 0.006480
    7 	 0.001713 	 0.003497 	 0.011123
    8 	 0.001705 	 0.003973 	 0.011123
    9 	 0.001966 	 0.004609 	 0.019111
   10 	 0.002064 	 0.006128 	 0.020145
   11 	 0.002147 	 0.008491 	 0.035504
   12 	 0.002922 	 0.020977 	 0.753085
   13 	 0.004516 	 0.161293 	 0.756169
   14 	 0.007097 	 0.482549 	 0.755956
   15 	 -0.247664 	 0.530167 	 0.755073
   16 	 0.007195 	 0.411556 	 0.753605
   17 	 0.011464 	 0.416073 	 0.753549
   18 	 0.007486 	 0.466241 	 0.751377
   19 	 -0.281772 	 0.404573 	 0.750479
   20 	 0.005752 	 0.479805 	 0.753383
   21 	 0.012544 	 0.460188 	 0.753003
   22 	 0.009678 	 0.424793 	 0.750927
   23 	 -0.303184 	 0.405138 	 0.748663
   24 	 -0.284961 	 0.435848 	 0.752142
   25 	 0.012546 	 0.451730 	 0.983598
   26 	 0.011869 	 0.443041 	 0.750522
   27 	 0.006057 	 0.471519 	 0.750012
   28 	 0.008564 	 0.457665 	 0.750904
   29 	 0.012555 	 0.460964 	 0.754196
   30 	 0.012555 	 0.422195 	 0.752772
   31 	 -0.284815 	 0.446486 	 0.750518
   32 	 0.010493 	 0.430878 	 0.750296
   33 	 -0.280995 	 0.391828 	 0.966143
   34 	 0.009424 	 0.448267 	 0.751681
   35 	 0.012992 	 0.488517 	 0.753620
   36 	 -0.280453 	 0.416798 	 0.752285
   37 	 -0.260514 	 0.420088 	 0.749426
   38 	 -0.249944 	 0.450154 	 0.962088
   39 	 -0.248138 	 0.398557 	 0.943980
   40 	 -0.303403 	 0.457102 	 0.752435
   41 	 0.013072 	 0.436222 	 0.753445
   42 	 0.011063 	 0.398388 	 0.747925
   43 	 -0.302177 	 0.415585 	 0.750226
   44 	 0.008372 	 0.452511 	 0.751359
   45 	 0.007842 	 0.449683 	 0.982625
   46 	 0.012513 	 0.446383 	 0.752881
   47 	 0.010736 	 0.426522 	 0.753181
   48 	 -0.281406 	 0.433633 	 0.750033
   49 	 -0.284459 	 0.421552 	 0.751543
   50 	 0.010435 	 0.407575 	 0.752902
   51 	 0.013414 	 0.405077 	 0.965811
   52 	 -0.248573 	 0.416831 	 0.749448
   53 	 -0.284847 	 0.421464 	 0.750034
   54 	 -0.284845 	 0.454890 	 0.933458
   55 	 -0.286166 	 0.459542 	 0.752802
   56 	 -0.302616 	 0.416634 	 0.966170
   57 	 -0.281370 	 0.427713 	 0.967406
   58 	 -0.302860 	 0.445315 	 0.983050
   59 	 -0.284847 	 0.376935 	 0.962938
   60 	 0.008730 	 0.423538 	 0.983285
   61 	 0.008011 	 0.422980 	 0.750296
   62 	 -0.280615 	 0.450473 	 0.752026
   63 	 0.008527 	 0.452298 	 0.753086
   64 	 0.007486 	 0.474984 	 0.962238
   65 	 -0.303103 	 0.440133 	 0.752317
   66 	 -0.303226 	 0.342699 	 0.749423
   67 	 0.007497 	 0.436193 	 0.752317
   68 	 -0.280438 	 0.443281 	 0.983640
   69 	 0.011368 	 0.413126 	 0.753378
   70 	 0.010415 	 0.453868 	 0.962074
   71 	 -0.284466 	 0.470461 	 0.751187
   72 	 -0.284817 	 0.415227 	 0.751725
   73 	 0.007811 	 0.436147 	 0.965817
   74 	 0.007527 	 0.415430 	 0.966144
   75 	 -0.284857 	 0.472506 	 0.753199
   76 	 0.011462 	 0.489882 	 0.753361
   77 	 -0.284955 	 0.378926 	 0.753620
   78 	 -0.280799 	 0.414561 	 0.749148
   79 	 -0.248205 	 0.464951 	 0.966273
   80 	 -0.284954 	 0.428657 	 0.932818
   81 	 0.008187 	 0.436702 	 0.751542
   82 	 0.013414 	 0.430714 	 0.966273
   83 	 -0.280448 	 0.410040 	 0.752986
   84 	 -0.284856 	 0.412880 	 0.750033
   85 	 0.007337 	 0.457029 	 0.933193
   86 	 -0.737108 	 0.467481 	 0.966181
   87 	 0.008139 	 0.383247 	 0.753468
   88 	 -0.282427 	 0.420781 	 1.715998
   89 	 0.006449 	 0.468506 	 0.750276
   90 	 0.008935 	 0.441830 	 0.752446
   91 	 0.009430 	 0.481908 	 0.753973
   92 	 0.013915 	 0.488641 	 0.752562
   93 	 -0.280478 	 0.368778 	 0.752282
   94 	 0.008525 	 0.378650 	 0.749729
   95 	 0.009155 	 0.473076 	 0.962111
   96 	 -0.286202 	 0.416174 	 0.752794
   97 	 0.008527 	 0.438109 	 0.752438
   98 	 0.007349 	 0.405908 	 0.967439
   99 	 -0.303111 	 0.437423 	 0.752793
  100 	 0.009884 	 0.440573 	 0.751725
  101 	 0.011371 	 0.437672 	 0.750014
  102 	 -0.303295 	 0.391914 	 0.752025
  103 	 0.009872 	 0.410309 	 0.750276
  104 	 -0.284816 	 0.457594 	 0.983705
  105 	 0.008527 	 0.464125 	 0.751680
  106 	 0.006680 	 0.419022 	 0.966143
  107 	 0.009432 	 0.385262 	 0.749361
  108 	 0.006593 	 0.427173 	 0.752902
  109 	 -0.302747 	 0.440038 	 0.750295
  110 	 0.012948 	 0.440059 	 0.753891
  111 	 0.007681 	 0.400995 	 0.983176
  112 	 0.008763 	 0.390352 	 0.750296
  113 	 0.007223 	 0.448126 	 0.750271
  114 	 0.009386 	 0.480656 	 0.752660
  115 	 0.005942 	 0.418070 	 0.753533
  116 	 -0.740798 	 0.404226 	 0.752307
  117 	 0.008527 	 0.438655 	 0.754261
  118 	 -0.247812 	 0.440605 	 0.752562
  119 	 -0.301875 	 0.349361 	 0.752794
  120 	 -0.286189 	 0.387587 	 0.750014
  121 	 0.007060 	 0.444017 	 0.982333
  122 	 -0.249350 	 0.460633 	 0.967427
  123 	 -0.284498 	 0.417935 	 0.753626
  124 	 0.006811 	 0.467771 	 0.934135
  125 	 0.009386 	 0.447050 	 0.965847
  126 	 0.011463 	 0.431550 	 0.750276
  127 	 0.013414 	 0.436545 	 0.750294
  128 	 -0.303161 	 0.448703 	 0.751133
  129 	 -0.286178 	 0.449980 	 0.750034
  130 	 0.008710 	 0.466862 	 0.983577
  131 	 0.008726 	 0.443818 	 0.967416
  132 	 -0.247836 	 0.445429 	 0.751362
  133 	 0.009865 	 0.473074 	 0.752681
  134 	 -0.284857 	 0.458719 	 0.932815
  135 	 -0.302325 	 0.410756 	 0.752036
  136 	 0.008371 	 0.454782 	 0.966181
  137 	 0.010204 	 0.504792 	 0.749026
  138 	 0.007070 	 0.380129 	 0.752882
  139 	 0.008321 	 0.411301 	 0.751844
  140 	 0.010795 	 0.435688 	 0.753620
  141 	 -0.248440 	 0.382555 	 0.748737
  142 	 -0.249687 	 0.394366 	 0.750518
  143 	 -0.302053 	 0.391905 	 0.752284
  144 	 -0.302436 	 0.369379 	 0.934430
  145 	 -0.247907 	 0.434402 	 0.753681
  146 	 -0.303053 	 0.452091 	 0.982875
  147 	 -0.286180 	 0.475440 	 0.932600
  148 	 0.013072 	 0.381121 	 0.983472
  149 	 -0.284815 	 0.391337 	 0.967418
 