   0 	 0.000930 	 0.001764 	 0.002791
    1 	 0.001131 	 0.001832 	 0.002899
    2 	 0.001148 	 0.001959 	 0.002899
    3 	 0.001148 	 0.002108 	 0.003118
    4 	 0.001362 	 0.002217 	 0.003466
    5 	 0.001398 	 0.002366 	 0.003901
    6 	 0.001475 	 0.002537 	 0.004628
    7 	 0.001638 	 0.002779 	 0.005211
    8 	 0.001623 	 0.003130 	 0.005211
    9 	 0.001667 	 0.003236 	 0.006480
   10 	 0.001487 	 0.003736 	 0.007378
   11 	 0.001778 	 0.004158 	 0.008189
   12 	 0.002293 	 0.005012 	 0.012217
   13 	 0.002321 	 0.005993 	 0.020143
   14 	 0.002321 	 0.007184 	 0.022586
   15 	 0.002899 	 0.008066 	 0.025704
   16 	 0.002578 	 0.009255 	 0.025704
   17 	 0.004258 	 0.011108 	 0.025703
   18 	 0.003599 	 0.012242 	 0.067809
   19 	 0.003821 	 0.015416 	 0.067811
   20 	 0.004571 	 0.020128 	 0.067819
   21 	 0.005687 	 0.028428 	 0.067800
   22 	 0.006158 	 0.041222 	 0.082896
   23 	 -0.248098 	 0.046131 	 0.082829
   24 	 -0.765012 	 0.038571 	 0.082761
   25 	 -0.251190 	 0.045292 	 0.082863
   26 	 -0.252138 	 0.042902 	 0.105925
   27 	 -0.248974 	 0.045276 	 0.082597
   28 	 0.006156 	 0.045823 	 0.082476
   29 	 0.007096 	 0.050623 	 0.082861
   30 	 -0.251173 	 0.043771 	 0.106547
   31 	 -0.251187 	 0.040953 	 0.106556
   32 	 -0.252119 	 0.041378 	 0.106323
   33 	 -0.253619 	 0.044353 	 0.082859
   34 	 0.010489 	 0.053127 	 0.106042
   35 	 0.006834 	 0.055819 	 0.106560
   36 	 -0.251190 	 0.049555 	 0.106556
   37 	 -0.249396 	 0.044293 	 0.105927
   38 	 -0.252119 	 0.037271 	 0.149261
   39 	 0.007231 	 0.047797 	 0.149006
   40 	 -0.249685 	 0.047884 	 0.149104
   41 	 -0.250531 	 0.060231 	 0.149207
   42 	 -0.739278 	 0.048563 	 0.149293
   43 	 -0.771182 	 0.025030 	 0.149253
   44 	 -0.232557 	 0.058617 	 0.248752
   45 	 -0.256370 	 0.054797 	 0.309307
   46 	 -0.256295 	 0.075542 	 0.248925
   47 	 -0.251173 	 0.093571 	 0.266820
   48 	 -0.256355 	 0.123078 	 0.266295
   49 	 -0.256833 	 0.151012 	 0.266258
   50 	 -0.256302 	 0.172947 	 0.733393
   51 	 -0.263156 	 0.155151 	 0.639744
   52 	 -0.251149 	 0.173969 	 0.266815
   53 	 0.006713 	 0.176932 	 0.267304
   54 	 -0.263156 	 0.159496 	 0.266449
   55 	 -0.262262 	 0.175272 	 0.249319
   56 	 0.012210 	 0.186870 	 0.267304
   57 	 -0.263154 	 0.184776 	 0.267232
   58 	 -0.248289 	 0.167367 	 0.248924
   59 	 -0.247994 	 0.181085 	 0.267304
   60 	 0.008749 	 0.170099 	 0.266246
   61 	 0.005681 	 0.173567 	 0.248610
   62 	 0.009912 	 0.185832 	 0.249192
   63 	 -0.263141 	 0.185810 	 0.249383
   64 	 -0.262211 	 0.176946 	 0.249120
   65 	 -0.263167 	 0.192689 	 0.267303
   66 	 0.009180 	 0.189078 	 0.267237
   67 	 -0.262262 	 0.168282 	 0.267305
   68 	 -0.262260 	 0.181774 	 0.249166
   69 	 0.011093 	 0.187822 	 0.267240
   70 	 0.009656 	 0.171619 	 0.248832
   71 	 0.007830 	 0.171343 	 0.249047
   72 	 -0.262782 	 0.186899 	 0.249136
   73 	 -0.262260 	 0.186193 	 0.249250
   74 	 0.012180 	 0.179998 	 0.267277
   75 	 -0.247878 	 0.166839 	 0.267240
   76 	 0.007365 	 0.199106 	 0.248979
   77 	 -0.248552 	 0.165297 	 0.266217
   78 	 -0.262260 	 0.156008 	 0.249278
   79 	 -0.262260 	 0.153835 	 0.266265
   80 	 0.009935 	 0.178946 	 0.267240
   81 	 -0.264366 	 0.190768 	 0.267240
   82 	 -0.262213 	 0.142921 	 0.249119
   83 	 0.006584 	 0.179030 	 0.249179
   84 	 0.011094 	 0.186643 	 0.267237
   85 	 -0.262263 	 0.179453 	 0.249327
   86 	 0.008548 	 0.165380 	 0.249047
   87 	 0.008548 	 0.174778 	 0.267240
   88 	 0.012182 	 0.206016 	 0.249205
   89 	 -0.248150 	 0.167066 	 0.249205
   90 	 -0.263128 	 0.150332 	 0.248979
   91 	 -0.262215 	 0.159210 	 0.266236
   92 	 -0.262218 	 0.182587 	 0.249250
   93 	 -0.263102 	 0.184778 	 0.267237
   94 	 0.010489 	 0.185944 	 0.267237
   95 	 -0.263161 	 0.169746 	 0.267300
   96 	 0.012182 	 0.182109 	 0.249084
   97 	 -0.262260 	 0.175220 	 0.267304
   98 	 0.005595 	 0.181818 	 0.248979
   99 	 -0.263161 	 0.160519 	 0.267240
  100 	 0.012182 	 0.180893 	 0.249388
  101 	 0.010184 	 0.189044 	 0.267304
  102 	 -0.262979 	 0.174721 	 0.248979
  103 	 0.008548 	 0.192526 	 0.249103
  104 	 -0.262263 	 0.153098 	 0.249086
  105 	 0.012182 	 0.175552 	 0.249205
  106 	 -0.262211 	 0.167357 	 0.267240
  107 	 0.009412 	 0.160968 	 0.248979
  108 	 -0.232637 	 0.156387 	 0.266214
  109 	 -0.262260 	 0.161416 	 0.249151
  110 	 -0.262260 	 0.180484 	 0.265141
  111 	 0.009664 	 0.184107 	 0.267240
  112 	 -0.262618 	 0.160428 	 0.248954
  113 	 -0.248962 	 0.167990 	 0.249136
  114 	 0.011434 	 0.180359 	 0.267237
  115 	 0.012628 	 0.189784 	 0.248954
  116 	 0.012213 	 0.177038 	 0.248924
  117 	 0.012182 	 0.182700 	 0.248952
  118 	 -0.263151 	 0.184752 	 0.248978
  119 	 -0.263010 	 0.148455 	 0.248979
  120 	 0.012180 	 0.179677 	 0.267304
  121 	 -0.262260 	 0.181258 	 0.267294
  122 	 -0.262263 	 0.177303 	 0.248980
  123 	 0.009411 	 0.164543 	 0.267240
  124 	 0.007514 	 0.176136 	 0.267240
  125 	 0.007998 	 0.183047 	 0.249151
  126 	 -0.253500 	 0.168539 	 0.249269
  127 	 -0.262221 	 0.179504 	 0.248954
  128 	 0.007514 	 0.189444 	 0.249239
  129 	 0.014016 	 0.186077 	 0.249150
  130 	 0.007668 	 0.203102 	 0.249269
  131 	 -0.262261 	 0.160350 	 0.248832
  132 	 0.008958 	 0.177638 	 0.248979
  133 	 -0.885588 	 0.180610 	 0.267240
  134 	 0.008548 	 0.174240 	 0.249179
  135 	 -0.263154 	 0.160942 	 0.320654
  136 	 0.010207 	 0.171007 	 0.249205
  137 	 0.011433 	 0.180312 	 0.248978
  138 	 0.006702 	 0.169611 	 0.248979
  139 	 0.008356 	 0.156837 	 0.249024
  140 	 0.008186 	 0.160249 	 0.249320
  141 	 0.006953 	 0.167726 	 0.249217
  142 	 -0.262260 	 0.166006 	 0.249136
  143 	 0.006252 	 0.189955 	 0.249238
  144 	 0.010184 	 0.194872 	 0.267240
  145 	 -0.262978 	 0.167345 	 0.249348
  146 	 0.008173 	 0.160311 	 0.249103
  147 	 -0.248041 	 0.170364 	 0.267291
  148 	 0.013068 	 0.185283 	 0.249228
  149 	 0.009913 	 0.208075 	 0.266228
 