   0 	 0.014468 	 0.075108 	 0.887784
    1 	 0.021416 	 0.424293 	 4.882807
    2 	 0.019960 	 1.081843 	 4.372979
    3 	 0.022467 	 1.319349 	 4.394370
    4 	 0.036458 	 0.901516 	 4.265019
    5 	 0.030114 	 0.741859 	 4.097194
    6 	 0.020171 	 0.800475 	 4.069255
    7 	 0.030176 	 1.164476 	 4.143647
    8 	 0.028875 	 0.974571 	 4.238197
    9 	 0.028431 	 1.030593 	 6.963967
   10 	 0.021493 	 1.196918 	 7.155029
   11 	 0.034441 	 1.354874 	 5.023204
   12 	 0.018684 	 1.693885 	 8.071499
   13 	 0.035223 	 1.231279 	 7.307750
   14 	 0.038174 	 1.081214 	 7.186763
   15 	 0.037645 	 1.465265 	 7.185985
   16 	 0.035993 	 1.657807 	 7.046779
   17 	 0.037349 	 1.586237 	 26.563885
   18 	 0.020118 	 1.141903 	 7.135895
   19 	 0.020205 	 1.294636 	 26.774688
   20 	 0.019681 	 2.425973 	 30.264976
   21 	 0.036059 	 2.926114 	 34.135153
   22 	 0.030481 	 3.256981 	 50.810526
   23 	 0.027736 	 3.751706 	 27.464539
   24 	 0.018730 	 4.648069 	 32.806845
   25 	 0.036411 	 3.683147 	 36.053813
   26 	 0.030481 	 4.167756 	 53.390257
   27 	 0.027736 	 3.634769 	 27.464539
   28 	 0.018730 	 4.691982 	 32.806845
   29 	 0.030242 	 2.828388 	 36.053813
   30 	 0.030481 	 4.470884 	 50.810526
   31 	 0.027736 	 4.120557 	 33.066939
   32 	 0.019681 	 4.319411 	 32.806845
   33 	 0.028937 	 3.649954 	 36.053813
   34 	 0.029355 	 4.746436 	 50.810526
   35 	 0.027736 	 4.241421 	 33.882296
   36 	 0.019524 	 5.157499 	 34.065756
   37 	 0.029514 	 5.479794 	 36.053813
   38 	 0.019060 	 4.758679 	 51.220126
   39 	 0.019019 	 4.344141 	 33.882296
   40 	 0.019524 	 6.711026 	 52.465661
   41 	 0.029514 	 5.869943 	 52.578641
   42 	 0.019060 	 4.588507 	 51.220126
   43 	 0.019019 	 4.393202 	 33.066939
   44 	 0.019524 	 6.887997 	 52.465661
   45 	 0.029833 	 5.448371 	 52.578641
   46 	 0.019023 	 4.278632 	 51.220126
   47 	 0.019019 	 4.861067 	 33.520384
   48 	 0.019216 	 7.699086 	 52.568061
   49 	 0.028189 	 6.768067 	 52.578641
   50 	 0.012693 	 5.289918 	 52.039326
   51 	 0.019019 	 4.738417 	 35.475182
   52 	 0.019216 	 7.721748 	 78.782460
   53 	 0.026944 	 6.675181 	 52.578641
   54 	 0.012693 	 5.025312 	 52.039326
   55 	 0.018982 	 4.788138 	 37.113582
   56 	 0.019216 	 7.369609 	 78.782460
   57 	 0.024954 	 6.823229 	 52.681041
   58 	 0.012628 	 5.177140 	 52.039326
   59 	 0.018982 	 4.807561 	 37.113582
   60 	 0.017313 	 8.414149 	 79.192060
   61 	 0.018409 	 7.039000 	 52.681041
   62 	 0.012628 	 6.145889 	 57.761491
   63 	 0.018982 	 3.278644 	 33.173766
   64 	 0.017313 	 8.380878 	 79.192060
   65 	 0.030144 	 6.474753 	 52.681041
   66 	 0.012628 	 5.333034 	 57.761491
   67 	 0.018982 	 4.083538 	 27.928881
   68 	 0.017313 	 9.196815 	 79.192060
   69 	 0.018881 	 6.119025 	 52.681041
   70 	 0.012628 	 4.331442 	 57.761491
   71 	 0.018945 	 3.911363 	 30.381041
   72 	 0.011908 	 9.435958 	 79.192060
   73 	 0.032915 	 6.288837 	 52.783441
   74 	 0.010857 	 4.059753 	 83.975890
   75 	 0.018945 	 4.002489 	 30.381041
   76 	 0.011680 	 7.897595 	 92.108875
   77 	 0.028915 	 6.260311 	 52.783441
   78 	 0.010857 	 3.445908 	 35.314193
   79 	 0.012659 	 4.056446 	 34.584294
   80 	 0.024288 	 7.498997 	 92.108875
   81 	 0.027607 	 6.924569 	 78.997840
   82 	 0.010857 	 4.303593 	 41.172703
   83 	 0.012659 	 4.423840 	 36.222694
   84 	 0.014840 	 6.717175 	 92.108875
   85 	 0.027607 	 6.776733 	 78.997840
   86 	 0.010857 	 5.459572 	 67.387101
   87 	 0.012659 	 4.022997 	 36.222694
   88 	 0.014840 	 7.186961 	 92.108875
   89 	 0.027607 	 6.886691 	 78.997840
   90 	 0.010857 	 4.465555 	 45.758022
   91 	 0.012659 	 4.804929 	 36.222694
   92 	 0.013894 	 7.055387 	 92.108875
   93 	 0.027075 	 6.117579 	 78.997840
   94 	 0.010857 	 3.474551 	 33.181189
   95 	 0.012659 	 4.662253 	 36.934640
   96 	 0.029770 	 6.874997 	 92.108875
   97 	 0.027075 	 5.652579 	 78.997840
   98 	 0.010857 	 2.860468 	 28.591563
   99 	 0.012642 	 3.991953 	 36.934640
  100 	 0.034975 	 5.653585 	 52.443637
  101 	 0.027000 	 6.209964 	 79.100240
  102 	 0.019068 	 3.657757 	 28.591563
  103 	 0.012642 	 4.351666 	 37.037040
  104 	 0.034975 	 6.451242 	 52.443637
  105 	 0.018880 	 7.248233 	 79.100240
  106 	 0.019068 	 3.688676 	 28.591563
  107 	 0.012642 	 4.997869 	 52.967475
  108 	 0.034975 	 6.476223 	 52.443637
  109 	 0.018880 	 8.829548 	 79.100240
  110 	 0.012713 	 3.652617 	 28.591563
  111 	 0.012577 	 4.984357 	 52.967475
  112 	 0.034975 	 7.140698 	 78.658036
  113 	 0.016447 	 9.573187 	 79.509840
  114 	 0.012713 	 4.542023 	 28.591563
  115 	 0.012577 	 6.376441 	 60.800239
  116 	 0.030002 	 6.323084 	 78.658036
  117 	 0.015759 	 9.906597 	 79.509840
  118 	 0.012647 	 5.163204 	 33.331178
  119 	 0.012323 	 6.861723 	 63.456240
  120 	 0.018990 	 6.645052 	 32.806090
  121 	 0.015759 	 9.550349 	 81.148239
  122 	 0.030387 	 5.599288 	 52.658455
  123 	 0.012323 	 6.568418 	 63.456240
  124 	 0.016888 	 5.597446 	 32.908490
  125 	 0.015759 	 9.254575 	 59.607887
  126 	 0.016914 	 5.785123 	 59.212055
  127 	 0.015115 	 6.821549 	 62.949092
  128 	 0.016859 	 6.340811 	 59.122889
  129 	 0.015860 	 8.159365 	 66.161487
  130 	 0.016914 	 5.541147 	 59.314455
  131 	 0.015115 	 7.665730 	 63.051493
  132 	 0.016859 	 5.425694 	 59.122889
  133 	 0.015860 	 7.864766 	 66.161487
  134 	 0.016786 	 4.557410 	 31.374294
  135 	 0.015115 	 6.733804 	 63.051493
  136 	 0.026061 	 6.448565 	 59.574769
  137 	 0.015834 	 8.732584 	 66.161487
  138 	 0.016786 	 5.247722 	 38.371908
  139 	 0.015022 	 6.163157 	 63.153893
  140 	 0.026061 	 6.726826 	 59.574769
  141 	 0.015834 	 8.594342 	 66.571087
  142 	 0.016786 	 5.503006 	 38.371908
  143 	 0.014879 	 5.345038 	 54.708274
  144 	 0.026061 	 6.150079 	 59.574769
  145 	 0.018279 	 8.412823 	 67.209425
  146 	 0.016458 	 5.326040 	 38.371908
  147 	 0.014661 	 4.965675 	 54.708274
  148 	 0.026061 	 6.103620 	 59.574769
  149 	 0.018279 	 8.095711 	 67.209425
  150 	 0.016786 	 6.445803 	 38.371908
  151 	 0.014879 	 6.064960 	 54.708274
  152 	 0.018691 	 6.530624 	 59.574769
  153 	 0.018279 	 8.863405 	 67.209425
  154 	 0.016786 	 6.168006 	 53.501165
  155 	 0.014879 	 6.533556 	 54.708274
  156 	 0.018691 	 6.142147 	 59.574769
  157 	 0.018279 	 8.281272 	 61.712506
  158 	 0.016786 	 6.707144 	 53.501165
  159 	 0.016204 	 6.540620 	 54.708274
  160 	 0.018691 	 5.477822 	 41.652660
  161 	 0.018279 	 9.000270 	 61.712506
  162 	 0.017698 	 7.393783 	 53.501165
  163 	 0.016204 	 5.997250 	 42.595874
  164 	 0.018136 	 6.288996 	 56.502789
  165 	 0.023476 	 8.085133 	 61.712506
  166 	 0.017698 	 8.473361 	 55.139564
  167 	 0.016204 	 5.819737 	 42.595874
  168 	 0.018136 	 6.125980 	 56.502789
  169 	 0.023476 	 7.777052 	 61.712506
  170 	 0.017698 	 7.872761 	 55.139564
  171 	 0.016204 	 6.076394 	 42.595874
  172 	 0.016209 	 6.498983 	 56.502789
  173 	 0.023476 	 7.490513 	 61.712506
  174 	 0.017698 	 8.134507 	 61.693164
  175 	 0.016204 	 6.697581 	 42.595874
  176 	 0.011376 	 6.809739 	 56.502789
  177 	 0.018443 	 6.863969 	 59.430101
  178 	 0.017200 	 5.696212 	 38.474308
  179 	 0.016826 	 6.152883 	 54.219705
  180 	 0.018541 	 7.496489 	 58.141189
  181 	 0.018443 	 7.151682 	 59.430101
  182 	 0.017200 	 6.343699 	 53.935206
  183 	 0.016826 	 4.565092 	 54.219705
  184 	 0.018541 	 8.619088 	 58.141189
  185 	 0.018409 	 7.194706 	 59.430101
  186 	 0.017200 	 6.474014 	 53.935206
  187 	 0.016826 	 5.550733 	 54.322105
  188 	 0.016532 	 8.510520 	 54.200088
  189 	 0.018409 	 8.675489 	 59.430101
  190 	 0.018450 	 6.856016 	 60.488806
  191 	 0.012363 	 6.187804 	 54.322105
  192 	 0.016532 	 8.750227 	 54.200088
  193 	 0.018409 	 9.596253 	 80.886997
  194 	 0.018418 	 7.897133 	 60.488806
  195 	 0.012363 	 7.165821 	 54.322105
  196 	 0.016532 	 8.339201 	 54.294483
  197 	 0.018312 	 9.093930 	 80.886997
  198 	 0.018418 	 8.659891 	 60.488806
  199 	 0.012363 	 8.103793 	 54.608568
  200 	 0.016532 	 7.193544 	 54.294483
  201 	 0.018312 	 7.798940 	 80.886997
  202 	 0.018418 	 8.153302 	 60.488806
  203 	 0.012363 	 8.694879 	 54.608568
  204 	 0.016532 	 6.570225 	 54.294483
  205 	 0.016930 	 7.900865 	 80.886997
  206 	 0.018418 	 7.093566 	 60.488806
  207 	 0.012363 	 7.208556 	 54.608568
  208 	 0.016532 	 7.109513 	 54.294483
  209 	 0.012373 	 8.549012 	 80.886997
  210 	 0.016754 	 6.820796 	 60.488806
  211 	 0.012363 	 7.089614 	 80.822967
  212 	 0.016532 	 6.676489 	 59.688960
  213 	 0.011445 	 8.967882 	 80.886997
  214 	 0.016754 	 7.652755 	 60.488806
  215 	 0.012363 	 6.945520 	 52.875322
  216 	 0.015804 	 5.980996 	 59.688960
  217 	 0.018912 	 8.260367 	 80.886997
  218 	 0.016754 	 7.273756 	 63.275589
  219 	 0.012363 	 7.743408 	 52.875322
  220 	 0.015804 	 5.493631 	 59.688960
  221 	 0.018417 	 6.825480 	 54.722151
  222 	 0.016754 	 7.826561 	 63.275589
  223 	 0.018274 	 7.307026 	 54.296294
  224 	 0.011174 	 4.862491 	 59.688960
  225 	 0.018417 	 5.748392 	 54.722151
  226 	 0.016754 	 7.339899 	 89.489988
  227 	 0.018274 	 7.819479 	 54.296294
  228 	 0.011174 	 5.093777 	 59.688960
  229 	 0.016762 	 4.556755 	 52.911969
  230 	 0.016754 	 7.521358 	 89.489988
  231 	 0.018899 	 7.725381 	 54.296294
  232 	 0.011174 	 5.740695 	 59.688960
  233 	 0.018310 	 5.201754 	 52.911969
  234 	 0.011641 	 6.578564 	 89.489988
  235 	 0.018899 	 8.175993 	 54.615440
  236 	 0.011174 	 6.741676 	 85.903358
  237 	 0.015027 	 5.109383 	 52.911969
  238 	 0.011641 	 6.775310 	 89.489988
  239 	 0.018899 	 8.478515 	 66.547617
  240 	 0.011174 	 6.646266 	 85.903358
  241 	 0.015027 	 3.921550 	 52.911969
  242 	 0.011423 	 7.343130 	 89.489988
  243 	 0.018899 	 8.813038 	 66.547617
  244 	 0.011174 	 6.129104 	 87.541758
  245 	 0.015027 	 3.843765 	 52.911969
  246 	 0.011423 	 6.612250 	 54.050453
  247 	 0.018899 	 8.895883 	 66.547617
  248 	 0.018501 	 4.773796 	 37.277798
  249 	 0.015027 	 4.334454 	 52.911969
  250 	 0.026826 	 5.403811 	 54.050453
  251 	 0.018899 	 6.385597 	 54.571284
  252 	 0.012628 	 4.766287 	 37.277798
  253 	 0.012378 	 3.573223 	 52.911969
  254 	 0.026728 	 4.035202 	 54.152853
  255 	 0.018899 	 6.876864 	 80.785683
  256 	 0.018466 	 5.366615 	 37.413933
  257 	 0.012132 	 4.127415 	 52.911969
  258 	 0.018981 	 4.261971 	 36.286109
  259 	 0.018899 	 4.859535 	 37.986636
  260 	 0.024223 	 5.314207 	 52.683204
  261 	 0.026325 	 3.409583 	 52.911969
  262 	 0.018981 	 3.356668 	 26.773025
  263 	 0.018858 	 4.687245 	 33.012412
  264 	 0.036788 	 6.469123 	 52.683204
  265 	 0.030198 	 4.691495 	 53.028520
  266 	 0.018835 	 3.423357 	 27.182625
  267 	 0.018858 	 5.837977 	 33.114812
  268 	 0.036670 	 6.645804 	 53.092804
  269 	 0.017580 	 4.116260 	 53.028520
  270 	 0.018691 	 3.714488 	 27.270556
  271 	 0.018858 	 7.007894 	 56.881432
  272 	 0.018964 	 8.041290 	 53.502404
  273 	 0.017580 	 4.516513 	 53.028520
  274 	 0.016915 	 4.228367 	 52.730813
  275 	 0.016816 	 6.678414 	 52.504284
  276 	 0.017172 	 7.666393 	 59.120520
  277 	 0.019046 	 3.111020 	 53.028520
  278 	 0.016915 	 4.915169 	 58.233471
  279 	 0.018858 	 6.620517 	 52.504284
  280 	 0.017172 	 7.609035 	 59.120520
  281 	 0.019046 	 3.376713 	 53.028520
  282 	 0.016915 	 6.791595 	 58.233471
  283 	 0.012619 	 7.383832 	 52.504284
  284 	 0.017172 	 8.208632 	 59.120520
  285 	 0.016680 	 4.201791 	 79.242919
  286 	 0.016915 	 7.443491 	 58.233471
  287 	 0.012619 	 8.456789 	 59.950568
  288 	 0.017172 	 8.157116 	 54.214641
  289 	 0.016680 	 5.390292 	 79.242919
  290 	 0.018445 	 8.229870 	 58.233471
  291 	 0.012619 	 8.091470 	 59.950568
  292 	 0.017172 	 6.565264 	 53.604804
  293 	 0.016567 	 5.131148 	 79.242919
  294 	 0.012528 	 7.104550 	 58.233471
  295 	 0.012364 	 8.468940 	 60.360168
  296 	 0.017172 	 6.279593 	 79.819203
  297 	 0.014945 	 5.535046 	 80.881318
  298 	 0.012528 	 6.983682 	 58.233471
  299 	 0.012364 	 8.780679 	 66.913768
  300 	 0.017172 	 5.429694 	 79.819203
  301 	 0.013611 	 6.209294 	 80.881318
  302 	 0.012528 	 5.930514 	 52.464652
  303 	 0.012364 	 8.846670 	 73.467367
  304 	 0.019060 	 6.089839 	 79.819203
  305 	 0.013611 	 6.171547 	 80.881318
  306 	 0.012528 	 5.041861 	 35.494698
  307 	 0.012364 	 7.259445 	 73.467367
  308 	 0.028173 	 6.700145 	 79.819203
  309 	 0.013611 	 8.101266 	 80.881318
  310 	 0.009431 	 4.599529 	 34.849592
  311 	 0.012364 	 6.585319 	 73.467367
  312 	 0.028695 	 7.766498 	 106.033601
  313 	 0.013611 	 6.029041 	 39.531994
  314 	 0.009431 	 4.049904 	 34.536563
  315 	 0.025296 	 5.365205 	 42.738729
  316 	 0.016461 	 8.399532 	 106.033601
  317 	 0.023398 	 5.674263 	 39.531994
  318 	 0.009422 	 5.368372 	 60.750962
  319 	 0.019023 	 5.656724 	 42.738729
  320 	 0.016433 	 7.911443 	 106.136001
  321 	 0.023398 	 6.277985 	 52.569092
  322 	 0.009422 	 5.682135 	 60.853362
  323 	 0.019023 	 5.522212 	 42.738729
  324 	 0.014713 	 6.697259 	 79.204943
  325 	 0.023398 	 5.421199 	 52.569092
  326 	 0.009486 	 6.082047 	 60.853362
  327 	 0.019023 	 5.636114 	 42.738729
  328 	 0.016433 	 6.079585 	 105.419341
  329 	 0.023398 	 6.528292 	 52.569092
  330 	 0.008931 	 6.025906 	 60.853362
  331 	 0.019023 	 5.187437 	 42.738729
  332 	 0.016433 	 5.948769 	 111.972941
  333 	 0.014985 	 6.765924 	 52.569092
  334 	 0.008931 	 7.004972 	 60.853362
  335 	 0.019023 	 5.523870 	 66.732992
  336 	 0.016433 	 6.372699 	 111.972941
  337 	 0.014985 	 7.010975 	 52.569092
  338 	 0.008931 	 6.673162 	 60.853362
  339 	 0.018309 	 5.216886 	 66.732992
  340 	 0.016433 	 6.095179 	 111.972941
  341 	 0.014985 	 6.918714 	 54.617091
  342 	 0.008931 	 6.430494 	 56.100640
  343 	 0.018173 	 3.658724 	 42.738729
  344 	 0.017825 	 5.345653 	 111.972941
  345 	 0.023398 	 6.982664 	 55.026691
  346 	 0.007237 	 5.867797 	 56.100640
  347 	 0.018173 	 3.925039 	 42.738729
  348 	 0.017825 	 6.439727 	 138.187340
  349 	 0.021105 	 7.124543 	 55.026691
  350 	 0.007152 	 5.743376 	 56.100640
  351 	 0.016239 	 4.337939 	 47.381137
  352 	 0.017825 	 7.244434 	 139.825739
  353 	 0.021060 	 7.414943 	 61.580291
  354 	 0.007152 	 6.759449 	 56.100640
  355 	 0.016239 	 4.791260 	 47.483538
  356 	 0.017825 	 6.232936 	 37.392215
  357 	 0.021015 	 7.407847 	 61.580291
  358 	 0.026744 	 6.805346 	 56.100640
  359 	 0.015818 	 5.197008 	 47.585938
  360 	 0.017825 	 6.754569 	 37.392215
  361 	 0.021015 	 4.986715 	 34.213505
  362 	 0.026744 	 6.141389 	 56.100640
  363 	 0.019061 	 6.152570 	 47.585938
  364 	 0.017825 	 7.209625 	 37.392215
  365 	 0.021015 	 4.994076 	 52.462241
  366 	 0.026744 	 5.705779 	 56.100640
  367 	 0.019061 	 6.206269 	 47.585938
  368 	 0.017825 	 6.538510 	 37.392215
  369 	 0.021015 	 4.184156 	 34.118790
  370 	 0.026744 	 6.086855 	 56.100640
  371 	 0.029103 	 6.583375 	 47.585938
  372 	 0.017825 	 5.712539 	 36.545334
  373 	 0.018471 	 4.160150 	 34.360994
  374 	 0.027363 	 5.118816 	 56.100640
  375 	 0.029030 	 6.576682 	 54.139537
  376 	 0.017825 	 5.368801 	 36.545334
  377 	 0.018471 	 4.847727 	 34.447465
  378 	 0.019041 	 5.770601 	 56.100640
  379 	 0.029030 	 5.419826 	 34.853293
  380 	 0.017825 	 5.761107 	 52.519290
  381 	 0.028692 	 4.799759 	 34.447465
  382 	 0.019041 	 5.815889 	 56.100640
  383 	 0.018523 	 4.710461 	 34.853293
  384 	 0.017825 	 4.689639 	 52.519290
  385 	 0.028599 	 5.359629 	 53.987054
  386 	 0.019041 	 5.618990 	 56.100640
  387 	 0.018523 	 5.352365 	 34.966555
  388 	 0.017319 	 4.830250 	 52.519290
  389 	 0.028599 	 5.131660 	 35.057582
  390 	 0.019041 	 4.645536 	 51.544494
  391 	 0.025409 	 5.257062 	 34.966555
  392 	 0.017906 	 5.158783 	 31.319112
  393 	 0.019060 	 4.306243 	 39.356747
  394 	 0.031929 	 4.762125 	 51.544494
  395 	 0.025409 	 6.494413 	 52.465889
  396 	 0.018069 	 5.482086 	 31.319112
  397 	 0.019023 	 3.540274 	 39.356747
  398 	 0.031929 	 5.005941 	 51.544494
  399 	 0.023396 	 6.578864 	 52.568290
  400 	 0.019401 	 4.834106 	 31.319112
  401 	 0.019023 	 3.257343 	 36.695982
  402 	 0.030490 	 4.986257 	 51.544494
  403 	 0.027251 	 5.892411 	 52.568290
  404 	 0.019248 	 4.637588 	 32.797422
  405 	 0.019023 	 4.520703 	 36.695982
  406 	 0.030388 	 5.154309 	 34.549046
  407 	 0.027251 	 5.268161 	 52.568290
  408 	 0.018858 	 4.784076 	 32.907923
  409 	 0.019023 	 4.292390 	 36.695982
  410 	 0.024627 	 5.587409 	 53.028094
  411 	 0.018695 	 6.381560 	 52.568290
  412 	 0.018858 	 6.308083 	 40.605488
  413 	 0.019023 	 4.559879 	 53.491443
  414 	 0.016916 	 6.224953 	 53.028094
  415 	 0.012546 	 5.549513 	 52.568290
  416 	 0.018847 	 5.858321 	 59.114221
  417 	 0.016946 	 4.751588 	 79.705842
  418 	 0.016916 	 6.881128 	 53.059803
  419 	 0.012546 	 4.654125 	 52.568290
  420 	 0.018847 	 5.703358 	 59.114221
  421 	 0.016652 	 4.939930 	 79.705842
  422 	 0.014966 	 6.950064 	 53.059803
  423 	 0.012546 	 6.153909 	 60.052081
  424 	 0.018293 	 6.160743 	 59.114221
  425 	 0.016652 	 5.453830 	 79.705842
  426 	 0.016916 	 6.138455 	 39.545439
  427 	 0.012546 	 5.619740 	 60.052081
  428 	 0.023967 	 5.506807 	 59.114221
  429 	 0.016652 	 4.887791 	 79.705842
  430 	 0.016916 	 5.801988 	 41.723677
  431 	 0.012546 	 6.299905 	 60.052081
  432 	 0.023967 	 5.266770 	 59.114221
  433 	 0.016652 	 5.841765 	 79.705842
  434 	 0.016916 	 4.690080 	 32.897496
  435 	 0.012546 	 5.404760 	 60.052081
  436 	 0.030397 	 7.580810 	 59.114221
  437 	 0.016652 	 6.898554 	 79.705842
  438 	 0.014952 	 3.948405 	 32.897496
  439 	 0.012546 	 5.904261 	 60.052081
  440 	 0.025348 	 7.824567 	 66.882296
  441 	 0.016652 	 6.869138 	 79.705842
  442 	 0.014952 	 4.473166 	 28.859596
  443 	 0.012546 	 6.258979 	 60.052081
  444 	 0.034651 	 7.638949 	 66.882296
  445 	 0.016652 	 7.407929 	 79.705842
  446 	 0.014952 	 3.303299 	 27.141928
  447 	 0.012546 	 5.259677 	 52.998124
  448 	 0.035137 	 9.595643 	 66.882296
  449 	 0.018836 	 7.847995 	 79.705842
  450 	 0.014952 	 4.104369 	 28.460392
  451 	 0.012546 	 5.383106 	 53.090343
  452 	 0.028948 	 8.290237 	 66.882296
  453 	 0.018836 	 6.410574 	 79.705842
  454 	 0.014952 	 5.345734 	 34.544282
  455 	 0.012546 	 5.496484 	 53.090343
  456 	 0.028948 	 7.916090 	 66.882296
  457 	 0.018836 	 5.794663 	 79.705842
  458 	 0.014952 	 4.584013 	 28.460392
  459 	 0.012546 	 5.748696 	 53.090343
  460 	 0.019955 	 6.765366 	 66.882296
  461 	 0.018836 	 5.342666 	 79.705842
  462 	 0.014952 	 4.536397 	 50.111544
  463 	 0.012546 	 5.624744 	 53.090343
  464 	 0.019060 	 6.699482 	 66.882296
  465 	 0.018272 	 5.202597 	 79.705842
  466 	 0.014952 	 5.285430 	 52.466096
  467 	 0.012546 	 4.944508 	 54.728742
  468 	 0.019060 	 7.767056 	 66.882296
  469 	 0.018272 	 5.439351 	 79.705842
  470 	 0.014952 	 6.302727 	 52.466096
  471 	 0.012546 	 5.272823 	 54.728742
  472 	 0.018483 	 8.739242 	 66.882296
  473 	 0.018272 	 4.932962 	 45.389358
  474 	 0.011495 	 6.016508 	 54.104495
  475 	 0.022032 	 5.667452 	 54.728742
  476 	 0.018483 	 8.361399 	 86.990625
  477 	 0.018272 	 5.793716 	 45.389358
  478 	 0.011495 	 5.186839 	 54.104495
  479 	 0.022032 	 5.982880 	 54.728742
  480 	 0.018483 	 9.099644 	 66.882296
  481 	 0.018272 	 5.625781 	 45.389358
  482 	 0.014952 	 5.250764 	 54.104495
  483 	 0.022032 	 5.900788 	 52.580713
  484 	 0.018483 	 8.272901 	 66.882296
  485 	 0.019018 	 5.834924 	 45.389358
  486 	 0.014952 	 6.026793 	 54.104495
  487 	 0.022032 	 4.431120 	 52.462219
  488 	 0.015925 	 8.803125 	 66.882296
  489 	 0.018295 	 6.038138 	 45.389358
  490 	 0.014952 	 6.410946 	 62.794982
  491 	 0.022032 	 4.302312 	 54.659065
  492 	 0.015925 	 8.129339 	 66.882296
  493 	 0.018295 	 5.834795 	 33.944152
  494 	 0.014952 	 6.594831 	 62.794982
  495 	 0.020980 	 4.583949 	 54.659065
  496 	 0.015925 	 6.749033 	 66.882296
  497 	 0.018295 	 5.303837 	 47.665304
  498 	 0.014929 	 5.789137 	 54.104495
  499 	 0.020980 	 4.375788 	 41.483951
  500 	 0.012660 	 6.202979 	 66.984696
  501 	 0.024106 	 4.278349 	 47.665304
  502 	 0.014929 	 5.673585 	 78.991112
  503 	 0.020980 	 4.045007 	 41.483951
  504 	 0.012643 	 5.047238 	 35.467856
  505 	 0.024106 	 5.113943 	 47.665304
  506 	 0.016212 	 6.030464 	 55.818347
  507 	 0.020980 	 2.906053 	 30.185877
  508 	 0.017915 	 5.227776 	 61.682254
  509 	 0.029977 	 4.675746 	 47.665304
  510 	 0.016212 	 6.432126 	 55.818347
  511 	 0.020980 	 3.670489 	 33.358885
  512 	 0.017304 	 4.076959 	 30.836148
  513 	 0.029977 	 4.442721 	 47.665304
  514 	 0.032429 	 6.352367 	 57.790895
  515 	 0.020980 	 3.878695 	 33.358885
  516 	 0.016827 	 4.318725 	 30.836148
  517 	 0.029977 	 3.948399 	 47.665304
  518 	 0.023150 	 5.455280 	 59.429294
  519 	 0.020980 	 3.617718 	 33.358885
  520 	 0.016827 	 5.620310 	 43.195835
  521 	 0.029977 	 5.137720 	 47.665304
  522 	 0.023150 	 5.489234 	 59.429294
  523 	 0.020980 	 3.630527 	 33.358885
  524 	 0.016827 	 5.461066 	 43.195835
  525 	 0.028981 	 4.511932 	 47.665304
  526 	 0.023150 	 4.791743 	 59.429294
  527 	 0.019023 	 4.917560 	 33.358885
  528 	 0.016798 	 5.752057 	 41.440181
  529 	 0.029977 	 4.625445 	 47.665304
  530 	 0.024131 	 4.003153 	 59.531695
  531 	 0.020980 	 5.569445 	 33.358885
  532 	 0.016798 	 6.277699 	 41.440181
  533 	 0.025770 	 4.443815 	 47.665304
  534 	 0.017497 	 3.473590 	 59.531695
  535 	 0.020282 	 6.160923 	 38.804613
  536 	 0.016798 	 6.982977 	 57.152947
  537 	 0.015380 	 4.964361 	 49.303703
  538 	 0.017497 	 4.994864 	 59.531695
  539 	 0.020282 	 5.907343 	 65.019012
  540 	 0.015132 	 7.512464 	 57.152947
  541 	 0.015380 	 5.733283 	 49.303703
  542 	 0.017497 	 4.679290 	 66.085294
  543 	 0.020282 	 6.117311 	 65.019012
  544 	 0.015132 	 8.420277 	 57.152947
  545 	 0.015380 	 5.525775 	 49.303703
  546 	 0.017497 	 5.288237 	 66.085294
  547 	 0.018413 	 6.504394 	 65.019012
  548 	 0.015132 	 8.355996 	 57.152947
  549 	 0.015380 	 6.048168 	 54.309506
  550 	 0.017497 	 5.016341 	 66.085294
  551 	 0.012419 	 7.674734 	 65.019012
  552 	 0.015132 	 6.770609 	 53.745578
  553 	 0.015380 	 6.268690 	 80.523904
  554 	 0.018606 	 5.041613 	 66.085294
  555 	 0.012419 	 7.170711 	 65.019012
  556 	 0.015132 	 5.005898 	 35.559373
  557 	 0.014283 	 5.158004 	 49.303703
  558 	 0.028122 	 4.143936 	 66.085294
  559 	 0.020282 	 6.490547 	 70.014754
  560 	 0.015132 	 5.004739 	 35.559373
  561 	 0.014283 	 6.304836 	 49.303703
  562 	 0.028122 	 4.714544 	 66.085294
  563 	 0.020282 	 6.255806 	 70.014754
  564 	 0.015132 	 5.377473 	 35.559373
  565 	 0.014283 	 6.664135 	 49.303703
  566 	 0.028122 	 3.709844 	 33.722726
  567 	 0.020282 	 6.593168 	 70.014754
  568 	 0.029654 	 5.056760 	 35.559373
  569 	 0.014283 	 6.092731 	 49.303703
  570 	 0.028122 	 3.825736 	 33.722726
  571 	 0.013242 	 6.875075 	 70.014754
  572 	 0.029093 	 5.711072 	 35.559373
  573 	 0.014283 	 6.139873 	 75.518102
  574 	 0.024074 	 4.740968 	 34.372339
  575 	 0.013242 	 6.706575 	 70.014754
  576 	 0.029093 	 5.690412 	 41.538299
  577 	 0.014283 	 4.651338 	 36.184795
  578 	 0.024074 	 4.874526 	 34.372339
  579 	 0.027636 	 7.291682 	 70.014754
  580 	 0.029093 	 5.547249 	 41.538299
  581 	 0.013952 	 5.269548 	 36.184795
  582 	 0.024074 	 5.019338 	 34.372339
  583 	 0.027636 	 6.132089 	 70.014754
  584 	 0.029093 	 5.780601 	 41.538299
  585 	 0.013060 	 5.127648 	 36.184795
  586 	 0.024074 	 4.270799 	 34.372339
  587 	 0.027636 	 4.894642 	 52.667564
  588 	 0.029093 	 6.629012 	 41.538299
  589 	 0.018987 	 5.899053 	 36.184795
  590 	 0.024074 	 4.368370 	 34.372339
  591 	 0.017331 	 5.113454 	 52.667564
  592 	 0.028833 	 6.970473 	 41.538299
  593 	 0.018987 	 5.731606 	 57.701279
  594 	 0.024074 	 5.247348 	 34.682389
  595 	 0.017331 	 5.301620 	 52.667564
  596 	 0.016505 	 6.813577 	 33.605448
  597 	 0.018987 	 6.018204 	 57.701279
  598 	 0.018650 	 6.096689 	 60.586738
  599 	 0.017331 	 6.052910 	 52.667564
  600 	 0.016505 	 7.293339 	 53.619854
  601 	 0.012677 	 6.464873 	 57.701279
  602 	 0.018650 	 4.837112 	 60.586738
  603 	 0.017331 	 5.533420 	 78.881963
  604 	 0.016505 	 7.628356 	 53.619854
  605 	 0.012677 	 7.521835 	 57.701279
  606 	 0.018614 	 5.599468 	 60.586738
  607 	 0.017331 	 5.577168 	 78.881963
  608 	 0.016505 	 7.266381 	 53.722254
  609 	 0.012677 	 7.277514 	 57.701279
  610 	 0.018579 	 5.471623 	 60.586738
  611 	 0.015563 	 5.910443 	 78.881963
  612 	 0.011480 	 7.686833 	 53.824654
  613 	 0.012677 	 7.177038 	 64.254879
  614 	 0.016562 	 5.971434 	 87.111187
  615 	 0.015538 	 5.938832 	 60.044129
  616 	 0.011480 	 6.024510 	 52.638534
  617 	 0.016654 	 7.404171 	 64.357279
  618 	 0.018997 	 8.006654 	 87.111187
  619 	 0.015538 	 6.081683 	 60.044129
  620 	 0.011480 	 5.102104 	 52.638534
  621 	 0.016654 	 7.213059 	 64.357279
  622 	 0.018206 	 9.201380 	 87.111187
  623 	 0.015538 	 6.444482 	 60.044129
  624 	 0.008824 	 5.674980 	 54.928199
  625 	 0.016654 	 7.306396 	 52.683133
  626 	 0.018206 	 8.718231 	 113.325586
  627 	 0.018274 	 6.140043 	 60.044129
  628 	 0.008824 	 6.710813 	 54.928199
  629 	 0.016654 	 6.862461 	 54.723635
  630 	 0.018206 	 6.945542 	 59.614662
  631 	 0.018274 	 6.495025 	 60.044129
  632 	 0.015130 	 6.497605 	 54.928199
  633 	 0.016654 	 7.109969 	 54.723635
  634 	 0.018206 	 5.846691 	 59.614662
  635 	 0.018274 	 6.980050 	 60.044129
  636 	 0.016774 	 6.391411 	 54.928199
  637 	 0.016654 	 6.011735 	 54.723635
  638 	 0.018206 	 5.276058 	 59.614662
  639 	 0.018274 	 8.508937 	 60.044129
  640 	 0.016774 	 5.911523 	 54.928199
  641 	 0.016212 	 5.839370 	 54.723635
  642 	 0.018206 	 6.024466 	 59.614662
  643 	 0.018274 	 7.772392 	 61.682528
  644 	 0.016746 	 5.063038 	 54.928199
  645 	 0.015793 	 6.160922 	 39.421194
  646 	 0.018206 	 5.681518 	 59.717062
  647 	 0.022283 	 8.265542 	 63.320927
  648 	 0.016746 	 5.321637 	 54.928199
  649 	 0.015394 	 4.717203 	 39.421194
  650 	 0.018206 	 5.623543 	 59.717062
  651 	 0.025367 	 5.818079 	 64.959327
  652 	 0.016746 	 5.543703 	 54.928199
  653 	 0.015394 	 4.855637 	 39.421194
  654 	 0.018206 	 7.606348 	 59.717062
  655 	 0.025106 	 5.428802 	 64.959327
  656 	 0.016603 	 6.062863 	 54.928199
  657 	 0.015394 	 5.272386 	 39.830794
  658 	 0.018206 	 7.510560 	 60.229062
  659 	 0.018319 	 5.977692 	 64.959327
  660 	 0.016603 	 6.305309 	 53.129752
  661 	 0.015394 	 6.724880 	 54.587345
  662 	 0.018822 	 6.537758 	 60.229062
  663 	 0.018319 	 4.586576 	 53.261843
  664 	 0.016603 	 7.280032 	 53.129752
  665 	 0.018775 	 7.148759 	 54.587345
  666 	 0.018259 	 6.426834 	 60.229062
  667 	 0.018319 	 4.397939 	 53.261843
  668 	 0.014974 	 8.129523 	 54.768152
  669 	 0.018775 	 7.821999 	 54.587345
  670 	 0.018259 	 6.168879 	 66.782661
  671 	 0.018319 	 3.992608 	 53.261843
  672 	 0.014974 	 5.711253 	 54.768152
  673 	 0.018739 	 6.987167 	 54.587345
  674 	 0.018259 	 7.319729 	 66.782661
  675 	 0.016489 	 4.629151 	 44.614698
  676 	 0.014974 	 6.257850 	 54.768152
  677 	 0.022414 	 6.949645 	 60.645336
  678 	 0.018259 	 6.906147 	 66.782661
  679 	 0.016489 	 4.637792 	 44.614698
  680 	 0.014974 	 5.972025 	 52.963715
  681 	 0.022414 	 7.814025 	 60.645336
  682 	 0.018881 	 6.298487 	 54.664035
  683 	 0.014859 	 4.759155 	 44.614698
  684 	 0.018259 	 4.931188 	 52.963715
  685 	 0.022414 	 7.448285 	 67.301336
  686 	 0.018881 	 7.297653 	 54.766435
  687 	 0.014859 	 4.172146 	 44.614698
  688 	 0.018259 	 4.875624 	 52.963715
  689 	 0.022414 	 7.235687 	 67.301336
  690 	 0.018881 	 7.880311 	 54.766435
  691 	 0.014859 	 4.900067 	 44.614698
  692 	 0.018225 	 4.877244 	 52.963715
  693 	 0.016914 	 7.983335 	 67.301336
  694 	 0.018881 	 6.699139 	 54.868835
  695 	 0.013540 	 6.391647 	 59.122246
  696 	 0.018225 	 4.794322 	 36.227409
  697 	 0.016914 	 8.133331 	 73.854936
  698 	 0.018422 	 6.593950 	 54.868835
  699 	 0.013465 	 5.584609 	 59.122246
  700 	 0.018225 	 5.418202 	 54.283934
  701 	 0.016914 	 7.726032 	 74.264536
  702 	 0.018422 	 6.836972 	 54.868835
  703 	 0.013465 	 5.632903 	 59.122246
  704 	 0.016281 	 5.545586 	 54.283934
  705 	 0.016914 	 8.217268 	 74.264536
  706 	 0.018422 	 7.751328 	 61.422435
  707 	 0.013465 	 5.536494 	 59.122246
  708 	 0.016173 	 3.912280 	 36.238745
  709 	 0.016914 	 8.761523 	 74.264536
  710 	 0.027595 	 7.686923 	 61.832035
  711 	 0.013465 	 6.767060 	 59.122246
  712 	 0.016173 	 4.180793 	 36.238745
  713 	 0.016139 	 8.652145 	 74.264536
  714 	 0.027595 	 7.405538 	 54.537006
  715 	 0.013465 	 6.008208 	 61.961857
  716 	 0.016369 	 5.250347 	 36.238745
  717 	 0.016139 	 8.097929 	 74.264536
  718 	 0.027526 	 7.008685 	 61.090605
  719 	 0.013447 	 5.726314 	 59.571533
  720 	 0.016369 	 4.164679 	 36.329809
  721 	 0.016787 	 7.728715 	 74.366936
  722 	 0.027286 	 6.248229 	 47.550217
  723 	 0.013447 	 5.239374 	 59.571533
  724 	 0.021030 	 5.222557 	 36.648344
  725 	 0.016787 	 8.372224 	 74.366936
  726 	 0.027219 	 7.029098 	 47.550217
  727 	 0.013447 	 6.668184 	 59.571533
  728 	 0.021030 	 5.691467 	 36.739408
  729 	 0.016787 	 8.558412 	 74.366936
  730 	 0.027219 	 7.428162 	 47.550217
  731 	 0.013447 	 7.272290 	 59.571533
  732 	 0.021030 	 6.147252 	 36.739408
  733 	 0.016707 	 7.981129 	 74.366936
  734 	 0.027219 	 5.855073 	 40.998092
  735 	 0.013447 	 6.533620 	 59.853604
  736 	 0.018483 	 6.439666 	 36.739408
  737 	 0.016707 	 7.392406 	 74.366936
  738 	 0.018450 	 6.668005 	 54.102330
  739 	 0.013447 	 7.246572 	 59.853604
  740 	 0.018483 	 7.549649 	 54.199609
  741 	 0.016707 	 7.210657 	 74.366936
  742 	 0.018450 	 6.602068 	 54.102330
  743 	 0.013447 	 8.217905 	 59.853604
  744 	 0.018483 	 7.033109 	 54.199609
  745 	 0.016262 	 7.436677 	 74.366936
  746 	 0.018420 	 6.581923 	 54.102330
  747 	 0.013447 	 8.249997 	 61.492003
  748 	 0.018400 	 6.895337 	 54.288366
  749 	 0.016262 	 7.840322 	 74.366936
  750 	 0.018385 	 7.315610 	 54.349074
  751 	 0.013447 	 7.719668 	 61.492003
  752 	 0.018400 	 6.683290 	 54.390766
  753 	 0.016262 	 7.269487 	 74.366936
  754 	 0.018385 	 6.750123 	 54.102330
  755 	 0.013447 	 7.016194 	 61.492003
  756 	 0.018483 	 6.069747 	 54.390766
  757 	 0.016262 	 7.080524 	 74.366936
  758 	 0.018385 	 7.430548 	 54.102330
  759 	 0.013447 	 7.590039 	 61.492003
  760 	 0.016486 	 5.874655 	 54.390766
  761 	 0.016262 	 7.060052 	 74.366936
  762 	 0.016736 	 6.145855 	 39.750079
  763 	 0.013447 	 7.055987 	 60.772946
  764 	 0.025093 	 6.712801 	 59.752712
  765 	 0.016455 	 6.724120 	 53.858040
  766 	 0.016736 	 6.034301 	 39.852479
  767 	 0.018427 	 6.842427 	 60.772946
  768 	 0.025093 	 6.985554 	 59.752712
  769 	 0.016455 	 6.251855 	 54.267640
  770 	 0.016736 	 6.181204 	 39.852479
  771 	 0.018427 	 6.773946 	 60.772946
  772 	 0.025074 	 6.695479 	 59.752712
  773 	 0.011496 	 7.419503 	 54.267640
  774 	 0.016736 	 4.967068 	 39.852479
  775 	 0.018427 	 7.226067 	 86.987345
  776 	 0.015136 	 4.980960 	 54.800366
  777 	 0.011496 	 6.058174 	 54.267640
  778 	 0.018248 	 6.166561 	 66.066878
  779 	 0.018427 	 6.105654 	 86.987345
  780 	 0.015136 	 4.051094 	 34.535771
  781 	 0.011496 	 6.052585 	 54.267640
  782 	 0.028955 	 5.719678 	 66.066878
  783 	 0.018427 	 7.012443 	 86.987345
  784 	 0.015136 	 4.583222 	 30.249701
  785 	 0.011496 	 6.180176 	 54.267640
  786 	 0.033058 	 4.291481 	 41.499284
  787 	 0.018392 	 6.670457 	 86.987345
  788 	 0.020810 	 4.624399 	 30.249701
  789 	 0.011496 	 6.390697 	 54.370040
  790 	 0.030280 	 5.374577 	 48.052884
  791 	 0.018392 	 8.103782 	 86.987345
  792 	 0.020810 	 3.418622 	 30.249701
  793 	 0.011496 	 5.934868 	 54.370040
  794 	 0.030409 	 4.963728 	 36.185290
  795 	 0.018392 	 6.946911 	 86.987345
  796 	 0.027636 	 3.375247 	 32.885535
  797 	 0.011496 	 6.407740 	 54.370040
  798 	 0.030409 	 6.059339 	 33.776973
  799 	 0.018392 	 5.758113 	 53.025496
  800 	 0.029606 	 3.525668 	 32.885535
  801 	 0.018859 	 6.855473 	 54.370040
  802 	 0.030314 	 6.057334 	 33.776973
  803 	 0.018392 	 5.851723 	 53.025496
  804 	 0.026618 	 3.118115 	 28.487296
  805 	 0.018859 	 5.720137 	 54.370040
  806 	 0.035103 	 8.362212 	 37.567954
  807 	 0.018255 	 5.481980 	 53.025496
  808 	 0.018990 	 3.443921 	 28.487296
  809 	 0.018859 	 5.386895 	 54.779640
  810 	 0.035103 	 8.190915 	 52.658374
  811 	 0.018255 	 5.076769 	 53.025496
  812 	 0.018990 	 3.655060 	 28.487296
  813 	 0.018714 	 6.349134 	 54.779640
  814 	 0.035103 	 7.041307 	 52.658374
  815 	 0.018255 	 4.969109 	 36.253408
  816 	 0.018990 	 3.674631 	 28.109176
  817 	 0.016008 	 6.519484 	 54.779640
  818 	 0.030492 	 6.993780 	 52.658374
  819 	 0.018255 	 5.961112 	 62.467806
  820 	 0.018990 	 4.484178 	 32.795746
  821 	 0.016008 	 7.787444 	 54.779640
  822 	 0.030492 	 6.973734 	 52.658374
  823 	 0.012707 	 6.067393 	 62.467806
  824 	 0.012679 	 4.697188 	 32.795746
  825 	 0.015982 	 8.131620 	 78.695901
  826 	 0.030492 	 8.903454 	 78.872773
  827 	 0.012707 	 6.297147 	 62.570206
  828 	 0.012679 	 4.575490 	 32.795746
  829 	 0.011263 	 6.729117 	 78.695901
  830 	 0.030492 	 8.694511 	 78.872773
  831 	 0.012707 	 7.377763 	 88.784605
  832 	 0.012613 	 4.486359 	 32.795746
  833 	 0.011263 	 7.393016 	 78.695901
  834 	 0.029476 	 7.165092 	 60.607951
  835 	 0.012707 	 8.478757 	 88.784605
  836 	 0.016499 	 4.885170 	 33.926230
  837 	 0.011250 	 6.885069 	 78.695901
  838 	 0.029476 	 6.878941 	 60.607951
  839 	 0.012641 	 6.577449 	 52.876177
  840 	 0.016499 	 5.716838 	 33.926230
  841 	 0.018912 	 6.686211 	 79.105500
  842 	 0.025785 	 5.995508 	 34.651381
  843 	 0.012385 	 5.873684 	 52.876177
  844 	 0.016430 	 6.096403 	 38.782754
  845 	 0.018912 	 6.796562 	 80.743900
  846 	 0.019019 	 7.049188 	 60.865780
  847 	 0.012385 	 4.912793 	 52.876177
  848 	 0.016430 	 6.171924 	 52.578419
  849 	 0.018912 	 7.230752 	 80.743900
  850 	 0.019019 	 5.048929 	 33.520470
  851 	 0.012385 	 5.153412 	 52.876177
  852 	 0.018304 	 6.099467 	 52.578419
  853 	 0.018912 	 8.703608 	 80.743900
  854 	 0.018872 	 6.446912 	 54.631839
  855 	 0.012369 	 4.590125 	 52.876177
  856 	 0.018304 	 6.456601 	 39.830385
  857 	 0.018767 	 9.406773 	 80.846300
  858 	 0.024115 	 5.171818 	 33.520470
  859 	 0.012369 	 4.488737 	 53.285777
  860 	 0.029833 	 7.602734 	 41.468785
  861 	 0.018767 	 8.695961 	 80.846300
  862 	 0.024115 	 5.341426 	 33.520470
  863 	 0.012369 	 4.365618 	 53.285777
  864 	 0.029833 	 5.709638 	 38.987554
  865 	 0.018767 	 7.567466 	 80.846300
  866 	 0.025649 	 4.779692 	 33.520470
  867 	 0.011734 	 3.989659 	 53.285777
  868 	 0.029833 	 5.745380 	 38.987554
  869 	 0.018767 	 7.761054 	 85.220949
  870 	 0.025649 	 5.905653 	 33.520470
  871 	 0.011721 	 3.753688 	 53.285777
  872 	 0.025150 	 5.433125 	 38.987554
  873 	 0.018767 	 8.361124 	 85.317911
  874 	 0.025649 	 5.967038 	 39.760674
  875 	 0.011721 	 4.037875 	 53.285777
  876 	 0.025150 	 5.886017 	 38.987554
  877 	 0.018767 	 6.508912 	 85.317911
  878 	 0.025649 	 4.845956 	 39.760674
  879 	 0.011721 	 4.191730 	 53.285777
  880 	 0.024204 	 5.603352 	 38.987554
  881 	 0.018767 	 6.424322 	 85.317911
  882 	 0.025649 	 6.386418 	 41.315956
  883 	 0.011721 	 4.594480 	 53.285777
  884 	 0.024204 	 6.515596 	 38.987554
  885 	 0.018767 	 7.421738 	 85.317911
  886 	 0.025412 	 7.088816 	 41.315956
  887 	 0.011721 	 5.794430 	 53.285777
  888 	 0.024204 	 5.758099 	 39.351956
  889 	 0.018767 	 6.862734 	 85.317911
  890 	 0.018912 	 6.673380 	 41.315956
  891 	 0.011721 	 6.915170 	 53.285777
  892 	 0.016853 	 5.967734 	 52.875643
  893 	 0.017614 	 6.853821 	 85.317911
  894 	 0.018799 	 6.311847 	 41.315956
  895 	 0.011721 	 6.846462 	 56.773701
  896 	 0.024204 	 6.804850 	 53.194598
  897 	 0.017614 	 7.096243 	 85.317911
  898 	 0.018763 	 6.007197 	 41.315956
  899 	 0.011721 	 6.056787 	 56.773701
  900 	 0.024204 	 6.842286 	 53.296998
  901 	 0.017614 	 6.772990 	 60.044972
  902 	 0.018763 	 6.213194 	 41.315956
  903 	 0.016654 	 7.229425 	 56.773701
  904 	 0.019005 	 5.018997 	 52.875643
  905 	 0.017614 	 6.166450 	 60.044972
  906 	 0.018912 	 6.903982 	 52.618525
  907 	 0.016654 	 7.455175 	 56.773701
  908 	 0.016566 	 4.871293 	 52.875643
  909 	 0.017614 	 6.026867 	 60.044972
  910 	 0.016737 	 6.778404 	 60.365138
  911 	 0.014756 	 6.819785 	 52.464520
  912 	 0.014790 	 4.905100 	 52.875643
  913 	 0.019061 	 7.266262 	 67.770196
  914 	 0.018912 	 6.658900 	 67.613472
  915 	 0.014756 	 7.390132 	 52.464520
  916 	 0.014790 	 4.005379 	 28.128027
  917 	 0.018485 	 6.948722 	 67.770196
  918 	 0.031558 	 6.991834 	 67.613472
  919 	 0.014756 	 7.111533 	 54.098190
  920 	 0.014790 	 4.099560 	 31.687748
  921 	 0.018485 	 6.484522 	 60.044972
  922 	 0.018878 	 7.230778 	 67.613472
  923 	 0.016654 	 7.923884 	 54.098190
  924 	 0.014790 	 4.952971 	 52.971645
  925 	 0.018485 	 7.141254 	 60.044972
  926 	 0.018878 	 7.245601 	 67.613472
  927 	 0.016654 	 5.109648 	 52.464520
  928 	 0.011617 	 4.547510 	 52.971645
  929 	 0.019061 	 5.708405 	 56.407886
  930 	 0.018878 	 7.572055 	 86.083647
  931 	 0.017728 	 4.594723 	 52.464520
  932 	 0.011617 	 5.660331 	 52.971645
  933 	 0.019061 	 6.627367 	 56.407886
  934 	 0.012628 	 6.770150 	 67.613472
  935 	 0.017728 	 5.191454 	 52.464520
  936 	 0.014790 	 6.412398 	 79.186043
  937 	 0.019023 	 7.572468 	 56.407886
  938 	 0.012628 	 7.246204 	 67.613472
  939 	 0.017728 	 5.787456 	 52.566920
  940 	 0.012620 	 7.439949 	 79.186043
  941 	 0.019023 	 6.804102 	 56.407886
  942 	 0.012628 	 6.997791 	 67.613472
  943 	 0.017728 	 6.448842 	 52.566920
  944 	 0.014790 	 7.574732 	 79.186043
  945 	 0.019023 	 7.643423 	 56.407886
  946 	 0.012628 	 6.181230 	 67.613472
  947 	 0.017696 	 5.887599 	 52.566920
  948 	 0.014768 	 7.503120 	 79.186043
  949 	 0.019023 	 6.770272 	 56.510286
  950 	 0.012628 	 5.579147 	 67.715872
  951 	 0.017696 	 6.158563 	 52.566920
  952 	 0.014768 	 6.844238 	 79.186043
  953 	 0.019023 	 6.057420 	 56.510286
  954 	 0.012628 	 4.981461 	 67.715872
  955 	 0.017696 	 5.190311 	 52.566920
  956 	 0.013464 	 6.454670 	 79.186043
  957 	 0.019023 	 5.843037 	 41.109974
  958 	 0.012628 	 5.865538 	 74.269472
  959 	 0.024325 	 5.082545 	 52.566920
  960 	 0.013464 	 6.260969 	 79.186043
  961 	 0.016446 	 5.486870 	 39.881026
  962 	 0.012628 	 6.353206 	 74.269472
  963 	 0.025075 	 6.724127 	 60.803547
  964 	 0.013464 	 6.793837 	 79.186043
  965 	 0.016446 	 5.952503 	 37.358849
  966 	 0.012628 	 6.921123 	 74.269472
  967 	 0.026767 	 8.040616 	 60.803547
  968 	 0.013464 	 6.492730 	 61.692895
  969 	 0.016446 	 6.074831 	 37.358849
  970 	 0.016209 	 6.635855 	 74.269472
  971 	 0.026767 	 7.831354 	 60.803547
  972 	 0.013464 	 6.403772 	 61.692895
  973 	 0.016015 	 5.623022 	 37.358849
  974 	 0.016209 	 5.466063 	 74.269472
  975 	 0.021344 	 8.491370 	 62.441946
  976 	 0.013464 	 7.018959 	 61.692895
  977 	 0.016015 	 7.354243 	 46.850525
  978 	 0.016209 	 6.089171 	 74.269472
  979 	 0.021344 	 8.032649 	 62.441946
  980 	 0.013464 	 6.152542 	 61.692895
  981 	 0.016015 	 7.169161 	 46.850525
  982 	 0.016209 	 4.516432 	 74.269472
  983 	 0.021344 	 8.404166 	 61.006943
  984 	 0.013464 	 5.555484 	 61.692895
  985 	 0.016392 	 6.848932 	 46.850525
  986 	 0.015999 	 5.079715 	 74.269472
  987 	 0.021298 	 8.082496 	 61.006943
  988 	 0.013464 	 5.930708 	 62.502655
  989 	 0.016392 	 6.126713 	 46.952925
  990 	 0.015999 	 5.897649 	 74.269472
  991 	 0.021298 	 6.748943 	 52.486473
  992 	 0.013391 	 7.646815 	 62.502655
  993 	 0.019053 	 7.007340 	 46.952925
  994 	 0.015999 	 5.836124 	 74.679072
  995 	 0.021298 	 6.002157 	 52.486473
  996 	 0.013103 	 6.611610 	 61.692895
  997 	 0.019015 	 7.286784 	 46.952925
  998 	 0.016209 	 4.976289 	 76.317471
  999 	 0.021298 	 6.327589 	 52.588873
 