   0 	 0.001110 	 0.001794 	 0.003821
    1 	 0.001323 	 0.002059 	 0.005603
    2 	 0.001372 	 0.002284 	 0.006158
    3 	 0.001372 	 0.002665 	 0.005285
    4 	 0.001470 	 0.002850 	 0.005361
    5 	 0.001595 	 0.003155 	 0.006836
    6 	 0.001956 	 0.003673 	 0.007527
    7 	 0.001524 	 0.004541 	 0.010496
    8 	 0.002251 	 0.005194 	 0.018179
    9 	 0.002578 	 0.005883 	 0.025704
   10 	 0.002709 	 0.007867 	 0.032413
   11 	 0.003782 	 0.010614 	 0.057373
   12 	 0.004027 	 0.015061 	 0.057371
   13 	 -0.735397 	 0.005282 	 0.057362
   14 	 0.005960 	 0.031915 	 0.057370
   15 	 0.005960 	 0.035834 	 0.059914
   16 	 0.008009 	 0.035816 	 0.057348
   17 	 0.006260 	 0.047509 	 0.750476
   18 	 -0.249687 	 0.062742 	 0.745640
   19 	 -0.744478 	 0.351978 	 0.753527
   20 	 -0.249397 	 0.538687 	 0.932540
   21 	 -0.300959 	 0.488024 	 1.737978
   22 	 0.012949 	 0.451952 	 0.934176
   23 	 0.012992 	 0.429549 	 0.981451
   24 	 0.007654 	 0.436101 	 0.750296
   25 	 0.008012 	 0.431255 	 0.750032
   26 	 0.005196 	 0.450902 	 0.753288
   27 	 0.008725 	 0.423537 	 0.753085
   28 	 0.011396 	 0.392696 	 0.754686
   29 	 0.009628 	 0.471934 	 0.752681
   30 	 0.011057 	 0.494947 	 0.751171
   31 	 0.008139 	 0.398064 	 0.752170
   32 	 0.011827 	 0.383535 	 0.751362
   33 	 0.007073 	 0.462441 	 0.753013
   34 	 0.012513 	 0.436750 	 0.750927
   35 	 -0.247416 	 0.409410 	 0.751139
   36 	 0.009199 	 0.456017 	 0.750541
   37 	 -0.286141 	 0.419157 	 0.932450
   38 	 0.007641 	 0.455118 	 0.752413
   39 	 -0.284476 	 0.431789 	 0.750476
   40 	 -0.284845 	 0.447372 	 0.753296
   41 	 -0.284856 	 0.416224 	 0.965826
   42 	 -0.281142 	 0.366877 	 0.966171
   43 	 -0.764042 	 0.425908 	 0.966180
   44 	 0.009432 	 0.459206 	 0.962726
   45 	 0.009863 	 0.462852 	 1.799153
   46 	 -0.302903 	 0.423129 	 0.752281
   47 	 0.012516 	 0.450349 	 0.752037
   48 	 0.010437 	 0.439938 	 0.753199
   49 	 -0.284910 	 0.443087 	 0.750539
   50 	 -0.286182 	 0.417726 	 0.750447
   51 	 0.008153 	 0.384275 	 0.966231
   52 	 -0.284468 	 0.382227 	 0.967420
   53 	 -0.248787 	 0.419733 	 0.753005
   54 	 0.007526 	 0.415734 	 0.965819
   55 	 -0.286191 	 0.407123 	 0.754464
   56 	 -1.203362 	 0.419386 	 0.753361
   57 	 0.008977 	 0.430489 	 0.753681
   58 	 0.009159 	 0.564346 	 8.583892
   59 	 0.007525 	 0.431565 	 0.752538
   60 	 0.007377 	 0.394892 	 0.752435
   61 	 0.012546 	 0.437339 	 0.753361
   62 	 -0.261181 	 0.449095 	 0.753446
   63 	 0.009367 	 0.473145 	 0.750522
   64 	 -0.280471 	 0.466391 	 0.944574
   65 	 0.013450 	 0.431816 	 0.752318
   66 	 0.010131 	 0.452282 	 0.935084
   67 	 0.008139 	 0.391717 	 0.750014
   68 	 -0.284955 	 0.422685 	 0.747959
   69 	 -0.286051 	 0.431072 	 0.753013
   70 	 -0.301657 	 0.426733 	 0.966273
   71 	 0.006138 	 0.449561 	 0.750539
   72 	 0.008935 	 0.454776 	 0.982124
   73 	 -0.249627 	 0.408607 	 0.754150
   74 	 0.012546 	 0.459439 	 0.752562
   75 	 -0.250387 	 0.397485 	 0.750752
   76 	 -0.262358 	 0.395155 	 0.750522
   77 	 -0.247530 	 0.415100 	 0.750276
   78 	 0.011459 	 0.462266 	 0.752020
   79 	 -0.249426 	 0.477825 	 0.932550
   80 	 -0.284855 	 0.438848 	 0.750278
   81 	 0.008152 	 0.401615 	 0.749959
   82 	 -0.303132 	 0.440170 	 0.966168
   83 	 -0.280516 	 0.391600 	 0.753006
   84 	 -0.747696 	 0.437600 	 0.983548
   85 	 -0.280589 	 0.456617 	 0.962147
   86 	 -0.739911 	 0.408465 	 1.747755
   87 	 0.012629 	 0.463868 	 0.962214
   88 	 -0.280805 	 0.473781 	 1.724292
   89 	 0.007375 	 0.418372 	 0.750476
   90 	 0.011034 	 0.421003 	 0.962414
   91 	 0.006261 	 0.422877 	 0.751359
   92 	 -0.280869 	 0.449521 	 0.751375
   93 	 0.007843 	 0.408421 	 0.754079
   94 	 -0.284475 	 0.460050 	 0.962473
   95 	 0.008710 	 0.436009 	 0.753181
   96 	 0.007811 	 0.392762 	 0.965825
   97 	 0.012513 	 0.432220 	 0.752690
   98 	 0.009192 	 0.448377 	 0.753199
   99 	 -0.247905 	 0.412182 	 0.750522
  100 	 -0.247750 	 0.401847 	 0.752417
  101 	 -0.286175 	 0.428181 	 0.932875
  102 	 -0.284788 	 0.453427 	 0.932741
  103 	 -0.247640 	 0.464509 	 0.967414
  104 	 0.012623 	 0.438535 	 0.966117
  105 	 -0.294475 	 0.409498 	 0.932646
  106 	 0.008935 	 0.416886 	 0.749116
  107 	 -0.280504 	 0.419395 	 0.975244
  108 	 0.013415 	 0.458384 	 0.752562
  109 	 -0.247778 	 0.431069 	 0.962135
  110 	 0.008714 	 0.398146 	 0.748732
  111 	 0.008336 	 0.443870 	 0.932766
  112 	 0.007526 	 0.458332 	 0.752688
  113 	 0.010415 	 0.429515 	 0.752902
  114 	 -0.284951 	 0.484262 	 0.753361
  115 	 0.007196 	 0.436727 	 0.751725
  116 	 -0.302683 	 0.436127 	 0.966269
  117 	 -0.303083 	 0.455347 	 0.753549
  118 	 -0.284845 	 0.419171 	 0.983114
  119 	 -0.247989 	 0.430712 	 0.983501
  120 	 0.007526 	 0.460215 	 0.966170
  121 	 0.009137 	 0.467311 	 0.932949
  122 	 0.009385 	 0.446968 	 0.752985
  123 	 -0.280891 	 0.402676 	 0.752448
  124 	 0.007809 	 0.431255 	 0.750276
  125 	 0.013417 	 0.462047 	 0.962494
  126 	 -0.280573 	 0.439041 	 0.753200
  127 	 -0.302847 	 0.420089 	 0.750032
  128 	 -0.284845 	 0.415753 	 0.754727
  129 	 -0.302065 	 0.439044 	 0.751172
  130 	 0.006570 	 0.407457 	 0.962093
  131 	 -0.284845 	 0.410749 	 0.751133
  132 	 0.008726 	 0.442183 	 0.753904
  133 	 0.007351 	 0.395474 	 0.966170
  134 	 0.009138 	 0.410244 	 0.752680
  135 	 -0.285577 	 0.419481 	 0.753460
  136 	 -0.300561 	 0.418408 	 0.752447
  137 	 0.011755 	 0.467054 	 0.966854
  138 	 -0.285895 	 0.394788 	 0.965820
  139 	 -0.284465 	 0.403463 	 0.750226
  140 	 -0.298709 	 0.425724 	 0.967152
  141 	 0.012630 	 0.453737 	 0.751167
  142 	 0.005758 	 0.416129 	 0.979288
  143 	 0.007811 	 0.410981 	 0.750475
  144 	 0.005842 	 0.397548 	 0.754365
  145 	 -0.284935 	 0.398465 	 0.752791
  146 	 -0.302751 	 0.450093 	 0.754318
  147 	 -0.284960 	 0.477902 	 0.966255
  148 	 -0.248943 	 0.430969 	 0.983180
  149 	 0.008371 	 0.443087 	 0.966278
 