0	0.000008	0.000009
1	0.000008	0.000009
2	0.000009	0.000009
3	0.000009	0.000010
4	0.000009	0.000010
5	0.000009	0.000010
6	0.000009	0.000010
7	0.000009	0.000010
8	0.000009	0.000010
9	0.000009	0.000010
10	0.000009	0.000010
11	0.000010	0.000010
12	0.000010	0.000010
13	0.000010	0.000010
14	0.000010	0.000010
15	0.000010	0.000010
16	0.000010	0.000010
17	0.000010	0.000011
18	0.000010	0.000011
19	0.000010	0.000011
20	0.000010	0.000011
21	0.000010	0.000011
22	0.000010	0.000011
23	0.000011	0.000011
24	0.000011	0.000011
25	0.000011	0.000011
26	0.000011	0.000011
27	0.000011	0.000011
28	0.000011	0.000011
29	0.000011	0.000011
30	0.000011	0.000011
31	0.000011	0.000012
32	0.000011	0.000012
33	0.000011	0.000012
34	0.000011	0.000012
35	0.000011	0.000012
36	0.000011	0.000012
37	0.000012	0.000012
38	0.000012	0.000012
39	0.000012	0.000012
40	0.000012	0.000012
41	0.000012	0.000012
42	0.000012	0.000012
43	0.000012	0.000012
44	0.000012	0.000013
45	0.000012	0.000013
46	0.000012	0.000013
47	0.000012	0.000013
48	0.000012	0.000013
49	0.000012	0.000013
50	0.000012	0.000013
51	0.000013	0.000013
52	0.000013	0.000013
53	0.000013	0.000013
54	0.000013	0.000013
55	0.000013	0.000013
56	0.000013	0.000013
57	0.000013	0.000013
58	0.000013	0.000013
59	0.000013	0.000014
60	0.000013	0.000014
61	0.000013	0.000014
62	0.000013	0.000014
63	0.000013	0.000014
64	0.000013	0.000014
65	0.000014	0.000014
66	0.000014	0.000014
67	0.000014	0.000014
68	0.000014	0.000014
69	0.000014	0.000014
70	0.000014	0.000014
71	0.000014	0.000014
72	0.000014	0.000014
73	0.000014	0.000015
74	0.000014	0.000015
75	0.000014	0.000015
76	0.000014	0.000015
77	0.000014	0.000015
78	0.000014	0.000015
79	0.000014	0.000015
80	0.000015	0.000015
81	0.000015	0.000015
82	0.000015	0.000015
83	0.000015	0.000015
84	0.000015	0.000015
85	0.000015	0.000015
86	0.000015	0.000015
87	0.000015	0.000015
88	0.000015	0.000015
89	0.000015	0.000015
90	0.000015	0.000016
91	0.000015	0.000015
92	0.000015	0.000016
93	0.000015	0.000016
94	0.000015	0.000016
95	0.000015	0.000016
96	0.000015	0.000016
97	0.000015	0.000016
98	0.000016	0.000016
99	0.000016	0.000016
100	0.000016	0.000016
101	0.000016	0.000016
102	0.000016	0.000016
103	0.000016	0.000016
104	0.000016	0.000016
105	0.000016	0.000016
106	0.000016	0.000016
107	0.000016	0.000016
108	0.000016	0.000017
109	0.000016	0.000016
110	0.000016	0.000017
111	0.000016	0.000017
112	0.000016	0.000017
113	0.000016	0.000017
114	0.000016	0.000017
115	0.000016	0.000017
116	0.000016	0.000017
117	0.000017	0.000017
118	0.000017	0.000017
119	0.000017	0.000017
120	0.000017	0.000017
121	0.000017	0.000017
122	0.000017	0.000017
123	0.000017	0.000017
124	0.000017	0.000017
125	0.000017	0.000017
126	0.000017	0.000017
127	0.000017	0.000017
128	0.000017	0.000018
129	0.000017	0.000017
130	0.000017	0.000018
131	0.000017	0.000018
132	0.000017	0.000018
133	0.000017	0.000018
134	0.000017	0.000018
135	0.000017	0.000018
136	0.000018	0.000018
137	0.000017	0.000018
138	0.000018	0.000018
139	0.000018	0.000018
140	0.000018	0.000018
141	0.000018	0.000018
142	0.000018	0.000018
143	0.000018	0.000018
144	0.000018	0.000018
145	0.000018	0.000018
146	0.000018	0.000018
147	0.000018	0.000018
148	0.000018	0.000018
149	0.000018	0.000018
150	0.000018	0.000018
151	0.000018	0.000018
152	0.000018	0.000018
153	0.000018	0.000018
154	0.000018	0.000019
155	0.000018	0.000018
156	0.000018	0.000019
157	0.000018	0.000018
158	0.000018	0.000019
159	0.000018	0.000018
160	0.000018	0.000019
161	0.000018	0.000019
162	0.000018	0.000019
163	0.000018	0.000019
164	0.000019	0.000019
165	0.000018	0.000019
166	0.000019	0.000019
167	0.000018	0.000019
168	0.000019	0.000019
169	0.000019	0.000019
170	0.000019	0.000019
171	0.000019	0.000019
172	0.000019	0.000019
173	0.000019	0.000019
174	0.000019	0.000019
175	0.000019	0.000019
176	0.000019	0.000019
177	0.000019	0.000019
178	0.000019	0.000019
179	0.000019	0.000019
180	0.000019	0.000019
181	0.000019	0.000019
182	0.000019	0.000019
183	0.000019	0.000020
184	0.000019	0.000019
185	0.000019	0.000020
186	0.000019	0.000019
187	0.000019	0.000020
188	0.000019	0.000019
189	0.000019	0.000020
190	0.000019	0.000020
191	0.000019	0.000020
192	0.000019	0.000020
193	0.000019	0.000020
194	0.000019	0.000020
195	0.000019	0.000020
196	0.000020	0.000020
197	0.000019	0.000020
198	0.000020	0.000020
199	0.000019	0.000020
200	0.000020	0.000020
201	0.000020	0.000020
202	0.000020	0.000020
203	0.000020	0.000020
204	0.000020	0.000020
205	0.000020	0.000020
206	0.000020	0.000020
207	0.000020	0.000020
208	0.000020	0.000020
209	0.000020	0.000020
210	0.000020	0.000020
211	0.000020	0.000020
212	0.000020	0.000020
213	0.000020	0.000020
214	0.000020	0.000020
215	0.000020	0.000020
216	0.000020	0.000020
217	0.000020	0.000020
218	0.000020	0.000020
219	0.000020	0.000021
220	0.000020	0.000021
221	0.000020	0.000020
222	0.000020	0.000021
223	0.000020	0.000021
224	0.000020	0.000021
225	0.000020	0.000021
226	0.000020	0.000021
227	0.000020	0.000021
228	0.000021	0.000021
229	0.000020	0.000021
230	0.000020	0.000021
231	0.000020	0.000021
232	0.000020	0.000021
233	0.000021	0.000021
234	0.000020	0.000021
235	0.000021	0.000021
236	0.000020	0.000021
237	0.000021	0.000021
238	0.000021	0.000021
239	0.000021	0.000021
240	0.000021	0.000021
241	0.000021	0.000021
242	0.000021	0.000021
243	0.000021	0.000021
244	0.000021	0.000021
245	0.000021	0.000021
246	0.000021	0.000021
247	0.000021	0.000021
248	0.000021	0.000021
249	0.000021	0.000021
250	0.000021	0.000021
251	0.000021	0.000021
252	0.000021	0.000021
253	0.000021	0.000021
254	0.000021	0.000022
255	0.000021	0.000022
256	0.000021	0.000021
257	0.000021	0.000022
258	0.000021	0.000022
259	0.000021	0.000022
260	0.000021	0.000022
261	0.000021	0.000022
262	0.000021	0.000022
263	0.000021	0.000022
264	0.000021	0.000022
265	0.000021	0.000022
266	0.000021	0.000022
267	0.000021	0.000022
268	0.000021	0.000022
269	0.000022	0.000022
270	0.000021	0.000022
271	0.000022	0.000022
272	0.000022	0.000022
273	0.000022	0.000022
274	0.000022	0.000022
275	0.000022	0.000022
276	0.000022	0.000022
277	0.000022	0.000022
278	0.000022	0.000022
279	0.000022	0.000022
280	0.000022	0.000022
281	0.000022	0.000022
282	0.000022	0.000022
283	0.000022	0.000022
284	0.000022	0.000022
285	0.000022	0.000022
286	0.000022	0.000022
287	0.000022	0.000022
288	0.000022	0.000022
289	0.000022	0.000022
290	0.000022	0.000022
291	0.000022	0.000022
292	0.000022	0.000022
293	0.000022	0.000022
294	0.000022	0.000022
295	0.000022	0.000022
296	0.000022	0.000022
297	0.000022	0.000022
298	0.000022	0.000022
299	0.000022	0.000022
300	0.000022	0.000023
301	0.000022	0.000022
302	0.000022	0.000023
303	0.000022	0.000023
304	0.000022	0.000023
305	0.000022	0.000023
306	0.000022	0.000023
307	0.000022	0.000023
308	0.000022	0.000023
309	0.000022	0.000023
310	0.000022	0.000023
311	0.000022	0.000023
312	0.000022	0.000023
313	0.000022	0.000023
314	0.000022	0.000023
315	0.000022	0.000023
316	0.000023	0.000023
317	0.000022	0.000023
318	0.000023	0.000023
319	0.000023	0.000023
320	0.000023	0.000023
321	0.000023	0.000023
322	0.000023	0.000023
323	0.000023	0.000023
324	0.000023	0.000023
325	0.000023	0.000023
326	0.000023	0.000023
327	0.000023	0.000023
328	0.000023	0.000023
329	0.000023	0.000023
330	0.000023	0.000023
331	0.000023	0.000023
332	0.000023	0.000023
333	0.000023	0.000023
334	0.000023	0.000024
335	0.000023	0.000023
336	0.000023	0.000024
337	0.000023	0.000024
338	0.000023	0.000023
339	0.000023	0.000023
340	0.000023	0.000024
341	0.000023	0.000023
342	0.000023	0.000023
343	0.000023	0.000023
344	0.000023	0.000024
345	0.000023	0.000024
346	0.000023	0.000024
347	0.000023	0.000024
348	0.000023	0.000024
349	0.000023	0.000024
350	0.000023	0.000024
351	0.000023	0.000024
352	0.000023	0.000024
353	0.000024	0.000024
354	0.000023	0.000024
355	0.000024	0.000024
356	0.000024	0.000024
357	0.000023	0.000024
358	0.000024	0.000024
359	0.000023	0.000024
360	0.000024	0.000024
361	0.000024	0.000024
362	0.000024	0.000024
363	0.000024	0.000024
364	0.000024	0.000024
365	0.000024	0.000024
366	0.000024	0.000024
367	0.000024	0.000024
368	0.000024	0.000024
369	0.000024	0.000024
370	0.000024	0.000024
371	0.000024	0.000024
372	0.000024	0.000024
373	0.000024	0.000024
374	0.000024	0.000024
375	0.000024	0.000024
376	0.000024	0.000024
377	0.000024	0.000024
378	0.000024	0.000024
379	0.000024	0.000024
380	0.000024	0.000024
381	0.000024	0.000024
382	0.000024	0.000024
383	0.000024	0.000024
384	0.000024	0.000025
385	0.000024	0.000025
386	0.000024	0.000025
387	0.000024	0.000025
388	0.000024	0.000025
389	0.000024	0.000025
390	0.000024	0.000025
391	0.000024	0.000025
392	0.000024	0.000025
393	0.000024	0.000025
394	0.000024	0.000025
395	0.000024	0.000025
396	0.000024	0.000025
397	0.000024	0.000025
398	0.000024	0.000025
399	0.000024	0.000025
400	0.000024	0.000025
401	0.000024	0.000025
402	0.000024	0.000025
403	0.000024	0.000025
404	0.000024	0.000025
405	0.000024	0.000025
406	0.000024	0.000025
407	0.000024	0.000025
408	0.000025	0.000025
409	0.000024	0.000025
410	0.000025	0.000025
411	0.000024	0.000025
412	0.000025	0.000025
413	0.000025	0.000025
414	0.000025	0.000025
415	0.000024	0.000025
416	0.000025	0.000025
417	0.000025	0.000025
418	0.000025	0.000025
419	0.000025	0.000025
420	0.000025	0.000025
421	0.000025	0.000025
422	0.000025	0.000025
423	0.000025	0.000025
424	0.000025	0.000025
425	0.000025	0.000025
426	0.000025	0.000025
427	0.000025	0.000025
428	0.000025	0.000025
429	0.000025	0.000025
430	0.000025	0.000025
431	0.000025	0.000025
432	0.000025	0.000025
433	0.000025	0.000025
434	0.000025	0.000025
435	0.000025	0.000025
436	0.000025	0.000025
437	0.000025	0.000025
438	0.000025	0.000025
439	0.000025	0.000025
440	0.000025	0.000025
441	0.000025	0.000025
442	0.000025	0.000025
443	0.000025	0.000025
444	0.000025	0.000025
445	0.000025	0.000025
446	0.000025	0.000025
447	0.000025	0.000025
448	0.000025	0.000026
449	0.000025	0.000025
450	0.000025	0.000025
451	0.000025	0.000025
452	0.000025	0.000025
453	0.000025	0.000025
454	0.000025	0.000025
455	0.000025	0.000026
456	0.000025	0.000025
457	0.000025	0.000026
458	0.000025	0.000025
459	0.000025	0.000026
460	0.000025	0.000025
461	0.000025	0.000026
462	0.000025	0.000026
463	0.000025	0.000026
464	0.000025	0.000026
465	0.000025	0.000026
466	0.000025	0.000025
467	0.000025	0.000026
468	0.000025	0.000025
469	0.000025	0.000026
470	0.000025	0.000026
471	0.000026	0.000026
472	0.000025	0.000026
473	0.000026	0.000026
474	0.000025	0.000026
475	0.000026	0.000026
476	0.000025	0.000026
477	0.000025	0.000026
478	0.000026	0.000026
479	0.000026	0.000026
480	0.000026	0.000026
481	0.000026	0.000026
482	0.000025	0.000026
483	0.000026	0.000026
484	0.000026	0.000026
485	0.000026	0.000026
486	0.000026	0.000026
487	0.000026	0.000026
488	0.000026	0.000026
489	0.000026	0.000026
490	0.000026	0.000026
491	0.000026	0.000026
492	0.000026	0.000026
493	0.000026	0.000026
494	0.000026	0.000026
495	0.000026	0.000026
496	0.000026	0.000026
497	0.000026	0.000026
498	0.000026	0.000026
499	0.000026	0.000026
500	0.000026	0.000026
501	0.000026	0.000026
502	0.000026	0.000026
503	0.000026	0.000026
504	0.000026	0.000026
505	0.000026	0.000026
506	0.000026	0.000026
507	0.000026	0.000026
508	0.000026	0.000026
509	0.000026	0.000026
510	0.000026	0.000027
511	0.000026	0.000026
512	0.000026	0.000026
513	0.000026	0.000026
514	0.000026	0.000026
515	0.000026	0.000027
516	0.000026	0.000026
517	0.000026	0.000027
518	0.000026	0.000027
519	0.000026	0.000027
520	0.000026	0.000027
521	0.000026	0.000027
522	0.000026	0.000027
523	0.000026	0.000026
524	0.000026	0.000027
525	0.000026	0.000027
526	0.000026	0.000027
527	0.000026	0.000027
528	0.000026	0.000027
529	0.000026	0.000027
530	0.000026	0.000026
531	0.000026	0.000027
532	0.000026	0.000027
533	0.000026	0.000027
534	0.000026	0.000027
535	0.000026	0.000027
536	0.000026	0.000027
537	0.000026	0.000027
538	0.000026	0.000027
539	0.000026	0.000027
540	0.000026	0.000027
541	0.000026	0.000027
542	0.000026	0.000027
543	0.000026	0.000027
544	0.000026	0.000027
545	0.000026	0.000027
546	0.000026	0.000027
547	0.000027	0.000027
548	0.000027	0.000027
549	0.000026	0.000027
550	0.000027	0.000027
551	0.000026	0.000027
552	0.000027	0.000027
553	0.000026	0.000027
554	0.000026	0.000027
555	0.000027	0.000027
556	0.000027	0.000027
557	0.000027	0.000027
558	0.000027	0.000027
559	0.000027	0.000027
560	0.000026	0.000027
561	0.000027	0.000027
562	0.000027	0.000027
563	0.000027	0.000027
564	0.000027	0.000027
565	0.000027	0.000027
566	0.000027	0.000027
567	0.000027	0.000027
568	0.000027	0.000027
569	0.000027	0.000027
570	0.000027	0.000027
571	0.000027	0.000027
572	0.000027	0.000027
573	0.000027	0.000027
574	0.000027	0.000027
575	0.000027	0.000027
576	0.000027	0.000027
577	0.000027	0.000027
578	0.000027	0.000027
579	0.000027	0.000027
580	0.000027	0.000027
581	0.000027	0.000027
582	0.000027	0.000027
583	0.000027	0.000027
584	0.000027	0.000027
585	0.000027	0.000027
586	0.000027	0.000027
587	0.000027	0.000027
588	0.000027	0.000027
589	0.000027	0.000027
590	0.000027	0.000028
591	0.000027	0.000028
592	0.000027	0.000027
593	0.000027	0.000027
594	0.000027	0.000027
595	0.000027	0.000028
596	0.000027	0.000027
597	0.000027	0.000028
598	0.000027	0.000028
599	0.000027	0.000027
600	0.000027	0.000028
601	0.000027	0.000028
602	0.000027	0.000028
603	0.000027	0.000028
604	0.000027	0.000027
605	0.000027	0.000028
606	0.000027	0.000027
607	0.000027	0.000028
608	0.000027	0.000028
609	0.000027	0.000027
610	0.000027	0.000028
611	0.000027	0.000028
612	0.000027	0.000028
613	0.000027	0.000028
614	0.000027	0.000028
615	0.000027	0.000028
616	0.000027	0.000028
617	0.000027	0.000028
618	0.000027	0.000028
619	0.000027	0.000028
620	0.000027	0.000028
621	0.000028	0.000028
622	0.000027	0.000028
623	0.000027	0.000028
624	0.000028	0.000028
625	0.000027	0.000028
626	0.000027	0.000028
627	0.000027	0.000028
628	0.000027	0.000028
629	0.000027	0.000028
630	0.000027	0.000028
631	0.000028	0.000028
632	0.000028	0.000028
633	0.000027	0.000028
634	0.000027	0.000028
635	0.000028	0.000028
636	0.000027	0.000028
637	0.000027	0.000028
638	0.000028	0.000028
639	0.000027	0.000028
640	0.000028	0.000028
641	0.000028	0.000028
642	0.000028	0.000028
643	0.000028	0.000028
644	0.000027	0.000028
645	0.000027	0.000028
646	0.000027	0.000028
647	0.000027	0.000028
648	0.000028	0.000028
649	0.000028	0.000028
650	0.000027	0.000028
651	0.000028	0.000028
652	0.000027	0.000028
653	0.000028	0.000028
654	0.000028	0.000028
655	0.000028	0.000028
656	0.000028	0.000028
657	0.000027	0.000028
658	0.000028	0.000028
659	0.000028	0.000028
660	0.000028	0.000028
661	0.000027	0.000028
662	0.000028	0.000028
663	0.000028	0.000028
664	0.000028	0.000028
665	0.000028	0.000028
666	0.000027	0.000028
667	0.000028	0.000028
668	0.000028	0.000028
669	0.000028	0.000028
670	0.000028	0.000028
671	0.000028	0.000028
672	0.000028	0.000028
673	0.000028	0.000028
674	0.000028	0.000028
675	0.000028	0.000028
676	0.000028	0.000028
677	0.000028	0.000028
678	0.000028	0.000028
679	0.000028	0.000028
680	0.000028	0.000028
681	0.000028	0.000028
682	0.000028	0.000028
683	0.000028	0.000028
684	0.000028	0.000028
685	0.000028	0.000028
686	0.000028	0.000028
687	0.000028	0.000028
688	0.000028	0.000028
689	0.000028	0.000028
690	0.000028	0.000028
691	0.000028	0.000028
692	0.000028	0.000028
693	0.000028	0.000028
694	0.000028	0.000028
695	0.000028	0.000028
696	0.000028	0.000028
697	0.000028	0.000028
698	0.000028	0.000028
699	0.000028	0.000028
700	0.000028	0.000028
701	0.000028	0.000028
702	0.000028	0.000028
703	0.000028	0.000028
704	0.000028	0.000028
705	0.000028	0.000028
706	0.000028	0.000028
707	0.000028	0.000028
708	0.000028	0.000028
709	0.000028	0.000028
710	0.000028	0.000028
711	0.000028	0.000028
712	0.000028	0.000028
713	0.000028	0.000028
714	0.000028	0.000028
715	0.000028	0.000028
716	0.000028	0.000028
717	0.000028	0.000028
718	0.000028	0.000029
719	0.000028	0.000028
720	0.000028	0.000028
721	0.000028	0.000028
722	0.000028	0.000028
723	0.000028	0.000029
724	0.000028	0.000028
725	0.000028	0.000029
726	0.000028	0.000028
727	0.000028	0.000029
728	0.000028	0.000029
729	0.000028	0.000028
730	0.000028	0.000029
731	0.000028	0.000028
732	0.000028	0.000029
733	0.000028	0.000028
734	0.000028	0.000029
735	0.000028	0.000029
736	0.000028	0.000029
737	0.000028	0.000029
738	0.000028	0.000029
739	0.000028	0.000029
740	0.000028	0.000029
741	0.000028	0.000029
742	0.000028	0.000029
743	0.000028	0.000029
744	0.000028	0.000029
745	0.000028	0.000029
746	0.000028	0.000029
747	0.000028	0.000029
748	0.000028	0.000029
749	0.000028	0.000029
750	0.000029	0.000029
751	0.000028	0.000029
752	0.000028	0.000029
753	0.000028	0.000029
754	0.000028	0.000029
755	0.000028	0.000029
756	0.000028	0.000029
757	0.000028	0.000029
758	0.000028	0.000029
759	0.000028	0.000029
760	0.000028	0.000029
761	0.000029	0.000029
762	0.000028	0.000029
763	0.000029	0.000029
764	0.000028	0.000029
765	0.000028	0.000029
766	0.000029	0.000029
767	0.000028	0.000029
768	0.000029	0.000029
769	0.000028	0.000029
770	0.000028	0.000029
771	0.000028	0.000029
772	0.000029	0.000029
773	0.000029	0.000029
774	0.000029	0.000029
775	0.000029	0.000029
776	0.000029	0.000029
777	0.000029	0.000029
778	0.000029	0.000029
779	0.000029	0.000029
780	0.000029	0.000029
781	0.000029	0.000029
782	0.000029	0.000029
783	0.000029	0.000029
784	0.000029	0.000029
785	0.000028	0.000029
786	0.000029	0.000029
787	0.000029	0.000029
788	0.000029	0.000029
789	0.000029	0.000029
790	0.000029	0.000029
791	0.000029	0.000029
792	0.000029	0.000029
793	0.000029	0.000029
794	0.000029	0.000029
795	0.000029	0.000029
796	0.000029	0.000029
797	0.000029	0.000029
798	0.000029	0.000029
799	0.000029	0.000029
800	0.000029	0.000029
801	0.000029	0.000029
802	0.000029	0.000029
803	0.000029	0.000029
804	0.000029	0.000029
805	0.000029	0.000029
806	0.000029	0.000029
807	0.000029	0.000029
808	0.000029	0.000029
809	0.000029	0.000029
810	0.000029	0.000029
811	0.000029	0.000029
812	0.000029	0.000029
813	0.000029	0.000029
814	0.000029	0.000029
815	0.000029	0.000029
816	0.000029	0.000029
817	0.000029	0.000029
818	0.000029	0.000029
819	0.000029	0.000029
820	0.000029	0.000029
821	0.000029	0.000029
822	0.000029	0.000029
823	0.000029	0.000029
824	0.000029	0.000029
825	0.000029	0.000029
826	0.000029	0.000029
827	0.000029	0.000029
828	0.000029	0.000029
829	0.000029	0.000029
830	0.000029	0.000029
831	0.000029	0.000029
832	0.000029	0.000029
833	0.000029	0.000029
834	0.000029	0.000029
835	0.000029	0.000029
836	0.000029	0.000030
837	0.000029	0.000029
838	0.000029	0.000030
839	0.000029	0.000029
840	0.000029	0.000030
841	0.000029	0.000030
842	0.000029	0.000029
843	0.000029	0.000029
844	0.000029	0.000029
845	0.000029	0.000030
846	0.000029	0.000030
847	0.000029	0.000030
848	0.000029	0.000029
849	0.000029	0.000030
850	0.000029	0.000029
851	0.000029	0.000029
852	0.000029	0.000030
853	0.000029	0.000029
854	0.000029	0.000030
855	0.000029	0.000030
856	0.000029	0.000030
857	0.000029	0.000030
858	0.000029	0.000029
859	0.000029	0.000030
860	0.000029	0.000030
861	0.000029	0.000030
862	0.000029	0.000030
863	0.000029	0.000030
864	0.000029	0.000030
865	0.000029	0.000030
866	0.000029	0.000030
867	0.000029	0.000030
868	0.000029	0.000030
869	0.000029	0.000030
870	0.000029	0.000030
871	0.000029	0.000030
872	0.000029	0.000029
873	0.000029	0.000030
874	0.000029	0.000030
875	0.000029	0.000030
876	0.000029	0.000030
877	0.000029	0.000030
878	0.000030	0.000030
879	0.000029	0.000029
880	0.000030	0.000030
881	0.000029	0.000030
882	0.000029	0.000030
883	0.000029	0.000030
884	0.000030	0.000030
885	0.000030	0.000030
886	0.000030	0.000030
887	0.000029	0.000030
888	0.000030	0.000030
889	0.000030	0.000030
890	0.000029	0.000030
891	0.000030	0.000030
892	0.000030	0.000030
893	0.000030	0.000030
894	0.000030	0.000030
895	0.000030	0.000030
896	0.000030	0.000030
897	0.000030	0.000030
898	0.000030	0.000030
899	0.000030	0.000030
900	0.000030	0.000030
901	0.000030	0.000030
902	0.000030	0.000030
903	0.000030	0.000030
904	0.000030	0.000030
905	0.000030	0.000030
906	0.000030	0.000030
907	0.000030	0.000030
908	0.000030	0.000030
909	0.000030	0.000030
910	0.000030	0.000030
911	0.000030	0.000030
912	0.000030	0.000030
913	0.000030	0.000030
914	0.000030	0.000030
915	0.000030	0.000030
916	0.000030	0.000030
917	0.000030	0.000030
918	0.000030	0.000030
919	0.000030	0.000030
920	0.000030	0.000030
921	0.000030	0.000030
922	0.000030	0.000030
923	0.000030	0.000030
924	0.000030	0.000030
925	0.000030	0.000030
926	0.000030	0.000030
927	0.000030	0.000030
928	0.000030	0.000030
929	0.000030	0.000030
930	0.000030	0.000030
931	0.000030	0.000030
932	0.000030	0.000030
933	0.000030	0.000030
934	0.000030	0.000030
935	0.000030	0.000030
936	0.000030	0.000030
937	0.000030	0.000030
938	0.000030	0.000030
939	0.000030	0.000030
940	0.000030	0.000030
941	0.000030	0.000030
942	0.000030	0.000030
943	0.000030	0.000030
944	0.000030	0.000030
945	0.000030	0.000030
946	0.000030	0.000030
947	0.000030	0.000030
948	0.000030	0.000030
949	0.000030	0.000030
950	0.000030	0.000030
951	0.000030	0.000030
952	0.000030	0.000030
953	0.000030	0.000030
954	0.000030	0.000030
955	0.000030	0.000030
956	0.000030	0.000030
957	0.000030	0.000031
958	0.000030	0.000030
959	0.000030	0.000030
960	0.000030	0.000030
961	0.000030	0.000030
962	0.000030	0.000030
963	0.000030	0.000030
964	0.000030	0.000031
965	0.000030	0.000030
966	0.000030	0.000030
967	0.000030	0.000030
968	0.000030	0.000030
969	0.000030	0.000030
970	0.000030	0.000030
971	0.000030	0.000030
972	0.000030	0.000030
973	0.000030	0.000030
974	0.000030	0.000031
975	0.000030	0.000030
976	0.000030	0.000030
977	0.000030	0.000030
978	0.000030	0.000030
979	0.000030	0.000030
980	0.000030	0.000030
981	0.000030	0.000030
982	0.000030	0.000031
983	0.000030	0.000030
984	0.000030	0.000031
985	0.000030	0.000031
986	0.000030	0.000030
987	0.000030	0.000031
988	0.000030	0.000030
989	0.000030	0.000031
990	0.000030	0.000030
991	0.000030	0.000031
992	0.000030	0.000030
993	0.000030	0.000031
994	0.000030	0.000030
995	0.000030	0.000031
996	0.000030	0.000031
997	0.000030	0.000031
998	0.000030	0.000031
999	0.000030	0.000031
1000	0.000030	0.000030
1001	0.000030	0.000031
1002	0.000030	0.000031
1003	0.000030	0.000031
1004	0.000030	0.000031
1005	0.000030	0.000031
1006	0.000030	0.000031
1007	0.000030	0.000030
1008	0.000030	0.000031
1009	0.000030	0.000031
1010	0.000030	0.000031
1011	0.000030	0.000031
1012	0.000030	0.000031
1013	0.000030	0.000030
1014	0.000030	0.000031
1015	0.000030	0.000031
1016	0.000030	0.000031
1017	0.000030	0.000031
1018	0.000030	0.000031
1019	0.000030	0.000031
1020	0.000030	0.000031
1021	0.000030	0.000031
1022	0.000030	0.000031
1023	0.000030	0.000031
1024	0.000030	0.000031
1025	0.000030	0.000031
1026	0.000030	0.000031
1027	0.000030	0.000031
1028	0.000030	0.000031
1029	0.000030	0.000031
1030	0.000030	0.000031
1031	0.000030	0.000031
1032	0.000030	0.000031
1033	0.000030	0.000031
1034	0.000030	0.000030
1035	0.000030	0.000031
1036	0.000030	0.000031
1037	0.000030	0.000031
1038	0.000030	0.000031
1039	0.000030	0.000031
1040	0.000031	0.000031
1041	0.000030	0.000030
1042	0.000030	0.000031
1043	0.000030	0.000031
1044	0.000031	0.000031
1045	0.000030	0.000031
1046	0.000030	0.000030
1047	0.000030	0.000031
1048	0.000030	0.000031
1049	0.000031	0.000031
1050	0.000031	0.000031
1051	0.000030	0.000031
1052	0.000030	0.000031
1053	0.000030	0.000031
1054	0.000031	0.000031
1055	0.000031	0.000031
1056	0.000031	0.000031
1057	0.000031	0.000031
1058	0.000031	0.000031
1059	0.000031	0.000031
1060	0.000031	0.000031
1061	0.000030	0.000031
1062	0.000031	0.000031
1063	0.000031	0.000031
1064	0.000031	0.000031
1065	0.000031	0.000031
1066	0.000031	0.000031
1067	0.000031	0.000031
1068	0.000031	0.000031
1069	0.000030	0.000031
1070	0.000031	0.000031
1071	0.000031	0.000031
1072	0.000031	0.000031
1073	0.000031	0.000031
1074	0.000031	0.000031
1075	0.000031	0.000031
1076	0.000031	0.000031
1077	0.000031	0.000031
1078	0.000031	0.000031
1079	0.000031	0.000031
1080	0.000031	0.000031
1081	0.000031	0.000031
1082	0.000031	0.000031
1083	0.000031	0.000031
1084	0.000031	0.000031
1085	0.000031	0.000031
1086	0.000031	0.000031
1087	0.000031	0.000031
1088	0.000031	0.000031
1089	0.000031	0.000031
1090	0.000031	0.000031
1091	0.000031	0.000031
1092	0.000031	0.000031
1093	0.000031	0.000031
1094	0.000031	0.000031
1095	0.000031	0.000031
1096	0.000031	0.000031
1097	0.000031	0.000031
1098	0.000031	0.000031
1099	0.000031	0.000031
1100	0.000031	0.000031
1101	0.000031	0.000031
1102	0.000031	0.000031
1103	0.000031	0.000031
1104	0.000031	0.000031
1105	0.000031	0.000031
1106	0.000031	0.000031
1107	0.000031	0.000031
1108	0.000031	0.000031
1109	0.000031	0.000031
1110	0.000031	0.000031
1111	0.000031	0.000031
1112	0.000031	0.000031
1113	0.000031	0.000031
1114	0.000031	0.000031
1115	0.000031	0.000031
1116	0.000031	0.000031
1117	0.000031	0.000031
1118	0.000031	0.000031
1119	0.000031	0.000031
1120	0.000031	0.000031
1121	0.000031	0.000031
1122	0.000031	0.000031
1123	0.000031	0.000031
1124	0.000031	0.000031
1125	0.000031	0.000031
1126	0.000031	0.000031
1127	0.000031	0.000031
1128	0.000031	0.000031
1129	0.000031	0.000032
1130	0.000031	0.000031
1131	0.000031	0.000031
1132	0.000031	0.000031
1133	0.000031	0.000031
1134	0.000031	0.000031
1135	0.000031	0.000031
1136	0.000031	0.000031
1137	0.000031	0.000031
1138	0.000031	0.000031
1139	0.000031	0.000031
1140	0.000031	0.000031
1141	0.000031	0.000032
1142	0.000031	0.000031
1143	0.000031	0.000031
1144	0.000031	0.000031
1145	0.000031	0.000031
1146	0.000031	0.000031
1147	0.000031	0.000031
1148	0.000031	0.000031
1149	0.000031	0.000031
1150	0.000031	0.000031
1151	0.000031	0.000031
1152	0.000031	0.000031
1153	0.000031	0.000031
1154	0.000031	0.000031
1155	0.000031	0.000031
1156	0.000031	0.000032
1157	0.000031	0.000031
1158	0.000031	0.000031
1159	0.000031	0.000031
1160	0.000031	0.000031
1161	0.000031	0.000031
1162	0.000031	0.000031
1163	0.000031	0.000031
1164	0.000031	0.000031
1165	0.000031	0.000031
1166	0.000031	0.000031
1167	0.000031	0.000031
1168	0.000031	0.000031
1169	0.000031	0.000031
1170	0.000031	0.000031
1171	0.000031	0.000032
1172	0.000031	0.000031
1173	0.000031	0.000031
1174	0.000031	0.000031
1175	0.000031	0.000032
1176	0.000031	0.000031
1177	0.000031	0.000032
1178	0.000031	0.000032
1179	0.000031	0.000032
1180	0.000031	0.000032
1181	0.000031	0.000032
1182	0.000031	0.000032
1183	0.000031	0.000031
1184	0.000031	0.000032
1185	0.000031	0.000031
1186	0.000031	0.000032
1187	0.000031	0.000032
1188	0.000031	0.000032
1189	0.000031	0.000032
1190	0.000031	0.000032
1191	0.000031	0.000032
1192	0.000031	0.000032
1193	0.000031	0.000032
1194	0.000031	0.000032
1195	0.000031	0.000032
1196	0.000031	0.000031
1197	0.000031	0.000032
1198	0.000031	0.000032
1199	0.000031	0.000032
1200	0.000031	0.000032
1201	0.000031	0.000032
1202	0.000031	0.000032
1203	0.000031	0.000032
1204	0.000031	0.000032
1205	0.000031	0.000032
1206	0.000031	0.000032
1207	0.000031	0.000031
1208	0.000031	0.000032
1209	0.000031	0.000032
1210	0.000031	0.000032
1211	0.000031	0.000032
1212	0.000031	0.000032
1213	0.000031	0.000031
1214	0.000031	0.000032
1215	0.000031	0.000032
1216	0.000031	0.000032
1217	0.000031	0.000032
1218	0.000031	0.000032
1219	0.000031	0.000031
1220	0.000031	0.000032
1221	0.000031	0.000032
1222	0.000031	0.000032
1223	0.000031	0.000032
1224	0.000031	0.000032
1225	0.000031	0.000032
1226	0.000031	0.000032
1227	0.000031	0.000032
1228	0.000031	0.000032
1229	0.000031	0.000032
1230	0.000031	0.000032
1231	0.000031	0.000032
1232	0.000031	0.000032
1233	0.000031	0.000032
1234	0.000031	0.000032
1235	0.000031	0.000032
1236	0.000031	0.000032
1237	0.000031	0.000032
1238	0.000031	0.000032
1239	0.000031	0.000032
1240	0.000031	0.000032
1241	0.000031	0.000032
1242	0.000031	0.000032
1243	0.000031	0.000032
1244	0.000031	0.000032
1245	0.000031	0.000032
1246	0.000031	0.000032
1247	0.000031	0.000032
1248	0.000031	0.000032
1249	0.000031	0.000032
1250	0.000031	0.000032
1251	0.000031	0.000032
1252	0.000031	0.000032
1253	0.000031	0.000032
1254	0.000031	0.000032
1255	0.000032	0.000032
1256	0.000031	0.000032
1257	0.000031	0.000032
1258	0.000031	0.000032
1259	0.000032	0.000032
1260	0.000031	0.000032
1261	0.000031	0.000032
1262	0.000032	0.000032
1263	0.000031	0.000032
1264	0.000031	0.000032
1265	0.000031	0.000032
1266	0.000031	0.000032
1267	0.000031	0.000032
1268	0.000031	0.000032
1269	0.000032	0.000032
1270	0.000031	0.000032
1271	0.000031	0.000032
1272	0.000031	0.000032
1273	0.000031	0.000032
1274	0.000031	0.000032
1275	0.000032	0.000032
1276	0.000032	0.000032
1277	0.000032	0.000032
1278	0.000031	0.000032
1279	0.000031	0.000032
1280	0.000032	0.000032
1281	0.000031	0.000032
1282	0.000031	0.000032
1283	0.000032	0.000032
1284	0.000031	0.000032
1285	0.000032	0.000032
1286	0.000032	0.000032
1287	0.000031	0.000032
1288	0.000032	0.000032
1289	0.000032	0.000032
1290	0.000031	0.000032
1291	0.000032	0.000032
1292	0.000032	0.000032
1293	0.000031	0.000032
1294	0.000031	0.000032
1295	0.000032	0.000032
1296	0.000031	0.000032
1297	0.000032	0.000032
1298	0.000032	0.000032
1299	0.000032	0.000032
1300	0.000032	0.000032
1301	0.000032	0.000032
1302	0.000031	0.000032
1303	0.000032	0.000032
1304	0.000032	0.000032
1305	0.000032	0.000032
1306	0.000031	0.000032
1307	0.000032	0.000032
1308	0.000031	0.000032
1309	0.000031	0.000032
1310	0.000032	0.000032
1311	0.000032	0.000032
1312	0.000032	0.000032
1313	0.000032	0.000032
1314	0.000032	0.000032
1315	0.000032	0.000032
1316	0.000031	0.000032
1317	0.000032	0.000032
1318	0.000032	0.000032
1319	0.000031	0.000032
1320	0.000032	0.000032
1321	0.000032	0.000032
1322	0.000031	0.000032
1323	0.000032	0.000032
1324	0.000032	0.000032
1325	0.000032	0.000032
1326	0.000032	0.000032
1327	0.000032	0.000032
1328	0.000032	0.000032
1329	0.000031	0.000032
1330	0.000032	0.000032
1331	0.000032	0.000032
1332	0.000032	0.000032
1333	0.000032	0.000032
1334	0.000031	0.000032
1335	0.000032	0.000032
1336	0.000032	0.000032
1337	0.000032	0.000032
1338	0.000032	0.000032
1339	0.000032	0.000032
1340	0.000032	0.000032
1341	0.000031	0.000032
1342	0.000032	0.000032
1343	0.000032	0.000032
1344	0.000032	0.000032
1345	0.000032	0.000032
1346	0.000032	0.000032
1347	0.000032	0.000032
1348	0.000031	0.000032
1349	0.000032	0.000032
1350	0.000032	0.000032
1351	0.000032	0.000032
1352	0.000032	0.000032
1353	0.000032	0.000032
1354	0.000032	0.000032
1355	0.000032	0.000032
1356	0.000032	0.000032
1357	0.000032	0.000032
1358	0.000032	0.000032
1359	0.000032	0.000032
1360	0.000032	0.000032
1361	0.000032	0.000032
1362	0.000032	0.000032
1363	0.000032	0.000032
1364	0.000032	0.000032
1365	0.000032	0.000032
1366	0.000032	0.000032
1367	0.000032	0.000032
1368	0.000032	0.000032
1369	0.000032	0.000032
1370	0.000031	0.000032
1371	0.000032	0.000032
1372	0.000032	0.000032
1373	0.000032	0.000032
1374	0.000032	0.000032
1375	0.000032	0.000032
1376	0.000032	0.000032
1377	0.000032	0.000032
1378	0.000032	0.000032
1379	0.000032	0.000032
1380	0.000032	0.000032
1381	0.000032	0.000032
1382	0.000032	0.000032
1383	0.000032	0.000032
1384	0.000032	0.000032
1385	0.000032	0.000032
1386	0.000032	0.000032
1387	0.000032	0.000032
1388	0.000032	0.000032
1389	0.000032	0.000032
1390	0.000032	0.000032
1391	0.000032	0.000032
1392	0.000032	0.000032
1393	0.000032	0.000032
1394	0.000032	0.000032
1395	0.000032	0.000032
1396	0.000032	0.000032
1397	0.000032	0.000032
1398	0.000032	0.000032
1399	0.000032	0.000032
1400	0.000032	0.000032
1401	0.000032	0.000032
1402	0.000032	0.000032
1403	0.000032	0.000032
1404	0.000032	0.000032
1405	0.000032	0.000032
1406	0.000032	0.000032
1407	0.000032	0.000032
1408	0.000032	0.000032
1409	0.000032	0.000032
1410	0.000032	0.000032
1411	0.000032	0.000032
1412	0.000032	0.000032
1413	0.000032	0.000032
1414	0.000032	0.000032
1415	0.000032	0.000032
1416	0.000032	0.000032
1417	0.000032	0.000032
1418	0.000032	0.000032
1419	0.000032	0.000032
1420	0.000032	0.000032
1421	0.000032	0.000032
1422	0.000032	0.000032
1423	0.000032	0.000032
1424	0.000032	0.000032
1425	0.000032	0.000033
1426	0.000032	0.000032
1427	0.000032	0.000032
1428	0.000032	0.000032
1429	0.000032	0.000032
1430	0.000032	0.000033
1431	0.000032	0.000032
1432	0.000032	0.000032
1433	0.000032	0.000032
1434	0.000032	0.000032
1435	0.000032	0.000032
1436	0.000032	0.000032
1437	0.000032	0.000032
1438	0.000032	0.000032
1439	0.000032	0.000033
1440	0.000032	0.000032
1441	0.000032	0.000032
1442	0.000032	0.000032
1443	0.000032	0.000033
1444	0.000032	0.000033
1445	0.000032	0.000033
1446	0.000032	0.000032
1447	0.000032	0.000032
1448	0.000032	0.000032
1449	0.000032	0.000032
1450	0.000032	0.000033
1451	0.000032	0.000033
1452	0.000032	0.000032
1453	0.000032	0.000032
1454	0.000032	0.000033
1455	0.000032	0.000032
1456	0.000032	0.000033
1457	0.000032	0.000033
1458	0.000032	0.000032
1459	0.000032	0.000033
1460	0.000032	0.000032
1461	0.000032	0.000032
1462	0.000032	0.000033
1463	0.000032	0.000033
1464	0.000032	0.000032
1465	0.000032	0.000032
1466	0.000032	0.000032
1467	0.000032	0.000033
1468	0.000032	0.000033
1469	0.000032	0.000032
1470	0.000032	0.000033
1471	0.000032	0.000032
1472	0.000032	0.000032
1473	0.000032	0.000033
1474	0.000032	0.000033
1475	0.000032	0.000033
1476	0.000032	0.000033
1477	0.000032	0.000032
1478	0.000032	0.000032
1479	0.000032	0.000032
1480	0.000032	0.000033
1481	0.000032	0.000033
1482	0.000032	0.000033
1483	0.000032	0.000033
1484	0.000032	0.000032
1485	0.000032	0.000033
1486	0.000032	0.000033
1487	0.000032	0.000033
1488	0.000032	0.000033
1489	0.000032	0.000032
1490	0.000032	0.000033
1491	0.000032	0.000032
1492	0.000032	0.000033
1493	0.000032	0.000033
1494	0.000032	0.000033
1495	0.000032	0.000033
1496	0.000032	0.000033
1497	0.000032	0.000033
1498	0.000032	0.000033
1499	0.000032	0.000033
1500	0.000032	0.000033
1501	0.000032	0.000033
1502	0.000032	0.000033
1503	0.000032	0.000033
1504	0.000032	0.000032
1505	0.000032	0.000033
1506	0.000032	0.000033
1507	0.000032	0.000033
1508	0.000032	0.000033
1509	0.000032	0.000033
1510	0.000032	0.000033
1511	0.000032	0.000033
1512	0.000032	0.000033
1513	0.000032	0.000033
1514	0.000032	0.000032
1515	0.000032	0.000033
1516	0.000032	0.000032
1517	0.000032	0.000033
1518	0.000032	0.000032
1519	0.000032	0.000033
1520	0.000032	0.000033
1521	0.000032	0.000033
1522	0.000032	0.000032
1523	0.000032	0.000033
1524	0.000032	0.000033
1525	0.000032	0.000033
1526	0.000032	0.000032
1527	0.000032	0.000033
1528	0.000032	0.000033
1529	0.000032	0.000033
1530	0.000032	0.000033
1531	0.000032	0.000033
1532	0.000032	0.000033
1533	0.000032	0.000033
1534	0.000032	0.000033
1535	0.000032	0.000033
1536	0.000032	0.000033
1537	0.000032	0.000033
1538	0.000032	0.000033
1539	0.000032	0.000033
1540	0.000032	0.000033
1541	0.000032	0.000033
1542	0.000032	0.000033
1543	0.000032	0.000033
1544	0.000032	0.000033
1545	0.000032	0.000033
1546	0.000032	0.000033
1547	0.000032	0.000033
1548	0.000032	0.000033
1549	0.000032	0.000032
1550	0.000032	0.000033
1551	0.000032	0.000033
1552	0.000032	0.000033
1553	0.000032	0.000033
1554	0.000032	0.000033
1555	0.000032	0.000033
1556	0.000032	0.000033
1557	0.000032	0.000032
1558	0.000033	0.000033
1559	0.000032	0.000033
1560	0.000032	0.000033
1561	0.000032	0.000033
1562	0.000032	0.000033
1563	0.000032	0.000033
1564	0.000032	0.000033
1565	0.000032	0.000033
1566	0.000032	0.000033
1567	0.000032	0.000033
1568	0.000032	0.000033
1569	0.000033	0.000033
1570	0.000032	0.000033
1571	0.000033	0.000033
1572	0.000032	0.000033
1573	0.000032	0.000033
1574	0.000032	0.000033
1575	0.000032	0.000032
1576	0.000032	0.000033
1577	0.000033	0.000033
1578	0.000032	0.000033
1579	0.000032	0.000032
1580	0.000033	0.000033
1581	0.000032	0.000033
1582	0.000032	0.000033
1583	0.000032	0.000033
1584	0.000033	0.000033
1585	0.000032	0.000033
1586	0.000032	0.000033
1587	0.000032	0.000033
1588	0.000032	0.000033
1589	0.000032	0.000032
1590	0.000032	0.000033
1591	0.000033	0.000033
1592	0.000032	0.000033
1593	0.000032	0.000033
1594	0.000032	0.000033
1595	0.000032	0.000033
1596	0.000033	0.000033
1597	0.000032	0.000033
1598	0.000032	0.000033
1599	0.000032	0.000033
1600	0.000032	0.000033
1601	0.000032	0.000033
1602	0.000033	0.000033
1603	0.000033	0.000033
1604	0.000033	0.000033
1605	0.000032	0.000033
1606	0.000032	0.000033
1607	0.000033	0.000033
1608	0.000032	0.000033
1609	0.000033	0.000033
1610	0.000032	0.000033
1611	0.000033	0.000033
1612	0.000033	0.000033
1613	0.000032	0.000033
1614	0.000032	0.000033
1615	0.000032	0.000033
1616	0.000032	0.000033
1617	0.000032	0.000033
1618	0.000032	0.000033
1619	0.000032	0.000033
1620	0.000032	0.000033
1621	0.000032	0.000033
1622	0.000032	0.000033
1623	0.000032	0.000033
1624	0.000032	0.000033
1625	0.000033	0.000033
1626	0.000032	0.000033
1627	0.000032	0.000033
1628	0.000033	0.000033
1629	0.000033	0.000033
1630	0.000032	0.000033
1631	0.000033	0.000033
1632	0.000032	0.000033
1633	0.000032	0.000033
1634	0.000033	0.000033
1635	0.000032	0.000033
1636	0.000032	0.000033
1637	0.000033	0.000033
1638	0.000033	0.000033
1639	0.000032	0.000033
1640	0.000033	0.000033
1641	0.000033	0.000033
1642	0.000032	0.000033
1643	0.000033	0.000033
1644	0.000033	0.000033
1645	0.000032	0.000033
1646	0.000033	0.000033
1647	0.000033	0.000033
1648	0.000032	0.000033
1649	0.000033	0.000033
1650	0.000033	0.000033
1651	0.000032	0.000033
1652	0.000033	0.000033
1653	0.000033	0.000033
1654	0.000033	0.000033
1655	0.000033	0.000033
1656	0.000033	0.000033
1657	0.000033	0.000033
1658	0.000033	0.000033
1659	0.000033	0.000033
1660	0.000033	0.000033
1661	0.000033	0.000033
1662	0.000033	0.000033
1663	0.000033	0.000033
1664	0.000033	0.000033
1665	0.000032	0.000033
1666	0.000032	0.000033
1667	0.000032	0.000033
1668	0.000033	0.000033
1669	0.000033	0.000033
1670	0.000033	0.000033
1671	0.000033	0.000033
1672	0.000033	0.000033
1673	0.000033	0.000033
1674	0.000033	0.000033
1675	0.000033	0.000033
1676	0.000033	0.000033
1677	0.000033	0.000033
1678	0.000033	0.000033
1679	0.000033	0.000033
1680	0.000033	0.000033
1681	0.000033	0.000033
1682	0.000033	0.000033
1683	0.000032	0.000033
1684	0.000033	0.000033
1685	0.000033	0.000033
1686	0.000032	0.000033
1687	0.000033	0.000033
1688	0.000033	0.000033
1689	0.000033	0.000033
1690	0.000032	0.000033
1691	0.000033	0.000033
1692	0.000033	0.000033
1693	0.000033	0.000033
1694	0.000033	0.000033
1695	0.000033	0.000033
1696	0.000033	0.000033
1697	0.000032	0.000033
1698	0.000033	0.000033
1699	0.000033	0.000033
1700	0.000033	0.000033
1701	0.000033	0.000033
1702	0.000033	0.000033
1703	0.000032	0.000033
1704	0.000033	0.000033
1705	0.000033	0.000033
1706	0.000033	0.000033
1707	0.000033	0.000033
1708	0.000033	0.000033
1709	0.000033	0.000033
1710	0.000033	0.000033
1711	0.000033	0.000033
1712	0.000033	0.000033
1713	0.000033	0.000033
1714	0.000033	0.000033
1715	0.000033	0.000033
1716	0.000033	0.000033
1717	0.000033	0.000033
1718	0.000033	0.000033
1719	0.000033	0.000033
1720	0.000033	0.000033
1721	0.000033	0.000033
1722	0.000033	0.000033
1723	0.000033	0.000033
1724	0.000033	0.000033
1725	0.000033	0.000033
1726	0.000033	0.000033
1727	0.000033	0.000033
1728	0.000032	0.000033
1729	0.000033	0.000033
1730	0.000033	0.000033
1731	0.000033	0.000033
1732	0.000033	0.000033
1733	0.000033	0.000033
1734	0.000033	0.000033
1735	0.000033	0.000033
1736	0.000033	0.000033
1737	0.000033	0.000033
1738	0.000033	0.000033
1739	0.000033	0.000033
1740	0.000033	0.000033
1741	0.000032	0.000033
1742	0.000032	0.000033
1743	0.000032	0.000033
1744	0.000033	0.000033
1745	0.000033	0.000033
1746	0.000033	0.000033
1747	0.000033	0.000033
1748	0.000033	0.000033
1749	0.000033	0.000033
1750	0.000033	0.000033
1751	0.000033	0.000033
1752	0.000033	0.000033
1753	0.000033	0.000033
1754	0.000033	0.000033
1755	0.000033	0.000033
1756	0.000033	0.000033
1757	0.000033	0.000033
1758	0.000033	0.000033
1759	0.000033	0.000033
1760	0.000033	0.000033
1761	0.000033	0.000033
1762	0.000033	0.000033
1763	0.000033	0.000033
1764	0.000033	0.000033
1765	0.000033	0.000033
1766	0.000033	0.000033
1767	0.000033	0.000033
1768	0.000033	0.000033
1769	0.000033	0.000033
1770	0.000033	0.000033
1771	0.000033	0.000033
1772	0.000033	0.000033
1773	0.000033	0.000033
1774	0.000033	0.000033
1775	0.000033	0.000033
1776	0.000033	0.000033
1777	0.000033	0.000033
1778	0.000033	0.000033
1779	0.000033	0.000033
1780	0.000033	0.000033
1781	0.000033	0.000033
1782	0.000033	0.000033
1783	0.000033	0.000033
1784	0.000033	0.000033
1785	0.000033	0.000033
1786	0.000033	0.000033
1787	0.000033	0.000033
1788	0.000033	0.000033
1789	0.000033	0.000033
1790	0.000033	0.000033
1791	0.000033	0.000033
1792	0.000033	0.000033
1793	0.000033	0.000033
1794	0.000033	0.000033
1795	0.000033	0.000033
1796	0.000033	0.000033
1797	0.000033	0.000033
1798	0.000033	0.000033
1799	0.000033	0.000033
1800	0.000033	0.000033
1801	0.000033	0.000033
1802	0.000033	0.000033
1803	0.000033	0.000033
1804	0.000033	0.000033
1805	0.000033	0.000033
1806	0.000033	0.000033
1807	0.000033	0.000033
1808	0.000033	0.000033
1809	0.000033	0.000033
1810	0.000033	0.000033
1811	0.000033	0.000033
1812	0.000033	0.000033
1813	0.000033	0.000033
1814	0.000033	0.000033
1815	0.000033	0.000033
1816	0.000033	0.000033
1817	0.000033	0.000033
1818	0.000033	0.000033
1819	0.000033	0.000033
1820	0.000033	0.000033
1821	0.000033	0.000033
1822	0.000033	0.000033
1823	0.000033	0.000033
1824	0.000033	0.000033
1825	0.000033	0.000033
1826	0.000033	0.000033
1827	0.000033	0.000033
1828	0.000033	0.000033
1829	0.000033	0.000033
1830	0.000033	0.000033
1831	0.000033	0.000033
1832	0.000033	0.000033
1833	0.000033	0.000033
1834	0.000033	0.000033
1835	0.000033	0.000033
1836	0.000033	0.000033
1837	0.000033	0.000033
1838	0.000033	0.000033
1839	0.000033	0.000033
1840	0.000033	0.000033
1841	0.000033	0.000033
1842	0.000033	0.000033
1843	0.000033	0.000033
1844	0.000033	0.000033
1845	0.000033	0.000033
1846	0.000033	0.000033
1847	0.000033	0.000033
1848	0.000033	0.000033
1849	0.000033	0.000033
1850	0.000033	0.000033
1851	0.000033	0.000033
1852	0.000033	0.000033
1853	0.000033	0.000033
1854	0.000033	0.000033
1855	0.000033	0.000033
1856	0.000033	0.000033
1857	0.000033	0.000033
1858	0.000033	0.000033
1859	0.000033	0.000033
1860	0.000033	0.000033
1861	0.000033	0.000033
1862	0.000033	0.000033
1863	0.000033	0.000033
1864	0.000033	0.000033
1865	0.000033	0.000033
1866	0.000033	0.000033
1867	0.000033	0.000033
1868	0.000033	0.000033
1869	0.000033	0.000033
1870	0.000033	0.000033
1871	0.000033	0.000033
1872	0.000033	0.000033
1873	0.000033	0.000033
1874	0.000033	0.000033
1875	0.000033	0.000033
1876	0.000033	0.000033
1877	0.000033	0.000033
1878	0.000033	0.000033
1879	0.000033	0.000033
1880	0.000033	0.000033
1881	0.000033	0.000033
1882	0.000033	0.000033
1883	0.000033	0.000033
1884	0.000033	0.000033
1885	0.000033	0.000033
1886	0.000033	0.000033
1887	0.000033	0.000033
1888	0.000033	0.000033
1889	0.000033	0.000033
1890	0.000033	0.000033
1891	0.000033	0.000033
1892	0.000033	0.000033
1893	0.000033	0.000033
1894	0.000033	0.000033
1895	0.000033	0.000033
1896	0.000033	0.000033
1897	0.000033	0.000033
1898	0.000033	0.000033
1899	0.000033	0.000033
1900	0.000033	0.000033
1901	0.000033	0.000033
1902	0.000033	0.000033
1903	0.000033	0.000033
1904	0.000033	0.000033
1905	0.000033	0.000033
1906	0.000033	0.000033
1907	0.000033	0.000033
1908	0.000033	0.000033
1909	0.000033	0.000033
1910	0.000033	0.000033
1911	0.000033	0.000033
1912	0.000033	0.000033
1913	0.000033	0.000033
1914	0.000033	0.000033
1915	0.000033	0.000033
1916	0.000033	0.000033
1917	0.000033	0.000033
1918	0.000033	0.000033
1919	0.000033	0.000033
1920	0.000033	0.000033
1921	0.000033	0.000033
1922	0.000033	0.000033
1923	0.000033	0.000033
1924	0.000033	0.000033
1925	0.000033	0.000033
1926	0.000033	0.000033
1927	0.000033	0.000033
1928	0.000033	0.000033
1929	0.000033	0.000033
1930	0.000033	0.000033
1931	0.000033	0.000033
1932	0.000033	0.000033
1933	0.000033	0.000033
1934	0.000033	0.000033
1935	0.000033	0.000033
1936	0.000033	0.000033
1937	0.000033	0.000033
1938	0.000033	0.000033
1939	0.000033	0.000033
1940	0.000033	0.000033
1941	0.000033	0.000034
1942	0.000033	0.000033
1943	0.000033	0.000034
1944	0.000033	0.000033
1945	0.000033	0.000033
1946	0.000033	0.000033
1947	0.000033	0.000033
1948	0.000033	0.000034
1949	0.000033	0.000033
1950	0.000033	0.000033
1951	0.000033	0.000033
1952	0.000033	0.000033
1953	0.000033	0.000033
1954	0.000033	0.000034
1955	0.000033	0.000034
1956	0.000033	0.000034
1957	0.000033	0.000033
1958	0.000033	0.000034
1959	0.000033	0.000034
1960	0.000033	0.000034
1961	0.000033	0.000034
1962	0.000033	0.000034
1963	0.000033	0.000034
1964	0.000033	0.000033
1965	0.000033	0.000033
1966	0.000033	0.000034
1967	0.000033	0.000033
1968	0.000033	0.000034
1969	0.000033	0.000033
1970	0.000033	0.000034
1971	0.000033	0.000033
1972	0.000033	0.000033
1973	0.000033	0.000034
1974	0.000033	0.000033
1975	0.000033	0.000034
1976	0.000033	0.000033
1977	0.000033	0.000034
1978	0.000033	0.000034
1979	0.000033	0.000033
1980	0.000033	0.000034
1981	0.000033	0.000034
1982	0.000033	0.000034
1983	0.000033	0.000034
1984	0.000033	0.000034
1985	0.000033	0.000033
1986	0.000033	0.000034
1987	0.000033	0.000034
1988	0.000033	0.000033
1989	0.000033	0.000034
1990	0.000033	0.000034
1991	0.000033	0.000034
1992	0.000033	0.000033
1993	0.000033	0.000033
1994	0.000033	0.000033
1995	0.000033	0.000033
1996	0.000033	0.000034
1997	0.000033	0.000033
1998	0.000033	0.000033
1999	0.000033	0.000033
2000	0.000033	0.000033
2001	0.000033	0.000034
2002	0.000033	0.000034
2003	0.000033	0.000033
2004	0.000033	0.000034
2005	0.000033	0.000034
2006	0.000033	0.000034
2007	0.000033	0.000034
2008	0.000033	0.000034
2009	0.000033	0.000034
2010	0.000033	0.000034
2011	0.000033	0.000033
2012	0.000033	0.000034
2013	0.000033	0.000034
2014	0.000033	0.000033
2015	0.000033	0.000034
2016	0.000033	0.000034
2017	0.000033	0.000034
2018	0.000033	0.000033
2019	0.000033	0.000034
2020	0.000033	0.000034
2021	0.000033	0.000034
2022	0.000033	0.000034
2023	0.000033	0.000034
2024	0.000033	0.000033
2025	0.000033	0.000034
2026	0.000033	0.000033
2027	0.000033	0.000034
2028	0.000033	0.000034
2029	0.000033	0.000034
2030	0.000033	0.000034
2031	0.000033	0.000034
2032	0.000033	0.000034
2033	0.000033	0.000034
2034	0.000033	0.000034
2035	0.000033	0.000034
2036	0.000033	0.000034
2037	0.000033	0.000034
2038	0.000033	0.000034
2039	0.000033	0.000034
2040	0.000033	0.000034
2041	0.000033	0.000034
2042	0.000033	0.000033
2043	0.000033	0.000034
2044	0.000033	0.000034
2045	0.000033	0.000034
2046	0.000033	0.000034
2047	0.000033	0.000033
2048	0.000033	0.000034
2049	0.000033	0.000034
2050	0.000033	0.000033
2051	0.000033	0.000033
2052	0.000033	0.000034
2053	0.000033	0.000034
2054	0.000033	0.000034
2055	0.000033	0.000034
2056	0.000033	0.000034
2057	0.000033	0.000034
2058	0.000033	0.000034
2059	0.000033	0.000034
2060	0.000033	0.000034
2061	0.000033	0.000034
2062	0.000033	0.000034
2063	0.000033	0.000034
2064	0.000033	0.000034
2065	0.000033	0.000034
2066	0.000033	0.000034
2067	0.000033	0.000034
2068	0.000033	0.000034
2069	0.000033	0.000034
2070	0.000033	0.000034
2071	0.000033	0.000034
2072	0.000033	0.000033
2073	0.000033	0.000034
2074	0.000033	0.000034
2075	0.000033	0.000034
2076	0.000033	0.000033
2077	0.000033	0.000034
2078	0.000033	0.000034
2079	0.000033	0.000034
2080	0.000033	0.000034
2081	0.000033	0.000034
2082	0.000033	0.000034
2083	0.000033	0.000034
2084	0.000033	0.000034
2085	0.000033	0.000034
2086	0.000033	0.000034
2087	0.000033	0.000034
2088	0.000033	0.000034
2089	0.000034	0.000034
2090	0.000033	0.000034
2091	0.000033	0.000034
2092	0.000033	0.000033
2093	0.000033	0.000034
2094	0.000033	0.000034
2095	0.000033	0.000034
2096	0.000034	0.000034
2097	0.000033	0.000034
2098	0.000034	0.000034
2099	0.000033	0.000034
2100	0.000033	0.000034
2101	0.000033	0.000034
2102	0.000033	0.000034
2103	0.000033	0.000034
2104	0.000034	0.000034
2105	0.000033	0.000033
2106	0.000034	0.000034
2107	0.000034	0.000034
2108	0.000034	0.000034
2109	0.000034	0.000034
2110	0.000033	0.000034
2111	0.000034	0.000034
2112	0.000033	0.000033
2113	0.000033	0.000034
2114	0.000034	0.000034
2115	0.000033	0.000034
2116	0.000034	0.000034
2117	0.000034	0.000034
2118	0.000033	0.000033
2119	0.000034	0.000034
2120	0.000033	0.000034
2121	0.000034	0.000034
2122	0.000034	0.000034
2123	0.000034	0.000034
2124	0.000034	0.000034
2125	0.000034	0.000034
2126	0.000033	0.000034
2127	0.000033	0.000034
2128	0.000033	0.000034
2129	0.000033	0.000034
2130	0.000033	0.000033
2131	0.000034	0.000034
2132	0.000034	0.000034
2133	0.000033	0.000034
2134	0.000033	0.000034
2135	0.000033	0.000034
2136	0.000034	0.000034
2137	0.000033	0.000034
2138	0.000034	0.000034
2139	0.000034	0.000034
2140	0.000034	0.000034
2141	0.000034	0.000034
2142	0.000033	0.000034
2143	0.000034	0.000034
2144	0.000034	0.000034
2145	0.000034	0.000034
2146	0.000034	0.000034
2147	0.000033	0.000034
2148	0.000034	0.000034
2149	0.000033	0.000034
2150	0.000034	0.000034
2151	0.000033	0.000034
2152	0.000034	0.000034
2153	0.000034	0.000034
2154	0.000034	0.000034
2155	0.000034	0.000034
2156	0.000034	0.000034
2157	0.000034	0.000034
2158	0.000034	0.000034
2159	0.000033	0.000033
2160	0.000033	0.000034
2161	0.000034	0.000034
2162	0.000034	0.000034
2163	0.000034	0.000034
2164	0.000033	0.000034
2165	0.000033	0.000034
2166	0.000034	0.000034
2167	0.000034	0.000034
2168	0.000034	0.000034
2169	0.000033	0.000034
2170	0.000034	0.000034
2171	0.000034	0.000034
2172	0.000033	0.000034
2173	0.000033	0.000034
2174	0.000033	0.000034
2175	0.000034	0.000034
2176	0.000034	0.000034
2177	0.000034	0.000034
2178	0.000034	0.000034
2179	0.000034	0.000034
2180	0.000034	0.000034
2181	0.000034	0.000034
2182	0.000033	0.000034
2183	0.000034	0.000034
2184	0.000033	0.000034
2185	0.000034	0.000034
2186	0.000033	0.000034
2187	0.000034	0.000034
2188	0.000034	0.000034
2189	0.000034	0.000034
2190	0.000034	0.000034
2191	0.000034	0.000034
2192	0.000034	0.000034
2193	0.000034	0.000034
2194	0.000034	0.000034
2195	0.000034	0.000034
2196	0.000034	0.000034
2197	0.000033	0.000034
2198	0.000034	0.000034
2199	0.000034	0.000034
2200	0.000033	0.000034
2201	0.000033	0.000034
2202	0.000033	0.000034
2203	0.000033	0.000034
2204	0.000033	0.000034
2205	0.000033	0.000034
2206	0.000033	0.000034
2207	0.000034	0.000034
2208	0.000034	0.000034
2209	0.000034	0.000034
2210	0.000034	0.000034
2211	0.000034	0.000034
2212	0.000033	0.000034
2213	0.000034	0.000034
2214	0.000034	0.000034
2215	0.000034	0.000034
2216	0.000034	0.000034
2217	0.000034	0.000034
2218	0.000033	0.000034
2219	0.000034	0.000034
2220	0.000034	0.000034
2221	0.000033	0.000034
2222	0.000033	0.000034
2223	0.000034	0.000034
2224	0.000034	0.000034
2225	0.000034	0.000034
2226	0.000033	0.000034
2227	0.000034	0.000034
2228	0.000034	0.000034
2229	0.000034	0.000034
2230	0.000034	0.000034
2231	0.000034	0.000034
2232	0.000034	0.000034
2233	0.000034	0.000034
2234	0.000033	0.000034
2235	0.000034	0.000034
2236	0.000034	0.000034
2237	0.000034	0.000034
2238	0.000034	0.000034
2239	0.000034	0.000034
2240	0.000034	0.000034
2241	0.000034	0.000034
2242	0.000033	0.000034
2243	0.000034	0.000034
2244	0.000034	0.000034
2245	0.000034	0.000034
2246	0.000034	0.000034
2247	0.000034	0.000034
2248	0.000034	0.000034
2249	0.000034	0.000034
2250	0.000034	0.000034
2251	0.000034	0.000034
2252	0.000034	0.000034
2253	0.000034	0.000034
2254	0.000034	0.000034
2255	0.000034	0.000034
2256	0.000034	0.000034
2257	0.000034	0.000034
2258	0.000034	0.000034
2259	0.000034	0.000034
2260	0.000034	0.000034
2261	0.000034	0.000034
2262	0.000034	0.000034
2263	0.000033	0.000034
2264	0.000034	0.000034
2265	0.000034	0.000034
2266	0.000034	0.000034
2267	0.000034	0.000034
2268	0.000034	0.000034
2269	0.000034	0.000034
2270	0.000034	0.000034
2271	0.000034	0.000034
2272	0.000034	0.000034
2273	0.000034	0.000034
2274	0.000034	0.000034
2275	0.000034	0.000034
2276	0.000034	0.000034
2277	0.000034	0.000034
2278	0.000033	0.000034
2279	0.000034	0.000034
2280	0.000034	0.000034
2281	0.000034	0.000034
2282	0.000034	0.000034
2283	0.000034	0.000034
2284	0.000034	0.000034
2285	0.000034	0.000034
2286	0.000034	0.000034
2287	0.000034	0.000034
2288	0.000034	0.000034
2289	0.000034	0.000034
2290	0.000034	0.000034
2291	0.000034	0.000034
2292	0.000034	0.000034
2293	0.000034	0.000034
2294	0.000034	0.000034
2295	0.000034	0.000034
2296	0.000034	0.000034
2297	0.000034	0.000034
2298	0.000034	0.000034
2299	0.000034	0.000034
2300	0.000034	0.000034
2301	0.000034	0.000034
2302	0.000034	0.000034
2303	0.000034	0.000034
2304	0.000034	0.000034
2305	0.000034	0.000034
2306	0.000034	0.000034
2307	0.000033	0.000034
2308	0.000034	0.000034
2309	0.000034	0.000034
2310	0.000033	0.000034
2311	0.000034	0.000034
2312	0.000034	0.000034
2313	0.000034	0.000034
2314	0.000034	0.000034
2315	0.000034	0.000034
2316	0.000034	0.000034
2317	0.000034	0.000034
2318	0.000034	0.000034
2319	0.000034	0.000034
2320	0.000034	0.000034
2321	0.000034	0.000034
2322	0.000034	0.000034
2323	0.000034	0.000034
2324	0.000034	0.000034
2325	0.000034	0.000034
2326	0.000034	0.000034
2327	0.000034	0.000034
2328	0.000034	0.000034
2329	0.000034	0.000034
2330	0.000034	0.000034
2331	0.000034	0.000034
2332	0.000034	0.000034
2333	0.000034	0.000034
2334	0.000034	0.000034
2335	0.000034	0.000034
2336	0.000034	0.000034
2337	0.000034	0.000034
2338	0.000034	0.000034
2339	0.000034	0.000034
2340	0.000034	0.000034
2341	0.000034	0.000034
2342	0.000034	0.000034
2343	0.000034	0.000034
2344	0.000034	0.000034
2345	0.000034	0.000034
2346	0.000034	0.000034
2347	0.000034	0.000034
2348	0.000034	0.000034
2349	0.000034	0.000034
2350	0.000033	0.000034
2351	0.000034	0.000034
2352	0.000034	0.000034
2353	0.000034	0.000034
2354	0.000034	0.000034
2355	0.000034	0.000034
2356	0.000034	0.000034
2357	0.000034	0.000034
2358	0.000034	0.000034
2359	0.000034	0.000034
2360	0.000034	0.000034
2361	0.000034	0.000034
2362	0.000034	0.000034
2363	0.000034	0.000034
2364	0.000034	0.000034
2365	0.000034	0.000034
2366	0.000034	0.000034
2367	0.000034	0.000034
2368	0.000034	0.000034
2369	0.000034	0.000034
2370	0.000034	0.000034
2371	0.000034	0.000034
2372	0.000034	0.000034
2373	0.000034	0.000034
2374	0.000034	0.000034
2375	0.000034	0.000034
2376	0.000034	0.000034
2377	0.000034	0.000034
2378	0.000034	0.000034
2379	0.000034	0.000034
2380	0.000034	0.000034
2381	0.000034	0.000034
2382	0.000033	0.000034
2383	0.000034	0.000034
2384	0.000034	0.000034
2385	0.000034	0.000034
2386	0.000034	0.000034
2387	0.000034	0.000034
2388	0.000034	0.000034
2389	0.000034	0.000034
2390	0.000034	0.000034
2391	0.000034	0.000034
2392	0.000034	0.000034
2393	0.000033	0.000034
2394	0.000034	0.000034
2395	0.000034	0.000034
2396	0.000034	0.000034
2397	0.000034	0.000034
2398	0.000034	0.000034
2399	0.000034	0.000034
2400	0.000034	0.000034
2401	0.000034	0.000034
2402	0.000034	0.000034
2403	0.000034	0.000034
2404	0.000034	0.000034
2405	0.000034	0.000034
2406	0.000034	0.000034
2407	0.000034	0.000034
2408	0.000034	0.000034
2409	0.000034	0.000034
2410	0.000034	0.000034
2411	0.000034	0.000034
2412	0.000034	0.000034
2413	0.000034	0.000034
2414	0.000034	0.000034
2415	0.000034	0.000034
2416	0.000034	0.000034
2417	0.000034	0.000034
2418	0.000034	0.000034
2419	0.000034	0.000034
2420	0.000034	0.000034
2421	0.000034	0.000034
2422	0.000034	0.000034
2423	0.000034	0.000034
2424	0.000034	0.000034
2425	0.000034	0.000034
2426	0.000034	0.000034
2427	0.000034	0.000034
2428	0.000034	0.000034
2429	0.000034	0.000034
2430	0.000034	0.000034
2431	0.000034	0.000034
2432	0.000034	0.000034
2433	0.000034	0.000034
2434	0.000034	0.000034
2435	0.000034	0.000034
2436	0.000034	0.000034
2437	0.000034	0.000034
2438	0.000034	0.000034
2439	0.000034	0.000034
2440	0.000034	0.000034
2441	0.000034	0.000034
2442	0.000034	0.000034
2443	0.000034	0.000034
2444	0.000034	0.000034
2445	0.000034	0.000034
2446	0.000034	0.000034
2447	0.000034	0.000034
2448	0.000034	0.000034
2449	0.000034	0.000034
2450	0.000034	0.000034
2451	0.000034	0.000034
2452	0.000034	0.000034
2453	0.000034	0.000034
2454	0.000034	0.000034
2455	0.000034	0.000034
2456	0.000034	0.000034
2457	0.000034	0.000034
2458	0.000034	0.000034
2459	0.000034	0.000034
2460	0.000034	0.000034
2461	0.000034	0.000034
2462	0.000034	0.000034
2463	0.000034	0.000034
2464	0.000034	0.000034
2465	0.000034	0.000034
2466	0.000034	0.000034
2467	0.000034	0.000034
2468	0.000034	0.000034
2469	0.000034	0.000034
2470	0.000034	0.000034
2471	0.000034	0.000034
2472	0.000034	0.000034
2473	0.000034	0.000034
2474	0.000034	0.000034
2475	0.000034	0.000034
2476	0.000034	0.000034
2477	0.000034	0.000034
2478	0.000034	0.000034
2479	0.000034	0.000034
2480	0.000034	0.000034
2481	0.000034	0.000034
2482	0.000034	0.000034
2483	0.000034	0.000034
2484	0.000034	0.000034
2485	0.000034	0.000034
2486	0.000034	0.000034
2487	0.000034	0.000034
2488	0.000034	0.000034
2489	0.000034	0.000034
2490	0.000034	0.000034
2491	0.000034	0.000034
2492	0.000034	0.000034
2493	0.000034	0.000034
2494	0.000034	0.000034
2495	0.000034	0.000034
2496	0.000034	0.000034
2497	0.000034	0.000034
2498	0.000034	0.000034
2499	0.000034	0.000034
2500	0.000034	0.000034
2501	0.000034	0.000034
2502	0.000034	0.000034
2503	0.000034	0.000034
2504	0.000034	0.000034
2505	0.000034	0.000034
2506	0.000034	0.000034
2507	0.000034	0.000034
2508	0.000034	0.000034
2509	0.000034	0.000034
2510	0.000034	0.000034
2511	0.000034	0.000034
2512	0.000034	0.000034
2513	0.000034	0.000034
2514	0.000034	0.000034
2515	0.000034	0.000034
2516	0.000034	0.000034
2517	0.000034	0.000034
2518	0.000034	0.000034
2519	0.000034	0.000034
2520	0.000034	0.000034
2521	0.000034	0.000034
2522	0.000034	0.000034
2523	0.000034	0.000034
2524	0.000034	0.000034
2525	0.000034	0.000034
2526	0.000034	0.000034
2527	0.000034	0.000034
2528	0.000034	0.000034
2529	0.000034	0.000034
2530	0.000034	0.000034
2531	0.000034	0.000034
2532	0.000034	0.000034
2533	0.000034	0.000034
2534	0.000034	0.000034
2535	0.000034	0.000034
2536	0.000034	0.000034
2537	0.000034	0.000034
2538	0.000034	0.000034
2539	0.000034	0.000034
2540	0.000034	0.000034
2541	0.000034	0.000034
2542	0.000034	0.000034
2543	0.000034	0.000034
2544	0.000034	0.000034
2545	0.000034	0.000034
2546	0.000034	0.000034
2547	0.000034	0.000034
2548	0.000034	0.000034
2549	0.000034	0.000034
2550	0.000034	0.000034
2551	0.000034	0.000034
2552	0.000034	0.000034
2553	0.000034	0.000034
2554	0.000034	0.000034
2555	0.000034	0.000034
2556	0.000034	0.000034
2557	0.000034	0.000034
2558	0.000034	0.000034
2559	0.000034	0.000034
2560	0.000034	0.000034
2561	0.000034	0.000034
2562	0.000034	0.000034
2563	0.000034	0.000034
2564	0.000034	0.000035
2565	0.000034	0.000034
2566	0.000034	0.000035
2567	0.000034	0.000034
2568	0.000034	0.000035
2569	0.000034	0.000034
2570	0.000034	0.000034
2571	0.000034	0.000035
2572	0.000034	0.000035
2573	0.000034	0.000034
2574	0.000034	0.000034
2575	0.000034	0.000035
2576	0.000034	0.000035
2577	0.000034	0.000034
2578	0.000034	0.000034
2579	0.000034	0.000035
2580	0.000034	0.000034
2581	0.000034	0.000034
2582	0.000034	0.000035
2583	0.000034	0.000034
2584	0.000034	0.000034
2585	0.000034	0.000034
2586	0.000034	0.000035
2587	0.000034	0.000034
2588	0.000034	0.000034
2589	0.000034	0.000035
2590	0.000034	0.000035
2591	0.000034	0.000035
2592	0.000034	0.000034
2593	0.000034	0.000034
2594	0.000034	0.000034
2595	0.000034	0.000035
2596	0.000034	0.000035
2597	0.000034	0.000034
2598	0.000034	0.000035
2599	0.000034	0.000034
2600	0.000034	0.000035
2601	0.000034	0.000035
2602	0.000034	0.000035
2603	0.000034	0.000034
2604	0.000034	0.000035
2605	0.000034	0.000034
2606	0.000034	0.000035
2607	0.000034	0.000035
2608	0.000034	0.000034
2609	0.000034	0.000034
2610	0.000034	0.000034
2611	0.000034	0.000034
2612	0.000034	0.000035
2613	0.000034	0.000034
2614	0.000034	0.000035
2615	0.000034	0.000035
2616	0.000034	0.000035
2617	0.000034	0.000034
2618	0.000034	0.000034
2619	0.000034	0.000034
2620	0.000034	0.000035
2621	0.000034	0.000035
2622	0.000034	0.000034
2623	0.000034	0.000034
2624	0.000034	0.000034
2625	0.000034	0.000035
2626	0.000034	0.000034
2627	0.000034	0.000035
2628	0.000034	0.000035
2629	0.000034	0.000035
2630	0.000034	0.000035
2631	0.000034	0.000035
2632	0.000034	0.000034
2633	0.000034	0.000034
2634	0.000034	0.000035
2635	0.000034	0.000034
2636	0.000034	0.000035
2637	0.000034	0.000035
2638	0.000034	0.000035
2639	0.000034	0.000035
2640	0.000034	0.000035
2641	0.000034	0.000035
2642	0.000034	0.000035
2643	0.000034	0.000035
2644	0.000034	0.000035
2645	0.000034	0.000035
2646	0.000034	0.000035
2647	0.000034	0.000035
2648	0.000034	0.000034
2649	0.000034	0.000035
2650	0.000034	0.000035
2651	0.000034	0.000035
2652	0.000034	0.000035
2653	0.000034	0.000035
2654	0.000034	0.000035
2655	0.000034	0.000035
2656	0.000034	0.000035
2657	0.000034	0.000035
2658	0.000034	0.000034
2659	0.000034	0.000035
2660	0.000034	0.000035
2661	0.000034	0.000035
2662	0.000034	0.000035
2663	0.000034	0.000035
2664	0.000034	0.000035
2665	0.000034	0.000035
2666	0.000034	0.000035
2667	0.000034	0.000035
2668	0.000034	0.000035
2669	0.000034	0.000035
2670	0.000034	0.000035
2671	0.000034	0.000035
2672	0.000034	0.000035
2673	0.000034	0.000035
2674	0.000034	0.000035
2675	0.000034	0.000034
2676	0.000034	0.000035
2677	0.000034	0.000035
2678	0.000034	0.000035
2679	0.000034	0.000035
2680	0.000034	0.000035
2681	0.000034	0.000035
2682	0.000034	0.000035
2683	0.000034	0.000035
2684	0.000034	0.000035
2685	0.000034	0.000035
2686	0.000034	0.000035
2687	0.000034	0.000035
2688	0.000034	0.000035
2689	0.000034	0.000035
2690	0.000034	0.000035
2691	0.000034	0.000035
2692	0.000034	0.000035
2693	0.000034	0.000035
2694	0.000034	0.000035
2695	0.000034	0.000034
2696	0.000034	0.000035
2697	0.000034	0.000034
2698	0.000034	0.000035
2699	0.000034	0.000035
2700	0.000034	0.000035
2701	0.000034	0.000035
2702	0.000034	0.000034
2703	0.000034	0.000035
2704	0.000034	0.000035
2705	0.000034	0.000035
2706	0.000034	0.000035
2707	0.000034	0.000035
2708	0.000034	0.000035
2709	0.000034	0.000035
2710	0.000034	0.000035
2711	0.000034	0.000035
2712	0.000034	0.000035
2713	0.000034	0.000035
2714	0.000034	0.000035
2715	0.000034	0.000035
2716	0.000034	0.000035
2717	0.000034	0.000035
2718	0.000034	0.000035
2719	0.000034	0.000035
2720	0.000034	0.000035
2721	0.000034	0.000035
2722	0.000034	0.000035
2723	0.000034	0.000034
2724	0.000034	0.000035
2725	0.000034	0.000035
2726	0.000034	0.000035
2727	0.000034	0.000035
2728	0.000034	0.000035
2729	0.000034	0.000034
2730	0.000034	0.000035
2731	0.000034	0.000035
2732	0.000034	0.000035
2733	0.000034	0.000035
2734	0.000034	0.000035
2735	0.000034	0.000035
2736	0.000034	0.000035
2737	0.000034	0.000034
2738	0.000034	0.000035
2739	0.000034	0.000035
2740	0.000034	0.000035
2741	0.000034	0.000035
2742	0.000034	0.000035
2743	0.000034	0.000035
2744	0.000034	0.000035
2745	0.000034	0.000035
2746	0.000034	0.000035
2747	0.000034	0.000035
2748	0.000034	0.000035
2749	0.000034	0.000035
2750	0.000034	0.000035
2751	0.000034	0.000035
2752	0.000034	0.000035
2753	0.000034	0.000035
2754	0.000034	0.000035
2755	0.000034	0.000035
2756	0.000034	0.000035
2757	0.000034	0.000035
2758	0.000034	0.000035
2759	0.000034	0.000035
2760	0.000034	0.000035
2761	0.000034	0.000035
2762	0.000034	0.000035
2763	0.000034	0.000035
2764	0.000034	0.000035
2765	0.000034	0.000035
2766	0.000034	0.000035
2767	0.000034	0.000035
2768	0.000034	0.000035
2769	0.000034	0.000035
2770	0.000034	0.000035
2771	0.000034	0.000035
2772	0.000034	0.000035
2773	0.000034	0.000035
2774	0.000034	0.000035
2775	0.000034	0.000035
2776	0.000034	0.000035
2777	0.000034	0.000035
2778	0.000034	0.000035
2779	0.000034	0.000035
2780	0.000034	0.000035
2781	0.000034	0.000035
2782	0.000034	0.000035
2783	0.000034	0.000034
2784	0.000034	0.000035
2785	0.000034	0.000035
2786	0.000034	0.000035
2787	0.000034	0.000035
2788	0.000034	0.000035
2789	0.000034	0.000035
2790	0.000034	0.000035
2791	0.000034	0.000035
2792	0.000034	0.000035
2793	0.000034	0.000035
2794	0.000034	0.000035
2795	0.000034	0.000035
2796	0.000034	0.000035
2797	0.000034	0.000035
2798	0.000034	0.000035
2799	0.000034	0.000035
2800	0.000034	0.000035
2801	0.000034	0.000035
2802	0.000034	0.000035
2803	0.000034	0.000035
2804	0.000034	0.000035
2805	0.000034	0.000035
2806	0.000034	0.000035
2807	0.000034	0.000035
2808	0.000034	0.000035
2809	0.000034	0.000035
2810	0.000034	0.000035
2811	0.000034	0.000035
2812	0.000034	0.000035
2813	0.000034	0.000035
2814	0.000034	0.000035
2815	0.000034	0.000035
2816	0.000034	0.000035
2817	0.000034	0.000035
2818	0.000034	0.000035
2819	0.000034	0.000035
2820	0.000034	0.000035
2821	0.000034	0.000035
2822	0.000034	0.000035
2823	0.000034	0.000035
2824	0.000034	0.000035
2825	0.000034	0.000035
2826	0.000034	0.000035
2827	0.000034	0.000035
2828	0.000034	0.000035
2829	0.000034	0.000035
2830	0.000034	0.000035
2831	0.000034	0.000035
2832	0.000034	0.000035
2833	0.000034	0.000035
2834	0.000034	0.000035
2835	0.000034	0.000035
2836	0.000034	0.000035
2837	0.000034	0.000035
2838	0.000034	0.000035
2839	0.000034	0.000035
2840	0.000034	0.000035
2841	0.000034	0.000035
2842	0.000034	0.000035
2843	0.000034	0.000035
2844	0.000034	0.000034
2845	0.000034	0.000035
2846	0.000034	0.000035
2847	0.000034	0.000035
2848	0.000034	0.000035
2849	0.000034	0.000035
2850	0.000034	0.000035
2851	0.000034	0.000035
2852	0.000034	0.000035
2853	0.000034	0.000035
2854	0.000034	0.000035
2855	0.000034	0.000035
2856	0.000034	0.000035
2857	0.000034	0.000035
2858	0.000034	0.000035
2859	0.000034	0.000035
2860	0.000034	0.000035
2861	0.000034	0.000035
2862	0.000034	0.000035
2863	0.000034	0.000035
2864	0.000034	0.000035
2865	0.000034	0.000035
2866	0.000034	0.000035
2867	0.000034	0.000035
2868	0.000034	0.000035
2869	0.000034	0.000035
2870	0.000034	0.000035
2871	0.000034	0.000035
2872	0.000034	0.000035
2873	0.000034	0.000035
2874	0.000034	0.000035
2875	0.000035	0.000035
2876	0.000034	0.000035
2877	0.000034	0.000035
2878	0.000034	0.000035
2879	0.000034	0.000035
2880	0.000034	0.000035
2881	0.000035	0.000035
2882	0.000034	0.000035
2883	0.000034	0.000035
2884	0.000034	0.000035
2885	0.000034	0.000035
2886	0.000035	0.000035
2887	0.000034	0.000035
2888	0.000034	0.000035
2889	0.000034	0.000035
2890	0.000034	0.000035
2891	0.000034	0.000035
2892	0.000034	0.000035
2893	0.000034	0.000035
2894	0.000034	0.000035
2895	0.000034	0.000035
2896	0.000034	0.000035
2897	0.000034	0.000035
2898	0.000034	0.000035
2899	0.000034	0.000035
2900	0.000034	0.000035
2901	0.000034	0.000035
2902	0.000035	0.000035
2903	0.000034	0.000035
2904	0.000035	0.000035
2905	0.000035	0.000035
2906	0.000034	0.000035
2907	0.000034	0.000035
2908	0.000034	0.000035
2909	0.000035	0.000035
2910	0.000034	0.000035
2911	0.000034	0.000035
2912	0.000034	0.000035
2913	0.000034	0.000035
2914	0.000034	0.000035
2915	0.000035	0.000035
2916	0.000034	0.000035
2917	0.000034	0.000035
2918	0.000034	0.000035
2919	0.000034	0.000035
2920	0.000035	0.000035
2921	0.000034	0.000035
2922	0.000034	0.000035
2923	0.000034	0.000035
2924	0.000034	0.000035
2925	0.000034	0.000035
2926	0.000034	0.000035
2927	0.000035	0.000035
2928	0.000034	0.000035
2929	0.000035	0.000035
2930	0.000034	0.000035
2931	0.000034	0.000035
2932	0.000034	0.000035
2933	0.000034	0.000035
2934	0.000034	0.000035
2935	0.000035	0.000035
2936	0.000034	0.000035
2937	0.000034	0.000035
2938	0.000034	0.000035
2939	0.000034	0.000035
2940	0.000034	0.000035
2941	0.000034	0.000035
2942	0.000034	0.000035
2943	0.000035	0.000035
2944	0.000035	0.000035
2945	0.000034	0.000035
2946	0.000035	0.000035
2947	0.000035	0.000035
2948	0.000035	0.000035
2949	0.000034	0.000035
2950	0.000035	0.000035
2951	0.000034	0.000035
2952	0.000034	0.000035
2953	0.000035	0.000035
2954	0.000034	0.000035
2955	0.000035	0.000035
2956	0.000035	0.000035
2957	0.000034	0.000035
2958	0.000034	0.000035
2959	0.000035	0.000035
2960	0.000034	0.000035
2961	0.000035	0.000035
2962	0.000034	0.000035
2963	0.000034	0.000035
2964	0.000034	0.000035
2965	0.000035	0.000035
2966	0.000035	0.000035
2967	0.000034	0.000035
2968	0.000034	0.000035
2969	0.000035	0.000035
2970	0.000035	0.000035
2971	0.000035	0.000035
2972	0.000034	0.000035
2973	0.000035	0.000035
2974	0.000035	0.000035
2975	0.000035	0.000035
2976	0.000034	0.000035
2977	0.000035	0.000035
2978	0.000035	0.000035
2979	0.000035	0.000035
2980	0.000035	0.000035
2981	0.000035	0.000035
2982	0.000035	0.000035
2983	0.000035	0.000035
2984	0.000034	0.000035
2985	0.000035	0.000035
2986	0.000035	0.000035
2987	0.000035	0.000035
2988	0.000035	0.000035
2989	0.000035	0.000035
2990	0.000035	0.000035
2991	0.000035	0.000035
2992	0.000035	0.000035
2993	0.000035	0.000035
2994	0.000035	0.000035
2995	0.000035	0.000035
2996	0.000035	0.000035
2997	0.000035	0.000035
2998	0.000035	0.000035
2999	0.000035	0.000035
