   0 	 0.019186 	 0.088539 	 1.627604
    1 	 0.021322 	 0.258867 	 3.255205
    2 	 0.025340 	 0.513581 	 3.000195
    3 	 0.042331 	 1.073342 	 3.927347
    4 	 0.033303 	 1.166879 	 4.079949
    5 	 0.033753 	 0.779733 	 3.820622
    6 	 0.037100 	 0.965416 	 4.055228
    7 	 0.031593 	 1.056275 	 4.061806
    8 	 0.036295 	 1.051236 	 4.069936
    9 	 0.037123 	 1.036449 	 4.230233
   10 	 0.040295 	 1.011675 	 4.077067
   11 	 0.036774 	 1.033377 	 4.044562
   12 	 0.039288 	 0.940941 	 3.287037
   13 	 0.036285 	 1.004299 	 4.139523
   14 	 0.034741 	 1.093476 	 4.096886
   15 	 0.041933 	 1.221000 	 4.136576
   16 	 0.031557 	 1.098927 	 4.174640
   17 	 0.033039 	 0.972500 	 3.950660
   18 	 0.036315 	 1.120664 	 4.139288
   19 	 0.035626 	 1.207246 	 4.161732
   20 	 0.031567 	 1.089896 	 4.147387
   21 	 0.034379 	 0.944670 	 4.159282
   22 	 0.039432 	 1.046880 	 4.230697
   23 	 0.036886 	 1.204848 	 4.180960
   24 	 0.036638 	 1.009618 	 4.094463
   25 	 0.034164 	 0.992229 	 4.130834
   26 	 0.036199 	 1.007299 	 4.141850
   27 	 0.041254 	 1.036998 	 2.947884
   28 	 0.035743 	 1.040475 	 7.215049
   29 	 0.036958 	 0.970034 	 4.064145
   30 	 0.036902 	 0.967501 	 7.238891
   31 	 0.036206 	 1.006744 	 4.124565
   32 	 0.041811 	 1.056621 	 4.216318
   33 	 0.037365 	 0.994780 	 3.208648
   34 	 0.031610 	 1.058211 	 6.934302
   35 	 0.041864 	 0.948448 	 4.129410
   36 	 0.041753 	 0.909793 	 4.229939
   37 	 0.033224 	 1.129782 	 6.931747
   38 	 0.041435 	 1.162237 	 4.072117
   39 	 0.124491 	 1.231096 	 7.373339
   40 	 0.039446 	 0.982867 	 6.952405
   41 	 0.037255 	 0.942012 	 4.407401
   42 	 0.036531 	 1.176738 	 4.691080
   43 	 0.032548 	 1.246694 	 7.160519
   44 	 0.208617 	 1.083005 	 7.197829
   45 	 0.041431 	 1.040238 	 7.410276
   46 	 0.121150 	 0.993033 	 3.215261
   47 	 0.032709 	 1.163719 	 6.952587
   48 	 0.035400 	 1.033954 	 4.473269
   49 	 0.041398 	 1.101255 	 7.089285
   50 	 0.042357 	 1.208544 	 7.184581
   51 	 0.035882 	 0.936758 	 4.130253
   52 	 0.036108 	 1.156311 	 6.690914
   53 	 0.036026 	 1.154326 	 7.231579
   54 	 0.037395 	 1.060994 	 7.219798
   55 	 0.036547 	 1.127004 	 7.224051
   56 	 0.036554 	 1.156654 	 4.517907
   57 	 0.036771 	 1.201667 	 7.196970
   58 	 0.032446 	 1.192634 	 7.196628
   59 	 0.036088 	 1.296457 	 7.185388
   60 	 0.041846 	 1.309464 	 7.415870
   61 	 0.036330 	 1.252790 	 7.220831
   62 	 0.036331 	 1.085179 	 6.932576
   63 	 0.030130 	 1.138272 	 5.725829
   64 	 0.036564 	 1.585695 	 7.208209
   65 	 0.039149 	 1.364551 	 7.226833
   66 	 0.032526 	 1.206879 	 7.196099
   67 	 0.034139 	 1.107849 	 4.873833
   68 	 0.036810 	 1.501493 	 7.411484
   69 	 0.036138 	 1.699154 	 7.323931
   70 	 0.029270 	 1.326884 	 7.026475
   71 	 0.035150 	 1.040659 	 7.218216
   72 	 0.036839 	 1.419091 	 7.594737
   73 	 0.019135 	 1.607276 	 7.270088
   74 	 0.034170 	 1.345825 	 7.181900
   75 	 0.032749 	 1.126580 	 8.228085
   76 	 0.032854 	 1.550220 	 7.322264
   77 	 0.036761 	 1.720468 	 7.399230
   78 	 0.035357 	 1.370223 	 7.393482
   79 	 0.034134 	 1.268049 	 7.185930
   80 	 0.129910 	 1.471134 	 7.259178
   81 	 0.032320 	 1.538767 	 7.324165
   82 	 0.035739 	 0.997920 	 4.304583
   83 	 0.121832 	 1.210918 	 7.422795
   84 	 0.113886 	 1.475513 	 7.239091
   85 	 0.034966 	 1.180454 	 4.459663
   86 	 0.037396 	 1.140466 	 4.623507
   87 	 0.028722 	 1.274410 	 7.279808
   88 	 0.033147 	 1.113884 	 4.626032
   89 	 0.032942 	 1.248489 	 7.626489
   90 	 0.036827 	 1.283467 	 7.210316
   91 	 0.037800 	 1.340313 	 7.162610
   92 	 0.036284 	 1.212575 	 7.182533
   93 	 0.036767 	 1.252478 	 7.132642
   94 	 0.037296 	 1.299797 	 6.887988
   95 	 0.034485 	 1.238161 	 7.185584
   96 	 0.037804 	 1.189327 	 7.158391
   97 	 0.036974 	 1.305053 	 7.305395
   98 	 0.037096 	 1.190248 	 7.132454
   99 	 0.042141 	 1.094083 	 4.733211
  100 	 0.035225 	 1.182030 	 7.168657
  101 	 0.026578 	 1.289379 	 6.918437
  102 	 0.033844 	 1.189513 	 7.139002
  103 	 0.127550 	 1.455440 	 7.753227
  104 	 0.036141 	 1.114567 	 7.339772
  105 	 0.074839 	 1.091257 	 4.348761
  106 	 0.112206 	 1.412734 	 7.218064
  107 	 0.032895 	 1.223876 	 5.642085
  108 	 0.093708 	 1.157284 	 4.659710
  109 	 0.037386 	 1.406846 	 7.391244
  110 	 0.036506 	 1.221048 	 5.099238
  111 	 0.036072 	 1.176943 	 7.153798
  112 	 0.036843 	 1.365212 	 7.199106
  113 	 0.033483 	 1.438457 	 7.221685
  114 	 0.037171 	 1.262140 	 7.178068
  115 	 0.037278 	 1.376009 	 7.359256
  116 	 0.133809 	 1.430766 	 7.164818
  117 	 0.102507 	 1.313786 	 7.159301
  118 	 0.048785 	 1.058556 	 4.233544
  119 	 0.019478 	 1.265227 	 4.880268
  120 	 0.037836 	 1.332677 	 6.614391
  121 	 0.034682 	 1.474510 	 8.204892
  122 	 0.041694 	 1.291481 	 7.130822
  123 	 0.037131 	 1.470700 	 7.294899
  124 	 0.037938 	 1.265091 	 6.698952
  125 	 0.037222 	 1.345256 	 6.923330
  126 	 0.035299 	 1.252207 	 7.125626
  127 	 0.037213 	 1.368006 	 7.162187
  128 	 0.031698 	 1.433683 	 7.178638
  129 	 0.035362 	 1.223579 	 4.132013
  130 	 0.033827 	 1.189610 	 7.457206
  131 	 0.037127 	 1.316419 	 7.258898
  132 	 0.036566 	 1.453883 	 7.340685
  133 	 0.037629 	 1.356680 	 7.167074
  134 	 0.036677 	 1.246156 	 7.175624
  135 	 0.036274 	 1.263758 	 5.963918
  136 	 0.036672 	 1.328652 	 7.190270
  137 	 0.040397 	 1.332071 	 7.211150
  138 	 0.028638 	 1.291257 	 7.148557
  139 	 0.036091 	 1.186164 	 7.002925
  140 	 0.037299 	 1.360738 	 7.631391
  141 	 0.034348 	 1.320425 	 7.220689
  142 	 0.029895 	 1.294334 	 7.158250
  143 	 0.030391 	 1.388764 	 7.178363
  144 	 0.037561 	 1.444844 	 7.558830
  145 	 0.035697 	 1.310528 	 7.530639
  146 	 0.031704 	 1.126643 	 4.164431
  147 	 0.037620 	 1.325810 	 7.175630
  148 	 0.034238 	 1.315786 	 7.456883
  149 	 0.036926 	 1.110167 	 6.892909
  150 	 0.037630 	 1.288898 	 7.318597
  151 	 0.042674 	 1.365252 	 7.145049
  152 	 0.037115 	 1.126798 	 7.041640
  153 	 0.035884 	 1.260480 	 6.893005
  154 	 0.034726 	 1.559070 	 7.167671
  155 	 0.108476 	 1.373730 	 7.231467
  156 	 0.029865 	 1.183695 	 7.292560
  157 	 0.037564 	 0.941792 	 4.075792
  158 	 0.041485 	 1.332656 	 7.126803
  159 	 0.037299 	 1.557106 	 7.144670
  160 	 0.035320 	 1.379743 	 6.949970
  161 	 0.032435 	 1.031472 	 6.946732
  162 	 0.036428 	 1.307801 	 7.261109
  163 	 0.036187 	 1.522463 	 7.416483
  164 	 0.038532 	 1.096128 	 7.203138
  165 	 0.034222 	 1.225063 	 7.215654
  166 	 0.031501 	 1.409882 	 4.812598
  167 	 0.034751 	 1.148450 	 6.953293
  168 	 0.041009 	 1.230064 	 6.074677
  169 	 0.036115 	 1.351130 	 7.174365
  170 	 0.037259 	 1.260031 	 5.217315
  171 	 0.034186 	 1.244915 	 7.219431
  172 	 0.036965 	 0.995769 	 4.686188
  173 	 0.109785 	 1.363645 	 7.321400
  174 	 0.031476 	 1.388121 	 7.175402
  175 	 0.041402 	 1.173268 	 4.712864
  176 	 0.036073 	 1.134121 	 7.469589
  177 	 0.034665 	 1.206719 	 6.871226
  178 	 0.032934 	 1.466010 	 7.221597
  179 	 0.034915 	 1.668983 	 7.295821
  180 	 0.035481 	 0.994514 	 4.739939
  181 	 0.035207 	 1.178121 	 7.282515
  182 	 0.036691 	 1.471794 	 7.252601
  183 	 0.037714 	 1.352554 	 7.183136
  184 	 0.038619 	 1.496792 	 7.189551
  185 	 0.035411 	 1.176454 	 7.137053
  186 	 0.036929 	 1.479785 	 7.091238
  187 	 0.034828 	 1.519890 	 7.256301
  188 	 0.097234 	 1.273556 	 7.177247
  189 	 0.034172 	 1.336393 	 7.287128
  190 	 0.029856 	 1.292011 	 5.009163
  191 	 0.037801 	 1.361014 	 7.322122
  192 	 0.037010 	 1.283053 	 7.561084
  193 	 0.037436 	 1.383284 	 7.132617
  194 	 0.037098 	 1.330669 	 7.173100
  195 	 0.041323 	 1.230615 	 7.151228
  196 	 0.041900 	 1.355211 	 7.168558
  197 	 0.035697 	 1.307872 	 6.957823
  198 	 0.037321 	 1.184018 	 6.929988
  199 	 0.073455 	 1.265193 	 7.241282
  200 	 0.034125 	 1.278885 	 7.157113
  201 	 0.042756 	 1.127824 	 5.686508
  202 	 0.042776 	 1.176471 	 7.324639
  203 	 0.035712 	 1.274635 	 6.889132
  204 	 0.039777 	 1.443086 	 6.888195
  205 	 0.035956 	 1.127933 	 7.240517
  206 	 0.036547 	 1.020417 	 4.415666
  207 	 0.036284 	 1.200298 	 7.227701
  208 	 0.037834 	 1.442935 	 7.196972
  209 	 0.032614 	 1.003208 	 4.191365
  210 	 0.074076 	 1.159052 	 7.130914
  211 	 0.019701 	 1.289213 	 7.406613
  212 	 0.036956 	 1.515036 	 5.666497
  213 	 0.037154 	 1.385466 	 8.189923
  214 	 0.036225 	 1.224943 	 7.175851
  215 	 0.032263 	 1.336745 	 7.148433
  216 	 0.034881 	 1.467474 	 7.207346
  217 	 0.032841 	 1.327484 	 7.200957
  218 	 0.036223 	 1.314155 	 7.284309
  219 	 0.036379 	 1.362179 	 7.394206
  220 	 0.035711 	 1.311340 	 7.213829
  221 	 0.039757 	 1.309401 	 7.205707
  222 	 0.035531 	 1.114473 	 7.189028
  223 	 0.036417 	 1.247063 	 7.034485
  224 	 0.040136 	 1.401376 	 7.139213
  225 	 0.037271 	 1.161678 	 7.203698
  226 	 0.032949 	 1.024614 	 7.015752
  227 	 0.036523 	 1.301418 	 7.159686
  228 	 0.036901 	 1.524062 	 7.388278
  229 	 0.034168 	 1.327564 	 7.198225
  230 	 0.032511 	 1.175698 	 7.178708
  231 	 0.041866 	 1.290516 	 7.322359
  232 	 0.071334 	 1.468137 	 7.412311
  233 	 0.036976 	 1.286954 	 4.686610
  234 	 0.035533 	 1.093552 	 5.755926
  235 	 0.036767 	 1.396775 	 7.174844
  236 	 0.037007 	 1.594914 	 7.249883
  237 	 0.037301 	 1.221925 	 7.185606
  238 	 0.019813 	 1.060162 	 4.135533
  239 	 0.034326 	 1.317354 	 7.158123
  240 	 0.029809 	 1.531978 	 8.182443
  241 	 0.037335 	 1.480229 	 7.313910
  242 	 0.032792 	 1.217826 	 7.563769
  243 	 0.034437 	 1.296186 	 7.052609
  244 	 0.036865 	 1.415622 	 7.396889
  245 	 0.035508 	 1.252942 	 7.307945
  246 	 0.080613 	 1.357707 	 7.180568
  247 	 0.035705 	 1.421923 	 7.251228
  248 	 0.106078 	 1.233620 	 5.464097
  249 	 0.020074 	 1.479824 	 7.240879
  250 	 0.041326 	 1.361890 	 4.796670
  251 	 0.037643 	 1.322677 	 8.164991
  252 	 0.036699 	 1.119832 	 6.957656
  253 	 0.036631 	 1.224330 	 7.140684
  254 	 0.029968 	 1.276296 	 4.791189
  255 	 0.042437 	 1.437710 	 7.192622
  256 	 0.041721 	 1.087029 	 7.554684
  257 	 0.075983 	 1.175618 	 4.534648
  258 	 0.036952 	 1.429032 	 6.938616
  259 	 0.037159 	 1.369045 	 4.937979
  260 	 0.031929 	 1.357535 	 7.176063
  261 	 0.035050 	 1.246756 	 7.165412
  262 	 0.036128 	 1.230614 	 7.444390
  263 	 0.036030 	 1.243172 	 7.275347
  264 	 0.029620 	 1.438715 	 7.218773
  265 	 0.036990 	 1.414739 	 7.174748
  266 	 0.029819 	 1.509253 	 7.574615
  267 	 0.030127 	 1.333368 	 7.174130
  268 	 0.035611 	 1.407269 	 7.563198
  269 	 0.035315 	 1.611984 	 7.545628
  270 	 0.035284 	 1.355265 	 7.245815
  271 	 0.036767 	 1.119870 	 4.411146
  272 	 0.035821 	 1.125357 	 4.294554
  273 	 0.111828 	 1.597776 	 7.185629
  274 	 0.028285 	 1.415852 	 7.234807
  275 	 0.035145 	 1.048223 	 4.667923
  276 	 0.036316 	 1.111942 	 7.651998
  277 	 0.041966 	 1.273437 	 7.270327
  278 	 0.036923 	 1.439514 	 7.208955
  279 	 0.036567 	 1.402340 	 6.926845
  280 	 0.037328 	 1.285030 	 7.177584
  281 	 0.064318 	 1.273267 	 7.195922
  282 	 0.041326 	 1.369454 	 7.156781
  283 	 0.102502 	 1.203473 	 5.998162
  284 	 0.035933 	 1.282623 	 6.957667
  285 	 0.036708 	 1.230801 	 4.880383
  286 	 0.036621 	 1.371066 	 7.228913
  287 	 0.035375 	 1.155180 	 7.163663
  288 	 0.036601 	 1.179024 	 7.193144
  289 	 0.037234 	 1.469382 	 7.258221
  290 	 0.036916 	 1.358645 	 7.194180
  291 	 0.036971 	 1.154031 	 7.161577
  292 	 0.031546 	 1.324057 	 7.177918
  293 	 0.029870 	 1.518534 	 7.175066
  294 	 0.035271 	 1.582787 	 7.465674
  295 	 0.036597 	 1.252813 	 7.560285
  296 	 0.036936 	 1.214784 	 7.263688
  297 	 0.033914 	 1.367862 	 7.194409
  298 	 0.041642 	 1.458060 	 7.176900
  299 	 0.101453 	 1.283446 	 7.335974
  300 	 0.035475 	 1.261006 	 6.942394
  301 	 0.018690 	 1.165830 	 4.905500
  302 	 0.037667 	 1.403998 	 7.252938
  303 	 0.035420 	 1.509943 	 8.258280
  304 	 0.041884 	 1.236254 	 7.096839
  305 	 0.036630 	 1.069411 	 7.255853
  306 	 0.036506 	 1.148623 	 6.930790
  307 	 0.034272 	 1.448449 	 7.192675
  308 	 0.036890 	 1.644451 	 7.199124
  309 	 0.035731 	 1.240350 	 7.316779
  310 	 0.020207 	 1.161136 	 7.179281
  311 	 0.035003 	 1.493920 	 7.239495
  312 	 0.036158 	 1.355283 	 7.630124
  313 	 0.037721 	 1.160437 	 7.277861
  314 	 0.129324 	 1.408344 	 7.217171
  315 	 0.041191 	 1.493137 	 7.136661
  316 	 0.033050 	 1.185094 	 4.315479
  317 	 0.035339 	 1.140772 	 6.964198
  318 	 0.034280 	 1.284627 	 7.154533
  319 	 0.035614 	 1.471251 	 7.260078
  320 	 0.028903 	 1.438542 	 7.316371
  321 	 0.043325 	 1.156208 	 7.146606
  322 	 0.036797 	 1.095169 	 7.615975
  323 	 0.032822 	 1.258773 	 5.136856
  324 	 0.034186 	 1.248321 	 7.184079
  325 	 0.037090 	 1.291248 	 7.395222
  326 	 0.036894 	 1.312362 	 7.216395
  327 	 0.041839 	 1.458511 	 7.168973
  328 	 0.088635 	 1.372971 	 7.179039
  329 	 0.036170 	 1.142651 	 6.932951
  330 	 0.027070 	 1.172130 	 5.234653
  331 	 0.033363 	 1.413457 	 7.216550
  332 	 0.040002 	 1.253774 	 7.285145
  333 	 0.036134 	 1.110685 	 7.365749
  334 	 0.035364 	 1.261823 	 7.022373
  335 	 0.125983 	 1.392605 	 7.218429
  336 	 0.036920 	 1.301569 	 7.258759
  337 	 0.036724 	 1.099997 	 4.378607
  338 	 0.092842 	 1.232192 	 7.177691
  339 	 0.034100 	 1.436038 	 7.187821
  340 	 0.028224 	 1.180870 	 4.328974
  341 	 0.037949 	 0.931517 	 3.071590
  342 	 0.033641 	 1.298685 	 7.655563
  343 	 0.035911 	 1.243573 	 7.125071
  344 	 0.036242 	 1.366449 	 7.350722
  345 	 0.034848 	 1.264827 	 7.230053
  346 	 0.029710 	 1.150545 	 7.153475
  347 	 0.034934 	 1.362920 	 7.163963
  348 	 0.037415 	 1.262269 	 7.569453
  349 	 0.032940 	 1.165145 	 5.733458
  350 	 0.037809 	 1.161901 	 7.152284
  351 	 0.036749 	 1.246518 	 7.132812
  352 	 0.035855 	 1.211170 	 7.132228
  353 	 0.030205 	 1.254638 	 6.937856
  354 	 0.030088 	 1.252783 	 7.233011
  355 	 0.033753 	 1.228867 	 7.541212
  356 	 0.033815 	 1.471507 	 7.547871
  357 	 0.028506 	 1.341282 	 7.334833
  358 	 0.036275 	 1.142071 	 7.269264
  359 	 0.036742 	 1.323056 	 7.639069
  360 	 0.035036 	 1.574060 	 7.211094
  361 	 0.029122 	 1.174021 	 7.186880
  362 	 0.036755 	 1.361261 	 7.276129
  363 	 0.032649 	 1.397470 	 7.603284
  364 	 0.114197 	 1.478008 	 7.186232
  365 	 0.039775 	 1.116240 	 7.404734
  366 	 0.036442 	 1.051059 	 4.317796
  367 	 0.035228 	 1.164135 	 6.920725
  368 	 0.029769 	 1.499312 	 7.202437
  369 	 0.043153 	 1.614989 	 7.265948
  370 	 0.052661 	 1.054419 	 7.331258
  371 	 0.042355 	 0.959840 	 6.870331
  372 	 0.034823 	 1.213667 	 6.449082
  373 	 0.036200 	 1.324495 	 4.649172
  374 	 0.034571 	 1.242708 	 7.287390
  375 	 0.036194 	 1.329393 	 7.215027
  376 	 0.036256 	 1.156481 	 4.866659
  377 	 0.033833 	 1.111817 	 4.149475
  378 	 0.036875 	 1.113784 	 4.672913
  379 	 0.037310 	 1.527282 	 7.340358
  380 	 0.034165 	 1.235102 	 7.180051
  381 	 0.036392 	 1.200471 	 7.157672
  382 	 0.046269 	 1.121315 	 7.322505
  383 	 0.037653 	 1.355905 	 7.205010
  384 	 0.032326 	 1.158180 	 6.726357
  385 	 0.041804 	 1.235753 	 7.140142
  386 	 0.042084 	 1.129078 	 7.171399
  387 	 0.036052 	 1.245126 	 6.934625
  388 	 0.036834 	 1.255337 	 6.921198
  389 	 0.042014 	 1.415632 	 7.222717
  390 	 0.037454 	 1.109783 	 4.309846
  391 	 0.037026 	 1.103689 	 6.924518
  392 	 0.034691 	 1.251959 	 7.150333
  393 	 0.032934 	 1.288673 	 7.130431
  394 	 0.037561 	 1.226309 	 7.294422
  395 	 0.034226 	 1.258320 	 7.389114
  396 	 0.031245 	 1.113054 	 7.144821
  397 	 0.036594 	 1.362506 	 7.319250
  398 	 0.035552 	 1.326996 	 7.482476
  399 	 0.037793 	 1.125183 	 7.194569
  400 	 0.020072 	 1.232763 	 7.182951
  401 	 0.035559 	 1.376215 	 7.133013
  402 	 0.033869 	 1.292369 	 8.165142
  403 	 0.040090 	 1.239541 	 7.202551
  404 	 0.036797 	 1.257201 	 7.338407
  405 	 0.045783 	 1.270849 	 7.018008
  406 	 0.035385 	 1.218982 	 7.184063
  407 	 0.035684 	 1.299319 	 5.136107
  408 	 0.036803 	 1.501095 	 7.257670
  409 	 0.088548 	 1.165957 	 7.241960
  410 	 0.089231 	 1.302698 	 7.183751
  411 	 0.039147 	 1.353618 	 5.237035
  412 	 0.034898 	 1.264059 	 4.734929
  413 	 0.037746 	 1.070892 	 7.064765
  414 	 0.020093 	 1.207593 	 7.283439
  415 	 0.036222 	 1.307254 	 7.135393
  416 	 0.132892 	 1.758588 	 8.163725
  417 	 0.037938 	 1.263039 	 6.985671
  418 	 0.029002 	 0.999056 	 4.073725
  419 	 0.104241 	 1.314505 	 7.125642
  420 	 0.036121 	 1.317428 	 7.610235
  421 	 0.036647 	 1.020158 	 4.839313
  422 	 0.040846 	 1.354165 	 7.147406
  423 	 0.033699 	 1.420129 	 7.150452
  424 	 0.035415 	 1.145651 	 6.980988
  425 	 0.035753 	 1.185898 	 7.347606
  426 	 0.035768 	 1.508006 	 7.212465
  427 	 0.043045 	 1.218512 	 6.939314
  428 	 0.030120 	 1.218052 	 7.237571
  429 	 0.033518 	 1.153064 	 6.875467
  430 	 0.033880 	 1.470967 	 7.546046
  431 	 0.037302 	 1.396593 	 7.357349
  432 	 0.032695 	 1.317292 	 7.337808
  433 	 0.036851 	 1.349148 	 7.158103
  434 	 0.036109 	 1.296154 	 7.402212
  435 	 0.036084 	 1.087301 	 7.181295
  436 	 0.034198 	 1.376770 	 7.219766
  437 	 0.037660 	 1.433535 	 7.221040
  438 	 0.036680 	 1.498915 	 7.168933
  439 	 0.029872 	 1.236172 	 7.139812
  440 	 0.035740 	 1.166275 	 7.190106
  441 	 0.037509 	 1.314188 	 7.560183
  442 	 0.023981 	 1.574020 	 7.239030
  443 	 0.037944 	 1.091870 	 7.018526
  444 	 0.080290 	 1.234054 	 7.912547
  445 	 0.032763 	 1.470256 	 7.125342
  446 	 0.038494 	 1.199633 	 4.852017
  447 	 0.029902 	 1.166097 	 7.398485
  448 	 0.020802 	 1.337653 	 7.097517
  449 	 0.037373 	 1.254427 	 7.145260
  450 	 0.036457 	 1.133018 	 7.170188
  451 	 0.037822 	 1.359606 	 7.133011
  452 	 0.036526 	 1.443426 	 7.201662
  453 	 0.032836 	 1.156331 	 7.035306
  454 	 0.035622 	 1.159591 	 7.198067
  455 	 0.042392 	 1.410861 	 7.394501
  456 	 0.036989 	 1.464813 	 7.245229
  457 	 0.035376 	 1.272861 	 6.906445
  458 	 0.028259 	 1.199907 	 5.727998
  459 	 0.030234 	 1.409894 	 6.293764
  460 	 0.035690 	 1.815633 	 7.372591
  461 	 0.103025 	 1.453089 	 7.539543
  462 	 0.042315 	 0.970251 	 3.650768
  463 	 0.041276 	 1.151737 	 4.119778
  464 	 0.124855 	 1.494440 	 6.910149
  465 	 0.033133 	 1.289636 	 6.960112
  466 	 0.039179 	 1.082008 	 4.400335
  467 	 0.036709 	 1.376164 	 7.378285
  468 	 0.036927 	 1.186407 	 6.187466
  469 	 0.032986 	 1.370638 	 7.188582
  470 	 0.036409 	 1.152789 	 4.258165
  471 	 0.103013 	 1.501854 	 7.386273
  472 	 0.037806 	 1.254527 	 7.204157
  473 	 0.037279 	 1.168022 	 4.549518
  474 	 0.035053 	 1.134571 	 5.110716
  475 	 0.032853 	 1.220639 	 7.151931
  476 	 0.036658 	 1.118219 	 5.110818
  477 	 0.036980 	 1.583589 	 7.393543
  478 	 0.037433 	 1.124689 	 7.179441
  479 	 0.039013 	 1.196200 	 7.174621
  480 	 0.034631 	 1.370213 	 7.151382
  481 	 0.030126 	 1.293110 	 7.071493
  482 	 0.040079 	 1.096384 	 6.917544
  483 	 0.036694 	 1.067356 	 4.169812
  484 	 0.030204 	 1.400058 	 6.928427
  485 	 0.037157 	 1.210956 	 7.189391
  486 	 0.032144 	 1.039502 	 6.722017
  487 	 0.037092 	 1.040240 	 4.547871
  488 	 0.040240 	 1.477921 	 7.432487
  489 	 0.037290 	 1.253700 	 7.168874
  490 	 0.034151 	 1.074282 	 6.950167
  491 	 0.036502 	 1.072530 	 7.158715
  492 	 0.037657 	 1.255380 	 7.323275
  493 	 0.129329 	 1.535398 	 7.199308
  494 	 0.134668 	 1.266016 	 7.139942
  495 	 0.123369 	 0.931928 	 4.065225
  496 	 0.036494 	 1.063724 	 4.218199
  497 	 0.041358 	 1.255969 	 4.429303
  498 	 0.035791 	 1.178803 	 7.150689
  499 	 0.018964 	 1.249933 	 6.956141
  500 	 0.063700 	 1.370399 	 7.166080
  501 	 0.042207 	 1.376652 	 7.204384
  502 	 0.037181 	 1.050905 	 6.020479
  503 	 0.041284 	 1.238710 	 6.915285
  504 	 0.036739 	 1.371948 	 7.164300
  505 	 0.036541 	 1.234903 	 6.959691
  506 	 0.041734 	 1.148621 	 7.187046
  507 	 0.033743 	 1.378963 	 7.197279
  508 	 0.035811 	 1.350916 	 4.405632
  509 	 0.029838 	 1.277211 	 6.918201
  510 	 0.034717 	 1.094214 	 7.235303
  511 	 0.029605 	 1.279783 	 7.562105
  512 	 0.037344 	 1.513389 	 7.293041
  513 	 0.035433 	 1.110700 	 7.200631
  514 	 0.035295 	 1.110135 	 7.155917
  515 	 0.042091 	 1.206563 	 7.255150
  516 	 0.037749 	 1.363785 	 7.262422
  517 	 0.036846 	 1.271918 	 6.920829
  518 	 0.039019 	 1.207698 	 7.135282
  519 	 0.032160 	 1.190066 	 7.181547
  520 	 0.035875 	 1.328328 	 7.071177
  521 	 0.034971 	 1.407242 	 7.431608
  522 	 0.035788 	 1.447085 	 7.231968
  523 	 0.035918 	 1.211326 	 7.279526
  524 	 0.036223 	 1.278955 	 7.203524
  525 	 0.028496 	 1.376756 	 7.229720
  526 	 0.033736 	 1.167510 	 7.213784
  527 	 0.037801 	 1.117802 	 7.217732
  528 	 0.127961 	 1.436334 	 7.345589
  529 	 0.036519 	 1.121055 	 4.675598
  530 	 0.066774 	 1.082752 	 4.215910
  531 	 0.043152 	 1.456412 	 7.198432
  532 	 0.037539 	 1.249098 	 5.911081
  533 	 0.041680 	 1.196118 	 6.870378
  534 	 0.035603 	 1.207303 	 7.145941
  535 	 0.033698 	 1.247888 	 6.940580
  536 	 0.035024 	 1.394352 	 7.246234
  537 	 0.033932 	 1.397714 	 7.347631
  538 	 0.036984 	 1.390685 	 7.276735
  539 	 0.040402 	 1.360728 	 7.335004
  540 	 0.035470 	 1.192050 	 6.862283
  541 	 0.035621 	 1.179578 	 4.797887
  542 	 0.036197 	 1.304555 	 4.867617
  543 	 0.037222 	 1.298948 	 7.245243
  544 	 0.035833 	 1.090118 	 7.215140
  545 	 0.037204 	 1.124569 	 7.162180
  546 	 0.036138 	 1.111583 	 5.460974
  547 	 0.040907 	 1.291550 	 7.163125
  548 	 0.035877 	 1.354278 	 7.218235
  549 	 0.034967 	 1.056377 	 5.234320
  550 	 0.064582 	 1.299923 	 7.231848
  551 	 0.036736 	 1.494039 	 7.279768
  552 	 0.036763 	 1.206115 	 4.713922
  553 	 0.038375 	 1.096546 	 7.187196
  554 	 0.037401 	 1.169024 	 7.185835
  555 	 0.034542 	 1.214759 	 7.103519
  556 	 0.036866 	 1.200157 	 7.153000
  557 	 0.037949 	 0.949572 	 3.324224
  558 	 0.018835 	 1.437833 	 7.180521
  559 	 0.101741 	 1.411691 	 7.125103
  560 	 0.036588 	 1.337629 	 8.248451
  561 	 0.036462 	 1.038147 	 4.684388
  562 	 0.037056 	 1.382564 	 7.194886
  563 	 0.037064 	 1.334161 	 7.201382
  564 	 0.137037 	 1.294164 	 7.170733
  565 	 0.032956 	 1.419223 	 7.170306
  566 	 0.114847 	 1.245827 	 4.176458
  567 	 0.033865 	 1.402243 	 7.387936
  568 	 0.034067 	 1.102946 	 4.603053
  569 	 0.033928 	 1.613552 	 7.213573
  570 	 0.036275 	 1.334947 	 7.327753
  571 	 0.032886 	 1.321270 	 7.335231
  572 	 0.034737 	 1.287075 	 7.211111
  573 	 0.032832 	 1.425609 	 7.391751
  574 	 0.036024 	 1.260187 	 6.849156
  575 	 0.036778 	 1.453393 	 7.325642
  576 	 0.029007 	 1.235738 	 7.224153
  577 	 0.035596 	 1.394384 	 7.185054
  578 	 0.036576 	 1.345673 	 7.609940
  579 	 0.036679 	 1.460729 	 7.246562
  580 	 0.034115 	 1.314061 	 7.195487
  581 	 0.036633 	 1.362100 	 7.190155
  582 	 0.041376 	 1.407358 	 7.325211
  583 	 0.035492 	 1.251012 	 7.192547
  584 	 0.134633 	 1.242682 	 6.955256
  585 	 0.036914 	 1.359821 	 7.252047
  586 	 0.034663 	 1.094901 	 4.218824
  587 	 0.087610 	 1.099912 	 7.178005
  588 	 0.034860 	 1.162268 	 7.274341
  589 	 0.036459 	 1.122863 	 5.262879
  590 	 0.037515 	 1.199504 	 7.285412
  591 	 0.036565 	 1.314231 	 7.201546
  592 	 0.029490 	 1.282785 	 7.147166
  593 	 0.035608 	 1.531862 	 7.196056
  594 	 0.035178 	 1.194959 	 7.582050
  595 	 0.035833 	 1.306990 	 7.245944
  596 	 0.037346 	 1.203456 	 5.359757
  597 	 0.034103 	 1.485227 	 7.234164
  598 	 0.036720 	 1.279748 	 7.155824
  599 	 0.114065 	 1.420597 	 7.325859
  600 	 0.035776 	 1.178201 	 7.188059
  601 	 0.035923 	 1.247220 	 4.619680
  602 	 0.033686 	 1.187320 	 7.237117
  603 	 0.037018 	 1.244944 	 7.229436
  604 	 0.035287 	 1.405148 	 7.348300
  605 	 0.037528 	 1.289207 	 7.172690
  606 	 0.035963 	 1.216349 	 7.262826
  607 	 0.036430 	 1.320636 	 7.146517
  608 	 0.037752 	 1.501572 	 7.200811
  609 	 0.035861 	 1.355909 	 7.203059
  610 	 0.036589 	 1.223616 	 7.135094
  611 	 0.036402 	 1.178539 	 7.232672
  612 	 0.035101 	 1.328496 	 7.194828
  613 	 0.030327 	 1.417282 	 7.167144
  614 	 0.079381 	 1.360069 	 7.272645
  615 	 0.041062 	 1.309047 	 7.534243
  616 	 0.035513 	 1.233678 	 5.501127
  617 	 0.036776 	 1.276353 	 4.973040
  618 	 0.036219 	 1.150792 	 7.250966
  619 	 0.040572 	 1.329453 	 7.185138
  620 	 0.037703 	 1.441692 	 7.214002
  621 	 0.037302 	 1.356169 	 6.994375
  622 	 0.037373 	 1.040180 	 7.137580
  623 	 0.036974 	 1.117577 	 7.158080
  624 	 0.042138 	 1.416329 	 7.154461
  625 	 0.036086 	 1.651956 	 7.174953
  626 	 0.033307 	 1.213226 	 6.918599
  627 	 0.086369 	 1.110310 	 7.220940
  628 	 0.037429 	 1.278283 	 7.368800
  629 	 0.101604 	 1.342489 	 5.297473
  630 	 0.036974 	 1.260761 	 6.937497
  631 	 0.039823 	 1.117221 	 4.901870
  632 	 0.036760 	 1.178646 	 7.173136
  633 	 0.036820 	 1.208170 	 4.228696
  634 	 0.036763 	 1.237325 	 7.185960
  635 	 0.036704 	 1.087600 	 7.182890
  636 	 0.036519 	 1.283289 	 7.185835
  637 	 0.036802 	 1.279803 	 7.188867
  638 	 0.036876 	 1.252503 	 6.965417
  639 	 0.037202 	 1.175898 	 6.973679
  640 	 0.031702 	 1.232222 	 7.179965
  641 	 0.035157 	 1.220041 	 6.936129
  642 	 0.076149 	 1.312693 	 6.946668
  643 	 0.019122 	 1.189183 	 7.183767
  644 	 0.035351 	 1.165782 	 4.613948
  645 	 0.036608 	 1.621624 	 8.228988
  646 	 0.036161 	 1.269906 	 7.159395
  647 	 0.039649 	 1.252490 	 7.171529
  648 	 0.037363 	 1.336259 	 7.217022
  649 	 0.036734 	 1.441193 	 7.039817
  650 	 0.036816 	 1.288493 	 7.154953
  651 	 0.031487 	 1.118301 	 4.278947
  652 	 0.037169 	 1.127050 	 7.183074
  653 	 0.036564 	 1.687355 	 7.469003
  654 	 0.035972 	 1.345021 	 7.154167
  655 	 0.030064 	 1.159436 	 7.196080
  656 	 0.036573 	 1.108514 	 7.182652
  657 	 0.040492 	 1.555047 	 7.549226
  658 	 0.036445 	 1.264002 	 5.631436
  659 	 0.105403 	 1.166808 	 4.905371
  660 	 0.043333 	 1.119152 	 7.202282
  661 	 0.037415 	 1.345524 	 4.812247
  662 	 0.037712 	 1.302031 	 6.861878
  663 	 0.037520 	 1.158659 	 6.886679
  664 	 0.032669 	 1.275918 	 7.137137
  665 	 0.036473 	 1.231053 	 4.935601
  666 	 0.036207 	 1.375550 	 7.403606
  667 	 0.035360 	 0.998430 	 7.200813
  668 	 0.037416 	 1.172251 	 7.214652
  669 	 0.031222 	 1.349075 	 7.259012
  670 	 0.035923 	 1.524287 	 7.152241
  671 	 0.036433 	 1.111017 	 7.483799
  672 	 0.036321 	 1.318941 	 7.229462
  673 	 0.035875 	 1.278637 	 7.202884
  674 	 0.035465 	 1.300111 	 4.579817
  675 	 0.036177 	 1.292165 	 7.231938
  676 	 0.034907 	 1.164711 	 7.253492
  677 	 0.036671 	 1.190768 	 6.891640
  678 	 0.036789 	 1.486144 	 7.282919
  679 	 0.097576 	 1.601270 	 7.190547
  680 	 0.034732 	 1.265832 	 7.184451
  681 	 0.036067 	 0.980825 	 4.075329
  682 	 0.032137 	 1.481965 	 7.292227
  683 	 0.041560 	 1.349836 	 4.877409
  684 	 0.034979 	 1.143423 	 7.432920
  685 	 0.034893 	 1.082325 	 6.946365
  686 	 0.035210 	 1.286699 	 7.279102
  687 	 0.109999 	 1.392607 	 7.283676
  688 	 0.035820 	 1.346932 	 7.266918
  689 	 0.095606 	 1.090684 	 4.708116
  690 	 0.036886 	 1.340166 	 7.234819
  691 	 0.034258 	 1.166228 	 5.050360
  692 	 0.032113 	 1.246177 	 7.140267
  693 	 0.041320 	 1.184648 	 7.317555
  694 	 0.036142 	 1.280292 	 7.434218
  695 	 0.036778 	 1.191428 	 6.957966
  696 	 0.035396 	 1.154738 	 6.918581
  697 	 0.036619 	 1.296055 	 7.185040
  698 	 0.036244 	 1.483232 	 7.257098
  699 	 0.037189 	 1.194947 	 7.193243
  700 	 0.029785 	 1.170519 	 7.212734
  701 	 0.036904 	 1.098605 	 4.626036
  702 	 0.029734 	 1.380712 	 7.565146
  703 	 0.032894 	 0.933686 	 4.175920
  704 	 0.037243 	 1.095827 	 7.568089
  705 	 0.036153 	 1.431598 	 7.391288
  706 	 0.029896 	 1.482051 	 7.161101
  707 	 0.035888 	 1.274461 	 7.217443
  708 	 0.035457 	 1.293014 	 7.558798
  709 	 0.036510 	 1.385597 	 7.231261
  710 	 0.036149 	 1.180719 	 7.253900
  711 	 0.018761 	 1.205371 	 7.192896
  712 	 0.122317 	 1.305828 	 7.217662
  713 	 0.028824 	 1.267655 	 7.342485
  714 	 0.037103 	 0.973494 	 4.450046
  715 	 0.040647 	 1.269577 	 7.620561
  716 	 0.019787 	 1.508893 	 7.168318
  717 	 0.036628 	 1.379174 	 6.990706
  718 	 0.036226 	 1.306410 	 8.184192
  719 	 0.036919 	 1.564202 	 7.192764
  720 	 0.036795 	 1.274663 	 7.213633
  721 	 0.035853 	 1.326054 	 7.177783
  722 	 0.057482 	 1.526819 	 7.184153
  723 	 0.037542 	 1.392531 	 7.233124
  724 	 0.090338 	 1.162492 	 6.254617
  725 	 0.020142 	 1.434195 	 7.145799
  726 	 0.036215 	 1.170044 	 4.945229
  727 	 0.105081 	 1.308772 	 7.320048
  728 	 0.037673 	 1.230800 	 6.983261
  729 	 0.035867 	 1.125753 	 4.819727
  730 	 0.037862 	 1.113794 	 6.953623
  731 	 0.028189 	 1.264197 	 7.165850
  732 	 0.037550 	 1.309943 	 7.129502
  733 	 0.033990 	 1.256728 	 7.657634
  734 	 0.041403 	 1.214454 	 7.145420
  735 	 0.028027 	 1.286428 	 7.331904
  736 	 0.039095 	 1.188149 	 6.953944
  737 	 0.033520 	 1.391816 	 7.667110
  738 	 0.035602 	 1.430133 	 7.067362
  739 	 0.019891 	 1.244945 	 7.293388
  740 	 0.031215 	 1.147393 	 7.246249
  741 	 0.041746 	 1.563390 	 7.214091
  742 	 0.036374 	 1.316538 	 7.484178
  743 	 0.042762 	 1.174893 	 6.937388
  744 	 0.035672 	 1.577040 	 7.205946
  745 	 0.036145 	 1.401160 	 6.888842
  746 	 0.035447 	 1.245676 	 7.242607
  747 	 0.028144 	 1.291986 	 7.217864
  748 	 0.037572 	 1.476847 	 7.254423
  749 	 0.126114 	 1.549534 	 7.660223
  750 	 0.032791 	 1.210968 	 7.144277
  751 	 0.035666 	 1.062311 	 4.376102
  752 	 0.035733 	 1.256339 	 7.396919
  753 	 0.032487 	 1.257850 	 7.242890
  754 	 0.042059 	 1.255497 	 7.239402
  755 	 0.036981 	 1.408651 	 7.413615
  756 	 0.036128 	 1.243220 	 6.922385
  757 	 0.036484 	 1.263403 	 7.174593
  758 	 0.034066 	 1.265405 	 7.218759
  759 	 0.036257 	 1.422842 	 7.200262
  760 	 0.036229 	 1.056347 	 7.327825
  761 	 0.032723 	 1.221557 	 4.849229
  762 	 0.035832 	 1.439484 	 7.213497
  763 	 0.035753 	 1.390930 	 7.204745
  764 	 0.036368 	 1.132701 	 7.234222
  765 	 0.037944 	 1.465372 	 7.124970
  766 	 0.037353 	 1.643553 	 7.206253
  767 	 0.035283 	 1.158930 	 4.606743
  768 	 0.103584 	 1.329756 	 7.155499
  769 	 0.037123 	 1.309424 	 7.195818
  770 	 0.032945 	 1.205286 	 4.854737
  771 	 0.037581 	 1.305870 	 7.167287
  772 	 0.036717 	 1.334454 	 6.948634
  773 	 0.035825 	 1.301160 	 7.143812
  774 	 0.036175 	 1.277345 	 7.188164
  775 	 0.017489 	 1.162173 	 7.234599
  776 	 0.034167 	 1.250113 	 7.132536
  777 	 0.036088 	 1.340748 	 8.341072
  778 	 0.029896 	 1.206983 	 6.947758
  779 	 0.036362 	 1.311275 	 7.220844
  780 	 0.032898 	 1.246178 	 7.558803
  781 	 0.037219 	 1.269364 	 7.184112
  782 	 0.038125 	 1.271882 	 6.868449
  783 	 0.029759 	 1.276704 	 7.162337
  784 	 0.039254 	 1.330013 	 7.116166
  785 	 0.037665 	 1.049360 	 7.152560
  786 	 0.034289 	 0.963971 	 3.016792
  787 	 0.035456 	 1.079829 	 7.139545
  788 	 0.037110 	 1.310124 	 7.224878
  789 	 0.027637 	 1.180818 	 7.204931
  790 	 0.101091 	 1.182236 	 6.879275
  791 	 0.033398 	 1.115642 	 7.237748
  792 	 0.098524 	 1.160412 	 4.663486
  793 	 0.034707 	 1.256244 	 7.206006
  794 	 0.035806 	 1.007832 	 4.105309
  795 	 0.036957 	 1.294248 	 7.293549
  796 	 0.037163 	 1.037501 	 7.235595
  797 	 0.032848 	 1.324300 	 7.175796
  798 	 0.035723 	 1.460390 	 7.165208
  799 	 0.036303 	 1.470880 	 7.393804
  800 	 0.033107 	 1.201536 	 7.239934
  801 	 0.034218 	 1.265614 	 7.207512
  802 	 0.036101 	 1.351492 	 7.007564
  803 	 0.032278 	 1.450453 	 7.319699
  804 	 0.056521 	 1.212919 	 7.220159
  805 	 0.033681 	 1.153728 	 7.425109
  806 	 0.033205 	 1.196195 	 6.292422
  807 	 0.029637 	 1.343203 	 7.348546
  808 	 0.037838 	 1.293415 	 7.374373
  809 	 0.036428 	 1.233776 	 7.573644
  810 	 0.034248 	 1.150292 	 7.130718
  811 	 0.036482 	 1.451266 	 7.203159
  812 	 0.041207 	 1.361183 	 7.318042
  813 	 0.028955 	 1.189108 	 7.200365
  814 	 0.019876 	 1.118345 	 6.963433
  815 	 0.037030 	 1.555507 	 7.612937
  816 	 0.042795 	 1.361107 	 6.939855
  817 	 0.037503 	 1.379332 	 7.172073
  818 	 0.042413 	 1.104732 	 6.862284
  819 	 0.036765 	 1.193631 	 4.310121
  820 	 0.035330 	 1.206971 	 4.195460
  821 	 0.037318 	 1.247626 	 7.185722
  822 	 0.024572 	 1.261426 	 7.260557
  823 	 0.035462 	 1.193795 	 7.157247
  824 	 0.036102 	 1.252518 	 7.875735
  825 	 0.036983 	 1.290505 	 7.253610
  826 	 0.036140 	 1.201343 	 7.220089
  827 	 0.034080 	 1.302018 	 7.174470
  828 	 0.117698 	 1.563205 	 7.057875
  829 	 0.075987 	 1.397270 	 7.327071
  830 	 0.036359 	 1.043491 	 4.221539
  831 	 0.035904 	 1.176814 	 5.605802
  832 	 0.037085 	 1.434384 	 7.206745
  833 	 0.035441 	 1.208278 	 7.208313
  834 	 0.026527 	 1.083652 	 7.169240
  835 	 0.032078 	 1.501079 	 7.254708
  836 	 0.035361 	 1.543763 	 7.756333
  837 	 0.037109 	 1.320905 	 7.436160
  838 	 0.035753 	 1.338903 	 7.258956
  839 	 0.037257 	 1.394962 	 7.167973
  840 	 0.036466 	 1.271381 	 7.238355
  841 	 0.041351 	 1.197128 	 7.160410
  842 	 0.036691 	 1.180620 	 5.611938
  843 	 0.036835 	 1.257351 	 6.948559
  844 	 0.036098 	 1.561753 	 7.144242
  845 	 0.041383 	 1.342405 	 7.182078
  846 	 0.037356 	 1.387851 	 7.220319
  847 	 0.037565 	 1.211362 	 6.954907
  848 	 0.037942 	 1.300795 	 4.870434
  849 	 0.042402 	 1.235170 	 7.144649
  850 	 0.035365 	 1.182714 	 7.125432
  851 	 0.035992 	 1.243372 	 6.905968
  852 	 0.033535 	 1.525240 	 7.258714
  853 	 0.036053 	 1.330930 	 7.225828
  854 	 0.034421 	 1.252083 	 7.356428
  855 	 0.037651 	 1.371936 	 7.222676
  856 	 0.038953 	 1.346957 	 4.876206
  857 	 0.032448 	 1.195238 	 4.266911
  858 	 0.035821 	 1.232804 	 7.074499
  859 	 0.028704 	 1.217100 	 7.415764
  860 	 0.035753 	 1.242454 	 7.234760
  861 	 0.083721 	 1.439323 	 7.627503
  862 	 0.036589 	 1.496876 	 7.175598
  863 	 0.037027 	 1.026457 	 4.958372
  864 	 0.037427 	 1.010719 	 4.456801
  865 	 0.035643 	 1.197017 	 7.152518
  866 	 0.036749 	 1.430015 	 7.151709
  867 	 0.032779 	 1.410177 	 7.200497
  868 	 0.035180 	 1.081867 	 7.139225
  869 	 0.035078 	 1.254076 	 7.397584
  870 	 0.037656 	 1.384083 	 7.268476
  871 	 0.063727 	 1.388716 	 7.273888
  872 	 0.019588 	 1.196342 	 6.870644
  873 	 0.036029 	 1.119691 	 6.019494
  874 	 0.036449 	 1.308952 	 7.212022
  875 	 0.036712 	 1.282337 	 7.153792
  876 	 0.037569 	 1.046877 	 5.480930
  877 	 0.029877 	 1.334837 	 7.188458
  878 	 0.036768 	 1.330551 	 7.144434
  879 	 0.036298 	 1.294181 	 7.397854
  880 	 0.029794 	 1.311436 	 7.185549
  881 	 0.033328 	 1.447220 	 7.209915
  882 	 0.033577 	 1.617113 	 7.564625
  883 	 0.036160 	 1.190344 	 4.664957
  884 	 0.031869 	 1.017891 	 5.148827
  885 	 0.037198 	 1.408743 	 7.217087
  886 	 0.033554 	 1.598511 	 7.276262
  887 	 0.018857 	 1.164990 	 7.163423
  888 	 0.035370 	 1.021042 	 4.614118
  889 	 0.034358 	 1.353067 	 8.246955
  890 	 0.036791 	 1.646696 	 7.197590
  891 	 0.036174 	 0.977496 	 2.888437
  892 	 0.100959 	 1.066832 	 7.184385
  893 	 0.037450 	 1.361834 	 7.016033
  894 	 0.043213 	 1.308669 	 4.595176
  895 	 0.028900 	 1.012380 	 7.150511
  896 	 0.034325 	 0.987011 	 6.867494
  897 	 0.037298 	 1.352659 	 7.144308
  898 	 0.036605 	 1.399846 	 7.181547
  899 	 0.111835 	 1.319446 	 7.158285
  900 	 0.137288 	 1.300043 	 7.192180
  901 	 0.056578 	 1.153459 	 4.667762
  902 	 0.032848 	 1.171682 	 4.172085
  903 	 0.037150 	 1.149158 	 4.785056
  904 	 0.033560 	 1.454501 	 7.393823
  905 	 0.036745 	 1.126654 	 7.165897
  906 	 0.036688 	 1.178724 	 7.355109
  907 	 0.033874 	 1.175062 	 4.873114
  908 	 0.032900 	 1.059937 	 7.170247
  909 	 0.034149 	 1.457268 	 7.338175
  910 	 0.036073 	 1.557411 	 7.238378
  911 	 0.116504 	 1.237268 	 7.323365
  912 	 0.035858 	 1.246568 	 7.221618
  913 	 0.041680 	 1.118115 	 4.465737
  914 	 0.036575 	 1.369847 	 7.232852
  915 	 0.036638 	 1.443440 	 6.940603
  916 	 0.034013 	 1.306316 	 4.680119
  917 	 0.035025 	 1.103115 	 4.770409
  918 	 0.036552 	 1.271236 	 7.330671
  919 	 0.033980 	 1.492878 	 7.276689
  920 	 0.035608 	 1.237389 	 7.196707
  921 	 0.035348 	 1.113956 	 7.332448
  922 	 0.037193 	 1.311887 	 7.245955
  923 	 0.019813 	 1.301196 	 7.259650
  924 	 0.036087 	 1.210654 	 7.163668
  925 	 0.040821 	 1.554819 	 8.182401
  926 	 0.036391 	 1.404849 	 7.216097
  927 	 0.036545 	 1.238732 	 6.932766
  928 	 0.037592 	 1.158786 	 6.924313
  929 	 0.037867 	 1.166567 	 4.317709
  930 	 0.037838 	 1.303406 	 7.125238
  931 	 0.036971 	 1.242442 	 7.129234
  932 	 0.037944 	 0.946456 	 3.684519
  933 	 0.078166 	 1.103793 	 7.175094
  934 	 0.034526 	 1.595093 	 7.125344
  935 	 0.027996 	 1.195886 	 5.538132
  936 	 0.036639 	 1.188847 	 7.303193
  937 	 0.031392 	 1.050314 	 7.668957
  938 	 0.035405 	 1.410456 	 4.791679
  939 	 0.035813 	 1.476765 	 7.474265
  940 	 0.031202 	 1.100422 	 6.021224
  941 	 0.040164 	 1.155223 	 7.235188
  942 	 0.043032 	 1.591664 	 7.484917
  943 	 0.036359 	 1.231076 	 4.651843
  944 	 0.036944 	 1.207466 	 6.876037
  945 	 0.036733 	 1.052578 	 5.734333
  946 	 0.036950 	 1.382038 	 7.176475
  947 	 0.036180 	 1.434655 	 7.187364
  948 	 0.137384 	 1.237702 	 7.176194
  949 	 0.035190 	 1.043880 	 7.216027
  950 	 0.034528 	 1.169959 	 4.083607
  951 	 0.036162 	 1.633431 	 7.267990
  952 	 0.036459 	 1.269693 	 7.281121
  953 	 0.035938 	 1.312721 	 7.217005
  954 	 0.032187 	 1.416566 	 7.201533
  955 	 0.035419 	 1.084395 	 4.627098
  956 	 0.035418 	 1.226718 	 7.430107
  957 	 0.036663 	 1.568995 	 7.255879
  958 	 0.034874 	 1.289532 	 7.255922
  959 	 0.031630 	 1.261227 	 7.190963
  960 	 0.034265 	 1.057431 	 4.636659
  961 	 0.036271 	 1.435637 	 7.461018
  962 	 0.036794 	 1.486915 	 7.317138
  963 	 0.040480 	 1.241132 	 7.211304
  964 	 0.036174 	 1.136787 	 7.184214
  965 	 0.032839 	 1.191548 	 6.998856
  966 	 0.037210 	 1.503847 	 7.216331
  967 	 0.036505 	 1.483738 	 7.394331
  968 	 0.096622 	 1.139773 	 7.162829
  969 	 0.033856 	 1.121844 	 7.199181
  970 	 0.035510 	 1.148897 	 4.397221
  971 	 0.036049 	 1.289817 	 7.339094
  972 	 0.032558 	 1.288450 	 7.251113
  973 	 0.032270 	 1.259242 	 7.222882
  974 	 0.037174 	 1.150504 	 7.409683
  975 	 0.035790 	 1.311650 	 7.425559
  976 	 0.036243 	 1.307216 	 7.164649
  977 	 0.037529 	 1.561461 	 7.236418
  978 	 0.090500 	 1.132702 	 7.212779
  979 	 0.037481 	 1.177163 	 7.146496
  980 	 0.036421 	 1.142928 	 5.184042
  981 	 0.036906 	 1.236626 	 6.962323
  982 	 0.036164 	 1.521557 	 7.203502
  983 	 0.037418 	 1.311985 	 7.171334
  984 	 0.036325 	 1.212950 	 7.216851
  985 	 0.033317 	 1.425668 	 7.152174
  986 	 0.036085 	 1.226214 	 4.637080
  987 	 0.036736 	 1.385934 	 7.368272
  988 	 0.036093 	 1.224014 	 7.220988
  989 	 0.036540 	 1.286001 	 4.566880
  990 	 0.036000 	 1.275465 	 7.179641
  991 	 0.036979 	 1.346215 	 7.197338
  992 	 0.035503 	 1.215269 	 7.225441
  993 	 0.072185 	 1.338470 	 7.174675
  994 	 0.036094 	 1.307187 	 7.251481
  995 	 0.032985 	 1.240286 	 4.787248
  996 	 0.033730 	 1.154831 	 7.220524
  997 	 0.037568 	 0.986351 	 4.714235
  998 	 0.041022 	 1.334377 	 7.345912
  999 	 0.034637 	 1.250384 	 7.144487
 