   0 	 0.019274 	 0.059170 	 0.413839
    1 	 0.021271 	 0.184376 	 1.829825
    2 	 0.025710 	 0.350663 	 2.331244
    3 	 0.040694 	 0.752195 	 5.082442
    4 	 0.038168 	 1.129851 	 7.235558
    5 	 0.038763 	 0.900676 	 4.714806
    6 	 0.035441 	 1.020733 	 10.635170
    7 	 0.034342 	 1.510442 	 12.097367
    8 	 0.037344 	 1.415040 	 11.694153
    9 	 0.036955 	 1.384136 	 12.385192
   10 	 0.037960 	 1.221645 	 7.201090
   11 	 0.036008 	 1.371768 	 15.336234
   12 	 0.037233 	 1.556491 	 9.569920
   13 	 0.037520 	 1.562640 	 9.643499
   14 	 0.030585 	 1.157401 	 6.147564
   15 	 0.039253 	 1.334115 	 13.050964
   16 	 0.038267 	 1.824751 	 17.378439
   17 	 0.038798 	 1.491775 	 8.584697
   18 	 0.057417 	 1.658824 	 15.870507
   19 	 0.031359 	 1.639685 	 19.699834
   20 	 0.038299 	 1.437093 	 6.938851
   21 	 0.019540 	 1.996606 	 22.322473
   22 	 0.038295 	 2.131253 	 20.515676
   23 	 0.039818 	 1.854422 	 27.669885
   24 	 0.036308 	 1.752912 	 21.788987
   25 	 0.033489 	 2.037775 	 19.717029
   26 	 0.044330 	 1.885367 	 15.411226
   27 	 0.037169 	 2.468824 	 22.941396
   28 	 0.038109 	 1.761464 	 13.711691
   29 	 0.034699 	 1.795353 	 15.800387
   30 	 0.035258 	 1.822130 	 15.172448
   31 	 0.031568 	 2.443399 	 17.540448
   32 	 0.039651 	 2.384732 	 22.047062
   33 	 0.040251 	 2.048980 	 23.999195
   34 	 0.027798 	 1.809660 	 13.190397
   35 	 0.032413 	 1.947891 	 18.921227
   36 	 0.033969 	 2.195857 	 18.038581
   37 	 0.024661 	 2.380180 	 20.566254
   38 	 0.037921 	 1.906316 	 24.175484
   39 	 0.037598 	 2.085929 	 22.777064
   40 	 0.033816 	 2.669009 	 22.772653
   41 	 0.026160 	 2.510991 	 19.893969
   42 	 0.033021 	 2.641553 	 19.959422
   43 	 0.036708 	 2.470134 	 19.432625
   44 	 0.025860 	 2.647018 	 18.375177
   45 	 0.032896 	 2.426739 	 21.004698
   46 	 0.037990 	 2.493519 	 20.358385
   47 	 0.034209 	 2.365565 	 20.118854
   48 	 0.034438 	 2.757987 	 20.454121
   49 	 0.024573 	 2.499889 	 18.574133
   50 	 0.033026 	 3.484192 	 21.997646
   51 	 0.030805 	 3.037800 	 28.190544
   52 	 0.038017 	 3.035028 	 22.018883
   53 	 0.018482 	 3.034912 	 21.094780
   54 	 0.034239 	 3.321973 	 20.782766
   55 	 0.036420 	 3.475907 	 24.886828
   56 	 0.030761 	 3.159559 	 21.815342
   57 	 0.036575 	 2.694536 	 16.605810
   58 	 0.036764 	 3.192320 	 23.606484
   59 	 0.037939 	 2.786625 	 19.583586
   60 	 0.042054 	 3.205008 	 19.592428
   61 	 0.032721 	 2.775514 	 20.186033
   62 	 0.035456 	 2.814793 	 18.884401
   63 	 0.049498 	 3.105335 	 21.694348
   64 	 0.052916 	 3.223190 	 20.809214
   65 	 0.040937 	 2.318943 	 15.244695
   66 	 0.037939 	 2.544574 	 14.342076
   67 	 0.033869 	 2.692870 	 16.769013
   68 	 0.029816 	 2.776134 	 19.450643
   69 	 0.026904 	 3.154179 	 23.196099
   70 	 0.025254 	 2.616417 	 31.234505
   71 	 0.037541 	 2.814482 	 25.979286
   72 	 0.032003 	 2.995184 	 29.714082
   73 	 0.036580 	 3.513564 	 21.817975
   74 	 0.033643 	 3.065247 	 29.322963
   75 	 0.023705 	 2.912303 	 22.842920
   76 	 0.031755 	 2.379445 	 24.664912
   77 	 0.027224 	 3.320243 	 31.842441
   78 	 0.030905 	 3.799479 	 26.786974
   79 	 0.024207 	 2.728346 	 25.958012
   80 	 0.030048 	 2.776006 	 30.298357
   81 	 0.038521 	 3.076609 	 23.197944
   82 	 0.033003 	 3.290251 	 31.105896
   83 	 0.039392 	 2.910768 	 24.618029
   84 	 0.032146 	 2.778307 	 28.487753
   85 	 0.018555 	 2.719286 	 19.925396
   86 	 0.031853 	 3.684327 	 26.705072
   87 	 0.030657 	 4.084167 	 48.415402
   88 	 0.037423 	 3.722645 	 27.813887
   89 	 0.020654 	 2.699318 	 29.028628
   90 	 0.035951 	 3.485758 	 25.301666
   91 	 0.034437 	 3.617563 	 22.718950
   92 	 0.038001 	 3.417908 	 24.577803
   93 	 0.022586 	 2.336485 	 21.353641
   94 	 0.023106 	 2.958160 	 24.027020
   95 	 0.037096 	 4.229750 	 40.508881
   96 	 0.025046 	 3.937080 	 38.901855
   97 	 0.024684 	 2.685596 	 24.598163
   98 	 0.025704 	 4.415077 	 35.783899
   99 	 0.027834 	 4.621876 	 37.758384
  100 	 0.022412 	 4.283644 	 35.330928
  101 	 0.026483 	 3.437789 	 31.295908
  102 	 0.028257 	 4.619305 	 33.620785
  103 	 0.031948 	 3.752456 	 27.335142
  104 	 0.026269 	 4.133501 	 23.900999
  105 	 0.021886 	 3.726065 	 29.631688
  106 	 0.031027 	 4.929854 	 27.724906
  107 	 0.033746 	 3.527403 	 42.218766
  108 	 0.036056 	 3.038421 	 22.367517
  109 	 0.021972 	 3.698463 	 25.708089
  110 	 0.044691 	 4.049331 	 23.953230
  111 	 0.037638 	 4.718590 	 41.541303
  112 	 0.030043 	 2.656785 	 21.934389
  113 	 0.024071 	 3.279490 	 25.356194
  114 	 0.023660 	 4.296438 	 27.616105
  115 	 0.026959 	 4.569621 	 37.493347
  116 	 0.029956 	 2.453035 	 38.080679
  117 	 0.026668 	 3.513893 	 34.893182
  118 	 0.026259 	 5.004755 	 30.716136
  119 	 0.028657 	 4.423267 	 32.304482
  120 	 0.018641 	 2.840944 	 35.767183
  121 	 0.022783 	 3.443234 	 32.832720
  122 	 0.027958 	 4.949750 	 29.206855
  123 	 0.030456 	 5.161302 	 40.678820
  124 	 0.030120 	 2.760693 	 31.991688
  125 	 0.023662 	 4.427079 	 29.979496
  126 	 0.025804 	 4.059685 	 29.418583
  127 	 0.025980 	 4.602032 	 37.227507
  128 	 0.033990 	 3.667476 	 37.872757
  129 	 0.023165 	 4.892472 	 28.800072
  130 	 0.019237 	 3.746081 	 27.598222
  131 	 0.023533 	 5.018784 	 39.580469
  132 	 0.030954 	 4.683884 	 47.087392
  133 	 0.022758 	 5.948692 	 39.012896
  134 	 0.021233 	 3.963193 	 26.982919
  135 	 0.025632 	 4.239377 	 40.390259
  136 	 0.025332 	 4.535993 	 42.857746
  137 	 0.024751 	 4.764385 	 36.059479
  138 	 0.020745 	 3.947181 	 36.992815
  139 	 0.027731 	 3.867000 	 37.092623
  140 	 0.027031 	 3.212558 	 29.027665
  141 	 0.026958 	 3.998387 	 26.931899
  142 	 0.031468 	 3.707815 	 27.449316
  143 	 0.031939 	 3.790332 	 34.893888
  144 	 0.036423 	 3.196230 	 27.671762
  145 	 0.028656 	 4.300267 	 29.464338
  146 	 0.036135 	 3.070636 	 21.892865
  147 	 0.033919 	 4.065656 	 30.528586
  148 	 0.035027 	 3.322014 	 26.017194
  149 	 0.029701 	 3.931903 	 28.719984
  150 	 0.032294 	 2.790258 	 25.045906
  151 	 0.034818 	 4.594080 	 28.901124
  152 	 0.036199 	 3.508444 	 29.417045
  153 	 0.034600 	 4.230127 	 26.868729
  154 	 0.022488 	 3.115560 	 26.385738
  155 	 0.036386 	 4.882274 	 27.548374
  156 	 0.019121 	 3.725097 	 37.191670
  157 	 0.021162 	 4.054387 	 26.892018
  158 	 0.026887 	 4.362807 	 49.210727
  159 	 0.024166 	 5.149474 	 43.740267
  160 	 0.019399 	 4.074550 	 34.980457
  161 	 0.022861 	 3.446128 	 25.390944
  162 	 0.024527 	 3.484629 	 45.413517
  163 	 0.031595 	 4.683118 	 36.021309
  164 	 0.022019 	 4.943846 	 31.761126
  165 	 0.027760 	 3.617184 	 30.774328
  166 	 0.031483 	 3.129449 	 37.556524
  167 	 0.032493 	 4.518685 	 29.592514
  168 	 0.026626 	 4.383352 	 30.410517
  169 	 0.033791 	 3.272382 	 29.245443
  170 	 0.025937 	 3.775028 	 35.303638
  171 	 0.020703 	 4.039413 	 25.845827
  172 	 0.024173 	 4.190218 	 35.238433
  173 	 0.028374 	 3.132493 	 37.618436
  174 	 0.028377 	 3.833099 	 38.650962
  175 	 0.026574 	 4.411068 	 30.862188
  176 	 0.025799 	 3.604793 	 31.070006
  177 	 0.025994 	 3.086473 	 29.824157
  178 	 0.026463 	 3.809873 	 36.364653
  179 	 0.030533 	 4.163546 	 31.547857
  180 	 0.027045 	 3.458563 	 24.925319
  181 	 0.020056 	 3.352413 	 28.709988
  182 	 0.038311 	 2.967781 	 21.210983
  183 	 0.031279 	 4.091104 	 45.339911
  184 	 0.047137 	 2.949224 	 23.631538
  185 	 0.022055 	 3.516453 	 27.968350
  186 	 0.034954 	 2.531881 	 19.363991
  187 	 0.035740 	 3.455010 	 39.285668
  188 	 0.026087 	 3.047462 	 27.134031
  189 	 0.025452 	 3.541308 	 25.046844
  190 	 0.029029 	 2.937759 	 35.351899
  191 	 0.039924 	 3.472381 	 32.838622
  192 	 0.028286 	 3.301210 	 26.295718
  193 	 0.030450 	 2.824780 	 22.082836
  194 	 0.019386 	 2.927589 	 29.686195
  195 	 0.025511 	 3.078444 	 25.577656
  196 	 0.033345 	 3.152888 	 25.153732
  197 	 0.033933 	 2.245758 	 26.096072
  198 	 0.020530 	 2.281880 	 25.876342
  199 	 0.038130 	 2.942980 	 28.302109
  200 	 0.035310 	 3.017155 	 27.367630
  201 	 0.035328 	 2.388135 	 22.733303
  202 	 0.032907 	 2.764938 	 26.730595
  203 	 0.034353 	 3.345291 	 26.718009
  204 	 0.034031 	 2.983110 	 25.698993
  205 	 0.025447 	 2.913844 	 25.933740
  206 	 0.036215 	 2.357872 	 23.264770
  207 	 0.023808 	 3.387014 	 28.732861
  208 	 0.022579 	 3.072891 	 26.236232
  209 	 0.034798 	 2.216794 	 25.295327
  210 	 0.032880 	 1.722569 	 22.551172
  211 	 0.031010 	 3.194279 	 27.101897
  212 	 0.034102 	 3.666665 	 29.171466
  213 	 0.030074 	 3.014607 	 30.854483
  214 	 0.018155 	 2.376291 	 28.167253
  215 	 0.032406 	 2.800850 	 31.772621
  216 	 0.035347 	 3.066812 	 24.250407
  217 	 0.029906 	 2.768613 	 27.619548
  218 	 0.027162 	 2.689097 	 27.212917
  219 	 0.031119 	 2.846375 	 25.258947
  220 	 0.023110 	 2.885233 	 35.011726
  221 	 0.028993 	 3.980633 	 28.637557
  222 	 0.028561 	 3.320437 	 37.161263
  223 	 0.034917 	 3.092932 	 24.397531
  224 	 0.025585 	 3.690873 	 26.489654
  225 	 0.022452 	 3.977804 	 25.682729
  226 	 0.037745 	 2.696261 	 36.383148
  227 	 0.037578 	 3.509805 	 37.102821
  228 	 0.019084 	 3.408729 	 22.228238
  229 	 0.022797 	 3.905934 	 25.655312
  230 	 0.019119 	 3.055875 	 48.817388
  231 	 0.019355 	 3.450191 	 41.327675
  232 	 0.020484 	 3.383797 	 42.159741
  233 	 0.024197 	 5.076695 	 42.634854
  234 	 0.023716 	 3.195009 	 35.397641
  235 	 0.023412 	 3.627137 	 33.902323
  236 	 0.028247 	 4.414268 	 40.623436
  237 	 0.021339 	 4.806532 	 33.551671
  238 	 0.024607 	 3.444737 	 29.808541
  239 	 0.029800 	 3.288577 	 37.538746
  240 	 0.021254 	 3.741303 	 24.471391
  241 	 0.026545 	 4.862306 	 28.489978
  242 	 0.029527 	 3.355960 	 44.734838
  243 	 0.035097 	 3.184705 	 32.107994
  244 	 0.019892 	 3.998616 	 25.964716
  245 	 0.031141 	 4.300885 	 24.692886
  246 	 0.025967 	 2.885447 	 25.134322
  247 	 0.040437 	 3.293391 	 26.851765
  248 	 0.019932 	 4.168593 	 27.000751
  249 	 0.034903 	 3.703687 	 21.674536
  250 	 0.030588 	 3.010217 	 23.480493
  251 	 0.027277 	 2.660393 	 25.314474
  252 	 0.022361 	 3.931107 	 28.418998
  253 	 0.031254 	 4.198037 	 31.370908
  254 	 0.034872 	 3.172105 	 37.090012
  255 	 0.024920 	 3.765886 	 25.276044
  256 	 0.026958 	 4.617547 	 26.793762
  257 	 0.038951 	 4.227554 	 38.580848
  258 	 0.028960 	 3.376138 	 33.831916
  259 	 0.025915 	 3.124806 	 23.333981
  260 	 0.029556 	 4.193670 	 33.377973
  261 	 0.024594 	 3.737414 	 35.069044
  262 	 0.029956 	 3.184325 	 28.938831
  263 	 0.028397 	 3.141559 	 33.009302
  264 	 0.028132 	 4.209799 	 32.304158
  265 	 0.019171 	 4.069517 	 33.034382
  266 	 0.030496 	 3.762438 	 33.520625
  267 	 0.030268 	 4.437874 	 47.914311
  268 	 0.029826 	 4.365083 	 29.193881
  269 	 0.020814 	 3.107595 	 29.790595
  270 	 0.034251 	 3.587162 	 32.440345
  271 	 0.033564 	 4.029354 	 44.417083
  272 	 0.030821 	 4.522657 	 28.776393
  273 	 0.019124 	 2.453851 	 24.843684
  274 	 0.033250 	 3.578625 	 30.749302
  275 	 0.023444 	 3.607398 	 48.021381
  276 	 0.032519 	 4.311688 	 27.361583
  277 	 0.020814 	 3.361127 	 39.771030
  278 	 0.036524 	 3.481517 	 23.086501
  279 	 0.024783 	 3.629437 	 27.090170
  280 	 0.026916 	 3.651072 	 26.649528
  281 	 0.036328 	 3.535266 	 37.550895
  282 	 0.029376 	 3.844883 	 34.945921
  283 	 0.026627 	 3.055729 	 25.395232
  284 	 0.016210 	 3.724461 	 25.958703
  285 	 0.024481 	 3.761342 	 36.196759
  286 	 0.028326 	 4.614306 	 54.913394
  287 	 0.027598 	 2.800903 	 39.244478
  288 	 0.018210 	 4.377872 	 33.304127
  289 	 0.025479 	 4.189775 	 28.573088
  290 	 0.027038 	 4.836868 	 44.622573
  291 	 0.034995 	 2.671224 	 25.069687
  292 	 0.022390 	 5.163155 	 33.290950
  293 	 0.039087 	 4.179217 	 27.251829
  294 	 0.026143 	 5.618396 	 41.511150
  295 	 0.031204 	 2.994704 	 24.045848
  296 	 0.024089 	 4.832167 	 35.659124
  297 	 0.035684 	 4.421359 	 30.299796
  298 	 0.026082 	 4.681545 	 37.609628
  299 	 0.026539 	 3.117406 	 26.678257
  300 	 0.026588 	 5.050287 	 35.865084
  301 	 0.030580 	 4.808740 	 28.735850
  302 	 0.027881 	 3.829758 	 26.352361
  303 	 0.029504 	 3.749931 	 28.669463
  304 	 0.037612 	 4.627071 	 33.578655
  305 	 0.034865 	 4.294541 	 27.669987
  306 	 0.020238 	 4.126448 	 24.383035
  307 	 0.029274 	 3.767359 	 26.133862
  308 	 0.020048 	 3.580902 	 25.920757
  309 	 0.028436 	 4.391267 	 25.422897
  310 	 0.038570 	 3.607840 	 21.899664
  311 	 0.032952 	 3.569492 	 22.008891
  312 	 0.037602 	 3.215907 	 21.753083
  313 	 0.038747 	 3.566654 	 23.616150
  314 	 0.026027 	 3.955918 	 20.687267
  315 	 0.027511 	 3.278470 	 23.334530
  316 	 0.026808 	 3.111119 	 29.180704
  317 	 0.037886 	 3.235546 	 23.690732
  318 	 0.034261 	 4.266920 	 30.387989
  319 	 0.038406 	 2.730743 	 18.731469
  320 	 0.028876 	 2.704205 	 24.899533
  321 	 0.025097 	 2.946897 	 21.879009
  322 	 0.034249 	 3.700817 	 33.360420
  323 	 0.036086 	 2.915796 	 24.126029
  324 	 0.029966 	 2.862857 	 24.874460
  325 	 0.036608 	 2.845116 	 25.849286
  326 	 0.020073 	 3.895260 	 27.625662
  327 	 0.029135 	 2.762555 	 26.519445
  328 	 0.036196 	 3.166194 	 45.509756
  329 	 0.036304 	 2.857744 	 24.669962
  330 	 0.021968 	 3.482577 	 21.155619
  331 	 0.032897 	 2.998223 	 25.017454
  332 	 0.035488 	 3.170081 	 41.377563
  333 	 0.028946 	 3.458702 	 29.414049
  334 	 0.024161 	 3.221667 	 27.109388
  335 	 0.033996 	 3.423727 	 29.573904
  336 	 0.030070 	 3.154325 	 30.151933
  337 	 0.032035 	 3.393727 	 26.715417
  338 	 0.033025 	 3.245148 	 23.940626
  339 	 0.027134 	 2.938897 	 23.285092
  340 	 0.034644 	 3.710122 	 29.218721
  341 	 0.021553 	 3.908881 	 29.999082
  342 	 0.034223 	 3.382984 	 27.976847
  343 	 0.028607 	 3.124250 	 37.518782
  344 	 0.029179 	 3.006042 	 25.430159
  345 	 0.023374 	 3.446226 	 26.025732
  346 	 0.036513 	 4.335582 	 25.588990
  347 	 0.038349 	 3.449309 	 30.729177
  348 	 0.030091 	 2.922430 	 23.816133
  349 	 0.023039 	 3.326535 	 25.349202
  350 	 0.020282 	 4.009030 	 31.755191
  351 	 0.036939 	 3.349275 	 32.852701
  352 	 0.031490 	 3.588063 	 48.585764
  353 	 0.030439 	 2.587485 	 19.092837
  354 	 0.020576 	 4.544357 	 25.498250
  355 	 0.029458 	 4.687710 	 29.464846
  356 	 0.023129 	 3.025715 	 23.844871
  357 	 0.033904 	 3.482248 	 31.889717
  358 	 0.031936 	 5.331676 	 37.694224
  359 	 0.026797 	 3.949897 	 26.704648
  360 	 0.012827 	 2.852375 	 29.642240
  361 	 0.024910 	 3.124057 	 30.071508
  362 	 0.031225 	 4.781699 	 68.368660
  363 	 0.033243 	 3.949522 	 32.144440
  364 	 0.014626 	 3.384740 	 30.279941
  365 	 0.029532 	 2.937375 	 28.536247
  366 	 0.017796 	 4.465420 	 44.197877
  367 	 0.035036 	 3.403690 	 25.131929
  368 	 0.022621 	 2.925577 	 38.765980
  369 	 0.037311 	 3.530764 	 22.898708
  370 	 0.021963 	 4.118869 	 25.359286
  371 	 0.038517 	 3.308338 	 24.056205
  372 	 0.031482 	 2.772098 	 40.711423
  373 	 0.031409 	 2.882271 	 19.738826
  374 	 0.024558 	 3.796962 	 22.998616
  375 	 0.023757 	 3.496111 	 23.635853
  376 	 0.031535 	 2.530691 	 29.105131
  377 	 0.018041 	 3.254437 	 34.653788
  378 	 0.034212 	 3.623330 	 25.166171
  379 	 0.022544 	 4.123879 	 29.287824
  380 	 0.028933 	 2.513339 	 24.485166
  381 	 0.018187 	 4.615870 	 33.381574
  382 	 0.036716 	 4.448670 	 32.644528
  383 	 0.028904 	 4.466801 	 46.323914
  384 	 0.030600 	 2.959600 	 23.914095
  385 	 0.021587 	 3.436472 	 25.352624
  386 	 0.031353 	 4.557553 	 27.443823
  387 	 0.019603 	 5.082220 	 37.471929
  388 	 0.036385 	 2.835957 	 25.218454
  389 	 0.026680 	 2.649282 	 22.556097
  390 	 0.035643 	 3.379962 	 26.677482
  391 	 0.035852 	 3.916736 	 26.873792
  392 	 0.035393 	 3.217429 	 26.706929
  393 	 0.037209 	 3.175181 	 25.766951
  394 	 0.033047 	 3.422304 	 24.695763
  395 	 0.034769 	 3.603554 	 26.103204
  396 	 0.040474 	 3.100351 	 24.786866
  397 	 0.030049 	 3.778667 	 25.082138
  398 	 0.020479 	 2.922989 	 21.084444
  399 	 0.035395 	 3.324636 	 28.450267
 