   0 	 0.014011 	 0.055894 	 0.427698
    1 	 0.021767 	 0.203988 	 2.282063
    2 	 0.031087 	 0.624664 	 9.223671
    3 	 0.036854 	 1.645740 	 12.861949
    4 	 0.029503 	 2.069273 	 14.577318
    5 	 0.037389 	 1.314678 	 15.348281
    6 	 0.035943 	 1.265188 	 17.300006
    7 	 0.035862 	 1.891538 	 14.975005
    8 	 0.034334 	 2.269589 	 15.565972
    9 	 0.029611 	 2.008313 	 15.585505
   10 	 0.031779 	 1.944777 	 15.355006
   11 	 0.038351 	 1.601847 	 12.987748
   12 	 0.038330 	 2.093347 	 17.980933
   13 	 0.039425 	 2.195361 	 20.296056
   14 	 0.032645 	 1.804448 	 13.015785
   15 	 0.032972 	 1.755732 	 14.715085
   16 	 0.027323 	 1.800706 	 15.749241
   17 	 0.032234 	 1.956540 	 15.377806
   18 	 0.034392 	 2.060225 	 19.714891
   19 	 0.037533 	 2.132209 	 16.519587
   20 	 0.038203 	 1.829031 	 14.994177
   21 	 0.030730 	 2.286838 	 20.067051
   22 	 0.038864 	 1.840007 	 15.551265
   23 	 0.027930 	 1.978488 	 21.574838
   24 	 0.037136 	 1.916492 	 13.894224
   25 	 0.037965 	 2.061239 	 15.351322
   26 	 0.037597 	 1.740477 	 12.541451
   27 	 0.032291 	 2.242032 	 14.200032
   28 	 0.036642 	 1.804954 	 9.231953
   29 	 0.025636 	 2.014167 	 14.751178
   30 	 0.064055 	 1.966208 	 15.234148
   31 	 0.029439 	 1.873007 	 14.828900
   32 	 0.035622 	 1.521715 	 9.666076
   33 	 0.033633 	 1.729018 	 14.154917
   34 	 0.037675 	 2.006333 	 14.197313
   35 	 0.036358 	 1.873303 	 18.795772
   36 	 0.035709 	 1.462302 	 13.409342
   37 	 0.034561 	 1.798189 	 13.636437
   38 	 0.074095 	 2.433361 	 14.063001
   39 	 0.058507 	 1.677350 	 12.959839
   40 	 0.030628 	 1.335530 	 8.230811
   41 	 0.031621 	 1.349433 	 11.036665
   42 	 0.037555 	 1.754507 	 12.831065
   43 	 0.033325 	 2.030915 	 14.417441
   44 	 0.030712 	 1.848060 	 14.196440
   45 	 0.035649 	 1.591897 	 15.284647
   46 	 0.036360 	 2.216533 	 14.901525
   47 	 0.035871 	 2.176075 	 14.914465
   48 	 0.038189 	 1.918868 	 16.868048
   49 	 0.038670 	 1.908385 	 14.916728
   50 	 0.030597 	 2.040592 	 14.199044
   51 	 0.031186 	 2.257872 	 14.130277
   52 	 0.037213 	 1.435203 	 10.846333
   53 	 0.038315 	 1.907890 	 15.801351
   54 	 0.030001 	 2.009868 	 13.740844
   55 	 0.032327 	 2.035001 	 14.201616
   56 	 0.037974 	 1.457943 	 14.590607
   57 	 0.029712 	 2.090819 	 22.458439
   58 	 0.030110 	 1.883107 	 9.733435
   59 	 0.040001 	 2.195717 	 14.816628
   60 	 0.035719 	 1.620479 	 16.074567
   61 	 0.037617 	 1.498124 	 9.579088
   62 	 0.038596 	 2.117816 	 19.805159
   63 	 0.029859 	 2.108671 	 16.858629
   64 	 0.034586 	 1.557042 	 17.547845
   65 	 0.024118 	 1.770414 	 19.880323
   66 	 0.037683 	 2.422023 	 15.617617
   67 	 0.032981 	 2.957468 	 30.286471
   68 	 0.038295 	 1.490919 	 18.558725
   69 	 0.032511 	 2.035544 	 22.133304
   70 	 0.036698 	 2.315093 	 23.051125
   71 	 0.034260 	 3.029832 	 21.404008
   72 	 0.037939 	 2.242155 	 22.160120
   73 	 0.021273 	 2.443156 	 21.521765
   74 	 0.021693 	 2.425188 	 21.589498
   75 	 0.034423 	 2.867207 	 20.981528
   76 	 0.035279 	 2.312365 	 25.909629
   77 	 0.036801 	 2.528288 	 21.131498
   78 	 0.020636 	 2.553915 	 23.267414
   79 	 0.037563 	 2.700603 	 12.501842
   80 	 0.039044 	 2.946783 	 32.930728
   81 	 0.037248 	 2.425997 	 19.816634
   82 	 0.030354 	 1.997822 	 16.546446
   83 	 0.022062 	 2.479793 	 11.015425
   84 	 0.060389 	 3.404625 	 26.487133
   85 	 0.030438 	 2.558724 	 26.304519
   86 	 0.023339 	 1.483126 	 12.824433
   87 	 0.031226 	 2.388456 	 25.948097
   88 	 0.034148 	 3.487600 	 26.197267
   89 	 0.030420 	 2.482959 	 21.811159
   90 	 0.030336 	 1.760287 	 19.380172
   91 	 0.033051 	 2.064451 	 25.960457
   92 	 0.038049 	 2.981464 	 22.895990
   93 	 0.019313 	 2.450654 	 22.823792
   94 	 0.034359 	 2.268116 	 21.159441
   95 	 0.042835 	 2.381794 	 25.942709
   96 	 0.031405 	 2.684228 	 19.270166
   97 	 0.032156 	 2.044963 	 19.632856
   98 	 0.034542 	 1.898363 	 18.098826
   99 	 0.037237 	 2.240393 	 22.071004
  100 	 0.026988 	 2.357827 	 13.420215
  101 	 0.020911 	 1.734411 	 15.232936
  102 	 0.030542 	 2.139698 	 24.161605
  103 	 0.036081 	 2.184034 	 32.775357
  104 	 0.039048 	 2.553595 	 25.353770
  105 	 0.030504 	 2.126468 	 22.403535
  106 	 0.018521 	 2.059036 	 19.744185
  107 	 0.034282 	 1.907776 	 19.898134
  108 	 0.026888 	 2.971991 	 45.617579
  109 	 0.036108 	 2.100687 	 19.274611
  110 	 0.021673 	 2.239910 	 29.683969
  111 	 0.022652 	 2.134650 	 22.620577
  112 	 0.031814 	 3.003196 	 31.214229
  113 	 0.036505 	 2.565841 	 32.518230
  114 	 0.032027 	 2.375620 	 26.375597
  115 	 0.030742 	 2.309635 	 18.585677
  116 	 0.037459 	 2.626570 	 22.921583
  117 	 0.034366 	 2.182188 	 26.013178
  118 	 0.025570 	 1.882726 	 16.323995
  119 	 0.035947 	 3.170104 	 23.931506
  120 	 0.061235 	 3.013350 	 22.921500
  121 	 0.032302 	 2.057789 	 24.011584
  122 	 0.033270 	 1.805074 	 14.422777
  123 	 0.038352 	 2.246895 	 19.684443
  124 	 0.027288 	 2.389910 	 19.755197
  125 	 0.035327 	 2.127914 	 19.899301
  126 	 0.028653 	 2.271971 	 22.178763
  127 	 0.048111 	 2.766646 	 24.224224
  128 	 0.018328 	 2.762818 	 30.813776
  129 	 0.030070 	 1.856257 	 16.258983
  130 	 0.032449 	 3.013207 	 30.369557
  131 	 0.037910 	 3.565581 	 25.741521
  132 	 0.031305 	 2.913652 	 23.068802
  133 	 0.035912 	 2.017483 	 21.277308
  134 	 0.028086 	 2.831105 	 27.604983
  135 	 0.035912 	 3.778859 	 23.953997
  136 	 0.036134 	 3.579220 	 27.943633
  137 	 0.038225 	 3.151356 	 22.005366
  138 	 0.031441 	 2.820699 	 24.670586
  139 	 0.035968 	 2.911734 	 21.446477
  140 	 0.032552 	 3.067481 	 26.356581
  141 	 0.032697 	 3.351727 	 25.465879
  142 	 0.037939 	 2.821884 	 22.438343
  143 	 0.019578 	 3.358844 	 24.816015
  144 	 0.026561 	 2.733731 	 21.349513
  145 	 0.040225 	 3.447124 	 21.498888
  146 	 0.029744 	 2.546097 	 30.246907
  147 	 0.029822 	 2.273747 	 21.401705
  148 	 0.019212 	 2.551546 	 20.116811
  149 	 0.037872 	 3.235812 	 20.047135
  150 	 0.036371 	 2.213276 	 18.363415
  151 	 0.037303 	 2.410961 	 24.288299
  152 	 0.019787 	 2.554368 	 17.460991
  153 	 0.030563 	 2.972545 	 18.712755
  154 	 0.027815 	 1.925539 	 33.017650
  155 	 0.030964 	 1.905066 	 24.352744
  156 	 0.030269 	 2.514043 	 18.143374
  157 	 0.036172 	 2.579570 	 16.078926
  158 	 0.037261 	 2.738069 	 23.998831
  159 	 0.032260 	 2.228033 	 22.064210
  160 	 0.037813 	 2.665472 	 23.553091
  161 	 0.045293 	 3.003739 	 27.203334
  162 	 0.020302 	 3.077113 	 22.654910
  163 	 0.026133 	 1.788871 	 12.491316
  164 	 0.035305 	 2.539364 	 28.901783
  165 	 0.039559 	 2.945591 	 31.713054
  166 	 0.022402 	 3.120236 	 23.289523
  167 	 0.031528 	 2.183332 	 22.696873
  168 	 0.034767 	 2.688616 	 31.543857
  169 	 0.019373 	 2.838411 	 22.959443
  170 	 0.031699 	 3.442521 	 22.781587
  171 	 0.036904 	 2.298103 	 21.286138
  172 	 0.028606 	 2.365812 	 22.987607
  173 	 0.035443 	 3.047896 	 24.589542
  174 	 0.038301 	 3.324092 	 30.858772
  175 	 0.033624 	 2.483222 	 23.461721
  176 	 0.032402 	 2.174556 	 21.519018
  177 	 0.042616 	 2.915321 	 20.953650
  178 	 0.029515 	 2.739889 	 21.471018
  179 	 0.032423 	 2.321759 	 21.922258
  180 	 0.034962 	 2.030223 	 12.567192
  181 	 0.045606 	 2.924076 	 23.000467
  182 	 0.031443 	 3.366719 	 23.270873
  183 	 0.021851 	 2.209729 	 16.514044
  184 	 0.036268 	 1.959953 	 17.378343
  185 	 0.035807 	 2.802192 	 23.590571
  186 	 0.036057 	 3.049245 	 21.200682
  187 	 0.020366 	 2.270519 	 21.046864
  188 	 0.037923 	 2.099837 	 18.706585
  189 	 0.019563 	 2.965144 	 25.650061
  190 	 0.036608 	 3.215585 	 23.739822
  191 	 0.021201 	 4.127945 	 28.273514
  192 	 0.030476 	 2.304669 	 23.359904
  193 	 0.028667 	 3.211683 	 35.460110
  194 	 0.024850 	 2.618284 	 16.615078
  195 	 0.028198 	 3.984119 	 29.791450
  196 	 0.031419 	 2.885587 	 33.613202
  197 	 0.028289 	 3.649126 	 29.071698
  198 	 0.029746 	 2.941664 	 24.802462
  199 	 0.025626 	 4.361035 	 30.874877
  200 	 0.021252 	 2.371371 	 25.875982
  201 	 0.026706 	 3.447118 	 30.006230
  202 	 0.036943 	 3.030705 	 23.380781
  203 	 0.019096 	 3.824957 	 19.003273
  204 	 0.021158 	 2.591097 	 22.314095
  205 	 0.023705 	 3.477175 	 37.318927
  206 	 0.030349 	 3.116055 	 34.652709
  207 	 0.026698 	 3.834663 	 23.713809
  208 	 0.028850 	 2.685319 	 23.040494
  209 	 0.027819 	 3.435013 	 23.295182
  210 	 0.038592 	 2.722819 	 20.091655
  211 	 0.035418 	 3.270058 	 20.526075
  212 	 0.033089 	 2.633766 	 19.200585
  213 	 0.035451 	 3.403696 	 21.434563
  214 	 0.025203 	 3.126603 	 21.615214
  215 	 0.031502 	 3.588206 	 22.428582
  216 	 0.038798 	 2.465865 	 14.914895
  217 	 0.037918 	 2.608510 	 13.924410
  218 	 0.038332 	 2.540367 	 17.285546
  219 	 0.032664 	 2.803196 	 14.165810
  220 	 0.034296 	 2.904225 	 19.744734
  221 	 0.056876 	 3.210370 	 21.030714
  222 	 0.017992 	 2.255675 	 20.493360
  223 	 0.036002 	 2.282598 	 12.297960
  224 	 0.037416 	 3.655587 	 26.882613
  225 	 0.060716 	 3.700629 	 19.800698
  226 	 0.032179 	 2.947574 	 24.262623
  227 	 0.022157 	 2.154337 	 13.790049
  228 	 0.037582 	 2.260153 	 18.380760
  229 	 0.030538 	 3.277681 	 24.699206
  230 	 0.037970 	 3.781958 	 23.494277
  231 	 0.030329 	 2.286695 	 19.571578
  232 	 0.036402 	 1.971184 	 18.358621
  233 	 0.035361 	 3.009896 	 22.357111
  234 	 0.039023 	 3.135299 	 20.618020
  235 	 0.036866 	 2.446328 	 16.205960
  236 	 0.035721 	 2.335345 	 20.111211
  237 	 0.031677 	 3.246873 	 22.590825
  238 	 0.038222 	 2.975960 	 21.541739
  239 	 0.044234 	 2.790721 	 26.401408
  240 	 0.037891 	 2.383166 	 19.832787
  241 	 0.033632 	 2.780750 	 18.539832
  242 	 0.036125 	 2.663725 	 15.197915
  243 	 0.029272 	 2.323169 	 22.557215
  244 	 0.037838 	 2.266746 	 21.356109
  245 	 0.031425 	 3.693907 	 25.691807
  246 	 0.030555 	 2.852313 	 18.760147
  247 	 0.038402 	 2.437440 	 24.495076
  248 	 0.038535 	 2.559181 	 23.388881
  249 	 0.032741 	 2.950148 	 19.172780
  250 	 0.025726 	 2.701811 	 20.861370
  251 	 0.037211 	 2.544601 	 22.382593
  252 	 0.031914 	 2.629369 	 32.127828
  253 	 0.030236 	 3.059433 	 21.686735
  254 	 0.023239 	 3.479574 	 24.674780
  255 	 0.038478 	 2.431009 	 23.565041
  256 	 0.022796 	 2.362434 	 31.807728
  257 	 0.035676 	 3.096625 	 22.432484
  258 	 0.031433 	 4.026990 	 35.976830
  259 	 0.030016 	 2.632754 	 23.937370
  260 	 0.027789 	 2.035140 	 23.264641
  261 	 0.034406 	 2.755797 	 24.440564
  262 	 0.038175 	 3.725117 	 29.508278
  263 	 0.025523 	 2.506749 	 21.313074
  264 	 0.018111 	 2.138173 	 20.178181
  265 	 0.021509 	 3.771616 	 28.909459
  266 	 0.038100 	 3.279367 	 24.383827
  267 	 0.034566 	 2.827988 	 24.746752
  268 	 0.030872 	 1.831273 	 16.165436
  269 	 0.038067 	 3.557058 	 25.083957
  270 	 0.038474 	 3.835193 	 27.645450
  271 	 0.037700 	 2.309527 	 22.212079
  272 	 0.028348 	 1.971257 	 21.153101
  273 	 0.031582 	 2.950003 	 20.987224
  274 	 0.031009 	 3.652538 	 23.943352
  275 	 0.036119 	 2.477596 	 22.610170
  276 	 0.032694 	 2.964924 	 21.369622
  277 	 0.023079 	 2.764956 	 22.018261
  278 	 0.031051 	 3.416925 	 26.886262
  279 	 0.030446 	 2.778127 	 34.868811
  280 	 0.037164 	 2.711687 	 24.344626
  281 	 0.025482 	 2.500835 	 23.318620
  282 	 0.038558 	 3.248277 	 17.346382
  283 	 0.029408 	 3.477318 	 31.169708
  284 	 0.026448 	 2.771159 	 17.246227
  285 	 0.030788 	 3.381808 	 27.771874
  286 	 0.033795 	 3.252817 	 30.913658
  287 	 0.035996 	 2.820342 	 26.746594
  288 	 0.032341 	 2.557854 	 23.366957
  289 	 0.022323 	 3.163597 	 22.781564
  290 	 0.024718 	 3.641749 	 26.150020
  291 	 0.038213 	 3.581011 	 22.747500
  292 	 0.024588 	 3.247272 	 34.580219
  293 	 0.037854 	 2.758307 	 18.454164
  294 	 0.022606 	 3.460341 	 32.063121
  295 	 0.025200 	 3.063461 	 20.680774
  296 	 0.023407 	 2.437197 	 24.084833
  297 	 0.048319 	 4.223418 	 31.446796
  298 	 0.041503 	 3.077122 	 28.274077
  299 	 0.031658 	 2.371961 	 18.200663
  300 	 0.033598 	 2.289473 	 17.824338
  301 	 0.034454 	 3.602624 	 27.201632
  302 	 0.038318 	 2.793090 	 26.113648
  303 	 0.036754 	 3.515255 	 26.699290
  304 	 0.034672 	 2.659941 	 24.486726
  305 	 0.028663 	 3.181791 	 26.209847
  306 	 0.037871 	 3.210430 	 25.725564
  307 	 0.038147 	 4.104427 	 28.040565
  308 	 0.035661 	 3.029222 	 24.935237
  309 	 0.035661 	 3.096597 	 19.054023
  310 	 0.038135 	 3.658535 	 24.660795
  311 	 0.022356 	 3.410465 	 25.865697
  312 	 0.034557 	 2.924552 	 23.399805
  313 	 0.032231 	 3.891802 	 38.675476
  314 	 0.036925 	 3.304749 	 26.276058
  315 	 0.025826 	 4.006045 	 27.449284
  316 	 0.030290 	 3.011312 	 25.624865
  317 	 0.019905 	 3.404296 	 26.947580
  318 	 0.035886 	 4.040262 	 28.743759
  319 	 0.032890 	 4.166494 	 43.288437
  320 	 0.018664 	 3.031909 	 25.819991
  321 	 0.019032 	 3.756787 	 26.733237
  322 	 0.032723 	 4.213169 	 48.865610
  323 	 0.022699 	 3.409696 	 50.937538
  324 	 0.020464 	 3.496292 	 28.966318
  325 	 0.019632 	 4.173099 	 40.817285
  326 	 0.028401 	 4.221625 	 48.159865
  327 	 0.024498 	 3.456228 	 25.856752
  328 	 0.020737 	 4.193717 	 28.479931
  329 	 0.024822 	 3.720733 	 27.036211
  330 	 0.028502 	 4.230322 	 47.534858
  331 	 0.036235 	 3.964413 	 36.334565
  332 	 0.021024 	 4.540332 	 26.220520
  333 	 0.027517 	 3.091771 	 26.849674
  334 	 0.029368 	 3.662871 	 46.895555
  335 	 0.025998 	 3.687249 	 27.645597
  336 	 0.021311 	 3.860567 	 26.016161
  337 	 0.036096 	 2.830315 	 26.637778
  338 	 0.033244 	 3.535935 	 44.031962
  339 	 0.037539 	 3.921416 	 27.475554
  340 	 0.022695 	 4.740524 	 29.547424
  341 	 0.036396 	 3.044277 	 25.868937
  342 	 0.033844 	 3.627772 	 43.488559
  343 	 0.038656 	 4.102705 	 27.030241
  344 	 0.021664 	 4.429168 	 26.063055
  345 	 0.030491 	 3.097806 	 25.670305
  346 	 0.029781 	 3.301361 	 42.936552
  347 	 0.021150 	 3.926396 	 31.356539
  348 	 0.023227 	 4.615968 	 28.988859
  349 	 0.031890 	 3.505476 	 41.408156
  350 	 0.031306 	 2.809798 	 34.019825
  351 	 0.019373 	 2.751569 	 24.888973
  352 	 0.027926 	 4.957484 	 27.146241
  353 	 0.035806 	 4.318699 	 48.843579
  354 	 0.036836 	 3.507676 	 30.839770
  355 	 0.020473 	 2.851284 	 24.356873
  356 	 0.019292 	 4.103869 	 25.166078
  357 	 0.026202 	 4.441154 	 44.301254
  358 	 0.020922 	 3.238610 	 50.270641
  359 	 0.022572 	 3.191706 	 28.983608
  360 	 0.019889 	 4.324740 	 44.010406
  361 	 0.034502 	 4.446880 	 40.531338
  362 	 0.019429 	 2.663382 	 35.101322
  363 	 0.024671 	 3.249377 	 28.088651
  364 	 0.023888 	 4.469331 	 41.980054
  365 	 0.030131 	 4.159081 	 30.633286
  366 	 0.023821 	 2.959915 	 38.928500
  367 	 0.027981 	 3.903832 	 32.019255
  368 	 0.025687 	 4.111524 	 40.127303
  369 	 0.028359 	 3.541295 	 34.988878
  370 	 0.024920 	 3.265657 	 37.331880
  371 	 0.024041 	 3.953515 	 26.450519
  372 	 0.026786 	 3.920601 	 33.449888
  373 	 0.037133 	 3.036572 	 35.917591
  374 	 0.029869 	 3.177746 	 29.290137
  375 	 0.027834 	 3.617570 	 25.812001
  376 	 0.033233 	 3.653058 	 32.289831
  377 	 0.030805 	 3.009159 	 34.560842
  378 	 0.027272 	 3.914915 	 27.824221
  379 	 0.028934 	 4.152080 	 31.342782
  380 	 0.035359 	 3.519361 	 35.245589
  381 	 0.031794 	 3.284751 	 34.207245
  382 	 0.026483 	 3.717025 	 28.043671
  383 	 0.029233 	 5.322045 	 28.530886
  384 	 0.022743 	 3.204568 	 36.254532
  385 	 0.032109 	 2.753327 	 32.967770
  386 	 0.026011 	 3.815373 	 35.915872
  387 	 0.018475 	 5.587640 	 29.403838
  388 	 0.027843 	 3.657507 	 38.007492
  389 	 0.030219 	 3.680684 	 49.079975
  390 	 0.026280 	 2.832329 	 24.977413
  391 	 0.020186 	 5.359344 	 28.484356
  392 	 0.027860 	 4.254191 	 33.579575
  393 	 0.020213 	 4.009536 	 42.218525
  394 	 0.029771 	 3.771931 	 30.066103
  395 	 0.023686 	 4.934901 	 28.258861
  396 	 0.030798 	 3.801670 	 33.255145
  397 	 0.022436 	 3.572925 	 41.691541
  398 	 0.030066 	 4.225434 	 32.156607
  399 	 0.014748 	 5.182975 	 42.487578
 