   0 	 0.016809 	 0.109228 	 2.222222
    1 	 0.018267 	 0.605490 	 5.627461
    2 	 0.034137 	 1.082265 	 4.209159
    3 	 0.031098 	 1.232197 	 5.446788
    4 	 0.031517 	 0.972156 	 7.267564
    5 	 0.031260 	 1.017541 	 10.001347
    6 	 0.035575 	 1.156270 	 6.571567
    7 	 0.073256 	 1.346352 	 8.080979
    8 	 0.035743 	 1.032986 	 10.505448
    9 	 0.037981 	 0.947257 	 6.515834
   10 	 0.038638 	 1.591029 	 10.857720
   11 	 0.037029 	 1.530622 	 8.246754
   12 	 0.036516 	 1.264549 	 19.820028
   13 	 0.037608 	 1.191691 	 10.713265
   14 	 0.039499 	 1.777591 	 10.645008
   15 	 0.037278 	 1.750847 	 14.730675
   16 	 0.034351 	 1.896931 	 19.106206
   17 	 0.036968 	 1.704473 	 21.106897
   18 	 0.029802 	 1.704114 	 21.344408
   19 	 0.047314 	 2.017956 	 10.294528
   20 	 0.036449 	 1.727757 	 19.414570
   21 	 0.019079 	 1.237080 	 17.417362
   22 	 0.039169 	 1.655981 	 21.482967
   23 	 0.036362 	 2.535589 	 19.673696
   24 	 0.034026 	 1.719807 	 9.331134
   25 	 0.037806 	 1.719852 	 19.507767
   26 	 0.032860 	 1.723299 	 11.907612
   27 	 0.033383 	 2.513463 	 21.914102
   28 	 0.038159 	 2.409546 	 24.594264
   29 	 0.045631 	 2.441037 	 24.061142
   30 	 0.033798 	 2.283524 	 25.667961
   31 	 0.029873 	 2.310710 	 19.519258
   32 	 0.038956 	 2.816911 	 28.820077
   33 	 0.023164 	 3.155932 	 28.190338
   34 	 0.019210 	 1.980370 	 18.431123
   35 	 0.023285 	 2.674234 	 39.118051
   36 	 0.033812 	 3.235127 	 33.771934
   37 	 0.025557 	 3.518823 	 25.924202
   38 	 0.020279 	 2.500038 	 26.540497
   39 	 0.020530 	 2.428773 	 24.902321
   40 	 0.035943 	 3.627442 	 44.884482
   41 	 0.031161 	 3.933208 	 33.079211
   42 	 0.022273 	 2.328626 	 22.756665
   43 	 0.030222 	 2.557333 	 24.080491
   44 	 0.037374 	 4.049541 	 30.462279
   45 	 0.037847 	 3.321929 	 28.495252
   46 	 0.032358 	 2.253225 	 22.434385
   47 	 0.035085 	 2.274276 	 20.564454
   48 	 0.025470 	 3.115534 	 25.905833
   49 	 0.036658 	 2.926122 	 22.735165
   50 	 0.031702 	 2.296790 	 27.475541
   51 	 0.025356 	 2.139877 	 17.985078
   52 	 0.034443 	 3.281381 	 26.176351
   53 	 0.024285 	 2.653288 	 38.825285
   54 	 0.034687 	 2.160265 	 21.444251
   55 	 0.025751 	 2.770491 	 37.900127
   56 	 0.032318 	 3.062603 	 26.682737
   57 	 0.026385 	 2.161691 	 19.776610
   58 	 0.037464 	 2.622190 	 22.303015
   59 	 0.030738 	 3.088022 	 33.565065
   60 	 0.038088 	 2.958257 	 24.621318
   61 	 0.029791 	 2.384204 	 17.470876
   62 	 0.036757 	 2.768857 	 24.652797
   63 	 0.030060 	 2.671725 	 27.479244
   64 	 0.030995 	 2.691981 	 23.064327
   65 	 0.035377 	 2.681971 	 27.056504
   66 	 0.025480 	 3.371925 	 30.216337
   67 	 0.033949 	 2.836030 	 25.136310
   68 	 0.031335 	 2.602477 	 22.005087
   69 	 0.033205 	 2.938169 	 25.828203
   70 	 0.038102 	 2.972936 	 21.182933
   71 	 0.038097 	 2.833868 	 24.934655
   72 	 0.021466 	 2.835972 	 22.221250
   73 	 0.034792 	 2.853917 	 16.308029
   74 	 0.040542 	 3.351670 	 33.260399
   75 	 0.035924 	 2.524115 	 23.045684
   76 	 0.030041 	 2.142997 	 19.269275
   77 	 0.026730 	 2.702583 	 22.063573
   78 	 0.024418 	 3.568624 	 24.115502
   79 	 0.033897 	 2.859227 	 29.735638
   80 	 0.038029 	 2.768479 	 40.131809
   81 	 0.033627 	 2.687638 	 24.511440
   82 	 0.024906 	 3.657158 	 23.162950
   83 	 0.037522 	 2.335642 	 27.376773
   84 	 0.043153 	 3.308866 	 31.440520
   85 	 0.036518 	 3.110304 	 24.739096
   86 	 0.031675 	 3.561368 	 20.668228
   87 	 0.022782 	 2.822159 	 26.165506
   88 	 0.025168 	 3.492172 	 29.224507
   89 	 0.035698 	 3.509192 	 40.190152
   90 	 0.030320 	 3.354632 	 31.183402
   91 	 0.024877 	 2.917186 	 25.908205
   92 	 0.031632 	 4.063204 	 27.541499
   93 	 0.031249 	 3.103299 	 27.408887
   94 	 0.028468 	 2.934780 	 27.247482
   95 	 0.026934 	 3.355958 	 26.213180
   96 	 0.036666 	 4.835386 	 25.780202
   97 	 0.036646 	 3.454964 	 26.351371
   98 	 0.036426 	 2.572873 	 24.781668
   99 	 0.020347 	 3.240260 	 25.223069
  100 	 0.022088 	 4.563148 	 27.007930
  101 	 0.038008 	 3.744498 	 42.831238
  102 	 0.036471 	 2.669536 	 25.410560
  103 	 0.023347 	 3.285043 	 26.036429
  104 	 0.038223 	 4.348788 	 26.620337
  105 	 0.035106 	 4.261215 	 28.050754
  106 	 0.030731 	 2.691818 	 24.436101
  107 	 0.035649 	 3.160293 	 26.242882
  108 	 0.032076 	 4.255468 	 29.646320
  109 	 0.027487 	 4.189524 	 27.064022
  110 	 0.029853 	 3.246832 	 30.603481
  111 	 0.034992 	 3.678385 	 31.961628
  112 	 0.030186 	 3.415488 	 27.452387
  113 	 0.031287 	 3.836398 	 24.543331
  114 	 0.023587 	 3.420749 	 29.356157
  115 	 0.036203 	 3.740401 	 30.686770
  116 	 0.034060 	 3.887582 	 37.192041
  117 	 0.031743 	 4.247159 	 24.998066
  118 	 0.026887 	 3.353880 	 23.801696
  119 	 0.038223 	 2.919987 	 27.839881
  120 	 0.020108 	 3.466577 	 29.509975
  121 	 0.035048 	 3.632474 	 23.796454
  122 	 0.033882 	 3.419720 	 31.476993
  123 	 0.030263 	 2.987850 	 26.009947
  124 	 0.031767 	 3.274618 	 27.410404
  125 	 0.037264 	 3.517660 	 22.716897
  126 	 0.030519 	 3.161699 	 28.846192
  127 	 0.028072 	 2.604895 	 23.954078
  128 	 0.025686 	 2.714294 	 21.777695
  129 	 0.030673 	 2.818338 	 17.790808
  130 	 0.020970 	 3.800336 	 20.276362
  131 	 0.028708 	 2.903524 	 30.795041
  132 	 0.021603 	 2.825546 	 29.094991
  133 	 0.032423 	 3.229521 	 29.676892
  134 	 0.027967 	 4.239950 	 43.472462
  135 	 0.027482 	 2.997630 	 24.915970
  136 	 0.023002 	 2.796300 	 21.125028
  137 	 0.037564 	 3.334975 	 24.536634
  138 	 0.031986 	 3.838468 	 22.966600
  139 	 0.027581 	 3.016935 	 24.713041
  140 	 0.034524 	 2.496286 	 24.162736
  141 	 0.036024 	 3.988046 	 32.807685
  142 	 0.038474 	 2.955327 	 20.566058
  143 	 0.030351 	 2.632593 	 23.525427
  144 	 0.030719 	 2.623250 	 23.191599
  145 	 0.027221 	 2.971526 	 28.682012
  146 	 0.025564 	 3.234420 	 28.393944
  147 	 0.030537 	 3.100238 	 26.297912
  148 	 0.035217 	 2.704347 	 21.304121
  149 	 0.026275 	 3.097203 	 28.541221
  150 	 0.046936 	 2.794158 	 23.821962
  151 	 0.034475 	 2.729355 	 23.744022
  152 	 0.036495 	 2.237369 	 17.532664
  153 	 0.035218 	 3.303164 	 27.340719
  154 	 0.038203 	 2.206688 	 24.676892
  155 	 0.034296 	 2.868131 	 20.237358
  156 	 0.031915 	 2.369843 	 12.969696
  157 	 0.024349 	 2.669267 	 24.694044
  158 	 0.038165 	 2.149334 	 16.178849
  159 	 0.036423 	 2.562920 	 22.497907
  160 	 0.036654 	 2.228065 	 18.046844
  161 	 0.039706 	 2.980454 	 24.677490
  162 	 0.036316 	 2.317737 	 18.906365
  163 	 0.030476 	 2.429161 	 17.223788
  164 	 0.038259 	 2.914410 	 20.927588
  165 	 0.028814 	 2.769288 	 21.332831
  166 	 0.037589 	 2.079357 	 20.481404
  167 	 0.022408 	 2.880417 	 25.394131
  168 	 0.036771 	 2.505857 	 24.456514
  169 	 0.035032 	 3.660059 	 40.969973
  170 	 0.033808 	 2.739224 	 25.792428
  171 	 0.024404 	 2.989306 	 24.177342
  172 	 0.038379 	 3.296384 	 27.926604
  173 	 0.031876 	 3.940009 	 35.082714
  174 	 0.029642 	 3.216551 	 24.704379
  175 	 0.028501 	 3.111294 	 24.250582
  176 	 0.032074 	 3.812673 	 26.810357
  177 	 0.025009 	 3.032388 	 32.678258
  178 	 0.021901 	 3.181626 	 24.940732
  179 	 0.030590 	 3.072133 	 28.979935
  180 	 0.031153 	 4.495120 	 36.898947
  181 	 0.033143 	 2.693298 	 30.589988
  182 	 0.027099 	 2.868549 	 27.432956
  183 	 0.032688 	 3.598564 	 27.395233
  184 	 0.022979 	 4.494895 	 34.365808
  185 	 0.023614 	 2.878686 	 27.786894
  186 	 0.029097 	 3.938128 	 34.990617
  187 	 0.033970 	 3.937666 	 36.083249
  188 	 0.028566 	 4.661657 	 32.054454
  189 	 0.027709 	 2.814686 	 25.207734
  190 	 0.020309 	 3.519916 	 31.381464
  191 	 0.028874 	 3.211298 	 31.338792
  192 	 0.019795 	 4.286760 	 30.308810
  193 	 0.031906 	 3.155961 	 31.081354
  194 	 0.017822 	 3.916767 	 46.307257
  195 	 0.027761 	 3.081188 	 29.668325
  196 	 0.021594 	 3.418685 	 45.409303
  197 	 0.019531 	 3.792264 	 33.827791
  198 	 0.022009 	 4.776974 	 42.746586
  199 	 0.025416 	 3.156681 	 27.986592
  200 	 0.023392 	 3.648555 	 29.687423
  201 	 0.029798 	 4.009623 	 28.955637
  202 	 0.016197 	 4.906467 	 35.221308
  203 	 0.034530 	 3.370149 	 26.090091
  204 	 0.020474 	 3.265040 	 24.248701
  205 	 0.028720 	 3.752421 	 28.793852
  206 	 0.021282 	 5.441920 	 44.896086
  207 	 0.020923 	 3.778559 	 32.030448
  208 	 0.022039 	 2.823976 	 43.324547
  209 	 0.031113 	 2.900980 	 39.804001
  210 	 0.023022 	 4.709136 	 41.947867
  211 	 0.025026 	 3.943609 	 28.974679
  212 	 0.023836 	 3.019722 	 40.287550
  213 	 0.033830 	 2.626149 	 34.215614
  214 	 0.024819 	 4.808145 	 35.668052
  215 	 0.029132 	 3.771990 	 27.543211
  216 	 0.028032 	 3.153072 	 33.535105
  217 	 0.029655 	 2.826207 	 30.833504
  218 	 0.024880 	 5.355124 	 31.024698
  219 	 0.026780 	 4.131649 	 29.154208
  220 	 0.032226 	 3.605791 	 34.388075
  221 	 0.023353 	 2.563820 	 28.903230
  222 	 0.029072 	 4.968292 	 30.097323
  223 	 0.024734 	 3.588751 	 26.277746
  224 	 0.030535 	 3.755045 	 26.335231
  225 	 0.030354 	 2.903025 	 27.489234
  226 	 0.025078 	 4.836283 	 29.923355
  227 	 0.024527 	 4.066801 	 32.728884
  228 	 0.020876 	 4.244746 	 28.264346
  229 	 0.020422 	 4.275893 	 40.440825
  230 	 0.020895 	 4.945597 	 42.415282
  231 	 0.024726 	 4.910378 	 38.726305
  232 	 0.021890 	 3.605584 	 28.107242
  233 	 0.015568 	 3.859820 	 40.118999
  234 	 0.029177 	 4.751169 	 45.268679
  235 	 0.024926 	 3.787392 	 29.900152
  236 	 0.019190 	 3.973151 	 26.519165
  237 	 0.030050 	 4.190833 	 34.933620
  238 	 0.036194 	 4.572966 	 39.904939
  239 	 0.028601 	 3.495416 	 25.165052
  240 	 0.015146 	 4.115156 	 22.833725
  241 	 0.039729 	 4.307047 	 27.422025
  242 	 0.020800 	 4.549242 	 49.393065
  243 	 0.036466 	 2.992135 	 21.772595
  244 	 0.020242 	 5.078102 	 38.610399
  245 	 0.045861 	 4.407718 	 23.885882
  246 	 0.025893 	 4.851506 	 37.818089
  247 	 0.029781 	 2.667670 	 18.675249
  248 	 0.026442 	 4.575736 	 29.680086
  249 	 0.038233 	 4.256620 	 31.564466
  250 	 0.027962 	 4.003275 	 29.289479
  251 	 0.028580 	 3.134252 	 24.252116
  252 	 0.034136 	 5.441169 	 32.614122
  253 	 0.037048 	 3.681130 	 29.089973
  254 	 0.030655 	 3.550372 	 21.944783
  255 	 0.024133 	 3.554408 	 24.302299
  256 	 0.027731 	 4.362841 	 30.161283
  257 	 0.027915 	 3.786443 	 38.710650
  258 	 0.031251 	 4.336416 	 33.978242
  259 	 0.021815 	 4.107048 	 27.015719
  260 	 0.019382 	 3.775177 	 29.541527
  261 	 0.019114 	 2.705038 	 21.731986
  262 	 0.033849 	 4.077575 	 47.209917
  263 	 0.032440 	 3.981432 	 47.814799
  264 	 0.021178 	 3.770625 	 28.051595
  265 	 0.019998 	 3.632789 	 30.636979
  266 	 0.034655 	 3.700243 	 24.461023
  267 	 0.032639 	 4.434839 	 49.757370
  268 	 0.026003 	 3.698510 	 26.841963
  269 	 0.019390 	 4.115635 	 30.451377
  270 	 0.022851 	 4.326146 	 34.409415
  271 	 0.030443 	 3.486439 	 22.165115
  272 	 0.029061 	 3.251348 	 35.905058
  273 	 0.037019 	 3.884187 	 28.214090
  274 	 0.027850 	 3.845969 	 31.584691
  275 	 0.035442 	 3.330122 	 21.589177
  276 	 0.030762 	 3.535552 	 33.988362
  277 	 0.035027 	 3.548318 	 25.422750
  278 	 0.029411 	 3.957339 	 31.484080
  279 	 0.029997 	 3.631605 	 24.433873
  280 	 0.031758 	 3.280789 	 30.948928
  281 	 0.030131 	 3.699421 	 25.108618
  282 	 0.017556 	 3.142105 	 28.146495
  283 	 0.030585 	 4.124145 	 32.225912
  284 	 0.033741 	 3.010334 	 47.718073
  285 	 0.030988 	 3.889215 	 29.424533
  286 	 0.020956 	 3.163914 	 25.848074
  287 	 0.033983 	 3.725442 	 24.847221
  288 	 0.022356 	 3.351794 	 41.918948
  289 	 0.040241 	 3.675061 	 25.182131
  290 	 0.023837 	 3.745799 	 44.333732
  291 	 0.030717 	 2.941068 	 21.095211
  292 	 0.022553 	 4.098407 	 39.158134
  293 	 0.030507 	 3.161304 	 23.473399
  294 	 0.025534 	 4.726031 	 39.915067
  295 	 0.025346 	 3.664506 	 31.048933
  296 	 0.025043 	 4.266391 	 34.795412
  297 	 0.032205 	 3.418457 	 35.403462
  298 	 0.028307 	 4.591818 	 30.605260
  299 	 0.028244 	 4.516972 	 25.474947
  300 	 0.018514 	 4.023803 	 31.941601
  301 	 0.025511 	 3.661869 	 32.108421
  302 	 0.017316 	 4.469088 	 49.469595
  303 	 0.027672 	 4.745886 	 30.185269
  304 	 0.019734 	 4.925849 	 48.506331
  305 	 0.020261 	 3.776376 	 33.701304
  306 	 0.020614 	 4.326822 	 43.077890
  307 	 0.029662 	 5.001070 	 38.974901
  308 	 0.023212 	 3.430175 	 27.376199
  309 	 0.025656 	 3.900905 	 30.181305
  310 	 0.036524 	 3.973252 	 41.472292
  311 	 0.030303 	 5.408236 	 33.382658
  312 	 0.024108 	 4.475886 	 25.625549
  313 	 0.029953 	 4.014479 	 32.047991
  314 	 0.031084 	 3.401160 	 29.687922
  315 	 0.030896 	 4.529344 	 30.813971
  316 	 0.031957 	 4.449342 	 29.083201
  317 	 0.032449 	 3.445631 	 30.398021
  318 	 0.020562 	 3.335757 	 26.754882
  319 	 0.032266 	 3.777150 	 26.635703
  320 	 0.035237 	 4.098975 	 42.621403
  321 	 0.027499 	 3.905114 	 29.516391
  322 	 0.023459 	 2.870810 	 26.095735
  323 	 0.019513 	 3.829753 	 22.674032
  324 	 0.036790 	 3.403337 	 26.103719
  325 	 0.025427 	 3.396886 	 37.860533
  326 	 0.030750 	 2.724918 	 26.816498
  327 	 0.026380 	 3.727621 	 24.797209
  328 	 0.033597 	 4.082876 	 31.999986
  329 	 0.024478 	 3.679607 	 36.126723
  330 	 0.026780 	 2.897573 	 28.655863
  331 	 0.027679 	 3.413102 	 23.431244
  332 	 0.034384 	 3.441780 	 25.987308
  333 	 0.042633 	 3.090293 	 24.158438
  334 	 0.021591 	 2.314152 	 20.797136
  335 	 0.020010 	 3.090463 	 17.751440
  336 	 0.034862 	 2.865939 	 25.965229
  337 	 0.029426 	 2.420390 	 14.817002
  338 	 0.029271 	 2.278257 	 19.940897
  339 	 0.037511 	 3.052065 	 19.967492
  340 	 0.035685 	 3.121909 	 22.096015
  341 	 0.036525 	 2.860376 	 23.970413
  342 	 0.037010 	 2.215072 	 19.472975
  343 	 0.038833 	 2.629103 	 16.227898
  344 	 0.029858 	 3.479310 	 24.188231
  345 	 0.035666 	 2.545834 	 18.417501
  346 	 0.036941 	 1.974993 	 19.388985
  347 	 0.039581 	 2.647814 	 25.862366
  348 	 0.037470 	 3.232297 	 20.185161
  349 	 0.030047 	 2.418869 	 16.907473
  350 	 0.032812 	 1.920451 	 22.898852
  351 	 0.036885 	 3.650361 	 29.985871
  352 	 0.034603 	 3.139053 	 25.373102
  353 	 0.018088 	 3.203137 	 24.893915
  354 	 0.037511 	 1.929070 	 25.250680
  355 	 0.034756 	 3.876395 	 53.510030
  356 	 0.030030 	 3.488700 	 26.239384
  357 	 0.018688 	 3.323078 	 23.688790
  358 	 0.035580 	 2.029122 	 25.931461
  359 	 0.028540 	 2.955537 	 29.320041
  360 	 0.035385 	 3.697962 	 25.868927
  361 	 0.034102 	 3.378580 	 31.706200
  362 	 0.036287 	 2.286909 	 26.051697
  363 	 0.031537 	 3.082635 	 25.480834
  364 	 0.037474 	 3.770045 	 25.053561
  365 	 0.020737 	 3.539587 	 28.954780
  366 	 0.025611 	 2.421007 	 24.165786
  367 	 0.028301 	 3.037106 	 26.735175
  368 	 0.034127 	 3.539863 	 24.789971
  369 	 0.022190 	 4.410905 	 27.932007
  370 	 0.028042 	 2.682644 	 26.001874
  371 	 0.029638 	 4.208929 	 40.338272
  372 	 0.038454 	 3.497860 	 19.594752
  373 	 0.024783 	 4.022324 	 25.228183
  374 	 0.022591 	 2.456569 	 19.587259
  375 	 0.019881 	 3.607968 	 33.576399
  376 	 0.036234 	 3.210204 	 16.958652
  377 	 0.029683 	 4.452532 	 36.126447
  378 	 0.023531 	 2.854468 	 22.701649
  379 	 0.027675 	 3.516881 	 27.334811
  380 	 0.038787 	 3.498236 	 31.415730
  381 	 0.031348 	 3.949529 	 27.957961
  382 	 0.029988 	 2.886845 	 18.491518
  383 	 0.023458 	 3.491165 	 27.587972
  384 	 0.024235 	 3.289374 	 22.759270
  385 	 0.021619 	 3.740216 	 30.067900
  386 	 0.022087 	 3.002327 	 26.415265
  387 	 0.029973 	 3.717072 	 42.884206
  388 	 0.034120 	 3.343375 	 34.980642
  389 	 0.023315 	 4.380110 	 25.156668
  390 	 0.027344 	 3.176049 	 27.917655
  391 	 0.037376 	 3.469129 	 22.863257
  392 	 0.023416 	 3.414267 	 33.962489
  393 	 0.029274 	 3.964135 	 23.436002
  394 	 0.027768 	 3.678778 	 39.815363
  395 	 0.033954 	 3.253369 	 31.373880
  396 	 0.025111 	 4.142336 	 33.934924
  397 	 0.031866 	 4.588452 	 24.122843
  398 	 0.026487 	 3.476416 	 28.644009
  399 	 0.020859 	 3.122581 	 29.013978
 