   0 	 0.017775 	 0.080147 	 1.297522
    1 	 0.019730 	 0.280629 	 1.672520
    2 	 0.028847 	 0.656701 	 3.683620
    3 	 0.031132 	 0.855799 	 4.411471
    4 	 0.034151 	 0.913511 	 5.488907
    5 	 0.037570 	 0.865108 	 4.822833
    6 	 0.038159 	 0.990096 	 8.128854
    7 	 0.037315 	 1.084683 	 4.946946
    8 	 0.038836 	 1.427607 	 9.293224
    9 	 0.037127 	 1.240913 	 7.906198
   10 	 0.037675 	 1.113239 	 7.122973
   11 	 0.032809 	 1.206347 	 7.455615
   12 	 0.034678 	 1.586758 	 14.798341
   13 	 0.036387 	 1.335941 	 9.523027
   14 	 0.037433 	 1.554423 	 14.527256
   15 	 0.038902 	 1.436807 	 15.270285
   16 	 0.035703 	 1.921879 	 10.578302
   17 	 0.040831 	 1.518711 	 11.792214
   18 	 0.038250 	 1.446731 	 11.796516
   19 	 0.042780 	 1.478010 	 11.321073
   20 	 0.037358 	 1.614250 	 14.114267
   21 	 0.023254 	 1.606350 	 19.349961
   22 	 0.030461 	 2.344053 	 18.045823
   23 	 0.029167 	 1.910330 	 17.085142
   24 	 0.029507 	 1.554966 	 11.728790
   25 	 0.038353 	 1.367458 	 10.107541
   26 	 0.036067 	 1.790582 	 13.269190
   27 	 0.026409 	 1.674824 	 12.680506
   28 	 0.030511 	 1.854791 	 14.388939
   29 	 0.047038 	 1.939722 	 31.838214
   30 	 0.024661 	 2.300172 	 23.269139
   31 	 0.031404 	 1.751348 	 11.934188
   32 	 0.032394 	 1.908469 	 21.710461
   33 	 0.031070 	 2.051715 	 22.249120
   34 	 0.036735 	 2.365091 	 25.384841
   35 	 0.036379 	 1.761185 	 25.726567
   36 	 0.034702 	 1.798751 	 21.394812
   37 	 0.038515 	 1.953351 	 13.383189
   38 	 0.038410 	 2.528226 	 25.269503
   39 	 0.037138 	 1.689626 	 17.632101
   40 	 0.019617 	 1.958891 	 17.842579
   41 	 0.033403 	 2.241639 	 22.053103
   42 	 0.031151 	 2.257671 	 26.442972
   43 	 0.035932 	 2.018874 	 21.143208
   44 	 0.030690 	 2.674480 	 17.823204
   45 	 0.037364 	 2.587145 	 18.325357
   46 	 0.038438 	 2.501442 	 28.994073
   47 	 0.031810 	 1.768206 	 18.260083
   48 	 0.034376 	 2.532477 	 17.985712
   49 	 0.035233 	 2.860122 	 21.661891
   50 	 0.027287 	 2.470323 	 21.955575
   51 	 0.027816 	 1.513260 	 13.641357
   52 	 0.037452 	 2.329207 	 22.995422
   53 	 0.031586 	 3.017245 	 20.305963
   54 	 0.030574 	 2.402149 	 18.638733
   55 	 0.032300 	 1.827365 	 18.523425
   56 	 0.037310 	 2.441157 	 17.108108
   57 	 0.053954 	 2.898532 	 20.105447
   58 	 0.030609 	 2.037310 	 19.451358
   59 	 0.036206 	 1.578128 	 14.254415
   60 	 0.036361 	 2.247864 	 22.366619
   61 	 0.030762 	 2.734918 	 19.081630
   62 	 0.020802 	 1.971371 	 18.194568
   63 	 0.024784 	 1.763819 	 21.293883
   64 	 0.037178 	 3.042957 	 27.025696
   65 	 0.036373 	 2.499103 	 24.823465
   66 	 0.035698 	 1.792117 	 18.734259
   67 	 0.040258 	 1.998502 	 19.021205
   68 	 0.035856 	 2.783459 	 19.237924
   69 	 0.037399 	 2.291448 	 16.989974
   70 	 0.038226 	 1.977203 	 18.573635
   71 	 0.035781 	 1.987457 	 25.317024
   72 	 0.038454 	 2.334725 	 17.136024
   73 	 0.036356 	 2.226872 	 19.848714
   74 	 0.040557 	 1.912332 	 11.239747
   75 	 0.028890 	 2.697853 	 22.266994
   76 	 0.037929 	 2.096096 	 13.777815
   77 	 0.028052 	 2.268732 	 23.702185
   78 	 0.036188 	 2.201918 	 19.159275
   79 	 0.042161 	 2.761577 	 23.723553
   80 	 0.038730 	 2.257863 	 19.124979
   81 	 0.037707 	 1.931639 	 19.896204
   82 	 0.038201 	 1.949977 	 15.286338
   83 	 0.036969 	 2.588695 	 18.584804
   84 	 0.033949 	 2.226352 	 18.205955
   85 	 0.026464 	 1.819466 	 15.555992
   86 	 0.031001 	 2.825933 	 20.126964
   87 	 0.035624 	 2.841121 	 24.652351
   88 	 0.037092 	 2.030949 	 21.230866
   89 	 0.036399 	 2.345661 	 20.716471
   90 	 0.032002 	 2.446474 	 15.148941
   91 	 0.028696 	 2.265902 	 16.313478
   92 	 0.025856 	 2.345593 	 21.185468
   93 	 0.038491 	 2.590400 	 24.452090
   94 	 0.036775 	 2.248673 	 20.017455
   95 	 0.019934 	 1.803624 	 12.307049
   96 	 0.037361 	 2.224158 	 18.458772
   97 	 0.036763 	 3.115559 	 33.631249
   98 	 0.034745 	 2.381485 	 20.677765
   99 	 0.028532 	 1.901124 	 15.907609
  100 	 0.038101 	 2.163069 	 21.301354
  101 	 0.034153 	 2.522043 	 24.257940
  102 	 0.038142 	 2.490484 	 20.160956
  103 	 0.028501 	 2.213581 	 20.719720
  104 	 0.049577 	 2.578629 	 18.960346
  105 	 0.037344 	 2.803683 	 24.569224
  106 	 0.038299 	 1.938055 	 13.263546
  107 	 0.036734 	 2.187410 	 18.676151
  108 	 0.075325 	 2.315859 	 15.406473
  109 	 0.032692 	 2.465089 	 15.968333
  110 	 0.016479 	 1.670707 	 9.811098
  111 	 0.028348 	 2.160618 	 15.957163
  112 	 0.019632 	 2.165170 	 15.731501
  113 	 0.036489 	 2.096690 	 10.411503
  114 	 0.033547 	 1.751391 	 18.871092
  115 	 0.041904 	 2.161338 	 17.718573
  116 	 0.037152 	 1.848486 	 14.118301
  117 	 0.038060 	 1.925700 	 13.792273
  118 	 0.035890 	 2.022299 	 14.873178
  119 	 0.036853 	 2.164167 	 15.883105
  120 	 0.035067 	 1.586748 	 7.031879
  121 	 0.034479 	 1.832391 	 14.943286
  122 	 0.038303 	 1.942724 	 16.602419
  123 	 0.019460 	 1.804643 	 15.225492
  124 	 0.035809 	 1.745418 	 7.954750
  125 	 0.031837 	 2.441385 	 20.316586
  126 	 0.037089 	 1.921574 	 18.900325
  127 	 0.035644 	 2.313756 	 18.471498
  128 	 0.030665 	 2.226566 	 16.769726
  129 	 0.054046 	 2.323361 	 15.295310
  130 	 0.037261 	 1.567374 	 11.901424
  131 	 0.034863 	 1.533841 	 10.911097
  132 	 0.038741 	 2.203692 	 20.466293
  133 	 0.036721 	 2.619665 	 18.874575
  134 	 0.036976 	 1.487926 	 14.442382
  135 	 0.031270 	 1.739211 	 19.901621
  136 	 0.037164 	 2.339510 	 21.063240
  137 	 0.038423 	 2.706536 	 20.509183
  138 	 0.035898 	 1.800530 	 18.985268
  139 	 0.031043 	 1.928199 	 17.087408
  140 	 0.051136 	 2.327946 	 19.881330
  141 	 0.031162 	 2.810226 	 24.604346
  142 	 0.039204 	 1.436022 	 14.612229
  143 	 0.039167 	 2.355130 	 25.276736
  144 	 0.030919 	 2.575074 	 21.006861
  145 	 0.037971 	 2.973275 	 17.059194
  146 	 0.030872 	 1.893642 	 24.378729
  147 	 0.031616 	 2.414797 	 20.146298
  148 	 0.036947 	 2.434062 	 21.057728
  149 	 0.035952 	 2.855671 	 17.979175
  150 	 0.018579 	 2.437717 	 22.405267
  151 	 0.036026 	 2.577754 	 22.123834
  152 	 0.023470 	 2.559089 	 38.492865
  153 	 0.045185 	 3.282449 	 22.545125
  154 	 0.025969 	 2.443600 	 23.564242
  155 	 0.026763 	 2.412741 	 18.661941
  156 	 0.037169 	 2.539967 	 29.095895
  157 	 0.037357 	 3.547266 	 29.443929
  158 	 0.034359 	 2.313347 	 21.006611
  159 	 0.033914 	 2.364863 	 16.138994
  160 	 0.034623 	 2.280514 	 17.002074
  161 	 0.032117 	 2.841926 	 18.058305
  162 	 0.058761 	 2.272871 	 20.524041
  163 	 0.033292 	 2.717622 	 23.519968
  164 	 0.032937 	 2.054920 	 15.160543
  165 	 0.037871 	 2.143521 	 21.100779
  166 	 0.029235 	 1.858576 	 15.361304
  167 	 0.029632 	 2.836021 	 20.716361
  168 	 0.036199 	 2.621897 	 30.455405
  169 	 0.037543 	 2.760940 	 25.917405
  170 	 0.032301 	 1.442691 	 14.405968
  171 	 0.028950 	 2.530879 	 23.841724
  172 	 0.069394 	 2.533325 	 23.902179
  173 	 0.026342 	 2.491066 	 21.074613
  174 	 0.034218 	 1.254498 	 6.628325
  175 	 0.033249 	 2.936038 	 23.608827
  176 	 0.071088 	 2.655196 	 25.894414
  177 	 0.042336 	 2.915990 	 25.139807
  178 	 0.038232 	 1.683293 	 11.752493
  179 	 0.039755 	 2.334385 	 21.397006
  180 	 0.030696 	 2.655711 	 20.562479
  181 	 0.036600 	 2.317131 	 17.813810
  182 	 0.037187 	 1.480721 	 13.684005
  183 	 0.031291 	 2.746064 	 23.444952
  184 	 0.036265 	 2.838769 	 23.431437
  185 	 0.022445 	 2.720052 	 26.645739
  186 	 0.036725 	 1.836076 	 20.339574
  187 	 0.029628 	 2.721065 	 23.662870
  188 	 0.037133 	 2.880815 	 22.766087
  189 	 0.032372 	 2.905359 	 27.153467
  190 	 0.037938 	 2.169954 	 24.158432
  191 	 0.025022 	 3.301968 	 26.192376
  192 	 0.033688 	 2.698429 	 20.833539
  193 	 0.035025 	 3.644981 	 32.656014
  194 	 0.036505 	 2.923467 	 23.721968
  195 	 0.030618 	 2.982456 	 25.364908
  196 	 0.042132 	 2.644152 	 24.447097
  197 	 0.029733 	 2.977077 	 21.323942
  198 	 0.037575 	 2.373348 	 21.163188
  199 	 0.026085 	 3.145289 	 27.187452
  200 	 0.030818 	 3.144177 	 23.823474
  201 	 0.018796 	 3.769839 	 30.408926
  202 	 0.036680 	 3.170966 	 27.459299
  203 	 0.032834 	 4.756046 	 45.368167
  204 	 0.036407 	 3.196696 	 24.283543
  205 	 0.022040 	 4.003159 	 26.178481
  206 	 0.019207 	 3.427860 	 26.876654
  207 	 0.037260 	 4.519444 	 43.781924
  208 	 0.028270 	 3.522850 	 40.971677
  209 	 0.019826 	 3.119902 	 22.882000
  210 	 0.020905 	 2.989020 	 23.309590
  211 	 0.029750 	 3.280362 	 33.243304
  212 	 0.038416 	 3.480063 	 46.073293
  213 	 0.030070 	 3.691573 	 23.842097
  214 	 0.021703 	 2.876706 	 21.187122
  215 	 0.029713 	 3.701656 	 30.330643
  216 	 0.037410 	 3.838171 	 26.102917
  217 	 0.032956 	 3.544046 	 23.347035
  218 	 0.037113 	 3.092949 	 26.171440
  219 	 0.030073 	 3.858761 	 27.889620
  220 	 0.031913 	 3.601001 	 22.720656
  221 	 0.035855 	 3.370163 	 23.996150
  222 	 0.034040 	 3.168593 	 24.418966
  223 	 0.020958 	 3.959387 	 23.389282
  224 	 0.035994 	 3.072154 	 27.442594
  225 	 0.033808 	 3.457189 	 36.821119
  226 	 0.019099 	 3.029435 	 23.898060
  227 	 0.024589 	 3.870161 	 23.404392
  228 	 0.037529 	 3.120694 	 31.799899
  229 	 0.022004 	 3.620085 	 25.914243
  230 	 0.031342 	 3.046182 	 24.902832
  231 	 0.035740 	 3.403054 	 43.470829
  232 	 0.037894 	 3.845689 	 25.819019
  233 	 0.022997 	 3.418007 	 24.917137
  234 	 0.030397 	 2.296783 	 23.892216
  235 	 0.024580 	 3.398777 	 29.414772
  236 	 0.040384 	 3.672310 	 31.648517
  237 	 0.033011 	 3.000372 	 24.552532
  238 	 0.031595 	 2.010061 	 13.125087
  239 	 0.036499 	 3.567389 	 27.165642
  240 	 0.028785 	 3.301629 	 29.532927
  241 	 0.031263 	 2.903675 	 23.853335
  242 	 0.020207 	 3.026714 	 31.461243
  243 	 0.039142 	 3.699831 	 26.436202
  244 	 0.031783 	 3.759900 	 26.353828
  245 	 0.035581 	 2.581066 	 15.812220
  246 	 0.037910 	 2.484769 	 24.048033
  247 	 0.038326 	 3.382450 	 23.312626
  248 	 0.038292 	 3.406379 	 23.974787
  249 	 0.025950 	 2.656273 	 20.778917
  250 	 0.035409 	 2.445042 	 24.217521
  251 	 0.035668 	 2.737535 	 20.377891
  252 	 0.029739 	 3.653584 	 24.301191
  253 	 0.024764 	 3.156371 	 21.552049
  254 	 0.041134 	 3.211739 	 25.747386
  255 	 0.040329 	 2.523034 	 18.947857
  256 	 0.021445 	 2.739625 	 21.245511
  257 	 0.031754 	 2.386779 	 22.660802
  258 	 0.018995 	 3.517335 	 39.612583
  259 	 0.024362 	 2.867497 	 27.659445
  260 	 0.020192 	 3.020904 	 23.955106
  261 	 0.025515 	 2.938556 	 35.133955
  262 	 0.020053 	 3.242002 	 33.756714
  263 	 0.026996 	 3.102020 	 23.919489
  264 	 0.018802 	 3.587517 	 41.402287
  265 	 0.041783 	 2.598236 	 26.740753
  266 	 0.024151 	 3.290298 	 39.997563
  267 	 0.031520 	 2.839007 	 20.965306
  268 	 0.024993 	 2.935802 	 23.276529
  269 	 0.024377 	 2.566547 	 27.839464
  270 	 0.036892 	 3.630589 	 26.179523
  271 	 0.019027 	 2.734824 	 38.794068
  272 	 0.023614 	 2.706068 	 24.332885
  273 	 0.025776 	 3.654572 	 50.950680
  274 	 0.035976 	 4.316614 	 40.793490
  275 	 0.019625 	 3.644325 	 33.471455
  276 	 0.024512 	 2.571653 	 24.227081
  277 	 0.029874 	 3.873711 	 27.927957
  278 	 0.028382 	 4.794395 	 40.466594
  279 	 0.035806 	 4.323171 	 32.814975
  280 	 0.024709 	 3.603169 	 30.785823
  281 	 0.030470 	 2.974158 	 24.695016
  282 	 0.032482 	 5.074522 	 34.711092
  283 	 0.029169 	 3.936200 	 27.956326
  284 	 0.028806 	 3.777428 	 27.562229
  285 	 0.023090 	 2.900004 	 31.521205
  286 	 0.035311 	 4.047711 	 32.673504
  287 	 0.031132 	 3.388343 	 25.298669
  288 	 0.030602 	 3.747579 	 27.924171
  289 	 0.021197 	 2.998227 	 31.513572
  290 	 0.035655 	 4.111004 	 27.776503
  291 	 0.031722 	 3.458085 	 32.197678
  292 	 0.032886 	 4.093938 	 27.355800
  293 	 0.025607 	 3.369895 	 29.566385
  294 	 0.036528 	 3.834896 	 27.323197
  295 	 0.033820 	 3.302742 	 36.091457
  296 	 0.023534 	 3.441031 	 24.981578
  297 	 0.027680 	 3.551693 	 27.637460
  298 	 0.021499 	 3.061015 	 28.717814
  299 	 0.033092 	 3.063066 	 27.871006
  300 	 0.034805 	 4.072526 	 25.028050
  301 	 0.035867 	 3.454839 	 24.276851
  302 	 0.030699 	 2.836078 	 27.318767
  303 	 0.032344 	 3.207161 	 26.548455
  304 	 0.036580 	 3.431050 	 26.984920
  305 	 0.035225 	 3.127645 	 23.727939
  306 	 0.034159 	 2.569159 	 26.055255
  307 	 0.038672 	 3.417736 	 25.036080
  308 	 0.035489 	 3.619034 	 23.306777
  309 	 0.030220 	 3.582939 	 23.645933
  310 	 0.035851 	 2.605655 	 24.799275
  311 	 0.022394 	 3.174787 	 30.899475
  312 	 0.037394 	 3.375357 	 23.201310
  313 	 0.032350 	 3.980334 	 26.593500
  314 	 0.036110 	 2.828548 	 25.320200
  315 	 0.036165 	 3.497900 	 29.027729
  316 	 0.039491 	 3.449444 	 26.171337
  317 	 0.013136 	 4.489358 	 25.735399
  318 	 0.030583 	 2.856056 	 23.546283
  319 	 0.025784 	 2.686860 	 23.170972
  320 	 0.032824 	 3.414635 	 30.596935
  321 	 0.035315 	 4.320530 	 35.862826
  322 	 0.025292 	 3.099408 	 28.633885
  323 	 0.027858 	 2.911370 	 27.689485
  324 	 0.028335 	 3.758845 	 34.022733
  325 	 0.029096 	 3.839283 	 32.511361
  326 	 0.029386 	 2.673008 	 21.540806
  327 	 0.030756 	 3.533983 	 31.156318
  328 	 0.021010 	 3.093524 	 28.108953
  329 	 0.022020 	 3.719623 	 25.935941
  330 	 0.035565 	 2.710377 	 39.200370
  331 	 0.038552 	 3.049349 	 35.063690
  332 	 0.025510 	 2.548195 	 23.772956
  333 	 0.028421 	 3.103820 	 23.445520
  334 	 0.036944 	 3.614484 	 34.118467
  335 	 0.037609 	 2.921150 	 30.749472
  336 	 0.029300 	 2.813137 	 24.364064
  337 	 0.018983 	 3.524628 	 21.968061
  338 	 0.031302 	 2.783486 	 23.113484
  339 	 0.032786 	 3.155745 	 33.576551
  340 	 0.035167 	 2.783119 	 28.246857
  341 	 0.029713 	 2.984065 	 24.398568
  342 	 0.035385 	 3.692067 	 27.888918
  343 	 0.038315 	 3.261164 	 25.750995
  344 	 0.019290 	 2.785242 	 26.616083
  345 	 0.030606 	 2.994266 	 19.316066
  346 	 0.031335 	 3.091205 	 27.234591
  347 	 0.022134 	 3.495347 	 31.740211
  348 	 0.030546 	 3.920898 	 31.022241
  349 	 0.031495 	 3.358152 	 41.435329
  350 	 0.019311 	 4.208983 	 30.410250
  351 	 0.024131 	 3.305569 	 24.421437
  352 	 0.030487 	 3.269973 	 33.657443
  353 	 0.028680 	 3.927310 	 27.033317
  354 	 0.029693 	 4.174726 	 31.962626
  355 	 0.032324 	 3.850668 	 33.466748
  356 	 0.031253 	 3.251274 	 32.369677
  357 	 0.029879 	 4.266197 	 29.829293
  358 	 0.030883 	 4.150217 	 30.813885
  359 	 0.021757 	 3.368681 	 25.778460
  360 	 0.017852 	 3.238781 	 31.562862
  361 	 0.035582 	 4.276370 	 42.554651
  362 	 0.029871 	 4.334262 	 41.077114
  363 	 0.023211 	 4.313962 	 25.456723
  364 	 0.024230 	 3.491228 	 24.587759
  365 	 0.036829 	 3.590200 	 37.152257
  366 	 0.019198 	 3.678717 	 25.490828
  367 	 0.026907 	 4.580141 	 24.676765
  368 	 0.027112 	 3.751757 	 25.624485
  369 	 0.031586 	 3.099778 	 31.261541
  370 	 0.033592 	 4.117690 	 31.733585
  371 	 0.026408 	 4.772779 	 30.782412
  372 	 0.031511 	 3.113277 	 20.073497
  373 	 0.032485 	 3.336152 	 36.221779
  374 	 0.025532 	 4.081464 	 30.570327
  375 	 0.027599 	 4.137560 	 29.953450
  376 	 0.029655 	 4.168617 	 30.171966
  377 	 0.029435 	 3.282520 	 34.723966
  378 	 0.019703 	 3.768488 	 31.137387
  379 	 0.028798 	 3.927969 	 28.915275
  380 	 0.027184 	 4.670618 	 47.839559
  381 	 0.026677 	 4.040787 	 33.336048
  382 	 0.020889 	 4.265351 	 33.912403
  383 	 0.029996 	 3.336483 	 35.871929
  384 	 0.029459 	 3.894697 	 24.509863
  385 	 0.027839 	 4.048776 	 30.867558
  386 	 0.036006 	 3.451809 	 29.314201
  387 	 0.032395 	 3.003258 	 34.436724
  388 	 0.015209 	 3.616323 	 26.877610
  389 	 0.026219 	 3.626556 	 23.089225
  390 	 0.030161 	 4.276625 	 50.997858
  391 	 0.036019 	 4.156932 	 31.808892
  392 	 0.018726 	 4.665145 	 30.711985
  393 	 0.027213 	 3.624308 	 25.289146
  394 	 0.030977 	 4.288878 	 50.184453
  395 	 0.026385 	 3.440035 	 28.724537
  396 	 0.019144 	 3.701442 	 25.771673
  397 	 0.034673 	 3.142291 	 22.757583
  398 	 0.038796 	 3.869297 	 49.890811
  399 	 0.033871 	 3.818113 	 27.721600
 