   0 	 0.014441 	 0.068191 	 0.809782
    1 	 0.019568 	 0.166180 	 0.989217
    2 	 0.020093 	 0.544430 	 8.590287
    3 	 0.020474 	 1.358277 	 8.266913
    4 	 0.035348 	 1.892374 	 8.562397
    5 	 0.065004 	 1.736106 	 7.848327
    6 	 0.039138 	 1.461812 	 11.717650
    7 	 0.034124 	 1.274381 	 6.295253
    8 	 0.038032 	 1.675900 	 8.917320
    9 	 0.036593 	 1.717331 	 10.771053
   10 	 0.036937 	 1.495040 	 8.559318
   11 	 0.024085 	 1.393956 	 8.248540
   12 	 0.040178 	 1.592232 	 9.399094
   13 	 0.038656 	 1.813060 	 15.018332
   14 	 0.019094 	 1.333219 	 5.305886
   15 	 0.037599 	 1.407968 	 9.086384
   16 	 0.033421 	 1.640952 	 8.953132
   17 	 0.033845 	 1.760944 	 11.628104
   18 	 0.035654 	 1.502123 	 12.867757
   19 	 0.035832 	 1.320249 	 9.333126
   20 	 0.039845 	 1.785711 	 13.276965
   21 	 0.035306 	 1.640543 	 12.495067
   22 	 0.019197 	 1.593160 	 9.209762
   23 	 0.038029 	 1.461262 	 11.735698
   24 	 0.028743 	 1.462120 	 17.301964
   25 	 0.037839 	 1.687885 	 12.654320
   26 	 0.032744 	 1.801035 	 11.998565
   27 	 0.078705 	 1.634767 	 10.548602
   28 	 0.035703 	 1.413932 	 10.633324
   29 	 0.038998 	 1.304903 	 6.159704
   30 	 0.038144 	 1.642094 	 11.073838
   31 	 0.038636 	 1.640088 	 13.532228
   32 	 0.031172 	 1.416057 	 13.690322
   33 	 0.029285 	 1.244144 	 11.801352
   34 	 0.037888 	 1.654845 	 12.941293
   35 	 0.038598 	 1.691268 	 14.202652
   36 	 0.025584 	 1.155726 	 9.488366
   37 	 0.036710 	 1.428861 	 16.923993
   38 	 0.035857 	 1.683033 	 22.479905
   39 	 0.019752 	 1.521714 	 9.246489
   40 	 0.034650 	 2.106695 	 21.404644
   41 	 0.035718 	 1.997945 	 16.230233
   42 	 0.046610 	 1.694432 	 23.612496
   43 	 0.035954 	 1.669710 	 20.762209
   44 	 0.031723 	 1.894918 	 14.907161
   45 	 0.048104 	 2.405735 	 20.926276
   46 	 0.036908 	 2.145919 	 25.366039
   47 	 0.047769 	 1.774690 	 17.919875
   48 	 0.037117 	 2.466818 	 20.039746
   49 	 0.034385 	 2.008835 	 15.950434
   50 	 0.036004 	 2.686840 	 24.575855
   51 	 0.024419 	 2.746539 	 25.161995
   52 	 0.037121 	 3.294293 	 25.996866
   53 	 0.023756 	 3.124092 	 37.851566
   54 	 0.037003 	 2.844822 	 22.030979
   55 	 0.026244 	 2.373880 	 18.880208
   56 	 0.030685 	 3.081836 	 25.837923
   57 	 0.036367 	 2.835691 	 33.103209
   58 	 0.035733 	 3.273252 	 23.460364
   59 	 0.030204 	 2.407351 	 23.753656
   60 	 0.037046 	 3.369824 	 24.714768
   61 	 0.036670 	 3.123391 	 29.496278
   62 	 0.037939 	 3.334624 	 25.465240
   63 	 0.028819 	 2.288634 	 22.598535
   64 	 0.039267 	 2.572085 	 25.227986
   65 	 0.036669 	 3.360423 	 26.668519
   66 	 0.032031 	 3.244807 	 22.723129
   67 	 0.037476 	 2.887239 	 24.755132
   68 	 0.035657 	 3.161153 	 29.912091
   69 	 0.040389 	 3.460451 	 25.211627
   70 	 0.027236 	 3.484286 	 27.058543
   71 	 0.034465 	 2.371803 	 20.718477
   72 	 0.019412 	 2.910416 	 28.871741
   73 	 0.033910 	 3.731568 	 26.409874
   74 	 0.031164 	 3.575968 	 24.743164
   75 	 0.026473 	 2.161814 	 26.274776
   76 	 0.031791 	 2.721288 	 23.887088
   77 	 0.038054 	 4.079422 	 25.732226
   78 	 0.037317 	 3.501148 	 22.270997
   79 	 0.038840 	 1.957972 	 19.598359
   80 	 0.019573 	 2.424274 	 21.674896
   81 	 0.026502 	 3.489625 	 22.810340
   82 	 0.042400 	 3.720925 	 25.805137
   83 	 0.034775 	 2.512497 	 31.525843
   84 	 0.032194 	 2.428293 	 22.222042
   85 	 0.031715 	 4.258727 	 24.719300
   86 	 0.026820 	 3.553173 	 28.016110
   87 	 0.031272 	 2.874947 	 28.396572
   88 	 0.022430 	 3.142049 	 30.284719
   89 	 0.035210 	 4.254236 	 27.343284
   90 	 0.033012 	 3.604847 	 33.189077
   91 	 0.027905 	 2.459120 	 23.803969
   92 	 0.030127 	 2.920299 	 26.101563
   93 	 0.020198 	 4.169519 	 31.540426
   94 	 0.033086 	 3.809459 	 29.131308
   95 	 0.031696 	 3.223642 	 39.685524
   96 	 0.024340 	 3.035023 	 26.819764
   97 	 0.025194 	 3.579032 	 25.383090
   98 	 0.037280 	 4.897232 	 37.822138
   99 	 0.030571 	 3.151391 	 37.045378
  100 	 0.026434 	 3.249461 	 24.609028
  101 	 0.026993 	 3.654067 	 30.987734
  102 	 0.028583 	 4.218472 	 27.159094
  103 	 0.024736 	 3.610785 	 32.161967
  104 	 0.023429 	 2.991293 	 30.503606
  105 	 0.031091 	 4.329812 	 34.559532
  106 	 0.032778 	 3.761045 	 27.351593
  107 	 0.028931 	 3.116933 	 28.335912
  108 	 0.036557 	 3.207290 	 25.394554
  109 	 0.031167 	 4.511646 	 31.049374
  110 	 0.020698 	 3.612884 	 25.603293
  111 	 0.020778 	 3.544982 	 28.275214
  112 	 0.038030 	 3.374235 	 24.629688
  113 	 0.035360 	 4.489688 	 27.556438
  114 	 0.033237 	 3.762438 	 22.608452
  115 	 0.024467 	 3.479095 	 23.163534
  116 	 0.037518 	 2.475123 	 21.946017
  117 	 0.037501 	 4.122964 	 24.132148
  118 	 0.028692 	 4.322468 	 24.061301
  119 	 0.022071 	 3.281263 	 24.337066
  120 	 0.021086 	 2.588827 	 27.403396
  121 	 0.028331 	 4.366660 	 35.371362
  122 	 0.036269 	 4.228007 	 36.648980
  123 	 0.028241 	 3.613938 	 27.767905
  124 	 0.027279 	 2.750257 	 20.937315
  125 	 0.028476 	 3.571277 	 29.549999
  126 	 0.028463 	 3.250944 	 28.835709
  127 	 0.033746 	 2.985132 	 21.351436
  128 	 0.034669 	 2.458360 	 28.520313
  129 	 0.034755 	 3.345582 	 23.783609
  130 	 0.029004 	 3.116511 	 24.231105
  131 	 0.020693 	 2.540607 	 18.086785
  132 	 0.032372 	 2.861100 	 27.469415
  133 	 0.031359 	 3.157099 	 22.053225
  134 	 0.027710 	 2.919381 	 25.080102
  135 	 0.036689 	 2.831194 	 24.777828
  136 	 0.039676 	 4.159162 	 27.540727
  137 	 0.032143 	 3.539151 	 22.330248
  138 	 0.021385 	 2.636960 	 20.931105
  139 	 0.044766 	 2.501387 	 25.811074
  140 	 0.038126 	 3.559288 	 32.483499
  141 	 0.032590 	 3.055782 	 19.169537
  142 	 0.030776 	 2.579083 	 19.135491
  143 	 0.031383 	 2.700490 	 24.943998
  144 	 0.052240 	 4.374555 	 24.422751
  145 	 0.035172 	 3.762168 	 26.494056
  146 	 0.019963 	 2.461263 	 16.767239
  147 	 0.026979 	 3.060931 	 25.264445
  148 	 0.028426 	 3.720450 	 37.226303
  149 	 0.033652 	 3.455653 	 28.507048
  150 	 0.026856 	 2.704206 	 27.377952
  151 	 0.035069 	 2.608358 	 23.950735
  152 	 0.036518 	 3.879640 	 31.589292
  153 	 0.038234 	 2.617115 	 22.155097
  154 	 0.031648 	 2.024494 	 18.520754
  155 	 0.035988 	 2.931083 	 22.024758
  156 	 0.034478 	 3.989602 	 26.775056
  157 	 0.038381 	 2.865407 	 20.028931
  158 	 0.028071 	 2.985104 	 24.935699
  159 	 0.026292 	 3.280885 	 22.084352
  160 	 0.032842 	 3.268922 	 22.605552
  161 	 0.038636 	 3.365864 	 32.475883
  162 	 0.029812 	 3.525024 	 24.962991
  163 	 0.020202 	 3.035366 	 21.322354
  164 	 0.024248 	 3.420740 	 19.690628
  165 	 0.025450 	 3.294424 	 29.251467
  166 	 0.035661 	 3.450534 	 30.913388
  167 	 0.034162 	 3.315937 	 30.911868
  168 	 0.017630 	 3.320239 	 25.024100
  169 	 0.032345 	 3.322988 	 25.854819
  170 	 0.038528 	 3.396945 	 22.098176
  171 	 0.027587 	 3.203917 	 22.995340
  172 	 0.045217 	 3.352474 	 23.502294
  173 	 0.031563 	 3.657217 	 25.649691
  174 	 0.036596 	 3.020324 	 18.755666
  175 	 0.038256 	 3.059331 	 28.438960
  176 	 0.032029 	 2.944307 	 17.179744
  177 	 0.035155 	 2.889598 	 23.790258
  178 	 0.056619 	 2.844981 	 20.180947
  179 	 0.038113 	 3.374247 	 22.766563
  180 	 0.049536 	 2.681856 	 14.749062
  181 	 0.025902 	 2.857369 	 23.973528
  182 	 0.029435 	 2.465453 	 15.574367
  183 	 0.037993 	 2.673286 	 17.637644
  184 	 0.037622 	 2.058063 	 13.374318
  185 	 0.023071 	 3.773967 	 22.035385
  186 	 0.037345 	 2.709028 	 24.377213
  187 	 0.022421 	 2.331137 	 34.280670
  188 	 0.020579 	 2.944207 	 22.381318
  189 	 0.029157 	 3.336455 	 19.427618
  190 	 0.031002 	 2.731650 	 44.288106
  191 	 0.022199 	 2.250588 	 28.363152
  192 	 0.022576 	 3.394481 	 27.321234
  193 	 0.029896 	 4.304593 	 32.258835
  194 	 0.035928 	 3.087194 	 40.037937
  195 	 0.021885 	 2.968683 	 28.165473
  196 	 0.023229 	 3.484531 	 26.090477
  197 	 0.033856 	 4.979841 	 33.063471
  198 	 0.038315 	 3.901215 	 33.980231
  199 	 0.030243 	 2.545839 	 26.013140
  200 	 0.029418 	 2.558939 	 19.554457
  201 	 0.032180 	 3.769136 	 25.985720
  202 	 0.046351 	 3.617474 	 24.741126
  203 	 0.028681 	 2.755869 	 28.918527
  204 	 0.024964 	 2.333710 	 18.132029
  205 	 0.034573 	 3.731710 	 27.486933
  206 	 0.038294 	 3.433454 	 23.404001
  207 	 0.036369 	 2.557738 	 22.739682
  208 	 0.020213 	 2.094435 	 18.384229
  209 	 0.031227 	 2.683160 	 15.927399
  210 	 0.030386 	 2.795574 	 33.429994
  211 	 0.038630 	 2.928086 	 21.181074
  212 	 0.029910 	 2.155947 	 24.946610
  213 	 0.033074 	 2.586679 	 13.505758
  214 	 0.034399 	 2.502223 	 26.588451
  215 	 0.031011 	 3.129006 	 24.525529
  216 	 0.037599 	 2.459885 	 23.595281
  217 	 0.035440 	 2.619384 	 19.704394
  218 	 0.024348 	 2.764106 	 22.380115
  219 	 0.030119 	 2.958980 	 18.037841
  220 	 0.033799 	 2.492232 	 35.780969
  221 	 0.052004 	 2.664187 	 26.500672
  222 	 0.027930 	 2.882079 	 24.737899
  223 	 0.034192 	 2.898099 	 16.976627
  224 	 0.030623 	 2.571567 	 24.266223
  225 	 0.035341 	 2.855787 	 25.321336
  226 	 0.032759 	 3.618668 	 28.716825
  227 	 0.039483 	 3.561325 	 24.936744
  228 	 0.034802 	 3.120954 	 27.353272
  229 	 0.036685 	 2.245944 	 22.480625
  230 	 0.036553 	 3.970587 	 24.172249
  231 	 0.035109 	 3.336924 	 23.868990
  232 	 0.038202 	 3.760923 	 23.238128
  233 	 0.032789 	 2.599905 	 23.143576
  234 	 0.026051 	 3.788681 	 22.909392
  235 	 0.032417 	 4.177988 	 23.580898
  236 	 0.027834 	 4.578355 	 30.931432
  237 	 0.032936 	 2.219124 	 24.318940
  238 	 0.024006 	 3.464206 	 26.571488
  239 	 0.030289 	 4.321193 	 26.641432
  240 	 0.033735 	 4.538322 	 34.957332
  241 	 0.034384 	 2.145014 	 22.253855
  242 	 0.027453 	 2.816824 	 20.066222
  243 	 0.035088 	 4.218626 	 25.203006
  244 	 0.030441 	 4.425714 	 29.024783
  245 	 0.034915 	 2.746624 	 24.883688
  246 	 0.018203 	 2.839239 	 25.419001
  247 	 0.036236 	 3.606559 	 25.435357
  248 	 0.020703 	 4.339461 	 32.190029
  249 	 0.038134 	 3.240104 	 23.957618
  250 	 0.030957 	 3.053430 	 45.243008
  251 	 0.037575 	 3.048341 	 22.253699
  252 	 0.022100 	 4.122868 	 22.847905
  253 	 0.023411 	 2.781601 	 23.710638
  254 	 0.043753 	 3.107204 	 38.168185
  255 	 0.035021 	 3.626068 	 36.349644
  256 	 0.026195 	 3.354119 	 19.612130
  257 	 0.027509 	 3.739433 	 25.561565
  258 	 0.022961 	 3.668975 	 29.766281
  259 	 0.021137 	 2.891337 	 24.013670
  260 	 0.032983 	 3.966093 	 38.668898
  261 	 0.038384 	 3.704120 	 40.101334
  262 	 0.025859 	 4.149719 	 26.966364
  263 	 0.015149 	 3.063609 	 24.399848
  264 	 0.027849 	 4.063188 	 30.808226
  265 	 0.031055 	 3.329295 	 42.107192
  266 	 0.028141 	 3.058154 	 29.028195
  267 	 0.023728 	 2.681357 	 21.792857
  268 	 0.032233 	 4.490975 	 30.542788
  269 	 0.037137 	 3.835247 	 30.933073
  270 	 0.032248 	 3.132700 	 23.654310
  271 	 0.024893 	 2.803078 	 22.656788
  272 	 0.018658 	 3.744199 	 25.478744
  273 	 0.037141 	 3.813200 	 35.266560
  274 	 0.034319 	 3.660686 	 39.591021
  275 	 0.028343 	 3.008106 	 22.753649
  276 	 0.021551 	 3.163194 	 19.742652
  277 	 0.021752 	 3.876742 	 23.793105
  278 	 0.036162 	 3.770526 	 38.239252
  279 	 0.025018 	 3.949318 	 37.948112
  280 	 0.026145 	 2.722149 	 23.630496
  281 	 0.022339 	 3.110851 	 29.831976
  282 	 0.038793 	 3.814372 	 28.780717
  283 	 0.033502 	 4.221829 	 28.516697
  284 	 0.034740 	 2.469991 	 23.313581
  285 	 0.027030 	 3.841045 	 25.379621
  286 	 0.018453 	 3.218344 	 27.144457
  287 	 0.034255 	 3.988011 	 34.329357
  288 	 0.036218 	 2.894041 	 23.094199
  289 	 0.029102 	 3.119254 	 27.506879
  290 	 0.038444 	 3.488233 	 24.891978
  291 	 0.030883 	 4.373357 	 32.049537
  292 	 0.027145 	 2.816297 	 22.449469
  293 	 0.031200 	 3.622532 	 30.318230
  294 	 0.039608 	 3.239465 	 25.743553
  295 	 0.030490 	 2.810490 	 18.655585
  296 	 0.031151 	 2.783466 	 22.467912
  297 	 0.032628 	 3.750785 	 27.807083
  298 	 0.023043 	 3.604031 	 23.157509
  299 	 0.035959 	 2.939883 	 28.794871
  300 	 0.036353 	 2.937044 	 36.439502
  301 	 0.034687 	 3.900233 	 24.897721
  302 	 0.027441 	 3.806903 	 22.344761
  303 	 0.034406 	 2.526302 	 26.963652
  304 	 0.016771 	 3.086685 	 33.511438
  305 	 0.037082 	 4.267013 	 27.392839
  306 	 0.029839 	 4.948268 	 31.181051
  307 	 0.031108 	 2.633467 	 25.327992
  308 	 0.032067 	 2.390945 	 28.453889
  309 	 0.039478 	 3.668165 	 24.937063
  310 	 0.035125 	 5.884534 	 29.354316
  311 	 0.027679 	 2.023707 	 23.878736
  312 	 0.019416 	 2.236621 	 26.649113
  313 	 0.033766 	 4.130298 	 31.970083
  314 	 0.037499 	 5.842863 	 43.448736
  315 	 0.027965 	 2.178517 	 24.650966
  316 	 0.023008 	 2.226115 	 22.950563
  317 	 0.040499 	 4.017076 	 32.932543
  318 	 0.032209 	 4.385355 	 22.994509
  319 	 0.025477 	 1.925260 	 18.315289
  320 	 0.038307 	 2.583172 	 24.379917
  321 	 0.032645 	 4.046503 	 32.491743
  322 	 0.019498 	 2.991715 	 17.981499
  323 	 0.030758 	 1.754158 	 14.215669
  324 	 0.033059 	 2.516918 	 46.301070
  325 	 0.037281 	 3.013123 	 30.433529
  326 	 0.021577 	 3.218059 	 28.441831
  327 	 0.032819 	 2.419102 	 25.259945
  328 	 0.035157 	 2.474034 	 42.235348
  329 	 0.029898 	 3.700024 	 28.259121
  330 	 0.023676 	 3.072738 	 26.840676
  331 	 0.035183 	 3.477368 	 31.251674
  332 	 0.032754 	 3.073796 	 38.796270
  333 	 0.031996 	 3.365350 	 26.272578
  334 	 0.019232 	 3.701019 	 30.071230
  335 	 0.033261 	 2.746365 	 27.725953
  336 	 0.019081 	 3.147725 	 46.878547
  337 	 0.036065 	 2.886826 	 25.932413
  338 	 0.020567 	 4.090275 	 26.569920
  339 	 0.038241 	 2.895239 	 25.251390
  340 	 0.023433 	 2.804682 	 27.583105
  341 	 0.033972 	 3.067103 	 24.788545
  342 	 0.025579 	 4.112871 	 34.802866
  343 	 0.019771 	 2.907098 	 21.952722
  344 	 0.028732 	 2.465398 	 25.541919
  345 	 0.036466 	 3.439457 	 39.886508
  346 	 0.034313 	 3.377821 	 29.522983
  347 	 0.025048 	 2.837753 	 16.200572
  348 	 0.025773 	 2.482216 	 25.223053
  349 	 0.036398 	 3.390147 	 29.732103
  350 	 0.037725 	 3.595043 	 26.288476
  351 	 0.024725 	 2.932682 	 24.692590
  352 	 0.038039 	 2.688234 	 23.242542
  353 	 0.037275 	 3.133557 	 28.917343
  354 	 0.036831 	 3.013356 	 19.889593
  355 	 0.033468 	 3.021624 	 23.937517
  356 	 0.050267 	 2.597956 	 26.787105
  357 	 0.036239 	 3.205788 	 28.508788
  358 	 0.027523 	 2.867307 	 16.214819
  359 	 0.032885 	 2.691402 	 27.218709
  360 	 0.061451 	 2.679074 	 21.042428
  361 	 0.036566 	 3.212601 	 27.417277
  362 	 0.036375 	 2.445847 	 13.324339
  363 	 0.021220 	 2.773110 	 23.006735
  364 	 0.029647 	 3.309438 	 23.108015
  365 	 0.035701 	 3.814783 	 27.078227
  366 	 0.043274 	 2.776715 	 33.170682
  367 	 0.025780 	 3.283994 	 23.473511
  368 	 0.030147 	 3.224830 	 19.069529
  369 	 0.030424 	 4.573381 	 28.000783
  370 	 0.032293 	 3.170732 	 32.629990
  371 	 0.025187 	 3.251010 	 27.770515
  372 	 0.030645 	 3.669653 	 25.818269
  373 	 0.028251 	 4.786720 	 27.238650
  374 	 0.020481 	 2.261933 	 22.438808
  375 	 0.030411 	 4.268350 	 34.187278
  376 	 0.027346 	 4.880966 	 47.661721
  377 	 0.027683 	 4.301574 	 29.930428
  378 	 0.020976 	 2.490176 	 26.289906
  379 	 0.033398 	 3.523952 	 26.767215
  380 	 0.024447 	 4.439843 	 36.002771
  381 	 0.026428 	 3.224164 	 29.156420
  382 	 0.027718 	 2.621874 	 40.738017
  383 	 0.031546 	 3.976402 	 25.165417
  384 	 0.024547 	 3.663538 	 35.947675
  385 	 0.033843 	 2.876397 	 29.078812
  386 	 0.027818 	 4.438536 	 40.373587
  387 	 0.034269 	 4.058068 	 29.117714
  388 	 0.024706 	 3.953488 	 35.819405
  389 	 0.027948 	 3.169713 	 26.317113
  390 	 0.027918 	 4.053925 	 30.108035
  391 	 0.037989 	 3.990099 	 27.175626
  392 	 0.018276 	 3.407175 	 31.663114
  393 	 0.035196 	 2.339830 	 26.254498
  394 	 0.017947 	 3.299032 	 51.714412
  395 	 0.030562 	 4.067885 	 25.178742
  396 	 0.019308 	 4.043614 	 31.595367
  397 	 0.037116 	 2.324467 	 32.613387
  398 	 0.029351 	 2.206042 	 23.337165
  399 	 0.025048 	 3.710849 	 23.710411
 