   0 	 0.013859 	 0.078429 	 0.906865
    1 	 0.024701 	 0.255642 	 1.020096
    2 	 0.033084 	 0.593150 	 2.413321
    3 	 0.041177 	 0.729342 	 2.783863
    4 	 0.040279 	 0.609373 	 3.659639
    5 	 0.032195 	 0.604286 	 4.289903
    6 	 0.034204 	 0.633118 	 1.730450
    7 	 0.040208 	 0.786326 	 9.925166
    8 	 0.127261 	 1.379666 	 10.492691
    9 	 0.043415 	 1.442553 	 9.870835
   10 	 0.086996 	 1.056056 	 4.398264
   11 	 0.095581 	 1.129481 	 9.567985
   12 	 0.224247 	 1.278177 	 6.752389
   13 	 0.103852 	 1.284257 	 4.730095
   14 	 0.146768 	 1.060299 	 3.504502
   15 	 0.208716 	 1.079361 	 6.062366
   16 	 0.039982 	 1.249059 	 4.810751
   17 	 0.163306 	 1.220288 	 3.706225
   18 	 0.205261 	 1.146501 	 10.836352
   19 	 0.265440 	 1.024232 	 4.160970
   20 	 0.091765 	 1.164385 	 3.610251
   21 	 0.236851 	 1.159352 	 3.062408
   22 	 0.272379 	 1.079255 	 6.541735
   23 	 0.320153 	 1.000074 	 3.356260
   24 	 0.151450 	 1.111433 	 2.998686
   25 	 0.292624 	 1.116219 	 2.622931
   26 	 0.324957 	 1.044520 	 4.907971
   27 	 0.363474 	 0.983433 	 2.827066
   28 	 0.201245 	 1.073471 	 2.577849
   29 	 0.346241 	 1.085232 	 2.355303
   30 	 0.369529 	 1.020941 	 3.811776
   31 	 0.413838 	 0.971542 	 2.185584
   32 	 0.258206 	 1.047439 	 2.322185
   33 	 0.123082 	 1.057448 	 2.105537
   34 	 0.419589 	 1.009630 	 3.131791
   35 	 0.461545 	 1.016655 	 5.429400
   36 	 0.313196 	 1.029554 	 2.080348
   37 	 0.182133 	 1.041404 	 1.913345
   38 	 0.466974 	 0.999431 	 2.671683
   39 	 0.506471 	 0.998273 	 4.111287
   40 	 0.365927 	 1.017396 	 1.909917
   41 	 0.239671 	 1.027955 	 1.761893
   42 	 0.507352 	 0.990893 	 2.341770
   43 	 0.548549 	 0.986664 	 3.324788
   44 	 0.416169 	 1.007504 	 1.786824
   45 	 0.296113 	 1.016351 	 1.640289
   46 	 0.541148 	 0.982372 	 2.095254
   47 	 0.565422 	 0.975898 	 2.870156
   48 	 0.463746 	 0.996230 	 1.660446
   49 	 0.341151 	 1.006634 	 1.596112
   50 	 0.569514 	 0.975731 	 1.905322
   51 	 0.603423 	 0.967770 	 2.130149
   52 	 0.508538 	 0.996131 	 1.585756
   53 	 0.456361 	 1.000610 	 1.504838
   54 	 0.610480 	 0.970896 	 1.783046
   55 	 0.638595 	 0.966980 	 1.932513
   56 	 0.529172 	 0.995090 	 1.489026
   57 	 0.501602 	 0.997025 	 1.429195
   58 	 0.645109 	 0.970112 	 1.694135
   59 	 0.671008 	 0.969275 	 1.777140
   60 	 0.569724 	 0.992518 	 1.416012
   61 	 0.543999 	 0.992205 	 1.382536
   62 	 0.120904 	 0.957197 	 1.585228
   63 	 0.692695 	 0.965185 	 1.652623
   64 	 0.607413 	 1.037422 	 5.494388
   65 	 0.583525 	 0.985507 	 1.326620
   66 	 0.180002 	 0.955295 	 1.495858
   67 	 0.701384 	 0.964519 	 1.551290
   68 	 0.642278 	 1.015147 	 3.487939
   69 	 0.620197 	 0.985281 	 1.311503
   70 	 0.281766 	 0.956648 	 1.421711
   71 	 0.728543 	 0.965994 	 1.486994
   72 	 0.038341 	 0.997284 	 2.916587
   73 	 0.649648 	 0.983406 	 1.266395
   74 	 0.336827 	 1.056358 	 10.056224
   75 	 0.753298 	 0.966165 	 1.406968
   76 	 0.098926 	 0.990970 	 2.513026
   77 	 0.681167 	 0.979563 	 1.227900
   78 	 0.388481 	 1.015956 	 6.248965
   79 	 0.775795 	 0.967372 	 1.347223
   80 	 0.158477 	 0.988082 	 2.224291
   81 	 0.638986 	 0.976378 	 1.194893
   82 	 0.437562 	 0.995314 	 4.744350
   83 	 0.668171 	 0.969453 	 1.428396
   84 	 0.208097 	 0.987845 	 2.005367
   85 	 0.671368 	 0.981225 	 1.371233
   86 	 0.483918 	 0.989570 	 3.714750
   87 	 0.698162 	 0.968286 	 1.365247
   88 	 0.265460 	 0.984031 	 1.834802
   89 	 0.701092 	 0.980290 	 1.317069
   90 	 0.527453 	 0.985674 	 3.147031
   91 	 0.121239 	 0.958516 	 1.312006
   92 	 0.312565 	 0.982095 	 1.699081
   93 	 0.732973 	 1.032812 	 5.762388
   94 	 0.568123 	 0.981788 	 2.740737
   95 	 0.171718 	 0.960125 	 1.273442
   96 	 0.358033 	 0.981237 	 1.611803
   97 	 0.754295 	 1.017570 	 4.463918
   98 	 0.597763 	 0.979110 	 2.385876
   99 	 0.220994 	 0.961956 	 1.226400
  100 	 0.408668 	 0.980515 	 1.517765
  101 	 0.782044 	 1.007653 	 3.659068
  102 	 0.636916 	 0.976972 	 2.128711
  103 	 0.268805 	 0.963179 	 1.198546
  104 	 0.458503 	 0.980049 	 1.450923
  105 	 0.799459 	 1.001027 	 3.114244
  106 	 0.665237 	 0.974904 	 1.957702
  107 	 0.315802 	 0.963520 	 1.162035
  108 	 0.495343 	 0.979224 	 1.393656
  109 	 0.817571 	 0.995817 	 2.716640
  110 	 0.687400 	 0.973378 	 1.826006
  111 	 0.360005 	 0.964589 	 1.149596
  112 	 0.534672 	 0.979679 	 1.351898
  113 	 0.832019 	 0.993055 	 2.425389
  114 	 0.712150 	 0.972965 	 1.678495
  115 	 0.402173 	 0.964673 	 1.130814
  116 	 0.577769 	 0.979080 	 1.308130
  117 	 0.333452 	 0.983180 	 2.158552
  118 	 0.735062 	 0.972223 	 1.587127
  119 	 0.452314 	 0.982612 	 2.592338
  120 	 0.609969 	 0.977860 	 1.256026
  121 	 0.378124 	 0.980539 	 1.981711
  122 	 0.121254 	 0.961796 	 1.490159
  123 	 0.491639 	 0.979736 	 2.323292
  124 	 0.648315 	 1.026542 	 5.483841
  125 	 0.419394 	 0.978254 	 1.809171
  126 	 0.180345 	 0.962058 	 1.409611
  127 	 0.537210 	 0.977800 	 2.081191
  128 	 0.684036 	 1.011540 	 4.141736
  129 	 0.466790 	 0.977159 	 1.696325
  130 	 0.238434 	 0.962584 	 1.358075
  131 	 0.569014 	 0.976639 	 1.926448
  132 	 0.709031 	 1.001740 	 3.338521
  133 	 0.503132 	 0.976017 	 1.609491
  134 	 0.294914 	 0.963168 	 1.298480
  135 	 0.598590 	 0.975454 	 1.772319
  136 	 0.735521 	 0.995261 	 2.808879
  137 	 0.120915 	 0.964493 	 1.515862
  138 	 0.348435 	 0.963074 	 1.269324
  139 	 0.637689 	 1.026118 	 5.494045
  140 	 0.756645 	 0.990947 	 2.441796
  141 	 0.180013 	 0.963684 	 1.449298
  142 	 0.400947 	 0.962929 	 1.222875
  143 	 0.662077 	 1.010257 	 4.147426
  144 	 0.778831 	 0.987704 	 2.164282
  145 	 0.237613 	 0.964243 	 1.399821
  146 	 0.451145 	 0.963822 	 1.203179
  147 	 0.684500 	 1.001311 	 3.449311
  148 	 0.638024 	 0.981026 	 1.952190
  149 	 0.284867 	 0.963808 	 1.341202
  150 	 0.496699 	 0.965391 	 1.430361
  151 	 0.618618 	 0.986564 	 2.890449
  152 	 0.623359 	 0.976640 	 1.792759
  153 	 0.338805 	 0.971905 	 1.490495
  154 	 0.541988 	 0.977904 	 1.480036
  155 	 0.644498 	 0.988845 	 2.556857
  156 	 0.652598 	 0.975092 	 1.658133
  157 	 0.383266 	 0.971272 	 1.417237
  158 	 0.584647 	 0.976026 	 1.401152
  159 	 0.676436 	 0.985396 	 2.250399
  160 	 0.683877 	 0.973522 	 1.569988
  161 	 0.432620 	 0.969578 	 1.355866
  162 	 0.613088 	 0.975998 	 1.342324
  163 	 0.705733 	 0.983515 	 2.025441
  164 	 0.717039 	 0.972591 	 1.483266
  165 	 0.479262 	 0.969745 	 1.304065
  166 	 0.651225 	 0.976525 	 1.290315
  167 	 0.732512 	 0.982004 	 1.850610
  168 	 0.739965 	 0.972183 	 1.403853
  169 	 0.523092 	 0.970460 	 1.260061
  170 	 0.682616 	 0.976444 	 1.262204
  171 	 0.124438 	 0.970682 	 1.737946
  172 	 0.342619 	 0.964730 	 1.360700
  173 	 0.346627 	 1.012652 	 5.389742
  174 	 0.703334 	 0.992079 	 2.476971
  175 	 0.183458 	 0.986110 	 2.506725
  176 	 0.394000 	 0.964291 	 1.323392
  177 	 0.389435 	 0.998086 	 4.089010
  178 	 0.298001 	 0.979562 	 2.197319
  179 	 0.240957 	 0.982051 	 2.219585
  180 	 0.444520 	 0.986883 	 2.784730
  181 	 0.438465 	 0.991559 	 3.409972
  182 	 0.352245 	 0.977897 	 1.977771
  183 	 0.288828 	 0.979543 	 2.001742
  184 	 0.492133 	 0.982013 	 2.419284
  185 	 0.484768 	 0.986205 	 2.917768
  186 	 0.403163 	 0.976416 	 1.807556
  187 	 0.335698 	 0.977210 	 1.831944
  188 	 0.537676 	 0.979199 	 2.153950
  189 	 0.527720 	 0.982602 	 2.577332
  190 	 0.451457 	 0.975929 	 1.694984
  191 	 0.380281 	 0.975021 	 1.698312
  192 	 0.569449 	 0.975465 	 1.951002
  193 	 0.568372 	 0.970750 	 1.687532
  194 	 0.455021 	 0.965658 	 1.608367
  195 	 0.124339 	 0.958960 	 1.588633
  196 	 0.598994 	 0.971803 	 1.937530
  197 	 0.609409 	 1.026665 	 5.661264
  198 	 0.500343 	 0.979338 	 1.552569
  199 	 0.175243 	 0.963526 	 1.527862
  200 	 0.619706 	 0.967974 	 1.809487
  201 	 0.635743 	 1.004919 	 4.394773
  202 	 0.534591 	 0.962486 	 1.468848
  203 	 0.224867 	 0.953061 	 1.207920
  204 	 0.656578 	 0.970373 	 1.703893
  205 	 0.726687 	 0.994322 	 3.607932
  206 	 0.521868 	 0.971943 	 1.393382
  207 	 0.272551 	 0.956513 	 1.269378
  208 	 0.687530 	 0.974455 	 1.741650
  209 	 0.759044 	 1.005179 	 3.078330
  210 	 0.554708 	 0.977856 	 1.335773
  211 	 0.319425 	 0.960874 	 1.240913
  212 	 0.715885 	 0.978478 	 1.623882
  213 	 0.768042 	 0.990964 	 1.766396
  214 	 0.329476 	 0.968174 	 1.301770
  215 	 0.345966 	 0.941167 	 1.219004
  216 	 0.324085 	 0.994004 	 2.560323
  217 	 0.785605 	 1.042115 	 2.504177
  218 	 0.382757 	 0.986004 	 2.656850
  219 	 0.389821 	 0.939827 	 1.193453
  220 	 0.367924 	 0.989430 	 2.298549
  221 	 0.802727 	 1.036950 	 2.261822
  222 	 0.423792 	 0.983149 	 2.379681
  223 	 0.430492 	 0.942754 	 1.157638
  224 	 0.412408 	 0.985725 	 2.062315
  225 	 0.826488 	 1.027853 	 2.071284
  226 	 0.350930 	 0.972622 	 2.111895
  227 	 0.470902 	 0.945394 	 1.137930
  228 	 0.463264 	 1.001478 	 2.479974
  229 	 0.840173 	 1.020755 	 1.911307
  230 	 0.394902 	 0.970929 	 1.907071
  231 	 0.509267 	 0.947748 	 1.109541
  232 	 0.510368 	 0.997304 	 2.236126
  233 	 0.860703 	 1.014618 	 1.780732
  234 	 0.436982 	 0.970479 	 1.777247
  235 	 0.547936 	 0.950582 	 1.095287
  236 	 0.546583 	 0.994186 	 2.043813
  237 	 0.871394 	 1.008210 	 1.666012
  238 	 0.477074 	 0.969414 	 1.645594
  239 	 0.579001 	 0.953636 	 1.085036
  240 	 0.591753 	 0.992587 	 1.889025
  241 	 0.879247 	 1.005088 	 1.584030
  242 	 0.512788 	 0.969267 	 1.552667
  243 	 0.607855 	 0.954776 	 1.073483
  244 	 0.623066 	 0.989991 	 1.742501
  245 	 0.888271 	 1.002230 	 1.514796
  246 	 0.554446 	 0.970101 	 1.498428
  247 	 0.638123 	 0.956965 	 1.063184
  248 	 0.644858 	 0.988133 	 1.648135
  249 	 0.896472 	 0.998278 	 1.465367
  250 	 0.590865 	 0.968977 	 1.416514
  251 	 0.658906 	 0.955976 	 1.053994
  252 	 0.680451 	 0.984970 	 1.554812
  253 	 0.896785 	 0.996715 	 1.406062
  254 	 0.625347 	 0.969115 	 1.364720
  255 	 0.685701 	 0.956925 	 1.052759
  256 	 0.701351 	 0.982827 	 1.475694
  257 	 0.904929 	 0.995024 	 1.339045
  258 	 0.654110 	 0.970857 	 1.341111
  259 	 0.718316 	 0.959271 	 1.043208
  260 	 0.717663 	 0.982295 	 1.415608
  261 	 0.905544 	 0.992818 	 1.297663
  262 	 0.677182 	 0.971909 	 1.298763
  263 	 0.740761 	 0.960733 	 1.052804
  264 	 0.739720 	 0.982023 	 1.386036
  265 	 0.692176 	 0.987942 	 1.260937
  266 	 0.038571 	 0.948768 	 1.262594
  267 	 0.372170 	 0.954905 	 1.327534
  268 	 0.760517 	 1.107834 	 11.004641
  269 	 0.036896 	 0.985435 	 2.308027
  270 	 0.090434 	 0.951040 	 1.242518
  271 	 0.131228 	 1.112593 	 11.211219
  272 	 0.690482 	 1.056725 	 7.006017
  273 	 0.088713 	 1.028422 	 5.425107
  274 	 0.141661 	 0.956122 	 1.330527
  275 	 0.182568 	 1.056102 	 7.051542
  276 	 0.722738 	 1.034229 	 5.155679
  277 	 0.140753 	 1.003622 	 4.407846
  278 	 0.192308 	 0.950697 	 1.303716
  279 	 0.224168 	 1.032762 	 5.158546
  280 	 0.737020 	 1.037579 	 4.074838
  281 	 0.191878 	 0.997969 	 3.606622
  282 	 0.242769 	 0.952732 	 1.279886
  283 	 0.273245 	 1.018307 	 4.234094
  284 	 0.750195 	 1.025494 	 3.290889
  285 	 0.036872 	 0.981421 	 3.071773
  286 	 0.299044 	 0.954087 	 1.244872
  287 	 0.320917 	 1.129298 	 12.319504
  288 	 0.770908 	 1.018860 	 2.912530
  289 	 0.080824 	 0.978616 	 2.673677
  290 	 0.338200 	 0.955453 	 1.226681
  291 	 0.366733 	 1.074206 	 7.992086
  292 	 0.038008 	 1.002047 	 2.614378
  293 	 0.038548 	 0.959270 	 2.381897
  294 	 0.376127 	 1.067921 	 10.976037
  295 	 0.410678 	 1.182488 	 12.070220
  296 	 0.090669 	 0.997433 	 2.329771
  297 	 0.082486 	 0.958822 	 2.156203
  298 	 0.419803 	 1.030193 	 7.409110
  299 	 0.454441 	 1.116520 	 7.887324
  300 	 0.134167 	 0.995371 	 2.154695
  301 	 0.125938 	 0.960075 	 2.005047
  302 	 0.452941 	 1.012332 	 5.603282
  303 	 0.487960 	 1.078987 	 5.585409
  304 	 0.177067 	 0.992370 	 1.976126
  305 	 0.177629 	 0.952884 	 1.878780
  306 	 0.494945 	 1.002003 	 4.517386
  307 	 0.517631 	 1.077387 	 4.505943
  308 	 0.219217 	 0.990764 	 1.854444
  309 	 0.219768 	 0.953644 	 1.779579
  310 	 0.526664 	 0.992396 	 3.794818
  311 	 0.548282 	 1.061358 	 3.786896
  312 	 0.260477 	 0.993363 	 1.744093
  313 	 0.261015 	 0.955123 	 1.687530
  314 	 0.559161 	 0.988085 	 3.281092
  315 	 0.577424 	 1.048261 	 3.275304
  316 	 0.300716 	 0.991355 	 1.657107
  317 	 0.301241 	 0.955349 	 1.608431
  318 	 0.587749 	 0.984232 	 2.898413
  319 	 0.605059 	 1.037261 	 2.822142
  320 	 0.339823 	 0.990218 	 1.582156
  321 	 0.348573 	 0.956916 	 1.519389
  322 	 0.614834 	 0.982049 	 2.603336
  323 	 0.639513 	 1.025821 	 2.545353
  324 	 0.325729 	 0.985054 	 1.497154
  325 	 0.386152 	 0.955969 	 1.462388
  326 	 0.648738 	 0.984924 	 2.702490
  327 	 0.663708 	 1.027204 	 2.323139
  328 	 0.038009 	 0.978010 	 1.442922
  329 	 0.422397 	 0.957641 	 1.412414
  330 	 0.672394 	 1.107040 	 12.149267
  331 	 0.686476 	 1.020778 	 2.142716
  332 	 0.082010 	 0.977214 	 1.395295
  333 	 0.457244 	 0.958430 	 1.368407
  334 	 0.694640 	 1.058434 	 7.916997
  335 	 0.707861 	 1.016447 	 1.959462
  336 	 0.125608 	 0.977292 	 1.353290
  337 	 0.499061 	 0.959685 	 1.329503
  338 	 0.715517 	 1.035095 	 5.885548
  339 	 0.727906 	 1.012142 	 1.840396
  340 	 0.168843 	 0.976647 	 1.316106
  341 	 0.530589 	 0.960699 	 1.294991
  342 	 0.735075 	 1.021376 	 4.691676
  343 	 0.746664 	 1.008462 	 1.739465
  344 	 0.211150 	 0.976364 	 1.283079
  345 	 0.560612 	 0.961864 	 1.275894
  346 	 0.753364 	 1.011765 	 3.914664
  347 	 0.757464 	 1.004867 	 1.653133
  348 	 0.252591 	 0.975874 	 1.253661
  349 	 0.589125 	 0.962814 	 1.247249
  350 	 0.770439 	 1.005126 	 3.368235
  351 	 0.774264 	 1.002017 	 1.578719
  352 	 0.293037 	 0.975633 	 1.227386
  353 	 0.616136 	 0.963812 	 1.221652
  354 	 0.786357 	 1.000272 	 2.964392
  355 	 0.789919 	 0.999516 	 1.514152
  356 	 0.332370 	 0.975468 	 1.203866
  357 	 0.641662 	 0.964769 	 1.198725
  358 	 0.801176 	 0.995490 	 2.654841
  359 	 0.804489 	 0.996260 	 1.457806
  360 	 0.370488 	 0.976468 	 1.182766
  361 	 0.665732 	 0.966785 	 1.178149
  362 	 0.814952 	 0.992670 	 2.410868
  363 	 0.818030 	 0.994361 	 1.408387
  364 	 0.407304 	 0.976198 	 1.158410
  365 	 0.688380 	 0.967460 	 1.159649
  366 	 0.831455 	 0.990318 	 2.214329
  367 	 0.830600 	 0.992736 	 1.364853
  368 	 0.442746 	 0.975725 	 1.141871
  369 	 0.709646 	 0.967613 	 1.142988
  370 	 0.843049 	 0.988922 	 2.053192
  371 	 0.842256 	 0.991886 	 1.326355
  372 	 0.476760 	 0.975825 	 1.126953
  373 	 0.729578 	 0.968447 	 1.127961
  374 	 0.853787 	 0.987453 	 1.919165
  375 	 0.116979 	 0.980972 	 1.292193
  376 	 0.509304 	 0.975834 	 1.113478
  377 	 0.748227 	 1.027179 	 6.200444
  378 	 0.863723 	 0.986190 	 1.806346
  379 	 0.160135 	 0.980244 	 1.261786
  380 	 0.540352 	 0.975866 	 1.101293
  381 	 0.765646 	 1.013305 	 4.891537
  382 	 0.345602 	 0.978146 	 1.710420
  383 	 0.202600 	 0.972690 	 1.234650
  384 	 0.345729 	 0.986427 	 2.564744
  385 	 0.781891 	 1.022175 	 4.050224
  386 	 0.383282 	 0.995366 	 2.563914
  387 	 0.244229 	 0.972605 	 1.210373
  388 	 0.383404 	 0.984410 	 2.338731
  389 	 0.318856 	 1.006304 	 3.465860
  390 	 0.318148 	 0.985200 	 2.338064
  391 	 0.284887 	 0.992510 	 2.753640
  392 	 0.419751 	 1.002697 	 2.759019
  393 	 0.357406 	 1.000474 	 3.037784
  394 	 0.356720 	 0.983333 	 2.154935
  395 	 0.324456 	 0.989611 	 2.489384
  396 	 0.038066 	 0.987526 	 2.493641
  397 	 0.394682 	 0.996030 	 2.711821
  398 	 0.394020 	 1.106372 	 12.140866
  399 	 0.362829 	 0.987345 	 2.277996
 