   0 	 0.014501 	 0.051689 	 0.426385
    1 	 0.015139 	 0.093149 	 0.612520
    2 	 0.019988 	 0.183611 	 0.603507
    3 	 0.036322 	 0.371986 	 9.395025
    4 	 0.023951 	 1.173138 	 9.481762
    5 	 0.037444 	 2.882717 	 9.549126
    6 	 0.104710 	 2.615260 	 9.567300
    7 	 0.103981 	 1.485999 	 9.695213
    8 	 0.103781 	 0.998013 	 5.776669
    9 	 0.035692 	 2.202473 	 5.801102
   10 	 0.171084 	 2.058043 	 5.807855
   11 	 0.170451 	 1.256495 	 9.606943
   12 	 0.170176 	 0.912174 	 4.175640
   13 	 0.103356 	 1.853975 	 4.186720
   14 	 0.235625 	 1.768486 	 4.191532
   15 	 0.235011 	 1.077782 	 5.822234
   16 	 0.234746 	 0.869569 	 3.289209
   17 	 0.169761 	 1.633119 	 3.295861
   18 	 0.297831 	 1.583284 	 3.392963
   19 	 0.297242 	 0.991450 	 4.198842
   20 	 0.288904 	 0.849141 	 2.730518
   21 	 0.234343 	 1.480495 	 2.734915
   22 	 0.357281 	 1.446928 	 2.798742
   23 	 0.356720 	 0.946371 	 3.303129
   24 	 0.108097 	 0.843268 	 2.349178
   25 	 0.296601 	 1.372367 	 2.352275
   26 	 0.413637 	 1.399168 	 5.665823
   27 	 0.413108 	 0.921014 	 2.739717
   28 	 0.174392 	 0.843032 	 2.074530
   29 	 0.356111 	 1.291896 	 2.076810
   30 	 0.466651 	 1.310930 	 4.118762
   31 	 0.466155 	 0.907757 	 2.355655
   32 	 0.238279 	 0.846965 	 1.868982
   33 	 0.412532 	 1.229526 	 1.870716
   34 	 0.516161 	 1.243434 	 3.260740
   35 	 0.515699 	 0.901199 	 2.079297
   36 	 0.300378 	 0.854563 	 1.710687
   37 	 0.465615 	 1.176226 	 1.712039
   38 	 0.562086 	 1.196754 	 2.711660
   39 	 0.560552 	 0.906244 	 1.839537
   40 	 0.359704 	 0.861074 	 1.586078
   41 	 0.521502 	 1.138088 	 1.589946
   42 	 0.604420 	 1.157508 	 2.335879
   43 	 0.603011 	 0.907627 	 1.695196
   44 	 0.415925 	 0.869893 	 1.486281
   45 	 0.567023 	 1.108478 	 1.489402
   46 	 0.643219 	 1.126356 	 2.064730
   47 	 0.641930 	 0.910147 	 1.573755
   48 	 0.296843 	 0.873226 	 1.405247
   49 	 0.369268 	 1.073541 	 1.407796
   50 	 0.311143 	 1.104875 	 2.737907
   51 	 0.299240 	 0.926323 	 2.284838
   52 	 0.356340 	 0.916180 	 2.634748
   53 	 0.424946 	 1.072329 	 2.720054
   54 	 0.369939 	 1.081439 	 2.354381
   55 	 0.358622 	 0.927217 	 2.026974
   56 	 0.412749 	 0.917374 	 2.281340
   57 	 0.477242 	 1.054082 	 2.341802
   58 	 0.425579 	 1.062694 	 2.078359
   59 	 0.414903 	 0.929110 	 1.832704
   60 	 0.465818 	 0.919985 	 2.024378
   61 	 0.526010 	 1.039546 	 2.069096
   62 	 0.324425 	 1.031129 	 1.871894
   63 	 0.039671 	 0.923072 	 1.682341
   64 	 0.515386 	 0.957256 	 2.545667
   65 	 0.571187 	 1.117858 	 9.253161
   66 	 0.382546 	 1.020193 	 1.712957
   67 	 0.107278 	 0.926296 	 1.563509
   68 	 0.561370 	 0.954852 	 2.217562
   69 	 0.612779 	 1.069285 	 5.692231
   70 	 0.437453 	 1.011461 	 1.587882
   71 	 0.173592 	 0.929191 	 1.468043
   72 	 0.603762 	 0.952949 	 1.976861
   73 	 0.650854 	 1.044255 	 4.132369
   74 	 0.488935 	 1.004031 	 1.487737
   75 	 0.238052 	 0.932511 	 1.390330
   76 	 0.642617 	 0.952608 	 1.794253
   77 	 0.684028 	 1.028085 	 3.263159
   78 	 0.536869 	 0.998069 	 1.406437
   79 	 0.300160 	 0.932206 	 1.329032
   80 	 0.581394 	 0.948699 	 1.652159
   81 	 0.535118 	 1.019541 	 2.713265
   82 	 0.581206 	 0.988363 	 1.538951
   83 	 0.359497 	 0.941936 	 1.656951
   84 	 0.036950 	 0.954443 	 1.539394
   85 	 0.579592 	 1.010387 	 2.337012
   86 	 0.621970 	 1.089590 	 10.443831
   87 	 0.415729 	 0.944788 	 1.543228
   88 	 0.095214 	 0.954270 	 1.448498
   89 	 0.620491 	 1.004259 	 2.107352
   90 	 0.659240 	 1.039802 	 6.111942
   91 	 0.461648 	 0.946422 	 1.451610
   92 	 0.162055 	 0.954725 	 1.381475
   93 	 0.656508 	 0.998276 	 1.921422
   94 	 0.689715 	 1.017087 	 4.339243
   95 	 0.502558 	 0.947832 	 1.379485
   96 	 0.226879 	 0.955028 	 1.319062
   97 	 0.690663 	 0.993832 	 1.751444
   98 	 0.720741 	 1.004193 	 3.386633
   99 	 0.549498 	 0.949358 	 1.317414
  100 	 0.289433 	 0.955648 	 1.267202
  101 	 0.040053 	 0.979163 	 1.618391
  102 	 0.748726 	 0.995720 	 2.794602
  103 	 0.596235 	 1.043305 	 9.220628
  104 	 0.349284 	 0.956747 	 1.223801
  105 	 0.107654 	 0.977215 	 1.526636
  106 	 0.773873 	 0.990382 	 2.394157
  107 	 0.125818 	 0.997559 	 5.578684
  108 	 0.406082 	 0.957319 	 1.200951
  109 	 0.177384 	 1.018399 	 5.148863
  110 	 0.787804 	 0.986082 	 2.151084
  111 	 0.192025 	 0.982105 	 4.068613
  112 	 0.450555 	 0.958466 	 1.167946
  113 	 0.241720 	 1.004992 	 3.839883
  114 	 0.808835 	 0.982453 	 1.926949
  115 	 0.255867 	 0.974353 	 3.224557
  116 	 0.501165 	 0.959394 	 1.139945
  117 	 0.304566 	 0.995243 	 3.083881
  118 	 0.827578 	 0.979862 	 1.755725
  119 	 0.317231 	 0.969606 	 2.681208
  120 	 0.551109 	 0.959622 	 1.116099
  121 	 0.364962 	 0.984948 	 2.593156
  122 	 0.844239 	 0.977438 	 1.614183
  123 	 0.375720 	 0.972346 	 2.307538
  124 	 0.594324 	 0.961090 	 1.096348
  125 	 0.420886 	 0.981461 	 2.251644
  126 	 0.858555 	 0.975398 	 1.508923
  127 	 0.431026 	 0.970029 	 2.084696
  128 	 0.633985 	 0.961749 	 1.078802
  129 	 0.038756 	 0.968097 	 2.002298
  130 	 0.871686 	 0.973990 	 1.423720
  131 	 0.482929 	 1.061280 	 9.332191
  132 	 0.670187 	 0.962404 	 1.074236
  133 	 0.106376 	 0.966450 	 1.813799
  134 	 0.875169 	 0.973033 	 1.371766
  135 	 0.531293 	 1.020494 	 5.721604
  136 	 0.694365 	 0.962745 	 1.059806
  137 	 0.172711 	 0.965229 	 1.667519
  138 	 0.886363 	 0.972398 	 1.311021
  139 	 0.576064 	 1.002861 	 4.147462
  140 	 0.730023 	 0.963644 	 1.047380
  141 	 0.237199 	 0.964789 	 1.551678
  142 	 0.902541 	 0.972161 	 1.252470
  143 	 0.620934 	 0.991491 	 3.272259
  144 	 0.757077 	 0.963038 	 1.040213
  145 	 0.299342 	 0.967997 	 1.450677
  146 	 0.040013 	 0.964901 	 1.211421
  147 	 0.662481 	 0.985765 	 2.719298
  148 	 0.787265 	 1.064437 	 10.120139
  149 	 0.358719 	 0.967487 	 1.386422
  150 	 0.098150 	 0.965495 	 1.175860
  151 	 0.114373 	 0.971626 	 2.341269
  152 	 0.803690 	 1.018526 	 6.004226
  153 	 0.416655 	 1.019613 	 5.774561
  154 	 0.164673 	 0.961355 	 1.146670
  155 	 0.171428 	 0.970106 	 2.061623
  156 	 0.827150 	 1.005842 	 4.290496
  157 	 0.471604 	 1.001734 	 4.169662
  158 	 0.229416 	 0.960752 	 1.120010
  159 	 0.236599 	 0.967788 	 1.885356
  160 	 0.841461 	 0.994474 	 3.357781
  161 	 0.511835 	 0.992057 	 3.278701
  162 	 0.291870 	 0.961337 	 1.085402
  163 	 0.298766 	 0.967082 	 1.752435
  164 	 0.866700 	 0.988320 	 2.775695
  165 	 0.549199 	 0.985392 	 2.723565
  166 	 0.351606 	 0.960838 	 1.069404
  167 	 0.358171 	 0.966364 	 1.619175
  168 	 0.878886 	 0.984335 	 2.436614
  169 	 0.592566 	 0.980679 	 2.344278
  170 	 0.399199 	 0.961099 	 1.055648
  171 	 0.416133 	 0.966283 	 1.512937
  172 	 0.898838 	 0.981540 	 2.183410
  173 	 0.632376 	 0.977551 	 2.063843
  174 	 0.446367 	 0.959537 	 1.044236
  175 	 0.468990 	 0.966298 	 1.426989
  176 	 0.898767 	 0.981621 	 1.979544
  177 	 0.673905 	 0.976177 	 1.860848
  178 	 0.488295 	 0.960978 	 1.044314
  179 	 0.520929 	 0.965901 	 1.364806
  180 	 0.906525 	 0.979866 	 1.827838
  181 	 0.697736 	 0.976293 	 1.724944
  182 	 0.530043 	 0.962555 	 1.025720
  183 	 0.560619 	 0.966290 	 1.305251
  184 	 0.876948 	 0.976740 	 1.698245
  185 	 0.727987 	 0.973171 	 1.589779
  186 	 0.569138 	 0.962161 	 1.057811
  187 	 0.037010 	 0.955504 	 1.255671
  188 	 0.895567 	 0.977278 	 1.568535
  189 	 0.760762 	 1.068184 	 9.486802
  190 	 0.614502 	 0.962373 	 1.047815
  191 	 0.104655 	 0.956408 	 1.220163
  192 	 0.895885 	 0.975883 	 1.464340
  193 	 0.781883 	 1.026521 	 5.778513
  194 	 0.656538 	 0.963545 	 1.037038
  195 	 0.171030 	 0.957535 	 1.176079
  196 	 0.912543 	 0.975329 	 1.397940
  197 	 0.809796 	 1.010291 	 4.351036
  198 	 0.272633 	 0.959958 	 1.029502
  199 	 0.226766 	 0.959211 	 1.138698
  200 	 0.918863 	 0.993281 	 2.932272
  201 	 0.835075 	 0.999648 	 3.387928
  202 	 0.334328 	 0.960754 	 1.012902
  203 	 0.130285 	 0.950798 	 1.118725
  204 	 0.933095 	 0.988102 	 2.483065
  205 	 0.842371 	 1.037505 	 5.033107
  206 	 0.393412 	 0.961002 	 1.008171
  207 	 0.196390 	 0.951900 	 1.097971
  208 	 0.928875 	 0.984747 	 2.211353
  209 	 0.857360 	 1.020574 	 3.918650
  210 	 0.440499 	 0.961933 	 1.012479
  211 	 0.251417 	 0.953051 	 1.091512
  212 	 0.933464 	 0.982084 	 2.002808
  213 	 0.862134 	 1.008624 	 3.126786
  214 	 0.312162 	 0.954559 	 1.002671
  215 	 0.312971 	 0.954327 	 1.074651
  216 	 0.933645 	 0.998199 	 2.627693
  217 	 0.874851 	 0.999046 	 2.622120
  218 	 0.372233 	 0.956176 	 1.028891
  219 	 0.371675 	 0.956387 	 1.071064
  220 	 0.919378 	 0.992722 	 2.320011
  221 	 0.877606 	 0.994786 	 2.272339
  222 	 0.420378 	 0.957558 	 1.012373
  223 	 0.427216 	 0.956939 	 1.057076
  224 	 0.933556 	 0.988152 	 2.086907
  225 	 0.896157 	 0.988888 	 2.017693
  226 	 0.463971 	 0.958687 	 0.999818
  227 	 0.481581 	 0.959453 	 1.047168
  228 	 0.944628 	 0.986148 	 1.878390
  229 	 0.896405 	 0.986354 	 1.850546
  230 	 0.516212 	 0.960108 	 0.996584
  231 	 0.521119 	 0.960098 	 1.046896
  232 	 0.683837 	 0.980091 	 1.710538
  233 	 0.904408 	 0.984424 	 1.724378
  234 	 0.562133 	 0.964908 	 1.329369
  235 	 0.557794 	 0.960828 	 1.038198
  236 	 0.720374 	 0.978771 	 1.585959
  237 	 0.794136 	 0.980095 	 1.596950
  238 	 0.529672 	 0.964742 	 1.283411
  239 	 0.603956 	 0.962769 	 1.172422
  240 	 0.739748 	 0.977038 	 1.699315
  241 	 0.780836 	 0.978410 	 1.508852
  242 	 0.565702 	 0.967427 	 1.237397
  243 	 0.036964 	 0.955902 	 1.190992
  244 	 0.771488 	 0.975422 	 1.601276
  245 	 0.800133 	 1.070919 	 9.490949
  246 	 0.602382 	 0.967144 	 1.204402
  247 	 0.104610 	 0.957224 	 1.164235
  248 	 0.791639 	 0.975653 	 1.490797
  249 	 0.817638 	 1.033330 	 6.119594
  250 	 0.645329 	 0.968002 	 1.175863
  251 	 0.161854 	 0.958024 	 1.128620
  252 	 0.809938 	 0.974937 	 1.420195
  253 	 0.842162 	 1.015491 	 4.531977
  254 	 0.338705 	 0.961719 	 1.151096
  255 	 0.217828 	 0.952379 	 1.109925
  256 	 0.826518 	 0.991741 	 2.515689
  257 	 0.855634 	 1.020072 	 3.493719
  258 	 0.038154 	 0.952179 	 1.117421
  259 	 0.281490 	 0.954537 	 1.093573
  260 	 0.850180 	 1.091340 	 10.314219
  261 	 0.130181 	 1.000757 	 2.938668
  262 	 0.096404 	 0.953397 	 1.100134
  263 	 0.333615 	 1.003692 	 5.291541
  264 	 0.862862 	 1.045586 	 6.443139
  265 	 0.186904 	 0.993293 	 2.548324
  266 	 0.153574 	 0.954195 	 1.084997
  267 	 0.383564 	 0.990698 	 4.069940
  268 	 0.874281 	 1.023743 	 4.708688
  269 	 0.242205 	 0.988735 	 2.212564
  270 	 0.209754 	 0.956210 	 1.071718
  271 	 0.438411 	 0.984228 	 3.322209
  272 	 0.884550 	 1.011396 	 3.723646
  273 	 0.295770 	 0.985385 	 2.011218
  274 	 0.264379 	 0.949658 	 1.060052
  275 	 0.311131 	 0.972310 	 2.820321
  276 	 0.893774 	 1.022705 	 3.094260
  277 	 0.347328 	 1.001571 	 2.703207
  278 	 0.317152 	 0.951113 	 1.049788
  279 	 0.362056 	 0.970272 	 2.464704
  280 	 0.902049 	 1.013036 	 2.659913
  281 	 0.396274 	 0.995050 	 2.376113
  282 	 0.367821 	 0.952218 	 1.016403
  283 	 0.410692 	 0.969459 	 2.197444
  284 	 0.930057 	 1.006037 	 2.344001
  285 	 0.443215 	 0.991240 	 2.129961
  286 	 0.416181 	 0.954460 	 1.011269
  287 	 0.456880 	 0.965305 	 1.991975
  288 	 0.687216 	 0.997227 	 2.105348
  289 	 0.487621 	 0.992183 	 1.939189
  290 	 0.129944 	 0.950982 	 1.340453
  291 	 0.130085 	 0.956279 	 1.836478
  292 	 0.714667 	 1.041960 	 5.298198
  293 	 0.244088 	 1.028633 	 5.294235
  294 	 0.186672 	 0.945474 	 1.292880
  295 	 0.186810 	 0.977778 	 3.301548
  296 	 0.636826 	 1.032134 	 4.073791
  297 	 0.301609 	 1.020364 	 4.071499
  298 	 0.241979 	 0.952588 	 1.437553
  299 	 0.242113 	 0.973083 	 2.774624
  300 	 0.123402 	 1.009765 	 3.324702
  301 	 0.352930 	 1.008194 	 3.323218
  302 	 0.295552 	 1.004550 	 5.488422
  303 	 0.114103 	 0.961716 	 2.428778
  304 	 0.180270 	 1.001304 	 2.822055
  305 	 0.401998 	 1.053953 	 5.783596
  306 	 0.129494 	 0.982360 	 4.182870
  307 	 0.171163 	 0.960905 	 2.170151
  308 	 0.235756 	 1.044321 	 5.310840
  309 	 0.448642 	 1.032163 	 4.348534
  310 	 0.186232 	 0.972455 	 3.394939
  311 	 0.226895 	 0.960089 	 1.970671
  312 	 0.289541 	 1.027498 	 4.081098
  313 	 0.492739 	 1.018109 	 3.500243
  314 	 0.241552 	 0.968642 	 2.870749
  315 	 0.280974 	 0.960116 	 1.813108
  316 	 0.341349 	 1.015224 	 3.329430
  317 	 0.368285 	 1.001956 	 2.943130
  318 	 0.038100 	 0.956433 	 2.499067
  319 	 0.333119 	 0.975708 	 2.341454
  320 	 0.390951 	 1.110300 	 10.319896
  321 	 0.416623 	 0.991863 	 2.551548
  322 	 0.096351 	 0.941296 	 2.223454
  323 	 0.383091 	 0.978896 	 2.103392
  324 	 0.438163 	 1.097557 	 6.445330
  325 	 0.462494 	 0.987017 	 2.263004
  326 	 0.153850 	 0.942762 	 2.029784
  327 	 0.430700 	 0.977939 	 1.918305
  328 	 0.478793 	 1.068137 	 4.799612
  329 	 0.505790 	 0.984088 	 2.042903
  330 	 0.206011 	 0.944662 	 1.875140
  331 	 0.475805 	 0.976031 	 1.771197
  332 	 0.517079 	 1.048482 	 3.838611
  333 	 0.546449 	 0.982421 	 1.885709
  334 	 0.256581 	 0.939857 	 1.736476
  335 	 0.515409 	 0.974970 	 1.652213
  336 	 0.558355 	 1.050581 	 3.170773
  337 	 0.584449 	 0.975518 	 1.741528
  338 	 0.309638 	 0.941658 	 1.620339
  339 	 0.556784 	 0.980988 	 1.565070
  340 	 0.595543 	 1.038407 	 2.746208
  341 	 0.615813 	 0.974422 	 1.624473
  342 	 0.357053 	 0.943961 	 1.538359
  343 	 0.595602 	 0.979471 	 1.482332
  344 	 0.039857 	 1.017853 	 2.429823
  345 	 0.648874 	 0.973566 	 1.528113
  346 	 0.402524 	 1.047928 	 10.136163
  347 	 0.630154 	 0.978003 	 1.413081
  348 	 0.098088 	 1.009688 	 2.188069
  349 	 0.679403 	 0.972813 	 1.451475
  350 	 0.445064 	 1.010101 	 6.553610
  351 	 0.664022 	 0.977032 	 1.362578
  352 	 0.151231 	 1.003706 	 1.984663
  353 	 0.703543 	 0.972608 	 1.391747
  354 	 0.489365 	 0.993201 	 4.860721
  355 	 0.691445 	 0.976784 	 1.311746
  356 	 0.203272 	 0.999209 	 1.838691
  357 	 0.731933 	 0.972560 	 1.340581
  358 	 0.527012 	 0.984344 	 3.879400
  359 	 0.716804 	 0.976254 	 1.271565
  360 	 0.254201 	 0.994988 	 1.707033
  361 	 0.751674 	 0.972096 	 1.289318
  362 	 0.566305 	 0.978488 	 3.239384
  363 	 0.741775 	 0.975027 	 1.240428
  364 	 0.303593 	 0.991288 	 1.610812
  365 	 0.769688 	 0.971593 	 1.249102
  366 	 0.598942 	 0.974516 	 2.759436
  367 	 0.767105 	 0.974357 	 1.207018
  368 	 0.354832 	 0.987961 	 1.530358
  369 	 0.792696 	 0.971091 	 1.210793
  370 	 0.133704 	 0.946998 	 1.190614
  371 	 0.123435 	 0.964716 	 1.174404
  372 	 0.800376 	 1.038711 	 5.194711
  373 	 0.813733 	 1.021042 	 5.487437
  374 	 0.190349 	 0.948663 	 1.169761
  375 	 0.180442 	 0.964765 	 1.146088
  376 	 0.813961 	 1.022971 	 4.013666
  377 	 0.829952 	 1.006759 	 4.179865
  378 	 0.245811 	 0.951117 	 1.145790
  379 	 0.236163 	 0.965647 	 1.125173
  380 	 0.833132 	 1.013994 	 3.329881
  381 	 0.847693 	 0.998509 	 3.440411
  382 	 0.295057 	 0.952810 	 1.126593
  383 	 0.285779 	 0.965922 	 1.108411
  384 	 0.843602 	 1.006471 	 2.860768
  385 	 0.038147 	 0.982183 	 2.902096
  386 	 0.343022 	 0.954757 	 1.108153
  387 	 0.337736 	 1.070350 	 10.314885
  388 	 0.856932 	 1.000014 	 2.488667
  389 	 0.096438 	 0.977839 	 2.521842
  390 	 0.392547 	 0.956026 	 1.092022
  391 	 0.388147 	 1.026546 	 6.441737
  392 	 0.868944 	 0.995246 	 2.215592
  393 	 0.153935 	 0.976293 	 2.259135
  394 	 0.439678 	 0.957083 	 1.077884
  395 	 0.123644 	 0.998552 	 4.700681
  396 	 0.879752 	 0.992462 	 2.006107
  397 	 0.210107 	 1.026226 	 5.613435
  398 	 0.484283 	 0.958959 	 1.065471
  399 	 0.130080 	 0.980165 	 3.779190
 