   0 	 0.018341 	 0.055726 	 0.347258
    1 	 0.017075 	 0.115359 	 1.931620
    2 	 0.024819 	 0.434477 	 3.907873
    3 	 0.029984 	 1.101680 	 4.576180
    4 	 0.019886 	 1.453456 	 5.493682
    5 	 0.041114 	 1.133403 	 4.486641
    6 	 0.038284 	 0.855324 	 7.819474
    7 	 0.039492 	 0.995385 	 2.935572
    8 	 0.125625 	 1.256047 	 6.634927
    9 	 0.039107 	 1.054027 	 4.678617
   10 	 0.035814 	 0.958865 	 5.119788
   11 	 0.038116 	 1.071451 	 5.763123
   12 	 0.040605 	 1.342844 	 6.582664
   13 	 0.166833 	 1.155226 	 7.406549
   14 	 0.039524 	 0.985047 	 9.000470
   15 	 0.051835 	 0.994267 	 3.793156
   16 	 0.036908 	 1.581174 	 8.009366
   17 	 0.037889 	 1.230428 	 6.723380
   18 	 0.120729 	 1.405694 	 9.834489
   19 	 0.037305 	 1.336584 	 10.305111
   20 	 0.100376 	 1.432289 	 5.521089
   21 	 0.040953 	 1.629652 	 10.662841
   22 	 0.145791 	 1.251067 	 6.079935
   23 	 0.037827 	 1.298408 	 9.519045
   24 	 0.101863 	 1.393422 	 5.053299
   25 	 0.104350 	 1.557374 	 9.998345
   26 	 0.195810 	 1.211572 	 6.025439
   27 	 0.099451 	 1.162195 	 6.359309
   28 	 0.164519 	 1.292497 	 3.919884
   29 	 0.155953 	 1.366273 	 6.486544
   30 	 0.248461 	 1.121619 	 4.599424
   31 	 0.152899 	 1.070124 	 4.544372
   32 	 0.214946 	 1.194421 	 3.199381
   33 	 0.217331 	 1.279764 	 4.651272
   34 	 0.305822 	 1.113023 	 3.646358
   35 	 0.212072 	 1.027003 	 3.563396
   36 	 0.268351 	 1.145506 	 2.703276
   37 	 0.275308 	 1.208028 	 3.745893
   38 	 0.362296 	 1.065739 	 2.965148
   39 	 0.262468 	 0.996979 	 3.046850
   40 	 0.330115 	 1.103749 	 2.408503
   41 	 0.321445 	 1.153544 	 3.170903
   42 	 0.401832 	 1.033976 	 2.536688
   43 	 0.309119 	 0.981704 	 2.671331
   44 	 0.383791 	 1.074754 	 2.199099
   45 	 0.363447 	 1.114875 	 2.672574
   46 	 0.438751 	 1.009245 	 2.209015
   47 	 0.365407 	 0.969790 	 2.268360
   48 	 0.442103 	 1.051399 	 1.988662
   49 	 0.427559 	 1.080342 	 2.369806
   50 	 0.483381 	 0.992781 	 1.975491
   51 	 0.412762 	 0.961257 	 2.053984
   52 	 0.488761 	 1.031923 	 1.774683
   53 	 0.471057 	 1.053626 	 2.028968
   54 	 0.539147 	 0.981353 	 1.757900
   55 	 0.477768 	 0.956228 	 1.814364
   56 	 0.121845 	 1.007697 	 1.614866
   57 	 0.038635 	 1.026785 	 1.795102
   58 	 0.595605 	 1.025292 	 5.409943
   59 	 0.536480 	 1.064845 	 10.924759
   60 	 0.182520 	 1.000952 	 1.520035
   61 	 0.090962 	 1.019559 	 1.665057
   62 	 0.635754 	 1.005168 	 3.807780
   63 	 0.335337 	 1.002259 	 6.255418
   64 	 0.257953 	 0.993675 	 1.439182
   65 	 0.158521 	 1.030195 	 2.473794
   66 	 0.665211 	 0.995864 	 3.216959
   67 	 0.394027 	 0.981875 	 4.397136
   68 	 0.303301 	 0.986441 	 1.371157
   69 	 0.224717 	 1.018717 	 2.237500
   70 	 0.038744 	 0.974273 	 2.686724
   71 	 0.436605 	 0.970020 	 3.280655
   72 	 0.361425 	 1.083264 	 9.723447
   73 	 0.300052 	 1.009029 	 1.978220
   74 	 0.102288 	 0.972269 	 2.323824
   75 	 0.488491 	 0.967412 	 2.746106
   76 	 0.417934 	 1.037549 	 5.841545
   77 	 0.355239 	 1.003478 	 1.847094
   78 	 0.169330 	 0.972737 	 2.074544
   79 	 0.521922 	 0.968334 	 2.456767
   80 	 0.466539 	 1.018568 	 4.197635
   81 	 0.398459 	 0.999159 	 1.739668
   82 	 0.235265 	 0.972952 	 1.867627
   83 	 0.557859 	 0.969465 	 2.215531
   84 	 0.520690 	 1.008633 	 3.436846
   85 	 0.440833 	 0.996454 	 1.637308
   86 	 0.285637 	 0.972594 	 1.696093
   87 	 0.591643 	 0.968192 	 2.013964
   88 	 0.566574 	 1.000297 	 2.953887
   89 	 0.120075 	 0.983454 	 1.551486
   90 	 0.332581 	 0.971805 	 1.573628
   91 	 0.623291 	 1.021796 	 5.781181
   92 	 0.614807 	 0.996225 	 2.594163
   93 	 0.171324 	 0.981692 	 1.478872
   94 	 0.377777 	 0.971679 	 1.497664
   95 	 0.652839 	 1.006865 	 4.404815
   96 	 0.644927 	 0.992334 	 2.321925
   97 	 0.224330 	 0.980054 	 1.411355
   98 	 0.421084 	 0.971427 	 1.433021
   99 	 0.682941 	 0.998191 	 3.607112
  100 	 0.672983 	 0.989524 	 2.109778
  101 	 0.273223 	 0.978859 	 1.358989
  102 	 0.462390 	 0.971182 	 1.377632
  103 	 0.037561 	 0.981702 	 3.066327
  104 	 0.699041 	 0.986955 	 1.940656
  105 	 0.320592 	 1.089687 	 11.054549
  106 	 0.501616 	 0.971031 	 1.329892
  107 	 0.090030 	 0.978298 	 2.677432
  108 	 0.723175 	 0.985201 	 1.803374
  109 	 0.366256 	 1.043707 	 6.996452
  110 	 0.538714 	 0.970991 	 1.288536
  111 	 0.141857 	 0.975901 	 2.385748
  112 	 0.127490 	 0.975188 	 1.690293
  113 	 0.410063 	 1.022292 	 5.134606
  114 	 0.573660 	 1.020655 	 5.543537
  115 	 0.192771 	 0.974169 	 2.159999
  116 	 0.178596 	 0.974281 	 1.596016
  117 	 0.451896 	 1.009933 	 4.070488
  118 	 0.606459 	 1.007254 	 4.319735
  119 	 0.242519 	 0.972976 	 1.980999
  120 	 0.228695 	 0.973664 	 1.516625
  121 	 0.491667 	 1.001922 	 3.385023
  122 	 0.637136 	 0.998913 	 3.551200
  123 	 0.290873 	 0.972160 	 1.836323
  124 	 0.277462 	 0.973159 	 1.449201
  125 	 0.529318 	 0.996270 	 2.908895
  126 	 0.665734 	 0.993300 	 3.026985
  127 	 0.337633 	 0.971617 	 1.717570
  128 	 0.115081 	 0.963067 	 1.391529
  129 	 0.564822 	 0.990836 	 2.560603
  130 	 0.692315 	 1.044814 	 5.953072
  131 	 0.126654 	 0.963336 	 1.618852
  132 	 0.126995 	 0.953844 	 1.341894
  133 	 0.040022 	 1.021039 	 5.569347
  134 	 0.716952 	 1.077424 	 5.558792
  135 	 0.177865 	 1.092139 	 10.761682
  136 	 0.178199 	 0.954835 	 1.298952
  137 	 0.092468 	 1.006594 	 4.333417
  138 	 0.739726 	 1.052503 	 4.327144
  139 	 0.227982 	 1.045908 	 6.879109
  140 	 0.228308 	 0.955421 	 1.261629
  141 	 0.037153 	 0.986101 	 3.560219
  142 	 0.760729 	 1.035794 	 3.556085
  143 	 0.276769 	 1.136335 	 11.104625
  144 	 0.277086 	 0.956513 	 1.229062
  145 	 0.089626 	 0.980363 	 3.033345
  146 	 0.780055 	 1.023967 	 3.030430
  147 	 0.324018 	 1.077691 	 7.016287
  148 	 0.324325 	 0.957602 	 1.200546
  149 	 0.141459 	 0.976510 	 2.653095
  150 	 0.797801 	 1.015205 	 2.650941
  151 	 0.369550 	 1.048210 	 5.145121
  152 	 0.369844 	 0.958676 	 1.175502
  153 	 0.192381 	 0.973872 	 2.367145
  154 	 0.040012 	 0.998142 	 2.365497
  155 	 0.413215 	 1.030247 	 4.076959
  156 	 0.413497 	 1.068003 	 10.762884
  157 	 0.242139 	 0.967885 	 2.145392
  158 	 0.092457 	 0.993861 	 2.144096
  159 	 0.454899 	 1.024807 	 3.389383
  160 	 0.455167 	 1.025919 	 6.879596
  161 	 0.290505 	 0.966995 	 1.969285
  162 	 0.144248 	 0.990117 	 1.968245
  163 	 0.494515 	 1.015283 	 2.912016
  164 	 0.494769 	 1.006857 	 5.072329
  165 	 0.337278 	 0.966504 	 1.826769
  166 	 0.195113 	 0.987146 	 1.825920
  167 	 0.532009 	 1.008085 	 2.562935
  168 	 0.532249 	 0.991938 	 4.032044
  169 	 0.382287 	 0.966298 	 1.709669
  170 	 0.244801 	 0.991440 	 1.708967
  171 	 0.567354 	 1.002488 	 2.297863
  172 	 0.567580 	 0.985691 	 3.359072
  173 	 0.425394 	 0.966296 	 1.612244
  174 	 0.293086 	 0.988715 	 1.611656
  175 	 0.600549 	 0.998039 	 2.090765
  176 	 0.600761 	 0.981686 	 2.890294
  177 	 0.037552 	 0.956069 	 1.530342
  178 	 0.339767 	 0.979408 	 1.529846
  179 	 0.631615 	 1.106432 	 11.055641
  180 	 0.631813 	 0.995454 	 2.546688
  181 	 0.090021 	 0.947399 	 1.460888
  182 	 0.037123 	 0.967648 	 1.460465
  183 	 0.660595 	 1.113783 	 6.996885
  184 	 0.660779 	 1.103512 	 11.108300
  185 	 0.141848 	 0.948851 	 1.401552
  186 	 0.089596 	 0.967132 	 1.401190
  187 	 0.687544 	 1.075112 	 5.134835
  188 	 0.687715 	 1.054671 	 7.017740
  189 	 0.192762 	 0.950119 	 1.350541
  190 	 0.141430 	 0.962612 	 1.350229
  191 	 0.712534 	 1.052007 	 4.070629
  192 	 0.712693 	 1.038085 	 5.145890
  193 	 0.242511 	 0.951801 	 1.306448
  194 	 0.192352 	 0.962892 	 1.306177
  195 	 0.735647 	 1.036220 	 3.385119
  196 	 0.735793 	 1.023340 	 4.077433
  197 	 0.290865 	 0.949710 	 1.268155
  198 	 0.242111 	 0.956003 	 1.267920
  199 	 0.659794 	 1.022645 	 2.908963
  200 	 0.757106 	 1.022835 	 3.389702
  201 	 0.337625 	 0.960899 	 1.403127
  202 	 0.290478 	 0.957058 	 1.234560
  203 	 0.686800 	 1.014186 	 2.560654
  204 	 0.776723 	 1.014506 	 2.912244
  205 	 0.382621 	 0.961430 	 1.351899
  206 	 0.337252 	 0.956825 	 1.205366
  207 	 0.711846 	 1.003752 	 2.296102
  208 	 0.794744 	 1.007670 	 2.563106
  209 	 0.425713 	 0.962466 	 1.307624
  210 	 0.382262 	 0.951534 	 1.179740
  211 	 0.735011 	 0.979253 	 1.385401
  212 	 0.129424 	 0.995012 	 2.297994
  213 	 0.238860 	 0.959964 	 1.269179
  214 	 0.233251 	 0.998502 	 5.484730
  215 	 0.756384 	 1.008383 	 3.427471
  216 	 0.180583 	 1.026383 	 3.494664
  217 	 0.287326 	 0.967924 	 1.235660
  218 	 0.281884 	 0.986810 	 4.282975
  219 	 0.776060 	 1.001789 	 2.939226
  220 	 0.230634 	 1.016850 	 2.987005
  221 	 0.334211 	 0.967796 	 1.206331
  222 	 0.328958 	 0.980049 	 3.526915
  223 	 0.794136 	 0.997028 	 2.583242
  224 	 0.279344 	 1.009138 	 2.618778
  225 	 0.379342 	 0.967484 	 1.180588
  226 	 0.364811 	 0.969541 	 3.009837
  227 	 0.339134 	 0.981657 	 2.313518
  228 	 0.038421 	 0.993653 	 2.394000
  229 	 0.422580 	 0.998962 	 2.550800
  230 	 0.408680 	 1.084400 	 10.950351
  231 	 0.384069 	 0.979416 	 2.103140
  232 	 0.090882 	 0.989546 	 2.166471
  233 	 0.463813 	 0.994008 	 2.288493
  234 	 0.450578 	 1.038317 	 6.954967
  235 	 0.427096 	 0.976957 	 1.935310
  236 	 0.142697 	 0.981538 	 1.986184
  237 	 0.502965 	 0.985734 	 2.083350
  238 	 0.490416 	 1.019734 	 5.112561
  239 	 0.468110 	 0.978506 	 1.798998
  240 	 0.193594 	 0.967639 	 1.840548
  241 	 0.537859 	 0.978652 	 1.919350
  242 	 0.528137 	 1.034002 	 4.056902
  243 	 0.507035 	 0.996966 	 1.692737
  244 	 0.243321 	 0.966630 	 1.721061
  245 	 0.572857 	 0.976693 	 1.785921
  246 	 0.563710 	 1.022257 	 3.375862
  247 	 0.543827 	 0.993253 	 1.598065
  248 	 0.291650 	 0.966035 	 1.621770
  249 	 0.605706 	 0.974796 	 1.675809
  250 	 0.597132 	 1.013666 	 2.902333
  251 	 0.125419 	 0.981619 	 1.518358
  252 	 0.126672 	 0.946111 	 1.538385
  253 	 0.636433 	 1.024429 	 5.607920
  254 	 0.628423 	 1.109916 	 5.568799
  255 	 0.176653 	 0.980059 	 1.450678
  256 	 0.177882 	 0.947264 	 1.467733
  257 	 0.665080 	 1.009902 	 4.356297
  258 	 0.114872 	 1.067590 	 4.333092
  259 	 0.226799 	 0.977947 	 1.392796
  260 	 0.227999 	 1.003974 	 5.960460
  261 	 0.691708 	 1.001261 	 3.575277
  262 	 0.166296 	 1.044636 	 3.560005
  263 	 0.275621 	 0.974643 	 1.342988
  264 	 0.276786 	 0.988072 	 4.562121
  265 	 0.355618 	 0.990518 	 3.043951
  266 	 0.216684 	 1.025683 	 3.033194
  267 	 0.322909 	 0.990317 	 2.447873
  268 	 0.324034 	 0.996896 	 3.709424
  269 	 0.399876 	 0.986330 	 2.660929
  270 	 0.265793 	 1.015346 	 2.652983
  271 	 0.368483 	 0.985015 	 2.208596
  272 	 0.369565 	 0.987505 	 3.137815
  273 	 0.442185 	 0.985676 	 2.373138
  274 	 0.313409 	 1.009924 	 2.367060
  275 	 0.412195 	 0.981896 	 2.019855
  276 	 0.413230 	 0.981010 	 2.729933
  277 	 0.482450 	 0.980917 	 2.150100
  278 	 0.359346 	 1.000944 	 2.145325
  279 	 0.453926 	 0.981479 	 1.867938
  280 	 0.455008 	 0.976601 	 2.425737
  281 	 0.520606 	 0.978181 	 1.973062
  282 	 0.403448 	 0.997611 	 1.968860
  283 	 0.493593 	 0.980378 	 1.743661
  284 	 0.494618 	 0.974364 	 2.191312
  285 	 0.556619 	 0.974969 	 1.829851
  286 	 0.445591 	 0.993837 	 1.826423
  287 	 0.531138 	 0.981567 	 1.640638
  288 	 0.532107 	 0.975267 	 2.006056
  289 	 0.590480 	 0.976268 	 1.712219
  290 	 0.485683 	 0.991957 	 1.709383
  291 	 0.566534 	 0.981462 	 1.554292
  292 	 0.567446 	 0.974005 	 1.856724
  293 	 0.622203 	 0.975055 	 1.614377
  294 	 0.523663 	 0.988739 	 1.612004
  295 	 0.599780 	 0.979376 	 1.481255
  296 	 0.600635 	 0.972700 	 1.734415
  297 	 0.651825 	 0.973822 	 1.532143
  298 	 0.037129 	 0.975444 	 1.530140
  299 	 0.614763 	 0.977835 	 1.418994
  300 	 0.631696 	 1.081911 	 11.107496
  301 	 0.679397 	 0.968086 	 1.409914
  302 	 0.089270 	 0.970628 	 1.460715
  303 	 0.677794 	 0.980318 	 1.365567
  304 	 0.660670 	 1.046267 	 7.033847
  305 	 0.704987 	 0.973565 	 1.368562
  306 	 0.141108 	 0.968330 	 1.401405
  307 	 0.698288 	 0.976980 	 1.319459
  308 	 0.687614 	 1.024984 	 5.154416
  309 	 0.728672 	 0.974640 	 1.331225
  310 	 0.192037 	 0.971650 	 1.350414
  311 	 0.722478 	 0.979229 	 1.279472
  312 	 0.712599 	 1.012348 	 4.082676
  313 	 0.750541 	 0.974522 	 1.289694
  314 	 0.241804 	 0.970879 	 1.306337
  315 	 0.744827 	 0.978438 	 1.244646
  316 	 0.735707 	 1.003995 	 3.393233
  317 	 0.770685 	 0.974316 	 1.253562
  318 	 0.290180 	 0.970362 	 1.268059
  319 	 0.765426 	 0.978078 	 1.226715
  320 	 0.757026 	 0.998072 	 2.914770
  321 	 0.781485 	 0.974630 	 1.228471
  322 	 0.336965 	 0.970947 	 1.234681
  323 	 0.780414 	 0.977156 	 1.198487
  324 	 0.776650 	 0.993074 	 2.564993
  325 	 0.129250 	 0.964430 	 1.200028
  326 	 0.381987 	 0.970864 	 1.205473
  327 	 0.037314 	 1.015463 	 5.489990
  328 	 0.037128 	 0.980045 	 2.299450
  329 	 0.180411 	 1.077888 	 11.084722
  330 	 0.425107 	 1.082716 	 11.107690
  331 	 0.089786 	 1.003473 	 4.286121
  332 	 0.089601 	 0.979310 	 2.129442
  333 	 0.230467 	 1.032711 	 7.008411
  334 	 0.458223 	 1.036429 	 7.017499
  335 	 0.141785 	 0.993268 	 3.394817
  336 	 0.141435 	 0.977228 	 1.956475
  337 	 0.289108 	 1.012348 	 5.136494
  338 	 0.497667 	 1.015114 	 5.145763
  339 	 0.192286 	 0.985529 	 2.923910
  340 	 0.192357 	 0.964497 	 1.268936
  341 	 0.335930 	 1.003313 	 4.078542
  342 	 0.756523 	 1.014216 	 4.077354
  343 	 0.242046 	 0.987212 	 2.571818
  344 	 0.242116 	 0.957188 	 1.235447
  345 	 0.309506 	 0.980634 	 3.390449
  346 	 0.776188 	 1.026143 	 3.389649
  347 	 0.290415 	 1.023991 	 2.759339
  348 	 0.290482 	 0.957442 	 1.206144
  349 	 0.355589 	 0.976468 	 2.912778
  350 	 0.794253 	 1.016979 	 2.912206
  351 	 0.337191 	 1.014572 	 2.448049
  352 	 0.337256 	 0.958476 	 1.180424
  353 	 0.399848 	 0.973654 	 2.563505
  354 	 0.810817 	 1.010275 	 2.619474
  355 	 0.040037 	 0.997217 	 2.208734
  356 	 0.374199 	 0.959788 	 1.157787
  357 	 0.442158 	 1.085278 	 11.143636
  358 	 0.825977 	 1.004404 	 2.341377
  359 	 0.089313 	 0.991892 	 2.019965
  360 	 0.417663 	 0.960467 	 1.137815
  361 	 0.473620 	 1.037534 	 7.031693
  362 	 0.309464 	 0.991679 	 2.125116
  363 	 0.141215 	 0.981961 	 1.930056
  364 	 0.354776 	 0.968792 	 2.825147
  365 	 0.504298 	 1.033457 	 5.151584
  366 	 0.114981 	 1.012583 	 2.452930
  367 	 0.192142 	 0.971616 	 1.794695
  368 	 0.309401 	 1.014380 	 5.956589
  369 	 0.541244 	 1.038509 	 4.080934
  370 	 0.166404 	 1.025669 	 2.760137
  371 	 0.241906 	 0.970272 	 1.683094
  372 	 0.355488 	 0.998781 	 4.559892
  373 	 0.576039 	 1.024782 	 3.392060
  374 	 0.216788 	 1.016442 	 2.500077
  375 	 0.290989 	 0.960922 	 1.589980
  376 	 0.351982 	 0.980006 	 3.707984
  377 	 0.608687 	 1.029335 	 2.907919
  378 	 0.265895 	 1.023007 	 2.469856
  379 	 0.337744 	 0.959407 	 1.511516
  380 	 0.396392 	 0.976361 	 3.136813
  381 	 0.639216 	 1.021092 	 2.559873
  382 	 0.313508 	 1.018831 	 2.225725
  383 	 0.382735 	 0.963908 	 1.444845
  384 	 0.114790 	 0.963352 	 2.729200
  385 	 0.667671 	 1.013264 	 2.295500
  386 	 0.037548 	 1.056847 	 5.963399
  387 	 0.425822 	 0.963942 	 1.387789
  388 	 0.166215 	 1.073639 	 11.056126
  389 	 0.694112 	 1.007057 	 2.088896
  390 	 0.090017 	 1.036160 	 4.563812
  391 	 0.466898 	 0.964137 	 1.338666
  392 	 0.037553 	 1.007944 	 6.997078
  393 	 0.718615 	 1.002048 	 1.923825
  394 	 0.141844 	 1.185547 	 11.055475
  395 	 0.505887 	 0.964458 	 1.296152
  396 	 0.090022 	 0.988102 	 5.134938
  397 	 0.741262 	 0.997956 	 1.789590
  398 	 0.192759 	 1.117046 	 6.996820
  399 	 0.542744 	 0.964862 	 1.259190
 