   0 	 0.016991 	 0.063666 	 0.613873
    1 	 0.017552 	 0.152527 	 2.864510
    2 	 0.024787 	 0.852959 	 8.584341
    3 	 0.034042 	 1.785675 	 6.878126
    4 	 0.041014 	 1.412428 	 6.651652
    5 	 0.035892 	 0.759920 	 4.926229
    6 	 0.040401 	 0.939406 	 5.691062
    7 	 0.178698 	 1.340011 	 6.605353
    8 	 0.124902 	 1.224651 	 7.147913
    9 	 0.042697 	 0.839776 	 2.324004
   10 	 0.038672 	 0.922433 	 3.535438
   11 	 0.037515 	 1.256036 	 9.141049
   12 	 0.149229 	 1.388236 	 8.405301
   13 	 0.037670 	 1.059159 	 8.487908
   14 	 0.037959 	 0.872164 	 4.356739
   15 	 0.116157 	 1.230594 	 8.476747
   16 	 0.037739 	 1.543143 	 12.294178
   17 	 0.037848 	 1.052019 	 4.912111
   18 	 0.080811 	 1.413684 	 12.071656
   19 	 0.201726 	 1.605573 	 9.941241
   20 	 0.082183 	 1.274886 	 6.206879
   21 	 0.038424 	 0.929720 	 3.545767
   22 	 0.038656 	 1.258395 	 7.221095
   23 	 0.039014 	 1.555011 	 9.866938
   24 	 0.038668 	 1.380705 	 10.024453
   25 	 0.039141 	 1.075921 	 15.405061
   26 	 0.038010 	 1.566893 	 15.433434
   27 	 0.039067 	 1.810138 	 15.346230
   28 	 0.064539 	 1.821049 	 15.647053
   29 	 0.064904 	 1.097232 	 7.961326
   30 	 0.045593 	 1.386469 	 10.939621
   31 	 0.124651 	 1.571108 	 7.936240
   32 	 0.038346 	 1.790259 	 11.165540
   33 	 0.107493 	 1.072119 	 6.642283
   34 	 0.089354 	 1.476654 	 15.565243
   35 	 0.149178 	 1.558123 	 7.496647
   36 	 0.064139 	 1.688377 	 7.661978
   37 	 0.037241 	 1.032220 	 5.711725
   38 	 0.130019 	 1.337205 	 11.106292
   39 	 0.164182 	 1.842269 	 15.837584
   40 	 0.087909 	 1.444117 	 6.413565
   41 	 0.037520 	 1.018048 	 4.995299
   42 	 0.155292 	 1.391004 	 6.710998
   43 	 0.199156 	 1.962312 	 15.767926
   44 	 0.147665 	 1.334457 	 4.621233
   45 	 0.063175 	 0.981106 	 4.001995
   46 	 0.215186 	 1.313955 	 5.761537
   47 	 0.248269 	 1.763911 	 11.226475
   48 	 0.172788 	 1.298490 	 4.147889
   49 	 0.088870 	 0.969235 	 3.516011
   50 	 0.239590 	 1.248419 	 5.033013
   51 	 0.279555 	 1.607567 	 8.713064
   52 	 0.197671 	 1.256359 	 3.766612
   53 	 0.113971 	 0.959276 	 3.273802
   54 	 0.263677 	 1.209929 	 4.472853
   55 	 0.303058 	 1.590435 	 7.149442
   56 	 0.222284 	 1.221846 	 3.453307
   57 	 0.139366 	 0.951627 	 3.039904
   58 	 0.137623 	 1.163646 	 4.029270
   59 	 0.035739 	 1.511682 	 6.050843
   60 	 0.246599 	 1.256318 	 6.115329
   61 	 0.164562 	 1.097453 	 16.223556
   62 	 0.162834 	 1.139811 	 3.669740
   63 	 0.061541 	 1.450096 	 5.250393
   64 	 0.270589 	 1.223215 	 5.298464
   65 	 0.125922 	 1.032910 	 11.436336
   66 	 0.129948 	 1.109758 	 3.372805
   67 	 0.087243 	 1.459293 	 6.586637
   68 	 0.294230 	 1.256140 	 6.416510
   69 	 0.151228 	 1.001459 	 8.838366
   70 	 0.155221 	 1.092734 	 3.123733
   71 	 0.112812 	 1.406420 	 5.645636
   72 	 0.317578 	 1.222683 	 5.521156
   73 	 0.176319 	 0.981556 	 7.209152
   74 	 0.180276 	 1.077891 	 2.911394
   75 	 0.138216 	 1.357891 	 4.945130
   76 	 0.340449 	 1.195754 	 4.850228
   77 	 0.201166 	 0.985244 	 6.093249
   78 	 0.205081 	 1.052662 	 2.729634
   79 	 0.163421 	 1.320619 	 4.404013
   80 	 0.118586 	 1.183538 	 4.329364
   81 	 0.225738 	 0.974238 	 5.282020
   82 	 0.229607 	 1.107219 	 6.921084
   83 	 0.188398 	 1.290021 	 3.973961
   84 	 0.143947 	 1.163615 	 3.913783
   85 	 0.250009 	 0.965706 	 4.666404
   86 	 0.253828 	 1.086884 	 5.887637
   87 	 0.213115 	 1.262281 	 3.624386
   88 	 0.169104 	 1.144445 	 3.574906
   89 	 0.273951 	 0.959277 	 4.183838
   90 	 0.277716 	 1.072062 	 5.128110
   91 	 0.237544 	 1.237976 	 3.334988
   92 	 0.194024 	 1.128487 	 3.293638
   93 	 0.127055 	 0.941638 	 3.795865
   94 	 0.301247 	 1.058913 	 4.547031
   95 	 0.261659 	 1.285077 	 6.537883
   96 	 0.218678 	 1.113607 	 3.056732
   97 	 0.152351 	 0.938402 	 3.477544
   98 	 0.324398 	 1.049291 	 4.088672
   99 	 0.285433 	 1.255110 	 5.610059
  100 	 0.243039 	 1.101330 	 2.854711
  101 	 0.177432 	 0.932794 	 3.211990
  102 	 0.347149 	 1.033813 	 3.718319
  103 	 0.308843 	 1.234021 	 4.918061
  104 	 0.267078 	 1.094586 	 2.680615
  105 	 0.202267 	 0.931403 	 2.987365
  106 	 0.369479 	 1.026592 	 3.413220
  107 	 0.204831 	 1.210776 	 4.382754
  108 	 0.290772 	 1.084621 	 2.529220
  109 	 0.226827 	 0.947650 	 4.334043
  110 	 0.391371 	 1.020362 	 3.157841
  111 	 0.229361 	 1.191394 	 3.956844
  112 	 0.314096 	 1.076049 	 2.396523
  113 	 0.251083 	 0.938316 	 3.917561
  114 	 0.412810 	 1.014939 	 2.941211
  115 	 0.253584 	 1.193347 	 3.610327
  116 	 0.337028 	 1.068201 	 2.279411
  117 	 0.275010 	 0.936401 	 3.578017
  118 	 0.433781 	 1.010291 	 2.755366
  119 	 0.277476 	 1.176696 	 3.323248
  120 	 0.359549 	 1.061192 	 2.175422
  121 	 0.298583 	 0.935297 	 3.296240
  122 	 0.454273 	 1.006307 	 2.594380
  123 	 0.301011 	 1.161844 	 3.081822
  124 	 0.381639 	 1.054921 	 2.082584
  125 	 0.321779 	 0.934748 	 3.058938
  126 	 0.474274 	 1.002871 	 2.453755
  127 	 0.128789 	 1.135197 	 2.876214
  128 	 0.403282 	 1.049262 	 1.999303
  129 	 0.344576 	 0.998290 	 6.464599
  130 	 0.493778 	 0.999934 	 2.330014
  131 	 0.154071 	 1.123741 	 2.699227
  132 	 0.424608 	 1.044201 	 1.924269
  133 	 0.366955 	 0.988381 	 5.556437
  134 	 0.509848 	 0.997287 	 2.219716
  135 	 0.179162 	 1.113210 	 2.545466
  136 	 0.445312 	 1.039615 	 1.866549
  137 	 0.388898 	 0.981249 	 4.876570
  138 	 0.129783 	 0.985386 	 2.122187
  139 	 0.131473 	 1.094178 	 2.410809
  140 	 0.465531 	 1.096081 	 6.423306
  141 	 0.410389 	 1.036185 	 6.354324
  142 	 0.155058 	 0.983890 	 2.038193
  143 	 0.156734 	 1.085772 	 2.292056
  144 	 0.484474 	 1.081928 	 5.526147
  145 	 0.037964 	 1.012193 	 5.475421
  146 	 0.180114 	 0.978334 	 1.959346
  147 	 0.181775 	 1.228439 	 15.658139
  148 	 0.503716 	 1.072243 	 4.854043
  149 	 0.063759 	 1.011737 	 4.815225
  150 	 0.204920 	 0.982035 	 1.888161
  151 	 0.206564 	 1.172259 	 11.153351
  152 	 0.522449 	 1.063044 	 4.332371
  153 	 0.089451 	 1.003758 	 4.301749
  154 	 0.229449 	 0.977267 	 1.823655
  155 	 0.231072 	 1.139217 	 8.669154
  156 	 0.540671 	 1.073766 	 3.916211
  157 	 0.115008 	 0.997518 	 3.891468
  158 	 0.253671 	 0.976506 	 1.765005
  159 	 0.255273 	 1.116667 	 7.096830
  160 	 0.558377 	 1.065200 	 3.576906
  161 	 0.140396 	 0.992591 	 3.556523
  162 	 0.277561 	 0.975907 	 1.711517
  163 	 0.279141 	 1.099993 	 6.013386
  164 	 0.575567 	 1.057771 	 3.295311
  165 	 0.037880 	 0.979049 	 3.278250
  166 	 0.301095 	 0.975507 	 1.662601
  167 	 0.302650 	 1.249227 	 15.678773
  168 	 0.592241 	 1.051364 	 3.058150
  169 	 0.038470 	 0.955508 	 3.043679
  170 	 0.324249 	 0.975322 	 1.617753
  171 	 0.325778 	 1.510765 	 15.535279
  172 	 0.608401 	 1.045579 	 2.855927
  173 	 0.064262 	 0.953673 	 2.843513
  174 	 0.347002 	 0.974613 	 1.576539
  175 	 0.348503 	 1.375692 	 11.091079
  176 	 0.624049 	 1.041111 	 2.681668
  177 	 0.089952 	 0.952906 	 2.670916
  178 	 0.369335 	 0.974485 	 1.538583
  179 	 0.370808 	 1.294186 	 8.631661
  180 	 0.358619 	 1.027068 	 2.530139
  181 	 0.115506 	 0.939759 	 2.520748
  182 	 0.352529 	 0.985518 	 2.600654
  183 	 0.330692 	 1.317602 	 7.071833
  184 	 0.380727 	 1.043456 	 2.642503
  185 	 0.140890 	 0.959376 	 2.804322
  186 	 0.374756 	 0.984218 	 2.459256
  187 	 0.353329 	 1.265758 	 5.995559
  188 	 0.402389 	 1.038575 	 2.495906
  189 	 0.166073 	 0.958360 	 2.636927
  190 	 0.351553 	 0.971045 	 2.334871
  191 	 0.127016 	 1.215477 	 5.209072
  192 	 0.423591 	 1.055997 	 2.649339
  193 	 0.191023 	 1.019206 	 6.539542
  194 	 0.373798 	 0.971981 	 2.224741
  195 	 0.152313 	 1.186743 	 4.609929
  196 	 0.444318 	 1.050317 	 2.501886
  197 	 0.215711 	 1.007961 	 5.611271
  198 	 0.395603 	 0.971719 	 2.126673
  199 	 0.177394 	 1.162495 	 4.138881
  200 	 0.464560 	 1.045213 	 2.372462
  201 	 0.240109 	 0.999684 	 4.918984
  202 	 0.416951 	 0.971613 	 2.038901
  203 	 0.202229 	 1.142564 	 3.759275
  204 	 0.484308 	 1.040663 	 2.258094
  205 	 0.264189 	 0.993253 	 4.383480
  206 	 0.437830 	 0.971467 	 1.959984
  207 	 0.226789 	 1.125864 	 3.447222
  208 	 0.503554 	 1.036527 	 2.156429
  209 	 0.287925 	 0.988609 	 3.957428
  210 	 0.458226 	 0.971650 	 1.888738
  211 	 0.251046 	 1.111553 	 3.186485
  212 	 0.522292 	 1.032823 	 2.065578
  213 	 0.311295 	 0.984868 	 3.610807
  214 	 0.478131 	 0.971782 	 1.824178
  215 	 0.274974 	 1.096260 	 2.965641
  216 	 0.540518 	 1.025573 	 1.984005
  217 	 0.334276 	 0.983179 	 3.323649
  218 	 0.497536 	 0.966045 	 1.765481
  219 	 0.298548 	 1.088278 	 2.776421
  220 	 0.558228 	 1.035819 	 1.910453
  221 	 0.316035 	 0.979638 	 3.082161
  222 	 0.516435 	 0.971888 	 1.711952
  223 	 0.321744 	 1.101427 	 2.924533
  224 	 0.575423 	 1.032472 	 1.843880
  225 	 0.338933 	 0.977594 	 2.876505
  226 	 0.534822 	 0.971802 	 1.663000
  227 	 0.344542 	 1.090822 	 2.740977
  228 	 0.592101 	 1.029258 	 1.783414
  229 	 0.361418 	 0.975850 	 2.699479
  230 	 0.552696 	 0.970295 	 1.618119
  231 	 0.366921 	 1.079348 	 2.581856
  232 	 0.608265 	 1.026693 	 1.728322
  233 	 0.383472 	 0.977914 	 2.545685
  234 	 0.569177 	 0.972373 	 1.570190
  235 	 0.388865 	 1.073469 	 2.442768
  236 	 0.626531 	 1.024266 	 1.680454
  237 	 0.404634 	 0.975982 	 2.411002
  238 	 0.586045 	 0.971906 	 1.526413
  239 	 0.410357 	 1.064267 	 2.322696
  240 	 0.644200 	 1.022073 	 1.634134
  241 	 0.425297 	 0.976526 	 2.292226
  242 	 0.602397 	 0.972081 	 1.492314
  243 	 0.431383 	 1.057625 	 2.216325
  244 	 0.658669 	 1.019305 	 1.591603
  245 	 0.124277 	 0.966328 	 2.186830
  246 	 0.613985 	 0.972508 	 1.460774
  247 	 0.451930 	 1.114359 	 6.658819
  248 	 0.672642 	 1.017274 	 1.562780
  249 	 0.149595 	 0.966406 	 2.092792
  250 	 0.629453 	 0.973238 	 1.431552
  251 	 0.471989 	 1.098536 	 5.698168
  252 	 0.686129 	 1.015207 	 1.525894
  253 	 0.174701 	 0.963295 	 2.008479
  254 	 0.568604 	 0.964672 	 1.404437
  255 	 0.037304 	 1.067002 	 4.985020
  256 	 0.640496 	 1.020856 	 1.682073
  257 	 0.199564 	 1.114894 	 13.440146
  258 	 0.585489 	 0.973229 	 1.500610
  259 	 0.074261 	 1.062790 	 4.435294
  260 	 0.346493 	 1.012366 	 1.635619
  261 	 0.121820 	 1.054680 	 8.979810
  262 	 0.601859 	 0.991936 	 2.685333
  263 	 0.111041 	 1.118196 	 6.769564
  264 	 0.368836 	 1.009825 	 1.592968
  265 	 0.147157 	 1.036009 	 7.302429
  266 	 0.617716 	 0.991770 	 2.533339
  267 	 0.136457 	 1.099544 	 5.778441
  268 	 0.390741 	 1.007826 	 1.553722
  269 	 0.172285 	 1.023002 	 6.159273
  270 	 0.633063 	 0.991020 	 2.400147
  271 	 0.161677 	 1.085444 	 5.045793
  272 	 0.412193 	 1.005108 	 1.517537
  273 	 0.197173 	 1.013215 	 5.331143
  274 	 0.647905 	 0.988921 	 2.282619
  275 	 0.186670 	 1.072973 	 4.482840
  276 	 0.431087 	 1.004470 	 1.484109
  277 	 0.221791 	 1.005816 	 4.704328
  278 	 0.662248 	 0.986732 	 2.188247
  279 	 0.211406 	 1.063266 	 4.037280
  280 	 0.451641 	 1.002897 	 1.453176
  281 	 0.246113 	 1.000715 	 4.213962
  282 	 0.676098 	 0.986658 	 2.094060
  283 	 0.235857 	 1.053147 	 3.530915
  284 	 0.471707 	 1.001454 	 1.402136
  285 	 0.281150 	 0.996955 	 3.820340
  286 	 0.700262 	 0.985842 	 2.009618
  287 	 0.259239 	 1.043263 	 3.142179
  288 	 0.488587 	 0.999517 	 1.377102
  289 	 0.314537 	 0.992028 	 3.374510
  290 	 0.346102 	 0.977671 	 1.943683
  291 	 0.293117 	 1.035469 	 2.843843
  292 	 0.124884 	 1.007300 	 2.688159
  293 	 0.348463 	 0.988215 	 3.028313
  294 	 0.368452 	 1.040917 	 6.632010
  295 	 0.327417 	 1.030664 	 2.593608
  296 	 0.149945 	 1.006134 	 2.535806
  297 	 0.381751 	 0.987201 	 2.830322
  298 	 0.038050 	 1.019838 	 5.686823
  299 	 0.350113 	 1.027770 	 2.387483
  300 	 0.129789 	 1.157506 	 15.637298
  301 	 0.414356 	 0.986467 	 2.659483
  302 	 0.063844 	 1.074363 	 6.423063
  303 	 0.372386 	 1.025385 	 2.271405
  304 	 0.155064 	 1.106503 	 11.142807
  305 	 0.435293 	 0.985418 	 2.510756
  306 	 0.089536 	 1.058693 	 5.525968
  307 	 0.394220 	 1.022461 	 2.168291
  308 	 0.180120 	 1.077742 	 8.662813
  309 	 0.455749 	 0.984474 	 2.380273
  310 	 0.115092 	 1.046698 	 4.853907
  311 	 0.350364 	 1.019151 	 2.076201
  312 	 0.204926 	 1.059523 	 7.092605
  313 	 0.475715 	 0.988393 	 2.657707
  314 	 0.140653 	 1.037561 	 4.332264
  315 	 0.372633 	 1.016307 	 1.993562
  316 	 0.229454 	 1.038600 	 6.004099
  317 	 0.495181 	 0.987388 	 2.509203
  318 	 0.165837 	 1.049952 	 3.916124
  319 	 0.394461 	 1.013978 	 1.919086
  320 	 0.253677 	 1.029253 	 5.215462
  321 	 0.514142 	 0.986544 	 2.378906
  322 	 0.190790 	 1.042036 	 3.576834
  323 	 0.415834 	 1.011869 	 1.851706
  324 	 0.277567 	 1.021989 	 4.614884
  325 	 0.532593 	 0.985784 	 2.263806
  326 	 0.215481 	 1.035300 	 3.295251
  327 	 0.436737 	 1.008408 	 1.790532
  328 	 0.301100 	 1.016342 	 4.142830
  329 	 0.550530 	 0.986844 	 2.161520
  330 	 0.239881 	 1.029683 	 3.058099
  331 	 0.457160 	 1.006799 	 1.734817
  332 	 0.324254 	 1.011797 	 3.762492
  333 	 0.567951 	 0.986252 	 2.070138
  334 	 0.263964 	 1.024887 	 2.855883
  335 	 0.477091 	 1.005331 	 1.683925
  336 	 0.347007 	 1.008078 	 3.449890
  337 	 0.584855 	 0.985317 	 1.988108
  338 	 0.287704 	 1.020464 	 2.681631
  339 	 0.038001 	 0.993916 	 1.637317
  340 	 0.369340 	 1.005362 	 3.188731
  341 	 0.601244 	 1.147758 	 15.649188
  342 	 0.311078 	 1.017069 	 2.530107
  343 	 0.063795 	 0.992953 	 1.594529
  344 	 0.129461 	 0.990823 	 2.967555
  345 	 0.617120 	 1.095685 	 11.148823
  346 	 0.334062 	 1.076427 	 6.436624
  347 	 0.089488 	 0.994043 	 1.555160
  348 	 0.154738 	 0.989028 	 2.778069
  349 	 0.632487 	 1.067839 	 8.666432
  350 	 0.356637 	 1.063602 	 5.535922
  351 	 0.115044 	 0.993288 	 1.518864
  352 	 0.179797 	 0.987549 	 2.614124
  353 	 0.647348 	 1.050288 	 7.095017
  354 	 0.378784 	 1.053623 	 4.861514
  355 	 0.140431 	 0.992498 	 1.485336
  356 	 0.204607 	 0.986330 	 2.471060
  357 	 0.036923 	 1.029172 	 6.012093
  358 	 0.400487 	 1.045608 	 4.338258
  359 	 0.165618 	 1.152099 	 15.917790
  360 	 0.229139 	 0.984194 	 2.345287
  361 	 0.062721 	 1.026571 	 5.221441
  362 	 0.421730 	 1.040294 	 3.920964
  363 	 0.190573 	 1.100228 	 11.284032
  364 	 0.253366 	 0.983422 	 2.233989
  365 	 0.088418 	 1.019702 	 4.619518
  366 	 0.442500 	 1.034636 	 3.580818
  367 	 0.215266 	 1.071628 	 8.747534
  368 	 0.277260 	 0.982732 	 2.134929
  369 	 0.113980 	 1.013984 	 4.146523
  370 	 0.462785 	 1.028807 	 3.269466
  371 	 0.239669 	 1.051620 	 7.013584
  372 	 0.303456 	 0.981456 	 2.046307
  373 	 0.142056 	 1.008990 	 3.765500
  374 	 0.482577 	 1.024058 	 3.036224
  375 	 0.263755 	 1.039283 	 5.953943
  376 	 0.322859 	 0.981386 	 1.966656
  377 	 0.038621 	 0.993635 	 3.452385
  378 	 0.501868 	 1.017744 	 2.867306
  379 	 0.274855 	 1.191267 	 15.498887
  380 	 0.038002 	 0.974003 	 1.894772
  381 	 0.038024 	 0.975258 	 3.324967
  382 	 0.520651 	 1.177436 	 15.648881
  383 	 0.298430 	 1.358190 	 15.643551
  384 	 0.063797 	 0.974528 	 1.820661
  385 	 0.063807 	 0.974078 	 3.083276
  386 	 0.541547 	 1.122332 	 11.148668
  387 	 0.321350 	 1.267070 	 11.147337
  388 	 0.089489 	 0.977784 	 1.762278
  389 	 0.089500 	 0.972710 	 2.879773
  390 	 0.558385 	 1.090673 	 8.666338
  391 	 0.344154 	 1.210740 	 8.665538
  392 	 0.115045 	 0.983014 	 1.711492
  393 	 0.115056 	 0.971548 	 2.702305
  394 	 0.575575 	 1.071432 	 7.094954
  395 	 0.366541 	 1.172184 	 7.094421
  396 	 0.140433 	 0.982537 	 1.662579
  397 	 0.140443 	 0.970837 	 2.548151
  398 	 0.592249 	 1.057719 	 6.012048
  399 	 0.388493 	 1.143749 	 6.011668
 