   0 	 0.015625 	 0.077742 	 1.220704
    1 	 0.018219 	 0.298021 	 1.220704
    2 	 0.033653 	 0.806785 	 2.292096
    3 	 0.047427 	 0.914820 	 2.336499
    4 	 0.047050 	 0.690134 	 2.219618
    5 	 0.157492 	 0.692306 	 2.182192
    6 	 0.045019 	 0.790374 	 2.189863
    7 	 0.216719 	 0.784595 	 1.355757
    8 	 0.047472 	 0.741543 	 2.191705
    9 	 0.047261 	 0.781100 	 1.596632
   10 	 0.046217 	 0.774028 	 2.185157
   11 	 0.047335 	 0.774692 	 1.154121
   12 	 0.231165 	 0.828767 	 2.189540
   13 	 0.225128 	 0.807042 	 2.185640
   14 	 0.047433 	 0.793649 	 1.560636
   15 	 0.047301 	 0.737437 	 1.575478
   16 	 0.048250 	 0.771629 	 1.347773
   17 	 0.215301 	 0.929218 	 2.188657
   18 	 0.047109 	 0.809138 	 2.184124
   19 	 0.046201 	 0.679185 	 1.094860
   20 	 0.047575 	 0.806306 	 2.189578
   21 	 0.047791 	 0.897767 	 2.193940
   22 	 0.384737 	 0.956512 	 2.187345
   23 	 0.221082 	 0.888268 	 2.186312
   24 	 0.385068 	 0.786408 	 1.258912
   25 	 0.222707 	 0.812629 	 1.585586
   26 	 0.086965 	 0.830817 	 1.258388
   27 	 0.501207 	 0.865319 	 1.581510
   28 	 0.048219 	 0.790237 	 2.013836
   29 	 0.047803 	 0.770927 	 1.097928
   30 	 0.412637 	 0.879147 	 2.184272
   31 	 0.663338 	 0.873444 	 2.186258
   32 	 0.385524 	 0.795634 	 1.216194
   33 	 0.370637 	 0.787085 	 0.932021
   34 	 0.615084 	 0.831733 	 1.257666
   35 	 0.733016 	 0.830691 	 1.281662
   36 	 0.599785 	 0.797463 	 0.975911
   37 	 0.591274 	 0.797224 	 0.875185
   38 	 0.721756 	 0.822534 	 0.990703
   39 	 0.748000 	 0.823874 	 0.999127
   40 	 0.665468 	 0.805360 	 0.883896
   41 	 0.661758 	 0.803839 	 0.859184
   42 	 0.721357 	 0.815044 	 0.930174
   43 	 0.741430 	 0.814319 	 0.933395
   44 	 0.742211 	 0.809147 	 0.884207
   45 	 0.724376 	 0.808041 	 0.868787
   46 	 0.730933 	 0.816272 	 0.868198
   47 	 0.729554 	 0.816295 	 0.881853
   48 	 0.727480 	 0.808338 	 0.876783
   49 	 0.730618 	 0.805762 	 0.877845
   50 	 0.720055 	 0.812700 	 0.879446
   51 	 0.728508 	 0.817674 	 0.877025
   52 	 0.742168 	 0.811350 	 0.885226
   53 	 0.726898 	 0.808124 	 0.878651
   54 	 0.729894 	 0.809241 	 0.868231
   55 	 0.719088 	 0.813049 	 0.879896
   56 	 0.741803 	 0.810617 	 0.875351
   57 	 0.718444 	 0.812004 	 0.885985
   58 	 0.729081 	 0.816184 	 0.868506
   59 	 0.753018 	 0.815029 	 0.886490
   60 	 0.753494 	 0.813840 	 0.878209
   61 	 0.748417 	 0.815238 	 0.860128
   62 	 0.742226 	 0.813700 	 0.859776
   63 	 0.729864 	 0.809592 	 0.863545
   64 	 0.750000 	 0.812031 	 0.868186
   65 	 0.609904 	 0.812511 	 0.877606
   66 	 0.752995 	 0.815609 	 0.862366
   67 	 0.752705 	 0.815729 	 0.980869
   68 	 0.742768 	 0.813974 	 0.859565
   69 	 0.719182 	 0.814148 	 0.860359
   70 	 0.753042 	 0.816640 	 0.867779
   71 	 0.753029 	 0.816633 	 0.885911
   72 	 0.782853 	 0.815597 	 0.860110
   73 	 0.771896 	 0.815650 	 0.860120
   74 	 0.787581 	 0.816238 	 0.838607
   75 	 0.787575 	 0.816224 	 0.846384
   76 	 0.801149 	 0.815787 	 0.835295
   77 	 0.796188 	 0.815806 	 0.835300
   78 	 0.803280 	 0.816077 	 0.825935
   79 	 0.803278 	 0.816068 	 0.829333
   80 	 0.809366 	 0.815879 	 0.824484
   81 	 0.128548 	 0.807295 	 0.824486
   82 	 0.128549 	 0.807416 	 0.820368
   83 	 0.128550 	 0.820439 	 1.858224
   84 	 0.047874 	 0.819363 	 1.858223
   85 	 0.440951 	 0.824266 	 1.858217
   86 	 0.440952 	 0.828407 	 2.185916
   87 	 0.440953 	 0.815786 	 1.175708
   88 	 0.385280 	 0.815060 	 1.175708
   89 	 0.630792 	 0.818125 	 1.175706
   90 	 0.128550 	 0.810581 	 1.258052
   91 	 0.630793 	 0.815466 	 0.961176
   92 	 0.599646 	 0.833213 	 1.858218
   93 	 0.729514 	 0.821804 	 1.225505
   94 	 0.440953 	 0.835423 	 1.226354
   95 	 0.611581 	 0.848750 	 1.370776
   96 	 0.611264 	 0.838507 	 1.225569
   97 	 0.561679 	 0.831173 	 1.225617
   98 	 0.611558 	 0.862275 	 1.635113
   99 	 0.611540 	 0.903075 	 1.225867
  100 	 0.489066 	 0.944472 	 1.635156
  101 	 0.611504 	 0.945180 	 1.635217
  102 	 0.489067 	 0.975824 	 1.635155
  103 	 0.611534 	 0.999451 	 1.635313
  104 	 0.611558 	 1.017469 	 2.044710
  105 	 0.611504 	 1.021895 	 1.635232
  106 	 0.489056 	 1.025909 	 1.635168
  107 	 0.489038 	 1.042315 	 1.635313
  108 	 0.611552 	 1.045644 	 2.044756
  109 	 0.611504 	 1.040651 	 2.044832
  110 	 0.489056 	 1.038724 	 1.635184
  111 	 0.489038 	 1.046106 	 1.635313
  112 	 0.611545 	 1.058449 	 2.044756
  113 	 0.611504 	 1.048336 	 2.044832
  114 	 0.489056 	 1.036169 	 1.635203
  115 	 0.489038 	 1.048671 	 1.635313
  116 	 0.611545 	 1.068689 	 2.044756
  117 	 0.611504 	 1.053456 	 2.044832
  118 	 0.489056 	 1.036169 	 1.635203
  119 	 0.489038 	 1.048671 	 1.635313
  120 	 0.611545 	 1.068689 	 2.044756
  121 	 0.611504 	 1.053456 	 2.044832
  122 	 0.489056 	 1.036169 	 1.635203
  123 	 0.489038 	 1.048671 	 1.635313
  124 	 0.611545 	 1.068689 	 2.044756
  125 	 0.611504 	 1.053456 	 2.044832
  126 	 0.489056 	 1.036169 	 1.635203
  127 	 0.489038 	 1.048671 	 1.635313
  128 	 0.611545 	 1.068689 	 2.044756
  129 	 0.611504 	 1.053456 	 2.044832
  130 	 0.489056 	 1.036169 	 1.635203
  131 	 0.489038 	 1.048671 	 1.635313
  132 	 0.611545 	 1.068689 	 2.044756
  133 	 0.611504 	 1.053456 	 2.044832
  134 	 0.489056 	 1.036169 	 1.635203
  135 	 0.489038 	 1.048671 	 1.635313
  136 	 0.611545 	 1.068689 	 2.044756
  137 	 0.611504 	 1.053456 	 2.044832
  138 	 0.489056 	 1.036169 	 1.635203
  139 	 0.489038 	 1.048671 	 1.635313
  140 	 0.611545 	 1.068689 	 2.044756
  141 	 0.611504 	 1.053456 	 2.044832
  142 	 0.489056 	 1.036169 	 1.635203
  143 	 0.489038 	 1.048671 	 1.635313
  144 	 0.611545 	 1.068689 	 2.044756
  145 	 0.611504 	 1.053456 	 2.044832
  146 	 0.489056 	 1.033549 	 1.635203
  147 	 0.489038 	 1.045390 	 1.635313
  148 	 0.575527 	 1.065660 	 2.044756
  149 	 0.611504 	 1.054970 	 2.044832
  150 	 0.489056 	 1.036631 	 1.737539
  151 	 0.489038 	 1.045454 	 1.635313
  152 	 0.575527 	 1.063795 	 2.044756
  153 	 0.611504 	 1.053805 	 2.044832
  154 	 0.489056 	 1.032156 	 1.737539
  155 	 0.407439 	 1.034781 	 1.635313
  156 	 0.444452 	 1.048987 	 2.044756
  157 	 0.611504 	 1.077530 	 2.454356
  158 	 0.489056 	 1.056104 	 2.249962
  159 	 0.407439 	 1.036890 	 1.635313
  160 	 0.444452 	 1.050267 	 2.044756
  161 	 0.611504 	 1.078810 	 2.454356
  162 	 0.489056 	 1.056104 	 2.249962
  163 	 0.036995 	 1.022033 	 1.635313
  164 	 0.444452 	 1.050267 	 2.044756
  165 	 0.611504 	 1.406490 	 27.030360
  166 	 0.128549 	 1.047511 	 2.249962
  167 	 0.036995 	 1.022033 	 1.635313
  168 	 0.444452 	 1.131649 	 7.779146
  169 	 0.611504 	 1.403559 	 27.030360
  170 	 0.128549 	 1.046018 	 2.249962
  171 	 0.036995 	 1.023313 	 1.635313
  172 	 0.444452 	 1.134209 	 7.779146
  173 	 0.611504 	 1.403559 	 27.030360
  174 	 0.128549 	 1.040898 	 2.249962
  175 	 0.036995 	 1.013690 	 1.635313
  176 	 0.444452 	 1.130445 	 7.779146
  177 	 0.568158 	 1.411645 	 27.030360
  178 	 0.128549 	 1.044755 	 2.249962
  179 	 0.036995 	 1.015048 	 1.760072
  180 	 0.444452 	 1.133010 	 7.779146
  181 	 0.568158 	 1.410382 	 27.030360
  182 	 0.128549 	 1.048344 	 2.249962
  183 	 0.036995 	 1.015508 	 1.760072
  184 	 0.444452 	 1.138130 	 7.779146
  185 	 0.568158 	 1.492302 	 27.030360
  186 	 0.128549 	 1.048344 	 2.249962
  187 	 0.036995 	 1.015508 	 1.760072
  188 	 0.444452 	 1.138130 	 7.779146
  189 	 0.568158 	 1.492302 	 27.030360
  190 	 0.128549 	 1.048344 	 2.249962
  191 	 0.036995 	 1.015508 	 1.760072
  192 	 0.444452 	 1.138130 	 7.779146
  193 	 0.568158 	 1.492302 	 27.030360
  194 	 0.128549 	 1.048344 	 2.249962
  195 	 0.036995 	 1.015508 	 1.760072
  196 	 0.444452 	 1.138130 	 7.779146
  197 	 0.568158 	 1.492302 	 27.030360
  198 	 0.128549 	 1.048344 	 2.249962
  199 	 0.036995 	 1.015508 	 1.760072
  200 	 0.444452 	 1.138130 	 7.779146
  201 	 0.568158 	 1.492302 	 27.030360
  202 	 0.128549 	 1.048344 	 2.249962
  203 	 0.036995 	 1.015508 	 1.760072
  204 	 0.444452 	 1.122601 	 7.779146
  205 	 0.568158 	 1.492302 	 27.030360
  206 	 0.128549 	 1.068824 	 2.249962
  207 	 0.036995 	 1.015508 	 1.760072
  208 	 0.444452 	 1.122601 	 7.779146
  209 	 0.568158 	 1.492302 	 27.030360
  210 	 0.128549 	 1.068824 	 2.249962
  211 	 0.036995 	 1.015508 	 1.760072
  212 	 0.036443 	 1.112858 	 7.779146
  213 	 0.568158 	 1.492302 	 27.030360
  214 	 0.128549 	 1.390656 	 27.439960
  215 	 0.036995 	 1.015508 	 1.760072
  216 	 0.036443 	 1.117191 	 7.779146
  217 	 0.568158 	 1.487399 	 27.030360
  218 	 0.128549 	 1.391149 	 27.439960
  219 	 0.036995 	 1.004460 	 1.760072
  220 	 0.036443 	 1.118471 	 7.779146
  221 	 0.568158 	 1.569319 	 27.030360
  222 	 0.128549 	 1.391149 	 27.439960
  223 	 0.036995 	 1.004460 	 1.760072
  224 	 0.036443 	 1.118471 	 7.779146
  225 	 0.568158 	 1.569319 	 27.030360
  226 	 0.128549 	 1.391149 	 27.439960
  227 	 0.036995 	 1.004460 	 1.760072
  228 	 0.036443 	 1.118471 	 7.779146
  229 	 0.568158 	 1.569319 	 27.030360
  230 	 0.128549 	 1.391149 	 27.439960
  231 	 0.036995 	 1.004460 	 1.760072
  232 	 0.036443 	 1.099776 	 7.779146
  233 	 0.128549 	 1.560726 	 27.030360
  234 	 0.128549 	 1.473069 	 27.439960
  235 	 0.036995 	 1.086380 	 7.779117
  236 	 0.036443 	 1.099776 	 7.779146
  237 	 0.128549 	 1.560726 	 27.030360
  238 	 0.128549 	 1.473069 	 27.439960
  239 	 0.036995 	 1.086380 	 7.779117
  240 	 0.036443 	 1.099776 	 7.779146
  241 	 0.128549 	 1.560726 	 27.030360
  242 	 0.128549 	 1.473069 	 27.439960
  243 	 0.036995 	 1.086380 	 7.779117
  244 	 0.036443 	 1.099776 	 7.779146
  245 	 0.128549 	 1.560726 	 27.030360
  246 	 0.128549 	 1.473069 	 27.439960
  247 	 0.036995 	 1.086380 	 7.779117
  248 	 0.036443 	 1.099776 	 7.779146
  249 	 0.128549 	 1.560726 	 27.030360
  250 	 0.128549 	 1.473069 	 27.439960
  251 	 0.036995 	 1.086380 	 7.779117
  252 	 0.036443 	 1.099776 	 7.779146
  253 	 0.128549 	 1.560726 	 27.030360
  254 	 0.128549 	 1.473069 	 27.439960
  255 	 0.036995 	 1.086380 	 7.779117
  256 	 0.036443 	 1.099776 	 7.779146
  257 	 0.128549 	 1.560726 	 27.030360
  258 	 0.128549 	 1.473069 	 27.439960
  259 	 0.036995 	 1.086380 	 7.779117
  260 	 0.036443 	 1.099776 	 7.779146
  261 	 0.128549 	 1.560726 	 27.030360
  262 	 0.128549 	 1.473069 	 27.439960
  263 	 0.036995 	 1.086380 	 7.779117
  264 	 0.036443 	 1.099776 	 7.779146
  265 	 0.128549 	 1.560726 	 27.030360
  266 	 0.128549 	 1.473069 	 27.439960
  267 	 0.036995 	 1.086380 	 7.779117
  268 	 0.036443 	 1.099776 	 7.779146
  269 	 0.128549 	 1.560726 	 27.030360
  270 	 0.128549 	 1.473069 	 27.439960
  271 	 0.036995 	 1.086380 	 7.779117
  272 	 0.036443 	 1.099776 	 7.779146
  273 	 0.128549 	 1.560726 	 27.030360
  274 	 0.036443 	 1.463325 	 27.439960
  275 	 0.036995 	 1.086380 	 7.779117
  276 	 0.036443 	 1.427456 	 27.439951
  277 	 0.128549 	 1.560726 	 27.030360
  278 	 0.036443 	 1.463325 	 27.439960
  279 	 0.036995 	 1.086380 	 7.779117
  280 	 0.036443 	 1.427456 	 27.439951
  281 	 0.128549 	 1.560726 	 27.030360
  282 	 0.036443 	 1.453595 	 27.439960
  283 	 0.036995 	 1.086380 	 7.779117
  284 	 0.036443 	 1.437696 	 27.439951
  285 	 0.128549 	 1.560726 	 27.030360
  286 	 0.036443 	 1.453595 	 27.439960
  287 	 0.036995 	 1.086380 	 7.779117
  288 	 0.036443 	 1.437696 	 27.439951
  289 	 0.128549 	 1.560726 	 27.030360
  290 	 0.036443 	 1.453595 	 27.439960
  291 	 0.036995 	 1.086380 	 7.779117
  292 	 0.036443 	 1.437696 	 27.439951
  293 	 0.128549 	 1.560726 	 27.030360
  294 	 0.036443 	 1.453595 	 27.439960
  295 	 0.036995 	 1.085593 	 7.779117
  296 	 0.036443 	 1.436237 	 27.439951
  297 	 0.122119 	 1.561926 	 27.030360
  298 	 0.036443 	 1.456155 	 27.439960
  299 	 0.036995 	 1.090713 	 8.188717
  300 	 0.036443 	 1.436237 	 27.439951
  301 	 0.122119 	 1.561926 	 27.030360
  302 	 0.036443 	 1.456155 	 27.439960
  303 	 0.036995 	 1.090713 	 8.188717
  304 	 0.036443 	 1.436237 	 27.439951
  305 	 0.122119 	 1.561926 	 27.030360
  306 	 0.036443 	 1.456155 	 27.439960
  307 	 0.036995 	 1.090713 	 8.188717
  308 	 0.036443 	 1.436237 	 27.439951
  309 	 0.122119 	 1.561926 	 27.030360
  310 	 0.036443 	 1.456155 	 27.439960
  311 	 0.036995 	 1.090713 	 8.188717
  312 	 0.036443 	 1.436237 	 27.439951
  313 	 0.122119 	 1.561926 	 27.030360
  314 	 0.036443 	 1.447563 	 27.439960
  315 	 0.036995 	 1.090713 	 8.188717
  316 	 0.036443 	 1.518157 	 27.439951
  317 	 0.122119 	 1.561926 	 27.030360
  318 	 0.036443 	 1.447563 	 27.439960
  319 	 0.036995 	 1.090713 	 8.188717
  320 	 0.036443 	 1.518157 	 27.439951
  321 	 0.122119 	 1.555807 	 27.030360
  322 	 0.036443 	 1.447563 	 27.439960
  323 	 0.036995 	 1.172633 	 8.188717
  324 	 0.036443 	 1.518157 	 27.439951
  325 	 0.122119 	 1.555807 	 27.030360
  326 	 0.036443 	 1.447563 	 27.439960
  327 	 0.036995 	 1.172633 	 8.188717
  328 	 0.036443 	 1.518157 	 27.439951
  329 	 0.122119 	 1.555807 	 27.030360
  330 	 0.036443 	 1.447563 	 27.439960
  331 	 0.036995 	 1.172633 	 8.188717
  332 	 0.036443 	 1.509565 	 27.439951
  333 	 0.037224 	 1.537032 	 27.030360
  334 	 0.036443 	 1.529483 	 27.439960
  335 	 0.036995 	 1.500313 	 26.864087
  336 	 0.036443 	 1.509565 	 27.439951
  337 	 0.037224 	 1.537032 	 27.030360
  338 	 0.036443 	 1.529483 	 27.439960
  339 	 0.036995 	 1.500313 	 26.864087
  340 	 0.036443 	 1.509565 	 27.439951
  341 	 0.037224 	 1.537032 	 27.030360
  342 	 0.036443 	 1.529483 	 27.439960
  343 	 0.036995 	 1.398429 	 26.864087
  344 	 0.036443 	 1.509565 	 27.439951
  345 	 0.037224 	 1.864712 	 27.030360
  346 	 0.036443 	 1.529483 	 27.439960
  347 	 0.036995 	 1.398429 	 26.864087
  348 	 0.036443 	 1.509565 	 27.439951
  349 	 0.037224 	 1.864712 	 27.030360
  350 	 0.036443 	 1.529483 	 27.439960
  351 	 0.036995 	 1.398429 	 26.864087
  352 	 0.036443 	 1.509565 	 27.439951
  353 	 0.037224 	 1.864712 	 27.030360
  354 	 0.036443 	 1.512439 	 27.439960
  355 	 0.036995 	 1.398429 	 26.864087
  356 	 0.036443 	 1.837244 	 27.439951
  357 	 0.037224 	 1.864712 	 27.030360
  358 	 0.036443 	 1.512439 	 27.439960
  359 	 0.036995 	 1.376895 	 26.864087
  360 	 0.036443 	 1.837244 	 27.439951
  361 	 0.037224 	 2.192392 	 27.030360
  362 	 0.036443 	 1.512439 	 27.439960
  363 	 0.036995 	 1.376895 	 26.864087
  364 	 0.036443 	 1.837244 	 27.439951
  365 	 0.037224 	 2.192392 	 27.030360
  366 	 0.036443 	 1.512439 	 27.439960
  367 	 0.036995 	 1.376895 	 26.864087
  368 	 0.036443 	 1.837244 	 27.439951
  369 	 0.037224 	 2.192392 	 27.030360
  370 	 0.036443 	 1.512439 	 27.439960
  371 	 0.036995 	 1.376895 	 26.864087
  372 	 0.036443 	 1.837244 	 27.439951
  373 	 0.037224 	 2.192392 	 27.030360
  374 	 0.036443 	 1.512439 	 27.439960
  375 	 0.036995 	 1.376895 	 26.864087
  376 	 0.036443 	 1.837244 	 27.439951
  377 	 0.037224 	 2.192392 	 27.030360
  378 	 0.036443 	 1.512439 	 27.439960
  379 	 0.036995 	 1.376895 	 26.864087
  380 	 0.036443 	 1.837244 	 27.439951
  381 	 0.037224 	 2.192392 	 27.030360
  382 	 0.036443 	 1.512439 	 27.439960
  383 	 0.036995 	 1.371060 	 26.864087
  384 	 0.036443 	 1.837244 	 27.439951
  385 	 0.037224 	 2.212872 	 27.030360
  386 	 0.036443 	 1.512439 	 27.439960
  387 	 0.036995 	 1.371060 	 26.864087
  388 	 0.036443 	 1.837244 	 27.439951
  389 	 0.037224 	 2.212872 	 27.030360
  390 	 0.036443 	 1.512439 	 27.439960
  391 	 0.036995 	 1.371060 	 26.864087
  392 	 0.036443 	 1.837244 	 27.439951
  393 	 0.037224 	 2.212872 	 27.030360
  394 	 0.036443 	 1.512439 	 27.439960
  395 	 0.036995 	 1.371060 	 26.864087
  396 	 0.036443 	 1.837244 	 27.439951
  397 	 0.037224 	 2.212872 	 27.030360
  398 	 0.036443 	 1.512439 	 27.439960
  399 	 0.036995 	 1.371060 	 26.864087
  400 	 0.036443 	 1.837244 	 27.439951
  401 	 0.037224 	 2.212872 	 27.030360
  402 	 0.036443 	 1.512439 	 27.439960
  403 	 0.036995 	 1.371060 	 26.864087
  404 	 0.036443 	 1.837244 	 27.439951
  405 	 0.037224 	 2.212872 	 27.030360
  406 	 0.036443 	 1.512439 	 27.439960
  407 	 0.036995 	 1.371060 	 26.864087
  408 	 0.036443 	 1.837244 	 27.439951
  409 	 0.037224 	 2.212872 	 27.030360
  410 	 0.036443 	 1.512439 	 27.439960
  411 	 0.036995 	 1.371060 	 26.864087
  412 	 0.036443 	 1.837244 	 27.439951
  413 	 0.037224 	 2.212872 	 27.030360
  414 	 0.036443 	 1.512439 	 27.439960
  415 	 0.036995 	 1.371060 	 26.864087
  416 	 0.036443 	 1.837244 	 27.439951
  417 	 0.037224 	 2.212872 	 27.030360
  418 	 0.036443 	 1.512439 	 27.439960
  419 	 0.036995 	 1.371060 	 26.864087
  420 	 0.036443 	 1.837244 	 27.439951
  421 	 0.037224 	 2.212872 	 27.030360
  422 	 0.036443 	 1.512439 	 27.439960
  423 	 0.036995 	 1.356203 	 26.864087
  424 	 0.036443 	 1.837244 	 27.439951
  425 	 0.037224 	 2.540552 	 27.030360
  426 	 0.036443 	 1.512439 	 27.439960
  427 	 0.036995 	 1.356203 	 26.864087
  428 	 0.036443 	 1.837244 	 27.439951
  429 	 0.037224 	 2.540552 	 27.030360
  430 	 0.036443 	 1.512439 	 27.439960
  431 	 0.036995 	 1.356203 	 26.864087
  432 	 0.036443 	 1.837244 	 27.439951
  433 	 0.037224 	 2.540552 	 27.030360
  434 	 0.036443 	 1.512439 	 27.439960
  435 	 0.036995 	 1.356203 	 26.864087
  436 	 0.036443 	 1.837244 	 27.439951
  437 	 0.037224 	 2.540552 	 27.030360
  438 	 0.036443 	 1.512439 	 27.439960
  439 	 0.036995 	 1.341346 	 26.864087
  440 	 0.036443 	 1.837244 	 27.439951
  441 	 0.037224 	 2.868232 	 27.030360
  442 	 0.036443 	 1.504450 	 27.439960
  443 	 0.036995 	 1.341346 	 26.864087
  444 	 0.036443 	 1.857724 	 27.439951
  445 	 0.037224 	 2.868232 	 27.030360
  446 	 0.036443 	 1.504450 	 27.439960
  447 	 0.036995 	 1.341346 	 26.864087
  448 	 0.036443 	 1.857724 	 27.439951
  449 	 0.037224 	 2.868232 	 27.030360
  450 	 0.036443 	 1.504450 	 27.439960
  451 	 0.036995 	 1.341346 	 26.864087
  452 	 0.036443 	 1.857724 	 27.439951
  453 	 0.037224 	 2.868232 	 27.030360
  454 	 0.036443 	 1.504450 	 27.439960
  455 	 0.036995 	 1.341346 	 26.864087
  456 	 0.036443 	 1.857724 	 27.439951
  457 	 0.036995 	 2.853376 	 27.030360
  458 	 0.036443 	 1.504450 	 27.439960
  459 	 0.036995 	 1.669026 	 27.030384
  460 	 0.036443 	 1.857724 	 27.439951
  461 	 0.036995 	 2.853376 	 27.030360
  462 	 0.036443 	 1.504450 	 27.439960
  463 	 0.036995 	 1.669026 	 27.030384
  464 	 0.036443 	 1.857724 	 27.439951
  465 	 0.036995 	 2.853376 	 27.030360
  466 	 0.036443 	 1.504450 	 27.439960
  467 	 0.036995 	 1.669026 	 27.030384
  468 	 0.036443 	 1.857724 	 27.439951
  469 	 0.036995 	 2.853376 	 27.030360
  470 	 0.036443 	 1.504450 	 27.439960
  471 	 0.036995 	 1.669026 	 27.030384
  472 	 0.036443 	 1.857724 	 27.439951
  473 	 0.036995 	 2.853376 	 27.030360
  474 	 0.036443 	 1.504450 	 27.439960
  475 	 0.036995 	 1.669026 	 27.030384
  476 	 0.036443 	 1.857724 	 27.439951
  477 	 0.036995 	 2.853376 	 27.030360
  478 	 0.036443 	 1.504450 	 27.439960
  479 	 0.036995 	 1.660828 	 27.030384
  480 	 0.036443 	 1.857724 	 27.439951
  481 	 0.036995 	 2.554999 	 27.030360
  482 	 0.036443 	 1.498602 	 27.439960
  483 	 0.036995 	 1.671068 	 27.030384
  484 	 0.036443 	 1.862844 	 27.439951
  485 	 0.036995 	 2.554999 	 27.030360
  486 	 0.036443 	 1.498602 	 27.439960
  487 	 0.036995 	 1.671068 	 27.030384
  488 	 0.036443 	 1.862844 	 27.439951
  489 	 0.036942 	 2.540848 	 27.030360
  490 	 0.036443 	 1.498602 	 27.439960
  491 	 0.036995 	 1.998748 	 27.069825
  492 	 0.036443 	 1.862844 	 27.439951
  493 	 0.036942 	 2.540848 	 27.030360
  494 	 0.036443 	 1.498602 	 27.439960
  495 	 0.036995 	 1.998748 	 27.069825
  496 	 0.036443 	 1.853770 	 27.439951
  497 	 0.036942 	 2.540848 	 27.030360
  498 	 0.036443 	 1.580522 	 27.439960
  499 	 0.036995 	 1.998748 	 27.069825
  500 	 0.036443 	 1.853770 	 27.439951
  501 	 0.036942 	 2.534555 	 27.030360
  502 	 0.036443 	 1.580522 	 27.439960
  503 	 0.036995 	 2.003868 	 27.069825
  504 	 0.036443 	 1.853770 	 27.439951
  505 	 0.036942 	 2.534555 	 27.030360
  506 	 0.036443 	 1.580522 	 27.439960
  507 	 0.036995 	 2.003868 	 27.069825
  508 	 0.036443 	 1.853770 	 27.439951
  509 	 0.036942 	 2.534555 	 27.030360
  510 	 0.036443 	 1.578360 	 27.439960
  511 	 0.036995 	 2.000936 	 27.069825
  512 	 0.036443 	 1.602080 	 26.928357
  513 	 0.036942 	 2.531695 	 27.030360
  514 	 0.037136 	 1.576708 	 27.439960
  515 	 0.036995 	 2.003496 	 27.069825
  516 	 0.036443 	 1.603360 	 26.928357
  517 	 0.036942 	 2.531695 	 27.030360
  518 	 0.037136 	 1.576708 	 27.439960
  519 	 0.036995 	 2.003496 	 27.069825
  520 	 0.036443 	 1.603360 	 26.928357
  521 	 0.036942 	 2.531695 	 27.030360
  522 	 0.037136 	 1.576708 	 27.439960
  523 	 0.036995 	 2.003496 	 27.069825
  524 	 0.036443 	 1.603360 	 26.928357
  525 	 0.036942 	 2.531695 	 27.030360
  526 	 0.037136 	 1.576708 	 27.439960
  527 	 0.036995 	 2.003496 	 27.069825
  528 	 0.036443 	 1.603360 	 26.928357
  529 	 0.036942 	 2.531695 	 27.030360
  530 	 0.037136 	 1.571363 	 27.439960
  531 	 0.036995 	 2.003496 	 27.069825
  532 	 0.036443 	 1.685280 	 26.928357
  533 	 0.036942 	 2.531695 	 27.030360
  534 	 0.037136 	 1.571363 	 27.439960
  535 	 0.036995 	 2.003496 	 27.069825
  536 	 0.036443 	 1.685280 	 26.928357
  537 	 0.036942 	 2.531695 	 27.030360
  538 	 0.037136 	 1.571363 	 27.439960
  539 	 0.036995 	 2.003496 	 27.069825
  540 	 0.036443 	 1.685280 	 26.928357
  541 	 0.036942 	 2.531695 	 27.030360
  542 	 0.037136 	 1.571363 	 27.439960
  543 	 0.036995 	 2.003496 	 27.069825
  544 	 0.036443 	 1.685280 	 26.928357
  545 	 0.036942 	 2.531695 	 27.030360
  546 	 0.037136 	 1.571363 	 27.439960
  547 	 0.036995 	 2.003496 	 27.069825
  548 	 0.036443 	 1.678591 	 26.928357
  549 	 0.036942 	 2.531695 	 27.030360
  550 	 0.037136 	 1.591843 	 27.439960
  551 	 0.029776 	 2.003406 	 27.069825
  552 	 0.036443 	 1.678591 	 26.928357
  553 	 0.036942 	 2.612500 	 33.583953
  554 	 0.037136 	 1.591843 	 27.439960
  555 	 0.029776 	 1.984711 	 27.069825
  556 	 0.036443 	 1.678591 	 26.928357
  557 	 0.036942 	 2.940180 	 33.583953
  558 	 0.037136 	 1.591843 	 27.439960
  559 	 0.029776 	 1.978593 	 27.069825
  560 	 0.036443 	 1.678591 	 26.928357
  561 	 0.036942 	 3.022100 	 33.583953
  562 	 0.037136 	 1.591843 	 27.439960
  563 	 0.029776 	 1.978593 	 27.069825
  564 	 0.036443 	 1.678591 	 26.928357
  565 	 0.036942 	 3.002126 	 33.583953
  566 	 0.037136 	 1.591843 	 27.439960
  567 	 0.029776 	 2.306273 	 27.069825
  568 	 0.036443 	 1.678591 	 26.928357
  569 	 0.036942 	 3.002126 	 33.583953
  570 	 0.037136 	 1.580738 	 27.439960
  571 	 0.029776 	 2.306273 	 27.069825
  572 	 0.036443 	 1.760511 	 26.928357
  573 	 0.036942 	 3.002126 	 33.583953
  574 	 0.037136 	 1.580738 	 27.439960
  575 	 0.029776 	 2.304111 	 27.069825
  576 	 0.036443 	 1.760511 	 26.928357
  577 	 0.036942 	 3.003406 	 33.583953
  578 	 0.037136 	 1.574903 	 27.439960
  579 	 0.029776 	 2.304111 	 27.069825
  580 	 0.036443 	 1.780991 	 26.928357
  581 	 0.036942 	 3.003406 	 33.583953
  582 	 0.037136 	 1.574903 	 27.439960
  583 	 0.029776 	 2.304111 	 27.069825
  584 	 0.036443 	 1.780991 	 26.928357
  585 	 0.036942 	 3.003406 	 33.583953
  586 	 0.037136 	 1.574903 	 27.439960
  587 	 0.029776 	 2.304111 	 27.069825
  588 	 0.036443 	 1.780991 	 26.928357
  589 	 0.036942 	 3.003406 	 33.583953
  590 	 0.037136 	 1.574903 	 27.439960
  591 	 0.029776 	 2.304111 	 27.069825
  592 	 0.036443 	 1.780991 	 26.928357
  593 	 0.036942 	 3.003387 	 33.583953
  594 	 0.037136 	 1.574903 	 27.439960
  595 	 0.029776 	 2.305391 	 27.069825
  596 	 0.036443 	 1.780991 	 26.928357
  597 	 0.036942 	 3.003387 	 33.583953
  598 	 0.037136 	 1.574903 	 27.439960
  599 	 0.029776 	 2.305391 	 27.069825
  600 	 0.018638 	 1.780768 	 26.928357
  601 	 0.036942 	 3.003387 	 33.583953
  602 	 0.037136 	 1.902583 	 53.654359
  603 	 0.029776 	 2.305391 	 27.069825
  604 	 0.018638 	 1.780768 	 26.928357
  605 	 0.036942 	 3.003387 	 33.583953
  606 	 0.037136 	 1.902583 	 53.654359
  607 	 0.029776 	 2.305391 	 27.069825
  608 	 0.018638 	 1.780768 	 26.928357
  609 	 0.036942 	 3.003387 	 33.583953
  610 	 0.037136 	 1.883128 	 53.654359
  611 	 0.029776 	 2.292240 	 27.069825
  612 	 0.018638 	 2.108448 	 26.928357
  613 	 0.036942 	 3.331067 	 33.583953
  614 	 0.037136 	 1.882677 	 53.654359
  615 	 0.029776 	 2.292240 	 27.069825
  616 	 0.018638 	 2.109728 	 26.928357
  617 	 0.036942 	 3.331067 	 33.583953
  618 	 0.037136 	 1.882677 	 53.654359
  619 	 0.029776 	 2.292240 	 27.069825
  620 	 0.018638 	 2.109728 	 26.928357
  621 	 0.036942 	 3.331067 	 33.583953
  622 	 0.037136 	 1.882677 	 53.654359
  623 	 0.029776 	 2.282496 	 27.069825
  624 	 0.018638 	 2.109728 	 26.928357
  625 	 0.036942 	 3.658747 	 33.583953
  626 	 0.037136 	 1.881758 	 53.654359
  627 	 0.029776 	 2.282496 	 27.069825
  628 	 0.018638 	 2.111008 	 26.928357
  629 	 0.036942 	 3.658747 	 33.583953
  630 	 0.037136 	 1.881758 	 53.654359
  631 	 0.029776 	 2.282496 	 27.069825
  632 	 0.018638 	 2.111008 	 26.928357
  633 	 0.036942 	 3.658747 	 33.583953
  634 	 0.037136 	 1.881758 	 53.654359
  635 	 0.029776 	 2.282496 	 27.069825
  636 	 0.018638 	 2.111008 	 26.928357
  637 	 0.036942 	 3.658747 	 33.583953
  638 	 0.037136 	 1.881758 	 53.654359
  639 	 0.029776 	 2.282496 	 27.069825
  640 	 0.018638 	 2.111008 	 26.928357
  641 	 0.036942 	 3.658747 	 33.583953
  642 	 0.037136 	 1.881758 	 53.654359
  643 	 0.029776 	 2.282496 	 27.069825
  644 	 0.018638 	 2.111008 	 26.928357
  645 	 0.036942 	 3.658747 	 33.583953
  646 	 0.037136 	 1.881758 	 53.654359
  647 	 0.029776 	 2.282496 	 27.069825
  648 	 0.018638 	 2.111008 	 26.928357
  649 	 0.036942 	 3.658747 	 33.583953
  650 	 0.037136 	 1.881758 	 53.654359
  651 	 0.029776 	 2.282496 	 27.069825
  652 	 0.018638 	 2.111008 	 26.928357
  653 	 0.036942 	 3.658747 	 33.583953
  654 	 0.037136 	 1.881758 	 53.654359
  655 	 0.029776 	 2.282470 	 27.069825
  656 	 0.018638 	 2.111008 	 26.928357
  657 	 0.036942 	 3.679227 	 33.583953
  658 	 0.037136 	 1.881758 	 53.654359
  659 	 0.029776 	 2.282019 	 27.069825
  660 	 0.018638 	 2.108076 	 26.928357
  661 	 0.036856 	 3.340352 	 33.583953
  662 	 0.037136 	 1.883038 	 53.654359
  663 	 0.029776 	 2.616099 	 27.132784
  664 	 0.018638 	 2.108076 	 26.928357
  665 	 0.036856 	 3.340352 	 33.583953
  666 	 0.037136 	 1.883038 	 53.654359
  667 	 0.029776 	 2.616099 	 27.132784
  668 	 0.018638 	 2.108076 	 26.928357
  669 	 0.036856 	 3.339432 	 33.583953
  670 	 0.037136 	 1.883038 	 53.654359
  671 	 0.029776 	 2.617379 	 27.132784
  672 	 0.018638 	 2.108076 	 26.928357
  673 	 0.036856 	 3.335606 	 33.583953
  674 	 0.037136 	 1.883038 	 53.654359
  675 	 0.029776 	 2.637859 	 27.132784
  676 	 0.018638 	 2.108076 	 26.928357
  677 	 0.036856 	 3.335606 	 33.583953
  678 	 0.037136 	 1.883038 	 53.654359
  679 	 0.029776 	 2.637859 	 27.132784
  680 	 0.018638 	 2.108076 	 26.928357
  681 	 0.036856 	 3.335606 	 33.583953
  682 	 0.037136 	 1.883038 	 53.654359
  683 	 0.029776 	 2.637859 	 27.132784
  684 	 0.018638 	 2.108076 	 26.928357
  685 	 0.036856 	 3.335606 	 33.583953
  686 	 0.037136 	 1.883038 	 53.654359
  687 	 0.029776 	 2.637859 	 27.132784
  688 	 0.018638 	 2.108076 	 26.928357
  689 	 0.036527 	 3.325311 	 33.583953
  690 	 0.037136 	 1.883038 	 53.654359
  691 	 0.029776 	 2.965539 	 27.377036
  692 	 0.018638 	 2.108076 	 26.928357
  693 	 0.036527 	 3.325311 	 33.583953
  694 	 0.037136 	 1.883038 	 53.654359
  695 	 0.029776 	 2.965539 	 27.377036
  696 	 0.018638 	 2.108076 	 26.928357
  697 	 0.036527 	 3.325293 	 33.583953
  698 	 0.037136 	 1.883038 	 53.654359
  699 	 0.029776 	 2.966819 	 27.377036
  700 	 0.018638 	 2.108076 	 26.928357
  701 	 0.036527 	 3.325293 	 33.583953
  702 	 0.037136 	 1.883038 	 53.654359
  703 	 0.029776 	 2.966819 	 27.377036
  704 	 0.018638 	 2.108076 	 26.928357
  705 	 0.036527 	 3.325293 	 33.583953
  706 	 0.037136 	 1.883038 	 53.654359
  707 	 0.029776 	 2.966819 	 27.377036
  708 	 0.018638 	 2.108076 	 26.928357
  709 	 0.036527 	 3.325293 	 33.583953
  710 	 0.037136 	 1.883038 	 53.654359
  711 	 0.029776 	 2.965111 	 27.377036
  712 	 0.018638 	 2.106368 	 26.928357
  713 	 0.036527 	 3.322599 	 33.583953
  714 	 0.037136 	 1.882610 	 53.654359
  715 	 0.029776 	 2.967671 	 27.377036
  716 	 0.018638 	 2.107648 	 26.928357
  717 	 0.036527 	 3.322599 	 33.583953
  718 	 0.037136 	 1.882610 	 53.654359
  719 	 0.029776 	 2.967671 	 27.377036
  720 	 0.018638 	 2.107567 	 26.928357
  721 	 0.036527 	 3.322599 	 33.583953
  722 	 0.037136 	 1.887730 	 53.654359
  723 	 0.029776 	 2.967671 	 27.377036
  724 	 0.018638 	 2.107567 	 26.928357
  725 	 0.036527 	 3.322599 	 33.583953
  726 	 0.037136 	 1.887730 	 53.654359
  727 	 0.029776 	 2.967671 	 27.377036
  728 	 0.018638 	 2.107567 	 26.928357
  729 	 0.036527 	 3.322599 	 33.583953
  730 	 0.037136 	 1.887730 	 53.654359
  731 	 0.029776 	 2.967671 	 27.377036
  732 	 0.018638 	 2.107567 	 26.928357
  733 	 0.036527 	 3.322599 	 33.583953
  734 	 0.029944 	 1.887638 	 53.654359
  735 	 0.029776 	 2.965963 	 27.377036
  736 	 0.018638 	 2.189487 	 33.395481
  737 	 0.036527 	 3.323879 	 33.583953
  738 	 0.029944 	 1.887638 	 53.654359
  739 	 0.029776 	 2.965963 	 27.377036
  740 	 0.018638 	 2.189487 	 33.395481
  741 	 0.036527 	 3.313651 	 33.583953
  742 	 0.029944 	 1.871565 	 53.654359
  743 	 0.029776 	 2.986443 	 27.377036
  744 	 0.018638 	 2.209967 	 33.395481
  745 	 0.036527 	 3.313651 	 33.583953
  746 	 0.029944 	 1.871565 	 53.654359
  747 	 0.029776 	 2.986443 	 27.377036
  748 	 0.018638 	 2.209967 	 33.395481
  749 	 0.036527 	 3.313651 	 33.583953
  750 	 0.029944 	 1.871565 	 53.654359
  751 	 0.029776 	 2.986443 	 27.377036
  752 	 0.018638 	 2.209967 	 33.395481
  753 	 0.036527 	 3.313651 	 33.583953
  754 	 0.029944 	 1.871565 	 53.654359
  755 	 0.029776 	 2.986443 	 27.377036
  756 	 0.018638 	 2.209967 	 33.395481
  757 	 0.036527 	 3.313651 	 33.583953
  758 	 0.029944 	 1.871565 	 53.654359
  759 	 0.029776 	 2.986443 	 27.377036
  760 	 0.018638 	 2.209967 	 33.395481
  761 	 0.036527 	 3.313651 	 33.583953
  762 	 0.029944 	 1.871565 	 53.654359
  763 	 0.029776 	 2.986443 	 27.377036
  764 	 0.018638 	 2.209967 	 33.395481
  765 	 0.036527 	 3.313651 	 33.583953
  766 	 0.029944 	 1.871565 	 53.654359
  767 	 0.029776 	 2.986443 	 27.377036
  768 	 0.018638 	 2.209967 	 33.395481
  769 	 0.036527 	 3.313651 	 33.583953
  770 	 0.029944 	 1.871565 	 53.654359
  771 	 0.029776 	 2.986443 	 27.377036
  772 	 0.018638 	 2.209967 	 33.395481
  773 	 0.036527 	 3.313651 	 33.583953
  774 	 0.029944 	 1.871565 	 53.654359
  775 	 0.029776 	 2.986443 	 27.377036
  776 	 0.018638 	 2.209967 	 33.395481
  777 	 0.036527 	 3.313651 	 33.583953
  778 	 0.029944 	 1.871565 	 53.654359
  779 	 0.029776 	 2.986443 	 27.377036
  780 	 0.018638 	 2.209967 	 33.395481
  781 	 0.036527 	 3.313651 	 33.583953
  782 	 0.029944 	 1.871565 	 53.654359
  783 	 0.029776 	 2.986443 	 27.377036
  784 	 0.018638 	 2.209967 	 33.395481
  785 	 0.036527 	 3.313651 	 33.583953
  786 	 0.029944 	 1.857943 	 53.654359
  787 	 0.029776 	 2.986443 	 27.377036
  788 	 0.018638 	 2.291887 	 33.395481
  789 	 0.036527 	 3.310720 	 33.583953
  790 	 0.029944 	 1.857943 	 53.654359
  791 	 0.029776 	 2.987723 	 27.377036
  792 	 0.018638 	 2.291887 	 33.395481
  793 	 0.036527 	 3.310720 	 33.583953
  794 	 0.029944 	 1.857943 	 53.654359
  795 	 0.029776 	 2.987723 	 27.377036
  796 	 0.018638 	 2.291887 	 33.395481
  797 	 0.036527 	 3.310720 	 33.583953
  798 	 0.029944 	 1.857943 	 53.654359
  799 	 0.029776 	 2.987723 	 27.377036
  800 	 0.018638 	 2.291887 	 33.395481
  801 	 0.036527 	 3.297097 	 33.583953
  802 	 0.029944 	 1.857943 	 53.654359
  803 	 0.029776 	 3.069643 	 27.377036
  804 	 0.018638 	 2.291887 	 33.395481
  805 	 0.036527 	 3.297097 	 33.583953
  806 	 0.029944 	 1.857943 	 53.654359
  807 	 0.029776 	 3.069643 	 27.377036
  808 	 0.018638 	 2.291887 	 33.395481
  809 	 0.036527 	 3.297097 	 33.583953
  810 	 0.029944 	 1.857943 	 53.654359
  811 	 0.029776 	 3.069643 	 27.377036
  812 	 0.018638 	 2.291887 	 33.395481
  813 	 0.036527 	 3.297097 	 33.583953
  814 	 0.029944 	 1.857943 	 53.654359
  815 	 0.029776 	 3.069643 	 27.377036
  816 	 0.018638 	 2.291887 	 33.395481
  817 	 0.036527 	 3.293391 	 33.583953
  818 	 0.029944 	 1.857943 	 53.654359
  819 	 0.029776 	 3.151563 	 27.377036
  820 	 0.018638 	 2.291887 	 33.395481
  821 	 0.036527 	 3.293391 	 33.583953
  822 	 0.029944 	 1.857943 	 53.654359
  823 	 0.029776 	 3.151563 	 27.377036
  824 	 0.018638 	 2.288505 	 33.395481
  825 	 0.036527 	 3.293391 	 33.583953
  826 	 0.029944 	 1.860503 	 53.654359
  827 	 0.029776 	 3.151563 	 27.377036
  828 	 0.018638 	 2.288505 	 33.395481
  829 	 0.036527 	 3.278532 	 33.583953
  830 	 0.029944 	 1.858972 	 53.654359
  831 	 0.029776 	 3.479243 	 27.377036
  832 	 0.018638 	 2.293625 	 33.395481
  833 	 0.036527 	 3.272297 	 33.583953
  834 	 0.029944 	 1.858972 	 53.654359
  835 	 0.029776 	 3.484363 	 27.377036
  836 	 0.018638 	 2.287777 	 33.395481
  837 	 0.036527 	 3.272297 	 33.583953
  838 	 0.029944 	 1.864092 	 53.654359
  839 	 0.029776 	 3.479492 	 27.377036
  840 	 0.018638 	 2.287777 	 33.395481
  841 	 0.036527 	 3.292777 	 33.583953
  842 	 0.029944 	 1.864092 	 53.654359
  843 	 0.029776 	 3.479492 	 27.377036
  844 	 0.018638 	 2.286347 	 33.395481
  845 	 0.036527 	 3.290222 	 33.583953
  846 	 0.029944 	 1.869212 	 53.654359
  847 	 0.029776 	 3.484612 	 27.377036
  848 	 0.018638 	 2.286347 	 33.395481
  849 	 0.036527 	 3.289771 	 33.583953
  850 	 0.029944 	 1.869212 	 53.654359
  851 	 0.029776 	 3.485892 	 27.377036
  852 	 0.018638 	 2.286347 	 33.395481
  853 	 0.036527 	 3.289771 	 33.583953
  854 	 0.029944 	 1.869212 	 53.654359
  855 	 0.029776 	 3.485892 	 27.377036
  856 	 0.018638 	 2.286347 	 33.395481
  857 	 0.036527 	 3.289771 	 33.583953
  858 	 0.029944 	 1.869212 	 53.654359
  859 	 0.029776 	 3.485892 	 27.377036
  860 	 0.018638 	 2.286347 	 33.395481
  861 	 0.036527 	 3.289771 	 33.583953
  862 	 0.029944 	 1.869212 	 53.654359
  863 	 0.029776 	 3.485892 	 27.377036
  864 	 0.018638 	 2.286347 	 33.395481
  865 	 0.036527 	 3.289771 	 33.583953
  866 	 0.029944 	 1.869212 	 53.654359
  867 	 0.029776 	 3.485892 	 27.377036
  868 	 0.018638 	 2.286347 	 33.395481
  869 	 0.036527 	 3.289771 	 33.583953
  870 	 0.029944 	 1.868557 	 53.654359
  871 	 0.029776 	 3.485892 	 27.377036
  872 	 0.018638 	 2.368267 	 33.395481
  873 	 0.036527 	 3.289771 	 33.583953
  874 	 0.029944 	 1.868557 	 53.654359
  875 	 0.029776 	 3.485892 	 27.377036
  876 	 0.018638 	 2.368267 	 33.395481
  877 	 0.036527 	 3.289771 	 33.583953
  878 	 0.029944 	 1.868557 	 53.654359
  879 	 0.029776 	 3.485892 	 27.377036
  880 	 0.018638 	 2.368267 	 33.395481
  881 	 0.036527 	 3.287552 	 33.583953
  882 	 0.029944 	 1.848583 	 53.654359
  883 	 0.029776 	 3.491012 	 27.377036
  884 	 0.018638 	 2.695947 	 33.395481
  885 	 0.036527 	 3.287552 	 33.583953
  886 	 0.029944 	 1.848583 	 53.654359
  887 	 0.029776 	 3.491012 	 27.377036
  888 	 0.018638 	 2.686203 	 33.395481
  889 	 0.036527 	 3.287552 	 33.583953
  890 	 0.029944 	 2.176263 	 53.654359
  891 	 0.029776 	 3.491012 	 27.377036
  892 	 0.018638 	 2.686203 	 33.395481
  893 	 0.036527 	 3.287552 	 33.583953
  894 	 0.029944 	 2.176263 	 53.654359
  895 	 0.029776 	 3.491012 	 27.377036
  896 	 0.018638 	 2.686203 	 33.395481
  897 	 0.036527 	 3.287552 	 33.583953
  898 	 0.029944 	 2.176263 	 53.654359
  899 	 0.029776 	 3.491012 	 27.377036
  900 	 0.018638 	 2.686203 	 33.395481
  901 	 0.036527 	 3.287552 	 33.583953
  902 	 0.029944 	 2.176263 	 53.654359
  903 	 0.029776 	 3.491012 	 27.377036
  904 	 0.018638 	 2.686203 	 33.395481
  905 	 0.036527 	 3.287552 	 33.583953
  906 	 0.029944 	 2.176263 	 53.654359
  907 	 0.029776 	 3.486812 	 27.377036
  908 	 0.018638 	 2.685416 	 33.395481
  909 	 0.036527 	 3.292672 	 33.583953
  910 	 0.029944 	 2.177543 	 53.654359
  911 	 0.029776 	 3.474618 	 27.377036
  912 	 0.018638 	 2.685416 	 33.395481
  913 	 0.036527 	 3.313152 	 33.583953
  914 	 0.029944 	 2.177543 	 53.654359
  915 	 0.029776 	 3.474618 	 27.377036
  916 	 0.018638 	 2.685416 	 33.395481
  917 	 0.036527 	 3.313152 	 33.583953
  918 	 0.029944 	 2.177543 	 53.654359
  919 	 0.029776 	 3.474618 	 27.377036
  920 	 0.018638 	 2.685416 	 33.395481
  921 	 0.036527 	 3.313152 	 33.583953
  922 	 0.029944 	 2.177543 	 53.654359
  923 	 0.029776 	 3.447412 	 27.377036
  924 	 0.018638 	 2.674826 	 33.395481
  925 	 0.036527 	 3.707864 	 33.583953
  926 	 0.029944 	 2.259463 	 53.654359
  927 	 0.029776 	 3.529332 	 27.377036
  928 	 0.018638 	 2.674826 	 33.395481
  929 	 0.036527 	 3.707864 	 33.583953
  930 	 0.029944 	 2.259463 	 53.654359
  931 	 0.029776 	 3.529332 	 27.377036
  932 	 0.018638 	 2.674826 	 33.395481
  933 	 0.036527 	 3.707864 	 33.583953
  934 	 0.029944 	 2.259463 	 53.654359
  935 	 0.029776 	 3.529332 	 27.377036
  936 	 0.018638 	 2.674826 	 33.395481
  937 	 0.036527 	 3.707864 	 33.583953
  938 	 0.029944 	 2.259463 	 53.654359
  939 	 0.029776 	 3.529332 	 27.377036
  940 	 0.018638 	 2.661675 	 33.395481
  941 	 0.036527 	 3.707864 	 33.583953
  942 	 0.029944 	 2.562573 	 53.654359
  943 	 0.029776 	 3.529332 	 27.377036
  944 	 0.018638 	 2.743595 	 33.395481
  945 	 0.036527 	 3.707864 	 33.583953
  946 	 0.029944 	 2.562573 	 53.654359
  947 	 0.029776 	 3.529332 	 27.377036
  948 	 0.018638 	 2.743595 	 33.395481
  949 	 0.036527 	 3.707864 	 33.583953
  950 	 0.029944 	 2.562573 	 53.654359
  951 	 0.029776 	 3.529332 	 27.377036
  952 	 0.018638 	 2.743595 	 33.395481
  953 	 0.036527 	 3.691728 	 33.583953
  954 	 0.029944 	 2.562573 	 53.654359
  955 	 0.029776 	 3.857012 	 27.377036
  956 	 0.018638 	 2.743595 	 33.395481
  957 	 0.036527 	 3.691728 	 33.583953
  958 	 0.029944 	 2.536485 	 53.654359
  959 	 0.029776 	 3.857012 	 27.377036
  960 	 0.018638 	 2.825515 	 33.395481
  961 	 0.036527 	 3.691728 	 33.583953
  962 	 0.029944 	 2.536485 	 53.654359
  963 	 0.029776 	 3.853186 	 27.377036
  964 	 0.018638 	 2.825515 	 33.395481
  965 	 0.036527 	 3.712208 	 33.583953
  966 	 0.029944 	 2.536485 	 53.654359
  967 	 0.029776 	 3.853186 	 27.377036
  968 	 0.018638 	 2.825515 	 33.395481
  969 	 0.036527 	 3.712208 	 33.583953
  970 	 0.029944 	 2.536485 	 53.654359
  971 	 0.029776 	 3.853186 	 27.377036
  972 	 0.018638 	 2.825515 	 33.395481
  973 	 0.036527 	 3.712208 	 33.583953
  974 	 0.029944 	 2.536485 	 53.654359
  975 	 0.029776 	 3.853186 	 27.377036
  976 	 0.018638 	 2.825515 	 33.395481
  977 	 0.036527 	 3.712208 	 33.583953
  978 	 0.029944 	 2.462473 	 53.654359
  979 	 0.029776 	 3.853179 	 27.377036
  980 	 0.018638 	 2.830635 	 33.395481
  981 	 0.036527 	 3.714047 	 33.583953
  982 	 0.029944 	 2.459979 	 53.654359
  983 	 0.029776 	 3.845736 	 27.377036
  984 	 0.018638 	 2.833195 	 33.395481
  985 	 0.036527 	 3.734527 	 33.583953
  986 	 0.029944 	 2.459979 	 53.654359
  987 	 0.029776 	 3.845736 	 27.377036
  988 	 0.018638 	 2.833195 	 33.395481
  989 	 0.036527 	 3.734527 	 33.583953
  990 	 0.029944 	 2.459979 	 53.654359
  991 	 0.029776 	 3.829662 	 27.377036
  992 	 0.018638 	 2.833195 	 33.395481
  993 	 0.036527 	 3.755007 	 33.583953
  994 	 0.029944 	 2.459979 	 53.654359
  995 	 0.029776 	 3.829662 	 27.377036
  996 	 0.018638 	 2.833195 	 33.395481
  997 	 0.036527 	 3.754220 	 33.583953
  998 	 0.029944 	 2.459979 	 53.654359
  999 	 0.029776 	 3.830942 	 27.377036
 