   0 	 0.017699 	 0.102486 	 2.354050
    1 	 0.020906 	 0.964326 	 9.532897
    2 	 0.040402 	 2.067958 	 7.351117
    3 	 0.035976 	 1.896311 	 7.948726
    4 	 0.093693 	 0.800393 	 4.576467
    5 	 0.037786 	 1.039317 	 6.766104
    6 	 0.160211 	 1.566143 	 5.035437
    7 	 0.037696 	 1.692591 	 6.974421
    8 	 0.193816 	 0.859401 	 3.260396
    9 	 0.141256 	 1.066321 	 7.003167
   10 	 0.297151 	 1.342617 	 3.398868
   11 	 0.139867 	 1.395921 	 4.966317
   12 	 0.290515 	 0.865960 	 2.487249
   13 	 0.194219 	 0.980129 	 3.501348
   14 	 0.387094 	 1.231963 	 2.852134
   15 	 0.277297 	 1.253662 	 3.932064
   16 	 0.339658 	 0.866181 	 2.069561
   17 	 0.247711 	 0.940604 	 2.678119
   18 	 0.469558 	 1.150555 	 2.171278
   19 	 0.361400 	 1.164755 	 3.248748
   20 	 0.439333 	 0.873724 	 1.740770
   21 	 0.298967 	 0.924166 	 2.144544
   22 	 0.543133 	 1.103114 	 1.837449
   23 	 0.446300 	 1.112372 	 2.557760
   24 	 0.513023 	 0.884746 	 1.558944
   25 	 0.376200 	 0.920612 	 1.974722
   26 	 0.601018 	 1.072956 	 1.618326
   27 	 0.343573 	 1.070067 	 2.078570
   28 	 0.580307 	 0.897502 	 1.499510
   29 	 0.117586 	 0.931985 	 2.477251
   30 	 0.623282 	 1.051055 	 1.459413
   31 	 0.388598 	 1.077620 	 4.587452
   32 	 0.641103 	 0.902252 	 1.473010
   33 	 0.215524 	 0.928655 	 2.044997
   34 	 0.635562 	 1.031684 	 1.440499
   35 	 0.466114 	 1.043456 	 3.165319
   36 	 0.655084 	 0.907353 	 1.446839
   37 	 0.306211 	 0.926301 	 1.751270
   38 	 0.665585 	 1.014712 	 1.374043
   39 	 0.553443 	 1.019061 	 2.432432
   40 	 0.678222 	 0.914378 	 1.312879
   41 	 0.394815 	 0.927889 	 1.529419
   42 	 0.040010 	 0.987585 	 1.291452
   43 	 0.615188 	 0.999739 	 2.037013
   44 	 0.718467 	 0.987702 	 7.122018
   45 	 0.467855 	 0.925500 	 1.397452
   46 	 0.138540 	 0.980170 	 1.245536
   47 	 0.667623 	 0.991843 	 1.639733
   48 	 0.742977 	 0.959373 	 4.185150
   49 	 0.561251 	 0.930561 	 1.309376
   50 	 0.233342 	 0.978430 	 1.185709
   51 	 0.711503 	 0.987112 	 1.511370
   52 	 0.777539 	 0.951889 	 2.996325
   53 	 0.620436 	 0.933103 	 1.231675
   54 	 0.323371 	 0.972062 	 1.139031
   55 	 0.750709 	 0.980573 	 1.387279
   56 	 0.809630 	 0.948162 	 2.359767
   57 	 0.672188 	 0.934661 	 1.180904
   58 	 0.406476 	 0.966773 	 1.098865
   59 	 0.780455 	 0.973529 	 1.294351
   60 	 0.833845 	 0.946274 	 1.972868
   61 	 0.716974 	 0.936411 	 1.135261
   62 	 0.483333 	 0.962827 	 1.065253
   63 	 0.809283 	 0.968578 	 1.216732
   64 	 0.854735 	 0.946313 	 1.713113
   65 	 0.759226 	 0.938816 	 1.109529
   66 	 0.551416 	 0.960778 	 1.042063
   67 	 0.826495 	 0.966031 	 1.174777
   68 	 0.875302 	 0.946733 	 1.534176
   69 	 0.781447 	 0.941067 	 1.088738
   70 	 0.611780 	 0.959101 	 1.024903
   71 	 0.565721 	 0.959360 	 1.133983
   72 	 0.885110 	 0.948258 	 1.404141
   73 	 0.815672 	 0.949309 	 1.501228
   74 	 0.664655 	 0.957486 	 1.023426
   75 	 0.624365 	 0.957818 	 1.091618
   76 	 0.889817 	 0.949423 	 1.307096
   77 	 0.844868 	 0.950543 	 1.379759
   78 	 0.714747 	 0.957204 	 1.010499
   79 	 0.675603 	 0.956864 	 1.067387
   80 	 0.900172 	 0.950345 	 1.226773
   81 	 0.862525 	 0.950847 	 1.288655
   82 	 0.753482 	 0.956321 	 1.015670
   83 	 0.728303 	 0.956371 	 1.047642
   84 	 0.896417 	 0.951596 	 1.171123
   85 	 0.877469 	 0.951957 	 1.219062
   86 	 0.791689 	 0.955517 	 1.012970
   87 	 0.767188 	 0.955862 	 1.022632
   88 	 0.898174 	 0.952735 	 1.131620
   89 	 0.897157 	 0.952398 	 1.152621
   90 	 0.817247 	 0.954684 	 1.009559
   91 	 0.798071 	 0.955126 	 1.006789
   92 	 0.907804 	 0.952188 	 1.094874
   93 	 0.907862 	 0.953115 	 1.113002
   94 	 0.842549 	 0.956042 	 1.000105
   95 	 0.829874 	 0.955395 	 0.996054
   96 	 0.915663 	 0.952470 	 1.065361
   97 	 0.843803 	 0.951729 	 1.084747
   98 	 0.828850 	 0.952849 	 0.992395
   99 	 0.830414 	 0.950905 	 1.059095
  100 	 0.842022 	 0.954196 	 1.085953
  101 	 0.862445 	 0.957758 	 1.084112
  102 	 0.848930 	 0.953795 	 1.061096
  103 	 0.844230 	 0.951287 	 1.047730
  104 	 0.864158 	 0.954692 	 1.062778
  105 	 0.877401 	 0.957641 	 1.068114
  106 	 0.865967 	 0.954181 	 1.045853
  107 	 0.861984 	 0.951122 	 1.022703
  108 	 0.307757 	 0.946953 	 1.039429
  109 	 0.306972 	 0.949748 	 1.048235
  110 	 0.883838 	 0.971235 	 2.501521
  111 	 0.870598 	 0.968896 	 2.506441
  112 	 0.384968 	 0.947517 	 1.024760
  113 	 0.126496 	 0.940531 	 1.038855
  114 	 0.576535 	 0.962283 	 2.096579
  115 	 0.874313 	 1.004505 	 4.576751
  116 	 0.456917 	 0.953778 	 1.486691
  117 	 0.213805 	 0.941873 	 1.034861
  118 	 0.631796 	 0.960245 	 1.808261
  119 	 0.887421 	 0.987343 	 3.182633
  120 	 0.116088 	 0.943318 	 1.357413
  121 	 0.304596 	 0.942103 	 1.021012
  122 	 0.685959 	 0.999481 	 4.619189
  123 	 0.866092 	 0.976102 	 2.442025
  124 	 0.211883 	 0.942574 	 1.264448
  125 	 0.393992 	 0.943582 	 1.043741
  126 	 0.737220 	 0.982259 	 3.246935
  127 	 0.874018 	 0.968345 	 2.057649
  128 	 0.299497 	 0.942419 	 1.205953
  129 	 0.465192 	 0.944495 	 1.026254
  130 	 0.765490 	 0.972268 	 2.500647
  131 	 0.887584 	 0.965027 	 1.768059
  132 	 0.384461 	 0.945227 	 1.154882
  133 	 0.537617 	 0.941245 	 1.020841
  134 	 0.115964 	 0.957982 	 2.098810
  135 	 0.898601 	 0.968204 	 1.567356
  136 	 0.307732 	 0.979903 	 4.621852
  137 	 0.599608 	 0.943202 	 0.996512
  138 	 0.211956 	 0.972264 	 2.476276
  139 	 0.910837 	 0.964053 	 1.437384
  140 	 0.388097 	 0.966065 	 3.289948
  141 	 0.650286 	 0.944690 	 0.988888
  142 	 0.294955 	 0.959902 	 2.065276
  143 	 0.352083 	 0.955394 	 1.339789
  144 	 0.463548 	 0.974029 	 2.584281
  145 	 0.694353 	 0.960677 	 2.251830
  146 	 0.373081 	 0.956735 	 1.773215
  147 	 0.425129 	 0.954877 	 1.265097
  148 	 0.126422 	 0.958135 	 2.131372
  149 	 0.734648 	 0.957521 	 1.902847
  150 	 0.448074 	 0.993661 	 4.493940
  151 	 0.501292 	 0.954370 	 1.209705
  152 	 0.217659 	 0.954615 	 1.837647
  153 	 0.307797 	 0.947618 	 1.661981
  154 	 0.301027 	 0.970567 	 3.144071
  155 	 0.565969 	 0.970675 	 2.475879
  156 	 0.309017 	 0.969110 	 2.544357
  157 	 0.388157 	 0.947957 	 1.510417
  158 	 0.378107 	 0.964816 	 2.468425
  159 	 0.622465 	 0.967925 	 2.046846
  160 	 0.389936 	 0.963197 	 2.070365
  161 	 0.466647 	 0.946528 	 1.391663
  162 	 0.461581 	 0.958707 	 2.039420
  163 	 0.670213 	 0.962939 	 1.763522
  164 	 0.467329 	 0.959174 	 1.779419
  165 	 0.536503 	 0.946830 	 1.297669
  166 	 0.531966 	 0.952813 	 1.787857
  167 	 0.647277 	 0.957588 	 1.570098
  168 	 0.529589 	 0.951825 	 1.592189
  169 	 0.598624 	 0.944238 	 1.337476
  170 	 0.589244 	 0.956471 	 1.587330
  171 	 0.645456 	 0.961217 	 1.447966
  172 	 0.590936 	 0.960286 	 1.440623
  173 	 0.645842 	 0.949861 	 1.340742
  174 	 0.650735 	 0.953729 	 1.446474
  175 	 0.693894 	 0.958930 	 1.332015
  176 	 0.646465 	 0.958007 	 1.323390
  177 	 0.039984 	 0.939296 	 1.251887
  178 	 0.650844 	 0.949502 	 1.330911
  179 	 0.655710 	 1.023522 	 7.123325
  180 	 0.573898 	 0.956451 	 1.331125
  181 	 0.138433 	 0.943114 	 1.337418
  182 	 0.700660 	 0.954696 	 1.483024
  183 	 0.693328 	 0.989554 	 4.109601
  184 	 0.633262 	 0.954848 	 1.248346
  185 	 0.237773 	 0.943600 	 1.252774
  186 	 0.738964 	 0.954054 	 1.371061
  187 	 0.739003 	 0.977221 	 3.032395
  188 	 0.681589 	 0.953214 	 1.191378
  189 	 0.320062 	 0.943336 	 1.191323
  190 	 0.776712 	 0.952427 	 1.278791
  191 	 0.776746 	 0.969377 	 2.402911
  192 	 0.725063 	 0.952677 	 1.140105
  193 	 0.400158 	 0.944067 	 1.140062
  194 	 0.803209 	 0.950771 	 1.217786
  195 	 0.803238 	 0.963203 	 2.015080
  196 	 0.756038 	 0.951897 	 1.111964
  197 	 0.037530 	 0.935095 	 1.111930
  198 	 0.821784 	 0.951780 	 1.161525
  199 	 0.037499 	 1.022768 	 7.483370
  200 	 0.789625 	 0.951540 	 1.089462
  201 	 0.131935 	 1.007912 	 7.251718
  202 	 0.037517 	 0.934072 	 1.123565
  203 	 0.136015 	 0.985271 	 4.222344
  204 	 0.114516 	 1.026086 	 7.021626
  205 	 0.231565 	 0.975741 	 4.308206
  206 	 0.140321 	 0.977331 	 4.747980
  207 	 0.227051 	 0.970576 	 2.972079
  208 	 0.206438 	 0.982618 	 4.077959
  209 	 0.113186 	 0.947561 	 3.012498
  210 	 0.113924 	 0.961138 	 3.305376
  211 	 0.320780 	 1.011838 	 4.585345
  212 	 0.293990 	 1.023388 	 4.569892
  213 	 0.213609 	 0.956642 	 2.349181
  214 	 0.213913 	 0.952865 	 2.563511
  215 	 0.407485 	 0.988563 	 3.139627
  216 	 0.374755 	 0.997004 	 3.225669
  217 	 0.308211 	 0.952090 	 1.985764
  218 	 0.300249 	 0.948099 	 2.084833
  219 	 0.480339 	 0.974877 	 2.420656
  220 	 0.456677 	 0.981053 	 2.468228
  221 	 0.113721 	 0.939194 	 1.708705
  222 	 0.388632 	 0.945534 	 1.780701
  223 	 0.551388 	 1.007066 	 4.574134
  224 	 0.037521 	 0.961554 	 2.026211
  225 	 0.213719 	 0.939760 	 1.523721
  226 	 0.469239 	 1.012810 	 7.021453
  227 	 0.617352 	 0.986186 	 3.138542
  228 	 0.140324 	 0.956000 	 1.741740
  229 	 0.308314 	 0.939637 	 1.384558
  230 	 0.541524 	 0.981350 	 4.229686
  231 	 0.671385 	 0.975265 	 2.420052
  232 	 0.230703 	 0.953284 	 1.568322
  233 	 0.396047 	 0.940452 	 1.288187
  234 	 0.597649 	 0.967725 	 2.979716
  235 	 0.717830 	 0.968001 	 1.996219
  236 	 0.324189 	 0.951333 	 1.423388
  237 	 0.475937 	 0.941524 	 1.215465
  238 	 0.113767 	 0.944540 	 2.330517
  239 	 0.757366 	 0.963180 	 1.721654
  240 	 0.410607 	 1.006643 	 4.573170
  241 	 0.547479 	 0.942548 	 1.159735
  242 	 0.213763 	 0.943700 	 1.939837
  243 	 0.794827 	 0.960894 	 1.532851
  244 	 0.114656 	 0.976893 	 3.227230
  245 	 0.610593 	 0.943063 	 1.122427
  246 	 0.300108 	 0.982766 	 4.554656
  247 	 0.814779 	 0.957097 	 1.397637
  248 	 0.214613 	 0.966862 	 2.469085
  249 	 0.037574 	 0.925860 	 1.087336
  250 	 0.388503 	 0.967356 	 3.129767
  251 	 0.838760 	 1.063524 	 7.018817
  252 	 0.309151 	 0.960798 	 2.026743
  253 	 0.140376 	 0.928173 	 1.069679
  254 	 0.469122 	 0.959364 	 2.415163
  255 	 0.851369 	 1.013090 	 4.077039
  256 	 0.114522 	 0.945494 	 1.742094
  257 	 0.239124 	 0.927819 	 1.064431
  258 	 0.541420 	 0.999984 	 4.557440
  259 	 0.855190 	 0.997106 	 2.906779
  260 	 0.214485 	 0.944799 	 1.547221
  261 	 0.332041 	 0.930916 	 1.060120
  262 	 0.605283 	 0.980809 	 3.131023
  263 	 0.858355 	 0.984166 	 2.288640
  264 	 0.309031 	 0.941181 	 1.408089
  265 	 0.417791 	 0.934643 	 1.038147
  266 	 0.660943 	 0.978108 	 2.518062
  267 	 0.874855 	 0.974596 	 1.913176
  268 	 0.381248 	 0.943251 	 1.305750
  269 	 0.495522 	 0.941654 	 1.029914
  270 	 0.708893 	 0.975597 	 2.056985
  271 	 0.899610 	 0.973027 	 1.665497
  272 	 0.462559 	 0.942165 	 1.228814
  273 	 0.579510 	 0.940289 	 1.013505
  274 	 0.307255 	 0.965432 	 1.790000
  275 	 0.901222 	 0.974466 	 1.563454
  276 	 0.530195 	 0.966472 	 2.722163
  277 	 0.599393 	 0.941453 	 1.040234
  278 	 0.353374 	 0.962578 	 1.574569
  279 	 0.879685 	 0.977140 	 1.516316
  280 	 0.611745 	 0.966963 	 2.224823
  281 	 0.616821 	 0.946748 	 1.047085
  282 	 0.437652 	 0.968436 	 1.488439
  283 	 0.868067 	 0.979667 	 1.477277
  284 	 0.645770 	 0.968149 	 2.009035
  285 	 0.650459 	 0.948770 	 1.069839
  286 	 0.487250 	 0.964733 	 1.416692
  287 	 0.759136 	 0.976672 	 1.407344
  288 	 0.677144 	 0.964370 	 1.688762
  289 	 0.678350 	 0.948397 	 1.220649
  290 	 0.571801 	 0.955225 	 1.278701
  291 	 0.754404 	 0.977874 	 1.364708
  292 	 0.722752 	 0.975806 	 1.497229
  293 	 0.685360 	 0.947378 	 1.227740
  294 	 0.645774 	 0.958753 	 1.255585
  295 	 0.776494 	 0.984007 	 1.341454
  296 	 0.037637 	 0.964338 	 1.434568
  297 	 0.705555 	 0.952596 	 1.195323
  298 	 0.649575 	 1.072600 	 11.243939
  299 	 0.802167 	 0.975343 	 1.306071
  300 	 0.088115 	 0.957413 	 1.325425
  301 	 0.630099 	 0.947732 	 1.138539
  302 	 0.642692 	 1.007121 	 5.180954
  303 	 0.804221 	 0.981332 	 1.423285
  304 	 0.191122 	 0.962976 	 1.337628
  305 	 0.347002 	 0.944108 	 1.156977
  306 	 0.715447 	 0.987015 	 3.378126
  307 	 0.792470 	 0.990341 	 2.456387
  308 	 0.290848 	 0.955168 	 1.228186
  309 	 0.391775 	 0.948349 	 1.172924
  310 	 0.750139 	 0.981812 	 2.922714
  311 	 0.307789 	 0.970478 	 2.213003
  312 	 0.336246 	 0.953153 	 1.200943
  313 	 0.431424 	 0.972005 	 2.423134
  314 	 0.784660 	 0.977396 	 2.266824
  315 	 0.402701 	 0.965701 	 1.895647
  316 	 0.431383 	 0.950664 	 1.164596
  317 	 0.511314 	 0.964182 	 1.970053
  318 	 0.787714 	 0.974460 	 2.034658
  319 	 0.492574 	 0.968274 	 1.750046
  320 	 0.477382 	 0.954531 	 1.120305
  321 	 0.539099 	 0.962390 	 1.673714
  322 	 0.816190 	 0.974943 	 1.860527
  323 	 0.039903 	 0.959477 	 1.668894
  324 	 0.508795 	 0.956714 	 1.113520
  325 	 0.563763 	 1.030755 	 6.905946
  326 	 0.847226 	 0.970168 	 1.757792
  327 	 0.143553 	 0.953940 	 1.495521
  328 	 0.550088 	 0.957223 	 1.102140
  329 	 0.642830 	 1.002003 	 4.024900
  330 	 0.828473 	 0.971611 	 1.638840
  331 	 0.244798 	 0.953507 	 1.337381
  332 	 0.573480 	 0.957119 	 1.120316
  333 	 0.693346 	 0.989643 	 2.859611
  334 	 0.847159 	 0.970715 	 1.578333
  335 	 0.342500 	 0.953047 	 1.252746
  336 	 0.610339 	 0.955230 	 1.102221
  337 	 0.646963 	 0.983278 	 2.483857
  338 	 0.828417 	 0.976403 	 1.491559
  339 	 0.393088 	 0.961761 	 1.414302
  340 	 0.644471 	 0.956003 	 1.088191
  341 	 0.658240 	 0.974639 	 2.206588
  342 	 0.553918 	 0.964663 	 1.419303
  343 	 0.114034 	 0.943503 	 1.310375
  344 	 0.571871 	 0.952770 	 1.517870
  345 	 0.729674 	 1.027232 	 5.742694
  346 	 0.114980 	 0.964450 	 1.477605
  347 	 0.171011 	 0.946150 	 1.198216
  348 	 0.631910 	 0.991484 	 4.547942
  349 	 0.767391 	 0.997034 	 3.624365
  350 	 0.214922 	 0.956694 	 1.357203
  351 	 0.271410 	 0.942417 	 1.146406
  352 	 0.683947 	 0.976102 	 3.126736
  353 	 0.341190 	 0.978149 	 2.657385
  354 	 0.309441 	 0.956425 	 1.267674
  355 	 0.362019 	 0.960910 	 2.491967
  356 	 0.728558 	 0.970967 	 2.706061
  357 	 0.391839 	 0.970438 	 2.141699
  358 	 0.355750 	 0.957968 	 1.226312
  359 	 0.445117 	 0.960075 	 2.013129
  360 	 0.777356 	 0.961911 	 2.170845
  361 	 0.482339 	 0.962529 	 1.979346
  362 	 0.439417 	 0.956297 	 1.133458
  363 	 0.106987 	 0.950823 	 1.702883
  364 	 0.351626 	 0.954160 	 2.001936
  365 	 0.334327 	 0.989290 	 3.944970
  366 	 0.481224 	 0.973290 	 2.190456
  367 	 0.246922 	 0.964660 	 2.079748
  368 	 0.435662 	 0.954125 	 1.706125
  369 	 0.467323 	 0.979340 	 2.842351
  370 	 0.566179 	 0.972629 	 1.849926
  371 	 0.344536 	 0.960394 	 1.840188
  372 	 0.523553 	 0.955012 	 1.596732
  373 	 0.526236 	 0.979008 	 2.225009
  374 	 0.587671 	 0.975486 	 1.591209
  375 	 0.437616 	 0.959559 	 1.705506
  376 	 0.589585 	 0.956531 	 1.543755
  377 	 0.566378 	 0.981382 	 2.009179
  378 	 0.606555 	 0.978251 	 1.439916
  379 	 0.483260 	 0.959919 	 1.489697
  380 	 0.666659 	 0.960323 	 1.405570
  381 	 0.627118 	 0.980045 	 1.840400
  382 	 0.682282 	 0.971827 	 1.375971
  383 	 0.526177 	 0.962339 	 1.455143
  384 	 0.668060 	 0.961347 	 1.270355
  385 	 0.659960 	 0.975737 	 1.705677
  386 	 0.751623 	 0.973709 	 1.293728
  387 	 0.566323 	 0.964835 	 1.388773
  388 	 0.714987 	 0.964751 	 1.231948
  389 	 0.690192 	 0.975715 	 1.596366
  390 	 0.773965 	 0.975258 	 1.290179
  391 	 0.603695 	 0.967459 	 1.257717
  392 	 0.740588 	 0.961069 	 1.137831
  393 	 0.037635 	 0.960084 	 1.506489
  394 	 0.834773 	 0.976819 	 1.248926
  395 	 0.638329 	 1.072152 	 10.231747
  396 	 0.763927 	 0.962682 	 1.117478
  397 	 0.097164 	 0.962966 	 1.345480
  398 	 0.841052 	 0.978146 	 1.213553
  399 	 0.711450 	 1.030725 	 6.358723
 