   0 	 0.015967 	 0.096498 	 1.877935
    1 	 0.021288 	 0.486109 	 2.339180
    2 	 0.021897 	 1.142288 	 6.525609
    3 	 0.230773 	 1.181459 	 6.040304
    4 	 0.035022 	 0.739623 	 2.511396
    5 	 0.148976 	 0.704057 	 2.810785
    6 	 0.328526 	 0.962616 	 3.749799
    7 	 0.275021 	 0.957411 	 1.921872
    8 	 0.242460 	 0.817125 	 2.203001
    9 	 0.356270 	 0.819011 	 1.521559
   10 	 0.386817 	 0.954680 	 1.687513
   11 	 0.329060 	 0.947448 	 1.676411
   12 	 0.493030 	 0.875551 	 1.507765
   13 	 0.552439 	 0.917524 	 2.212585
   14 	 0.575623 	 1.001483 	 1.623562
   15 	 0.427591 	 0.961803 	 1.476147
   16 	 0.514876 	 0.895937 	 1.422429
   17 	 0.506757 	 0.930815 	 1.751653
   18 	 0.647112 	 1.000755 	 1.550128
   19 	 0.533318 	 0.967360 	 1.586907
   20 	 0.581048 	 0.905756 	 1.295150
   21 	 0.583769 	 0.934133 	 1.523883
   22 	 0.682105 	 0.984062 	 1.411536
   23 	 0.589768 	 0.952076 	 1.409108
   24 	 0.646325 	 0.913662 	 1.238996
   25 	 0.651462 	 0.936087 	 1.400820
   26 	 0.734270 	 0.968037 	 1.300009
   27 	 0.630628 	 0.942695 	 1.291385
   28 	 0.683917 	 0.917661 	 1.165949
   29 	 0.675728 	 0.937915 	 1.324980
   30 	 0.763826 	 0.962461 	 1.236220
   31 	 0.669756 	 0.943148 	 1.250269
   32 	 0.711985 	 0.920105 	 1.128253
   33 	 0.724234 	 0.937835 	 1.200458
   34 	 0.798497 	 0.959915 	 1.194765
   35 	 0.728779 	 0.944187 	 1.355134
   36 	 0.740240 	 0.922194 	 1.110129
   37 	 0.649336 	 0.940615 	 1.174703
   38 	 0.776064 	 0.959004 	 1.200915
   39 	 0.770890 	 0.942034 	 1.292931
   40 	 0.755621 	 0.922203 	 1.112887
   41 	 0.705701 	 0.938167 	 1.136635
   42 	 0.779128 	 0.953788 	 1.104829
   43 	 0.791932 	 0.940105 	 1.207437
   44 	 0.784604 	 0.929580 	 1.124066
   45 	 0.751012 	 0.941743 	 1.105667
   46 	 0.802204 	 0.950167 	 1.102410
   47 	 0.814232 	 0.941285 	 1.068477
   48 	 0.814815 	 0.934542 	 1.079559
   49 	 0.795560 	 0.939742 	 1.081394
   50 	 0.840294 	 0.944894 	 1.066878
   51 	 0.826271 	 0.939630 	 1.101249
   52 	 0.804279 	 0.936820 	 1.036920
   53 	 0.816094 	 0.942042 	 1.067497
   54 	 0.839695 	 0.947555 	 1.095076
   55 	 0.848899 	 0.942845 	 1.079221
   56 	 0.830582 	 0.938347 	 1.049063
   57 	 0.833478 	 0.939518 	 1.042319
   58 	 0.852396 	 0.944588 	 1.049228
   59 	 0.813789 	 0.944107 	 1.061145
   60 	 0.849738 	 0.940641 	 1.024070
   61 	 0.854668 	 0.938137 	 1.081912
   62 	 0.830703 	 0.937830 	 1.026562
   63 	 0.830836 	 0.936381 	 1.011190
   64 	 0.839107 	 0.936310 	 1.062470
   65 	 0.838848 	 0.938091 	 1.053590
   66 	 0.819482 	 0.940990 	 1.043778
   67 	 0.825582 	 0.939128 	 1.053355
   68 	 0.846835 	 0.935419 	 1.059791
   69 	 0.806546 	 0.938130 	 1.039853
   70 	 0.042116 	 0.930743 	 1.031635
   71 	 0.830538 	 0.940658 	 1.076373
   72 	 0.826251 	 1.003752 	 6.621800
   73 	 0.825745 	 0.942395 	 1.064391
   74 	 0.148538 	 0.935044 	 1.028568
   75 	 0.817071 	 0.940669 	 1.069925
   76 	 0.823000 	 0.963294 	 3.158185
   77 	 0.833883 	 0.943153 	 1.050894
   78 	 0.305933 	 0.940237 	 1.055855
   79 	 0.737461 	 0.943312 	 1.045606
   80 	 0.700357 	 0.955053 	 2.410607
   81 	 0.689102 	 0.943199 	 1.181529
   82 	 0.396903 	 0.935570 	 1.215278
   83 	 0.661680 	 0.941745 	 1.250622
   84 	 0.754274 	 0.962739 	 1.977054
   85 	 0.734688 	 0.950776 	 1.297724
   86 	 0.479030 	 0.936892 	 1.138467
   87 	 0.703322 	 0.942874 	 1.185413
   88 	 0.801689 	 0.958399 	 1.700884
   89 	 0.772611 	 0.949391 	 1.208573
   90 	 0.552064 	 0.937982 	 1.098191
   91 	 0.758108 	 0.942551 	 1.134416
   92 	 0.819208 	 0.954397 	 1.512942
   93 	 0.795598 	 0.947908 	 1.153392
   94 	 0.616583 	 0.939101 	 1.075606
   95 	 0.791207 	 0.943377 	 1.105586
   96 	 0.042444 	 0.937612 	 1.111900
   97 	 0.814276 	 0.947329 	 1.094443
   98 	 0.376227 	 0.998358 	 6.538361
   99 	 0.368792 	 0.936555 	 1.083218
  100 	 0.150438 	 0.944273 	 2.061314
  101 	 0.838843 	 0.960113 	 2.093401
  102 	 0.460784 	 0.981524 	 3.832330
  103 	 0.453741 	 0.936134 	 1.038483
  104 	 0.252855 	 0.941045 	 1.755359
  105 	 0.860154 	 0.954497 	 1.772293
  106 	 0.535946 	 0.965365 	 2.752127
  107 	 0.527317 	 0.937464 	 1.017652
  108 	 0.349525 	 0.941441 	 1.550758
  109 	 0.877076 	 0.951758 	 1.538895
  110 	 0.602534 	 0.958109 	 2.181383
  111 	 0.601904 	 0.939747 	 1.000424
  112 	 0.436627 	 0.942880 	 1.376209
  113 	 0.375822 	 0.943765 	 1.406858
  114 	 0.372454 	 0.947172 	 1.783398
  115 	 0.659736 	 0.952643 	 2.063039
  116 	 0.524687 	 0.953035 	 2.020388
  117 	 0.457553 	 0.943144 	 1.301006
  118 	 0.469288 	 0.944753 	 1.541338
  119 	 0.702491 	 0.949259 	 1.760399
  120 	 0.603632 	 0.949782 	 1.671716
  121 	 0.529297 	 0.942684 	 1.212135
  122 	 0.557347 	 0.943729 	 1.377160
  123 	 0.748372 	 0.947231 	 1.534220
  124 	 0.666818 	 0.948820 	 1.467467
  125 	 0.608598 	 0.944352 	 1.164319
  126 	 0.634370 	 0.942828 	 1.266917
  127 	 0.785411 	 0.945612 	 1.390631
  128 	 0.719726 	 0.947480 	 1.345406
  129 	 0.664041 	 0.944446 	 1.101429
  130 	 0.687613 	 0.943588 	 1.206816
  131 	 0.821875 	 0.945371 	 1.293760
  132 	 0.752266 	 0.947094 	 1.255472
  133 	 0.681403 	 0.941531 	 1.067036
  134 	 0.675120 	 0.935104 	 1.161216
  135 	 0.669385 	 0.946736 	 1.241460
  136 	 0.131538 	 0.945685 	 1.256673
  137 	 0.687810 	 0.942146 	 1.262810
  138 	 0.283491 	 0.965961 	 3.936413
  139 	 0.281730 	 0.942627 	 1.252646
  140 	 0.247200 	 0.962081 	 2.548477
  141 	 0.726350 	 0.960327 	 2.559969
  142 	 0.376085 	 0.955216 	 2.795642
  143 	 0.374691 	 0.942573 	 1.194957
  144 	 0.344288 	 0.956572 	 2.061922
  145 	 0.766015 	 0.955141 	 2.061046
  146 	 0.457452 	 0.949442 	 2.206588
  147 	 0.460841 	 0.941115 	 1.140881
  148 	 0.431576 	 0.953556 	 1.760712
  149 	 0.791527 	 0.953456 	 1.714263
  150 	 0.534413 	 0.946155 	 1.804806
  151 	 0.548016 	 0.941015 	 1.108615
  152 	 0.522546 	 0.951909 	 1.550597
  153 	 0.811218 	 0.952082 	 1.522264
  154 	 0.602592 	 0.942089 	 1.583666
  155 	 0.613059 	 0.937984 	 1.086817
  156 	 0.590819 	 0.952940 	 1.405497
  157 	 0.371741 	 0.947235 	 1.359510
  158 	 0.660329 	 0.941934 	 1.401898
  159 	 0.674759 	 0.951748 	 2.023305
  160 	 0.655997 	 0.950929 	 1.277418
  161 	 0.468646 	 0.944898 	 1.276065
  162 	 0.714327 	 0.940626 	 1.284527
  163 	 0.714202 	 0.948238 	 1.691629
  164 	 0.710719 	 0.948431 	 1.214731
  165 	 0.550743 	 0.943837 	 1.214917
  166 	 0.755497 	 0.940312 	 1.197865
  167 	 0.755391 	 0.945539 	 1.485348
  168 	 0.757366 	 0.946584 	 1.156875
  169 	 0.627255 	 0.943068 	 1.137021
  170 	 0.781631 	 0.940167 	 1.134474
  171 	 0.793953 	 0.944287 	 1.333769
  172 	 0.794550 	 0.945078 	 1.106034
  173 	 0.685933 	 0.941604 	 1.091164
  174 	 0.813978 	 0.938492 	 1.090453
  175 	 0.821972 	 0.941715 	 1.234518
  176 	 0.824434 	 0.943402 	 1.070059
  177 	 0.736910 	 0.942466 	 1.058792
  178 	 0.838533 	 0.941040 	 1.056039
  179 	 0.855611 	 0.941356 	 1.163589
  180 	 0.848508 	 0.942387 	 1.038818
  181 	 0.777551 	 0.942142 	 1.021565
  182 	 0.861091 	 0.941510 	 1.029858
  183 	 0.874076 	 0.942704 	 1.111048
  184 	 0.131428 	 0.933942 	 1.016683
  185 	 0.131298 	 0.930093 	 1.016642
  186 	 0.683377 	 0.975335 	 4.160978
  187 	 0.888461 	 0.981485 	 4.163240
  188 	 0.233455 	 0.936854 	 1.240885
  189 	 0.233332 	 0.931268 	 1.001682
  190 	 0.733469 	 0.962125 	 2.920944
  191 	 0.889536 	 0.965864 	 2.810316
  192 	 0.328575 	 0.936618 	 1.168267
  193 	 0.340969 	 0.932420 	 0.988108
  194 	 0.774733 	 0.954928 	 2.216926
  195 	 0.900408 	 0.957674 	 2.157641
  196 	 0.427163 	 0.936838 	 1.131691
  197 	 0.438569 	 0.932504 	 0.977605
  198 	 0.797327 	 0.948420 	 1.819296
  199 	 0.831597 	 0.947549 	 1.777243
  200 	 0.514987 	 0.927281 	 1.087162
  201 	 0.530183 	 0.929774 	 1.048111
  202 	 0.825586 	 0.943037 	 1.303633
  203 	 0.804457 	 0.941717 	 1.528392
  204 	 0.654222 	 0.935402 	 1.068278
  205 	 0.605733 	 0.939343 	 1.087749
  206 	 0.804541 	 0.946155 	 1.287462
  207 	 0.826276 	 0.943315 	 1.203901
  208 	 0.709239 	 0.936961 	 1.094761
  209 	 0.753920 	 0.941547 	 1.065994
  210 	 0.821517 	 0.949073 	 1.202300
  211 	 0.851140 	 0.943541 	 1.138926
  212 	 0.761731 	 0.936293 	 1.072942
  213 	 0.792753 	 0.940099 	 1.038490
  214 	 0.770510 	 0.948260 	 1.130927
  215 	 0.861334 	 0.945374 	 1.107109
  216 	 0.797813 	 0.936103 	 1.137127
  217 	 0.813267 	 0.941489 	 1.030680
  218 	 0.792879 	 0.949487 	 1.086587
  219 	 0.877517 	 0.946128 	 1.066818
  220 	 0.836479 	 0.938492 	 1.106955
  221 	 0.846873 	 0.941774 	 1.013770
  222 	 0.813368 	 0.949652 	 1.057777
  223 	 0.889466 	 0.946415 	 1.043528
  224 	 0.857136 	 0.940069 	 1.068526
  225 	 0.866480 	 0.942680 	 0.989530
  226 	 0.849310 	 0.947471 	 1.019123
  227 	 0.702195 	 0.942529 	 1.025242
  228 	 0.661886 	 0.939379 	 1.043613
  229 	 0.676339 	 0.943348 	 1.212569
  230 	 0.657847 	 0.937540 	 1.297377
  231 	 0.668752 	 0.930414 	 1.273498
  232 	 0.665926 	 0.944488 	 1.304212
  233 	 0.682615 	 0.948143 	 1.278294
  234 	 0.672495 	 0.942560 	 1.268350
  235 	 0.678098 	 0.944188 	 1.263400
  236 	 0.578228 	 0.948676 	 1.279762
  237 	 0.728704 	 0.949835 	 1.249066
  238 	 0.720118 	 0.945560 	 1.455333
  239 	 0.729093 	 0.941582 	 1.174807
  240 	 0.633781 	 0.945275 	 1.204765
  241 	 0.770827 	 0.947912 	 1.174269
  242 	 0.753429 	 0.944532 	 1.346474
  243 	 0.771147 	 0.940905 	 1.136716
  244 	 0.687109 	 0.944100 	 1.141645
  245 	 0.036693 	 0.934678 	 1.117010
  246 	 0.798459 	 0.941566 	 1.235165
  247 	 0.751661 	 1.001173 	 6.281684
  248 	 0.281960 	 0.937504 	 1.100159
  249 	 0.156441 	 0.935209 	 1.143955
  250 	 0.817889 	 0.956343 	 2.462690
  251 	 0.788610 	 0.974071 	 3.768735
  252 	 0.386819 	 0.941178 	 1.063389
  253 	 0.257889 	 0.936739 	 1.114194
  254 	 0.852368 	 0.954184 	 2.017273
  255 	 0.036680 	 0.953572 	 2.714521
  256 	 0.470329 	 0.941012 	 1.040293
  257 	 0.354180 	 1.003326 	 6.794396
  258 	 0.859998 	 0.952169 	 1.726434
  259 	 0.144540 	 0.948431 	 2.090825
  260 	 0.544860 	 0.942524 	 1.030398
  261 	 0.035194 	 0.967096 	 3.744757
  262 	 0.866177 	 0.949902 	 1.494858
  263 	 0.259386 	 1.003773 	 6.939928
  264 	 0.623535 	 0.943308 	 1.011656
  265 	 0.141562 	 0.956380 	 2.715281
  266 	 0.881898 	 0.948525 	 1.365308
  267 	 0.353884 	 0.971282 	 3.967274
  268 	 0.672130 	 0.943226 	 1.009288
  269 	 0.245232 	 0.951281 	 2.160833
  270 	 0.893026 	 0.947567 	 1.255919
  271 	 0.437650 	 0.959345 	 2.823808
  272 	 0.732698 	 0.943230 	 0.996486
  273 	 0.339408 	 0.948257 	 1.824320
  274 	 0.889520 	 0.946902 	 1.185961
  275 	 0.516844 	 0.953121 	 2.222677
  276 	 0.371275 	 0.935848 	 0.999980
  277 	 0.428600 	 0.945134 	 1.594022
  278 	 0.863044 	 0.957312 	 2.018673
  279 	 0.586675 	 0.947953 	 1.809300
  280 	 0.466685 	 0.934920 	 1.027175
  281 	 0.521213 	 0.945275 	 1.434361
  282 	 0.878986 	 0.956113 	 1.732547
  283 	 0.647308 	 0.946187 	 1.582996
  284 	 0.542580 	 0.934070 	 1.010626
  285 	 0.590494 	 0.943140 	 1.319596
  286 	 0.680078 	 0.951004 	 1.531207
  287 	 0.663968 	 0.948917 	 1.428991
  288 	 0.609122 	 0.942233 	 1.264897
  289 	 0.644375 	 0.943043 	 1.293882
  290 	 0.719944 	 0.948882 	 1.363843
  291 	 0.282620 	 0.940092 	 1.324723
  292 	 0.678268 	 0.942001 	 1.184773
  293 	 0.696756 	 0.960634 	 2.458694
  294 	 0.772038 	 0.948275 	 1.267800
  295 	 0.387418 	 0.940105 	 1.238764
  296 	 0.725532 	 0.942134 	 1.117895
  297 	 0.741145 	 0.954964 	 2.014839
  298 	 0.805156 	 0.946391 	 1.176981
  299 	 0.470868 	 0.939018 	 1.155743
  300 	 0.776711 	 0.942011 	 1.076130
  301 	 0.781346 	 0.953270 	 1.720082
  302 	 0.842723 	 0.945732 	 1.110111
  303 	 0.542246 	 0.939354 	 1.121270
  304 	 0.810234 	 0.942109 	 1.049073
  305 	 0.802974 	 0.950147 	 1.531990
  306 	 0.041843 	 0.935132 	 1.072117
  307 	 0.609425 	 0.940877 	 1.096642
  308 	 0.837088 	 1.006075 	 6.564140
  309 	 0.829502 	 0.950391 	 1.389033
  310 	 0.149857 	 0.937661 	 1.040379
  311 	 0.660881 	 0.941325 	 1.063827
  312 	 0.870111 	 0.975459 	 3.840885
  313 	 0.841802 	 0.949147 	 1.296377
  314 	 0.253076 	 0.938244 	 1.005823
  315 	 0.360227 	 0.934156 	 1.035301
  316 	 0.354648 	 0.951236 	 2.762616
  317 	 0.357614 	 0.955588 	 2.124375
  318 	 0.348054 	 0.958485 	 2.149852
  319 	 0.355708 	 0.927982 	 2.136233
  320 	 0.439763 	 0.958245 	 2.180768
  321 	 0.442413 	 0.991024 	 2.144967
  322 	 0.037239 	 0.940341 	 1.817313
  323 	 0.443367 	 0.927767 	 1.808604
  324 	 0.515089 	 1.022513 	 6.768702
  325 	 0.036652 	 0.971172 	 1.802667
  326 	 0.145400 	 0.939182 	 1.581091
  327 	 0.519004 	 0.994390 	 6.795717
  328 	 0.591160 	 0.984626 	 3.710583
  329 	 0.144797 	 0.962464 	 1.561985
  330 	 0.261706 	 0.938792 	 1.425193
  331 	 0.526950 	 0.960847 	 3.917006
  332 	 0.526027 	 0.966263 	 2.698284
  333 	 0.248293 	 0.964289 	 1.568750
  334 	 0.356229 	 0.945758 	 1.541956
  335 	 0.590720 	 0.951134 	 2.787126
  336 	 0.605160 	 0.958758 	 2.142572
  337 	 0.345301 	 0.958822 	 1.402092
  338 	 0.444154 	 0.945027 	 1.400443
  339 	 0.661117 	 0.947028 	 2.201670
  340 	 0.661838 	 0.955659 	 1.808142
  341 	 0.432494 	 0.956735 	 1.295980
  342 	 0.521637 	 0.945585 	 1.294769
  343 	 0.710995 	 0.946061 	 1.847083
  344 	 0.711607 	 0.953080 	 1.585950
  345 	 0.510834 	 0.953972 	 1.219669
  346 	 0.589466 	 0.945152 	 1.216386
  347 	 0.751784 	 0.945148 	 1.609440
  348 	 0.753644 	 0.950944 	 1.428640
  349 	 0.581416 	 0.951442 	 1.159710
  350 	 0.650389 	 0.944922 	 1.157214
  351 	 0.787271 	 0.945029 	 1.445263
  352 	 0.788821 	 0.949981 	 1.314251
  353 	 0.643433 	 0.950407 	 1.113870
  354 	 0.702666 	 0.945085 	 1.111950
  355 	 0.817816 	 0.945052 	 1.329199
  356 	 0.818030 	 0.949112 	 1.229761
  357 	 0.129361 	 0.939519 	 1.079080
  358 	 0.128026 	 0.933290 	 1.076972
  359 	 0.127923 	 0.971545 	 4.169089
  360 	 0.842125 	 0.987927 	 4.192412
  361 	 0.233667 	 0.977102 	 4.194235
  362 	 0.232401 	 0.935038 	 1.051497
  363 	 0.232302 	 0.958920 	 2.905564
  364 	 0.860588 	 0.972568 	 2.916296
  365 	 0.331558 	 0.963432 	 2.917133
  366 	 0.330382 	 0.936701 	 1.029773
  367 	 0.330291 	 0.953058 	 2.262147
  368 	 0.876983 	 0.964428 	 2.268179
  369 	 0.421470 	 0.956819 	 2.268649
  370 	 0.420401 	 0.938288 	 1.012676
  371 	 0.420318 	 0.950180 	 1.879805
  372 	 0.891603 	 0.959519 	 1.883589
  373 	 0.502436 	 0.953190 	 1.889579
  374 	 0.501482 	 0.939688 	 0.996311
  375 	 0.499980 	 0.948630 	 1.635763
  376 	 0.904805 	 0.956382 	 1.634035
  377 	 0.573177 	 0.950941 	 1.638055
  378 	 0.573745 	 0.940733 	 0.986481
  379 	 0.572425 	 0.944374 	 1.462680
  380 	 0.659472 	 0.947113 	 1.464890
  381 	 0.636302 	 0.946989 	 1.464291
  382 	 0.510961 	 0.942231 	 1.301453
  383 	 0.529516 	 0.939943 	 1.341917
  384 	 0.528989 	 0.931243 	 1.609111
  385 	 0.528533 	 0.939455 	 1.566376
  386 	 0.446238 	 0.960943 	 1.567672
  387 	 0.528568 	 0.957045 	 1.568793
  388 	 0.529644 	 0.953401 	 1.801353
  389 	 0.565334 	 0.955284 	 1.567634
  390 	 0.523491 	 0.969490 	 1.566064
  391 	 0.595900 	 0.959822 	 1.483164
  392 	 0.597028 	 0.949318 	 1.581300
  393 	 0.628116 	 0.951735 	 1.418842
  394 	 0.591646 	 0.964083 	 1.416576
  395 	 0.654389 	 0.955656 	 1.356824
  396 	 0.655533 	 0.946124 	 1.427458
  397 	 0.682257 	 0.949545 	 1.310119
  398 	 0.650890 	 0.959306 	 1.308159
  399 	 0.704712 	 0.952993 	 1.263972
 