   0 	 0.014011 	 0.055894 	 0.427698
    1 	 0.017375 	 0.109781 	 0.552333
    2 	 0.023170 	 0.242260 	 2.943832
    3 	 0.031511 	 0.492430 	 4.651239
    4 	 0.035731 	 1.059484 	 5.820633
    5 	 0.022444 	 1.428390 	 5.726251
    6 	 0.146543 	 1.246177 	 7.838447
    7 	 0.172021 	 1.092735 	 10.003099
    8 	 0.121811 	 1.130777 	 4.281874
    9 	 0.036814 	 1.233151 	 3.134593
   10 	 0.221783 	 1.075760 	 3.720088
   11 	 0.311420 	 1.038517 	 5.582501
   12 	 0.115198 	 0.990339 	 2.304570
   13 	 0.168832 	 1.140607 	 2.385546
   14 	 0.407902 	 1.047368 	 2.527553
   15 	 0.406166 	 0.972327 	 3.854223
   16 	 0.374412 	 0.986189 	 1.924524
   17 	 0.249924 	 1.094476 	 2.020790
   18 	 0.490696 	 1.015145 	 1.931576
   19 	 0.463545 	 0.948347 	 2.692499
   20 	 0.497989 	 0.969776 	 1.748963
   21 	 0.352175 	 1.047509 	 1.726999
   22 	 0.532477 	 0.980280 	 1.716475
   23 	 0.551407 	 0.938765 	 2.116817
   24 	 0.539673 	 0.961365 	 1.471721
   25 	 0.448387 	 1.011458 	 1.589026
   26 	 0.586760 	 0.965251 	 1.629268
   27 	 0.601278 	 0.946921 	 1.913924
   28 	 0.573833 	 0.966478 	 1.449990
   29 	 0.495829 	 1.004073 	 1.480654
   30 	 0.643961 	 0.971811 	 1.543370
   31 	 0.638874 	 0.946853 	 1.674240
   32 	 0.616991 	 0.963715 	 1.338938
   33 	 0.549076 	 0.993767 	 1.402576
   34 	 0.698549 	 0.963957 	 1.425333
   35 	 0.675687 	 0.945380 	 1.584344
   36 	 0.654351 	 0.959692 	 1.213781
   37 	 0.599181 	 0.985372 	 1.314450
   38 	 0.758324 	 0.963632 	 1.372777
   39 	 0.710707 	 0.946276 	 1.470412
   40 	 0.687911 	 0.957367 	 1.199638
   41 	 0.643082 	 0.979173 	 1.274199
   42 	 0.582305 	 0.958384 	 1.264525
   43 	 0.726164 	 0.949740 	 1.394347
   44 	 0.742597 	 0.963593 	 1.459417
   45 	 0.667893 	 0.973754 	 1.249588
   46 	 0.647661 	 0.956498 	 1.182736
   47 	 0.721455 	 0.950641 	 1.297366
   48 	 0.777825 	 0.962532 	 1.332336
   49 	 0.708835 	 0.970206 	 1.244470
   50 	 0.703613 	 0.956662 	 1.164517
   51 	 0.758397 	 0.952964 	 1.277246
   52 	 0.807352 	 0.964666 	 1.285822
   53 	 0.740003 	 0.969491 	 1.161039
   54 	 0.731036 	 0.956532 	 1.124288
   55 	 0.791177 	 0.956002 	 1.228346
   56 	 0.828194 	 0.966596 	 1.199133
   57 	 0.767786 	 0.968098 	 1.155699
   58 	 0.778978 	 0.957519 	 1.098547
   59 	 0.114300 	 0.949614 	 1.162269
   60 	 0.322788 	 0.959871 	 1.162956
   61 	 0.316453 	 0.998718 	 5.122946
   62 	 0.320598 	 0.967287 	 2.519601
   63 	 0.191871 	 0.978078 	 2.533001
   64 	 0.383362 	 0.977494 	 2.533584
   65 	 0.383568 	 0.995578 	 3.392470
   66 	 0.383482 	 0.963489 	 2.185975
   67 	 0.287598 	 0.972423 	 2.184991
   68 	 0.441136 	 0.974605 	 2.153400
   69 	 0.441327 	 0.986052 	 2.764735
   70 	 0.130896 	 0.953482 	 1.940859
   71 	 0.347894 	 0.969423 	 1.940138
   72 	 0.492669 	 1.013742 	 4.721537
   73 	 0.494795 	 0.978870 	 2.332120
   74 	 0.208523 	 0.952428 	 1.743468
   75 	 0.119462 	 0.956107 	 1.737030
   76 	 0.365126 	 0.990739 	 3.455153
   77 	 0.552141 	 1.018527 	 4.990976
   78 	 0.283346 	 0.965522 	 2.276731
   79 	 0.197430 	 0.953961 	 1.579676
   80 	 0.425382 	 0.981576 	 2.745398
   81 	 0.602201 	 0.998542 	 3.592854
   82 	 0.354673 	 0.960960 	 1.975186
   83 	 0.272201 	 0.951422 	 1.463913
   84 	 0.487975 	 0.972775 	 2.295827
   85 	 0.647328 	 0.986876 	 2.832051
   86 	 0.420747 	 0.959633 	 1.757856
   87 	 0.343295 	 0.951225 	 1.373197
   88 	 0.543846 	 0.969089 	 2.020828
   89 	 0.668584 	 0.981733 	 2.357410
   90 	 0.475799 	 0.961155 	 1.500722
   91 	 0.404349 	 0.950678 	 1.334251
   92 	 0.634992 	 0.966257 	 1.818516
   93 	 0.710050 	 0.979602 	 2.060798
   94 	 0.526478 	 0.959908 	 1.396858
   95 	 0.466919 	 0.949427 	 1.275266
   96 	 0.676701 	 0.963019 	 1.646423
   97 	 0.715427 	 0.975118 	 1.848363
   98 	 0.578931 	 0.959340 	 1.261987
   99 	 0.507392 	 0.952582 	 1.255765
  100 	 0.748454 	 0.965905 	 1.515541
  101 	 0.748131 	 0.972358 	 1.699837
  102 	 0.626393 	 0.957388 	 1.205758
  103 	 0.563718 	 0.953041 	 1.206228
  104 	 0.751837 	 0.966638 	 1.427565
  105 	 0.781050 	 0.972423 	 1.567846
  106 	 0.665927 	 0.956923 	 1.210746
  107 	 0.039341 	 0.944979 	 1.166309
  108 	 0.774206 	 0.968649 	 1.351302
  109 	 0.805763 	 1.052639 	 8.316669
  110 	 0.576265 	 0.952442 	 1.169446
  111 	 0.119179 	 0.941110 	 1.136541
  112 	 0.799779 	 0.974557 	 1.521688
  113 	 0.821395 	 1.022628 	 4.998040
  114 	 0.623991 	 0.954743 	 1.135488
  115 	 0.036849 	 0.933874 	 1.108285
  116 	 0.822106 	 0.972975 	 1.432479
  117 	 0.840912 	 1.089502 	 8.492670
  118 	 0.320551 	 0.948574 	 1.115815
  119 	 0.116730 	 0.936196 	 1.084820
  120 	 0.840397 	 0.988351 	 2.490963
  121 	 0.579247 	 1.035876 	 5.059962
  122 	 0.389854 	 0.949018 	 1.085427
  123 	 0.194778 	 0.944865 	 1.530580
  124 	 0.857393 	 0.983507 	 2.155387
  125 	 0.620548 	 1.014934 	 3.719167
  126 	 0.447170 	 0.951204 	 1.073546
  127 	 0.263625 	 0.947072 	 1.425624
  128 	 0.871349 	 0.980110 	 1.918393
  129 	 0.666790 	 1.002165 	 2.960990
  130 	 0.501884 	 0.952258 	 1.050146
  131 	 0.329480 	 0.948083 	 1.349729
  132 	 0.889485 	 0.977330 	 1.715902
  133 	 0.702332 	 0.993495 	 2.436770
  134 	 0.558659 	 0.953508 	 1.037791
  135 	 0.398268 	 0.949713 	 1.287944
  136 	 0.893902 	 0.975026 	 1.580382
  137 	 0.730544 	 0.987462 	 2.116992
  138 	 0.604419 	 0.954891 	 1.033056
  139 	 0.456393 	 0.950996 	 1.242786
  140 	 0.903215 	 0.972939 	 1.473799
  141 	 0.755466 	 0.982598 	 1.861181
  142 	 0.646037 	 0.956163 	 1.019267
  143 	 0.514912 	 0.952673 	 1.205450
  144 	 0.911543 	 0.971722 	 1.388625
  145 	 0.781525 	 0.979669 	 1.697760
  146 	 0.683656 	 0.956961 	 1.011423
  147 	 0.564379 	 0.953579 	 1.168737
  148 	 0.918683 	 0.970187 	 1.319687
  149 	 0.804611 	 0.976326 	 1.566223
  150 	 0.717470 	 0.956978 	 1.007270
  151 	 0.609636 	 0.953941 	 1.129291
  152 	 0.924753 	 0.969734 	 1.263312
  153 	 0.830985 	 0.974916 	 1.462553
  154 	 0.684217 	 0.954796 	 1.001148
  155 	 0.118816 	 0.946040 	 1.104869
  156 	 0.930018 	 0.972366 	 1.318710
  157 	 0.848199 	 1.019491 	 5.183617
  158 	 0.717973 	 0.955967 	 0.995899
  159 	 0.189951 	 0.947747 	 1.084247
  160 	 0.930307 	 0.970791 	 1.262510
  161 	 0.863299 	 1.002111 	 3.787150
  162 	 0.748161 	 0.956449 	 0.991394
  163 	 0.258528 	 0.949323 	 1.066782
  164 	 0.934739 	 0.970020 	 1.206184
  165 	 0.876515 	 0.991722 	 2.946132
  166 	 0.039989 	 0.946608 	 0.991239
  167 	 0.331100 	 0.950377 	 1.051951
  168 	 0.938669 	 1.050206 	 8.272044
  169 	 0.888060 	 0.984751 	 2.427183
  170 	 0.119718 	 0.948406 	 0.987392
  171 	 0.399795 	 0.952201 	 1.039329
  172 	 0.938877 	 1.014544 	 5.159476
  173 	 0.898127 	 0.980234 	 2.110173
  174 	 0.190826 	 0.949392 	 0.984087
  175 	 0.457818 	 0.953391 	 1.028567
  176 	 0.943075 	 0.998985 	 3.774641
  177 	 0.901334 	 0.977361 	 1.879989
  178 	 0.259367 	 0.951146 	 0.983115
  179 	 0.511747 	 0.954640 	 1.018087
  180 	 0.945881 	 0.989736 	 2.998799
  181 	 0.915594 	 0.974766 	 1.706929
  182 	 0.325426 	 0.952175 	 0.980410
  183 	 0.561473 	 0.955476 	 1.003519
  184 	 0.948308 	 0.983222 	 2.461081
  185 	 0.927972 	 0.972218 	 1.556728
  186 	 0.394449 	 0.953098 	 0.978083
  187 	 0.610639 	 0.956318 	 0.991206
  188 	 0.946506 	 0.979217 	 2.134248
  189 	 0.938698 	 0.971015 	 1.460410
  190 	 0.451437 	 0.954780 	 0.979811
  191 	 0.651674 	 0.956926 	 0.987364
  192 	 0.942764 	 0.975088 	 1.878510
  193 	 0.942095 	 0.969700 	 1.377840
  194 	 0.510358 	 0.956231 	 0.983415
  195 	 0.688734 	 0.957864 	 0.984063
  196 	 0.939571 	 0.972878 	 1.710988
  197 	 0.945034 	 0.968493 	 1.299319
  198 	 0.560197 	 0.956593 	 0.986513
  199 	 0.724523 	 0.958181 	 0.981226
  200 	 0.114602 	 0.961690 	 1.576550
  201 	 0.942857 	 0.967955 	 1.252156
  202 	 0.605822 	 1.005770 	 5.299367
  203 	 0.754002 	 0.958152 	 0.983326
  204 	 0.186100 	 0.960521 	 1.456194
  205 	 0.943807 	 0.967625 	 1.207581
  206 	 0.653469 	 0.990556 	 3.843206
  207 	 0.780226 	 0.958839 	 0.982409
  208 	 0.255278 	 0.961090 	 1.361713
  209 	 0.946514 	 0.967959 	 1.170514
  210 	 0.696470 	 0.982241 	 3.036031
  211 	 0.803462 	 0.959151 	 0.979802
  212 	 0.321530 	 0.960315 	 1.297741
  213 	 0.946768 	 0.966847 	 1.139521
  214 	 0.728947 	 0.976649 	 2.484906
  215 	 0.819390 	 0.959407 	 0.979559
  216 	 0.390777 	 0.957923 	 1.245257
  217 	 0.803093 	 0.964691 	 1.110754
  218 	 0.757945 	 0.973891 	 2.120097
  219 	 0.809365 	 0.960010 	 1.131230
  220 	 0.454340 	 0.954179 	 1.201858
  221 	 0.806859 	 0.962936 	 1.131907
  222 	 0.783725 	 0.978906 	 1.892364
  223 	 0.824533 	 0.964270 	 1.135126
  224 	 0.508527 	 0.955489 	 1.165739
  225 	 0.826975 	 0.962724 	 1.112801
  226 	 0.806556 	 0.973942 	 1.716364
  227 	 0.842530 	 0.963511 	 1.109785
  228 	 0.558514 	 0.954117 	 1.126816
  229 	 0.686627 	 0.958585 	 1.090952
  230 	 0.130668 	 0.966498 	 1.580742
  231 	 0.858331 	 0.967905 	 1.314532
  232 	 0.601814 	 0.996376 	 4.726626
  233 	 0.720133 	 0.959159 	 1.064701
  234 	 0.208302 	 0.965676 	 1.479478
  235 	 0.878116 	 0.967551 	 1.248388
  236 	 0.640871 	 0.983765 	 3.457795
  237 	 0.756151 	 0.959927 	 1.050182
  238 	 0.283134 	 0.964459 	 1.398659
  239 	 0.889457 	 0.966895 	 1.204456
  240 	 0.678998 	 0.977981 	 2.799285
  241 	 0.782132 	 0.960240 	 1.037822
  242 	 0.348022 	 0.963199 	 1.327849
  243 	 0.893878 	 0.966377 	 1.167907
  244 	 0.713293 	 0.974157 	 2.368987
  245 	 0.805148 	 0.961145 	 1.033082
  246 	 0.409318 	 0.963186 	 1.270015
  247 	 0.903194 	 0.965704 	 1.137335
  248 	 0.743984 	 0.971316 	 2.068603
  249 	 0.825467 	 0.962104 	 1.023234
  250 	 0.466700 	 0.963528 	 1.222368
  251 	 0.911300 	 0.965302 	 1.111646
  252 	 0.771326 	 0.969279 	 1.849112
  253 	 0.843351 	 0.962341 	 1.014816
  254 	 0.519964 	 0.961506 	 1.182835
  255 	 0.918344 	 0.965035 	 1.089976
  256 	 0.795586 	 0.970025 	 1.683322
  257 	 0.859050 	 0.962559 	 1.007613
  258 	 0.569015 	 0.961656 	 1.149841
  259 	 0.924459 	 0.964887 	 1.071639
  260 	 0.817033 	 0.968762 	 1.554931
  261 	 0.872799 	 0.962545 	 1.001443
  262 	 0.613862 	 0.961167 	 1.122167
  263 	 0.916098 	 0.962972 	 1.056079
  264 	 0.835934 	 0.966978 	 1.453569
  265 	 0.884816 	 0.961878 	 1.009899
  266 	 0.637239 	 0.960288 	 1.098860
  267 	 0.897536 	 0.961629 	 1.042844
  268 	 0.852544 	 0.966594 	 1.377906
  269 	 0.895300 	 0.963708 	 1.029193
  270 	 0.688703 	 0.961051 	 1.079163
  271 	 0.114700 	 0.952121 	 1.031566
  272 	 0.317641 	 0.958029 	 1.310955
  273 	 0.904432 	 1.006862 	 4.921268
  274 	 0.721993 	 0.977723 	 2.552706
  275 	 0.040022 	 0.942611 	 1.021939
  276 	 0.380690 	 0.957305 	 1.256135
  277 	 0.895356 	 1.076539 	 8.762526
  278 	 0.751747 	 0.972378 	 2.131331
  279 	 0.113165 	 0.943930 	 1.031506
  280 	 0.453426 	 0.954704 	 1.210878
  281 	 0.871683 	 1.027371 	 5.340020
  282 	 0.778223 	 0.970293 	 1.895641
  283 	 0.184702 	 0.946387 	 1.057325
  284 	 0.507681 	 0.958738 	 1.173264
  285 	 0.872733 	 1.009199 	 3.863956
  286 	 0.800151 	 0.968534 	 1.718861
  287 	 0.253007 	 0.950110 	 1.056152
  288 	 0.557737 	 0.960926 	 1.125301
  289 	 0.884758 	 0.996155 	 3.057103
  290 	 0.784325 	 0.965367 	 1.582688
  291 	 0.319366 	 0.952952 	 1.042907
  292 	 0.603578 	 0.964325 	 1.145705
  293 	 0.883855 	 0.987863 	 2.541516
  294 	 0.819803 	 0.963859 	 1.475628
  295 	 0.382319 	 0.953924 	 1.043890
  296 	 0.645275 	 0.964644 	 1.118689
  297 	 0.883088 	 0.982546 	 2.190969
  298 	 0.828371 	 0.963112 	 1.390097
  299 	 0.441488 	 0.954577 	 1.029243
  300 	 0.682968 	 0.964680 	 1.108069
  301 	 0.318094 	 0.972410 	 1.939535
  302 	 0.036834 	 0.952191 	 1.320885
  303 	 0.496614 	 0.971862 	 2.549762
  304 	 0.716854 	 1.052891 	 9.014392
  305 	 0.379037 	 0.969646 	 1.752190
  306 	 0.110029 	 0.954522 	 1.264297
  307 	 0.547558 	 0.970418 	 2.206837
  308 	 0.747163 	 1.013099 	 5.430972
  309 	 0.438416 	 0.968360 	 1.608602
  310 	 0.181651 	 0.955014 	 1.217637
  311 	 0.594282 	 0.967936 	 1.951158
  312 	 0.774151 	 0.996537 	 3.910060
  313 	 0.493764 	 0.967357 	 1.496150
  314 	 0.250994 	 0.955961 	 1.178896
  315 	 0.636841 	 0.966558 	 1.760984
  316 	 0.798087 	 0.987166 	 3.076035
  317 	 0.544934 	 0.966681 	 1.406586
  318 	 0.317447 	 0.956879 	 1.146543
  319 	 0.675363 	 0.965606 	 1.615420
  320 	 0.819240 	 0.981735 	 2.553975
  321 	 0.591884 	 0.967319 	 1.334289
  322 	 0.380507 	 0.958150 	 1.119394
  323 	 0.710031 	 0.964457 	 1.501538
  324 	 0.837876 	 0.977801 	 2.199704
  325 	 0.634664 	 0.966604 	 1.275297
  326 	 0.439792 	 0.958317 	 1.096520
  327 	 0.741072 	 0.964197 	 1.410908
  328 	 0.854248 	 0.974464 	 1.945936
  329 	 0.673397 	 0.965590 	 1.226736
  330 	 0.495041 	 0.958835 	 1.077182
  331 	 0.768737 	 0.963932 	 1.337798
  332 	 0.868597 	 0.972357 	 1.757035
  333 	 0.708267 	 0.963425 	 1.186470
  334 	 0.546109 	 0.959328 	 1.060787
  335 	 0.114270 	 0.952487 	 1.278173
  336 	 0.036884 	 0.960048 	 1.612359
  337 	 0.739496 	 1.017596 	 5.308694
  338 	 0.592958 	 1.049557 	 9.010340
  339 	 0.185777 	 0.953294 	 1.229112
  340 	 0.110078 	 0.959661 	 1.499119
  341 	 0.767335 	 1.000278 	 3.847974
  342 	 0.635639 	 1.010147 	 5.429524
  343 	 0.254967 	 0.954129 	 1.188446
  344 	 0.181698 	 0.959507 	 1.408968
  345 	 0.792050 	 0.990440 	 3.038895
  346 	 0.674278 	 0.993605 	 3.909330
  347 	 0.036842 	 0.944596 	 1.154534
  348 	 0.114924 	 0.949916 	 1.336224
  349 	 0.804755 	 1.071854 	 9.013747
  350 	 0.118885 	 1.021753 	 5.290343
  351 	 0.110037 	 0.947848 	 1.137844
  352 	 0.186413 	 0.999329 	 5.181743
  353 	 0.825121 	 1.028177 	 5.430741
  354 	 0.190264 	 0.997406 	 3.838587
  355 	 0.181658 	 0.940158 	 1.102188
  356 	 0.255579 	 0.990095 	 3.782659
  357 	 0.850132 	 1.019636 	 3.909944
  358 	 0.259285 	 0.986228 	 3.033256
  359 	 0.251001 	 0.942577 	 1.081979
  360 	 0.321817 	 0.981258 	 2.999536
  361 	 0.864993 	 1.006263 	 3.075966
  362 	 0.325348 	 0.979269 	 2.525783
  363 	 0.317454 	 0.945093 	 1.064858
  364 	 0.384633 	 0.975804 	 2.503458
  365 	 0.877996 	 0.996967 	 2.553929
  366 	 0.387964 	 0.974793 	 2.179919
  367 	 0.380513 	 0.947297 	 1.050315
  368 	 0.443652 	 0.972228 	 2.164202
  369 	 0.889352 	 0.990291 	 2.199672
  370 	 0.446767 	 0.971594 	 1.931427
  371 	 0.439798 	 0.949130 	 1.037935
  372 	 0.498622 	 0.969783 	 1.919876
  373 	 0.899253 	 0.985397 	 1.945913
  374 	 0.501511 	 0.969424 	 1.746048
  375 	 0.495046 	 0.950798 	 1.027377
  376 	 0.549406 	 0.968072 	 1.737286
  377 	 0.907872 	 0.981596 	 1.757018
  378 	 0.552064 	 0.967880 	 1.603835
  379 	 0.546115 	 0.952308 	 1.018359
  380 	 0.595971 	 0.966855 	 1.597027
  381 	 0.915366 	 0.978580 	 1.612345
  382 	 0.598399 	 0.966768 	 1.492380
  383 	 0.592963 	 0.953667 	 1.010646
  384 	 0.638374 	 0.965934 	 1.486992
  385 	 0.921875 	 0.976150 	 1.499109
  386 	 0.640577 	 0.966002 	 1.403560
  387 	 0.635644 	 0.954884 	 1.004042
  388 	 0.676746 	 0.965306 	 1.399234
  389 	 0.927522 	 0.974168 	 1.408960
  390 	 0.678733 	 0.965885 	 1.331832
  391 	 0.040000 	 0.947646 	 1.009652
  392 	 0.711272 	 0.965866 	 1.328316
  393 	 0.114694 	 1.049028 	 8.764231
  394 	 0.713055 	 0.964970 	 1.273282
  395 	 0.113144 	 0.988902 	 5.296770
  396 	 0.742180 	 0.966030 	 1.270398
  397 	 0.186190 	 1.058640 	 5.340642
  398 	 0.743772 	 0.963970 	 1.225070
  399 	 0.184681 	 0.975075 	 3.841877
 