   0 	 0.015315 	 0.059819 	 0.257036
    1 	 0.015315 	 0.103409 	 0.440063
    2 	 0.026031 	 0.172002 	 1.366436
    3 	 0.027219 	 0.275886 	 1.357802
    4 	 0.040117 	 0.641895 	 6.279698
    5 	 0.038420 	 1.413770 	 10.897357
    6 	 0.038302 	 2.087045 	 11.951023
    7 	 0.091289 	 1.751390 	 9.958220
    8 	 0.040418 	 1.259365 	 9.969941
    9 	 0.099849 	 1.302232 	 7.170155
   10 	 0.035348 	 2.028643 	 13.188942
   11 	 0.138271 	 1.495311 	 6.011457
   12 	 0.075466 	 1.198962 	 10.272414
   13 	 0.164046 	 1.178636 	 4.883495
   14 	 0.096764 	 1.751555 	 8.459372
   15 	 0.202204 	 1.371595 	 5.107876
   16 	 0.117484 	 1.053042 	 5.650647
   17 	 0.194614 	 1.113969 	 4.211935
   18 	 0.175050 	 1.572578 	 5.708273
   19 	 0.233474 	 1.267783 	 3.820337
   20 	 0.173431 	 0.981196 	 3.911189
   21 	 0.256382 	 1.065756 	 3.931221
   22 	 0.250276 	 1.450724 	 4.247526
   23 	 0.251028 	 1.203256 	 3.238537
   24 	 0.232795 	 0.943469 	 3.303864
   25 	 0.307150 	 1.037018 	 3.552046
   26 	 0.298280 	 1.360934 	 3.308044
   27 	 0.278921 	 1.172000 	 2.916512
   28 	 0.296732 	 0.936472 	 2.982568
   29 	 0.037587 	 1.009163 	 3.335324
   30 	 0.328918 	 1.297265 	 2.787597
   31 	 0.297954 	 1.281018 	 14.687076
   32 	 0.356062 	 0.923313 	 2.774291
   33 	 0.067845 	 1.001113 	 3.044567
   34 	 0.348191 	 1.247284 	 2.378567
   35 	 0.322563 	 1.151356 	 5.320708
   36 	 0.412088 	 0.919725 	 2.586048
   37 	 0.186874 	 0.989344 	 2.435085
   38 	 0.382183 	 1.209163 	 2.128743
   39 	 0.401158 	 1.120068 	 4.600372
   40 	 0.463125 	 0.920122 	 2.418028
   41 	 0.216616 	 0.980186 	 2.225894
   42 	 0.037515 	 1.161516 	 2.064164
   43 	 0.445079 	 1.095270 	 4.046689
   44 	 0.471284 	 1.044419 	 11.680237
   45 	 0.242319 	 0.973237 	 2.102702
   46 	 0.084778 	 1.130646 	 1.954077
   47 	 0.470898 	 1.086846 	 3.665432
   48 	 0.506335 	 0.986512 	 5.480119
   49 	 0.269285 	 0.978599 	 1.926789
   50 	 0.182262 	 1.119522 	 1.833632
   51 	 0.508831 	 1.082384 	 3.335719
   52 	 0.543115 	 0.977168 	 4.093973
   53 	 0.299202 	 0.981081 	 1.824251
   54 	 0.240867 	 1.109804 	 1.819456
   55 	 0.354140 	 1.063669 	 3.033038
   56 	 0.309743 	 0.967963 	 3.891554
   57 	 0.327446 	 1.003372 	 2.700952
   58 	 0.255908 	 1.143091 	 3.068960
   59 	 0.369351 	 1.057584 	 2.596418
   60 	 0.119660 	 0.962121 	 3.676363
   61 	 0.382611 	 0.993516 	 2.660629
   62 	 0.268495 	 1.197358 	 7.365952
   63 	 0.373590 	 1.061548 	 2.271120
   64 	 0.135376 	 0.955195 	 2.804301
   65 	 0.437002 	 0.987879 	 2.630954
   66 	 0.350582 	 1.163617 	 6.028611
   67 	 0.371933 	 1.059684 	 2.254782
   68 	 0.164563 	 0.965009 	 2.727160
   69 	 0.432436 	 0.991314 	 2.634815
   70 	 0.365810 	 1.144377 	 4.499181
   71 	 0.378599 	 1.057465 	 2.278237
   72 	 0.221416 	 0.963403 	 2.685934
   73 	 0.428094 	 0.990201 	 2.503133
   74 	 0.370092 	 1.133837 	 4.210239
   75 	 0.396946 	 1.051374 	 2.251270
   76 	 0.236343 	 0.964159 	 2.655397
   77 	 0.441040 	 0.991882 	 2.421037
   78 	 0.133491 	 1.115906 	 3.887375
   79 	 0.407907 	 1.049850 	 2.120713
   80 	 0.256182 	 1.021177 	 6.097880
   81 	 0.467987 	 0.990673 	 2.413084
   82 	 0.163175 	 1.103209 	 3.488185
   83 	 0.406308 	 1.044821 	 2.107540
   84 	 0.285365 	 1.010629 	 5.163282
   85 	 0.473028 	 0.990598 	 2.340777
   86 	 0.192894 	 1.093266 	 3.265147
   87 	 0.424290 	 1.040193 	 2.085385
   88 	 0.304762 	 1.006444 	 4.784816
   89 	 0.475854 	 0.991239 	 2.321315
   90 	 0.208086 	 1.086937 	 2.982740
   91 	 0.429587 	 1.037898 	 2.032710
   92 	 0.333462 	 1.006041 	 4.660146
   93 	 0.490386 	 0.992109 	 2.219818
   94 	 0.213190 	 1.084377 	 2.941503
   95 	 0.130571 	 1.024153 	 1.955853
   96 	 0.339213 	 1.004665 	 4.551863
   97 	 0.507112 	 1.058993 	 6.601922
   98 	 0.218228 	 1.082811 	 2.892575
   99 	 0.151322 	 1.021752 	 1.893898
  100 	 0.344938 	 1.003259 	 4.449823
  101 	 0.522248 	 1.056934 	 6.336250
  102 	 0.223677 	 1.078695 	 2.733453
  103 	 0.157660 	 1.020024 	 1.891259
  104 	 0.361448 	 0.996849 	 3.934259
  105 	 0.526937 	 1.048437 	 6.091605
  106 	 0.253758 	 1.072809 	 2.615422
  107 	 0.163985 	 1.023695 	 1.825359
  108 	 0.377940 	 0.995651 	 3.640889
  109 	 0.541636 	 1.042509 	 5.552922
  110 	 0.272377 	 1.066600 	 2.507270
  111 	 0.179875 	 1.022522 	 1.777665
  112 	 0.395543 	 0.996761 	 3.466487
  113 	 0.560486 	 1.032857 	 4.753421
  114 	 0.287937 	 1.061848 	 2.347181
  115 	 0.209034 	 1.023297 	 1.763711
  116 	 0.422283 	 0.993653 	 3.289078
  117 	 0.557348 	 1.030192 	 4.639649
  118 	 0.303437 	 1.056745 	 2.208564
  119 	 0.214126 	 1.019380 	 1.743837
  120 	 0.449506 	 0.988851 	 3.226463
  121 	 0.568202 	 1.027743 	 4.532558
  122 	 0.308398 	 1.045386 	 2.125823
  123 	 0.213244 	 1.016342 	 1.670280
  124 	 0.465826 	 0.993433 	 3.081683
  125 	 0.596381 	 1.024777 	 4.102661
  126 	 0.322812 	 1.042595 	 2.014803
  127 	 0.242791 	 1.015137 	 1.658701
  128 	 0.488925 	 0.994004 	 3.036638
  129 	 0.600528 	 1.021162 	 3.862622
  130 	 0.327060 	 1.039810 	 1.961457
  131 	 0.257498 	 1.012343 	 1.584716
  132 	 0.508141 	 0.992888 	 2.914088
  133 	 0.624682 	 1.018542 	 3.654995
  134 	 0.339606 	 1.037165 	 1.856524
  135 	 0.272043 	 1.010422 	 1.529917
  136 	 0.532645 	 0.990216 	 2.701928
  137 	 0.640854 	 1.013406 	 3.305320
  138 	 0.365975 	 1.036635 	 1.854789
  139 	 0.301076 	 1.011516 	 1.522176
  140 	 0.534505 	 0.989243 	 2.617288
  141 	 0.644049 	 1.011489 	 3.251228
  142 	 0.379048 	 1.036322 	 1.800487
  143 	 0.306962 	 1.012050 	 1.537163
  144 	 0.553407 	 0.984933 	 2.593711
  145 	 0.643806 	 1.007158 	 3.095377
  146 	 0.384584 	 1.039925 	 1.712600
  147 	 0.322385 	 1.017605 	 1.515367
  148 	 0.581700 	 0.984966 	 2.495731
  149 	 0.652969 	 1.006213 	 2.954337
  150 	 0.399643 	 1.036402 	 1.633454
  151 	 0.336651 	 1.017642 	 1.494615
  152 	 0.606224 	 0.988348 	 2.462185
  153 	 0.037409 	 0.996197 	 2.834863
  154 	 0.037526 	 1.024214 	 1.606879
  155 	 0.351944 	 1.258680 	 22.774234
  156 	 0.614334 	 1.231444 	 22.713637
  157 	 0.043897 	 0.998260 	 2.789838
  158 	 0.044014 	 1.025166 	 1.610737
  159 	 0.357611 	 1.226220 	 19.842548
  160 	 0.618339 	 1.198662 	 19.796559
  161 	 0.037480 	 0.987278 	 2.746418
  162 	 0.036869 	 1.005524 	 1.600413
  163 	 0.361989 	 1.441911 	 22.737797
  164 	 0.622311 	 1.481851 	 23.058073
  165 	 0.043967 	 0.987527 	 2.713788
  166 	 0.043357 	 1.004720 	 1.590302
  167 	 0.365672 	 1.389593 	 19.814898
  168 	 0.626252 	 1.426285 	 20.057546
  169 	 0.050451 	 0.988395 	 2.686927
  170 	 0.049840 	 1.004879 	 1.580399
  171 	 0.371274 	 1.348011 	 17.559096
  172 	 0.630160 	 1.381419 	 17.749250
  173 	 0.056929 	 0.988046 	 2.647083
  174 	 0.056320 	 1.004413 	 1.570697
  175 	 0.376849 	 1.314185 	 15.765541
  176 	 0.634036 	 1.344847 	 15.918549
  177 	 0.063403 	 0.977904 	 2.608590
  178 	 0.062794 	 0.994951 	 1.561192
  179 	 0.037116 	 1.346250 	 14.305467
  180 	 0.637880 	 1.385887 	 14.431230
  181 	 0.069872 	 1.222109 	 22.927596
  182 	 0.069263 	 0.994574 	 1.551879
  183 	 0.043603 	 1.319016 	 13.093871
  184 	 0.641693 	 1.356314 	 13.199058
  185 	 0.076334 	 1.186494 	 19.958800
  186 	 0.075726 	 0.990000 	 1.542752
  187 	 0.050087 	 1.293159 	 12.072377
  188 	 0.037627 	 1.324541 	 12.161648
  189 	 0.082789 	 1.170413 	 17.671931
  190 	 0.082182 	 1.230715 	 22.661704
  191 	 0.056566 	 1.272731 	 11.199567
  192 	 0.044115 	 1.302210 	 11.276273
  193 	 0.089237 	 1.149917 	 15.856375
  194 	 0.088631 	 1.198124 	 19.757119
  195 	 0.063040 	 1.254768 	 10.445240
  196 	 0.050598 	 1.272759 	 10.511853
  197 	 0.095678 	 1.133174 	 14.380154
  198 	 0.095072 	 1.244460 	 17.513739
  199 	 0.069509 	 1.238817 	 9.786856
  200 	 0.057077 	 1.255240 	 9.845239
  201 	 0.102110 	 1.119287 	 13.156358
  202 	 0.101505 	 1.220620 	 15.728993
  203 	 0.075971 	 1.224561 	 9.207251
  204 	 0.063551 	 1.236200 	 9.258837
  205 	 0.108533 	 1.095724 	 12.125422
  206 	 0.107929 	 1.186192 	 14.275393
  207 	 0.082427 	 1.224734 	 8.693124
  208 	 0.070019 	 1.248677 	 8.739030
  209 	 0.114947 	 1.091130 	 11.245156
  210 	 0.114344 	 1.169559 	 13.068694
  211 	 0.088876 	 1.212917 	 8.234010
  212 	 0.076481 	 1.235461 	 8.275122
  213 	 0.121352 	 1.082480 	 10.484838
  214 	 0.120749 	 1.155289 	 12.050993
  215 	 0.095317 	 1.202158 	 7.821561
  216 	 0.082936 	 1.223394 	 7.858590
  217 	 0.037289 	 1.064898 	 9.821568
  218 	 0.127144 	 1.142333 	 11.181181
  219 	 0.101749 	 1.434211 	 22.836999
  220 	 0.089384 	 1.204066 	 7.482557
  221 	 0.043776 	 1.058305 	 9.237925
  222 	 0.133528 	 1.202919 	 10.429265
  223 	 0.108173 	 1.392472 	 19.890150
  224 	 0.095824 	 1.193933 	 7.141421
  225 	 0.050260 	 1.052434 	 8.720425
  226 	 0.139901 	 1.189483 	 9.772847
  227 	 0.114588 	 1.358901 	 17.618125
  228 	 0.102256 	 1.182450 	 6.830562
  229 	 0.056739 	 1.046593 	 8.258463
  230 	 0.146262 	 1.178725 	 9.194867
  231 	 0.120993 	 1.332399 	 15.813075
  232 	 0.108679 	 1.173791 	 6.546145
  233 	 0.063213 	 1.041921 	 7.843587
  234 	 0.152610 	 1.167829 	 8.682100
  235 	 0.127387 	 1.308910 	 14.344561
  236 	 0.115093 	 1.165772 	 6.284954
  237 	 0.069681 	 1.037592 	 7.468977
  238 	 0.158946 	 1.157900 	 8.224134
  239 	 0.133771 	 1.288656 	 13.126586
  240 	 0.121497 	 1.158408 	 6.044277
  241 	 0.076144 	 1.033884 	 7.129071
  242 	 0.165268 	 1.148883 	 7.812662
  243 	 0.140143 	 1.269728 	 12.100154
  244 	 0.127891 	 1.150492 	 5.821804
  245 	 0.082599 	 1.031887 	 6.819284
  246 	 0.171576 	 1.142095 	 7.440977
  247 	 0.146503 	 1.254174 	 11.223443
  248 	 0.134274 	 1.143097 	 5.615564
  249 	 0.037270 	 1.017740 	 6.535805
  250 	 0.174299 	 1.135271 	 7.103601
  251 	 0.152851 	 1.483923 	 22.846601
  252 	 0.140645 	 1.138466 	 5.531001
  253 	 0.043758 	 1.015165 	 6.275442
  254 	 0.180587 	 1.128341 	 6.796018
  255 	 0.159186 	 1.438609 	 19.897429
  256 	 0.147004 	 1.132289 	 5.345110
  257 	 0.049904 	 1.012166 	 6.035496
  258 	 0.186860 	 1.120582 	 6.414187
  259 	 0.165508 	 1.403459 	 17.729122
  260 	 0.155747 	 1.126935 	 5.171709
  261 	 0.056384 	 1.008951 	 5.733674
  262 	 0.193117 	 1.114451 	 6.163458
  263 	 0.174211 	 1.372701 	 15.902369
  264 	 0.162076 	 1.118509 	 5.009594
  265 	 0.062858 	 1.007008 	 5.533705
  266 	 0.199358 	 1.113757 	 5.932054
  267 	 0.180499 	 1.340449 	 13.935721
  268 	 0.168323 	 1.113301 	 4.857710
  269 	 0.037534 	 0.994507 	 5.347630
  270 	 0.205583 	 1.106634 	 5.642604
  271 	 0.186772 	 1.557987 	 22.709756
  272 	 0.177019 	 1.108484 	 4.715130
  273 	 0.044017 	 0.992997 	 5.174062
  274 	 0.211791 	 1.101847 	 5.449020
  275 	 0.193029 	 1.495299 	 18.897624
  276 	 0.183220 	 1.103246 	 4.581035
  277 	 0.052899 	 0.990351 	 4.952229
  278 	 0.217868 	 1.097181 	 5.270926
  279 	 0.201567 	 1.453947 	 16.835436
  280 	 0.189486 	 1.098001 	 4.409793
  281 	 0.059376 	 0.988983 	 4.806144
  282 	 0.226311 	 1.092291 	 5.102397
  283 	 0.207786 	 1.418839 	 15.180125
  284 	 0.195737 	 1.093587 	 4.251497
  285 	 0.065837 	 0.987365 	 4.666660
  286 	 0.234852 	 1.087181 	 4.944694
  287 	 0.213988 	 1.381392 	 13.380249
  288 	 0.201971 	 1.088226 	 4.143322
  289 	 0.074523 	 0.984144 	 4.486559
  290 	 0.240974 	 1.082793 	 4.796819
  291 	 0.222447 	 1.354934 	 11.987158
  292 	 0.208189 	 1.085891 	 4.040825
  293 	 0.083361 	 0.983245 	 4.322517
  294 	 0.246930 	 1.078376 	 4.657892
  295 	 0.230999 	 1.331290 	 11.128331
  296 	 0.214390 	 1.082388 	 3.945857
  297 	 0.089789 	 0.982770 	 4.168415
  298 	 0.253014 	 1.075602 	 4.527135
  299 	 0.239388 	 1.308598 	 10.132848
  300 	 0.220457 	 1.075433 	 3.853363
  301 	 0.098602 	 0.980462 	 4.066888
  302 	 0.258916 	 1.072605 	 4.406124
  303 	 0.245351 	 1.288956 	 9.302122
  304 	 0.226499 	 1.072136 	 3.733913
  305 	 0.107400 	 0.981156 	 3.970596
  306 	 0.267350 	 1.069110 	 4.248100
  307 	 0.251288 	 1.270896 	 8.598481
  308 	 0.235040 	 1.068338 	 3.619907
  309 	 0.116179 	 0.979808 	 3.843373
  310 	 0.275755 	 1.065860 	 4.099373
  311 	 0.259587 	 1.255697 	 8.065856
  312 	 0.243476 	 1.065280 	 3.513024
  313 	 0.123843 	 0.971660 	 3.724575
  314 	 0.283936 	 1.057983 	 3.962334
  315 	 0.268098 	 1.261126 	 7.533367
  316 	 0.251963 	 1.081898 	 3.414884
  317 	 0.132586 	 0.971328 	 3.641683
  318 	 0.292075 	 1.055234 	 3.869023
  319 	 0.273929 	 1.250197 	 7.189789
  320 	 0.257943 	 1.079211 	 3.322540
  321 	 0.138961 	 0.970870 	 3.565967
  322 	 0.300170 	 1.051880 	 3.747520
  323 	 0.279731 	 1.239769 	 6.874718
  324 	 0.266381 	 1.076551 	 3.235508
  325 	 0.145272 	 0.969222 	 3.464635
  326 	 0.308451 	 1.048346 	 3.664599
  327 	 0.288090 	 1.229651 	 6.486243
  328 	 0.272220 	 1.075220 	 3.175099
  329 	 0.154018 	 0.968474 	 3.367114
  330 	 0.314070 	 1.046316 	 3.587830
  331 	 0.296418 	 1.219395 	 6.138052
  332 	 0.278030 	 1.072366 	 3.096258
  333 	 0.037640 	 0.957966 	 3.275273
  334 	 0.322045 	 1.044289 	 3.514564
  335 	 0.304491 	 1.450194 	 22.655291
  336 	 0.284005 	 1.070365 	 3.043725
  337 	 0.044127 	 0.957807 	 3.190906
  338 	 0.327587 	 1.041826 	 3.442280
  339 	 0.312519 	 1.410144 	 19.752247
  340 	 0.289958 	 1.068331 	 2.993233
  341 	 0.050610 	 0.957399 	 3.111204
  342 	 0.333097 	 1.039972 	 3.373164
  343 	 0.320749 	 1.378076 	 17.509913
  344 	 0.295887 	 1.066029 	 2.924006
  345 	 0.057089 	 0.957154 	 3.033531
  346 	 0.341238 	 1.038314 	 3.307016
  347 	 0.328944 	 1.351545 	 15.725910
  348 	 0.301794 	 1.064056 	 2.875728
  349 	 0.063563 	 0.957087 	 2.959945
  350 	 0.346954 	 1.036612 	 3.243654
  351 	 0.337104 	 1.328775 	 14.272856
  352 	 0.307678 	 1.062086 	 2.829224
  353 	 0.070031 	 0.957020 	 2.910329
  354 	 0.352644 	 1.035224 	 3.182912
  355 	 0.342838 	 1.309666 	 13.066569
  356 	 0.313537 	 1.060026 	 2.784402
  357 	 0.076493 	 0.957184 	 2.862556
  358 	 0.358307 	 1.034007 	 3.124635
  359 	 0.348547 	 1.292101 	 12.049188
  360 	 0.319373 	 1.057988 	 2.741174
  361 	 0.082948 	 0.957349 	 2.816531
  362 	 0.363944 	 1.032632 	 3.068680
  363 	 0.128168 	 1.267224 	 11.179629
  364 	 0.325184 	 1.056561 	 2.699462
  365 	 0.089396 	 1.029312 	 7.425648
  366 	 0.369554 	 1.031273 	 3.014915
  367 	 0.134507 	 1.254163 	 10.427916
  368 	 0.330971 	 1.054913 	 2.659190
  369 	 0.095837 	 1.025527 	 7.091837
  370 	 0.375137 	 1.029561 	 2.963220
  371 	 0.140878 	 1.241841 	 9.771664
  372 	 0.336732 	 1.053336 	 2.620288
  373 	 0.102269 	 1.022519 	 6.785270
  374 	 0.380693 	 1.028805 	 2.913480
  375 	 0.147237 	 1.231109 	 9.193821
  376 	 0.342468 	 1.051773 	 2.582691
  377 	 0.108692 	 1.019354 	 6.504613
  378 	 0.386221 	 1.027592 	 2.865592
  379 	 0.153584 	 1.221254 	 8.681169
  380 	 0.348178 	 1.050298 	 2.546337
  381 	 0.115106 	 1.016494 	 6.246737
  382 	 0.391721 	 1.026468 	 2.819456
  383 	 0.159917 	 1.212219 	 8.223299
  384 	 0.353863 	 1.048839 	 2.511168
  385 	 0.121510 	 1.013838 	 6.008995
  386 	 0.397193 	 1.025388 	 2.774983
  387 	 0.166237 	 1.203864 	 7.811911
  388 	 0.359520 	 1.047428 	 2.477130
  389 	 0.127903 	 1.011395 	 5.789135
  390 	 0.402636 	 1.024349 	 2.732088
  391 	 0.172544 	 1.196106 	 7.440297
  392 	 0.365152 	 1.046064 	 2.444172
  393 	 0.134286 	 1.009144 	 5.585230
  394 	 0.408051 	 1.023350 	 2.690692
  395 	 0.178836 	 1.188875 	 7.102982
  396 	 0.370756 	 1.044744 	 2.412247
  397 	 0.140657 	 1.007065 	 5.395619
  398 	 0.413437 	 1.022388 	 2.650720
  399 	 0.185113 	 1.182112 	 6.795452
 