   0 	 0.014441 	 0.068191 	 0.809782
    1 	 0.021019 	 0.163601 	 0.809782
    2 	 0.028233 	 0.408320 	 1.041759
    3 	 0.037640 	 0.589469 	 1.159328
    4 	 0.038674 	 0.586746 	 1.291301
    5 	 0.042894 	 0.536339 	 1.248226
    6 	 0.043459 	 0.519089 	 0.983334
    7 	 0.043957 	 0.551963 	 1.054346
    8 	 0.044348 	 0.601075 	 1.582464
    9 	 0.309431 	 0.614302 	 1.131055
   10 	 0.046237 	 0.600809 	 1.568264
   11 	 0.198032 	 0.618106 	 1.125579
   12 	 0.041739 	 0.634605 	 1.191702
   13 	 0.210244 	 0.663503 	 1.207302
   14 	 0.040921 	 0.626646 	 1.133311
   15 	 0.041183 	 0.715523 	 1.540700
   16 	 0.162044 	 0.787728 	 2.511916
   17 	 0.156047 	 0.791084 	 2.503426
   18 	 0.300435 	 0.808205 	 1.922116
   19 	 0.038439 	 0.767286 	 1.614832
   20 	 0.240608 	 0.806221 	 1.580941
   21 	 0.260822 	 0.910593 	 2.639821
   22 	 0.155694 	 0.846139 	 1.746093
   23 	 0.040940 	 0.809293 	 1.637916
   24 	 0.154285 	 0.827490 	 2.008864
   25 	 0.045931 	 0.891004 	 2.575727
   26 	 0.427174 	 0.896721 	 2.026411
   27 	 0.151718 	 0.851631 	 2.507327
   28 	 0.422153 	 0.833862 	 1.281929
   29 	 0.352184 	 0.882345 	 1.981698
   30 	 0.611685 	 0.863370 	 1.302796
   31 	 0.432190 	 0.838080 	 1.461383
   32 	 0.604326 	 0.838022 	 1.031157
   33 	 0.557574 	 0.859933 	 1.300070
   34 	 0.716509 	 0.855586 	 1.063909
   35 	 0.612682 	 0.842330 	 1.124007
   36 	 0.242284 	 0.834203 	 0.972385
   37 	 0.684319 	 0.852054 	 1.035645
   38 	 0.766586 	 0.861909 	 1.803805
   39 	 0.725666 	 0.841966 	 0.978264
   40 	 0.468186 	 0.836578 	 0.910178
   41 	 0.763147 	 0.846929 	 0.944675
   42 	 0.798545 	 0.852081 	 1.234133
   43 	 0.783224 	 0.841836 	 0.913037
   44 	 0.630107 	 0.839086 	 0.876697
   45 	 0.796726 	 0.846246 	 0.896601
   46 	 0.816504 	 0.848248 	 1.039278
   47 	 0.813868 	 0.842240 	 0.882374
   48 	 0.723915 	 0.840146 	 0.872343
   49 	 0.810971 	 0.844728 	 0.874519
   50 	 0.814516 	 0.845842 	 0.918767
   51 	 0.811748 	 0.843202 	 0.870529
   52 	 0.793105 	 0.842954 	 0.870010
   53 	 0.572844 	 0.843161 	 0.867109
   54 	 0.810038 	 0.846490 	 0.888727
   55 	 0.813277 	 0.846658 	 1.092963
   56 	 0.816865 	 0.844208 	 0.875551
   57 	 0.701723 	 0.844129 	 0.873286
   58 	 0.817639 	 0.847631 	 0.880571
   59 	 0.812070 	 0.849040 	 0.958017
   60 	 0.816326 	 0.846159 	 0.885160
   61 	 0.787329 	 0.847018 	 0.879907
   62 	 0.800217 	 0.848322 	 0.879970
   63 	 0.817902 	 0.845491 	 0.893313
   64 	 0.806156 	 0.844297 	 0.883145
   65 	 0.806576 	 0.845280 	 0.876039
   66 	 0.816434 	 0.843651 	 0.886324
   67 	 0.810464 	 0.843836 	 0.879716
   68 	 0.292830 	 0.839434 	 0.885506
   69 	 0.661074 	 0.840045 	 0.880889
   70 	 0.671130 	 0.849026 	 1.626201
   71 	 0.313387 	 0.837337 	 1.010720
   72 	 0.317657 	 0.838908 	 1.006816
   73 	 0.301480 	 0.849262 	 1.520019
   74 	 0.303928 	 0.855041 	 1.515711
   75 	 0.539922 	 0.858420 	 1.566554
   76 	 0.541181 	 0.850835 	 1.597373
   77 	 0.527451 	 0.847047 	 1.160063
   78 	 0.523705 	 0.851344 	 1.171947
   79 	 0.679273 	 0.854424 	 1.174291
   80 	 0.673833 	 0.851022 	 1.196452
   81 	 0.668275 	 0.849898 	 1.008703
   82 	 0.662887 	 0.851808 	 0.984317
   83 	 0.751426 	 0.852210 	 0.998609
   84 	 0.040433 	 0.842463 	 1.015241
   85 	 0.745874 	 0.850340 	 0.931510
   86 	 0.747752 	 0.871088 	 2.684326
   87 	 0.785170 	 0.851247 	 0.940782
   88 	 0.332621 	 0.844313 	 0.917556
   89 	 0.782196 	 0.849772 	 0.903122
   90 	 0.800221 	 0.857442 	 1.527369
   91 	 0.803070 	 0.850570 	 0.905555
   92 	 0.540696 	 0.847130 	 0.891011
   93 	 0.807980 	 0.849992 	 0.873233
   94 	 0.824327 	 0.855254 	 1.159023
   95 	 0.828807 	 0.855089 	 1.050902
   96 	 0.670636 	 0.848976 	 1.049744
   97 	 0.566008 	 0.849370 	 1.063850
   98 	 0.718472 	 0.865184 	 1.075396
   99 	 0.726771 	 0.859177 	 1.125990
  100 	 0.715565 	 0.854435 	 1.064525
  101 	 0.038241 	 0.862005 	 1.071066
  102 	 0.699153 	 0.880243 	 1.077746
  103 	 0.693723 	 0.896118 	 2.629217
  104 	 0.706579 	 0.891522 	 1.216809
  105 	 0.365321 	 0.909557 	 1.258459
  106 	 0.665888 	 0.921048 	 1.223273
  107 	 0.624782 	 0.929925 	 1.476187
  108 	 0.112247 	 0.933927 	 1.304141
  109 	 0.038493 	 0.944100 	 1.359283
  110 	 0.657243 	 0.958553 	 4.481341
  111 	 0.650408 	 0.983381 	 7.173954
  112 	 0.217759 	 0.934194 	 1.292222
  113 	 0.133582 	 0.953164 	 1.331012
  114 	 0.623316 	 0.947625 	 3.068817
  115 	 0.604920 	 0.953150 	 2.194515
  116 	 0.294906 	 0.954846 	 1.380803
  117 	 0.433761 	 0.936929 	 1.397000
  118 	 0.670375 	 0.939654 	 1.620731
  119 	 0.667601 	 0.954166 	 1.870343
  120 	 0.577490 	 0.955446 	 1.296555
  121 	 0.507294 	 0.937178 	 1.301234
  122 	 0.671335 	 0.925504 	 1.290948
  123 	 0.661504 	 0.952340 	 1.617614
  124 	 0.688670 	 0.965264 	 1.294943
  125 	 0.581898 	 0.950591 	 1.303486
  126 	 0.665805 	 0.946465 	 1.250671
  127 	 0.712055 	 0.965491 	 1.464562
  128 	 0.739880 	 0.966661 	 1.304282
  129 	 0.113591 	 0.942920 	 1.230081
  130 	 0.711651 	 0.947224 	 1.189372
  131 	 0.745723 	 1.003017 	 4.662198
  132 	 0.314635 	 0.956239 	 1.215729
  133 	 0.209947 	 0.940018 	 1.181164
  134 	 0.759515 	 0.961340 	 2.406534
  135 	 0.779993 	 0.983964 	 3.116745
  136 	 0.397230 	 0.954016 	 1.162230
  137 	 0.310786 	 0.941461 	 1.135212
  138 	 0.791684 	 0.957894 	 2.007509
  139 	 0.808988 	 0.973019 	 2.429035
  140 	 0.472052 	 0.952492 	 1.120342
  141 	 0.395267 	 0.942700 	 1.099037
  142 	 0.818838 	 0.955429 	 1.745346
  143 	 0.826490 	 0.966594 	 1.975632
  144 	 0.541640 	 0.951082 	 1.075571
  145 	 0.479264 	 0.942817 	 1.078296
  146 	 0.850000 	 0.953524 	 1.556325
  147 	 0.840904 	 0.962591 	 1.723650
  148 	 0.117550 	 0.941714 	 1.051636
  149 	 0.548080 	 0.943760 	 1.061792
  150 	 0.860188 	 0.992015 	 4.577702
  151 	 0.860073 	 0.959008 	 1.517496
  152 	 0.213739 	 0.942503 	 1.040487
  153 	 0.617896 	 0.945012 	 1.040612
  154 	 0.876127 	 0.975942 	 3.178246
  155 	 0.876031 	 0.957296 	 1.372126
  156 	 0.304957 	 0.943870 	 1.023513
  157 	 0.678875 	 0.946324 	 1.023613
  158 	 0.889353 	 0.968116 	 2.463920
  159 	 0.889274 	 0.955897 	 1.282422
  160 	 0.389891 	 0.944940 	 1.009843
  161 	 0.722898 	 0.945624 	 1.009924
  162 	 0.900298 	 0.963414 	 2.037528
  163 	 0.899373 	 0.956721 	 1.213891
  164 	 0.467633 	 0.945521 	 0.998803
  165 	 0.312818 	 0.941103 	 0.999727
  166 	 0.909336 	 0.960019 	 1.758912
  167 	 0.908573 	 0.970096 	 2.417108
  168 	 0.534813 	 0.944665 	 0.989868
  169 	 0.395568 	 0.940492 	 0.990616
  170 	 0.039131 	 0.947782 	 1.548675
  171 	 0.778490 	 0.963071 	 2.014227
  172 	 0.606217 	 1.011705 	 7.141286
  173 	 0.472785 	 0.943461 	 1.137153
  174 	 0.138080 	 0.943455 	 1.394473
  175 	 0.779792 	 0.956247 	 1.743118
  176 	 0.668730 	 0.980800 	 4.184455
  177 	 0.539369 	 0.947245 	 1.135471
  178 	 0.233353 	 0.945859 	 1.299327
  179 	 0.788057 	 0.954308 	 1.537825
  180 	 0.714170 	 0.972741 	 2.991748
  181 	 0.610231 	 0.949638 	 1.124914
  182 	 0.323348 	 0.946249 	 1.226888
  183 	 0.787740 	 0.953861 	 1.406211
  184 	 0.753132 	 0.965654 	 2.357115
  185 	 0.663521 	 0.951214 	 1.125315
  186 	 0.406832 	 0.944684 	 1.170916
  187 	 0.619506 	 0.945570 	 1.308180
  188 	 0.786277 	 0.966246 	 1.969542
  189 	 0.709683 	 0.961054 	 1.388106
  190 	 0.482989 	 0.945536 	 1.127171
  191 	 0.671589 	 0.945927 	 1.233680
  192 	 0.814285 	 0.961977 	 1.712656
  193 	 0.749299 	 0.958633 	 1.294517
  194 	 0.551403 	 0.946102 	 1.092675
  195 	 0.716632 	 0.946559 	 1.176195
  196 	 0.837819 	 0.959285 	 1.533030
  197 	 0.783027 	 0.956777 	 1.223194
  198 	 0.612021 	 0.946535 	 1.065281
  199 	 0.755233 	 0.947298 	 1.131315
  200 	 0.791452 	 0.955712 	 1.402680
  201 	 0.341101 	 0.946322 	 1.168043
  202 	 0.665080 	 0.948981 	 1.120634
  203 	 0.788058 	 0.964160 	 2.262440
  204 	 0.818643 	 0.954464 	 1.305518
  205 	 0.423130 	 0.946654 	 1.124913
  206 	 0.711026 	 0.947211 	 1.087497
  207 	 0.764737 	 0.956366 	 1.899227
  208 	 0.764792 	 0.953455 	 1.231639
  209 	 0.499968 	 0.951408 	 1.155219
  210 	 0.750447 	 0.950017 	 1.155145
  211 	 0.796103 	 0.954554 	 1.664259
  212 	 0.796150 	 0.952891 	 1.174609
  213 	 0.566521 	 0.951112 	 1.114824
  214 	 0.784001 	 0.950084 	 1.114766
  215 	 0.113175 	 0.944164 	 1.498304
  216 	 0.822595 	 0.952451 	 1.130070
  217 	 0.625311 	 0.992211 	 4.671268
  218 	 0.812367 	 0.950138 	 1.082843
  219 	 0.209548 	 0.937611 	 1.377010
  220 	 0.844778 	 0.952082 	 1.094970
  221 	 0.038404 	 0.980841 	 3.221149
  222 	 0.836211 	 0.950208 	 1.057443
  223 	 0.301019 	 1.006666 	 7.178561
  224 	 0.811794 	 0.950269 	 1.067109
  225 	 0.137373 	 0.969694 	 2.488064
  226 	 0.813097 	 0.947260 	 1.095658
  227 	 0.386255 	 0.975260 	 4.196872
  228 	 0.835731 	 0.955128 	 1.094096
  229 	 0.232679 	 0.960418 	 2.052735
  230 	 0.836823 	 0.947822 	 1.067657
  231 	 0.464331 	 0.969599 	 2.997794
  232 	 0.855757 	 0.954259 	 1.066413
  233 	 0.322717 	 0.956593 	 1.769188
  234 	 0.856668 	 0.948238 	 1.045307
  235 	 0.534734 	 0.962661 	 2.360626
  236 	 0.872443 	 0.953642 	 1.044312
  237 	 0.406252 	 0.954280 	 1.573232
  238 	 0.873201 	 0.948669 	 1.027388
  239 	 0.597324 	 0.958602 	 1.971795
  240 	 0.886299 	 0.953091 	 1.026588
  241 	 0.482464 	 0.952832 	 1.432204
  242 	 0.886928 	 0.949035 	 1.012967
  243 	 0.652271 	 0.956094 	 1.714197
  244 	 0.897773 	 0.952653 	 1.012322
  245 	 0.550935 	 0.951927 	 1.327719
  246 	 0.898293 	 0.949343 	 1.001329
  247 	 0.699977 	 0.954478 	 1.534131
  248 	 0.113202 	 0.942992 	 1.000808
  249 	 0.611609 	 0.951366 	 1.248632
  250 	 0.907682 	 0.990936 	 4.670669
  251 	 0.740998 	 0.953406 	 1.403491
  252 	 0.209575 	 0.943783 	 0.991491
  253 	 0.664721 	 0.951025 	 1.187793
  254 	 0.812136 	 0.973841 	 3.220876
  255 	 0.775980 	 0.952473 	 1.306130
  256 	 0.301044 	 0.945567 	 1.095247
  257 	 0.038407 	 0.940751 	 1.140407
  258 	 0.038403 	 0.946210 	 2.487911
  259 	 0.805603 	 1.021401 	 7.178410
  260 	 0.386278 	 1.084429 	 7.178607
  261 	 0.137376 	 0.941656 	 1.103141
  262 	 0.137372 	 0.943815 	 2.052639
  263 	 0.830537 	 0.987913 	 4.196822
  264 	 0.464352 	 1.018750 	 4.196887
  265 	 0.232681 	 0.942664 	 1.073610
  266 	 0.232678 	 0.942985 	 1.769123
  267 	 0.851419 	 0.974333 	 2.997770
  268 	 0.534753 	 0.992988 	 2.997802
  269 	 0.322719 	 0.943647 	 1.050069
  270 	 0.121654 	 0.933477 	 1.573186
  271 	 0.121655 	 0.957857 	 2.360612
  272 	 0.597341 	 1.018637 	 4.493297
  273 	 0.406254 	 0.983936 	 4.493284
  274 	 0.217666 	 0.935027 	 1.432171
  275 	 0.217667 	 0.952929 	 1.971786
  276 	 0.652286 	 0.992278 	 3.139069
  277 	 0.482466 	 0.971350 	 3.139063
  278 	 0.308645 	 0.939933 	 1.327694
  279 	 0.308646 	 0.951241 	 1.714191
  280 	 0.699989 	 0.979708 	 2.441735
  281 	 0.550937 	 0.964071 	 2.441732
  282 	 0.393293 	 0.941030 	 1.248613
  283 	 0.393293 	 0.950326 	 1.534127
  284 	 0.040318 	 0.961654 	 2.023502
  285 	 0.611611 	 0.959871 	 2.023500
  286 	 0.470721 	 1.010428 	 7.081241
  287 	 0.470721 	 0.950024 	 1.403488
  288 	 0.139234 	 0.957478 	 1.749412
  289 	 0.664722 	 0.957092 	 1.749411
  290 	 0.334046 	 0.972152 	 4.164339
  291 	 0.540450 	 0.949185 	 1.306127
  292 	 0.234453 	 0.969833 	 2.299137
  293 	 0.710718 	 0.955954 	 1.559212
  294 	 0.416660 	 0.960982 	 2.981930
  295 	 0.602369 	 0.949193 	 1.232106
  296 	 0.324377 	 0.964046 	 1.932143
  297 	 0.750184 	 0.954495 	 1.421931
  298 	 0.039177 	 0.945638 	 2.351407
  299 	 0.656672 	 0.949505 	 1.174972
  300 	 0.407779 	 1.025304 	 7.138947
  301 	 0.619046 	 0.949927 	 1.320007
  302 	 0.138124 	 0.945235 	 1.965876
  303 	 0.703776 	 0.954419 	 1.388994
  304 	 0.483845 	 0.995312 	 4.183674
  305 	 0.671189 	 0.949925 	 1.242737
  306 	 0.233395 	 0.935073 	 1.294919
  307 	 0.619224 	 0.942458 	 1.295188
  308 	 0.619231 	 0.980797 	 2.991367
  309 	 0.716287 	 0.962394 	 1.388650
  310 	 0.323387 	 0.941225 	 1.388636
  311 	 0.671344 	 0.942866 	 1.223710
  312 	 0.039258 	 0.960701 	 2.356894
  313 	 0.754939 	 0.961443 	 1.294928
  314 	 0.406869 	 1.012555 	 7.134811
  315 	 0.716421 	 0.943898 	 1.168444
  316 	 0.138203 	 0.956295 	 1.969400
  317 	 0.787809 	 0.959604 	 1.223510
  318 	 0.479501 	 0.981078 	 4.182293
  319 	 0.755053 	 0.944828 	 1.125228
  320 	 0.039480 	 0.941237 	 1.722946
  321 	 0.815575 	 0.958038 	 1.168288
  322 	 0.548292 	 1.039019 	 7.123537
  323 	 0.038420 	 0.935614 	 1.091137
  324 	 0.138419 	 0.939660 	 1.540377
  325 	 0.812397 	 1.024302 	 7.177737
  326 	 0.113199 	 0.991862 	 4.178524
  327 	 0.137388 	 0.939143 	 1.094934
  328 	 0.233676 	 0.981682 	 4.670747
  329 	 0.836236 	 0.990230 	 4.196598
  330 	 0.209571 	 0.968228 	 2.988855
  331 	 0.117848 	 0.924236 	 1.067081
  332 	 0.323650 	 0.983559 	 3.220911
  333 	 0.856179 	 1.033379 	 4.571480
  334 	 0.301041 	 0.960377 	 2.355435
  335 	 0.214024 	 0.927587 	 1.044846
  336 	 0.407111 	 0.971666 	 2.487930
  337 	 0.872794 	 1.005464 	 3.175374
  338 	 0.386275 	 0.955999 	 1.968463
  339 	 0.305225 	 0.930688 	 1.027017
  340 	 0.483241 	 0.964750 	 2.052652
  341 	 0.886590 	 0.989679 	 2.462298
  342 	 0.464349 	 0.952742 	 1.711917
  343 	 0.390138 	 0.931452 	 1.012669
  344 	 0.551628 	 0.962405 	 1.769131
  345 	 0.898014 	 0.981824 	 2.036504
  346 	 0.117984 	 0.941977 	 1.532502
  347 	 0.467857 	 0.934255 	 1.001087
  348 	 0.612219 	 0.999148 	 4.568624
  349 	 0.907451 	 0.974357 	 1.758220
  350 	 0.213994 	 0.942125 	 1.402291
  351 	 0.536878 	 0.936721 	 0.991718
  352 	 0.665252 	 0.981393 	 3.175671
  353 	 0.039329 	 0.959085 	 1.567943
  354 	 0.305197 	 0.942683 	 1.305225
  355 	 0.599218 	 1.007303 	 7.131189
  356 	 0.711175 	 0.971759 	 2.462466
  357 	 0.138273 	 0.956157 	 1.428332
  358 	 0.389580 	 0.943279 	 1.231414
  359 	 0.653923 	 0.976450 	 4.181082
  360 	 0.750574 	 0.965995 	 2.038819
  361 	 0.233537 	 0.947342 	 1.324814
  362 	 0.467351 	 0.944448 	 1.169627
  363 	 0.701403 	 0.980858 	 2.990103
  364 	 0.787075 	 0.962176 	 1.759786
  365 	 0.323520 	 0.939956 	 1.246412
  366 	 0.537436 	 0.945113 	 1.126158
  367 	 0.740296 	 0.985883 	 2.356160
  368 	 0.814958 	 0.959575 	 1.566573
  369 	 0.406991 	 0.940929 	 1.188784
  370 	 0.599710 	 0.945755 	 1.091873
  371 	 0.775384 	 0.975424 	 1.968929
  372 	 0.835930 	 0.957566 	 1.427328
  373 	 0.482316 	 0.941968 	 1.141183
  374 	 0.654353 	 0.946276 	 1.067430
  375 	 0.802837 	 0.968863 	 1.714630
  376 	 0.855923 	 0.955931 	 1.324060
  377 	 0.550803 	 0.943004 	 1.106517
  378 	 0.701774 	 0.947683 	 1.045126
  379 	 0.828214 	 0.964783 	 1.534441
  380 	 0.869924 	 0.955102 	 1.245836
  381 	 0.611493 	 0.944419 	 1.076294
  382 	 0.742536 	 0.947986 	 1.030053
  383 	 0.849478 	 0.960904 	 1.403719
  384 	 0.118018 	 0.944279 	 1.185626
  385 	 0.663078 	 0.944844 	 1.052213
  386 	 0.317275 	 0.981360 	 4.567924
  387 	 0.316331 	 0.949772 	 1.308939
  388 	 0.214187 	 0.959119 	 2.391346
  389 	 0.709301 	 0.963786 	 2.396753
  390 	 0.401244 	 0.969140 	 3.173731
  391 	 0.400376 	 0.949131 	 1.234262
  392 	 0.305378 	 0.955221 	 1.977675
  393 	 0.748973 	 0.959402 	 1.994910
  394 	 0.480290 	 0.961776 	 2.461370
  395 	 0.477142 	 0.948839 	 1.176647
  396 	 0.116114 	 0.944761 	 1.710308
  397 	 0.780612 	 0.956468 	 1.729977
  398 	 0.551053 	 0.997032 	 4.607990
  399 	 0.546186 	 0.948750 	 1.134415
 