   0 	 0.015131 	 0.057994 	 0.279595
    1 	 0.015131 	 0.113870 	 0.935542
    2 	 0.024878 	 0.263844 	 1.156459
    3 	 0.038417 	 0.484500 	 2.278355
    4 	 0.038117 	 0.726034 	 3.071063
    5 	 0.037698 	 0.829881 	 4.093859
    6 	 0.037489 	 0.899474 	 4.089443
    7 	 0.048994 	 0.952146 	 4.239898
    8 	 0.040048 	 0.996261 	 4.425001
    9 	 0.134765 	 0.975625 	 5.709011
   10 	 0.216755 	 1.003852 	 4.292811
   11 	 0.169563 	 1.012491 	 3.030626
   12 	 0.210154 	 0.964628 	 2.479820
   13 	 0.316784 	 0.937964 	 2.726556
   14 	 0.383330 	 0.964442 	 2.508441
   15 	 0.342260 	 0.966235 	 1.935045
   16 	 0.370406 	 0.934290 	 1.754911
   17 	 0.414672 	 0.906850 	 1.891218
   18 	 0.515089 	 0.925352 	 1.768015
   19 	 0.481575 	 0.943036 	 1.639688
   20 	 0.043393 	 0.919666 	 1.932033
   21 	 0.546990 	 0.897997 	 1.496837
   22 	 0.468486 	 0.953322 	 4.212429
   23 	 0.590864 	 0.929111 	 1.347364
   24 	 0.226879 	 0.908670 	 1.504695
   25 	 0.630253 	 0.905722 	 1.288388
   26 	 0.591298 	 0.937763 	 2.858946
   27 	 0.678018 	 0.920636 	 1.211456
   28 	 0.327424 	 0.901257 	 1.273402
   29 	 0.355021 	 0.895698 	 1.155512
   30 	 0.351048 	 0.922029 	 1.945814
   31 	 0.398355 	 0.925812 	 1.697732
   32 	 0.469238 	 0.917023 	 2.065058
   33 	 0.531059 	 0.910526 	 1.689032
   34 	 0.444295 	 0.919913 	 1.527795
   35 	 0.533523 	 0.921645 	 1.310515
   36 	 0.603211 	 0.910368 	 1.572340
   37 	 0.694196 	 0.909583 	 1.391743
   38 	 0.567911 	 0.919127 	 1.199025
   39 	 0.632174 	 0.919400 	 1.137015
   40 	 0.720500 	 0.909595 	 1.312490
   41 	 0.789257 	 0.906499 	 1.318785
   42 	 0.662388 	 0.908982 	 1.176194
   43 	 0.660509 	 0.911537 	 1.066064
   44 	 0.728123 	 0.912643 	 1.115589
   45 	 0.827721 	 0.913706 	 1.134419
   46 	 0.764942 	 0.913406 	 1.090961
   47 	 0.639190 	 0.908862 	 1.043709
   48 	 0.779629 	 0.915999 	 1.049307
   49 	 0.037565 	 0.915957 	 1.300069
   50 	 0.807881 	 0.915076 	 1.034282
   51 	 0.671786 	 0.950498 	 4.478980
   52 	 0.812029 	 0.917729 	 1.038158
   53 	 0.216798 	 0.915857 	 1.162404
   54 	 0.791808 	 0.920269 	 1.061538
   55 	 0.740026 	 0.935996 	 2.464886
   56 	 0.798320 	 0.921358 	 1.080605
   57 	 0.377275 	 0.917047 	 1.076976
   58 	 0.784311 	 0.916584 	 1.029417
   59 	 0.792220 	 0.925413 	 1.750470
   60 	 0.798472 	 0.917896 	 1.076937
   61 	 0.514782 	 0.921042 	 1.062240
   62 	 0.784598 	 0.926050 	 1.073339
   63 	 0.799527 	 0.924955 	 1.556464
   64 	 0.788247 	 0.920251 	 1.082346
   65 	 0.571147 	 0.921105 	 1.075816
   66 	 0.786630 	 0.922015 	 1.074941
   67 	 0.792697 	 0.925997 	 1.316402
   68 	 0.787810 	 0.919696 	 1.057691
   69 	 0.662075 	 0.914341 	 1.057985
   70 	 0.804511 	 0.914514 	 1.027211
   71 	 0.830532 	 0.920595 	 1.273925
   72 	 0.818591 	 0.922405 	 1.058122
   73 	 0.682116 	 0.917978 	 1.029364
   74 	 0.801910 	 0.918742 	 1.022459
   75 	 0.823002 	 0.922480 	 1.141401
   76 	 0.821788 	 0.922796 	 1.047146
   77 	 0.746826 	 0.920315 	 1.056745
   78 	 0.811132 	 0.917649 	 1.050654
   79 	 0.804865 	 0.923096 	 1.140478
   80 	 0.812940 	 0.928778 	 1.062551
   81 	 0.749357 	 0.926685 	 1.029375
   82 	 0.822035 	 0.923583 	 1.058749
   83 	 0.822995 	 0.925692 	 1.146451
   84 	 0.831041 	 0.931220 	 1.049940
   85 	 0.783422 	 0.932053 	 1.049324
   86 	 0.834066 	 0.927910 	 1.044341
   87 	 0.042088 	 0.920032 	 1.056837
   88 	 0.828222 	 0.933826 	 1.040056
   89 	 0.799464 	 0.973021 	 4.235709
   90 	 0.823941 	 0.922511 	 1.026677
   91 	 0.229058 	 0.910128 	 1.072197
   92 	 0.833913 	 0.935430 	 1.040025
   93 	 0.797763 	 0.959384 	 2.363743
   94 	 0.817484 	 0.919814 	 1.033701
   95 	 0.401004 	 0.914388 	 1.077861
   96 	 0.814530 	 0.930005 	 1.055427
   97 	 0.786249 	 0.942045 	 1.723990
   98 	 0.803647 	 0.921919 	 1.028668
   99 	 0.539261 	 0.919895 	 1.091406
  100 	 0.819170 	 0.937422 	 1.071068
  101 	 0.800412 	 0.941259 	 1.467021
  102 	 0.790471 	 0.921120 	 1.053108
  103 	 0.626166 	 0.917984 	 1.072948
  104 	 0.810419 	 0.933155 	 1.038809
  105 	 0.129028 	 0.935514 	 1.322461
  106 	 0.814791 	 0.927441 	 1.040451
  107 	 0.674372 	 0.946332 	 3.095710
  108 	 0.841919 	 0.938208 	 1.058435
  109 	 0.310009 	 0.941118 	 1.243206
  110 	 0.841159 	 0.930905 	 1.028892
  111 	 0.695795 	 0.939452 	 2.272679
  112 	 0.839061 	 0.938790 	 1.029697
  113 	 0.415648 	 0.939301 	 1.210955
  114 	 0.836332 	 0.930023 	 1.016059
  115 	 0.711767 	 0.935962 	 1.831339
  116 	 0.517448 	 0.934472 	 1.034841
  117 	 0.509856 	 0.938342 	 1.187978
  118 	 0.842988 	 0.939794 	 1.544525
  119 	 0.758738 	 0.936788 	 1.562852
  120 	 0.597184 	 0.935020 	 1.027762
  121 	 0.590719 	 0.939597 	 1.125191
  122 	 0.848198 	 0.939715 	 1.375167
  123 	 0.796692 	 0.936789 	 1.387503
  124 	 0.131904 	 0.926989 	 1.022288
  125 	 0.658977 	 0.937479 	 1.079107
  126 	 0.863563 	 0.970623 	 3.818184
  127 	 0.827056 	 0.937505 	 1.267464
  128 	 0.253281 	 0.928912 	 1.006479
  129 	 0.105329 	 0.926885 	 1.044871
  130 	 0.865738 	 0.953706 	 2.609051
  131 	 0.851158 	 0.974189 	 4.249377
  132 	 0.365090 	 0.930778 	 1.004280
  133 	 0.228343 	 0.926636 	 1.019204
  134 	 0.874485 	 0.945881 	 1.788621
  135 	 0.870167 	 0.957478 	 2.790622
  136 	 0.504383 	 0.926835 	 0.995535
  137 	 0.342393 	 0.924846 	 0.999833
  138 	 0.665577 	 0.942004 	 1.576335
  139 	 0.690523 	 0.948905 	 2.116882
  140 	 0.586051 	 0.933907 	 1.256950
  141 	 0.444824 	 0.932587 	 1.218734
  142 	 0.721007 	 0.940627 	 1.396548
  143 	 0.741436 	 0.944636 	 1.739664
  144 	 0.655073 	 0.934731 	 1.175079
  145 	 0.534856 	 0.932867 	 1.069020
  146 	 0.765533 	 0.938440 	 1.273767
  147 	 0.834014 	 0.941333 	 1.504086
  148 	 0.712369 	 0.935141 	 1.116653
  149 	 0.611963 	 0.932180 	 1.037329
  150 	 0.280791 	 0.927349 	 1.187128
  151 	 0.856656 	 0.938513 	 1.347776
  152 	 0.724046 	 0.954167 	 2.434326
  153 	 0.676692 	 0.936294 	 1.013524
  154 	 0.389966 	 0.930569 	 1.170897
  155 	 0.874490 	 0.939054 	 1.237788
  156 	 0.768700 	 0.949308 	 1.923202
  157 	 0.731107 	 0.936298 	 0.994342
  158 	 0.487044 	 0.931650 	 1.112718
  159 	 0.889409 	 0.938521 	 1.161295
  160 	 0.804688 	 0.945375 	 1.620630
  161 	 0.774416 	 0.936184 	 0.966302
  162 	 0.363119 	 0.927667 	 1.076457
  163 	 0.842378 	 0.938518 	 1.105686
  164 	 0.828873 	 0.956799 	 2.027906
  165 	 0.809267 	 0.938026 	 1.063002
  166 	 0.463412 	 0.931939 	 1.194660
  167 	 0.838221 	 0.944168 	 1.089755
  168 	 0.754911 	 0.956243 	 1.685169
  169 	 0.819837 	 0.939279 	 1.085709
  170 	 0.550913 	 0.934459 	 1.130057
  171 	 0.822566 	 0.946887 	 1.085822
  172 	 0.793615 	 0.956862 	 1.468616
  173 	 0.822489 	 0.948250 	 1.196009
  174 	 0.679987 	 0.951227 	 1.082703
  175 	 0.754142 	 0.960140 	 1.161022
  176 	 0.824604 	 0.956864 	 1.234588
  177 	 0.774580 	 0.958812 	 1.190822
  178 	 0.790379 	 0.965142 	 1.205119
  179 	 0.757104 	 0.965040 	 1.287697
  180 	 0.748997 	 0.962882 	 1.198832
  181 	 0.705369 	 0.960198 	 1.317342
  182 	 0.772193 	 0.962547 	 1.318871
  183 	 0.690922 	 0.963714 	 1.290028
  184 	 0.753436 	 0.957987 	 1.260669
  185 	 0.704212 	 0.959733 	 1.443164
  186 	 0.719078 	 0.967511 	 1.318122
  187 	 0.691963 	 0.973874 	 1.416006
  188 	 0.690550 	 0.976934 	 1.318298
  189 	 0.695824 	 0.973233 	 1.383470
  190 	 0.690466 	 0.969555 	 1.443940
  191 	 0.660733 	 0.975384 	 1.413996
  192 	 0.635348 	 0.987474 	 1.393402
  193 	 0.647670 	 0.986852 	 1.372742
  194 	 0.703734 	 0.970866 	 1.381777
  195 	 0.344268 	 0.963128 	 1.539243
  196 	 0.376447 	 0.979147 	 1.396741
  197 	 0.636013 	 1.015130 	 2.108512
  198 	 0.691759 	 1.004213 	 1.974541
  199 	 0.473819 	 0.964976 	 1.546078
  200 	 0.505934 	 0.985309 	 1.441422
  201 	 0.645962 	 1.038774 	 2.101641
  202 	 0.655822 	 1.025988 	 1.968759
  203 	 0.475366 	 0.977035 	 1.543300
  204 	 0.507419 	 0.987661 	 1.451954
  205 	 0.647124 	 1.046126 	 2.094828
  206 	 0.644806 	 1.031960 	 1.740953
  207 	 0.476911 	 0.981751 	 1.540538
  208 	 0.037744 	 0.976365 	 1.546060
  209 	 0.648282 	 1.044924 	 2.088071
  210 	 0.036697 	 1.294422 	 25.161305
  211 	 0.478453 	 0.988388 	 1.537794
  212 	 0.039740 	 1.258550 	 25.841495
  213 	 0.649437 	 1.040620 	 2.081371
  214 	 0.038694 	 1.280869 	 23.957603
  215 	 0.479991 	 0.992974 	 1.535067
  216 	 0.041737 	 1.248321 	 24.573373
  217 	 0.650590 	 1.038012 	 1.921631
  218 	 0.040691 	 1.267602 	 22.863981
  219 	 0.519850 	 0.994244 	 1.532356
  220 	 0.043733 	 1.236234 	 23.424065
  221 	 0.651739 	 1.037154 	 1.916258
  222 	 0.037141 	 1.244770 	 21.866007
  223 	 0.521306 	 0.992346 	 1.529662
  224 	 0.045729 	 1.495457 	 25.548602
  225 	 0.652886 	 1.042579 	 1.910927
  226 	 0.039138 	 1.239142 	 20.951667
  227 	 0.522759 	 0.992170 	 1.526984
  228 	 0.047724 	 1.471062 	 24.308415
  229 	 0.654029 	 1.042483 	 1.905636
  230 	 0.041135 	 1.229645 	 20.110875
  231 	 0.524209 	 0.992187 	 1.524323
  232 	 0.049719 	 1.448839 	 23.183229
  233 	 0.655169 	 1.042293 	 1.900386
  234 	 0.043131 	 1.220829 	 19.335107
  235 	 0.525656 	 0.992144 	 1.521678
  236 	 0.036556 	 1.421665 	 22.157766
  237 	 0.656307 	 1.042034 	 1.895175
  238 	 0.045127 	 1.475352 	 25.936552
  239 	 0.527099 	 0.992103 	 1.519049
  240 	 0.038553 	 1.475564 	 21.219336
  241 	 0.657441 	 1.041777 	 1.890004
  242 	 0.047122 	 1.453611 	 24.659301
  243 	 0.528540 	 0.992062 	 1.516436
  244 	 0.040549 	 1.457004 	 20.357319
  245 	 0.658573 	 1.041522 	 1.884872
  246 	 0.049118 	 1.433718 	 23.502118
  247 	 0.529978 	 0.992022 	 1.513838
  248 	 0.042546 	 1.432420 	 19.562752
  249 	 0.659701 	 1.041268 	 1.879778
  250 	 0.051112 	 1.433519 	 22.448840
  251 	 0.531412 	 0.991983 	 1.511257
  252 	 0.044542 	 1.416392 	 18.828022
  253 	 0.125264 	 1.034022 	 1.874722
  254 	 0.053107 	 1.416542 	 21.486080
  255 	 0.532844 	 1.064528 	 7.857654
  256 	 0.046537 	 1.401413 	 18.146621
  257 	 0.127232 	 1.033806 	 1.869704
  258 	 0.055101 	 1.400808 	 20.602659
  259 	 0.534272 	 1.063124 	 7.738018
  260 	 0.048533 	 1.387412 	 17.512950
  261 	 0.129199 	 1.033503 	 1.864724
  262 	 0.057094 	 1.386157 	 19.789163
  263 	 0.535698 	 1.060852 	 7.530196
  264 	 0.050528 	 1.374253 	 16.922169
  265 	 0.132735 	 1.033320 	 1.859781
  266 	 0.059087 	 1.372701 	 19.037611
  267 	 0.537120 	 1.059580 	 7.421965
  268 	 0.052522 	 1.361937 	 16.370071
  269 	 0.134699 	 1.033141 	 1.854874
  270 	 0.061080 	 1.360008 	 18.341194
  271 	 0.538540 	 1.058354 	 7.315348
  272 	 0.054516 	 1.350319 	 15.852980
  273 	 0.136662 	 1.032911 	 1.850003
  274 	 0.063072 	 1.348173 	 17.694064
  275 	 0.539956 	 1.057225 	 7.211805
  276 	 0.056510 	 1.339373 	 15.367672
  277 	 0.138623 	 1.032665 	 1.845169
  278 	 0.065063 	 1.337018 	 17.091172
  279 	 0.541369 	 1.056089 	 7.111208
  280 	 0.037486 	 1.312785 	 14.911309
  281 	 0.140584 	 1.032438 	 1.840370
  282 	 0.067054 	 1.600535 	 25.325681
  283 	 0.542779 	 1.054985 	 7.013432
  284 	 0.039482 	 1.303032 	 14.481379
  285 	 0.142543 	 1.032213 	 1.835606
  286 	 0.069045 	 1.577110 	 24.106557
  287 	 0.544186 	 1.053912 	 6.918362
  288 	 0.041479 	 1.293786 	 14.075654
  289 	 0.144501 	 1.031989 	 1.830877
  290 	 0.071035 	 1.555461 	 22.999586
  291 	 0.545590 	 1.052868 	 6.825887
  292 	 0.043475 	 1.285027 	 13.692148
  293 	 0.146458 	 1.031766 	 1.826183
  294 	 0.073024 	 1.535427 	 21.989979
  295 	 0.546991 	 1.051853 	 6.735903
  296 	 0.045471 	 1.276689 	 13.329088
  297 	 0.148414 	 1.031535 	 1.821523
  298 	 0.075013 	 1.513817 	 21.065439
  299 	 0.129588 	 1.035282 	 6.648312
  300 	 0.047467 	 1.273848 	 12.984883
  301 	 0.150360 	 1.109094 	 7.599492
  302 	 0.077001 	 1.496469 	 20.215657
  303 	 0.131553 	 1.034378 	 6.563409
  304 	 0.049462 	 1.266251 	 12.658105
  305 	 0.152313 	 1.107618 	 7.487657
  306 	 0.078988 	 1.480247 	 19.431922
  307 	 0.133517 	 1.033491 	 6.480317
  308 	 0.051456 	 1.259000 	 12.347465
  309 	 0.154266 	 1.106181 	 7.379123
  310 	 0.080975 	 1.465043 	 18.706829
  311 	 0.128652 	 1.024680 	 6.399352
  312 	 0.053451 	 1.252072 	 12.051799
  313 	 0.156217 	 1.176663 	 7.653919
  314 	 0.082961 	 1.443924 	 18.034039
  315 	 0.130618 	 1.022979 	 6.320434
  316 	 0.037165 	 1.309473 	 11.770052
  317 	 0.158167 	 1.114973 	 7.540461
  318 	 0.084947 	 1.698683 	 25.532867
  319 	 0.132583 	 1.023536 	 6.243486
  320 	 0.039162 	 1.306605 	 11.501266
  321 	 0.160116 	 1.118293 	 7.430375
  322 	 0.037274 	 1.659101 	 24.294172
  323 	 0.134546 	 1.015460 	 6.168436
  324 	 0.041159 	 1.573039 	 25.461938
  325 	 0.162063 	 1.135454 	 7.323513
  326 	 0.039271 	 1.633404 	 23.170276
  327 	 0.136509 	 1.013096 	 6.095216
  328 	 0.043155 	 1.551623 	 24.229960
  329 	 0.164009 	 1.133322 	 7.219736
  330 	 0.041268 	 1.608572 	 22.145935
  331 	 0.138471 	 1.011270 	 6.023760
  332 	 0.045151 	 1.531317 	 23.111871
  333 	 0.131152 	 1.121804 	 7.118915
  334 	 0.043264 	 1.592575 	 21.208488
  335 	 0.140431 	 1.084852 	 7.510226
  336 	 0.047146 	 1.509690 	 22.092582
  337 	 0.133116 	 1.115389 	 7.020924
  338 	 0.045260 	 1.404008 	 14.901604
  339 	 0.142391 	 1.044615 	 5.885893
  340 	 0.066527 	 1.495999 	 21.159561
  341 	 0.169840 	 1.118638 	 6.925648
  342 	 0.047255 	 1.399685 	 14.592895
  343 	 0.144349 	 1.045182 	 5.819365
  344 	 0.068517 	 1.485733 	 20.302305
  345 	 0.171781 	 1.122316 	 6.832975
  346 	 0.049251 	 1.391071 	 14.180957
  347 	 0.146306 	 1.044232 	 5.754369
  348 	 0.070507 	 1.471037 	 19.511954
  349 	 0.173721 	 1.120905 	 6.742801
  350 	 0.051245 	 1.381491 	 13.791742
  351 	 0.148262 	 1.043304 	 5.690852
  352 	 0.072497 	 1.457207 	 18.780973
  353 	 0.175659 	 1.119524 	 6.655028
  354 	 0.053240 	 1.372333 	 13.423425
  355 	 0.150217 	 1.042397 	 5.628764
  356 	 0.074486 	 1.444158 	 18.102921
  357 	 0.177596 	 1.118173 	 6.569561
  358 	 0.055234 	 1.363571 	 13.074367
  359 	 0.152171 	 1.041326 	 5.568059
  360 	 0.076287 	 1.431819 	 17.472255
  361 	 0.179531 	 1.112088 	 6.486310
  362 	 0.057227 	 1.355514 	 12.773489
  363 	 0.154123 	 1.045557 	 5.508692
  364 	 0.078275 	 1.420130 	 16.884179
  365 	 0.181465 	 1.110811 	 6.405193
  366 	 0.059220 	 1.347447 	 12.457196
  367 	 0.156075 	 1.044687 	 5.450619
  368 	 0.080262 	 1.409034 	 16.334524
  369 	 0.183398 	 1.109559 	 6.326127
  370 	 0.061213 	 1.339705 	 12.156281
  371 	 0.158025 	 1.043835 	 5.393798
  372 	 0.082248 	 1.398484 	 15.819649
  373 	 0.185329 	 1.106647 	 6.249038
  374 	 0.062748 	 1.331361 	 11.869653
  375 	 0.036798 	 1.033736 	 5.338191
  376 	 0.084234 	 1.380344 	 15.444575
  377 	 0.187259 	 1.380188 	 25.774419
  378 	 0.064739 	 1.396927 	 11.596318
  379 	 0.038795 	 1.032934 	 5.283758
  380 	 0.086219 	 1.370710 	 14.983682
  381 	 0.189188 	 1.365003 	 24.512721
  382 	 0.066730 	 1.388844 	 11.335376
  383 	 0.040792 	 1.032122 	 5.230465
  384 	 0.088204 	 1.361480 	 14.549611
  385 	 0.191115 	 1.351146 	 23.368956
  386 	 0.068721 	 1.381084 	 11.086004
  387 	 0.042788 	 1.031391 	 5.178274
  388 	 0.090188 	 1.352685 	 14.140090
  389 	 0.193040 	 1.338449 	 22.327336
  390 	 0.070711 	 1.373556 	 10.847452
  391 	 0.044784 	 1.030641 	 5.127154
  392 	 0.092171 	 1.344241 	 13.753096
  393 	 0.194964 	 1.326647 	 21.374769
  394 	 0.072675 	 1.366344 	 10.619031
  395 	 0.046780 	 1.030012 	 5.077072
  396 	 0.094153 	 1.336222 	 13.391369
  397 	 0.196886 	 1.315850 	 20.500310
  398 	 0.074664 	 1.359323 	 10.400111
  399 	 0.048775 	 1.029291 	 5.027997
 