0	0.001119	0.001817	0.003595
1	0.001170	0.001911	0.003607
2	0.001215	0.002049	0.003981
3	0.001253	0.002223	0.004447
4	0.001293	0.002444	0.005323
5	0.001396	0.002745	0.006323
6	0.001530	0.003101	0.007466
7	0.001656	0.003641	0.009646
8	0.001748	0.004399	0.013125
9	0.001982	0.005393	0.014314
10	-0.021871	0.006172	0.016950
11	-0.021929	0.007643	0.030666
12	-0.021114	0.011500	0.037402
13	-0.045028	0.019699	0.043222
14	-0.011655	0.026373	0.053963
15	-0.043590	0.030641	0.099585
16	-0.060206	0.045004	0.105683
17	-0.040851	0.070750	0.110641
18	-0.072675	0.078773	0.121123
19	-0.033542	0.081071	0.123148
20	-0.009930	0.090143	0.156035
21	-0.060200	0.095493	0.147967
22	-0.007725	0.103903	0.156131
23	0.002320	0.111760	0.185710
24	-0.073584	0.119814	0.194806
25	-0.087528	0.128768	0.190491
26	-0.023670	0.136039	0.188520
27	0.011453	0.141415	0.242229
28	-0.038907	0.145450	0.216781
29	-0.049512	0.155426	0.212484
30	-0.060465	0.165867	0.221795
31	-0.014925	0.170580	0.231636
32	-0.015880	0.168814	0.226056
33	0.024312	0.170780	0.218921
34	-0.001723	0.172236	0.220968
35	0.019137	0.174106	0.229419
36	-0.041294	0.174913	0.250173
37	-0.052114	0.175796	0.235993
38	-0.031252	0.177215	0.235443
39	-0.018426	0.178816	0.242698
40	-0.026434	0.184479	0.245108
41	-0.012331	0.188480	0.264542
42	0.002497	0.194341	0.268101
43	-0.047766	0.197640	0.264970
44	-0.036683	0.199971	0.260622
45	-0.004236	0.205919	0.271794
46	-0.013307	0.206512	0.271187
47	-0.004389	0.210804	0.270915
48	0.029905	0.211539	0.264536
49	0.007646	0.210772	0.265108
50	-0.005872	0.210256	0.255359
51	-0.007788	0.209157	0.268194
52	0.012597	0.211259	0.257101
53	0.011616	0.211734	0.288740
54	0.021972	0.218911	0.299888
55	-0.003746	0.231168	0.299806
56	-0.023449	0.228338	0.293511
57	0.031030	0.229698	0.304872
58	0.017739	0.232609	0.316238
59	0.018704	0.233912	0.301207
60	0.031017	0.237984	0.294585
61	0.003108	0.239078	0.307386
62	0.042502	0.240400	0.309845
63	0.013855	0.239598	0.305877
64	0.032751	0.239466	0.301282
65	0.002805	0.240141	0.319848
66	0.021871	0.242071	0.312432
67	0.048971	0.241379	0.310497
68	0.010687	0.242125	0.309490
69	0.011166	0.241688	0.301570
70	-0.000713	0.239671	0.311793
71	0.022668	0.240999	0.312132
72	0.041431	0.243465	0.320400
73	-0.004004	0.241881	0.309605
74	0.006276	0.240520	0.298180
75	0.007393	0.241301	0.324960
76	-0.010278	0.241399	0.313016
77	-0.001348	0.240969	0.313060
78	0.017026	0.244517	0.320715
79	-0.009726	0.241160	0.319588
80	0.027852	0.243186	0.314719
81	0.038914	0.244946	0.321277
82	0.006984	0.242287	0.316744
83	0.025472	0.242065	0.315958
84	-0.012485	0.240205	0.321455
85	-0.026175	0.243636	0.318695
86	0.002436	0.244140	0.316890
87	-0.019624	0.241984	0.324456
88	-0.008849	0.242610	0.309996
89	-0.012880	0.244252	0.323685
90	-0.002851	0.243461	0.323360
91	0.005341	0.242638	0.318881
92	0.026257	0.246123	0.319351
93	-0.033685	0.245952	0.312221
94	-0.009223	0.244777	0.317865
95	0.025050	0.246116	0.312935
96	-0.026191	0.246031	0.311673
97	0.009325	0.246182	0.311141
98	0.016346	0.247380	0.324316
99	0.004231	0.246933	0.316614
100	0.039725	0.247339	0.316790
101	0.011483	0.246909	0.317452
102	-0.007783	0.245280	0.305414
103	0.017950	0.247343	0.311097
104	-0.014787	0.246539	0.331652
105	0.040030	0.246180	0.317915
106	0.039058	0.247671	0.317024
107	-0.023244	0.245564	0.308709
108	0.040146	0.247084	0.304667
109	0.027365	0.246779	0.318062
110	0.016745	0.246925	0.311791
111	0.000139	0.248367	0.317902
112	0.027981	0.248303	0.312219
113	0.030030	0.246635	0.315657
114	0.050488	0.248700	0.317844
115	-0.033110	0.246362	0.318434
116	-0.022745	0.245193	0.305482
117	0.005016	0.248382	0.325395
118	0.014704	0.248355	0.327101
119	0.000186	0.247262	0.324688
120	0.010176	0.247538	0.311728
121	0.021062	0.247882	0.318381
122	-0.026934	0.247131	0.319790
123	0.006458	0.247678	0.313867
124	-0.032906	0.244681	0.319227
125	-0.018559	0.247402	0.325303
126	0.019522	0.247217	0.317450
127	0.001657	0.246324	0.331601
128	-0.000340	0.246694	0.312295
129	0.038669	0.248824	0.317641
130	0.047638	0.247643	0.312242
131	0.018255	0.246726	0.310178
132	-0.007008	0.245290	0.304633
133	0.006285	0.247160	0.316656
134	0.029129	0.248639	0.317742
135	0.025057	0.248090	0.307963
136	0.032382	0.247587	0.308610
137	0.004060	0.247840	0.317454
138	0.005901	0.245407	0.311576
139	0.010050	0.247149	0.321955
140	0.030644	0.247849	0.331379
141	0.021385	0.249056	0.321183
142	0.008686	0.249090	0.311921
143	0.016033	0.246137	0.312113
144	0.025186	0.248726	0.308873
145	-0.001177	0.247698	0.312065
146	0.040878	0.248143	0.315432
147	-0.027250	0.247917	0.318471
148	0.043484	0.248595	0.309036
149	0.021762	0.247874	0.323874
