   0 	 0.001212 	 0.001816 	 0.002992
    1 	 0.001265 	 0.001914 	 0.003017
    2 	 0.001338 	 0.002083 	 0.003635
    3 	 0.001338 	 0.002205 	 0.003498
    4 	 0.001265 	 0.002326 	 0.005001
    5 	 0.001265 	 0.002562 	 0.005211
    6 	 0.001265 	 0.002646 	 0.004935
    7 	 0.001282 	 0.003019 	 0.005867
    8 	 0.001906 	 0.003242 	 0.005867
    9 	 0.001721 	 0.003429 	 0.005867
   10 	 0.001896 	 0.003617 	 0.008189
   11 	 0.002279 	 0.004184 	 0.008189
   12 	 0.002427 	 0.004684 	 0.010800
   13 	 0.002560 	 0.005494 	 0.022587
   14 	 0.003066 	 0.007523 	 0.024044
   15 	 0.002812 	 0.010388 	 0.024045
   16 	 0.003821 	 0.013299 	 0.032408
   17 	 0.004409 	 0.016878 	 0.049706
   18 	 0.005439 	 0.019808 	 0.049715
   19 	 0.009432 	 0.026735 	 0.049704
   20 	 0.008371 	 0.031339 	 0.082865
   21 	 0.009934 	 0.035928 	 0.082782
   22 	 0.009934 	 0.043689 	 0.082782
   23 	 0.011454 	 0.051517 	 0.082869
   24 	 -0.250047 	 0.052380 	 0.082869
   25 	 0.014046 	 0.066584 	 0.082859
   26 	 0.009196 	 0.070565 	 0.082851
   27 	 0.019096 	 0.077754 	 0.082841
   28 	 0.011455 	 0.078966 	 0.082874
   29 	 0.012619 	 0.078576 	 0.082806
   30 	 0.014596 	 0.079599 	 0.082854
   31 	 0.027578 	 0.080913 	 0.082851
   32 	 0.013061 	 0.080043 	 0.082837
   33 	 0.043712 	 0.081715 	 0.082748
   34 	 0.043712 	 0.081238 	 0.082848
   35 	 0.018152 	 0.081576 	 0.082638
   36 	 0.014596 	 0.081052 	 0.082638
   37 	 0.011113 	 0.079976 	 0.082375
   38 	 0.015837 	 0.080321 	 0.082837
   39 	 0.057116 	 0.082075 	 0.082861
   40 	 0.013061 	 0.081522 	 0.082829
   41 	 0.015191 	 0.080705 	 0.082546
   42 	 0.011818 	 0.078957 	 0.082848
   43 	 -0.252113 	 0.073376 	 0.082833
   44 	 0.015191 	 0.077744 	 0.082856
   45 	 0.016540 	 0.081614 	 0.084709
   46 	 0.013535 	 0.080714 	 0.082833
   47 	 0.013535 	 0.078244 	 0.082824
   48 	 0.012619 	 0.080784 	 0.082844
   49 	 0.011827 	 0.080661 	 0.082844
   50 	 0.014046 	 0.081531 	 0.082851
   51 	 0.013061 	 0.081520 	 0.082856
   52 	 0.029749 	 0.081723 	 0.082841
   53 	 0.016540 	 0.080223 	 0.082848
   54 	 0.057116 	 0.081877 	 0.082733
   55 	 0.012205 	 0.078904 	 0.082824
   56 	 0.012205 	 0.080626 	 0.082546
   57 	 0.013061 	 0.080616 	 0.082854
   58 	 0.013061 	 0.080688 	 0.082854
   59 	 0.011818 	 0.079134 	 0.082848
   60 	 0.014046 	 0.080126 	 0.082848
   61 	 0.012619 	 0.078733 	 0.082856
   62 	 0.012619 	 0.080727 	 0.082841
   63 	 0.082371 	 0.082400 	 0.082851
   64 	 0.015191 	 0.079932 	 0.082851
   65 	 0.016540 	 0.080760 	 0.082375
   66 	 -0.252113 	 0.074203 	 0.082833
   67 	 0.011455 	 0.079997 	 0.082824
   68 	 0.011455 	 0.079836 	 0.084709
   69 	 0.014046 	 0.080290 	 0.082859
   70 	 0.014046 	 0.080021 	 0.082859
   71 	 0.019082 	 0.081411 	 0.082841
   72 	 0.029749 	 0.080819 	 0.082841
   73 	 0.013535 	 0.080304 	 0.082806
   74 	 0.016540 	 0.079323 	 0.082733
   75 	 0.012619 	 0.076454 	 0.082844
   76 	 0.011113 	 0.080050 	 0.082824
   77 	 0.015191 	 0.079391 	 0.082851
   78 	 -0.252113 	 0.076065 	 0.082861
   79 	 0.022547 	 0.079565 	 0.082833
   80 	 0.039121 	 0.081337 	 0.084709
   81 	 0.012205 	 0.079318 	 0.082783
   82 	 0.012205 	 0.079262 	 0.082669
   83 	 0.014046 	 0.080009 	 0.082854
   84 	 -0.252113 	 0.075386 	 0.082854
   85 	 0.011818 	 0.079098 	 0.082841
   86 	 0.022547 	 0.080269 	 0.084709
   87 	 0.017309 	 0.080045 	 0.082856
   88 	 0.015837 	 0.080086 	 0.082783
   89 	 0.012619 	 0.080204 	 0.082819
   90 	 0.011455 	 0.079396 	 0.082829
   91 	 0.025652 	 0.079573 	 0.082851
   92 	 0.017309 	 0.078409 	 0.082859
   93 	 0.029749 	 0.081253 	 0.082761
   94 	 0.011818 	 0.080166 	 0.082819
   95 	 0.019082 	 0.081108 	 0.082733
   96 	 0.014046 	 0.081536 	 0.082856
   97 	 0.014046 	 0.080844 	 0.082806
   98 	 0.012619 	 0.080823 	 0.082841
   99 	 0.014046 	 0.080010 	 0.082841
  100 	 0.019082 	 0.080239 	 0.082851
  101 	 0.032331 	 0.081765 	 0.082841
  102 	 0.029749 	 0.081731 	 0.082806
  103 	 0.027549 	 0.081036 	 0.082716
  104 	 0.013061 	 0.080855 	 0.082733
  105 	 0.011455 	 0.079305 	 0.082748
  106 	 0.013535 	 0.080064 	 0.082848
  107 	 0.012205 	 0.080705 	 0.082859
  108 	 0.013535 	 0.078356 	 0.082844
  109 	 0.014596 	 0.079522 	 0.082854
  110 	 0.014046 	 0.079332 	 0.082837
  111 	 0.032331 	 0.081769 	 0.082837
  112 	 0.012205 	 0.079453 	 0.082841
  113 	 0.012205 	 0.080231 	 0.082716
  114 	 0.012205 	 0.076186 	 0.082854
  115 	 0.012619 	 0.077958 	 0.082854
  116 	 -0.252113 	 0.073432 	 0.082854
  117 	 0.067458 	 0.082218 	 0.082851
  118 	 0.023999 	 0.081147 	 0.084709
  119 	 0.012619 	 0.078815 	 0.082476
  120 	 -0.252138 	 0.075471 	 0.082773
  121 	 0.011818 	 0.076924 	 0.082851
  122 	 0.013535 	 0.079323 	 0.084709
  123 	 0.035404 	 0.080144 	 0.082856
  124 	 0.015191 	 0.079662 	 0.082844
  125 	 0.022547 	 0.079963 	 0.082695
  126 	 0.015841 	 0.079783 	 0.082833
  127 	 0.067458 	 0.081459 	 0.082783
  128 	 0.011818 	 0.078023 	 0.082829
  129 	 0.025652 	 0.078794 	 0.082476
  130 	 0.049523 	 0.080000 	 0.082856
  131 	 0.015837 	 0.078361 	 0.082761
  132 	 0.021260 	 0.079911 	 0.082598
  133 	 -0.252113 	 0.073303 	 0.082791
  134 	 0.012205 	 0.080507 	 0.082791
  135 	 0.049522 	 0.081840 	 0.084709
  136 	 0.017309 	 0.081388 	 0.082854
  137 	 0.012619 	 0.079343 	 0.082598
  138 	 0.027549 	 0.080969 	 0.082819
  139 	 0.014046 	 0.079034 	 0.082851
  140 	 0.013061 	 0.080977 	 0.082748
  141 	 0.019082 	 0.081066 	 0.082841
  142 	 0.016540 	 0.080218 	 0.082848
  143 	 0.014046 	 0.080007 	 0.082806
  144 	 0.011455 	 0.081503 	 0.082824
  145 	 0.082372 	 0.082391 	 0.082841
  146 	 0.067458 	 0.082194 	 0.082859
  147 	 0.017309 	 0.080572 	 0.082375
  148 	 0.023999 	 0.080751 	 0.082476
  149 	 0.018152 	 0.080668 	 0.082819
 