   0 	 0.001003 	 0.001782 	 0.002770
    1 	 0.001094 	 0.001913 	 0.003118
    2 	 0.001094 	 0.002081 	 0.003341
    3 	 0.001403 	 0.002196 	 0.004117
    4 	 0.001357 	 0.002208 	 0.003372
    5 	 0.001319 	 0.002343 	 0.003635
    6 	 0.001562 	 0.002444 	 0.004163
    7 	 0.001543 	 0.002537 	 0.004210
    8 	 0.001342 	 0.002724 	 0.005961
    9 	 0.001549 	 0.003026 	 0.006262
   10 	 0.001562 	 0.003345 	 0.006964
   11 	 0.001582 	 0.003626 	 0.006836
   12 	 0.001652 	 0.004147 	 0.010496
   13 	 0.002614 	 0.004986 	 0.010496
   14 	 0.002614 	 0.006435 	 0.011123
   15 	 0.002614 	 0.006824 	 0.011829
   16 	 0.003041 	 0.007886 	 0.019111
   17 	 0.003901 	 0.008765 	 0.020142
   18 	 0.004935 	 0.009247 	 0.020142
   19 	 0.004870 	 0.010194 	 0.020142
   20 	 0.004870 	 0.011494 	 0.020143
   21 	 0.004870 	 0.012802 	 0.025701
   22 	 0.005439 	 0.015532 	 0.025701
   23 	 0.005602 	 0.017451 	 0.027599
   24 	 0.008188 	 0.017914 	 0.032405
   25 	 0.007844 	 0.019851 	 0.035495
   26 	 0.007843 	 0.022307 	 0.049681
   27 	 0.007843 	 0.024327 	 0.049670
   28 	 0.008564 	 0.024341 	 0.049670
   29 	 0.008564 	 0.025106 	 0.049676
   30 	 0.010206 	 0.027140 	 0.057319
   31 	 0.007843 	 0.027942 	 0.057351
   32 	 0.010206 	 0.030813 	 0.057326
   33 	 0.008011 	 0.034061 	 0.057311
   34 	 0.008563 	 0.036353 	 0.106449
   35 	 0.008974 	 0.043391 	 0.106323
   36 	 -0.742296 	 0.037327 	 0.106434
   37 	 -0.760519 	 0.040881 	 0.106462
   38 	 -0.750677 	 0.044672 	 0.106583
   39 	 -0.764997 	 0.038821 	 0.106552
   40 	 -0.765003 	 0.076244 	 0.115979
   41 	 -0.764937 	 0.073457 	 0.116172
   42 	 0.011110 	 0.100498 	 0.116172
   43 	 0.012202 	 0.099052 	 0.116171
   44 	 0.014591 	 0.099500 	 0.106564
   45 	 0.029729 	 0.103101 	 0.106552
   46 	 0.013540 	 0.102741 	 0.106524
   47 	 0.013531 	 0.100532 	 0.106353
   48 	 0.011815 	 0.099509 	 0.106536
   49 	 0.014041 	 0.099679 	 0.106537
   50 	 0.018145 	 0.103563 	 0.106556
   51 	 0.012202 	 0.104402 	 0.106531
   52 	 0.035375 	 0.105169 	 0.147187
   53 	 0.022535 	 0.103601 	 0.106552
   54 	 0.105041 	 0.105507 	 0.106289
   55 	 0.011815 	 0.102160 	 0.106434
   56 	 0.017302 	 0.101755 	 0.105508
   57 	 0.017302 	 0.103300 	 0.147187
   58 	 0.017302 	 0.102873 	 0.147187
   59 	 0.021250 	 0.104569 	 0.147187
   60 	 0.014591 	 0.102172 	 0.147187
   61 	 0.011815 	 0.102589 	 0.147187
   62 	 0.019074 	 0.105416 	 0.147197
   63 	 0.014041 	 0.110536 	 0.149140
   64 	 0.017302 	 0.115296 	 0.148722
   65 	 0.011815 	 0.116256 	 0.149123
   66 	 0.011815 	 0.124569 	 0.147197
   67 	 0.029692 	 0.123422 	 0.149245
   68 	 0.039024 	 0.129868 	 0.148022
   69 	 0.039020 	 0.134579 	 0.148848
   70 	 0.013531 	 0.133480 	 0.148642
   71 	 0.027500 	 0.137139 	 0.148642
   72 	 0.015176 	 0.134837 	 0.149207
   73 	 0.039023 	 0.140561 	 0.148897
   74 	 0.011809 	 0.137794 	 0.149170
   75 	 0.039024 	 0.141482 	 0.148642
   76 	 0.015821 	 0.139725 	 0.149245
   77 	 0.023963 	 0.142511 	 0.148642
   78 	 0.017290 	 0.143330 	 0.149156
   79 	 0.018131 	 0.144789 	 0.148975
   80 	 0.011809 	 0.144692 	 0.149123
   81 	 0.146251 	 0.146342 	 0.149105
   82 	 0.015177 	 0.142911 	 0.149245
   83 	 0.018131 	 0.140830 	 0.146310
   84 	 0.013524 	 0.143120 	 0.149170
   85 	 0.012196 	 0.141841 	 0.149105
   86 	 0.011809 	 0.137533 	 0.149207
   87 	 -0.256243 	 0.137039 	 0.149237
   88 	 0.013524 	 0.140452 	 0.149245
   89 	 0.146246 	 0.146515 	 0.155465
   90 	 0.022514 	 0.143404 	 0.149207
   91 	 0.012196 	 0.143050 	 0.146310
   92 	 0.010193 	 0.143048 	 0.149007
   93 	 0.014583 	 0.143744 	 0.149237
   94 	 0.105051 	 0.145864 	 0.149281
   95 	 0.014582 	 0.141410 	 0.149184
   96 	 0.013524 	 0.138697 	 0.147197
   97 	 0.032264 	 0.143602 	 0.149184
   98 	 0.049676 	 0.144716 	 0.149207
   99 	 0.011809 	 0.139801 	 0.148791
  100 	 0.013524 	 0.142780 	 0.148407
  101 	 0.105051 	 0.145419 	 0.149245
  102 	 0.022514 	 0.142344 	 0.149207
  103 	 0.011809 	 0.135764 	 0.147197
  104 	 0.013050 	 0.141111 	 0.149007
  105 	 0.067168 	 0.144560 	 0.149245
  106 	 0.012196 	 0.143756 	 0.149218
  107 	 0.015821 	 0.143258 	 0.148022
  108 	 0.146246 	 0.146364 	 0.149237
  109 	 0.014583 	 0.143164 	 0.148848
  110 	 -0.256243 	 0.139644 	 0.146310
  111 	 0.020087 	 0.143515 	 0.149184
  112 	 0.012196 	 0.143160 	 0.155465
  113 	 0.017290 	 0.143209 	 0.149061
  114 	 0.019106 	 0.143294 	 0.149237
  115 	 0.039024 	 0.143715 	 0.149123
  116 	 0.039024 	 0.145033 	 0.149083
  117 	 0.013050 	 0.141829 	 0.148642
  118 	 0.014583 	 0.143112 	 0.148642
  119 	 0.019059 	 0.140151 	 0.149218
  120 	 0.032264 	 0.144953 	 0.149184
  121 	 0.017290 	 0.144025 	 0.149084
  122 	 0.013524 	 0.143874 	 0.148791
  123 	 0.015177 	 0.137381 	 0.149123
  124 	 0.011809 	 0.141373 	 0.149207
  125 	 0.020087 	 0.144925 	 0.149170
  126 	 0.146246 	 0.146416 	 0.149245
  127 	 0.027501 	 0.143466 	 0.149061
  128 	 -0.256243 	 0.138632 	 0.146310
  129 	 0.032264 	 0.142966 	 0.148897
  130 	 0.016523 	 0.139267 	 0.155465
  131 	 0.016523 	 0.138758 	 0.148791
  132 	 0.035324 	 0.141785 	 0.149140
  133 	 0.008967 	 0.139440 	 0.149140
  134 	 0.015177 	 0.141260 	 0.148723
  135 	 0.043590 	 0.144185 	 0.149309
  136 	 0.067161 	 0.145429 	 0.149170
  137 	 0.015177 	 0.144200 	 0.148541
  138 	 0.017289 	 0.144715 	 0.148023
  139 	 0.015821 	 0.137161 	 0.149170
  140 	 0.019059 	 0.143295 	 0.149123
  141 	 0.015177 	 0.139076 	 0.149156
  142 	 -0.248808 	 0.140888 	 0.149084
  143 	 -0.256243 	 0.132124 	 0.149170
  144 	 0.012608 	 0.137325 	 0.155285
  145 	 -0.256243 	 0.136725 	 0.155465
  146 	 0.146117 	 0.146504 	 0.149228
  147 	 0.146113 	 0.146522 	 0.155465
  148 	 0.029693 	 0.142646 	 0.146313
  149 	 0.025610 	 0.143991 	 0.146313
 