   0 	 0.015625 	 0.077742 	 1.220704
    1 	 0.018152 	 0.298008 	 1.220704
    2 	 0.033653 	 0.804118 	 2.292096
    3 	 0.046211 	 0.863839 	 2.336499
    4 	 0.189430 	 0.726221 	 2.219618
    5 	 0.204891 	 0.775824 	 2.186729
    6 	 0.045831 	 0.778760 	 1.665470
    7 	 0.046895 	 0.730438 	 1.438520
    8 	 0.035552 	 0.755393 	 2.182640
    9 	 0.047816 	 0.859847 	 2.190309
   10 	 0.091160 	 0.824955 	 2.187483
   11 	 0.370156 	 0.825849 	 2.186196
   12 	 0.036319 	 0.763662 	 1.657936
   13 	 0.047028 	 0.714830 	 1.282453
   14 	 0.047224 	 0.768591 	 2.242561
   15 	 0.046558 	 0.803028 	 2.188673
   16 	 0.048290 	 0.813794 	 2.189027
   17 	 0.047459 	 0.847721 	 2.192226
   18 	 0.037259 	 0.739705 	 1.784790
   19 	 0.047770 	 0.754569 	 2.187904
   20 	 0.036337 	 0.829684 	 2.237843
   21 	 0.047593 	 0.884728 	 2.186413
   22 	 0.047289 	 0.909825 	 2.242472
   23 	 0.207051 	 0.840206 	 2.187262
   24 	 0.211537 	 0.797505 	 2.185266
   25 	 0.211328 	 0.811716 	 1.621663
   26 	 0.090313 	 0.850472 	 1.595225
   27 	 0.492305 	 0.842231 	 1.610492
   28 	 0.498797 	 0.822030 	 2.000347
   29 	 0.471144 	 0.811111 	 1.108765
   30 	 0.036345 	 0.802351 	 1.100841
   31 	 0.658603 	 0.820685 	 1.135404
   32 	 0.662058 	 0.852137 	 2.242429
   33 	 0.573947 	 0.812389 	 0.936152
   34 	 0.036505 	 0.787260 	 0.933133
   35 	 0.735219 	 0.818812 	 1.016729
   36 	 0.129100 	 0.851330 	 2.241626
   37 	 0.701101 	 0.814240 	 0.873501
   38 	 0.377184 	 0.814832 	 1.856320
   39 	 0.036505 	 0.807406 	 0.900333
   40 	 0.128262 	 0.822440 	 1.270997
   41 	 0.616381 	 0.835360 	 2.241626
   42 	 0.576056 	 0.818030 	 1.859213
   43 	 0.349530 	 0.801650 	 0.974677
   44 	 0.349155 	 0.815550 	 1.014553
   45 	 0.349783 	 0.824987 	 1.317298
   46 	 0.128703 	 0.811824 	 1.317948
   47 	 0.047877 	 0.788337 	 1.316859
   48 	 0.036446 	 0.796855 	 1.857692
   49 	 0.090448 	 0.825201 	 2.185902
   50 	 0.090449 	 0.833463 	 2.241924
   51 	 0.385282 	 0.835515 	 1.999810
   52 	 0.047879 	 0.813287 	 1.999803
   53 	 0.415039 	 0.812216 	 1.258049
   54 	 0.036424 	 0.818283 	 2.185894
   55 	 0.036526 	 0.810309 	 1.212652
   56 	 0.385283 	 0.837835 	 2.242033
   57 	 0.355062 	 0.824756 	 2.241522
   58 	 0.349168 	 0.805042 	 1.258047
   59 	 0.349186 	 0.800787 	 1.307768
   60 	 0.036444 	 0.801815 	 1.317927
   61 	 0.582286 	 0.824962 	 1.317895
   62 	 0.478402 	 0.836291 	 2.241934
   63 	 0.578873 	 0.803201 	 1.008180
   64 	 0.232668 	 0.803016 	 1.126123
   65 	 0.129284 	 0.804279 	 1.011662
   66 	 0.221454 	 0.821093 	 1.556983
   67 	 0.090396 	 0.814281 	 1.855688
   68 	 0.089986 	 0.811767 	 1.584652
   69 	 0.090464 	 0.816720 	 1.660037
   70 	 0.501441 	 0.819852 	 1.661169
   71 	 0.483177 	 0.825470 	 1.999746
   72 	 0.127823 	 0.805597 	 1.097645
   73 	 0.415050 	 0.813125 	 1.120101
   74 	 0.128540 	 0.807548 	 1.860732
   75 	 0.047482 	 0.784177 	 1.030653
   76 	 0.036443 	 0.798222 	 1.858252
   77 	 0.346825 	 0.833595 	 2.187790
   78 	 0.343499 	 0.839052 	 1.862519
   79 	 0.036432 	 0.801861 	 1.322008
   80 	 0.348939 	 0.794822 	 1.327848
   81 	 0.046746 	 0.815504 	 2.241992
   82 	 0.029458 	 0.827101 	 1.318324
   83 	 0.343865 	 0.838407 	 2.191323
   84 	 0.047825 	 0.801236 	 2.277606
   85 	 0.036574 	 0.802297 	 1.327202
   86 	 0.372134 	 0.851193 	 2.186153
   87 	 0.222106 	 0.833322 	 2.241278
   88 	 0.219872 	 0.792768 	 1.279208
   89 	 0.127823 	 0.803894 	 1.583015
   90 	 0.128019 	 0.834161 	 1.588633
   91 	 0.501853 	 0.838424 	 1.860732
   92 	 0.500442 	 0.821718 	 1.860053
   93 	 0.440464 	 0.830825 	 1.992615
   94 	 0.440596 	 0.848039 	 1.239689
   95 	 0.090418 	 0.865898 	 1.780409
   96 	 0.606322 	 0.835935 	 1.270024
   97 	 0.036181 	 0.833924 	 1.999928
   98 	 0.036446 	 0.827697 	 1.225556
   99 	 0.415019 	 0.895201 	 2.243253
  100 	 0.348455 	 0.887271 	 2.241920
  101 	 0.349167 	 0.868282 	 1.710997
  102 	 0.377142 	 0.931008 	 2.869810
  103 	 0.130154 	 0.990622 	 2.856127
  104 	 0.348455 	 0.964681 	 2.268505
  105 	 0.350125 	 0.994272 	 1.852696
  106 	 0.349077 	 1.058960 	 2.869810
  107 	 0.375538 	 1.044414 	 2.277884
  108 	 0.348455 	 1.034216 	 2.864695
  109 	 0.037073 	 1.049155 	 2.662848
  110 	 0.135693 	 1.107290 	 2.869810
  111 	 0.128604 	 1.350840 	 26.973725
  112 	 0.037951 	 1.008903 	 2.864695
  113 	 0.037073 	 1.222998 	 7.775798
  114 	 0.140905 	 1.521247 	 26.350092
  115 	 0.036594 	 1.335988 	 26.973725
  116 	 0.037951 	 1.090823 	 7.096968
  117 	 0.037073 	 1.878358 	 27.327172
  118 	 0.121591 	 1.515285 	 26.350092
  119 	 0.036594 	 1.335988 	 26.973725
  120 	 0.019024 	 1.162367 	 8.224305
  121 	 0.037073 	 1.843342 	 27.327172
  122 	 0.121591 	 1.834833 	 52.564491
  123 	 0.036594 	 1.305550 	 26.973725
  124 	 0.019024 	 1.126760 	 8.224305
  125 	 0.037073 	 2.066914 	 27.327172
  126 	 0.121591 	 1.205799 	 7.580105
  127 	 0.036512 	 1.277747 	 26.973725
  128 	 0.131924 	 1.147240 	 8.224305
  129 	 0.037073 	 2.428779 	 27.388620
  130 	 0.121591 	 1.199613 	 7.580105
  131 	 0.036512 	 1.322502 	 26.973725
  132 	 0.131924 	 1.131679 	 8.224305
  133 	 0.037073 	 2.067813 	 27.388620
  134 	 0.121591 	 1.272297 	 7.580105
  135 	 0.036512 	 1.388242 	 26.973725
  136 	 0.131924 	 1.147663 	 8.224305
  137 	 0.037073 	 2.073288 	 27.388620
  138 	 0.121591 	 1.263498 	 7.580105
  139 	 0.034673 	 1.423471 	 26.973725
  140 	 0.131924 	 1.140875 	 8.224305
  141 	 0.037073 	 2.228160 	 27.388620
  142 	 0.121591 	 1.206653 	 7.580105
  143 	 0.036512 	 1.129075 	 7.367111
  144 	 0.131924 	 1.143116 	 8.224305
  145 	 0.135738 	 2.851207 	 27.388620
  146 	 0.121591 	 1.208796 	 7.580105
  147 	 0.036512 	 1.165283 	 7.367111
  148 	 0.131924 	 1.164931 	 8.224305
  149 	 0.135738 	 2.622942 	 27.337961
  150 	 0.121591 	 1.240268 	 7.580105
  151 	 0.036579 	 1.131696 	 7.367111
  152 	 0.131924 	 1.137100 	 8.224305
  153 	 0.134008 	 2.315258 	 27.337961
  154 	 0.121591 	 1.257040 	 7.580105
  155 	 0.036579 	 1.297696 	 7.462249
  156 	 0.037367 	 1.117875 	 8.224305
  157 	 0.134008 	 2.356720 	 27.337961
  158 	 0.121591 	 1.572453 	 26.761251
  159 	 0.036579 	 1.294777 	 7.462249
  160 	 0.037367 	 1.171919 	 8.224305
  161 	 0.134008 	 2.281073 	 27.337961
  162 	 0.035775 	 1.645751 	 26.761251
  163 	 0.036305 	 1.289954 	 7.462249
  164 	 0.037367 	 1.504044 	 27.952100
  165 	 0.037804 	 2.471364 	 27.544718
  166 	 0.035775 	 1.631589 	 26.761251
  167 	 0.036305 	 1.649337 	 26.452492
  168 	 0.037367 	 1.584973 	 27.952100
  169 	 0.037157 	 2.778906 	 27.544718
  170 	 0.035775 	 1.609155 	 26.761251
  171 	 0.036305 	 1.971678 	 26.913012
  172 	 0.037367 	 1.658051 	 27.382507
  173 	 0.037157 	 2.515455 	 27.544718
  174 	 0.036520 	 1.595094 	 26.761251
  175 	 0.035166 	 1.917059 	 26.913012
  176 	 0.036779 	 1.634051 	 27.382507
  177 	 0.037157 	 2.869221 	 28.436688
  178 	 0.036520 	 2.253258 	 27.189627
  179 	 0.035166 	 1.909656 	 26.913012
  180 	 0.036779 	 1.947464 	 27.382507
  181 	 0.037157 	 2.892261 	 28.436688
  182 	 0.036520 	 2.336458 	 27.189627
  183 	 0.035166 	 1.894413 	 26.913012
  184 	 0.036779 	 1.947042 	 27.382507
  185 	 0.037157 	 3.056898 	 28.436688
  186 	 0.036212 	 2.312619 	 27.189627
  187 	 0.035166 	 1.895693 	 26.913012
  188 	 0.036779 	 2.366905 	 27.615032
  189 	 0.037157 	 3.049797 	 28.436688
  190 	 0.035087 	 2.305692 	 27.189627
  191 	 0.035166 	 1.845416 	 26.913012
  192 	 0.036779 	 2.320060 	 28.500232
  193 	 0.030297 	 3.080296 	 28.436688
  194 	 0.035087 	 2.626482 	 27.189627
  195 	 0.029753 	 2.004139 	 33.006092
  196 	 0.036779 	 2.325180 	 28.500232
  197 	 0.030297 	 3.157703 	 33.610566
  198 	 0.028528 	 2.626400 	 27.189627
  199 	 0.029753 	 2.324900 	 33.006092
  200 	 0.036779 	 2.399076 	 35.053832
  201 	 0.030297 	 3.147399 	 33.610566
  202 	 0.028528 	 2.646856 	 27.189627
  203 	 0.029753 	 2.323057 	 33.006092
  204 	 0.036779 	 2.395732 	 35.053832
  205 	 0.030297 	 3.054499 	 33.610566
  206 	 0.028528 	 2.655290 	 27.189627
  207 	 0.029753 	 2.665085 	 33.006092
  208 	 0.036779 	 2.360089 	 35.053832
  209 	 0.030297 	 3.059177 	 33.610566
  210 	 0.028528 	 2.626967 	 27.189627
  211 	 0.029753 	 2.696850 	 33.006092
  212 	 0.018877 	 2.481344 	 35.053832
  213 	 0.030297 	 3.065452 	 33.610566
  214 	 0.028528 	 2.977853 	 52.975650
  215 	 0.029753 	 2.288287 	 27.132824
  216 	 0.018877 	 2.467254 	 35.053832
  217 	 0.036856 	 2.762560 	 33.610566
  218 	 0.028528 	 3.040057 	 52.975650
  219 	 0.029753 	 2.637629 	 27.132824
  220 	 0.018877 	 2.743213 	 35.053832
  221 	 0.036856 	 2.802596 	 33.610566
  222 	 0.028528 	 3.113255 	 52.975650
  223 	 0.029753 	 2.738821 	 27.132824
  224 	 0.018877 	 2.753107 	 35.053832
  225 	 0.036856 	 2.803876 	 33.610566
  226 	 0.028528 	 3.442215 	 52.975650
  227 	 0.029753 	 2.738821 	 27.132824
  228 	 0.018877 	 2.749162 	 35.053832
  229 	 0.036856 	 2.743798 	 33.610566
  230 	 0.028528 	 3.465527 	 52.975650
  231 	 0.029753 	 3.052846 	 27.132824
  232 	 0.018877 	 2.761003 	 35.053832
  233 	 0.036856 	 2.769398 	 33.610566
  234 	 0.028528 	 3.547447 	 52.975650
  235 	 0.029753 	 3.052846 	 27.132824
  236 	 0.018877 	 2.446741 	 35.053832
  237 	 0.036856 	 2.329162 	 33.610566
  238 	 0.028528 	 3.543235 	 52.975650
  239 	 0.029753 	 2.805571 	 27.132824
  240 	 0.018877 	 2.447371 	 35.053832
  241 	 0.036856 	 2.740042 	 33.610566
  242 	 0.028528 	 3.712195 	 52.975650
  243 	 0.029753 	 2.791532 	 27.132824
  244 	 0.018877 	 2.447371 	 35.053832
  245 	 0.033563 	 2.254175 	 28.436688
  246 	 0.028528 	 3.708081 	 52.975650
  247 	 0.035166 	 3.202755 	 29.795155
  248 	 0.018877 	 2.447313 	 35.053832
  249 	 0.033563 	 2.256735 	 28.436688
  250 	 0.028528 	 4.013924 	 52.975650
  251 	 0.035166 	 3.202755 	 29.795155
  252 	 0.018877 	 2.852358 	 35.053832
  253 	 0.033563 	 2.255701 	 28.436688
  254 	 0.028528 	 4.034404 	 52.975650
  255 	 0.035166 	 3.207875 	 29.795155
  256 	 0.018877 	 2.852358 	 35.053832
  257 	 0.033563 	 2.250817 	 28.436688
  258 	 0.028444 	 4.015078 	 52.975650
  259 	 0.035166 	 3.211051 	 29.795155
  260 	 0.018877 	 2.842595 	 35.156232
  261 	 0.033563 	 2.255937 	 28.436688
  262 	 0.028444 	 4.102118 	 52.975650
  263 	 0.035166 	 3.209105 	 29.795155
  264 	 0.018877 	 2.842595 	 35.156232
  265 	 0.033563 	 2.233096 	 28.436688
  266 	 0.028444 	 4.102118 	 52.975650
  267 	 0.035166 	 3.611745 	 29.795155
  268 	 0.018877 	 2.842595 	 35.156232
  269 	 0.033563 	 2.253576 	 28.436688
  270 	 0.028444 	 4.058137 	 52.975650
  271 	 0.035166 	 3.601989 	 29.795155
  272 	 0.018877 	 3.272647 	 35.156232
  273 	 0.033563 	 2.577585 	 28.436688
  274 	 0.028444 	 3.949128 	 52.975650
  275 	 0.035166 	 3.604185 	 29.795155
  276 	 0.018877 	 3.933127 	 35.156232
  277 	 0.033563 	 2.571361 	 28.436688
  278 	 0.028444 	 3.949128 	 52.975650
  279 	 0.035166 	 3.609305 	 29.795155
  280 	 0.018877 	 3.933120 	 35.156232
  281 	 0.033563 	 2.571361 	 28.436688
  282 	 0.028444 	 3.912518 	 52.975650
  283 	 0.035166 	 3.596784 	 29.795155
  284 	 0.018877 	 3.951040 	 35.156232
  285 	 0.033563 	 2.577761 	 28.436688
  286 	 0.028444 	 3.912455 	 52.975650
  287 	 0.035166 	 3.596784 	 29.795155
  288 	 0.018877 	 3.936783 	 35.156232
  289 	 0.033563 	 2.541706 	 28.436688
  290 	 0.028444 	 3.579841 	 33.520124
  291 	 0.035166 	 4.252144 	 29.795155
  292 	 0.029833 	 3.989873 	 35.156232
  293 	 0.033563 	 2.541706 	 28.436688
  294 	 0.028444 	 3.659982 	 33.520124
  295 	 0.035166 	 3.760247 	 29.795155
  296 	 0.029833 	 3.741412 	 35.156232
  297 	 0.033563 	 2.412292 	 28.436688
  298 	 0.028444 	 3.576226 	 33.520124
  299 	 0.035166 	 4.505207 	 29.795155
  300 	 0.029833 	 3.905252 	 35.156232
  301 	 0.033563 	 2.295156 	 28.436688
  302 	 0.028444 	 3.576226 	 33.520124
  303 	 0.035166 	 4.520292 	 29.795155
  304 	 0.029833 	 3.860997 	 35.156232
  305 	 0.033563 	 2.280944 	 28.436688
  306 	 0.028444 	 3.694777 	 33.520124
  307 	 0.035166 	 4.816057 	 29.795155
  308 	 0.029833 	 4.520006 	 35.156232
  309 	 0.033563 	 2.934393 	 28.436688
  310 	 0.028444 	 3.696057 	 33.520124
  311 	 0.035166 	 4.766182 	 29.795155
  312 	 0.029833 	 4.520006 	 35.156232
  313 	 0.033563 	 3.036793 	 28.436688
  314 	 0.028444 	 3.686681 	 33.520124
  315 	 0.035166 	 4.766182 	 29.795155
  316 	 0.029833 	 4.563482 	 35.156232
  317 	 0.033563 	 2.783141 	 28.436688
  318 	 0.028444 	 3.351333 	 33.520124
  319 	 0.034749 	 4.760862 	 29.795155
  320 	 0.029833 	 4.884121 	 35.156232
  321 	 0.033563 	 3.109034 	 28.777686
  322 	 0.028444 	 3.362215 	 33.520124
  323 	 0.034749 	 4.928698 	 29.795155
  324 	 0.029833 	 4.888173 	 35.156232
  325 	 0.033563 	 3.114239 	 28.777686
  326 	 0.028444 	 3.322510 	 33.520124
  327 	 0.028979 	 4.871780 	 29.795155
  328 	 0.029833 	 4.988375 	 35.156232
  329 	 0.033563 	 3.432883 	 34.507225
  330 	 0.028444 	 3.327630 	 33.520124
  331 	 0.028979 	 4.882120 	 29.795155
  332 	 0.029833 	 4.965383 	 35.156232
  333 	 0.033563 	 3.427250 	 34.507225
  334 	 0.028444 	 3.487585 	 33.520124
  335 	 0.028979 	 5.209800 	 29.795155
  336 	 0.029833 	 5.043751 	 35.156232
  337 	 0.033563 	 3.422927 	 34.507225
  338 	 0.028444 	 3.392149 	 33.520124
  339 	 0.018916 	 5.019771 	 29.795155
  340 	 0.029833 	 5.071881 	 35.156232
  341 	 0.033563 	 4.079567 	 52.864348
  342 	 0.028444 	 3.722389 	 33.520124
  343 	 0.018916 	 4.581887 	 29.795155
  344 	 0.029833 	 4.704463 	 35.156232
  345 	 0.033563 	 4.725837 	 52.864348
  346 	 0.028444 	 3.904750 	 33.520124
  347 	 0.018916 	 4.660240 	 29.795155
  348 	 0.029833 	 4.563832 	 35.156232
  349 	 0.033563 	 4.727117 	 52.864348
  350 	 0.028444 	 4.339950 	 33.520124
  351 	 0.018916 	 4.660240 	 29.795155
  352 	 0.018547 	 4.563613 	 35.156232
  353 	 0.025048 	 4.726473 	 52.864348
  354 	 0.028444 	 4.661662 	 53.916026
  355 	 0.018916 	 5.009680 	 39.922562
  356 	 0.018547 	 4.891287 	 35.156232
  357 	 0.025048 	 4.726473 	 52.864348
  358 	 0.028444 	 4.666698 	 53.916026
  359 	 0.018916 	 5.002094 	 39.922562
  360 	 0.018547 	 4.973207 	 35.156232
  361 	 0.025048 	 5.043482 	 52.864348
  362 	 0.028444 	 4.666698 	 53.916026
  363 	 0.018916 	 5.089134 	 39.922562
  364 	 0.018547 	 4.973099 	 35.156232
  365 	 0.025048 	 5.034481 	 52.864348
  366 	 0.028444 	 4.669524 	 53.916026
  367 	 0.018916 	 4.992391 	 39.922562
  368 	 0.018547 	 4.975659 	 35.156232
  369 	 0.025048 	 5.039710 	 52.864348
  370 	 0.028444 	 4.647164 	 53.916026
  371 	 0.018916 	 5.330311 	 39.922562
  372 	 0.018547 	 5.384519 	 35.156232
  373 	 0.025048 	 5.039710 	 52.864348
  374 	 0.028444 	 4.652284 	 53.916026
  375 	 0.018916 	 5.293071 	 39.922562
  376 	 0.018547 	 5.378092 	 35.156232
  377 	 0.025048 	 5.037052 	 52.864348
  378 	 0.028444 	 4.672686 	 53.916026
  379 	 0.018916 	 5.052401 	 39.922562
  380 	 0.018547 	 4.928890 	 34.717333
  381 	 0.025048 	 5.058786 	 52.864348
  382 	 0.028804 	 4.685486 	 53.916026
  383 	 0.018916 	 4.745072 	 39.922562
  384 	 0.018547 	 4.658584 	 34.717333
  385 	 0.025048 	 5.124615 	 52.864348
  386 	 0.028804 	 4.941655 	 53.916026
  387 	 0.018916 	 4.748912 	 39.922562
  388 	 0.018547 	 4.685464 	 34.717333
  389 	 0.025048 	 5.116415 	 52.864348
  390 	 0.028804 	 4.941655 	 53.916026
  391 	 0.018916 	 4.754031 	 39.922562
  392 	 0.018547 	 4.685464 	 34.717333
  393 	 0.025048 	 5.106671 	 52.864348
  394 	 0.028804 	 4.941562 	 53.916026
  395 	 0.018916 	 4.794984 	 39.922562
  396 	 0.018547 	 4.690584 	 34.717333
  397 	 0.025048 	 5.111791 	 52.864348
  398 	 0.028804 	 4.941562 	 53.916026
  399 	 0.018916 	 4.785985 	 39.922562
  400 	 0.018547 	 4.672110 	 34.717333
  401 	 0.025048 	 5.433240 	 52.864348
  402 	 0.028804 	 4.962042 	 53.916026
  403 	 0.018916 	 4.694973 	 39.922562
  404 	 0.018547 	 4.672110 	 34.717333
  405 	 0.025048 	 4.671409 	 52.864348
  406 	 0.028804 	 4.940452 	 53.916026
  407 	 0.018916 	 5.179528 	 39.922562
  408 	 0.018547 	 4.695150 	 34.717333
  409 	 0.025048 	 4.675674 	 52.864348
  410 	 0.028804 	 4.588521 	 53.916026
  411 	 0.018916 	 5.261448 	 39.922562
  412 	 0.018547 	 4.699889 	 34.717333
  413 	 0.025048 	 4.675674 	 52.864348
  414 	 0.028804 	 4.494496 	 53.916026
  415 	 0.018916 	 5.261448 	 39.922562
  416 	 0.018547 	 5.026709 	 34.717333
  417 	 0.025048 	 4.675674 	 52.864348
  418 	 0.028804 	 4.488858 	 53.916026
  419 	 0.018916 	 5.251052 	 39.922562
  420 	 0.018547 	 4.795323 	 34.717333
  421 	 0.021516 	 4.594878 	 52.864348
  422 	 0.028804 	 4.170511 	 53.916026
  423 	 0.018916 	 5.270716 	 46.476162
  424 	 0.018547 	 4.797883 	 34.717333
  425 	 0.021516 	 4.925636 	 52.864348
  426 	 0.028804 	 4.133818 	 53.916026
  427 	 0.018916 	 5.270534 	 46.476162
  428 	 0.018547 	 4.788230 	 34.717333
  429 	 0.021516 	 4.904980 	 52.864348
  430 	 0.028804 	 4.215680 	 53.916026
  431 	 0.018916 	 5.290638 	 46.476162
  432 	 0.018547 	 4.700460 	 34.717333
  433 	 0.021516 	 4.886991 	 52.864348
  434 	 0.028804 	 4.236030 	 53.916026
  435 	 0.018916 	 5.640077 	 46.476162
  436 	 0.018547 	 5.028140 	 34.717333
  437 	 0.021516 	 4.877234 	 52.864348
  438 	 0.028804 	 4.234172 	 53.916026
  439 	 0.018916 	 5.951305 	 46.476162
  440 	 0.018547 	 5.011778 	 34.717333
  441 	 0.021516 	 5.532594 	 52.864348
  442 	 0.028804 	 4.522445 	 53.916026
  443 	 0.018916 	 5.951227 	 46.476162
  444 	 0.018547 	 5.046530 	 34.717333
  445 	 0.021516 	 5.537714 	 52.864348
  446 	 0.028804 	 4.605645 	 53.916026
  447 	 0.018916 	 5.939206 	 46.476162
  448 	 0.018547 	 5.036626 	 34.717333
  449 	 0.021516 	 5.247734 	 52.864348
  450 	 0.028804 	 4.637177 	 53.916026
  451 	 0.018916 	 5.944326 	 46.476162
  452 	 0.018547 	 5.445897 	 34.717333
  453 	 0.021516 	 5.220075 	 52.864348
  454 	 0.028804 	 4.373376 	 53.916026
  455 	 0.018916 	 6.293441 	 46.476162
  456 	 0.018547 	 5.453313 	 34.717333
  457 	 0.020784 	 4.868028 	 52.864348
  458 	 0.028804 	 4.379776 	 53.916026
  459 	 0.018916 	 6.726081 	 48.114561
  460 	 0.018547 	 5.451895 	 34.717333
  461 	 0.020784 	 4.769903 	 52.864348
  462 	 0.028804 	 4.705546 	 53.916026
  463 	 0.018916 	 6.768396 	 48.114561
  464 	 0.018547 	 5.466955 	 34.717333
  465 	 0.020784 	 4.791384 	 52.864348
  466 	 0.028804 	 4.708106 	 53.916026
  467 	 0.018916 	 6.345860 	 48.114561
  468 	 0.018547 	 5.425884 	 34.717333
  469 	 0.020784 	 4.878424 	 52.864348
  470 	 0.028804 	 5.117405 	 53.916026
  471 	 0.018916 	 6.258425 	 48.114561
  472 	 0.018547 	 5.341043 	 34.717333
  473 	 0.020784 	 5.198513 	 52.864348
  474 	 0.028804 	 5.219805 	 53.916026
  475 	 0.018916 	 6.544372 	 48.114561
  476 	 0.018547 	 5.299111 	 34.717333
  477 	 0.020784 	 5.218993 	 52.864348
  478 	 0.016412 	 5.552450 	 53.916026
  479 	 0.018916 	 6.109052 	 48.114561
  480 	 0.018547 	 5.307051 	 60.931732
  481 	 0.020784 	 5.133156 	 52.864348
  482 	 0.016412 	 5.474731 	 53.916026
  483 	 0.018916 	 6.196003 	 48.114561
  484 	 0.018547 	 5.061158 	 60.931732
  485 	 0.020784 	 5.042554 	 52.864348
  486 	 0.016412 	 4.800938 	 33.176164
  487 	 0.018916 	 6.011315 	 48.114561
  488 	 0.030142 	 5.692853 	 60.931732
  489 	 0.020784 	 5.346833 	 52.864348
  490 	 0.016412 	 5.124736 	 33.176164
  491 	 0.018916 	 6.581196 	 48.114561
  492 	 0.030142 	 6.007132 	 60.931732
  493 	 0.020784 	 5.387793 	 52.864348
  494 	 0.016412 	 4.805942 	 33.176164
  495 	 0.018916 	 6.533568 	 48.114561
  496 	 0.030142 	 6.340472 	 60.931732
  497 	 0.020784 	 5.365499 	 52.864348
  498 	 0.016412 	 4.887862 	 33.176164
  499 	 0.018916 	 6.839730 	 48.114561
  500 	 0.030142 	 6.245233 	 60.931732
  501 	 0.020784 	 5.447351 	 52.864348
  502 	 0.016412 	 4.912683 	 33.176164
  503 	 0.018916 	 6.838198 	 48.114561
  504 	 0.030142 	 6.592483 	 60.931732
  505 	 0.020784 	 5.212177 	 52.864348
  506 	 0.016412 	 4.682607 	 33.176164
  507 	 0.018916 	 6.520257 	 48.114561
  508 	 0.030142 	 6.597446 	 60.931732
  509 	 0.020784 	 5.216990 	 52.864348
  510 	 0.016412 	 4.673507 	 33.176164
  511 	 0.018916 	 6.274486 	 48.114561
  512 	 0.030142 	 6.926594 	 60.931732
  513 	 0.020784 	 5.238739 	 52.864348
  514 	 0.016412 	 4.681187 	 33.176164
  515 	 0.018916 	 6.361525 	 48.114561
  516 	 0.030142 	 6.511905 	 60.931732
  517 	 0.020784 	 5.239374 	 52.864348
  518 	 0.016412 	 5.008867 	 33.176164
  519 	 0.018916 	 6.339798 	 48.114561
  520 	 0.030142 	 6.509039 	 60.931732
  521 	 0.020784 	 5.009286 	 30.196376
  522 	 0.016412 	 4.863560 	 33.176164
  523 	 0.033117 	 6.341078 	 48.114561
  524 	 0.026565 	 6.592084 	 60.931732
  525 	 0.020784 	 4.670524 	 30.196376
  526 	 0.016412 	 4.941173 	 37.642831
  527 	 0.033117 	 6.413183 	 48.114561
  528 	 0.026565 	 6.940244 	 60.931732
  529 	 0.020784 	 4.998204 	 30.196376
  530 	 0.016412 	 4.610797 	 37.642831
  531 	 0.033117 	 6.413183 	 48.114561
  532 	 0.026565 	 7.104084 	 60.931732
  533 	 0.020099 	 4.992521 	 30.196376
  534 	 0.016412 	 4.610797 	 37.642831
  535 	 0.033117 	 7.082236 	 49.752961
  536 	 0.026565 	 7.104084 	 60.931732
  537 	 0.020099 	 5.325321 	 30.196376
  538 	 0.016412 	 4.610797 	 37.642831
  539 	 0.033117 	 7.079776 	 49.752961
  540 	 0.026565 	 7.093851 	 60.931732
  541 	 0.020099 	 5.412361 	 30.196376
  542 	 0.016412 	 4.696613 	 37.642831
  543 	 0.033117 	 6.750025 	 49.752961
  544 	 0.026565 	 7.065070 	 60.931732
  545 	 0.020058 	 5.431630 	 30.196376
  546 	 0.016412 	 4.697080 	 37.642831
  547 	 0.033117 	 6.835785 	 49.855361
  548 	 0.026565 	 7.146186 	 60.931732
  549 	 0.020058 	 5.431630 	 30.196376
  550 	 0.016412 	 4.717533 	 37.642831
  551 	 0.027770 	 6.835707 	 49.855361
  552 	 0.026565 	 7.078198 	 60.931732
  553 	 0.020058 	 5.509920 	 36.010230
  554 	 0.016412 	 4.738013 	 37.642831
  555 	 0.027770 	 6.748085 	 49.855361
  556 	 0.026565 	 7.074640 	 60.931732
  557 	 0.020058 	 5.837600 	 36.010230
  558 	 0.016412 	 5.065691 	 37.642831
  559 	 0.027770 	 6.277881 	 49.855361
  560 	 0.026565 	 7.066844 	 60.931732
  561 	 0.018931 	 5.914086 	 36.010230
  562 	 0.016412 	 5.077208 	 37.642831
  563 	 0.027770 	 7.016372 	 52.823086
  564 	 0.026565 	 7.393765 	 60.931732
  565 	 0.018931 	 5.882600 	 36.010230
  566 	 0.016412 	 5.075812 	 37.642831
  567 	 0.027770 	 7.671732 	 52.823086
  568 	 0.026565 	 7.726343 	 60.931732
  569 	 0.018931 	 5.882600 	 36.010230
  570 	 0.016412 	 4.920550 	 37.642831
  571 	 0.027770 	 7.671732 	 52.823086
  572 	 0.026565 	 7.991300 	 60.931732
  573 	 0.018931 	 5.882600 	 36.010230
  574 	 0.016412 	 4.925670 	 37.642831
  575 	 0.027770 	 7.671730 	 52.823086
  576 	 0.018301 	 7.973300 	 60.931732
  577 	 0.018931 	 5.881565 	 36.010230
  578 	 0.016412 	 5.503086 	 54.641679
  579 	 0.027770 	 7.667895 	 52.823086
  580 	 0.018301 	 8.075372 	 60.931732
  581 	 0.018931 	 6.209238 	 36.010230
  582 	 0.016412 	 5.521885 	 54.641679
  583 	 0.027770 	 7.393469 	 52.823086
  584 	 0.018301 	 7.641122 	 60.931732
  585 	 0.018931 	 6.639318 	 36.010230
  586 	 0.016412 	 5.881850 	 54.641679
  587 	 0.027770 	 7.204871 	 52.823086
  588 	 0.018301 	 7.475903 	 60.931732
  589 	 0.018931 	 6.654249 	 36.010230
  590 	 0.016412 	 5.811322 	 54.641679
  591 	 0.027770 	 7.227911 	 52.823086
  592 	 0.018301 	 7.454962 	 60.931732
  593 	 0.018931 	 6.652905 	 36.010230
  594 	 0.016412 	 5.792434 	 54.641679
  595 	 0.027770 	 7.556869 	 52.823086
  596 	 0.018301 	 7.203066 	 60.931732
  597 	 0.018931 	 6.654185 	 36.010230
  598 	 0.016412 	 6.190735 	 54.641679
  599 	 0.027770 	 7.035753 	 52.823086
  600 	 0.018267 	 7.208423 	 60.931732
  601 	 0.018931 	 6.639654 	 36.010230
  602 	 0.016412 	 6.485548 	 54.744079
  603 	 0.027770 	 7.363243 	 52.823086
  604 	 0.018267 	 7.291598 	 60.931732
  605 	 0.018931 	 6.308808 	 36.010230
  606 	 0.016412 	 6.506028 	 54.744079
  607 	 0.027770 	 7.442468 	 52.823086
  608 	 0.018267 	 7.282627 	 60.931732
  609 	 0.018931 	 6.636458 	 36.010230
  610 	 0.016412 	 6.057729 	 54.744079
  611 	 0.019060 	 7.009365 	 52.823086
  612 	 0.018267 	 7.610306 	 60.931732
  613 	 0.018931 	 7.067818 	 52.464896
  614 	 0.016412 	 6.058878 	 54.744079
  615 	 0.019060 	 7.009341 	 52.823086
  616 	 0.018267 	 7.304849 	 60.931732
  617 	 0.018931 	 7.088298 	 52.464896
  618 	 0.016412 	 6.090028 	 54.744079
  619 	 0.019060 	 7.009254 	 52.823086
  620 	 0.018267 	 7.309969 	 60.931732
  621 	 0.018931 	 7.154540 	 52.464896
  622 	 0.016412 	 6.090028 	 54.744079
  623 	 0.019060 	 6.570915 	 52.823086
  624 	 0.018267 	 6.555876 	 60.792631
  625 	 0.018931 	 7.815020 	 52.464896
  626 	 0.016449 	 5.865866 	 54.744079
  627 	 0.019060 	 6.326407 	 52.823086
  628 	 0.018267 	 6.554300 	 60.792631
  629 	 0.018931 	 7.804628 	 52.464896
  630 	 0.016449 	 5.932021 	 54.744079
  631 	 0.019060 	 6.339840 	 52.823086
  632 	 0.018267 	 6.886863 	 60.792631
  633 	 0.018931 	 8.132223 	 52.464896
  634 	 0.016449 	 6.259701 	 54.744079
  635 	 0.019060 	 6.225084 	 52.823086
  636 	 0.018267 	 6.565338 	 60.792631
  637 	 0.018931 	 8.133503 	 52.464896
  638 	 0.016449 	 6.263541 	 54.744079
  639 	 0.019060 	 6.225084 	 52.823086
  640 	 0.018267 	 6.565338 	 60.792631
  641 	 0.018931 	 8.126609 	 52.464896
  642 	 0.016449 	 6.263541 	 54.744079
  643 	 0.019060 	 5.984105 	 52.823086
  644 	 0.018267 	 6.522180 	 60.792631
  645 	 0.018931 	 7.781470 	 52.464896
  646 	 0.016449 	 6.268661 	 54.744079
  647 	 0.019060 	 5.985147 	 52.823086
  648 	 0.018267 	 6.457951 	 60.792631
  649 	 0.018931 	 7.347991 	 52.464896
  650 	 0.016449 	 6.273781 	 54.744079
  651 	 0.019060 	 6.622552 	 52.823086
  652 	 0.018267 	 6.457944 	 60.792631
  653 	 0.018931 	 7.350679 	 52.464896
  654 	 0.016449 	 5.725517 	 54.744079
  655 	 0.019060 	 6.358031 	 52.823086
  656 	 0.018267 	 6.211223 	 60.792631
  657 	 0.018741 	 7.112123 	 52.464896
  658 	 0.016449 	 5.357292 	 54.744079
  659 	 0.019060 	 6.683056 	 53.359462
  660 	 0.018267 	 6.541931 	 60.792631
  661 	 0.018741 	 7.085566 	 52.464896
  662 	 0.016449 	 5.439212 	 54.744079
  663 	 0.019060 	 7.015856 	 53.359462
  664 	 0.018267 	 6.453878 	 60.792631
  665 	 0.018741 	 7.085566 	 52.464896
  666 	 0.016449 	 6.116332 	 54.744079
  667 	 0.019060 	 7.014367 	 53.359462
  668 	 0.018267 	 6.453799 	 60.792631
  669 	 0.018741 	 7.173753 	 52.464896
  670 	 0.016449 	 6.093290 	 54.744079
  671 	 0.019060 	 7.015647 	 53.359462
  672 	 0.018267 	 7.109159 	 60.792631
  673 	 0.018741 	 6.824399 	 52.464896
  674 	 0.016449 	 6.092043 	 54.744079
  675 	 0.019060 	 6.976768 	 53.359462
  676 	 0.018267 	 7.105112 	 60.792631
  677 	 0.018741 	 6.813067 	 52.464896
  678 	 0.016449 	 5.760360 	 54.744079
  679 	 0.019060 	 7.062600 	 53.359462
  680 	 0.018267 	 7.451470 	 60.792631
  681 	 0.018741 	 6.814347 	 52.464896
  682 	 0.016449 	 5.829194 	 54.744079
  683 	 0.019060 	 7.015362 	 53.359462
  684 	 0.018267 	 7.534670 	 60.792631
  685 	 0.018741 	 6.896267 	 52.464896
  686 	 0.016449 	 5.728734 	 54.744079
  687 	 0.019060 	 6.689162 	 53.359462
  688 	 0.018267 	 7.575630 	 60.792631
  689 	 0.018741 	 6.969909 	 52.464896
  690 	 0.016449 	 5.621653 	 54.744079
  691 	 0.019060 	 7.344522 	 53.359462
  692 	 0.018267 	 7.484945 	 60.792631
  693 	 0.018741 	 6.881703 	 52.464896
  694 	 0.016449 	 5.929112 	 54.744079
  695 	 0.019060 	 7.426442 	 53.359462
  696 	 0.018267 	 7.834385 	 60.792631
  697 	 0.018741 	 6.875403 	 52.464896
  698 	 0.016449 	 5.920491 	 54.744079
  699 	 0.019060 	 7.755402 	 53.359462
  700 	 0.018267 	 8.163287 	 60.792631
  701 	 0.018741 	 6.875403 	 52.464896
  702 	 0.016449 	 5.595899 	 54.744079
  703 	 0.019060 	 7.687922 	 53.359462
  704 	 0.018267 	 8.250327 	 60.792631
  705 	 0.018741 	 6.744431 	 52.464896
  706 	 0.016449 	 5.595044 	 54.744079
  707 	 0.019060 	 7.780800 	 53.359462
  708 	 0.018267 	 8.270563 	 60.792631
  709 	 0.018741 	 7.073391 	 52.464896
  710 	 0.016449 	 5.241679 	 54.744079
  711 	 0.019060 	 7.758913 	 53.359462
  712 	 0.018267 	 8.362723 	 60.792631
  713 	 0.018741 	 7.058463 	 52.464896
  714 	 0.016449 	 5.241679 	 54.744079
  715 	 0.019060 	 7.780671 	 53.359462
  716 	 0.018267 	 8.254305 	 60.792631
  717 	 0.018741 	 6.686778 	 52.464896
  718 	 0.016449 	 5.344079 	 54.744079
  719 	 0.019060 	 7.783393 	 53.359462
  720 	 0.018267 	 7.988892 	 60.792631
  721 	 0.018741 	 5.951843 	 39.742324
  722 	 0.016449 	 5.355599 	 54.744079
  723 	 0.025162 	 8.375169 	 53.359462
  724 	 0.018267 	 7.945144 	 60.792631
  725 	 0.018741 	 6.300001 	 39.742324
  726 	 0.016449 	 5.705035 	 54.744079
  727 	 0.019028 	 8.013435 	 53.359462
  728 	 0.018267 	 7.934994 	 60.792631
  729 	 0.018741 	 6.655374 	 52.555069
  730 	 0.016449 	 5.651503 	 54.744079
  731 	 0.019028 	 8.018470 	 53.359462
  732 	 0.018267 	 7.933247 	 60.792631
  733 	 0.018741 	 6.626673 	 52.555069
  734 	 0.016449 	 5.669849 	 54.744079
  735 	 0.019028 	 7.937718 	 53.359462
  736 	 0.018267 	 7.994988 	 60.792631
  737 	 0.018741 	 6.648313 	 52.555069
  738 	 0.016449 	 6.017179 	 54.744079
  739 	 0.019028 	 7.944118 	 53.359462
  740 	 0.018267 	 7.424187 	 60.792631
  741 	 0.018741 	 6.644072 	 52.555069
  742 	 0.016449 	 6.038939 	 54.744079
  743 	 0.019028 	 7.979958 	 53.359462
  744 	 0.018267 	 7.389115 	 60.792631
  745 	 0.018741 	 5.958624 	 39.742324
  746 	 0.016449 	 6.054499 	 54.744079
  747 	 0.025162 	 8.036587 	 53.359462
  748 	 0.018267 	 7.387272 	 60.792631
  749 	 0.018741 	 6.050784 	 39.742324
  750 	 0.016449 	 6.081379 	 54.744079
  751 	 0.025162 	 8.036587 	 53.359462
  752 	 0.018267 	 7.060360 	 60.792631
  753 	 0.018741 	 6.050784 	 39.742324
  754 	 0.016449 	 6.098500 	 54.744079
  755 	 0.025162 	 8.010399 	 53.359462
  756 	 0.018267 	 7.095086 	 60.792631
  757 	 0.018741 	 6.132704 	 39.742324
  758 	 0.016449 	 6.509290 	 54.744079
  759 	 0.025162 	 8.010399 	 53.359462
  760 	 0.018267 	 6.732629 	 60.792631
  761 	 0.018741 	 6.132704 	 39.742324
  762 	 0.016449 	 6.595970 	 54.744079
  763 	 0.025162 	 8.010393 	 53.359462
  764 	 0.018267 	 6.754389 	 60.792631
  765 	 0.018741 	 6.137824 	 39.742324
  766 	 0.016449 	 6.588800 	 54.744079
  767 	 0.025162 	 7.993446 	 53.359462
  768 	 0.018267 	 6.836291 	 60.792631
  769 	 0.018741 	 6.158304 	 39.742324
  770 	 0.016449 	 6.629760 	 54.744079
  771 	 0.025162 	 7.987895 	 53.359462
  772 	 0.018267 	 6.813435 	 60.792631
  773 	 0.018741 	 6.485984 	 39.742324
  774 	 0.016449 	 7.614041 	 54.744079
  775 	 0.025162 	 7.638986 	 53.359462
  776 	 0.018267 	 6.730645 	 60.792631
  777 	 0.018741 	 6.260768 	 39.742324
  778 	 0.016449 	 7.634521 	 54.744079
  779 	 0.025162 	 7.269762 	 53.359462
  780 	 0.018267 	 6.730645 	 60.792631
  781 	 0.018741 	 6.445061 	 39.742324
  782 	 0.016449 	 7.634521 	 54.744079
  783 	 0.025162 	 7.289296 	 53.359462
  784 	 0.018267 	 6.730645 	 60.792631
  785 	 0.018741 	 6.167783 	 39.742324
  786 	 0.016449 	 7.634439 	 54.744079
  787 	 0.025162 	 7.638736 	 53.359462
  788 	 0.018267 	 6.812565 	 60.792631
  789 	 0.018741 	 5.899363 	 39.742324
  790 	 0.016449 	 7.177803 	 54.744079
  791 	 0.025162 	 7.259112 	 53.359462
  792 	 0.018267 	 7.470802 	 60.792631
  793 	 0.018741 	 5.903713 	 39.742324
  794 	 0.016449 	 7.182911 	 54.744079
  795 	 0.025162 	 6.935109 	 53.359462
  796 	 0.018267 	 7.197208 	 60.792631
  797 	 0.018741 	 5.925279 	 39.742324
  798 	 0.016449 	 7.189311 	 54.744079
  799 	 0.025162 	 6.874918 	 53.359462
  800 	 0.018267 	 7.187168 	 60.792631
  801 	 0.018741 	 5.945674 	 39.742324
  802 	 0.016449 	 7.598817 	 54.744079
  803 	 0.025162 	 6.953577 	 53.359462
  804 	 0.018267 	 7.192288 	 60.792631
  805 	 0.018741 	 5.948233 	 39.742324
  806 	 0.016449 	 7.513170 	 54.744079
  807 	 0.025162 	 6.953454 	 53.359462
  808 	 0.018267 	 7.160793 	 60.792631
  809 	 0.018741 	 5.386567 	 34.087538
  810 	 0.016449 	 7.468451 	 54.744079
  811 	 0.029336 	 7.213896 	 53.359462
  812 	 0.018267 	 7.162044 	 60.792631
  813 	 0.018741 	 5.140926 	 34.087538
  814 	 0.016449 	 7.488724 	 54.744079
  815 	 0.029336 	 7.295816 	 53.359462
  816 	 0.018267 	 7.489724 	 60.792631
  817 	 0.018741 	 5.138986 	 34.087538
  818 	 0.016449 	 7.395386 	 54.744079
  819 	 0.029336 	 7.705410 	 53.359462
  820 	 0.018267 	 7.816975 	 60.792631
  821 	 0.018741 	 5.363841 	 34.087538
  822 	 0.016449 	 7.396666 	 54.744079
  823 	 0.029336 	 8.021744 	 53.359462
  824 	 0.018267 	 7.406701 	 60.792631
  825 	 0.018741 	 5.013881 	 34.087538
  826 	 0.016449 	 7.892026 	 54.744079
  827 	 0.029336 	 8.431344 	 53.359462
  828 	 0.018267 	 7.406701 	 60.792631
  829 	 0.018741 	 4.972729 	 34.087538
  830 	 0.016449 	 7.585203 	 54.744079
  831 	 0.029336 	 8.511013 	 53.359462
  832 	 0.018267 	 7.087692 	 60.792631
  833 	 0.018741 	 5.319931 	 34.087538
  834 	 0.016449 	 7.610746 	 54.744079
  835 	 0.029336 	 8.266760 	 53.359462
  836 	 0.018267 	 7.065085 	 60.792631
  837 	 0.018741 	 5.668091 	 34.087538
  838 	 0.016449 	 7.268047 	 54.744079
  839 	 0.029336 	 8.264601 	 53.359462
  840 	 0.018267 	 6.384622 	 41.624472
  841 	 0.018741 	 5.385896 	 34.087538
  842 	 0.024024 	 7.600846 	 54.744079
  843 	 0.029336 	 7.914756 	 53.359462
  844 	 0.018267 	 6.356161 	 41.624472
  845 	 0.018741 	 5.472936 	 34.087538
  846 	 0.024024 	 7.578952 	 54.744079
  847 	 0.029336 	 7.901443 	 53.359462
  848 	 0.018267 	 6.439361 	 41.624472
  849 	 0.018741 	 5.360789 	 34.087538
  850 	 0.024024 	 7.055811 	 54.744079
  851 	 0.029336 	 8.332803 	 53.359462
  852 	 0.018267 	 6.120403 	 41.624472
  853 	 0.018741 	 5.242366 	 34.087538
  854 	 0.024024 	 6.717631 	 54.744079
  855 	 0.029336 	 8.429366 	 53.359462
  856 	 0.018267 	 6.222803 	 41.624472
  857 	 0.018741 	 5.324286 	 34.087538
  858 	 0.024024 	 6.716544 	 54.744079
  859 	 0.029336 	 8.401706 	 53.359462
  860 	 0.018267 	 5.895459 	 41.624472
  861 	 0.018741 	 5.651966 	 34.087538
  862 	 0.024024 	 5.585913 	 54.744079
  863 	 0.029336 	 8.329831 	 53.359462
  864 	 0.018267 	 6.539552 	 41.624472
  865 	 0.018741 	 5.986039 	 34.087538
  866 	 0.024024 	 5.591033 	 54.744079
  867 	 0.029336 	 8.334951 	 53.359462
  868 	 0.018267 	 6.536950 	 41.624472
  869 	 0.018741 	 5.986039 	 34.087538
  870 	 0.024024 	 5.230176 	 54.744079
  871 	 0.029336 	 8.334951 	 53.359462
  872 	 0.018267 	 6.639119 	 41.624472
  873 	 0.018741 	 5.986039 	 34.087538
  874 	 0.024024 	 5.154831 	 54.744079
  875 	 0.029336 	 8.334951 	 53.359462
  876 	 0.018267 	 6.716744 	 41.624472
  877 	 0.018741 	 5.986039 	 34.087538
  878 	 0.024024 	 5.148890 	 54.744079
  879 	 0.029336 	 7.181386 	 53.359462
  880 	 0.018267 	 6.693087 	 41.624472
  881 	 0.018741 	 6.380269 	 34.087538
  882 	 0.024024 	 5.495665 	 54.744079
  883 	 0.029336 	 7.206015 	 53.359462
  884 	 0.018267 	 6.902359 	 41.624472
  885 	 0.018741 	 6.436716 	 34.087538
  886 	 0.024024 	 5.577585 	 54.744079
  887 	 0.029336 	 7.528092 	 53.359462
  888 	 0.018267 	 6.372321 	 33.818564
  889 	 0.018741 	 6.496681 	 34.087538
  890 	 0.029570 	 5.909117 	 54.744079
  891 	 0.029336 	 7.529676 	 53.359462
  892 	 0.018267 	 6.651974 	 33.818564
  893 	 0.018741 	 6.657201 	 34.087538
  894 	 0.029570 	 6.011189 	 54.744079
  895 	 0.029336 	 7.610186 	 53.359462
  896 	 0.018267 	 6.534528 	 33.818564
  897 	 0.018741 	 6.733338 	 34.087538
  898 	 0.029570 	 6.095669 	 54.744079
  899 	 0.029336 	 7.633226 	 53.359462
  900 	 0.018267 	 6.534528 	 33.818564
  901 	 0.018741 	 6.733338 	 34.087538
  902 	 0.029570 	 6.073801 	 54.744079
  903 	 0.016583 	 7.633066 	 53.359462
  904 	 0.018267 	 6.515373 	 33.818564
  905 	 0.018741 	 7.061018 	 60.301937
  906 	 0.029570 	 6.524360 	 54.744079
  907 	 0.016583 	 7.243978 	 53.359462
  908 	 0.018267 	 6.515227 	 33.818564
  909 	 0.018741 	 7.066138 	 60.301937
  910 	 0.029570 	 6.527127 	 54.744079
  911 	 0.016583 	 7.243748 	 53.359462
  912 	 0.018267 	 6.516427 	 33.818564
  913 	 0.018741 	 7.406329 	 60.301937
  914 	 0.029570 	 6.521421 	 54.744079
  915 	 0.016471 	 7.326947 	 53.359462
  916 	 0.018267 	 6.578785 	 33.818564
  917 	 0.018741 	 7.397230 	 60.711537
  918 	 0.029570 	 6.594744 	 54.744079
  919 	 0.016471 	 7.021861 	 53.359462
  920 	 0.018267 	 6.489656 	 33.818564
  921 	 0.018741 	 7.331853 	 60.711537
  922 	 0.029570 	 7.020982 	 54.744079
  923 	 0.016471 	 6.945076 	 53.359462
  924 	 0.018267 	 6.388512 	 33.818564
  925 	 0.018741 	 7.360064 	 60.711537
  926 	 0.029570 	 7.113114 	 54.744079
  927 	 0.016471 	 7.047476 	 53.359462
  928 	 0.018267 	 6.466962 	 33.818564
  929 	 0.018741 	 7.359117 	 60.711537
  930 	 0.029570 	 6.846945 	 54.744079
  931 	 0.016471 	 7.129392 	 53.359462
  932 	 0.018267 	 6.703607 	 33.818564
  933 	 0.018741 	 7.351326 	 60.711537
  934 	 0.029570 	 7.261665 	 54.744079
  935 	 0.016471 	 7.134512 	 53.359462
  936 	 0.018267 	 6.672050 	 33.818564
  937 	 0.018741 	 7.351326 	 60.711537
  938 	 0.029570 	 7.917025 	 54.744079
  939 	 0.016471 	 7.128435 	 53.359462
  940 	 0.018267 	 5.956817 	 33.818564
  941 	 0.018741 	 7.438366 	 60.711537
  942 	 0.029570 	 7.549589 	 54.744079
  943 	 0.016471 	 7.128435 	 53.359462
  944 	 0.018267 	 6.365810 	 33.818564
  945 	 0.018741 	 7.394914 	 60.711537
  946 	 0.029570 	 7.289442 	 54.744079
  947 	 0.016471 	 6.981192 	 53.359462
  948 	 0.018233 	 6.133373 	 33.818564
  949 	 0.018741 	 7.052162 	 60.711537
  950 	 0.029570 	 7.070986 	 54.846479
  951 	 0.016471 	 6.982472 	 53.359462
  952 	 0.018233 	 6.217853 	 33.818564
  953 	 0.018741 	 6.852699 	 60.711537
  954 	 0.029570 	 6.989034 	 54.846479
  955 	 0.016471 	 7.965512 	 53.359462
  956 	 0.016307 	 5.978921 	 33.818564
  957 	 0.018741 	 6.852699 	 60.711537
  958 	 0.029570 	 6.912232 	 61.322677
  959 	 0.016444 	 7.928786 	 53.359462
  960 	 0.016307 	 6.141245 	 33.818564
  961 	 0.018225 	 7.180833 	 60.813937
  962 	 0.029570 	 7.239912 	 61.322677
  963 	 0.016444 	 7.949943 	 54.871085
  964 	 0.016307 	 6.028080 	 33.818564
  965 	 0.018225 	 7.206404 	 60.813937
  966 	 0.029570 	 7.321832 	 61.322677
  967 	 0.016444 	 7.949987 	 54.871085
  968 	 0.016307 	 5.637252 	 33.818564
  969 	 0.018225 	 7.129572 	 60.813937
  970 	 0.029570 	 7.403752 	 61.322677
  971 	 0.016444 	 8.031907 	 54.871085
  972 	 0.016307 	 5.624827 	 33.818564
  973 	 0.018225 	 7.129572 	 60.813937
  974 	 0.029570 	 7.731432 	 61.322677
  975 	 0.016444 	 7.638852 	 54.871085
  976 	 0.016307 	 5.624763 	 33.818564
  977 	 0.018225 	 7.134692 	 60.813937
  978 	 0.029570 	 7.378235 	 61.322677
  979 	 0.016444 	 7.638586 	 54.871085
  980 	 0.016307 	 5.629800 	 33.818564
  981 	 0.018225 	 6.445997 	 60.813937
  982 	 0.029570 	 7.383326 	 61.322677
  983 	 0.016444 	 8.108261 	 54.871085
  984 	 0.016307 	 5.387097 	 33.818564
  985 	 0.018225 	 6.839525 	 60.813937
  986 	 0.029570 	 7.205952 	 61.322677
  987 	 0.016444 	 8.438501 	 54.871085
  988 	 0.016307 	 5.393497 	 33.818564
  989 	 0.018225 	 6.452793 	 60.813937
  990 	 0.029065 	 7.204789 	 61.322677
  991 	 0.016444 	 7.675237 	 54.214076
  992 	 0.016307 	 5.687351 	 34.406020
  993 	 0.018445 	 6.889405 	 60.813937
  994 	 0.029065 	 7.537589 	 61.322677
  995 	 0.016444 	 7.664018 	 54.214076
  996 	 0.016307 	 5.687351 	 34.406020
  997 	 0.018445 	 6.538483 	 60.813937
  998 	 0.029065 	 7.252468 	 61.322677
  999 	 0.016444 	 7.013437 	 53.359462
 