   0 	 0.001107 	 0.001811 	 0.003402
    1 	 0.001088 	 0.001799 	 0.003254
    2 	 0.001159 	 0.001977 	 0.004409
    3 	 0.001347 	 0.002201 	 0.004516
    4 	 0.001265 	 0.002558 	 0.007097
    5 	 0.001124 	 0.002983 	 0.007097
    6 	 0.001849 	 0.003382 	 0.007097
    7 	 0.001849 	 0.003713 	 0.006836
    8 	 0.001849 	 0.003921 	 0.009200
    9 	 0.001858 	 0.004589 	 0.012631
   10 	 0.002350 	 0.005346 	 0.013075
   11 	 0.002350 	 0.005827 	 0.012631
   12 	 0.002690 	 0.006539 	 0.012631
   13 	 0.002411 	 0.007162 	 0.013074
   14 	 0.002411 	 0.008075 	 0.024043
   15 	 0.003198 	 0.008911 	 0.013074
   16 	 0.004307 	 0.010234 	 0.022588
   17 	 0.004686 	 0.010372 	 0.022582
   18 	 0.005210 	 0.010960 	 0.022582
   19 	 0.005360 	 0.012235 	 0.024043
   20 	 0.006594 	 0.013706 	 0.024041
   21 	 0.006262 	 0.014862 	 0.024041
   22 	 0.006594 	 0.016710 	 0.024039
   23 	 0.008188 	 0.018218 	 0.024040
   24 	 0.008188 	 0.020416 	 0.024042
   25 	 0.010798 	 0.021698 	 0.082880
   26 	 0.009676 	 0.025857 	 0.106449
   27 	 0.012214 	 0.039669 	 0.106542
   28 	 0.012214 	 0.063736 	 0.106542
   29 	 0.019073 	 0.084544 	 0.106462
   30 	 0.016534 	 0.089183 	 0.106542
   31 	 0.009668 	 0.099552 	 0.106474
   32 	 -0.253652 	 0.095745 	 0.106502
   33 	 0.029728 	 0.103708 	 0.106580
   34 	 0.012215 	 0.100812 	 0.109658
   35 	 0.012615 	 0.103415 	 0.106353
   36 	 0.011815 	 0.100557 	 0.106551
   37 	 0.011815 	 0.102234 	 0.106547
   38 	 0.015186 	 0.100516 	 0.106556
   39 	 0.012615 	 0.103404 	 0.106556
   40 	 0.025637 	 0.104084 	 0.106518
   41 	 0.013531 	 0.101371 	 0.106547
   42 	 0.020103 	 0.103409 	 0.106399
   43 	 0.013531 	 0.101276 	 0.106537
   44 	 0.020103 	 0.102855 	 0.106462
   45 	 0.014591 	 0.102577 	 0.106537
   46 	 0.029729 	 0.103885 	 0.106462
   47 	 0.015831 	 0.104415 	 0.106524
   48 	 0.015186 	 0.102234 	 0.106353
   49 	 0.011452 	 0.100272 	 0.106510
   50 	 -0.253592 	 0.093008 	 0.106518
   51 	 0.014041 	 0.101002 	 0.106560
   52 	 0.011815 	 0.101165 	 0.109657
   53 	 0.012615 	 0.103445 	 0.106531
   54 	 0.012615 	 0.101352 	 0.106556
   55 	 0.011464 	 0.104337 	 0.106353
   56 	 0.025637 	 0.102903 	 0.106547
   57 	 0.013057 	 0.103484 	 0.106560
   58 	 -0.253592 	 0.092191 	 0.106399
   59 	 0.019074 	 0.103839 	 0.106542
   60 	 0.015186 	 0.104525 	 0.109657
   61 	 0.012615 	 0.103231 	 0.106474
   62 	 0.105457 	 0.105514 	 0.106518
   63 	 0.013057 	 0.103354 	 0.106547
   64 	 0.105491 	 0.105503 	 0.105503
   65 	 0.057040 	 0.104921 	 0.106542
   66 	 0.012615 	 0.103511 	 0.105503
   67 	 0.013531 	 0.104360 	 0.106045
   68 	 0.082218 	 0.105234 	 0.106547
   69 	 -0.247812 	 0.099361 	 0.105503
   70 	 0.013057 	 0.103238 	 0.105763
   71 	 0.012615 	 0.102651 	 0.109588
   72 	 -0.253592 	 0.098725 	 0.106542
   73 	 0.011452 	 0.100458 	 0.106547
   74 	 -0.253592 	 0.094787 	 0.109657
   75 	 0.012202 	 0.101551 	 0.106560
   76 	 0.011815 	 0.098718 	 0.109657
   77 	 0.011815 	 0.102128 	 0.106552
   78 	 0.067353 	 0.105102 	 0.106556
   79 	 0.012202 	 0.103421 	 0.106556
   80 	 0.025637 	 0.103741 	 0.105929
   81 	 0.014591 	 0.103808 	 0.106552
   82 	 0.014591 	 0.102433 	 0.106399
   83 	 0.008006 	 0.099923 	 0.106524
   84 	 0.020103 	 0.103096 	 0.106524
   85 	 0.011815 	 0.101778 	 0.106599
   86 	 0.012202 	 0.102356 	 0.106462
   87 	 0.011452 	 0.101236 	 0.106556
   88 	 0.011452 	 0.104362 	 0.106552
   89 	 0.020103 	 0.104192 	 0.106560
   90 	 0.057040 	 0.104619 	 0.106560
   91 	 0.035375 	 0.103649 	 0.106462
   92 	 0.020103 	 0.102259 	 0.106045
   93 	 -0.253592 	 0.094931 	 0.106289
   94 	 -0.253592 	 0.099883 	 0.106462
   95 	 0.011815 	 0.102754 	 0.109657
   96 	 0.013057 	 0.098193 	 0.109657
   97 	 -0.253592 	 0.099542 	 0.106556
   98 	 0.016534 	 0.101777 	 0.106542
   99 	 0.082218 	 0.105280 	 0.109657
  100 	 0.018145 	 0.103066 	 0.106502
  101 	 0.012615 	 0.104344 	 0.105763
  102 	 0.012615 	 0.104369 	 0.106484
  103 	 0.012615 	 0.101064 	 0.106547
  104 	 0.011452 	 0.102406 	 0.106547
  105 	 0.027532 	 0.103663 	 0.106547
  106 	 0.013057 	 0.104382 	 0.106560
  107 	 0.105491 	 0.105523 	 0.106378
  108 	 0.020103 	 0.103429 	 0.106542
  109 	 0.022535 	 0.104465 	 0.105503
  110 	 0.032307 	 0.104611 	 0.106462
  111 	 0.105503 	 0.105514 	 0.106434
  112 	 0.032307 	 0.104598 	 0.106324
  113 	 0.015831 	 0.102187 	 0.105503
  114 	 0.039086 	 0.104683 	 0.106324
  115 	 0.022535 	 0.103897 	 0.106510
  116 	 0.032307 	 0.103991 	 0.106247
  117 	 0.032307 	 0.104606 	 0.106434
  118 	 0.012202 	 0.103198 	 0.106324
  119 	 0.016534 	 0.102418 	 0.106324
  120 	 0.105494 	 0.105529 	 0.106552
  121 	 0.012615 	 0.103023 	 0.106502
  122 	 -0.253592 	 0.096310 	 0.105503
  123 	 0.013057 	 0.099299 	 0.106547
  124 	 0.011815 	 0.100533 	 0.109657
  125 	 0.011452 	 0.103791 	 0.106542
  126 	 0.011826 	 0.102634 	 0.106556
  127 	 0.016534 	 0.101671 	 0.106560
  128 	 0.013057 	 0.102232 	 0.106556
  129 	 0.009926 	 0.102771 	 0.106502
  130 	 0.015186 	 0.102795 	 0.106542
  131 	 0.012202 	 0.103287 	 0.106577
  132 	 0.105491 	 0.105533 	 0.106518
  133 	 0.105491 	 0.105528 	 0.106552
  134 	 0.021250 	 0.102582 	 0.105503
  135 	 0.016534 	 0.103371 	 0.105503
  136 	 0.012202 	 0.102812 	 0.106449
  137 	 0.012202 	 0.103217 	 0.106502
  138 	 0.012202 	 0.101486 	 0.106552
  139 	 0.029729 	 0.104581 	 0.106552
  140 	 0.105491 	 0.105548 	 0.106552
  141 	 0.007676 	 0.103198 	 0.106353
  142 	 0.011452 	 0.101448 	 0.105503
  143 	 0.011452 	 0.103273 	 0.106603
  144 	 0.011452 	 0.102775 	 0.106560
  145 	 0.020103 	 0.102836 	 0.106560
  146 	 0.017302 	 0.102228 	 0.106560
  147 	 0.011815 	 0.099109 	 0.106462
  148 	 0.020103 	 0.103474 	 0.106494
  149 	 0.105492 	 0.105575 	 0.106556
 