   0 	 0.001036 	 0.001825 	 0.003565
    1 	 0.001347 	 0.001972 	 0.003282
    2 	 0.001352 	 0.002182 	 0.003341
    3 	 0.001425 	 0.002327 	 0.003466
    4 	 0.001481 	 0.002517 	 0.004357
    5 	 0.001616 	 0.002567 	 0.004357
    6 	 0.001441 	 0.002657 	 0.004357
    7 	 0.001795 	 0.002915 	 0.008373
    8 	 0.001867 	 0.003298 	 0.008373
    9 	 0.001867 	 0.003943 	 0.008373
   10 	 0.001822 	 0.004396 	 0.008373
   11 	 0.002198 	 0.004899 	 0.010496
   12 	 0.002459 	 0.005692 	 0.010800
   13 	 0.002459 	 0.005997 	 0.010800
   14 	 0.003312 	 0.006627 	 0.010496
   15 	 0.003498 	 0.006937 	 0.011122
   16 	 0.004163 	 0.007299 	 0.011122
   17 	 0.004072 	 0.007784 	 0.011122
   18 	 0.004462 	 0.008078 	 0.011122
   19 	 0.004571 	 0.008470 	 0.012217
   20 	 0.005519 	 0.008955 	 0.016560
   21 	 0.004117 	 0.009167 	 0.014612
   22 	 0.005961 	 0.010096 	 0.043853
   23 	 0.005602 	 0.015196 	 0.249216
   24 	 0.008372 	 0.070320 	 0.249366
   25 	 -0.247878 	 0.172577 	 0.249388
   26 	 0.020141 	 0.233278 	 0.249216
   27 	 -0.263177 	 0.230635 	 0.266217
   28 	 0.013063 	 0.227781 	 0.248487
   29 	 -0.262210 	 0.225035 	 0.267306
   30 	 0.013035 	 0.226108 	 0.248925
   31 	 0.029614 	 0.233929 	 0.267237
   32 	 0.043421 	 0.234011 	 0.248927
   33 	 0.018102 	 0.230730 	 0.247904
   34 	 0.020050 	 0.228509 	 0.247058
   35 	 0.014016 	 0.220863 	 0.248613
   36 	 0.016499 	 0.230800 	 0.248493
   37 	 0.012182 	 0.220532 	 0.248866
   38 	 0.014564 	 0.228067 	 0.248712
   39 	 0.017263 	 0.231331 	 0.248979
   40 	 0.012180 	 0.228369 	 0.248832
   41 	 0.025551 	 0.230947 	 0.248665
   42 	 0.012594 	 0.228133 	 0.248980
   43 	 0.021191 	 0.228172 	 0.248153
   44 	 -0.262260 	 0.228426 	 0.248954
   45 	 -0.262260 	 0.224702 	 0.248422
   46 	 0.018102 	 0.229012 	 0.267240
   47 	 0.020050 	 0.233826 	 0.267240
   48 	 0.234112 	 0.236246 	 0.248613
   49 	 0.066767 	 0.232710 	 0.248493
   50 	 0.027433 	 0.229530 	 0.235942
   51 	 0.015156 	 0.226673 	 0.245641
   52 	 0.014564 	 0.229594 	 0.248038
   53 	 0.144417 	 0.235239 	 0.248795
   54 	 0.013507 	 0.231327 	 0.248832
   55 	 0.035212 	 0.231268 	 0.241043
   56 	 0.015156 	 0.232209 	 0.248897
   57 	 0.012182 	 0.227002 	 0.247560
   58 	 0.017259 	 0.229459 	 0.248795
   59 	 0.017263 	 0.227242 	 0.248979
   60 	 0.013035 	 0.227370 	 0.248665
   61 	 0.014042 	 0.227366 	 0.248665
   62 	 0.012182 	 0.226293 	 0.248927
   63 	 0.015799 	 0.227166 	 0.248864
   64 	 0.012594 	 0.226479 	 0.248979
   65 	 0.012594 	 0.223235 	 0.248755
   66 	 0.043421 	 0.230608 	 0.248954
   67 	 0.021191 	 0.231394 	 0.248954
   68 	 0.013033 	 0.225893 	 0.247058
   69 	 0.013035 	 0.230591 	 0.248422
   70 	 0.022469 	 0.231521 	 0.248927
   71 	 0.013507 	 0.222616 	 0.248927
   72 	 0.056619 	 0.233859 	 0.248343
   73 	 0.013507 	 0.231335 	 0.248897
   74 	 0.017263 	 0.230652 	 0.246255
   75 	 0.016499 	 0.227968 	 0.248897
   76 	 -0.262260 	 0.225025 	 0.248665
   77 	 0.013035 	 0.230790 	 0.248712
   78 	 0.012182 	 0.228332 	 0.267240
   79 	 0.013507 	 0.227917 	 0.248927
   80 	 0.043421 	 0.233882 	 0.248979
   81 	 0.025551 	 0.229001 	 0.248897
   82 	 0.015156 	 0.222626 	 0.247058
   83 	 0.013035 	 0.230778 	 0.248153
   84 	 0.013507 	 0.225586 	 0.248795
   85 	 0.020050 	 0.230900 	 0.248927
   86 	 0.015799 	 0.233698 	 0.248897
   87 	 0.013035 	 0.231111 	 0.248493
   88 	 0.013507 	 0.230861 	 0.248755
   89 	 -0.262260 	 0.228256 	 0.248927
   90 	 0.017263 	 0.228012 	 0.248897
   91 	 -0.262260 	 0.219428 	 0.267240
   92 	 0.017263 	 0.230890 	 0.248665
   93 	 -0.262260 	 0.218385 	 0.248832
   94 	 0.035212 	 0.232487 	 0.248665
   95 	 0.016499 	 0.234154 	 0.267240
   96 	 0.013035 	 0.230677 	 0.247560
   97 	 0.234112 	 0.235948 	 0.248712
   98 	 0.235196 	 0.236149 	 0.248927
   99 	 0.023911 	 0.232048 	 0.235942
  100 	 0.015799 	 0.226681 	 0.235862
  101 	 0.012182 	 0.227879 	 0.248254
  102 	 0.016499 	 0.231233 	 0.248755
  103 	 0.043421 	 0.231575 	 0.248979
  104 	 -0.262260 	 0.219048 	 0.248712
  105 	 0.032171 	 0.233550 	 0.247058
  106 	 0.012182 	 0.225968 	 0.267240
  107 	 0.013035 	 0.230437 	 0.247746
  108 	 0.012182 	 0.225775 	 0.248979
  109 	 0.025551 	 0.230930 	 0.248927
  110 	 0.017330 	 0.233542 	 0.248866
  111 	 0.014016 	 0.225757 	 0.248153
  112 	 0.016499 	 0.229984 	 0.248661
  113 	 0.066767 	 0.234323 	 0.248866
  114 	 0.013035 	 0.230680 	 0.248712
  115 	 0.013035 	 0.225778 	 0.245641
  116 	 0.014564 	 0.231144 	 0.248927
  117 	 0.021191 	 0.231084 	 0.248927
  118 	 0.235120 	 0.236121 	 0.248832
  119 	 0.235120 	 0.236127 	 0.248422
  120 	 0.032171 	 0.228937 	 0.235886
  121 	 0.013507 	 0.225498 	 0.235886
  122 	 0.014564 	 0.230716 	 0.247746
  123 	 0.014564 	 0.231107 	 0.248897
  124 	 0.013507 	 0.233369 	 0.248832
  125 	 0.013035 	 0.230561 	 0.248832
  126 	 0.012594 	 0.223429 	 0.248897
  127 	 0.013507 	 0.226850 	 0.248927
  128 	 0.013507 	 0.224470 	 0.248897
  129 	 0.235120 	 0.236371 	 0.248897
  130 	 0.035473 	 0.233854 	 0.248897
  131 	 0.025551 	 0.233188 	 0.235886
  132 	 0.012594 	 0.230544 	 0.247544
  133 	 -0.262260 	 0.224286 	 0.248153
  134 	 0.019026 	 0.223478 	 0.248954
  135 	 0.013035 	 0.233766 	 0.267240
  136 	 0.023911 	 0.231515 	 0.248556
  137 	 0.015799 	 0.228024 	 0.248927
  138 	 0.017263 	 0.232128 	 0.247058
  139 	 0.021191 	 0.233621 	 0.248755
  140 	 -0.262260 	 0.219346 	 0.248665
  141 	 0.013507 	 0.225374 	 0.248422
  142 	 0.023911 	 0.228926 	 0.267240
  143 	 0.066767 	 0.234343 	 0.248897
  144 	 0.032171 	 0.233707 	 0.248254
  145 	 0.235122 	 0.235934 	 0.245641
  146 	 0.017263 	 0.233240 	 0.247746
  147 	 0.016499 	 0.228191 	 0.235886
  148 	 0.017263 	 0.225261 	 0.248665
  149 	 0.144417 	 0.235150 	 0.248712
 