   0 	 0.001173 	 0.001769 	 0.004628
    1 	 0.001208 	 0.001971 	 0.004686
    2 	 0.001215 	 0.002100 	 0.004686
    3 	 0.001314 	 0.002309 	 0.004686
    4 	 0.001352 	 0.002530 	 0.005001
    5 	 0.001265 	 0.002876 	 0.006480
    6 	 0.001589 	 0.003317 	 0.006480
    7 	 0.001770 	 0.003648 	 0.008565
    8 	 0.001674 	 0.004208 	 0.009433
    9 	 0.001906 	 0.004907 	 0.012631
   10 	 0.001915 	 0.006027 	 0.021296
   11 	 0.002224 	 0.009727 	 0.249508
   12 	 0.002614 	 0.049859 	 0.249527
   13 	 -0.734068 	 0.193570 	 0.249574
   14 	 0.017259 	 0.239066 	 0.249574
   15 	 0.019022 	 0.220942 	 0.305797
   16 	 0.014013 	 0.221009 	 0.248665
   17 	 0.023909 	 0.229623 	 0.248556
   18 	 0.014016 	 0.226381 	 0.248866
   19 	 0.014564 	 0.219717 	 0.248255
   20 	 0.017263 	 0.230960 	 0.248866
   21 	 0.022469 	 0.231579 	 0.248832
   22 	 0.014016 	 0.228619 	 0.248665
   23 	 0.027433 	 0.231380 	 0.248343
   24 	 0.019026 	 0.230930 	 0.248866
   25 	 0.020050 	 0.228426 	 0.248038
   26 	 0.018102 	 0.225896 	 0.248556
   27 	 0.027433 	 0.233675 	 0.248493
   28 	 0.015156 	 0.230907 	 0.248613
   29 	 0.035212 	 0.233466 	 0.248038
   30 	 -0.886015 	 0.208090 	 0.248795
   31 	 0.013035 	 0.228073 	 0.247560
   32 	 0.021191 	 0.235268 	 0.320698
   33 	 0.015156 	 0.231137 	 0.248927
   34 	 0.014564 	 0.233122 	 0.248422
   35 	 0.019096 	 0.228162 	 0.248795
   36 	 0.011797 	 0.230600 	 0.248832
   37 	 0.015156 	 0.233537 	 0.248552
   38 	 0.014564 	 0.230666 	 0.249003
   39 	 0.016499 	 0.233241 	 0.248795
   40 	 0.015799 	 0.230658 	 0.248832
   41 	 0.013507 	 0.225816 	 0.248712
   42 	 0.014016 	 0.225517 	 0.248755
   43 	 0.012594 	 0.228130 	 0.248897
   44 	 0.020140 	 0.233594 	 0.248866
   45 	 0.013507 	 0.233521 	 0.248954
   46 	 0.012594 	 0.233189 	 0.248487
   47 	 0.013035 	 0.233199 	 0.248897
   48 	 -0.886015 	 0.219228 	 0.248954
   49 	 0.019107 	 0.233129 	 0.235886
   50 	 0.016499 	 0.232386 	 0.320698
   51 	 0.015156 	 0.231315 	 0.248551
   52 	 0.016499 	 0.230976 	 0.248712
   53 	 0.021191 	 0.231187 	 0.248795
   54 	 0.022469 	 0.225927 	 0.248712
   55 	 0.018102 	 0.231063 	 0.248422
   56 	 -0.745142 	 0.227163 	 0.642795
   57 	 0.023912 	 0.263998 	 0.642795
   58 	 0.215192 	 0.323759 	 0.713671
   59 	 0.215192 	 0.353657 	 0.642796
   60 	 0.022469 	 0.480483 	 0.651444
   61 	 0.013507 	 0.521512 	 0.651444
   62 	 0.215192 	 0.539384 	 0.744974
   63 	 0.019888 	 0.509173 	 0.749981
   64 	 -0.282539 	 0.511029 	 0.651444
   65 	 0.065569 	 0.544621 	 0.746409
   66 	 0.018915 	 0.524912 	 0.964023
   67 	 0.013955 	 0.512185 	 0.721799
   68 	 0.015087 	 0.532075 	 0.746952
   69 	 0.018004 	 0.542041 	 0.749730
   70 	 0.483837 	 0.541756 	 0.749094
   71 	 0.019931 	 0.531620 	 0.747461
   72 	 0.483336 	 0.537345 	 0.554417
   73 	 -0.284831 	 0.524446 	 0.746386
   74 	 0.015087 	 0.513272 	 0.554571
   75 	 0.008526 	 0.532216 	 0.966157
   76 	 0.012546 	 0.528920 	 0.749094
   77 	 0.013956 	 0.509616 	 0.752794
   78 	 0.483336 	 0.543293 	 0.750522
   79 	 -0.284847 	 0.526799 	 0.749729
   80 	 0.483003 	 0.536965 	 0.554571
   81 	 0.015087 	 0.526353 	 0.966173
   82 	 0.015737 	 0.525345 	 0.554331
   83 	 0.011395 	 0.522112 	 0.749094
   84 	 0.012546 	 0.517239 	 0.748729
   85 	 0.015087 	 0.532160 	 0.751171
   86 	 0.034841 	 0.541097 	 0.750522
   87 	 0.012546 	 0.491563 	 0.749094
   88 	 0.013453 	 0.514297 	 0.738171
   89 	 0.012546 	 0.538423 	 0.750522
   90 	 0.048429 	 0.541705 	 0.750012
   91 	 0.016417 	 0.528006 	 0.750522
   92 	 0.483122 	 0.538094 	 0.730840
   93 	 0.018936 	 0.523237 	 0.748349
   94 	 0.021056 	 0.525386 	 0.554637
   95 	 0.015724 	 0.519244 	 0.746940
   96 	 0.018003 	 0.523978 	 0.745759
   97 	 0.025356 	 0.528571 	 0.748737
   98 	 0.018918 	 0.538140 	 0.747461
   99 	 0.012546 	 0.536623 	 0.743376
  100 	 0.483718 	 0.539181 	 0.746951
  101 	 0.012546 	 0.507390 	 0.750522
  102 	 -0.284847 	 0.502602 	 0.554454
  103 	 0.013453 	 0.537727 	 0.750522
  104 	 0.015087 	 0.546998 	 0.966173
  105 	 0.013956 	 0.503887 	 0.750012
  106 	 0.015039 	 0.514220 	 0.749094
  107 	 0.015724 	 0.533032 	 0.749729
  108 	 0.025356 	 0.541265 	 0.749121
  109 	 0.015724 	 0.529169 	 0.748737
  110 	 0.023624 	 0.513485 	 0.743376
  111 	 0.034588 	 0.536929 	 0.748737
  112 	 0.012984 	 0.510213 	 0.744334
  113 	 0.021056 	 0.526482 	 0.738309
  114 	 0.015087 	 0.531455 	 0.750276
  115 	 0.031861 	 0.530597 	 0.745759
  116 	 0.018912 	 0.530397 	 0.749094
  117 	 0.100883 	 0.536433 	 0.739798
  118 	 0.018003 	 0.529732 	 0.746954
  119 	 0.016417 	 0.526302 	 0.703858
  120 	 0.483837 	 0.542258 	 0.747461
  121 	 0.494140 	 0.543179 	 0.748349
  122 	 0.021056 	 0.530721 	 0.554417
  123 	 -0.284847 	 0.520087 	 0.551268
  124 	 0.018003 	 0.521854 	 0.745759
  125 	 0.025356 	 0.540157 	 0.966173
  126 	 0.025356 	 0.538724 	 0.747461
  127 	 0.027207 	 0.520080 	 0.743376
  128 	 0.013453 	 0.514341 	 0.743376
  129 	 0.015087 	 0.535004 	 0.742354
  130 	 0.038514 	 0.541304 	 0.750012
  131 	 0.013956 	 0.521139 	 0.749094
  132 	 0.018918 	 0.519232 	 0.736175
  133 	 0.029351 	 0.527079 	 0.749729
  134 	 0.015087 	 0.526458 	 0.746951
  135 	 0.012546 	 0.528737 	 0.733828
  136 	 0.029351 	 0.537625 	 0.749094
  137 	 0.029351 	 0.529881 	 0.750522
  138 	 -0.284847 	 0.499034 	 0.741174
  139 	 0.015087 	 0.529349 	 0.741174
  140 	 0.014499 	 0.529125 	 0.966173
  141 	 0.014500 	 0.525250 	 0.749094
  142 	 0.014500 	 0.518748 	 0.749424
  143 	 0.012629 	 0.521581 	 0.749424
  144 	 0.012984 	 0.534008 	 0.749424
  145 	 0.012984 	 0.525889 	 0.750476
  146 	 0.023740 	 0.523071 	 0.750276
  147 	 0.018918 	 0.525634 	 0.750276
  148 	 -0.286148 	 0.521767 	 0.744270
  149 	 0.014500 	 0.507852 	 0.746951
 