   0 	 0.001110 	 0.001794 	 0.003821
    1 	 0.001124 	 0.001936 	 0.003402
    2 	 0.001265 	 0.002010 	 0.003531
    3 	 0.001291 	 0.002205 	 0.003531
    4 	 0.001188 	 0.002380 	 0.003821
    5 	 0.001524 	 0.002556 	 0.004870
    6 	 0.001589 	 0.002716 	 0.004870
    7 	 0.001638 	 0.003173 	 0.006158
    8 	 0.001645 	 0.003162 	 0.006262
    9 	 0.001858 	 0.003579 	 0.008373
   10 	 0.001858 	 0.004074 	 0.008978
   11 	 0.002135 	 0.004414 	 0.015857
   12 	 0.002427 	 0.005579 	 0.015857
   13 	 0.002992 	 0.006790 	 0.016562
   14 	 0.003254 	 0.009269 	 0.032410
   15 	 0.002968 	 0.011027 	 0.032414
   16 	 0.004116 	 0.015790 	 0.032414
   17 	 0.003498 	 0.022672 	 0.149253
   18 	 0.004686 	 0.028820 	 0.149389
   19 	 0.006369 	 0.046171 	 0.149281
   20 	 0.012216 	 0.089836 	 0.149293
   21 	 0.019101 	 0.125871 	 0.149367
   22 	 0.029690 	 0.137450 	 0.149236
   23 	 0.013069 	 0.137778 	 0.148846
   24 	 0.013050 	 0.136882 	 0.148848
   25 	 0.012608 	 0.139287 	 0.149217
   26 	 0.017290 	 0.141817 	 0.149218
   27 	 0.011815 	 0.134855 	 0.149228
   28 	 0.014033 	 0.139617 	 0.149123
   29 	 0.012608 	 0.139014 	 0.149245
   30 	 0.019059 	 0.141980 	 0.149196
   31 	 -0.256243 	 0.140920 	 0.149228
   32 	 0.023963 	 0.143388 	 0.149084
   33 	 -0.256243 	 0.136700 	 0.155465
   34 	 0.025610 	 0.144059 	 0.148975
   35 	 0.029693 	 0.145065 	 0.155465
   36 	 0.020087 	 0.144780 	 0.148939
   37 	 0.012196 	 0.140083 	 0.148848
   38 	 0.012196 	 0.138670 	 0.149061
   39 	 0.012625 	 0.142062 	 0.149237
   40 	 0.012196 	 0.144799 	 0.149237
   41 	 0.012608 	 0.143022 	 0.148642
   42 	 0.012608 	 0.141555 	 0.149237
   43 	 -0.256243 	 0.137824 	 0.149228
   44 	 0.023963 	 0.140721 	 0.149228
   45 	 0.014583 	 0.142077 	 0.155465
   46 	 0.015821 	 0.142896 	 0.148975
   47 	 -0.256243 	 0.139187 	 0.149184
   48 	 0.043590 	 0.145099 	 0.149156
   49 	 0.012256 	 0.137050 	 0.149218
   50 	 0.014583 	 0.142120 	 0.148541
   51 	 0.013524 	 0.141920 	 0.149235
   52 	 0.067168 	 0.145410 	 0.149184
   53 	 0.017290 	 0.141802 	 0.149207
   54 	 -0.256243 	 0.133777 	 0.148022
   55 	 0.018131 	 0.141004 	 0.149123
   56 	 0.013524 	 0.140362 	 0.155465
   57 	 0.019059 	 0.144833 	 0.149105
   58 	 -0.256243 	 0.139011 	 0.149207
   59 	 0.146249 	 0.146341 	 0.149084
   60 	 0.018131 	 0.143292 	 0.155465
   61 	 0.020087 	 0.143245 	 0.146310
   62 	 0.023963 	 0.144845 	 0.149105
   63 	 0.018131 	 0.143386 	 0.149061
   64 	 0.015821 	 0.139000 	 0.148975
   65 	 0.015821 	 0.143529 	 0.149105
   66 	 0.013524 	 0.141036 	 0.149156
   67 	 0.011809 	 0.142541 	 0.149156
   68 	 -0.256402 	 0.135353 	 0.149207
   69 	 0.021231 	 0.143280 	 0.149245
   70 	 0.014033 	 0.137436 	 0.155469
   71 	 0.021231 	 0.142481 	 0.149036
   72 	 0.018167 	 0.136983 	 0.149196
   73 	 0.018131 	 0.140434 	 0.149036
   74 	 0.014033 	 0.141188 	 0.149104
   75 	 -0.256243 	 0.140415 	 0.149105
   76 	 0.012608 	 0.140429 	 0.149196
   77 	 0.014583 	 0.140345 	 0.155465
   78 	 0.015177 	 0.143514 	 0.149228
   79 	 0.011809 	 0.139465 	 0.149184
   80 	 0.020087 	 0.144792 	 0.149170
   81 	 -0.256243 	 0.139941 	 0.149245
   82 	 0.013050 	 0.141979 	 0.149061
   83 	 0.013119 	 0.139037 	 0.148897
   84 	 0.021231 	 0.142050 	 0.149218
   85 	 0.021231 	 0.140909 	 0.149216
   86 	 0.015177 	 0.136907 	 0.149036
   87 	 0.016523 	 0.139394 	 0.149036
   88 	 0.016523 	 0.143606 	 0.149170
   89 	 -0.256243 	 0.135269 	 0.149140
   90 	 0.017290 	 0.141320 	 0.149140
   91 	 -0.256243 	 0.138305 	 0.155465
   92 	 0.014583 	 0.143383 	 0.149123
   93 	 0.012196 	 0.140088 	 0.155465
   94 	 0.014033 	 0.133981 	 0.149184
   95 	 0.015821 	 0.140401 	 0.149237
   96 	 0.017329 	 0.142292 	 0.149196
   97 	 0.013545 	 0.139369 	 0.149156
   98 	 0.011809 	 0.138907 	 0.149122
   99 	 0.012608 	 0.139972 	 0.149207
  100 	 0.016549 	 0.143480 	 0.149245
  101 	 0.035324 	 0.144544 	 0.149228
  102 	 0.008363 	 0.141758 	 0.149140
  103 	 0.015832 	 0.141545 	 0.148723
  104 	 0.022514 	 0.144860 	 0.149322
  105 	 0.032264 	 0.144987 	 0.149156
  106 	 0.012608 	 0.140209 	 0.149007
  107 	 0.014583 	 0.139518 	 0.146310
  108 	 0.014583 	 0.144795 	 0.149228
  109 	 0.011809 	 0.144775 	 0.149184
  110 	 0.012195 	 0.140508 	 0.149184
  111 	 0.011809 	 0.141392 	 0.149245
  112 	 0.012608 	 0.141791 	 0.149237
  113 	 0.023963 	 0.144886 	 0.149245
  114 	 0.023963 	 0.144878 	 0.149228
  115 	 0.020087 	 0.144762 	 0.148975
  116 	 0.014033 	 0.141958 	 0.148975
  117 	 0.067168 	 0.145353 	 0.149061
  118 	 -0.256243 	 0.138711 	 0.149196
  119 	 0.012196 	 0.133830 	 0.148022
  120 	 0.012608 	 0.136266 	 0.155465
  121 	 0.013073 	 0.144363 	 0.149237
  122 	 0.011809 	 0.143052 	 0.149228
  123 	 0.067168 	 0.144372 	 0.149217
  124 	 -0.256243 	 0.139369 	 0.149245
  125 	 0.013050 	 0.143176 	 0.148022
  126 	 0.023963 	 0.144935 	 0.155465
  127 	 0.022514 	 0.143372 	 0.149218
  128 	 0.013050 	 0.142305 	 0.148975
  129 	 0.029693 	 0.139902 	 0.149007
  130 	 0.016523 	 0.140964 	 0.149218
  131 	 0.014052 	 0.137692 	 0.148848
  132 	 -0.256243 	 0.138795 	 0.149140
  133 	 0.018131 	 0.141944 	 0.149195
  134 	 0.022514 	 0.141915 	 0.155465
  135 	 0.012196 	 0.140321 	 0.149105
  136 	 0.017290 	 0.143580 	 0.149007
  137 	 0.013050 	 0.142206 	 0.149237
  138 	 0.067168 	 0.145379 	 0.149123
  139 	 0.012608 	 0.137642 	 0.149218
  140 	 0.014033 	 0.139733 	 0.148022
  141 	 0.025610 	 0.141250 	 0.149228
  142 	 0.012608 	 0.143233 	 0.149196
  143 	 0.035324 	 0.143747 	 0.148939
  144 	 0.014033 	 0.138800 	 0.149228
  145 	 -0.256243 	 0.138389 	 0.148723
  146 	 0.015177 	 0.138960 	 0.149105
  147 	 0.032264 	 0.145060 	 0.155465
  148 	 0.032264 	 0.145043 	 0.149170
  149 	 0.016523 	 0.140046 	 0.148791
 