   0 	 0.019186 	 0.088539 	 1.627604
    1 	 0.019300 	 0.356095 	 3.255205
    2 	 0.021300 	 1.126061 	 2.968389
    3 	 0.039079 	 1.329634 	 3.059315
    4 	 0.036788 	 0.730753 	 2.966209
    5 	 0.037833 	 0.628112 	 2.856720
    6 	 0.042943 	 0.947771 	 2.907073
    7 	 0.039863 	 0.929281 	 2.214429
    8 	 0.042227 	 0.792485 	 2.855977
    9 	 0.040637 	 0.815368 	 4.077945
   10 	 0.033682 	 0.981366 	 4.048137
   11 	 0.053401 	 1.009391 	 2.872956
   12 	 0.161772 	 0.968421 	 2.933566
   13 	 0.040662 	 0.767794 	 2.011347
   14 	 0.041312 	 0.834328 	 2.727973
   15 	 0.042290 	 1.103630 	 4.064092
   16 	 0.041490 	 1.032478 	 4.063195
   17 	 0.038286 	 0.853188 	 3.155741
   18 	 0.228812 	 0.895696 	 4.060247
   19 	 0.036052 	 0.999866 	 2.894474
   20 	 0.148751 	 0.928230 	 1.886233
   21 	 0.276338 	 0.878094 	 2.913309
   22 	 0.127093 	 0.889276 	 2.828445
   23 	 0.310510 	 0.944831 	 1.933724
   24 	 0.318914 	 0.915783 	 2.302594
   25 	 0.041345 	 0.846755 	 1.940579
   26 	 0.398820 	 0.866365 	 1.597153
   27 	 0.444884 	 0.935495 	 2.869064
   28 	 0.482693 	 0.878510 	 1.416389
   29 	 0.314835 	 0.857856 	 1.329639
   30 	 0.036674 	 0.888975 	 1.454560
   31 	 0.107833 	 0.909474 	 1.607625
   32 	 0.567614 	 0.923014 	 4.141223
   33 	 0.098943 	 0.862342 	 1.384594
   34 	 0.132298 	 0.864920 	 1.294642
   35 	 0.036574 	 0.916120 	 3.292254
   36 	 0.619377 	 0.939236 	 2.299402
   37 	 0.285955 	 0.939527 	 2.908887
   38 	 0.399329 	 0.887682 	 1.213331
   39 	 0.321163 	 0.902903 	 2.037676
   40 	 0.705153 	 0.917604 	 1.655276
   41 	 0.445936 	 0.921085 	 1.901275
   42 	 0.107107 	 0.881670 	 1.098957
   43 	 0.474817 	 0.890579 	 1.327782
   44 	 0.673530 	 0.934306 	 3.206082
   45 	 0.652494 	 0.912200 	 1.471417
   46 	 0.293179 	 0.884150 	 1.138523
   47 	 0.518272 	 0.889773 	 1.166461
   48 	 0.041751 	 0.899421 	 2.008115
   49 	 0.074217 	 0.901744 	 1.382988
   50 	 0.451893 	 0.937295 	 4.055950
   51 	 0.518733 	 0.923087 	 3.584006
   52 	 0.234700 	 0.899352 	 1.522782
   53 	 0.263935 	 0.901090 	 1.382106
   54 	 0.105811 	 0.903828 	 2.275309
   55 	 0.630157 	 0.920458 	 2.133399
   56 	 0.403208 	 0.947070 	 3.219463
   57 	 0.131016 	 0.886265 	 1.197666
   58 	 0.292034 	 0.905235 	 1.644715
   59 	 0.112141 	 0.912740 	 2.977821
   60 	 0.131017 	 0.908711 	 2.012745
   61 	 0.129741 	 0.914165 	 3.155163
   62 	 0.280839 	 0.900421 	 2.977812
   63 	 0.041616 	 0.963648 	 2.989165
   64 	 0.036641 	 0.934506 	 2.059144
   65 	 0.041569 	 0.920413 	 4.058167
   66 	 0.281061 	 0.926843 	 4.141793
   67 	 0.234578 	 0.993184 	 4.058943
   68 	 0.230065 	 0.922756 	 2.058199
   69 	 0.234536 	 0.913102 	 2.275941
   70 	 0.041368 	 0.895899 	 2.299562
   71 	 0.281007 	 0.930286 	 2.276163
   72 	 0.280491 	 0.960191 	 4.062258
   73 	 0.107553 	 0.913055 	 2.058428
   74 	 0.234353 	 0.899466 	 2.060618
   75 	 0.280836 	 0.934673 	 3.201500
   76 	 0.441420 	 0.942182 	 2.277107
   77 	 0.107707 	 0.892331 	 2.059153
   78 	 0.402916 	 0.895905 	 1.547461
   79 	 0.441705 	 0.983583 	 3.199923
   80 	 0.036600 	 0.903267 	 1.645505
   81 	 0.293710 	 0.889326 	 1.546777
   82 	 0.364017 	 0.945167 	 4.142504
   83 	 0.280427 	 0.935668 	 2.005978
   84 	 0.230028 	 0.895758 	 1.758034
   85 	 0.271886 	 0.890460 	 2.060890
   86 	 0.041585 	 0.920000 	 2.299761
   87 	 0.441367 	 0.940903 	 2.097816
   88 	 0.042000 	 0.925203 	 4.058685
   89 	 0.434289 	 0.893803 	 1.547588
   90 	 0.234550 	 0.982098 	 4.051862
   91 	 0.041588 	 0.896004 	 1.564728
   92 	 0.041588 	 0.881330 	 2.276089
   93 	 0.565122 	 0.968888 	 4.058628
   94 	 0.403081 	 1.030964 	 4.058628
   95 	 0.234553 	 0.889427 	 1.298832
   96 	 0.234553 	 0.878843 	 1.645058
   97 	 0.041268 	 0.918150 	 2.276073
   98 	 0.540582 	 0.961558 	 2.276073
   99 	 0.043134 	 0.912668 	 4.058624
  100 	 0.107921 	 0.865674 	 1.341593
  101 	 0.234553 	 0.951669 	 4.033331
  102 	 0.419429 	 0.966348 	 3.197735
  103 	 0.036798 	 0.898853 	 2.276072
  104 	 0.293899 	 0.881562 	 1.601975
  105 	 0.036600 	 0.964810 	 4.139111
  106 	 0.518932 	 0.937428 	 2.005219
  107 	 0.165260 	 0.921016 	 4.142498
  108 	 0.280460 	 0.876543 	 1.381726
  109 	 0.107516 	 0.929211 	 2.702265
  110 	 0.293720 	 0.940950 	 2.060749
  111 	 0.343990 	 0.945203 	 2.411284
  112 	 0.258347 	 0.887395 	 2.005939
  113 	 0.382251 	 0.908828 	 1.822191
  114 	 0.041588 	 0.918190 	 2.159141
  115 	 0.361109 	 0.911511 	 1.703430
  116 	 0.423022 	 0.942195 	 4.058632
  117 	 0.036601 	 0.910485 	 1.767068
  118 	 0.234553 	 0.910021 	 1.592806
  119 	 0.507133 	 0.945090 	 4.142487
  120 	 0.518984 	 0.912725 	 2.276074
  121 	 0.230029 	 0.889367 	 1.404626
  122 	 0.403084 	 0.911217 	 1.381628
  123 	 0.041588 	 0.934202 	 2.299756
  124 	 0.630347 	 0.906054 	 1.645051
  125 	 0.399272 	 0.930433 	 4.058631
  126 	 0.540584 	 0.904057 	 1.197394
  127 	 0.234553 	 0.917123 	 1.655430
  128 	 0.518989 	 0.900234 	 1.341590
  129 	 0.513758 	 0.903849 	 2.276074
  130 	 0.130527 	 0.893979 	 1.198487
  131 	 0.041596 	 0.904842 	 1.391676
  132 	 0.659951 	 0.925890 	 2.982162
  133 	 0.626379 	 0.936813 	 4.058509
  134 	 0.313778 	 0.886572 	 1.156403
  135 	 0.036569 	 0.888822 	 1.203109
  136 	 0.036589 	 0.885867 	 1.928348
  137 	 0.280486 	 0.953210 	 4.143037
  138 	 0.274501 	 1.003464 	 4.142683
  139 	 0.131720 	 0.893258 	 2.060638
  140 	 0.230018 	 0.889939 	 2.086371
  141 	 0.441416 	 0.952374 	 2.971591
  142 	 0.436458 	 0.958863 	 2.299811
  143 	 0.286398 	 0.877673 	 1.547470
  144 	 0.041607 	 0.874661 	 1.344703
  145 	 0.107542 	 0.936518 	 2.035837
  146 	 0.107699 	 0.953974 	 4.058328
  147 	 0.446302 	 0.911141 	 3.201620
  148 	 0.035757 	 0.920310 	 3.200003
  149 	 0.041588 	 0.903932 	 1.535858
  150 	 0.293703 	 0.975663 	 4.157018
  151 	 0.280487 	 0.948042 	 4.058636
  152 	 0.108029 	 0.877985 	 2.006006
  153 	 0.036601 	 0.903367 	 2.060636
  154 	 0.452324 	 0.992702 	 3.196632
  155 	 0.280487 	 0.944595 	 4.142490
  156 	 0.293994 	 0.879040 	 1.521783
  157 	 0.107935 	 0.918319 	 2.060636
  158 	 0.131588 	 0.939274 	 2.004835
  159 	 0.441416 	 0.944328 	 3.197593
  160 	 0.107191 	 0.903260 	 2.972757
  161 	 0.107662 	 0.896649 	 1.547470
  162 	 0.314707 	 0.949346 	 3.205214
  163 	 0.037435 	 0.932227 	 3.200389
  164 	 0.033580 	 0.876875 	 1.924900
  165 	 0.293669 	 0.970643 	 4.128222
  166 	 0.130790 	 0.987988 	 4.194978
  167 	 0.130527 	 0.895766 	 2.006140
  168 	 0.039761 	 0.897503 	 2.979829
  169 	 0.096257 	 0.946095 	 2.982158
  170 	 0.314008 	 0.968376 	 4.088954
  171 	 0.107624 	 0.896433 	 3.321626
  172 	 0.232896 	 0.893167 	 1.927493
  173 	 0.283573 	 0.960624 	 3.200773
  174 	 0.375248 	 0.935421 	 2.284687
  175 	 0.036565 	 0.869006 	 2.047613
  176 	 0.401689 	 0.899564 	 1.723994
  177 	 0.280844 	 1.057774 	 4.143094
  178 	 0.356894 	 0.915576 	 1.648834
  179 	 0.229996 	 0.871865 	 2.059121
  180 	 0.041588 	 0.887298 	 1.780328
  181 	 0.364162 	 0.986607 	 2.299926
  182 	 0.107532 	 0.971004 	 4.058637
  183 	 0.036601 	 0.869144 	 1.757585
  184 	 0.234553 	 0.912196 	 3.201718
  185 	 0.509584 	 0.998473 	 4.142489
  186 	 0.036599 	 0.917027 	 2.276076
  187 	 0.230028 	 0.882040 	 1.399807
  188 	 0.277258 	 0.936718 	 4.142515
  189 	 0.510954 	 0.942348 	 2.299757
  190 	 0.036599 	 0.910994 	 2.074437
  191 	 0.036600 	 0.885857 	 1.397128
  192 	 0.280537 	 0.971168 	 4.142515
  193 	 0.259134 	 0.955301 	 4.142494
  194 	 0.230027 	 0.901457 	 2.060423
  195 	 0.230028 	 0.899996 	 2.155479
  196 	 0.441458 	 0.939372 	 2.299764
  197 	 0.036606 	 0.925150 	 2.299758
  198 	 0.399271 	 0.902788 	 1.547370
  199 	 0.109770 	 0.925121 	 4.142396
  200 	 0.038935 	 0.900423 	 1.655434
  201 	 0.230033 	 0.942364 	 3.178942
  202 	 0.537567 	 0.955290 	 4.102808
  203 	 0.295531 	 0.896893 	 2.299730
  204 	 0.130527 	 0.871041 	 1.347043
  205 	 0.041684 	 0.930886 	 2.512999
  206 	 0.040834 	 0.973320 	 2.982159
  207 	 0.367945 	 0.934788 	 4.057054
  208 	 0.313779 	 0.940386 	 4.071095
  209 	 0.130459 	 0.908337 	 1.745978
  210 	 0.233869 	 0.946384 	 1.928347
  211 	 0.518926 	 0.948581 	 2.982767
  212 	 0.041381 	 0.909626 	 2.279621
  213 	 0.324132 	 0.908038 	 1.554207
  214 	 0.363101 	 0.966129 	 4.062041
  215 	 0.107652 	 0.935181 	 2.198956
  216 	 0.133518 	 0.916318 	 2.148225
  217 	 0.369672 	 0.975825 	 4.760725
  218 	 0.036478 	 1.008745 	 4.238754
  219 	 0.205629 	 0.953143 	 2.118322
  220 	 0.230353 	 1.041105 	 7.200571
  221 	 0.130705 	 0.954610 	 2.436473
  222 	 0.041578 	 0.981662 	 3.005227
  223 	 0.298884 	 0.962472 	 2.980577
  224 	 0.292887 	 1.041529 	 6.945478
  225 	 0.041619 	 0.942621 	 2.015009
  226 	 0.139855 	 0.982671 	 2.529807
  227 	 0.472275 	 1.057378 	 6.943509
  228 	 0.379909 	 1.006411 	 4.127885
  229 	 0.141926 	 0.944510 	 1.740113
  230 	 0.236391 	 0.975716 	 2.073358
  231 	 0.355921 	 0.993435 	 4.092885
  232 	 0.459610 	 0.980166 	 2.951674
  233 	 0.108237 	 0.971853 	 2.181877
  234 	 0.327431 	 0.962158 	 1.779327
  235 	 0.041701 	 0.991010 	 4.747508
  236 	 0.522866 	 0.948976 	 1.878881
  237 	 0.131033 	 1.017082 	 6.939581
  238 	 0.128598 	 0.955185 	 1.599318
  239 	 0.139970 	 1.061831 	 4.283876
  240 	 0.132515 	 0.956433 	 2.999414
  241 	 0.225655 	 0.979136 	 4.125919
  242 	 0.322392 	 1.000270 	 4.256852
  243 	 0.236501 	 1.023222 	 3.048267
  244 	 0.136736 	 0.920368 	 2.354093
  245 	 0.107991 	 0.927296 	 2.266028
  246 	 0.407084 	 1.048159 	 4.181711
  247 	 0.422221 	 1.051442 	 4.753055
  248 	 0.133133 	 0.896032 	 1.962768
  249 	 0.205954 	 0.924389 	 1.906138
  250 	 0.484222 	 1.085812 	 4.245682
  251 	 0.036699 	 1.007504 	 3.243026
  252 	 0.229986 	 0.907923 	 1.704675
  253 	 0.298916 	 1.021019 	 7.189110
  254 	 0.553380 	 1.042571 	 3.008545
  255 	 0.137146 	 0.991766 	 2.491804
  256 	 0.321446 	 0.921490 	 1.524900
  257 	 0.036676 	 0.973692 	 4.174565
  258 	 0.105942 	 0.982829 	 1.972838
  259 	 0.233811 	 1.056462 	 7.190309
  260 	 0.129012 	 1.010037 	 4.799793
  261 	 0.137123 	 0.961213 	 2.974325
  262 	 0.203990 	 1.012788 	 4.321298
  263 	 0.105880 	 0.989653 	 4.174958
  264 	 0.036825 	 0.958393 	 3.263810
  265 	 0.233789 	 1.021947 	 4.801230
  266 	 0.297070 	 1.061476 	 7.182612
  267 	 0.035982 	 0.964713 	 2.974515
  268 	 0.137268 	 0.965066 	 2.503316
  269 	 0.325001 	 1.065068 	 7.226366
  270 	 0.383772 	 1.017674 	 4.172434
  271 	 0.036623 	 0.943284 	 2.339723
  272 	 0.036804 	 0.927007 	 2.056886
  273 	 0.409480 	 1.092819 	 7.193041
  274 	 0.463116 	 1.161448 	 7.183710
  275 	 0.137072 	 0.939757 	 1.953584
  276 	 0.137247 	 0.925090 	 1.768296
  277 	 0.041668 	 1.010162 	 4.175853
  278 	 0.534560 	 1.041998 	 4.172795
  279 	 0.036682 	 1.029825 	 6.941138
  280 	 0.036589 	 0.904058 	 1.526942
  281 	 0.136041 	 1.080171 	 7.189987
  282 	 0.613745 	 1.098879 	 7.194805
  283 	 0.135230 	 0.966073 	 4.193912
  284 	 0.041678 	 0.886406 	 1.396366
  285 	 0.131006 	 0.974006 	 2.339974
  286 	 0.376508 	 1.113566 	 6.940687
  287 	 0.347983 	 1.009499 	 4.005627
  288 	 0.141983 	 0.906796 	 2.088081
  289 	 0.108313 	 0.981895 	 2.220331
  290 	 0.456521 	 1.070355 	 4.091933
  291 	 0.430528 	 1.013966 	 4.745779
  292 	 0.238417 	 0.916449 	 1.789162
  293 	 0.206263 	 0.982477 	 1.876427
  294 	 0.036765 	 1.030626 	 2.934125
  295 	 0.505350 	 0.989657 	 3.239778
  296 	 0.036749 	 0.975812 	 7.185684
  297 	 0.299206 	 0.971393 	 1.645413
  298 	 0.137210 	 1.133501 	 7.186554
  299 	 0.572143 	 0.974280 	 2.490002
  300 	 0.137194 	 0.932947 	 4.173442
  301 	 0.040702 	 0.954457 	 1.482484
  302 	 0.233872 	 1.080829 	 4.173727
  303 	 0.041025 	 1.030092 	 6.988034
  304 	 0.036660 	 0.903659 	 2.973782
  305 	 0.141035 	 1.021134 	 6.972264
  306 	 0.325078 	 1.144186 	 7.191128
  307 	 0.141349 	 0.983568 	 4.107869
  308 	 0.036670 	 0.917163 	 2.339299
  309 	 0.237514 	 0.991102 	 4.102571
  310 	 0.042064 	 1.120079 	 7.190615
  311 	 0.036282 	 0.941592 	 2.941915
  312 	 0.131484 	 0.973564 	 6.922155
  313 	 0.328481 	 1.136993 	 7.210752
  314 	 0.142358 	 1.120317 	 4.275627
  315 	 0.136740 	 0.958217 	 2.116662
  316 	 0.107963 	 0.925279 	 4.085670
  317 	 0.041993 	 1.033538 	 4.181650
  318 	 0.238773 	 1.115517 	 4.753683
  319 	 0.036667 	 1.037484 	 6.925526
  320 	 0.036679 	 0.906937 	 2.931060
  321 	 0.142289 	 1.076420 	 7.190799
  322 	 0.329657 	 1.140456 	 7.190131
  323 	 0.107542 	 0.979487 	 4.086811
  324 	 0.036457 	 0.884298 	 2.314511
  325 	 0.132191 	 1.049378 	 4.763224
  326 	 0.279339 	 1.218307 	 7.201622
  327 	 0.153751 	 1.024980 	 4.262739
  328 	 0.042637 	 0.883483 	 2.619592
  329 	 0.229088 	 1.037026 	 3.903946
  330 	 0.367378 	 1.197003 	 6.894782
  331 	 0.036593 	 0.945651 	 3.016702
  332 	 0.142915 	 0.876903 	 2.128665
  333 	 0.320605 	 1.129056 	 7.194627
  334 	 0.042381 	 1.105123 	 4.076395
  335 	 0.100470 	 0.928197 	 2.364037
  336 	 0.239303 	 0.978258 	 6.906963
  337 	 0.042278 	 1.087792 	 4.929268
  338 	 0.142666 	 1.053059 	 2.926514
  339 	 0.198741 	 1.004004 	 6.911901
  340 	 0.108045 	 0.924221 	 4.080526
  341 	 0.131576 	 1.015988 	 3.320700
  342 	 0.136565 	 1.070064 	 4.751829
  343 	 0.042419 	 0.991339 	 4.273932
  344 	 0.036582 	 0.955893 	 4.184712
  345 	 0.129835 	 1.103805 	 6.905155
  346 	 0.041683 	 1.101956 	 7.195146
  347 	 0.131625 	 0.992159 	 4.305981
  348 	 0.036522 	 1.003825 	 6.940426
  349 	 0.131780 	 1.062898 	 4.273044
  350 	 0.141988 	 1.113784 	 7.198263
  351 	 0.108175 	 1.007995 	 4.270211
  352 	 0.136974 	 0.959429 	 4.091844
  353 	 0.228696 	 1.051005 	 4.748893
  354 	 0.238422 	 1.069100 	 4.177564
  355 	 0.206131 	 0.984191 	 3.020268
  356 	 0.101142 	 0.915246 	 2.934082
  357 	 0.107905 	 1.008378 	 3.241168
  358 	 0.329328 	 1.135648 	 4.912993
  359 	 0.108132 	 1.010331 	 4.754993
  360 	 0.199386 	 0.924329 	 2.316270
  361 	 0.205872 	 1.043654 	 4.749879
  362 	 0.108173 	 1.041626 	 3.313603
  363 	 0.206089 	 0.989179 	 3.243890
  364 	 0.284915 	 1.024729 	 4.748953
  365 	 0.298838 	 1.015046 	 3.241608
  366 	 0.036675 	 1.002713 	 2.581875
  367 	 0.108169 	 0.948705 	 2.492283
  368 	 0.371567 	 1.109901 	 7.190355
  369 	 0.108166 	 1.042163 	 4.749037
  370 	 0.137122 	 0.988733 	 2.109852
  371 	 0.108176 	 0.979746 	 4.749104
  372 	 0.041661 	 1.032197 	 4.174973
  373 	 0.206122 	 1.058699 	 4.748883
  374 	 0.036651 	 1.034996 	 6.941505
  375 	 0.206131 	 0.952167 	 3.241262
  376 	 0.131485 	 1.055567 	 7.191621
  377 	 0.108145 	 1.018573 	 3.241164
  378 	 0.132922 	 1.044760 	 4.275608
  379 	 0.041691 	 0.969939 	 4.749579
  380 	 0.036145 	 1.034761 	 4.249488
  381 	 0.206101 	 1.104443 	 6.940048
  382 	 0.229785 	 1.073528 	 7.217888
  383 	 0.141996 	 0.964993 	 3.241474
  384 	 0.134284 	 0.991215 	 3.010367
  385 	 0.299054 	 1.040349 	 4.091717
  386 	 0.321258 	 1.058704 	 4.225034
  387 	 0.238429 	 0.953227 	 2.490943
  388 	 0.108085 	 0.941077 	 2.360396
  389 	 0.128869 	 0.995365 	 2.934020
  390 	 0.346877 	 1.137651 	 4.750919
  391 	 0.329335 	 0.994200 	 4.323973
  392 	 0.108148 	 0.944138 	 2.225796
  393 	 0.041880 	 0.956325 	 2.316234
  394 	 0.340780 	 1.082717 	 4.749509
  395 	 0.413457 	 0.998134 	 3.045821
  396 	 0.141133 	 0.950980 	 2.256421
  397 	 0.317640 	 0.963161 	 1.938523
  398 	 0.423941 	 1.077172 	 4.106218
  399 	 0.371461 	 0.970937 	 2.380727
  400 	 0.041764 	 0.935174 	 1.899910
  401 	 0.034846 	 0.965919 	 2.110321
  402 	 0.499423 	 1.098414 	 6.936551
  403 	 0.036655 	 1.002610 	 7.286170
  404 	 0.041841 	 0.920215 	 1.661617
  405 	 0.132350 	 1.055174 	 7.191368
  406 	 0.566888 	 1.142879 	 6.932814
  407 	 0.137103 	 0.996086 	 4.259854
  408 	 0.036554 	 0.885001 	 1.494125
  409 	 0.229239 	 1.020044 	 4.175305
  410 	 0.114166 	 1.182318 	 7.196645
  411 	 0.233770 	 0.970399 	 3.015323
  412 	 0.047330 	 0.937797 	 4.617529
  413 	 0.131483 	 0.991732 	 2.974683
  414 	 0.037153 	 1.146598 	 6.678691
  415 	 0.035179 	 1.012797 	 4.275638
  416 	 0.036268 	 0.977708 	 7.165752
  417 	 0.107542 	 1.151191 	 7.268568
  418 	 0.137587 	 1.193774 	 7.211484
  419 	 0.135667 	 1.015104 	 4.763208
  420 	 0.136726 	 0.923571 	 4.166898
  421 	 0.205524 	 1.062799 	 4.200490
  422 	 0.234231 	 1.130572 	 4.181889
  423 	 0.103317 	 0.960050 	 3.247552
  424 	 0.233411 	 0.912755 	 2.970615
  425 	 0.298512 	 1.105063 	 4.861046
  426 	 0.325413 	 1.079414 	 2.977865
  427 	 0.201473 	 0.950594 	 2.494314
  428 	 0.108164 	 0.894533 	 2.337468
  429 	 0.131490 	 1.029477 	 3.290848
  430 	 0.409858 	 1.106222 	 4.749141
  431 	 0.041656 	 0.988517 	 4.275521
  432 	 0.036675 	 0.886665 	 1.952140
  433 	 0.228419 	 1.041502 	 6.941725
  434 	 0.041685 	 1.084523 	 7.190362
  435 	 0.041331 	 0.977135 	 3.022801
  436 	 0.102560 	 0.977983 	 6.940324
  437 	 0.319979 	 1.076725 	 6.957446
  438 	 0.041620 	 1.064117 	 4.878991
  439 	 0.131587 	 0.957958 	 2.367539
  440 	 0.043137 	 0.980437 	 6.943454
  441 	 0.041663 	 1.031902 	 4.273748
  442 	 0.141927 	 1.095753 	 6.871103
  443 	 0.228511 	 1.032262 	 6.941425
  444 	 0.036634 	 0.931410 	 4.092866
  445 	 0.105247 	 1.005894 	 3.021956
  446 	 0.238364 	 1.053438 	 2.871911
  447 	 0.309909 	 0.989500 	 4.815854
  448 	 0.104955 	 0.931244 	 2.934582
  449 	 0.203324 	 1.011219 	 2.425366
  450 	 0.329274 	 1.084169 	 4.764498
  451 	 0.395606 	 0.944430 	 2.450233
  452 	 0.201236 	 0.917933 	 2.316561
  453 	 0.391752 	 0.983891 	 2.008007
  454 	 0.413401 	 1.039418 	 3.293420
  455 	 0.451915 	 0.953283 	 2.023667
  456 	 0.036369 	 0.912968 	 1.938733
  457 	 0.470352 	 0.971222 	 1.804029
  458 	 0.036683 	 1.088316 	 7.206209
  459 	 0.524541 	 0.959159 	 1.745956
  460 	 0.136825 	 0.985836 	 7.189968
  461 	 0.385916 	 0.955960 	 1.595046
  462 	 0.036764 	 0.937808 	 1.783615
  463 	 0.287226 	 0.961495 	 2.047852
  464 	 0.128859 	 1.170874 	 7.185774
  465 	 0.131467 	 0.937848 	 2.566564
  466 	 0.137209 	 0.968181 	 4.324159
  467 	 0.041390 	 1.024707 	 4.275935
  468 	 0.036411 	 1.094505 	 4.173471
  469 	 0.131926 	 1.091955 	 6.954589
  470 	 0.132911 	 1.093851 	 7.204033
  471 	 0.099606 	 1.019312 	 4.267559
  472 	 0.136866 	 1.079220 	 4.249693
  473 	 0.036981 	 1.065685 	 4.950349
  474 	 0.108225 	 0.985562 	 4.179452
  475 	 0.197912 	 1.025095 	 7.174557
  476 	 0.233544 	 1.109214 	 4.747781
  477 	 0.137420 	 1.068538 	 3.329869
  478 	 0.206178 	 0.973511 	 2.976688
  479 	 0.291352 	 0.994479 	 4.169791
  480 	 0.324772 	 1.054236 	 3.240672
  481 	 0.234072 	 1.016356 	 2.539666
  482 	 0.118210 	 0.945575 	 2.340979
  483 	 0.109401 	 0.987620 	 2.972015
  484 	 0.409269 	 1.068977 	 4.532891
  485 	 0.131713 	 1.018007 	 4.721412
  486 	 0.215736 	 0.923568 	 1.954387
  487 	 0.207305 	 1.014153 	 4.271447
  488 	 0.037129 	 1.011587 	 3.143307
  489 	 0.228632 	 1.010202 	 3.228879
  490 	 0.245641 	 1.038705 	 7.166955
  491 	 0.041708 	 0.997320 	 3.020858
  492 	 0.106479 	 1.012162 	 2.873226
  493 	 0.320178 	 1.102243 	 6.939240
  494 	 0.095430 	 1.034827 	 4.787452
  495 	 0.108819 	 0.965556 	 2.366424
  496 	 0.112256 	 1.003747 	 5.054851
  497 	 0.405051 	 1.078330 	 4.734423
  498 	 0.107786 	 1.023629 	 4.658604
  499 	 0.171461 	 0.937295 	 1.970633
  500 	 0.210040 	 1.058506 	 4.757689
  501 	 0.041778 	 1.058454 	 3.651491
  502 	 0.205758 	 1.025000 	 3.200616
  503 	 0.266390 	 1.010813 	 6.935842
  504 	 0.302754 	 1.011201 	 3.245092
  505 	 0.142081 	 1.021736 	 2.711568
  506 	 0.036671 	 0.975981 	 2.468199
  507 	 0.355370 	 0.995355 	 4.090297
  508 	 0.035186 	 1.217832 	 7.190589
  509 	 0.130891 	 0.985932 	 2.184502
  510 	 0.137118 	 1.023397 	 7.268179
  511 	 0.389588 	 1.004526 	 4.286485
  512 	 0.135675 	 1.092352 	 4.175050
  513 	 0.107021 	 0.977518 	 2.032569
  514 	 0.041880 	 0.976999 	 4.200363
  515 	 0.284738 	 1.024328 	 4.775079
  516 	 0.135864 	 1.106257 	 6.930939
  517 	 0.205024 	 0.986415 	 2.583055
  518 	 0.036824 	 0.976977 	 4.197021
  519 	 0.036643 	 0.980176 	 3.252836
  520 	 0.131473 	 1.152431 	 7.182680
  521 	 0.036419 	 1.034025 	 7.192022
  522 	 0.064612 	 0.989534 	 4.275819
  523 	 0.137091 	 1.061866 	 7.203632
  524 	 0.228403 	 1.081168 	 5.987601
  525 	 0.041670 	 0.972857 	 4.175519
  526 	 0.164204 	 1.000297 	 3.022943
  527 	 0.233758 	 1.090356 	 6.941088
  528 	 0.319965 	 1.019293 	 3.750886
  529 	 0.141975 	 0.941031 	 2.974786
  530 	 0.259519 	 0.992655 	 2.367620
  531 	 0.324972 	 1.054856 	 4.092068
  532 	 0.404855 	 0.993224 	 2.763050
  533 	 0.127839 	 0.923642 	 2.339880
  534 	 0.348985 	 0.961858 	 1.971395
  535 	 0.388116 	 1.093615 	 4.343309
  536 	 0.107019 	 0.974895 	 2.215402
  537 	 0.036627 	 0.903646 	 1.953684
  538 	 0.365813 	 1.031443 	 4.775119
  539 	 0.486361 	 1.131871 	 7.192831
  540 	 0.205022 	 0.984393 	 2.135777
  541 	 0.036666 	 0.892621 	 1.698480
  542 	 0.446792 	 0.968554 	 3.252854
  543 	 0.285054 	 1.208207 	 7.190829
  544 	 0.036954 	 0.958116 	 1.820856
  545 	 0.137113 	 0.898906 	 2.580948
  546 	 0.036994 	 1.026022 	 7.175962
  547 	 0.372669 	 1.133738 	 4.175129
  548 	 0.137394 	 1.089199 	 7.173904
  549 	 0.034467 	 0.900111 	 2.104958
  550 	 0.108164 	 0.966009 	 4.170252
  551 	 0.366885 	 1.129519 	 7.306344
  552 	 0.234047 	 1.070122 	 4.749149
  553 	 0.134976 	 0.922780 	 2.130902
  554 	 0.201859 	 0.965010 	 2.972238
  555 	 0.213179 	 1.057258 	 4.212730
  556 	 0.108149 	 0.998764 	 3.286671
  557 	 0.231743 	 0.937864 	 3.168781
  558 	 0.131502 	 1.005984 	 4.749481
  559 	 0.036600 	 1.024294 	 2.992732
  560 	 0.036610 	 1.025996 	 4.275292
  561 	 0.109545 	 0.990731 	 7.194218
  562 	 0.131024 	 1.044836 	 7.193703
  563 	 0.137050 	 1.050325 	 4.718197
  564 	 0.131510 	 1.002815 	 4.284052
  565 	 0.207443 	 0.955883 	 2.925260
  566 	 0.227975 	 1.041381 	 4.275139
  567 	 0.330288 	 0.986493 	 3.227438
  568 	 0.130922 	 0.964301 	 3.026865
  569 	 0.300315 	 0.986227 	 2.311133
  570 	 0.319564 	 1.033247 	 4.285921
  571 	 0.414330 	 0.984475 	 2.483145
  572 	 0.227878 	 0.963525 	 2.369871
  573 	 0.131361 	 0.962604 	 1.935245
  574 	 0.312860 	 0.990831 	 3.027755
  575 	 0.036665 	 0.980496 	 4.277878
  576 	 0.285457 	 0.953854 	 2.408128
  577 	 0.228296 	 1.059214 	 7.190897
  578 	 0.132442 	 0.947116 	 2.578269
  579 	 0.063604 	 0.967504 	 3.023924
  580 	 0.373041 	 1.108034 	 4.258172
  581 	 0.319864 	 1.131315 	 6.023942
  582 	 0.229328 	 0.949591 	 2.103309
  583 	 0.163230 	 0.945046 	 2.368184
  584 	 0.453369 	 1.046824 	 3.014519
  585 	 0.404763 	 1.059486 	 3.764640
  586 	 0.320830 	 0.940408 	 1.799309
  587 	 0.258596 	 0.934235 	 1.971754
  588 	 0.525843 	 1.029080 	 2.362783
  589 	 0.482124 	 1.030553 	 2.770115
  590 	 0.041684 	 0.923646 	 1.591741
  591 	 0.041687 	 0.925230 	 1.710792
  592 	 0.590270 	 1.121128 	 6.940391
  593 	 0.551513 	 1.071090 	 6.940269
  594 	 0.110785 	 0.909806 	 1.443689
  595 	 0.141992 	 0.937032 	 1.529254
  596 	 0.646793 	 1.104536 	 4.690748
  597 	 0.328632 	 1.004901 	 4.091792
  598 	 0.036445 	 0.899773 	 1.334769
  599 	 0.238425 	 0.955298 	 2.320012
  600 	 0.353791 	 1.117035 	 7.202273
  601 	 0.412812 	 0.984364 	 2.934056
  602 	 0.131556 	 0.917358 	 2.192062
  603 	 0.130572 	 0.946227 	 1.940949
  604 	 0.105428 	 1.084990 	 4.274299
  605 	 0.041684 	 1.002884 	 4.292363
  606 	 0.228483 	 0.964446 	 4.811659
  607 	 0.227544 	 1.008463 	 6.940396
  608 	 0.203498 	 1.028122 	 3.022218
  609 	 0.141989 	 1.002333 	 3.030821
  610 	 0.320039 	 0.960378 	 3.269065
  611 	 0.091896 	 0.967778 	 4.091834
  612 	 0.296607 	 1.006159 	 2.367204
  613 	 0.238423 	 1.029083 	 5.146790
  614 	 0.332187 	 0.932118 	 2.506221
  615 	 0.190506 	 0.944332 	 2.934077
  616 	 0.383344 	 1.008783 	 2.301034
  617 	 0.105578 	 1.008847 	 3.414068
  618 	 0.108854 	 0.917668 	 2.058696
  619 	 0.284376 	 0.981276 	 4.808190
  620 	 0.462728 	 1.035185 	 4.733638
  621 	 0.203642 	 0.990427 	 2.585474
  622 	 0.130554 	 0.909530 	 1.769510
  623 	 0.036645 	 0.927556 	 3.267529
  624 	 0.036731 	 0.997413 	 3.234352
  625 	 0.107285 	 1.050394 	 7.191936
  626 	 0.299693 	 0.986110 	 4.771573
  627 	 0.135195 	 1.006449 	 4.769052
  628 	 0.205171 	 0.990996 	 2.486989
  629 	 0.205278 	 1.019789 	 4.208845
  630 	 0.386192 	 0.974254 	 3.251276
  631 	 0.231952 	 0.979470 	 3.250154
  632 	 0.298180 	 0.981669 	 2.046699
  633 	 0.109925 	 0.985159 	 2.990863
  634 	 0.465311 	 0.961983 	 2.496378
  635 	 0.323283 	 1.001689 	 4.709760
  636 	 0.294050 	 0.957774 	 1.761458
  637 	 0.207807 	 0.998008 	 2.349164
  638 	 0.536521 	 0.982328 	 2.522384
  639 	 0.407903 	 0.974613 	 3.223654
  640 	 0.380984 	 0.954373 	 1.565137
  641 	 0.300657 	 0.980264 	 1.959620
  642 	 0.599687 	 0.970435 	 2.068749
  643 	 0.484961 	 0.968989 	 2.481041
  644 	 0.276685 	 0.942222 	 1.424325
  645 	 0.286320 	 0.962338 	 1.702529
  646 	 0.123757 	 0.985000 	 2.637933
  647 	 0.554038 	 0.981363 	 2.572548
  648 	 0.364919 	 0.980522 	 4.421697
  649 	 0.041733 	 0.929104 	 1.523372
  650 	 0.221039 	 0.954395 	 2.139865
  651 	 0.041414 	 1.077295 	 6.938030
  652 	 0.281573 	 0.974419 	 3.091776
  653 	 0.131494 	 0.930673 	 1.703376
  654 	 0.130280 	 0.974229 	 2.604348
  655 	 0.041620 	 1.062556 	 4.275433
  656 	 0.279388 	 0.999018 	 4.297752
  657 	 0.228423 	 1.023365 	 6.943487
  658 	 0.227265 	 0.992488 	 2.619253
  659 	 0.041668 	 1.006570 	 3.022759
  660 	 0.132222 	 0.955321 	 3.033382
  661 	 0.036672 	 1.047707 	 6.941144
  662 	 0.318900 	 1.062001 	 4.262175
  663 	 0.141974 	 1.061970 	 7.190503
  664 	 0.037323 	 0.922370 	 2.373607
  665 	 0.137120 	 0.996689 	 4.092087
  666 	 0.283373 	 1.100157 	 7.157022
  667 	 0.238408 	 1.005490 	 4.175022
  668 	 0.137752 	 0.941712 	 2.592198
  669 	 0.233786 	 0.993171 	 2.934201
  670 	 0.371113 	 1.038828 	 4.164027
  671 	 0.329316 	 0.982067 	 2.974546
  672 	 0.041659 	 0.907731 	 1.736373
  673 	 0.036679 	 0.957120 	 2.316339
  674 	 0.131873 	 1.115187 	 6.941617
  675 	 0.134439 	 1.051135 	 7.190173
  676 	 0.041817 	 0.940197 	 2.970243
  677 	 0.137126 	 0.987663 	 4.222275
  678 	 0.325453 	 1.165273 	 6.933991
  679 	 0.231231 	 1.005590 	 4.174913
  680 	 0.142118 	 0.934759 	 2.337252
  681 	 0.233792 	 0.972385 	 2.997320
  682 	 0.036685 	 1.085514 	 4.089671
  683 	 0.036676 	 0.974870 	 2.974493
  684 	 0.036658 	 0.985174 	 7.189842
  685 	 0.036645 	 1.012316 	 7.190295
  686 	 0.131458 	 1.145754 	 7.191252
  687 	 0.137124 	 1.107123 	 7.191927
  688 	 0.137106 	 0.997231 	 4.276096
  689 	 0.137093 	 0.994735 	 4.174954
  690 	 0.228389 	 1.066339 	 4.175267
  691 	 0.233789 	 1.017000 	 4.175488
  692 	 0.041681 	 0.939912 	 3.023075
  693 	 0.233760 	 0.989567 	 2.974513
  694 	 0.036661 	 1.067670 	 6.940524
  695 	 0.325001 	 0.988657 	 2.974771
  696 	 0.141986 	 1.143831 	 7.191059
  697 	 0.041704 	 0.963850 	 2.339722
  698 	 0.137109 	 1.026776 	 4.091878
  699 	 0.409480 	 1.051699 	 6.939433
  700 	 0.238420 	 1.038146 	 4.175204
  701 	 0.142008 	 0.956931 	 1.953583
  702 	 0.233776 	 0.999133 	 2.934098
  703 	 0.486385 	 1.006255 	 4.091509
  704 	 0.036678 	 0.985056 	 2.974634
  705 	 0.238441 	 0.943200 	 1.698411
  706 	 0.088740 	 1.044552 	 7.190218
  707 	 0.108097 	 0.973027 	 2.933918
  708 	 0.036342 	 1.017147 	 5.231775
  709 	 0.329346 	 1.018415 	 4.750670
  710 	 0.187470 	 1.155404 	 7.207612
  711 	 0.108168 	 0.973104 	 2.316175
  712 	 0.036628 	 0.967897 	 3.449816
  713 	 0.413467 	 1.073609 	 4.749057
  714 	 0.281514 	 1.124331 	 7.192812
  715 	 0.036662 	 0.947249 	 1.938485
  716 	 0.041685 	 0.915899 	 2.604747
  717 	 0.404696 	 1.095277 	 7.191028
  718 	 0.368578 	 1.191689 	 6.940333
  719 	 0.137110 	 0.941376 	 1.972014
  720 	 0.141990 	 0.918524 	 2.119575
  721 	 0.482064 	 1.037017 	 4.175194
  722 	 0.450050 	 1.090877 	 4.091813
  723 	 0.036393 	 0.940853 	 1.710970
  724 	 0.131923 	 0.909239 	 1.810118
  725 	 0.551459 	 1.082534 	 7.204986
  726 	 0.370516 	 1.119029 	 4.267611
  727 	 0.036795 	 0.896795 	 1.529380
  728 	 0.036645 	 0.880121 	 2.114538
  729 	 0.344182 	 1.151518 	 7.184154
  730 	 0.131825 	 1.205820 	 7.191918
  731 	 0.137239 	 0.927521 	 2.239230
  732 	 0.137093 	 0.927216 	 4.269389
  733 	 0.036404 	 1.057202 	 4.172940
  734 	 0.228739 	 1.114723 	 4.175485
  735 	 0.036898 	 1.058560 	 7.204397
  736 	 0.036681 	 0.894731 	 3.019876
  737 	 0.136859 	 1.106510 	 7.178865
  738 	 0.131463 	 1.150027 	 7.190048
  739 	 0.036664 	 0.916670 	 4.179571
  740 	 0.137128 	 0.924972 	 4.276014
  741 	 0.131495 	 1.199853 	 7.132936
  742 	 0.131375 	 1.087963 	 4.174873
  743 	 0.138211 	 0.976046 	 4.275416
  744 	 0.233794 	 0.964479 	 4.277619
  745 	 0.228424 	 1.058965 	 4.156091
  746 	 0.228310 	 1.024163 	 2.974474
  747 	 0.234825 	 0.982524 	 3.022751
  748 	 0.041570 	 0.992328 	 3.023801
  749 	 0.319985 	 1.023003 	 2.965379
  750 	 0.036350 	 1.053361 	 6.945883
  751 	 0.266414 	 0.956238 	 2.367510
  752 	 0.105123 	 1.051645 	 7.207198
  753 	 0.129588 	 1.042070 	 2.711392
  754 	 0.136806 	 1.062469 	 4.818740
  755 	 0.355392 	 0.987831 	 4.310562
  756 	 0.203205 	 1.000634 	 4.180488
  757 	 0.036383 	 1.002337 	 2.184396
  758 	 0.233487 	 1.016364 	 3.272197
  759 	 0.437293 	 1.042612 	 7.205498
  760 	 0.296332 	 0.977014 	 2.977188
  761 	 0.136838 	 0.976673 	 1.852905
  762 	 0.324719 	 0.991036 	 2.507952
  763 	 0.511429 	 1.005038 	 4.179932
  764 	 0.383090 	 0.968086 	 2.341269
  765 	 0.037274 	 0.934666 	 1.606773
  766 	 0.036543 	 0.956172 	 2.059774
  767 	 0.108755 	 1.087778 	 7.159514
  768 	 0.462498 	 1.062103 	 7.197211
  769 	 0.036594 	 0.988843 	 4.735849
  770 	 0.136994 	 0.942848 	 1.770232
  771 	 0.206686 	 1.115701 	 7.194533
  772 	 0.132697 	 1.002580 	 4.177219
  773 	 0.137044 	 0.951312 	 3.235341
  774 	 0.035183 	 1.005574 	 4.253553
  775 	 0.299604 	 1.086092 	 4.176342
  776 	 0.128885 	 1.023053 	 7.268308
  777 	 0.233714 	 0.940802 	 2.487538
  778 	 0.135672 	 1.061661 	 4.323677
  779 	 0.386110 	 1.038456 	 2.975184
  780 	 0.225934 	 0.974040 	 4.200405
  781 	 0.036492 	 0.915914 	 2.047042
  782 	 0.042206 	 1.011412 	 3.045681
  783 	 0.042692 	 1.073446 	 7.199836
  784 	 0.036587 	 1.029982 	 6.915316
  785 	 0.041684 	 0.973466 	 6.892193
  786 	 0.036752 	 1.037696 	 7.194892
  787 	 0.142968 	 1.105729 	 6.940393
  788 	 0.137037 	 1.090031 	 7.186362
  789 	 0.141989 	 0.947833 	 4.075516
  790 	 0.036644 	 0.958569 	 4.176460
  791 	 0.236535 	 1.019619 	 4.091833
  792 	 0.233707 	 1.158473 	 7.191980
  793 	 0.238423 	 0.985407 	 2.950415
  794 	 0.135194 	 0.950173 	 2.975241
  795 	 0.131471 	 0.984616 	 2.934077
  796 	 0.324924 	 1.072380 	 4.208859
  797 	 0.329329 	 1.008704 	 4.275855
  798 	 0.041743 	 0.906923 	 2.340143
  799 	 0.228401 	 0.958950 	 1.954142
  800 	 0.036675 	 1.121101 	 6.937538
  801 	 0.449410 	 0.975029 	 3.022960
  802 	 0.142047 	 0.997759 	 7.190346
  803 	 0.131309 	 0.938003 	 1.812218
  804 	 0.041684 	 1.039643 	 4.090870
  805 	 0.133058 	 0.984039 	 4.278817
  806 	 0.130572 	 1.065320 	 6.940394
  807 	 0.228247 	 1.055529 	 4.247048
  808 	 0.036924 	 1.075157 	 4.292367
  809 	 0.229914 	 0.960937 	 3.024372
  810 	 0.227543 	 1.077422 	 7.177487
  811 	 0.142324 	 1.009121 	 3.009199
  812 	 0.108382 	 0.996331 	 3.030823
  813 	 0.321378 	 1.002615 	 4.086233
  814 	 0.129476 	 1.152172 	 4.744225
  815 	 0.036657 	 0.988079 	 2.359725
  816 	 0.206329 	 1.012480 	 2.991537
  817 	 0.406153 	 1.051628 	 7.191301
  818 	 0.140038 	 1.040936 	 3.239084
  819 	 0.130857 	 0.961861 	 1.966362
  820 	 0.041714 	 1.015916 	 4.124757
  821 	 0.105256 	 1.031578 	 4.287114
  822 	 0.236566 	 1.062621 	 6.938944
  823 	 0.227816 	 0.988519 	 4.815655
  824 	 0.036463 	 1.007185 	 2.950151
  825 	 0.203332 	 1.030843 	 3.028323
  826 	 0.131465 	 1.087943 	 7.201323
  827 	 0.319415 	 0.982022 	 3.270833
  828 	 0.036667 	 1.001423 	 4.275964
  829 	 0.116093 	 0.973459 	 2.339814
  830 	 0.039423 	 1.125607 	 7.190763
  831 	 0.409464 	 1.021204 	 4.576812
  832 	 0.137115 	 1.034480 	 7.051014
  833 	 0.213711 	 0.956926 	 1.953642
  834 	 0.139793 	 1.051346 	 4.175107
  835 	 0.036629 	 0.986648 	 3.163443
  836 	 0.233781 	 1.008672 	 4.128930
  837 	 0.131583 	 1.030297 	 7.192734
  838 	 0.036842 	 0.976398 	 2.974587
  839 	 0.036616 	 0.978696 	 4.273804
  840 	 0.036600 	 1.110383 	 7.181722
  841 	 0.228509 	 1.135642 	 7.193434
  842 	 0.137285 	 1.030274 	 7.194229
  843 	 0.104373 	 0.948314 	 3.021982
  844 	 0.130965 	 1.027673 	 4.172142
  845 	 0.109248 	 1.048928 	 4.836219
  846 	 0.228470 	 1.031295 	 4.285134
  847 	 0.202486 	 1.044778 	 4.724827
  848 	 0.218062 	 0.988489 	 3.022334
  849 	 0.131068 	 1.011379 	 3.279916
  850 	 0.320027 	 0.992879 	 3.120489
  851 	 0.295655 	 1.035049 	 4.283239
  852 	 0.103107 	 0.962242 	 2.367271
  853 	 0.108837 	 0.973186 	 2.512212
  854 	 0.404912 	 1.027214 	 4.866016
  855 	 0.382466 	 1.041603 	 4.734006
  856 	 0.201271 	 0.952381 	 1.971172
  857 	 0.206765 	 0.986465 	 2.062426
  858 	 0.132375 	 0.995295 	 3.293032
  859 	 0.283712 	 0.997832 	 3.234517
  860 	 0.283672 	 0.980682 	 4.259398
  861 	 0.036834 	 0.967039 	 2.589919
  862 	 0.036663 	 1.008634 	 2.590188
  863 	 0.135831 	 1.066386 	 7.182126
  864 	 0.132116 	 1.029812 	 7.190958
  865 	 0.039217 	 0.978649 	 4.197603
  866 	 0.036368 	 1.000066 	 4.264092
  867 	 0.232558 	 1.131800 	 7.061270
  868 	 0.132155 	 1.096003 	 7.206277
  869 	 0.139593 	 0.959405 	 2.985448
  870 	 0.041665 	 1.024528 	 4.263392
  871 	 0.323850 	 1.051294 	 4.132345
  872 	 0.036540 	 1.084310 	 6.941298
  873 	 0.236142 	 0.944246 	 2.346040
  874 	 0.037352 	 1.051705 	 7.197343
  875 	 0.408423 	 1.023854 	 2.953845
  876 	 0.107069 	 1.067842 	 7.155516
  877 	 0.327199 	 0.941011 	 1.957624
  878 	 0.137781 	 1.092674 	 4.773985
  879 	 0.036700 	 0.993607 	 2.327752
  880 	 0.205070 	 1.006321 	 4.163532
  881 	 0.379113 	 1.009793 	 7.189044
  882 	 0.234415 	 1.034597 	 3.252349
  883 	 0.137147 	 0.994270 	 2.076788
  884 	 0.298085 	 0.979523 	 2.968985
  885 	 0.036696 	 0.954176 	 4.174543
  886 	 0.325586 	 1.003256 	 2.496973
  887 	 0.233812 	 1.070584 	 7.189278
  888 	 0.036599 	 0.955813 	 2.336524
  889 	 0.137143 	 0.943873 	 2.974314
  890 	 0.041633 	 1.045256 	 7.194297
  891 	 0.325022 	 1.021618 	 4.174620
  892 	 0.122189 	 1.029710 	 6.942871
  893 	 0.233808 	 0.938507 	 2.339607
  894 	 0.131486 	 1.023312 	 4.452572
  895 	 0.108051 	 0.971731 	 2.974351
  896 	 0.130982 	 1.011182 	 4.275582
  897 	 0.131085 	 0.992102 	 4.751697
  898 	 0.228416 	 1.009165 	 3.120500
  899 	 0.206012 	 1.022703 	 2.977210
  900 	 0.310280 	 0.992229 	 3.022830
  901 	 0.041403 	 0.961099 	 3.242420
  902 	 0.107953 	 0.998156 	 2.423187
  903 	 0.108187 	 1.064591 	 6.953974
  904 	 0.107981 	 1.008253 	 4.753911
  905 	 0.141716 	 0.993415 	 4.748624
  906 	 0.036467 	 1.012468 	 4.753288
  907 	 0.206142 	 1.009502 	 4.096414
  908 	 0.201691 	 1.057227 	 7.201141
  909 	 0.238162 	 0.978195 	 3.241048
  910 	 0.136920 	 0.989013 	 3.288492
  911 	 0.036601 	 0.978612 	 2.936318
  912 	 0.294908 	 1.008050 	 4.178506
  913 	 0.036736 	 1.026693 	 7.194163
  914 	 0.041140 	 0.964575 	 2.516941
  915 	 0.137051 	 1.055154 	 7.187216
  916 	 0.381775 	 1.054048 	 6.966676
  917 	 0.137181 	 0.980611 	 4.176221
  918 	 0.141461 	 0.956881 	 2.065366
  919 	 0.041666 	 1.001596 	 4.173944
  920 	 0.461304 	 1.008980 	 4.100691
  921 	 0.233845 	 1.033283 	 6.941266
  922 	 0.036675 	 0.923284 	 1.773979
  923 	 0.036681 	 0.976129 	 2.974024
  924 	 0.036823 	 1.144317 	 7.190336
  925 	 0.325053 	 1.143112 	 7.190034
  926 	 0.137123 	 1.064160 	 7.182728
  927 	 0.131587 	 0.949323 	 2.339440
  928 	 0.137266 	 1.039700 	 4.174967
  929 	 0.409527 	 1.086488 	 4.273746
  930 	 0.233789 	 1.025424 	 4.172472
  931 	 0.131164 	 0.941953 	 1.953402
  932 	 0.233925 	 0.995512 	 2.974519
  933 	 0.486428 	 1.072176 	 4.281472
  934 	 0.325000 	 0.998524 	 2.973313
  935 	 0.228109 	 0.940795 	 1.698288
  936 	 0.325128 	 0.973731 	 2.339726
  937 	 0.037529 	 0.989697 	 3.025637
  938 	 0.409479 	 0.986747 	 2.339028
  939 	 0.319689 	 1.048714 	 7.146485
  940 	 0.041685 	 0.938033 	 1.953585
  941 	 0.137952 	 0.964074 	 1.971034
  942 	 0.486385 	 1.065351 	 6.940350
  943 	 0.482292 	 1.005046 	 4.160558
  944 	 0.141990 	 0.933143 	 1.698413
  945 	 0.128202 	 0.948946 	 1.710303
  946 	 0.555305 	 1.021080 	 4.091819
  947 	 0.309657 	 1.015076 	 4.336465
  948 	 0.238423 	 0.937085 	 1.520439
  949 	 0.225283 	 0.964744 	 2.426848
  950 	 0.616204 	 0.998272 	 2.934070
  951 	 0.131341 	 0.982867 	 3.051731
  952 	 0.107897 	 0.926986 	 1.391587
  953 	 0.317045 	 0.996547 	 4.278231
  954 	 0.669350 	 1.031995 	 4.755187
  955 	 0.228278 	 0.964006 	 2.384105
  956 	 0.205864 	 0.904683 	 1.295756
  957 	 0.036840 	 0.984659 	 3.024092
  958 	 0.715228 	 1.065165 	 3.243976
  959 	 0.319847 	 1.035857 	 7.181815
  960 	 0.284555 	 0.894780 	 1.223051
  961 	 0.137283 	 0.954121 	 2.368280
  962 	 0.284883 	 1.056520 	 2.584280
  963 	 0.036687 	 1.013565 	 4.172173
  964 	 0.372207 	 0.916856 	 2.042135
  965 	 0.233941 	 1.027283 	 7.189750
  966 	 0.466301 	 1.021194 	 2.050035
  967 	 0.137134 	 0.974606 	 2.973168
  968 	 0.035574 	 0.897812 	 1.758392
  969 	 0.325143 	 0.996743 	 4.174775
  970 	 0.282048 	 1.083795 	 7.247724
  971 	 0.130510 	 0.966795 	 2.338944
  972 	 0.136052 	 0.927254 	 2.601134
  973 	 0.409610 	 1.022883 	 4.271792
  974 	 0.369886 	 1.026110 	 4.193712
  975 	 0.228614 	 0.957132 	 1.953085
  976 	 0.041685 	 0.919564 	 2.110594
  977 	 0.486503 	 0.977931 	 2.339672
  978 	 0.396795 	 1.087789 	 5.131695
  979 	 0.409488 	 0.942408 	 1.698072
  980 	 0.191055 	 0.911112 	 2.003225
  981 	 0.555410 	 0.975014 	 1.953551
  982 	 0.036538 	 1.031174 	 2.917011
  983 	 0.375438 	 0.924129 	 1.520196
  984 	 0.036584 	 0.980392 	 7.197462
  985 	 0.037309 	 0.972756 	 2.092761
  986 	 0.136989 	 1.070429 	 7.195061
  987 	 0.433514 	 1.012017 	 7.157730
  988 	 0.137034 	 0.951519 	 4.177301
  989 	 0.131606 	 0.955218 	 1.865972
  990 	 0.036629 	 1.026158 	 4.176515
  991 	 0.508034 	 1.025385 	 4.273393
  992 	 0.106967 	 0.995802 	 7.192748
  993 	 0.228530 	 0.940681 	 1.638179
  994 	 0.042118 	 1.012780 	 4.776297
  995 	 0.041285 	 0.983370 	 3.021786
  996 	 0.131948 	 1.135296 	 6.919545
  997 	 0.280655 	 1.053177 	 6.959684
  998 	 0.033709 	 1.005498 	 4.267157
  999 	 0.127825 	 0.991683 	 2.610591
 