   0 	 0.001031 	 0.001786 	 0.003282
    1 	 0.001094 	 0.001732 	 0.002969
    2 	 0.001094 	 0.001798 	 0.002899
    3 	 0.001274 	 0.001941 	 0.004258
    4 	 0.001188 	 0.002046 	 0.004258
    5 	 0.001265 	 0.002140 	 0.003671
    6 	 0.001300 	 0.002279 	 0.005688
    7 	 0.001309 	 0.002505 	 0.008978
    8 	 0.001309 	 0.002903 	 0.008978
    9 	 0.001609 	 0.003419 	 0.008978
   10 	 0.001555 	 0.003788 	 0.011829
   11 	 0.001849 	 0.004696 	 0.012631
   12 	 0.002172 	 0.005522 	 0.012631
   13 	 0.002749 	 0.006307 	 0.012631
   14 	 0.002770 	 0.007137 	 0.027607
   15 	 0.003198 	 0.008301 	 0.027609
   16 	 0.003670 	 0.010862 	 0.027608
   17 	 0.004686 	 0.014633 	 0.027609
   18 	 0.004571 	 0.018277 	 0.027609
   19 	 0.005960 	 0.021040 	 0.027608
   20 	 0.007526 	 0.022348 	 0.027608
   21 	 0.007526 	 0.023658 	 0.027606
   22 	 0.007681 	 0.024771 	 0.035477
   23 	 0.016555 	 0.027240 	 0.035472
   24 	 0.012213 	 0.027576 	 0.035491
   25 	 0.010797 	 0.027724 	 0.035477
   26 	 0.012628 	 0.028734 	 0.057295
   27 	 0.013069 	 0.029433 	 0.057307
   28 	 0.010206 	 0.030868 	 0.057307
   29 	 0.009198 	 0.033788 	 0.057326
   30 	 0.010206 	 0.038147 	 0.106377
   31 	 0.025688 	 0.046461 	 0.106377
   32 	 0.020123 	 0.053299 	 0.106377
   33 	 0.009933 	 0.062310 	 0.106377
   34 	 0.012623 	 0.067778 	 0.106399
   35 	 0.010794 	 0.074121 	 0.106552
   36 	 0.027531 	 0.083232 	 0.106547
   37 	 0.014051 	 0.089908 	 0.106568
   38 	 0.015831 	 0.095806 	 0.106378
   39 	 0.057037 	 0.098996 	 0.106531
   40 	 0.015831 	 0.095915 	 0.106510
   41 	 0.014041 	 0.097946 	 0.243326
   42 	 0.014591 	 0.104100 	 0.248710
   43 	 -0.250513 	 0.113152 	 0.246229
   44 	 -0.253627 	 0.111126 	 0.248489
   45 	 -0.253656 	 0.146001 	 0.248032
   46 	 -0.253592 	 0.160990 	 0.266625
   47 	 0.030049 	 0.205118 	 0.248830
   48 	 -0.253592 	 0.210282 	 0.266622
   49 	 0.013507 	 0.231395 	 0.247877
   50 	 0.234146 	 0.237390 	 0.266622
   51 	 0.023912 	 0.231811 	 0.248897
   52 	 0.011434 	 0.219210 	 0.235940
   53 	 0.022469 	 0.229117 	 0.248254
   54 	 0.017263 	 0.234084 	 0.249026
   55 	 0.014016 	 0.227116 	 0.248343
   56 	 -0.262260 	 0.214401 	 0.248665
   57 	 0.043421 	 0.232807 	 0.248866
   58 	 0.104072 	 0.235507 	 0.267240
   59 	 0.013035 	 0.230479 	 0.247058
   60 	 0.234112 	 0.235868 	 0.243411
   61 	 0.022469 	 0.231089 	 0.248927
   62 	 0.012182 	 0.222404 	 0.235942
   63 	 0.014564 	 0.233359 	 0.248343
   64 	 0.013035 	 0.225635 	 0.248979
   65 	 0.012594 	 0.230429 	 0.248832
   66 	 0.012594 	 0.225848 	 0.248927
   67 	 0.235126 	 0.236164 	 0.248954
   68 	 0.013507 	 0.228287 	 0.248954
   69 	 0.019026 	 0.233118 	 0.235886
   70 	 0.013035 	 0.230822 	 0.248897
   71 	 0.013507 	 0.227801 	 0.248556
   72 	 0.012182 	 0.222557 	 0.248927
   73 	 0.029614 	 0.231627 	 0.248897
   74 	 0.012594 	 0.231207 	 0.248979
   75 	 0.013507 	 0.228960 	 0.247904
   76 	 0.049149 	 0.231673 	 0.248954
   77 	 0.014564 	 0.220667 	 0.248897
   78 	 0.012594 	 0.230836 	 0.246709
   79 	 0.011797 	 0.225890 	 0.248832
   80 	 0.066767 	 0.234026 	 0.248954
   81 	 0.012182 	 0.230845 	 0.249003
   82 	 0.018102 	 0.226154 	 0.245641
   83 	 0.012594 	 0.228369 	 0.248979
   84 	 0.056619 	 0.234171 	 0.248613
   85 	 0.012182 	 0.226010 	 0.248954
   86 	 0.012182 	 0.223797 	 0.246255
   87 	 0.014016 	 0.229643 	 0.248979
   88 	 0.012182 	 0.224454 	 0.248979
   89 	 0.014016 	 0.217928 	 0.248866
   90 	 0.013507 	 0.232588 	 0.248979
   91 	 -0.262260 	 0.225617 	 0.248866
   92 	 0.035212 	 0.232386 	 0.248897
   93 	 0.012182 	 0.229823 	 0.267240
   94 	 0.017262 	 0.230635 	 0.247560
   95 	 0.021191 	 0.230887 	 0.248979
   96 	 0.235196 	 0.236152 	 0.248665
   97 	 0.012180 	 0.230578 	 0.248422
   98 	 0.012594 	 0.227250 	 0.235882
   99 	 0.018102 	 0.228743 	 0.248980
  100 	 -0.262260 	 0.227514 	 0.248954
  101 	 0.022469 	 0.230888 	 0.247058
  102 	 0.056619 	 0.234123 	 0.267240
  103 	 0.066767 	 0.234023 	 0.248343
  104 	 0.010470 	 0.226760 	 0.246255
  105 	 0.029614 	 0.232231 	 0.245641
  106 	 0.235268 	 0.236376 	 0.249086
  107 	 0.012182 	 0.227767 	 0.247904
  108 	 0.038888 	 0.233354 	 0.235878
  109 	 0.235177 	 0.236321 	 0.248979
  110 	 0.032171 	 0.229393 	 0.247335
  111 	 0.027433 	 0.230668 	 0.235883
  112 	 0.029614 	 0.231403 	 0.247746
  113 	 0.014016 	 0.224210 	 0.248038
  114 	 0.012594 	 0.224383 	 0.247904
  115 	 0.022469 	 0.225421 	 0.248866
  116 	 -0.262260 	 0.217608 	 0.248954
  117 	 -0.262260 	 0.224625 	 0.248343
  118 	 0.013507 	 0.227829 	 0.267240
  119 	 0.032171 	 0.231479 	 0.267240
  120 	 0.015156 	 0.224880 	 0.248897
  121 	 -0.262260 	 0.225580 	 0.247746
  122 	 0.235122 	 0.236485 	 0.248795
  123 	 0.015799 	 0.231318 	 0.267240
  124 	 0.013507 	 0.229146 	 0.235886
  125 	 0.014564 	 0.229414 	 0.248755
  126 	 0.018102 	 0.230259 	 0.248897
  127 	 0.017263 	 0.230062 	 0.248832
  128 	 0.104072 	 0.233381 	 0.248613
  129 	 0.104072 	 0.233390 	 0.248665
  130 	 0.015799 	 0.225562 	 0.243411
  131 	 0.012594 	 0.233196 	 0.243411
  132 	 0.235426 	 0.236448 	 0.248755
  133 	 0.014564 	 0.230503 	 0.248954
  134 	 0.235130 	 0.235812 	 0.235869
  135 	 0.019026 	 0.231336 	 0.248832
  136 	 0.025551 	 0.230814 	 0.235886
  137 	 0.015799 	 0.231246 	 0.248556
  138 	 0.011434 	 0.228259 	 0.248153
  139 	 0.014564 	 0.227848 	 0.248755
  140 	 0.043421 	 0.233886 	 0.249026
  141 	 -0.262260 	 0.219703 	 0.248832
  142 	 0.012182 	 0.228286 	 0.247058
  143 	 0.012182 	 0.216788 	 0.267240
  144 	 0.017263 	 0.226262 	 0.248979
  145 	 0.015799 	 0.226614 	 0.248979
  146 	 0.015799 	 0.227095 	 0.248665
  147 	 0.021191 	 0.227681 	 0.248755
  148 	 0.013035 	 0.230968 	 0.248755
  149 	 0.014016 	 0.233549 	 0.248422
 