   0 	 0.001256 	 0.001828 	 0.002729
    1 	 0.001204 	 0.001832 	 0.002614
    2 	 0.001200 	 0.001929 	 0.002770
    3 	 0.001181 	 0.002142 	 0.005069
    4 	 0.001342 	 0.002355 	 0.005520
    5 	 0.001398 	 0.002824 	 0.008565
    6 	 0.001425 	 0.003075 	 0.008565
    7 	 0.001425 	 0.003858 	 0.008565
    8 	 0.001987 	 0.004530 	 0.008565
    9 	 0.002365 	 0.006059 	 0.011829
   10 	 0.002238 	 0.007014 	 0.024042
   11 	 0.002265 	 0.008624 	 0.024045
   12 	 0.002877 	 0.010634 	 0.024044
   13 	 0.002877 	 0.012323 	 0.049696
   14 	 0.004870 	 0.015560 	 0.049713
   15 	 0.004462 	 0.029190 	 0.752538
   16 	 0.008012 	 0.251310 	 0.754454
   17 	 0.017330 	 0.680725 	 0.755104
   18 	 0.015038 	 0.647777 	 0.753085
   19 	 0.481936 	 0.507155 	 0.747837
   20 	 0.482406 	 0.511905 	 0.749122
   21 	 -0.280816 	 0.537684 	 0.555002
   22 	 0.017169 	 0.527265 	 0.554857
   23 	 -0.286175 	 0.498386 	 0.962424
   24 	 -0.286157 	 0.514417 	 0.747928
   25 	 0.038443 	 0.543636 	 0.967413
   26 	 -0.284475 	 0.523201 	 0.747464
   27 	 0.029350 	 0.521068 	 0.736214
   28 	 -0.284815 	 0.523634 	 0.965825
   29 	 -0.284815 	 0.528750 	 0.741175
   30 	 0.012984 	 0.528906 	 0.966143
   31 	 0.078363 	 0.533176 	 0.966143
   32 	 0.034841 	 0.537048 	 0.750276
   33 	 0.021056 	 0.521846 	 0.715194
   34 	 0.027207 	 0.533062 	 0.738171
   35 	 0.013956 	 0.538650 	 0.745759
   36 	 0.014499 	 0.516889 	 0.742354
   37 	 0.014500 	 0.520059 	 0.749729
   38 	 0.100897 	 0.541447 	 0.749424
   39 	 0.014049 	 0.523554 	 0.749424
   40 	 0.018003 	 0.512580 	 0.703851
   41 	 0.012984 	 0.531862 	 0.749677
   42 	 0.013956 	 0.535498 	 0.747461
   43 	 0.014500 	 0.535182 	 0.750276
   44 	 0.079394 	 0.534992 	 0.749729
   45 	 -0.284847 	 0.523962 	 0.749424
   46 	 0.016417 	 0.514278 	 0.714667
   47 	 0.018918 	 0.526040 	 0.966173
   48 	 0.021056 	 0.523839 	 0.748349
   49 	 0.019930 	 0.531996 	 0.746951
   50 	 0.016417 	 0.520827 	 0.745759
   51 	 0.019930 	 0.522432 	 0.746386
   52 	 0.014500 	 0.539478 	 0.748349
   53 	 0.012546 	 0.519556 	 0.746386
   54 	 0.027207 	 0.520240 	 0.749424
   55 	 0.021056 	 0.540147 	 0.750522
   56 	 -0.250427 	 0.507348 	 0.742354
   57 	 0.018918 	 0.519492 	 0.745759
   58 	 0.013071 	 0.524585 	 0.935076
   59 	 0.034846 	 0.539516 	 0.746951
   60 	 0.024037 	 0.529995 	 0.750227
   61 	 0.012984 	 0.515175 	 0.738168
   62 	 0.020132 	 0.521279 	 0.744105
   63 	 -0.284847 	 0.530582 	 0.750276
   64 	 0.013072 	 0.517964 	 0.742432
   65 	 0.023740 	 0.521278 	 0.966173
   66 	 0.220143 	 0.542988 	 0.750227
   67 	 0.220147 	 0.541701 	 0.744270
   68 	 0.025356 	 0.524606 	 0.649350
   69 	 0.018003 	 0.531176 	 0.649348
   70 	 -0.284847 	 0.491112 	 0.743376
   71 	 0.015087 	 0.522640 	 0.747461
   72 	 0.484676 	 0.558734 	 0.966173
   73 	 0.082834 	 0.536379 	 0.741174
   74 	 0.029351 	 0.520909 	 0.554159
   75 	 0.018003 	 0.521088 	 0.712914
   76 	 0.019970 	 0.531189 	 0.741174
   77 	 0.017173 	 0.519964 	 0.747461
   78 	 0.015087 	 0.535262 	 0.746364
   79 	 0.483718 	 0.546395 	 0.747925
   80 	 0.013916 	 0.521349 	 0.749094
   81 	 -0.284847 	 0.512967 	 0.554454
   82 	 0.013452 	 0.532187 	 0.749752
   83 	 0.021056 	 0.524819 	 0.966173
   84 	 0.013956 	 0.512077 	 0.750012
   85 	 0.014500 	 0.528031 	 0.745759
   86 	 0.008726 	 0.521762 	 0.749729
   87 	 0.018918 	 0.530307 	 0.749424
   88 	 0.014499 	 0.539365 	 0.752681
   89 	 -0.284847 	 0.519268 	 0.746951
   90 	 0.482500 	 0.538898 	 0.749424
   91 	 0.483838 	 0.547561 	 0.966173
   92 	 0.019930 	 0.531617 	 0.554828
   93 	 0.016417 	 0.518966 	 0.554417
   94 	 0.013453 	 0.514879 	 0.746386
   95 	 0.533539 	 0.545498 	 0.748349
   96 	 0.012547 	 0.534866 	 0.750012
   97 	 0.019930 	 0.529782 	 0.539549
   98 	 0.100897 	 0.535487 	 0.750522
   99 	 0.013956 	 0.515824 	 0.746386
  100 	 0.014500 	 0.526780 	 0.703851
  101 	 0.014500 	 0.528393 	 0.749729
  102 	 -0.284847 	 0.500748 	 0.749424
  103 	 0.018003 	 0.536945 	 0.749424
  104 	 0.015087 	 0.538035 	 0.966173
  105 	 0.220111 	 0.535562 	 0.747461
  106 	 0.027207 	 0.530249 	 0.749094
  107 	 0.013956 	 0.522518 	 0.649363
  108 	 0.012984 	 0.528608 	 0.742354
  109 	 0.013956 	 0.522584 	 0.749729
  110 	 0.012984 	 0.522884 	 0.750276
  111 	 0.012984 	 0.525633 	 0.749729
  112 	 0.013956 	 0.538488 	 0.750276
  113 	 -0.284847 	 0.517914 	 0.750276
  114 	 0.048430 	 0.532985 	 0.749729
  115 	 0.012546 	 0.529433 	 0.966173
  116 	 0.015099 	 0.520718 	 0.730840
  117 	 0.012984 	 0.530176 	 0.750522
  118 	 0.100730 	 0.540123 	 0.749087
  119 	 0.021056 	 0.529325 	 0.750276
  120 	 0.015087 	 0.525311 	 0.703934
  121 	 0.013453 	 0.525580 	 0.745759
  122 	 0.013453 	 0.517316 	 0.749094
  123 	 -0.284847 	 0.529425 	 0.750012
  124 	 0.016412 	 0.510580 	 0.750012
  125 	 0.038412 	 0.537342 	 0.966173
  126 	 0.013414 	 0.537415 	 0.748351
  127 	 0.055666 	 0.522839 	 0.736230
  128 	 0.022318 	 0.522849 	 0.750034
  129 	 0.013956 	 0.519050 	 0.726995
  130 	 0.018003 	 0.531625 	 0.745058
  131 	 0.018003 	 0.529218 	 0.749729
  132 	 0.013070 	 0.489589 	 0.747461
  133 	 0.022318 	 0.524642 	 0.747461
  134 	 0.012546 	 0.539061 	 0.750227
  135 	 0.011395 	 0.531126 	 0.745058
  136 	 0.483072 	 0.540676 	 0.750522
  137 	 0.220147 	 0.533975 	 0.751172
  138 	 0.012546 	 0.516994 	 0.554653
  139 	 0.012546 	 0.515008 	 0.649271
  140 	 0.012546 	 0.527294 	 0.750522
  141 	 0.031861 	 0.541106 	 0.750522
  142 	 0.013453 	 0.537062 	 0.750522
  143 	 0.483003 	 0.538303 	 0.739798
  144 	 0.022226 	 0.533660 	 0.750012
  145 	 0.017173 	 0.518601 	 0.554674
  146 	 0.100897 	 0.534855 	 0.745109
  147 	 0.013956 	 0.517630 	 0.747925
  148 	 0.021056 	 0.521566 	 0.703851
  149 	 0.483610 	 0.547175 	 0.749729
 