   0 	 0.001114 	 0.001871 	 0.003565
    1 	 0.001291 	 0.001894 	 0.004409
    2 	 0.001269 	 0.002023 	 0.004409
    3 	 0.001269 	 0.002343 	 0.004409
    4 	 0.001352 	 0.002680 	 0.005285
    5 	 0.001499 	 0.003185 	 0.007235
    6 	 0.001609 	 0.003445 	 0.007235
    7 	 0.001849 	 0.003600 	 0.007235
    8 	 0.001849 	 0.003973 	 0.009678
    9 	 0.002279 	 0.004334 	 0.009936
   10 	 0.002053 	 0.004809 	 0.009936
   11 	 0.002812 	 0.005629 	 0.015857
   12 	 0.002922 	 0.006291 	 0.015857
   13 	 0.003531 	 0.007544 	 0.019110
   14 	 0.003531 	 0.009075 	 0.017332
   15 	 0.004746 	 0.010772 	 0.019110
   16 	 0.004746 	 0.012503 	 0.019110
   17 	 0.005439 	 0.012608 	 0.019110
   18 	 0.005439 	 0.013882 	 0.019109
   19 	 0.006368 	 0.014824 	 0.019109
   20 	 0.008978 	 0.015418 	 0.019109
   21 	 0.006964 	 0.015784 	 0.019107
   22 	 0.007096 	 0.016506 	 0.027605
   23 	 0.007096 	 0.016926 	 0.027606
   24 	 0.008372 	 0.017103 	 0.027601
   25 	 0.006594 	 0.017916 	 0.027604
   26 	 0.006594 	 0.018481 	 0.027605
   27 	 0.009199 	 0.019704 	 0.027605
   28 	 0.011827 	 0.020082 	 0.027601
   29 	 0.013547 	 0.020992 	 0.027601
   30 	 0.010797 	 0.023188 	 0.027602
   31 	 0.009676 	 0.024599 	 0.027601
   32 	 0.009676 	 0.025559 	 0.027604
   33 	 0.011462 	 0.025841 	 0.027604
   34 	 0.011462 	 0.026379 	 0.027604
   35 	 0.011120 	 0.026956 	 0.035472
   36 	 0.012629 	 0.027380 	 0.035485
   37 	 0.009934 	 0.027289 	 0.035472
   38 	 0.009431 	 0.027099 	 0.027602
   39 	 0.009431 	 0.027188 	 0.027604
   40 	 0.009198 	 0.028846 	 0.248028
   41 	 0.008976 	 0.040149 	 0.248028
   42 	 0.027591 	 0.122154 	 0.249135
   43 	 0.027591 	 0.233522 	 0.249178
   44 	 0.013033 	 0.226559 	 0.248028
   45 	 0.012213 	 0.225054 	 0.248028
   46 	 -0.263101 	 0.216782 	 0.248927
   47 	 0.014564 	 0.225082 	 0.248978
   48 	 0.014016 	 0.221531 	 0.267300
   49 	 0.015156 	 0.228503 	 0.248832
   50 	 0.027434 	 0.231572 	 0.248866
   51 	 0.015156 	 0.224054 	 0.248795
   52 	 0.038888 	 0.231989 	 0.248038
   53 	 0.043817 	 0.233983 	 0.248795
   54 	 0.012182 	 0.230645 	 0.247335
   55 	 0.013035 	 0.228429 	 0.247034
   56 	 0.148940 	 0.234911 	 0.248979
   57 	 0.012594 	 0.233489 	 0.248927
   58 	 0.021191 	 0.228161 	 0.240781
   59 	 0.014564 	 0.220054 	 0.248954
   60 	 0.013507 	 0.228034 	 0.248422
   61 	 0.012182 	 0.228602 	 0.248832
   62 	 0.018102 	 0.232440 	 0.248897
   63 	 0.020050 	 0.232433 	 0.248979
   64 	 0.144417 	 0.233759 	 0.248613
   65 	 -0.263092 	 0.224799 	 0.248493
   66 	 0.016499 	 0.230937 	 0.241043
   67 	 0.014016 	 0.229836 	 0.267300
   68 	 0.066767 	 0.231731 	 0.248712
   69 	 0.012594 	 0.231122 	 0.248866
   70 	 -0.262260 	 0.227451 	 0.245641
   71 	 0.012182 	 0.220546 	 0.248954
   72 	 0.017263 	 0.228599 	 0.267240
   73 	 0.014564 	 0.225982 	 0.248979
   74 	 0.014016 	 0.226505 	 0.248665
   75 	 0.015799 	 0.231431 	 0.248832
   76 	 0.049149 	 0.231819 	 0.248866
   77 	 0.023911 	 0.233456 	 0.248755
   78 	 0.020050 	 0.231144 	 0.246709
   79 	 0.235130 	 0.235986 	 0.248254
   80 	 0.015799 	 0.233370 	 0.248493
   81 	 0.235158 	 0.235838 	 0.235886
   82 	 0.016499 	 0.227879 	 0.248755
   83 	 0.029614 	 0.228601 	 0.235884
   84 	 0.021191 	 0.226474 	 0.248613
   85 	 0.021191 	 0.228634 	 0.247904
   86 	 0.012182 	 0.224764 	 0.248422
   87 	 0.014016 	 0.219323 	 0.248422
   88 	 0.012182 	 0.223241 	 0.248979
   89 	 -0.262260 	 0.225572 	 0.248866
   90 	 0.018102 	 0.233864 	 0.248979
   91 	 0.235124 	 0.236478 	 0.267240
   92 	 0.043422 	 0.233559 	 0.248613
   93 	 0.014564 	 0.228011 	 0.235886
   94 	 0.020050 	 0.233282 	 0.247058
   95 	 0.025551 	 0.224192 	 0.248832
   96 	 0.020050 	 0.233299 	 0.248493
   97 	 0.015799 	 0.231176 	 0.248153
   98 	 0.015156 	 0.228100 	 0.248493
   99 	 0.104072 	 0.234474 	 0.248755
  100 	 0.056579 	 0.234068 	 0.248795
  101 	 0.014016 	 0.228066 	 0.243411
  102 	 0.013035 	 0.227937 	 0.246257
  103 	 0.013035 	 0.228546 	 0.248866
  104 	 0.235268 	 0.236309 	 0.248927
  105 	 0.013035 	 0.228288 	 0.248927
  106 	 0.013507 	 0.223209 	 0.235878
  107 	 0.022469 	 0.228733 	 0.248927
  108 	 0.016499 	 0.215598 	 0.248153
  109 	 0.012182 	 0.229414 	 0.248343
  110 	 0.015156 	 0.231664 	 0.248712
  111 	 0.014016 	 0.228228 	 0.248979
  112 	 0.017263 	 0.228329 	 0.248795
  113 	 0.012182 	 0.228350 	 0.248866
  114 	 0.012594 	 0.217353 	 0.248665
  115 	 0.056619 	 0.234046 	 0.248979
  116 	 0.014564 	 0.231407 	 0.248954
  117 	 0.013507 	 0.233172 	 0.246255
  118 	 0.015799 	 0.225722 	 0.248832
  119 	 0.022469 	 0.230715 	 0.235886
  120 	 0.014016 	 0.233665 	 0.248755
  121 	 0.012594 	 0.226252 	 0.248343
  122 	 -0.262260 	 0.229749 	 0.248866
  123 	 0.020050 	 0.233710 	 0.248954
  124 	 0.008749 	 0.220080 	 0.267240
  125 	 0.012182 	 0.227758 	 0.248493
  126 	 -0.262260 	 0.227803 	 0.249192
  127 	 0.013507 	 0.228542 	 0.248979
  128 	 -0.262260 	 0.214512 	 0.267240
  129 	 0.013072 	 0.228377 	 0.248897
  130 	 0.019026 	 0.226989 	 0.267240
  131 	 0.235122 	 0.236283 	 0.248924
  132 	 0.016499 	 0.231079 	 0.248556
  133 	 0.019026 	 0.230533 	 0.235886
  134 	 0.012594 	 0.229039 	 0.248712
  135 	 0.035212 	 0.233649 	 0.248556
  136 	 0.019026 	 0.233534 	 0.248954
  137 	 0.019026 	 0.233265 	 0.247560
  138 	 0.007514 	 0.223261 	 0.248556
  139 	 0.015799 	 0.228625 	 0.248556
  140 	 0.016499 	 0.226030 	 0.249269
  141 	 0.235141 	 0.236268 	 0.248755
  142 	 0.029614 	 0.233845 	 0.248712
  143 	 -0.262260 	 0.226817 	 0.235885
  144 	 0.016499 	 0.227802 	 0.247904
  145 	 0.013035 	 0.220115 	 0.267240
  146 	 0.029614 	 0.233740 	 0.248712
  147 	 0.012594 	 0.233979 	 0.248927
  148 	 0.235132 	 0.235970 	 0.247904
  149 	 -0.262260 	 0.227163 	 0.248954
 