   0 	 0.001204 	 0.001853 	 0.003531
    1 	 0.001131 	 0.001968 	 0.003744
    2 	 0.001145 	 0.001978 	 0.003282
    3 	 0.001170 	 0.002129 	 0.005285
    4 	 0.001387 	 0.002245 	 0.005285
    5 	 0.001524 	 0.002538 	 0.005776
    6 	 0.001616 	 0.002637 	 0.005285
    7 	 0.001645 	 0.002939 	 0.006262
    8 	 0.001659 	 0.003363 	 0.014062
    9 	 0.001877 	 0.004254 	 0.014062
   10 	 0.001998 	 0.005717 	 0.014062
   11 	 0.002279 	 0.007187 	 0.024045
   12 	 0.002509 	 0.008914 	 0.035504
   13 	 0.002992 	 0.012135 	 0.039238
   14 	 0.003744 	 0.016302 	 0.039240
   15 	 0.004307 	 0.019672 	 0.039241
   16 	 0.006157 	 0.025073 	 0.057257
   17 	 0.008372 	 0.030843 	 0.057349
   18 	 0.009674 	 0.034308 	 0.057339
   19 	 0.009932 	 0.038756 	 0.057357
   20 	 0.009932 	 0.042041 	 0.057345
   21 	 0.009932 	 0.043296 	 0.057341
   22 	 0.024024 	 0.047237 	 0.057329
   23 	 0.011458 	 0.048733 	 0.057353
   24 	 0.011458 	 0.052385 	 0.148639
   25 	 -0.764937 	 0.045772 	 0.148639
   26 	 -0.764971 	 0.049548 	 0.148639
   27 	 0.010794 	 0.068994 	 0.148639
   28 	 -0.764971 	 0.063673 	 0.168816
   29 	 -0.764937 	 0.097464 	 0.149268
   30 	 -0.822465 	 0.082764 	 0.168815
   31 	 0.014582 	 0.145856 	 0.240821
   32 	 0.025609 	 0.148776 	 0.314293
   33 	 0.015177 	 0.154423 	 0.248831
   34 	 0.015138 	 0.164786 	 0.248150
   35 	 0.144310 	 0.181412 	 0.240961
   36 	 0.013524 	 0.187097 	 0.240961
   37 	 0.013524 	 0.202119 	 0.241050
   38 	 -0.256243 	 0.199893 	 0.248896
   39 	 0.018100 	 0.220040 	 0.248896
   40 	 0.020050 	 0.223686 	 0.266811
   41 	 0.019025 	 0.224064 	 0.248613
   42 	 0.012178 	 0.229109 	 0.248493
   43 	 0.016499 	 0.228694 	 0.248556
   44 	 0.012182 	 0.220037 	 0.246709
   45 	 0.014564 	 0.230992 	 0.248712
   46 	 0.021191 	 0.232442 	 0.248979
   47 	 0.016495 	 0.231751 	 0.248832
   48 	 0.025551 	 0.230123 	 0.248422
   49 	 0.006584 	 0.227975 	 0.248712
   50 	 0.019026 	 0.233467 	 0.248153
   51 	 0.022469 	 0.228586 	 0.249327
   52 	 0.017263 	 0.218369 	 0.248556
   53 	 0.012594 	 0.225928 	 0.248343
   54 	 0.011094 	 0.225960 	 0.248665
   55 	 0.015156 	 0.225696 	 0.248954
   56 	 0.015156 	 0.222143 	 0.249047
   57 	 0.015156 	 0.223065 	 0.248795
   58 	 0.012609 	 0.220564 	 0.248795
   59 	 0.014564 	 0.229848 	 0.248795
   60 	 0.015156 	 0.231380 	 0.248953
   61 	 0.015156 	 0.228531 	 0.248832
   62 	 0.014564 	 0.225900 	 0.248795
   63 	 0.019026 	 0.229455 	 0.248795
   64 	 0.020050 	 0.229478 	 0.248832
   65 	 0.013033 	 0.222812 	 0.248556
   66 	 0.018102 	 0.228306 	 0.248493
   67 	 0.017263 	 0.233878 	 0.248927
   68 	 0.019026 	 0.233578 	 0.248613
   69 	 0.019026 	 0.230543 	 0.248665
   70 	 0.043421 	 0.233575 	 0.248556
   71 	 0.020050 	 0.228711 	 0.248556
   72 	 0.035212 	 0.230963 	 0.247058
   73 	 0.035213 	 0.233755 	 0.248493
   74 	 0.022469 	 0.231817 	 0.247560
   75 	 0.011434 	 0.221221 	 0.247560
   76 	 -0.262260 	 0.229854 	 0.248343
   77 	 0.020139 	 0.231214 	 0.249026
   78 	 0.015156 	 0.233467 	 0.267240
   79 	 0.013507 	 0.231100 	 0.248487
   80 	 0.049149 	 0.231413 	 0.248795
   81 	 0.013035 	 0.231225 	 0.248897
   82 	 0.015799 	 0.223749 	 0.246709
   83 	 0.017263 	 0.226625 	 0.248927
   84 	 0.013035 	 0.228258 	 0.248755
   85 	 0.019092 	 0.230998 	 0.248665
   86 	 0.015156 	 0.231129 	 0.248927
   87 	 0.012594 	 0.230643 	 0.248552
   88 	 0.014016 	 0.233350 	 0.248795
   89 	 0.023911 	 0.233503 	 0.248954
   90 	 -0.262260 	 0.229767 	 0.248866
   91 	 0.021191 	 0.231654 	 0.248254
   92 	 -0.262260 	 0.220281 	 0.267240
   93 	 0.027433 	 0.233485 	 0.248422
   94 	 0.017263 	 0.234052 	 0.267240
   95 	 0.020050 	 0.232150 	 0.248038
   96 	 0.014564 	 0.227936 	 0.248665
   97 	 0.066767 	 0.231157 	 0.248493
   98 	 0.012594 	 0.226802 	 0.248832
   99 	 0.015799 	 0.224112 	 0.245641
  100 	 0.019026 	 0.232519 	 0.248954
  101 	 0.014016 	 0.230155 	 0.248755
  102 	 -0.262260 	 0.221765 	 0.248556
  103 	 0.017263 	 0.220149 	 0.247335
  104 	 0.018102 	 0.226901 	 0.267240
  105 	 0.022469 	 0.231465 	 0.248665
  106 	 0.032171 	 0.232173 	 0.248613
  107 	 0.014564 	 0.223623 	 0.248343
  108 	 0.014016 	 0.226609 	 0.247746
  109 	 0.019026 	 0.226680 	 0.248832
  110 	 0.027433 	 0.233780 	 0.248866
  111 	 0.012182 	 0.233587 	 0.248556
  112 	 0.022469 	 0.233301 	 0.248038
  113 	 0.013035 	 0.229403 	 0.248979
  114 	 0.018102 	 0.225059 	 0.248343
  115 	 0.014016 	 0.232265 	 0.248927
  116 	 0.013035 	 0.224404 	 0.248613
  117 	 0.017263 	 0.233323 	 0.248866
  118 	 -0.262260 	 0.225261 	 0.248927
  119 	 0.017259 	 0.225758 	 0.248665
  120 	 0.144144 	 0.231926 	 0.267240
  121 	 0.015156 	 0.220524 	 0.248665
  122 	 0.035212 	 0.231156 	 0.241059
  123 	 0.144417 	 0.235594 	 0.248795
  124 	 0.032171 	 0.230191 	 0.247560
  125 	 0.014016 	 0.217094 	 0.241043
  126 	 0.015799 	 0.224740 	 0.247746
  127 	 0.049149 	 0.233463 	 0.248866
  128 	 -0.262260 	 0.218545 	 0.248755
  129 	 0.235124 	 0.235986 	 0.246709
  130 	 -0.262260 	 0.230659 	 0.267240
  131 	 0.023911 	 0.230948 	 0.235886
  132 	 0.014016 	 0.225408 	 0.267240
  133 	 0.017263 	 0.224366 	 0.248254
  134 	 0.014016 	 0.228618 	 0.248866
  135 	 0.014016 	 0.233743 	 0.248665
  136 	 0.012594 	 0.230797 	 0.248866
  137 	 0.020050 	 0.233274 	 0.248866
  138 	 0.235124 	 0.236143 	 0.248954
  139 	 0.013507 	 0.233218 	 0.248493
  140 	 0.144417 	 0.234686 	 0.235886
  141 	 0.011797 	 0.228071 	 0.248897
  142 	 0.021191 	 0.233228 	 0.241043
  143 	 0.012182 	 0.225263 	 0.249003
  144 	 0.012594 	 0.231095 	 0.248422
  145 	 0.012182 	 0.228535 	 0.248979
  146 	 0.012182 	 0.228580 	 0.248954
  147 	 0.018102 	 0.233554 	 0.248979
  148 	 0.235119 	 0.236271 	 0.248979
  149 	 0.014564 	 0.230518 	 0.248613
 