   0 	 0.016552 	 0.077594 	 1.627604
    1 	 0.019300 	 0.469114 	 4.882807
    2 	 0.033630 	 1.327438 	 4.056241
    3 	 0.196556 	 1.694040 	 4.462296
    4 	 0.214103 	 0.950139 	 4.000775
    5 	 0.196979 	 0.668289 	 2.491552
    6 	 0.180151 	 1.063015 	 2.387184
    7 	 0.042846 	 1.227775 	 2.339947
    8 	 0.040941 	 0.894625 	 2.597732
    9 	 0.036034 	 0.783002 	 4.038018
   10 	 0.110276 	 1.001693 	 1.791596
   11 	 0.110079 	 1.152121 	 4.152240
   12 	 0.099108 	 0.918632 	 3.173834
   13 	 0.036119 	 0.823653 	 3.175824
   14 	 0.295978 	 0.978875 	 3.290465
   15 	 0.295803 	 1.102302 	 4.150768
   16 	 0.104979 	 0.883753 	 1.996894
   17 	 0.041238 	 0.817459 	 1.997589
   18 	 0.454196 	 0.980602 	 3.228107
   19 	 0.454052 	 1.053684 	 4.064417
   20 	 0.036406 	 0.862702 	 1.517460
   21 	 0.234235 	 0.831264 	 1.517790
   22 	 0.580632 	 1.027085 	 4.145835
   23 	 0.290860 	 0.994119 	 2.277722
   24 	 0.229851 	 0.861943 	 1.273184
   25 	 0.402816 	 0.865974 	 2.017510
   26 	 0.676597 	 0.977013 	 2.300693
   27 	 0.042008 	 0.922422 	 1.645775
   28 	 0.277398 	 0.859117 	 1.134562
   29 	 0.041533 	 0.931229 	 4.051729
   30 	 0.041750 	 0.934414 	 2.073835
   31 	 0.041865 	 0.923456 	 4.059536
   32 	 0.130496 	 0.912010 	 4.055963
   33 	 0.234503 	 0.985084 	 4.054085
   34 	 0.041552 	 0.937495 	 2.982434
   35 	 0.234803 	 0.901359 	 2.276332
   36 	 0.279134 	 0.939376 	 4.059231
   37 	 0.357961 	 0.934748 	 2.274778
   38 	 0.234520 	 0.930698 	 2.066396
   39 	 0.366947 	 0.900338 	 1.776952
   40 	 0.041565 	 0.925577 	 2.276245
   41 	 0.504604 	 0.930413 	 1.749024
   42 	 0.279404 	 0.940116 	 4.059007
   43 	 0.130756 	 0.887042 	 1.409634
   44 	 0.137004 	 0.900889 	 2.065245
   45 	 0.041653 	 0.918886 	 2.980125
   46 	 0.389223 	 0.953395 	 2.925655
   47 	 0.107705 	 0.939556 	 4.057569
   48 	 0.319442 	 0.903357 	 1.683435
   49 	 0.234611 	 0.956199 	 3.199949
   50 	 0.108564 	 0.911415 	 1.907514
   51 	 0.129203 	 0.904568 	 2.275771
   52 	 0.130410 	 0.919671 	 3.191175
   53 	 0.403133 	 0.953463 	 2.993982
   54 	 0.294466 	 0.967427 	 2.983201
   55 	 0.280715 	 0.888814 	 1.644918
   56 	 0.313676 	 0.906307 	 1.662050
   57 	 0.130510 	 0.945140 	 2.059667
   58 	 0.041775 	 0.918568 	 2.403255
   59 	 0.039880 	 0.905666 	 2.982310
   60 	 0.041617 	 0.956159 	 4.055561
   61 	 0.313764 	 0.972995 	 4.086963
   62 	 0.102981 	 0.942306 	 4.058156
   63 	 0.036520 	 0.877045 	 1.928402
   64 	 0.234579 	 0.941017 	 3.249059
   65 	 0.468779 	 1.011196 	 4.143880
   66 	 0.115856 	 0.913486 	 2.054863
   67 	 0.041394 	 0.878916 	 1.484607
   68 	 0.107055 	 0.964082 	 4.581766
   69 	 0.129478 	 0.994118 	 4.061829
   70 	 0.208918 	 0.937862 	 3.206619
   71 	 0.234377 	 0.918283 	 2.991517
   72 	 0.041324 	 0.927737 	 2.417104
   73 	 0.323215 	 0.971545 	 2.276985
   74 	 0.396904 	 1.038831 	 6.957775
   75 	 0.278666 	 0.905298 	 1.893885
   76 	 0.141640 	 0.919303 	 1.661947
   77 	 0.476489 	 0.974860 	 2.624217
   78 	 0.370160 	 1.001062 	 4.097695
   79 	 0.365501 	 0.933735 	 1.727447
   80 	 0.238090 	 0.940034 	 2.116135
   81 	 0.040524 	 0.972669 	 2.131492
   82 	 0.450748 	 0.982039 	 2.257897
   83 	 0.041380 	 0.992334 	 6.996744
   84 	 0.382960 	 0.930482 	 1.525441
   85 	 0.138859 	 1.038919 	 6.955078
   86 	 0.036717 	 0.967619 	 2.060325
   87 	 0.141694 	 0.969107 	 4.144919
   88 	 0.036640 	 1.054383 	 7.188185
   89 	 0.235443 	 1.019340 	 4.096786
   90 	 0.036723 	 1.008056 	 7.192169
   91 	 0.238141 	 0.958203 	 2.959957
   92 	 0.137088 	 1.101908 	 7.187858
   93 	 0.326546 	 0.987424 	 2.936500
   94 	 0.036714 	 0.968985 	 4.175568
   95 	 0.329066 	 0.967172 	 2.331296
   96 	 0.228291 	 1.130613 	 7.188360
   97 	 0.036862 	 0.967205 	 2.317677
   98 	 0.036543 	 0.932155 	 3.023967
   99 	 0.413210 	 1.039563 	 7.180679
  100 	 0.041612 	 1.192432 	 7.197175
  101 	 0.107641 	 0.935225 	 1.939450
  102 	 0.132544 	 1.024512 	 6.943838
  103 	 0.489752 	 1.087330 	 4.760971
  104 	 0.036807 	 1.114766 	 4.256339
  105 	 0.041772 	 0.903144 	 1.688755
  106 	 0.229424 	 1.127088 	 7.183520
  107 	 0.525474 	 1.168138 	 6.936143
  108 	 0.137251 	 1.027875 	 3.013644
  109 	 0.142075 	 0.907366 	 1.592677
  110 	 0.320920 	 1.055232 	 4.172732
  111 	 0.041732 	 1.083344 	 4.090398
  112 	 0.233911 	 1.016364 	 2.362280
  113 	 0.238504 	 0.994668 	 6.938094
  114 	 0.405732 	 1.037528 	 2.973438
  115 	 0.133240 	 1.034117 	 2.933375
  116 	 0.111450 	 0.989342 	 1.967991
  117 	 0.329405 	 0.990239 	 4.243757
  118 	 0.483000 	 1.044368 	 4.676163
  119 	 0.036687 	 1.011698 	 2.315858
  120 	 0.128018 	 0.956459 	 1.708232
  121 	 0.396810 	 1.047588 	 7.189742
  122 	 0.552293 	 1.062786 	 4.339937
  123 	 0.137134 	 1.011965 	 2.003166
  124 	 0.036700 	 0.909507 	 1.527433
  125 	 0.143156 	 0.993588 	 7.292142
  126 	 0.129419 	 1.231985 	 7.189066
  127 	 0.135235 	 1.062471 	 4.072383
  128 	 0.137147 	 0.967309 	 4.313717
  129 	 0.041680 	 0.977777 	 7.394542
  130 	 0.036546 	 1.154990 	 4.401048
  131 	 0.133388 	 1.331829 	 23.992360
  132 	 0.222052 	 1.030670 	 7.197052
  133 	 0.041503 	 0.925799 	 4.241101
  134 	 0.136997 	 1.067946 	 3.082118
  135 	 0.230229 	 1.128155 	 6.949130
  136 	 0.041530 	 0.951264 	 2.925715
  137 	 0.041214 	 0.904104 	 3.006351
  138 	 0.330238 	 1.090665 	 6.947796
  139 	 0.118537 	 1.054462 	 6.963111
  140 	 0.139809 	 0.932307 	 2.311398
  141 	 0.141533 	 0.966769 	 4.526183
  142 	 0.127994 	 1.005333 	 2.901834
  143 	 0.216049 	 1.016632 	 4.099491
  144 	 0.141437 	 0.923822 	 2.032451
  145 	 0.128842 	 0.942914 	 3.140221
  146 	 0.129396 	 1.032716 	 4.101098
  147 	 0.308392 	 1.035698 	 4.324473
  148 	 0.237897 	 0.954485 	 4.314142
  149 	 0.225893 	 0.943376 	 2.434318
  150 	 0.190995 	 1.016922 	 2.938608
  151 	 0.036968 	 1.016159 	 3.046057
  152 	 0.269310 	 0.972656 	 3.408375
  153 	 0.036744 	 0.993565 	 7.175242
  154 	 0.284837 	 1.017620 	 3.041008
  155 	 0.034795 	 1.158115 	 7.186805
  156 	 0.036069 	 0.983158 	 2.582394
  157 	 0.139144 	 1.327208 	 28.740051
  158 	 0.281192 	 1.376102 	 27.724926
  159 	 0.034795 	 1.183278 	 7.186805
  160 	 0.036069 	 1.008387 	 3.556291
  161 	 0.139144 	 1.494491 	 28.740051
  162 	 0.281192 	 1.796822 	 27.724926
  163 	 0.034795 	 1.173532 	 7.186805
  164 	 0.036069 	 1.015880 	 3.556291
  165 	 0.139144 	 1.579418 	 28.740051
  166 	 0.281192 	 1.796682 	 27.724926
  167 	 0.034795 	 1.157990 	 7.186805
  168 	 0.036069 	 0.974528 	 2.582394
  169 	 0.036710 	 2.223055 	 28.740051
  170 	 0.036716 	 1.867213 	 27.724926
  171 	 0.034795 	 1.463484 	 27.240544
  172 	 0.036069 	 1.307328 	 27.236313
  173 	 0.036691 	 2.231978 	 28.740051
  174 	 0.036716 	 1.867213 	 27.724926
  175 	 0.034795 	 1.790639 	 27.254680
  176 	 0.036069 	 0.942142 	 2.582394
  177 	 0.036691 	 2.219916 	 28.740051
  178 	 0.387238 	 2.583846 	 27.724926
  179 	 0.034795 	 2.138799 	 27.254680
  180 	 0.036069 	 0.957691 	 2.582394
  181 	 0.034722 	 2.193246 	 28.740051
  182 	 0.387238 	 2.600708 	 27.724926
  183 	 0.034795 	 2.670821 	 28.800061
  184 	 0.036069 	 0.956060 	 2.250853
  185 	 0.034722 	 2.190686 	 28.740051
  186 	 0.131283 	 2.495189 	 27.724926
  187 	 0.034795 	 2.636161 	 28.800061
  188 	 0.036069 	 1.084060 	 7.617105
  189 	 0.034722 	 2.236766 	 28.740051
  190 	 0.131283 	 2.495189 	 27.724926
  191 	 0.034795 	 2.605857 	 28.800061
  192 	 0.036069 	 1.067832 	 7.617105
  193 	 0.034722 	 2.339166 	 28.740051
  194 	 0.036884 	 2.814526 	 27.724926
  195 	 0.034795 	 2.595035 	 28.800061
  196 	 0.036069 	 1.384232 	 27.112136
  197 	 0.034722 	 2.359646 	 28.740051
  198 	 0.036881 	 2.625275 	 27.724926
  199 	 0.034795 	 2.237704 	 28.800061
  200 	 0.036069 	 1.718611 	 27.114288
  201 	 0.018707 	 2.413995 	 28.740051
  202 	 0.036521 	 2.651567 	 27.724926
  203 	 0.034671 	 2.563751 	 53.454943
  204 	 0.036069 	 2.063329 	 27.381590
  205 	 0.018672 	 2.424185 	 28.842451
  206 	 0.036521 	 2.657967 	 27.724926
  207 	 0.034671 	 2.561058 	 53.557343
  208 	 0.036069 	 2.063329 	 27.381590
  209 	 0.016636 	 2.439872 	 28.842451
  210 	 0.036521 	 2.657967 	 27.724926
  211 	 0.034671 	 2.716446 	 60.110942
  212 	 0.036069 	 2.061702 	 27.381590
  213 	 0.016636 	 2.257575 	 28.150809
  214 	 0.036521 	 2.283288 	 27.724926
  215 	 0.035510 	 2.705358 	 60.110942
  216 	 0.036069 	 2.166662 	 27.381590
  217 	 0.016636 	 2.582203 	 28.161156
  218 	 0.036521 	 2.016471 	 27.724926
  219 	 0.035510 	 3.099681 	 60.110942
  220 	 0.036069 	 2.495598 	 27.381590
  221 	 0.016636 	 2.271984 	 28.161156
  222 	 0.036521 	 2.005509 	 27.724926
  223 	 0.035510 	 3.120161 	 60.110942
  224 	 0.036069 	 2.821840 	 27.381590
  225 	 0.016636 	 2.268329 	 28.161156
  226 	 0.036521 	 2.006670 	 27.724926
  227 	 0.035510 	 3.098529 	 60.110942
  228 	 0.036069 	 2.823120 	 27.381590
  229 	 0.016636 	 2.554651 	 28.161156
  230 	 0.036521 	 1.998425 	 27.724926
  231 	 0.035510 	 2.602831 	 28.800061
  232 	 0.036069 	 2.835806 	 27.381590
  233 	 0.034722 	 2.289928 	 28.161156
  234 	 0.034678 	 2.327359 	 27.724926
  235 	 0.035510 	 2.675202 	 28.800061
  236 	 0.036069 	 2.853459 	 28.836883
  237 	 0.034722 	 2.397448 	 28.161156
  238 	 0.034678 	 2.332479 	 27.724926
  239 	 0.033558 	 2.668724 	 28.800061
  240 	 0.035936 	 2.839201 	 28.836883
  241 	 0.034722 	 2.731354 	 29.799555
  242 	 0.034678 	 2.420799 	 27.827326
  243 	 0.033558 	 2.980145 	 28.800061
  244 	 0.035936 	 2.839201 	 28.836883
  245 	 0.034722 	 3.299100 	 29.799555
  246 	 0.034678 	 2.392352 	 27.827326
  247 	 0.033558 	 2.984688 	 28.800061
  248 	 0.035936 	 2.905761 	 28.836883
  249 	 0.034722 	 3.731740 	 29.799555
  250 	 0.034678 	 2.123554 	 27.180443
  251 	 0.033558 	 2.925056 	 28.800061
  252 	 0.036791 	 2.882796 	 28.836883
  253 	 0.034722 	 3.819716 	 29.799555
  254 	 0.034678 	 2.457998 	 27.180443
  255 	 0.033558 	 2.942506 	 28.800061
  256 	 0.036791 	 2.889172 	 28.836883
  257 	 0.034722 	 3.879229 	 29.799555
  258 	 0.034678 	 2.456366 	 27.180443
  259 	 0.033558 	 3.270186 	 28.800061
  260 	 0.036791 	 2.899412 	 28.836883
  261 	 0.034722 	 3.871496 	 29.799555
  262 	 0.034678 	 2.448879 	 27.180443
  263 	 0.033558 	 3.357203 	 28.800061
  264 	 0.036791 	 2.936126 	 28.836883
  265 	 0.034722 	 3.872269 	 29.799555
  266 	 0.034678 	 3.019883 	 27.180443
  267 	 0.033558 	 3.438676 	 28.800061
  268 	 0.036791 	 2.962446 	 28.836883
  269 	 0.034722 	 3.817654 	 29.799555
  270 	 0.034678 	 3.298405 	 27.180443
  271 	 0.033558 	 3.865045 	 28.800061
  272 	 0.036791 	 3.064846 	 28.836883
  273 	 0.034722 	 3.855985 	 29.799555
  274 	 0.034678 	 3.038087 	 27.180443
  275 	 0.027508 	 3.885162 	 28.800061
  276 	 0.034868 	 3.408371 	 28.836883
  277 	 0.034722 	 3.958385 	 36.353155
  278 	 0.034678 	 3.106658 	 28.679415
  279 	 0.027508 	 3.879872 	 28.800061
  280 	 0.034868 	 3.420433 	 28.836883
  281 	 0.034722 	 3.941524 	 36.353155
  282 	 0.034678 	 3.065632 	 28.679415
  283 	 0.027508 	 4.203703 	 28.800061
  284 	 0.034868 	 3.464203 	 28.836883
  285 	 0.034722 	 3.950624 	 36.353155
  286 	 0.034678 	 3.082874 	 28.679415
  287 	 0.027508 	 3.902387 	 28.800061
  288 	 0.034868 	 3.796332 	 28.836883
  289 	 0.034722 	 3.965984 	 36.353155
  290 	 0.034678 	 3.084779 	 28.679415
  291 	 0.027508 	 3.902387 	 28.800061
  292 	 0.034868 	 3.816806 	 28.836883
  293 	 0.034722 	 3.634460 	 36.353155
  294 	 0.034678 	 3.070593 	 28.679415
  295 	 0.027508 	 3.894088 	 28.800061
  296 	 0.034868 	 3.920199 	 28.836883
  297 	 0.034722 	 3.822722 	 36.353155
  298 	 0.034678 	 3.138803 	 28.679415
  299 	 0.027508 	 3.864401 	 28.800061
  300 	 0.034868 	 4.082227 	 28.836883
  301 	 0.034722 	 4.010172 	 36.353155
  302 	 0.034678 	 3.139970 	 28.679415
  303 	 0.027508 	 3.869357 	 28.800061
  304 	 0.034868 	 4.076377 	 28.836883
  305 	 0.034722 	 4.011452 	 36.353155
  306 	 0.034678 	 3.137990 	 28.679415
  307 	 0.027508 	 3.867569 	 28.800061
  308 	 0.030258 	 4.361179 	 28.836883
  309 	 0.034722 	 4.016572 	 36.353155
  310 	 0.034678 	 3.547590 	 33.049190
  311 	 0.018483 	 3.603732 	 28.800061
  312 	 0.018924 	 4.360918 	 28.836883
  313 	 0.034722 	 3.752910 	 36.353155
  314 	 0.034678 	 3.794654 	 52.841995
  315 	 0.027508 	 3.931412 	 28.800061
  316 	 0.018924 	 4.359468 	 28.836883
  317 	 0.034722 	 3.663949 	 36.353155
  318 	 0.034678 	 3.797211 	 52.841995
  319 	 0.027508 	 3.951892 	 28.800061
  320 	 0.018924 	 4.708908 	 28.836883
  321 	 0.034722 	 3.663949 	 36.353155
  322 	 0.034678 	 3.797211 	 52.841995
  323 	 0.027508 	 3.950025 	 28.800061
  324 	 0.018924 	 4.708908 	 28.836883
  325 	 0.034722 	 3.675469 	 36.353155
  326 	 0.034678 	 3.794797 	 52.841995
  327 	 0.027508 	 3.939332 	 28.800061
  328 	 0.018924 	 4.656663 	 28.836883
  329 	 0.034722 	 3.670443 	 36.353155
  330 	 0.034678 	 3.815501 	 52.841995
  331 	 0.027508 	 3.713159 	 28.800061
  332 	 0.018924 	 4.615273 	 28.836883
  333 	 0.034722 	 3.670460 	 36.353155
  334 	 0.034678 	 4.075509 	 52.841995
  335 	 0.027508 	 3.716394 	 28.800061
  336 	 0.018924 	 4.283359 	 28.836883
  337 	 0.034722 	 3.535722 	 36.353155
  338 	 0.034678 	 4.147609 	 52.841995
  339 	 0.027508 	 3.853603 	 28.800061
  340 	 0.018924 	 4.385227 	 28.836883
  341 	 0.034722 	 3.541558 	 36.353155
  342 	 0.034678 	 4.152729 	 52.841995
  343 	 0.027508 	 4.178427 	 28.800061
  344 	 0.018924 	 4.122719 	 28.836883
  345 	 0.034722 	 3.540252 	 36.353155
  346 	 0.034678 	 4.160409 	 52.841995
  347 	 0.027508 	 4.609787 	 28.800061
  348 	 0.018924 	 4.122719 	 28.836883
  349 	 0.034722 	 3.400333 	 36.353155
  350 	 0.034678 	 4.144092 	 52.841995
  351 	 0.027508 	 4.610065 	 28.800061
  352 	 0.018924 	 4.157041 	 28.836883
  353 	 0.034722 	 3.528261 	 36.353155
  354 	 0.028851 	 3.873859 	 52.841995
  355 	 0.027508 	 5.675025 	 28.800061
  356 	 0.018924 	 5.127520 	 34.660536
  357 	 0.034722 	 3.528261 	 36.353155
  358 	 0.028851 	 3.947141 	 52.841995
  359 	 0.027508 	 5.662858 	 28.800061
  360 	 0.018924 	 5.110994 	 34.660536
  361 	 0.034722 	 2.852297 	 36.353155
  362 	 0.028851 	 3.966728 	 52.841995
  363 	 0.027508 	 6.072458 	 28.800061
  364 	 0.018924 	 5.111161 	 34.660536
  365 	 0.034722 	 2.816496 	 36.353155
  366 	 0.028851 	 3.734181 	 33.049190
  367 	 0.027508 	 5.820918 	 28.800061
  368 	 0.030258 	 5.113333 	 34.660536
  369 	 0.034722 	 3.103121 	 36.353155
  370 	 0.028851 	 3.655767 	 33.049190
  371 	 0.027508 	 5.799068 	 28.800061
  372 	 0.029319 	 5.073125 	 34.660536
  373 	 0.034722 	 3.113214 	 36.353155
  374 	 0.028851 	 3.742807 	 34.107733
  375 	 0.027508 	 5.801109 	 28.800061
  376 	 0.029231 	 4.828602 	 34.660536
  377 	 0.029064 	 2.999147 	 36.353155
  378 	 0.028851 	 3.745037 	 34.210133
  379 	 0.027508 	 5.834181 	 34.406659
  380 	 0.029231 	 4.469121 	 34.660536
  381 	 0.029064 	 3.162987 	 36.353155
  382 	 0.028851 	 3.832077 	 34.210133
  383 	 0.027508 	 5.834095 	 34.406659
  384 	 0.029231 	 4.469119 	 34.660536
  385 	 0.029064 	 3.112040 	 36.353155
  386 	 0.028851 	 3.833357 	 34.210133
  387 	 0.027508 	 5.819497 	 34.406659
  388 	 0.029231 	 4.387080 	 34.660536
  389 	 0.029064 	 3.104514 	 36.353155
  390 	 0.028851 	 3.758428 	 34.210133
  391 	 0.027508 	 5.770960 	 34.406659
  392 	 0.029231 	 4.880371 	 34.660536
  393 	 0.029064 	 3.067129 	 36.353155
  394 	 0.028851 	 4.039592 	 34.210133
  395 	 0.027508 	 5.776080 	 34.406659
  396 	 0.029231 	 5.540849 	 34.660536
  397 	 0.029064 	 3.067021 	 36.353155
  398 	 0.028851 	 4.034964 	 34.210133
  399 	 0.027508 	 5.781200 	 34.406659
  400 	 0.029231 	 4.914624 	 34.660536
  401 	 0.029064 	 3.017762 	 36.353155
  402 	 0.028766 	 4.023380 	 34.210133
  403 	 0.027508 	 5.795992 	 34.406659
  404 	 0.029231 	 4.391178 	 34.762936
  405 	 0.029064 	 2.937225 	 36.353155
  406 	 0.028766 	 4.107188 	 34.210133
  407 	 0.027508 	 5.881796 	 34.406659
  408 	 0.029231 	 4.721105 	 34.762936
  409 	 0.029064 	 3.229705 	 36.353155
  410 	 0.028766 	 3.706804 	 34.210133
  411 	 0.027508 	 5.805165 	 34.406659
  412 	 0.029231 	 4.735150 	 34.762936
  413 	 0.029064 	 3.337225 	 36.353155
  414 	 0.028766 	 3.767921 	 34.210133
  415 	 0.027201 	 5.793188 	 34.406659
  416 	 0.029231 	 4.763099 	 34.762936
  417 	 0.018177 	 3.344699 	 36.762755
  418 	 0.028766 	 3.849588 	 34.210133
  419 	 0.027201 	 6.113601 	 55.014460
  420 	 0.029231 	 4.764379 	 34.762936
  421 	 0.018177 	 3.669178 	 36.762755
  422 	 0.028766 	 3.768661 	 34.210133
  423 	 0.027201 	 6.461737 	 55.014460
  424 	 0.029231 	 4.852699 	 34.762936
  425 	 0.018177 	 3.594019 	 36.762755
  426 	 0.028766 	 3.697421 	 34.210133
  427 	 0.018502 	 6.789113 	 55.014460
  428 	 0.029231 	 4.862939 	 34.762936
  429 	 0.018177 	 3.947270 	 54.048868
  430 	 0.028766 	 3.697414 	 34.210133
  431 	 0.018502 	 6.790393 	 55.014460
  432 	 0.029231 	 4.863759 	 34.762936
  433 	 0.018177 	 3.947270 	 54.048868
  434 	 0.028766 	 3.723014 	 34.210133
  435 	 0.018502 	 6.708781 	 55.014460
  436 	 0.029231 	 4.802540 	 34.762936
  437 	 0.018043 	 4.049668 	 54.048868
  438 	 0.028766 	 3.733254 	 34.210133
  439 	 0.018502 	 6.713901 	 55.424060
  440 	 0.029231 	 4.704945 	 34.762936
  441 	 0.018043 	 4.047973 	 54.048868
  442 	 0.028766 	 3.978657 	 34.210133
  443 	 0.018502 	 6.626043 	 55.424060
  444 	 0.029231 	 4.706225 	 34.762936
  445 	 0.018043 	 3.966966 	 54.048868
  446 	 0.028766 	 3.976207 	 34.210133
  447 	 0.018502 	 6.641048 	 55.424060
  448 	 0.029231 	 4.647036 	 34.762936
  449 	 0.018043 	 3.973366 	 54.048868
  450 	 0.028766 	 3.619471 	 34.210133
  451 	 0.018502 	 6.584432 	 55.424060
  452 	 0.029231 	 4.974716 	 34.762936
  453 	 0.018043 	 4.230236 	 54.048868
  454 	 0.028766 	 3.617018 	 34.210133
  455 	 0.018502 	 6.371520 	 55.424060
  456 	 0.029231 	 4.890018 	 34.762936
  457 	 0.018043 	 4.234434 	 54.048868
  458 	 0.028766 	 4.031177 	 34.210133
  459 	 0.018502 	 6.288750 	 55.424060
  460 	 0.028885 	 4.895134 	 34.762936
  461 	 0.018043 	 4.240384 	 54.048868
  462 	 0.028766 	 4.035431 	 34.619733
  463 	 0.018502 	 6.587829 	 55.424060
  464 	 0.028885 	 4.896606 	 34.762936
  465 	 0.018043 	 3.804509 	 54.048868
  466 	 0.028766 	 3.947813 	 34.619733
  467 	 0.018502 	 6.337497 	 55.424060
  468 	 0.028885 	 4.922206 	 34.762936
  469 	 0.018043 	 3.795131 	 54.048868
  470 	 0.028766 	 3.934589 	 34.619733
  471 	 0.018502 	 5.979923 	 34.406659
  472 	 0.028885 	 5.030572 	 34.762936
  473 	 0.029064 	 3.799479 	 54.048868
  474 	 0.028766 	 4.118627 	 34.619733
  475 	 0.018502 	 6.005598 	 34.406659
  476 	 0.028885 	 5.049228 	 34.762936
  477 	 0.029064 	 3.819959 	 54.048868
  478 	 0.028766 	 4.013232 	 34.619733
  479 	 0.018502 	 5.969032 	 34.406659
  480 	 0.018702 	 4.900154 	 34.762936
  481 	 0.029064 	 4.072113 	 54.048868
  482 	 0.028766 	 5.000061 	 53.469286
  483 	 0.018502 	 6.052232 	 34.406659
  484 	 0.018702 	 4.857444 	 34.762936
  485 	 0.029064 	 3.404046 	 34.007992
  486 	 0.028766 	 5.405962 	 53.469286
  487 	 0.029405 	 6.072712 	 34.406659
  488 	 0.018702 	 4.877924 	 34.762936
  489 	 0.029064 	 3.403214 	 34.007992
  490 	 0.028766 	 5.405962 	 53.469286
  491 	 0.029405 	 6.144658 	 34.406659
  492 	 0.018702 	 4.870699 	 34.762936
  493 	 0.028825 	 3.421248 	 34.007992
  494 	 0.028766 	 5.426442 	 53.469286
  495 	 0.029405 	 6.231698 	 34.692149
  496 	 0.018702 	 4.870699 	 34.762936
  497 	 0.028825 	 3.421248 	 34.007992
  498 	 0.028766 	 5.423020 	 53.469286
  499 	 0.029405 	 6.158605 	 34.692149
  500 	 0.018702 	 4.871700 	 34.762936
  501 	 0.024245 	 3.534005 	 34.007992
  502 	 0.028766 	 4.983065 	 53.469286
  503 	 0.029405 	 6.211154 	 41.245748
  504 	 0.018702 	 4.842738 	 34.762936
  505 	 0.024245 	 3.562165 	 34.007992
  506 	 0.028766 	 5.088375 	 53.469286
  507 	 0.029405 	 6.209395 	 41.245748
  508 	 0.018702 	 4.546032 	 34.762936
  509 	 0.024245 	 3.635242 	 34.007992
  510 	 0.028766 	 5.063098 	 53.469286
  511 	 0.029405 	 6.539635 	 41.245748
  512 	 0.018702 	 4.602482 	 34.762936
  513 	 0.024245 	 3.614068 	 34.007992
  514 	 0.028766 	 5.410150 	 53.469286
  515 	 0.029405 	 6.529647 	 41.245748
  516 	 0.018702 	 4.927160 	 34.762936
  517 	 0.024245 	 3.941748 	 34.007992
  518 	 0.028766 	 5.430630 	 53.469286
  519 	 0.029405 	 6.529618 	 41.245748
  520 	 0.018702 	 4.927160 	 34.762936
  521 	 0.024245 	 3.938169 	 34.007992
  522 	 0.028766 	 5.426921 	 53.469286
  523 	 0.029405 	 6.862417 	 41.245748
  524 	 0.018702 	 4.876947 	 34.762936
  525 	 0.024245 	 3.936458 	 34.007992
  526 	 0.028766 	 5.164469 	 53.469286
  527 	 0.029405 	 6.602947 	 41.245748
  528 	 0.018702 	 5.312548 	 34.762936
  529 	 0.024245 	 4.019658 	 34.007992
  530 	 0.028766 	 5.168309 	 53.469286
  531 	 0.029405 	 6.602947 	 41.245748
  532 	 0.018702 	 5.311231 	 34.762936
  533 	 0.014824 	 4.008812 	 34.007992
  534 	 0.028766 	 5.173429 	 53.469286
  535 	 0.029405 	 7.033027 	 67.460147
  536 	 0.018702 	 5.301875 	 34.762936
  537 	 0.014824 	 3.923115 	 34.007992
  538 	 0.028766 	 5.178428 	 53.469286
  539 	 0.029405 	 6.973423 	 67.460147
  540 	 0.018702 	 5.043046 	 34.762936
  541 	 0.014824 	 3.903296 	 34.007992
  542 	 0.028766 	 5.690044 	 53.469286
  543 	 0.029405 	 7.000303 	 67.460147
  544 	 0.018702 	 5.130059 	 34.762936
  545 	 0.014824 	 3.903194 	 34.007992
  546 	 0.028766 	 5.710501 	 53.469286
  547 	 0.017355 	 7.087162 	 67.460147
  548 	 0.018146 	 5.131238 	 34.762936
  549 	 0.014824 	 4.230780 	 57.619641
  550 	 0.018165 	 5.812694 	 55.107685
  551 	 0.017355 	 6.860982 	 67.460147
  552 	 0.018146 	 5.458918 	 55.051282
  553 	 0.014824 	 4.220912 	 57.619641
  554 	 0.018165 	 5.812694 	 55.107685
  555 	 0.017355 	 7.106157 	 67.460147
  556 	 0.018146 	 5.396380 	 55.051282
  557 	 0.014824 	 4.298753 	 57.619641
  558 	 0.018165 	 5.835679 	 55.107685
  559 	 0.017355 	 7.209837 	 67.460147
  560 	 0.018146 	 5.384442 	 55.051282
  561 	 0.014824 	 4.161257 	 57.619641
  562 	 0.018165 	 5.758418 	 55.107685
  563 	 0.017355 	 7.607776 	 67.460147
  564 	 0.018146 	 5.698967 	 55.051282
  565 	 0.014824 	 4.488714 	 57.619641
  566 	 0.018165 	 6.157282 	 55.107685
  567 	 0.017355 	 7.628256 	 67.460147
  568 	 0.018146 	 5.739468 	 55.051282
  569 	 0.014824 	 4.364352 	 57.619641
  570 	 0.018165 	 6.064749 	 55.107685
  571 	 0.017355 	 7.658828 	 67.460147
  572 	 0.018146 	 5.167588 	 34.762936
  573 	 0.014824 	 4.643719 	 57.619641
  574 	 0.028766 	 6.068403 	 55.107685
  575 	 0.017355 	 7.996748 	 67.460147
  576 	 0.018146 	 5.080772 	 34.762936
  577 	 0.014824 	 4.643719 	 57.619641
  578 	 0.027765 	 6.087955 	 55.107685
  579 	 0.017355 	 7.975343 	 67.460147
  580 	 0.018146 	 5.408452 	 36.016427
  581 	 0.014824 	 4.746119 	 57.619641
  582 	 0.027765 	 6.087955 	 55.107685
  583 	 0.017355 	 7.975341 	 67.460147
  584 	 0.018146 	 5.408452 	 36.016427
  585 	 0.014824 	 4.738154 	 57.619641
  586 	 0.027765 	 5.428310 	 34.722133
  587 	 0.017355 	 7.973705 	 67.460147
  588 	 0.028800 	 5.413755 	 36.016427
  589 	 0.014824 	 4.972968 	 57.619641
  590 	 0.027765 	 5.448790 	 34.722133
  591 	 0.017355 	 7.968925 	 67.460147
  592 	 0.028800 	 5.365389 	 36.016427
  593 	 0.014824 	 5.260333 	 57.619641
  594 	 0.027765 	 5.531990 	 34.722133
  595 	 0.017355 	 7.316059 	 67.460147
  596 	 0.028800 	 4.245968 	 34.762936
  597 	 0.014824 	 5.277340 	 57.619641
  598 	 0.028766 	 5.550731 	 34.722133
  599 	 0.017355 	 6.791641 	 67.460147
  600 	 0.017940 	 4.271369 	 34.762936
  601 	 0.014824 	 5.526103 	 57.619641
  602 	 0.028766 	 5.579131 	 55.742381
  603 	 0.017355 	 6.892115 	 67.460147
  604 	 0.017940 	 4.273929 	 34.762936
  605 	 0.014824 	 5.529943 	 57.619641
  606 	 0.028766 	 5.562741 	 55.742381
  607 	 0.017355 	 6.892115 	 67.460147
  608 	 0.017940 	 4.294409 	 34.762936
  609 	 0.014824 	 4.885835 	 57.619641
  610 	 0.028766 	 5.500152 	 55.742381
  611 	 0.017355 	 6.995795 	 67.460147
  612 	 0.017940 	 4.296969 	 34.762936
  613 	 0.014824 	 4.552178 	 57.619641
  614 	 0.028766 	 5.498740 	 55.742381
  615 	 0.017355 	 7.324755 	 67.460147
  616 	 0.017940 	 4.215649 	 34.762936
  617 	 0.014824 	 4.552178 	 57.619641
  618 	 0.028766 	 5.471021 	 55.742381
  619 	 0.017355 	 7.324733 	 67.460147
  620 	 0.016411 	 4.390252 	 34.762936
  621 	 0.014824 	 4.219327 	 57.619641
  622 	 0.028766 	 5.826014 	 60.936532
  623 	 0.017355 	 7.715750 	 67.460147
  624 	 0.016411 	 4.410709 	 34.762936
  625 	 0.014824 	 4.552127 	 57.619641
  626 	 0.028766 	 5.751881 	 60.936532
  627 	 0.017355 	 7.707764 	 67.460147
  628 	 0.016411 	 4.181121 	 34.762936
  629 	 0.014824 	 4.557221 	 57.619641
  630 	 0.028766 	 5.747283 	 60.936532
  631 	 0.017355 	 7.710082 	 67.460147
  632 	 0.016411 	 4.344891 	 34.762936
  633 	 0.014824 	 4.549260 	 57.619641
  634 	 0.027472 	 5.716930 	 60.936532
  635 	 0.017355 	 8.058215 	 67.460147
  636 	 0.016411 	 4.762657 	 36.401335
  637 	 0.014824 	 4.569740 	 57.619641
  638 	 0.027472 	 5.798850 	 60.936532
  639 	 0.017355 	 8.058215 	 67.460147
  640 	 0.016411 	 4.741882 	 36.401335
  641 	 0.014824 	 4.565347 	 57.619641
  642 	 0.027472 	 5.901438 	 60.936532
  643 	 0.017355 	 8.406375 	 67.460147
  644 	 0.016411 	 4.730445 	 36.401335
  645 	 0.014824 	 4.565347 	 57.619641
  646 	 0.027472 	 6.495842 	 60.936532
  647 	 0.017355 	 8.406375 	 67.460147
  648 	 0.016411 	 4.730591 	 36.401335
  649 	 0.014824 	 4.565347 	 57.619641
  650 	 0.027472 	 6.276528 	 60.936532
  651 	 0.017355 	 8.319352 	 67.460147
  652 	 0.016411 	 5.057295 	 36.401335
  653 	 0.014824 	 4.267134 	 57.619641
  654 	 0.027472 	 6.277808 	 60.936532
  655 	 0.017355 	 8.244066 	 67.460147
  656 	 0.016411 	 5.057295 	 36.401335
  657 	 0.014824 	 4.349054 	 57.619641
  658 	 0.027472 	 6.195076 	 60.936532
  659 	 0.017355 	 7.997020 	 67.460147
  660 	 0.011474 	 5.073207 	 36.401335
  661 	 0.014824 	 4.350980 	 57.619641
  662 	 0.027472 	 6.854033 	 87.150931
  663 	 0.017355 	 8.324698 	 67.460147
  664 	 0.011474 	 4.707614 	 32.804515
  665 	 0.014824 	 4.352241 	 57.619641
  666 	 0.030484 	 6.874513 	 87.150931
  667 	 0.017355 	 8.045131 	 67.460147
  668 	 0.011474 	 4.697737 	 32.804515
  669 	 0.014824 	 4.684878 	 57.619641
  670 	 0.030484 	 6.961525 	 87.150931
  671 	 0.017355 	 8.376476 	 67.460147
  672 	 0.011474 	 4.716812 	 32.804515
  673 	 0.014824 	 4.766634 	 57.619641
  674 	 0.030484 	 6.964085 	 87.150931
  675 	 0.017355 	 8.704156 	 67.460147
  676 	 0.011474 	 4.714523 	 32.804515
  677 	 0.014824 	 4.765350 	 57.619641
  678 	 0.030484 	 5.668844 	 57.380780
  679 	 0.017355 	 7.960438 	 67.460147
  680 	 0.017427 	 5.034225 	 32.804515
  681 	 0.014824 	 4.674949 	 57.619641
  682 	 0.030484 	 5.295330 	 57.380780
  683 	 0.017355 	 8.008237 	 67.460147
  684 	 0.017427 	 5.039345 	 32.804515
  685 	 0.014824 	 4.672222 	 57.619641
  686 	 0.030484 	 5.295330 	 57.380780
  687 	 0.017355 	 8.014398 	 67.460147
  688 	 0.017427 	 5.039345 	 32.804515
  689 	 0.014824 	 4.997823 	 57.619641
  690 	 0.030484 	 5.295328 	 57.380780
  691 	 0.017355 	 7.988961 	 67.460147
  692 	 0.017427 	 5.040625 	 32.804515
  693 	 0.014824 	 5.323149 	 57.619641
  694 	 0.030484 	 5.294490 	 57.380780
  695 	 0.017355 	 7.998520 	 67.460147
  696 	 0.017427 	 5.013912 	 32.804515
  697 	 0.014824 	 5.074495 	 57.619641
  698 	 0.030484 	 5.249947 	 57.380780
  699 	 0.017355 	 7.918269 	 67.460147
  700 	 0.016634 	 5.094299 	 32.804515
  701 	 0.014824 	 5.083083 	 57.619641
  702 	 0.030484 	 5.660736 	 60.119571
  703 	 0.017355 	 7.940029 	 67.460147
  704 	 0.016634 	 5.094350 	 32.804515
  705 	 0.014824 	 5.083083 	 57.619641
  706 	 0.030484 	 4.860125 	 57.380780
  707 	 0.017355 	 7.932983 	 67.460147
  708 	 0.017427 	 5.222350 	 32.804515
  709 	 0.014824 	 5.410763 	 57.619641
  710 	 0.030484 	 4.860125 	 57.380780
  711 	 0.017355 	 7.120969 	 67.460147
  712 	 0.017427 	 5.222350 	 32.804515
  713 	 0.014824 	 6.496203 	 57.619641
  714 	 0.030484 	 4.057805 	 57.380780
  715 	 0.017355 	 7.120969 	 67.460147
  716 	 0.017427 	 5.342986 	 32.804515
  717 	 0.014824 	 6.496203 	 57.619641
  718 	 0.019063 	 4.098322 	 57.380780
  719 	 0.017324 	 6.591654 	 67.460147
  720 	 0.017427 	 5.663019 	 52.457972
  721 	 0.014824 	 6.846923 	 57.722041
  722 	 0.019063 	 4.150372 	 57.380780
  723 	 0.017324 	 6.511247 	 67.460147
  724 	 0.017427 	 5.664129 	 52.457972
  725 	 0.014824 	 6.826462 	 57.722041
  726 	 0.019063 	 4.478052 	 57.380780
  727 	 0.017324 	 7.167887 	 67.460147
  728 	 0.017427 	 5.664129 	 52.457972
  729 	 0.014824 	 6.584806 	 57.722041
  730 	 0.019063 	 4.415282 	 57.380780
  731 	 0.017324 	 6.355367 	 60.486835
  732 	 0.017427 	 5.609102 	 52.457972
  733 	 0.016533 	 6.589926 	 57.722041
  734 	 0.019063 	 4.435762 	 57.380780
  735 	 0.017324 	 6.341950 	 60.486835
  736 	 0.017427 	 5.604679 	 52.457972
  737 	 0.016533 	 6.595046 	 57.722041
  738 	 0.019063 	 4.440853 	 57.380780
  739 	 0.017324 	 6.340769 	 60.486835
  740 	 0.017427 	 5.469761 	 52.457972
  741 	 0.016533 	 6.588729 	 57.722041
  742 	 0.019063 	 4.753918 	 57.380780
  743 	 0.012623 	 6.428168 	 60.486835
  744 	 0.017427 	 5.512150 	 52.457972
  745 	 0.016533 	 5.969762 	 79.220082
  746 	 0.019063 	 4.790557 	 57.380780
  747 	 0.012558 	 6.766270 	 60.486835
  748 	 0.017427 	 5.604310 	 52.457972
  749 	 0.016533 	 6.302562 	 79.629682
  750 	 0.019063 	 4.753891 	 57.380780
  751 	 0.012558 	 6.672429 	 60.486835
  752 	 0.017427 	 5.567326 	 52.457972
  753 	 0.016533 	 5.986193 	 53.248471
  754 	 0.019063 	 5.409250 	 57.380780
  755 	 0.018780 	 6.756341 	 60.486835
  756 	 0.017427 	 5.546063 	 52.457972
  757 	 0.016533 	 5.975242 	 53.248471
  758 	 0.019063 	 5.491170 	 57.380780
  759 	 0.018780 	 6.839509 	 60.486835
  760 	 0.017427 	 5.484660 	 52.457972
  761 	 0.016533 	 5.996433 	 53.248471
  762 	 0.019063 	 5.511650 	 57.380780
  763 	 0.018637 	 6.825431 	 60.486835
  764 	 0.017427 	 5.223307 	 52.457972
  765 	 0.016533 	 6.317376 	 53.658071
  766 	 0.019063 	 5.154009 	 57.380780
  767 	 0.018637 	 6.802487 	 60.486835
  768 	 0.017427 	 5.226481 	 52.457972
  769 	 0.016533 	 6.099717 	 53.658071
  770 	 0.019063 	 5.092696 	 57.380780
  771 	 0.018637 	 6.812727 	 60.486835
  772 	 0.017427 	 5.536473 	 52.457972
  773 	 0.016533 	 6.099717 	 53.658071
  774 	 0.019063 	 5.130298 	 57.380780
  775 	 0.018637 	 6.138632 	 60.486835
  776 	 0.017427 	 5.246343 	 52.457972
  777 	 0.016533 	 6.248716 	 53.658071
  778 	 0.019063 	 4.800905 	 57.380780
  779 	 0.018637 	 6.329821 	 60.486835
  780 	 0.017427 	 5.562925 	 52.457972
  781 	 0.016533 	 6.347268 	 53.658071
  782 	 0.019063 	 4.807305 	 57.380780
  783 	 0.018637 	 6.246309 	 60.486835
  784 	 0.017427 	 5.562925 	 52.457972
  785 	 0.016533 	 6.285664 	 53.658071
  786 	 0.019063 	 4.778088 	 57.380780
  787 	 0.018637 	 6.281042 	 60.486835
  788 	 0.017427 	 5.890605 	 52.457972
  789 	 0.016533 	 6.691576 	 53.658071
  790 	 0.019063 	 4.778088 	 57.380780
  791 	 0.018637 	 6.364242 	 60.486835
  792 	 0.017427 	 5.357770 	 52.457972
  793 	 0.016533 	 6.111000 	 53.658071
  794 	 0.019063 	 5.067348 	 57.380780
  795 	 0.018637 	 6.486926 	 60.486835
  796 	 0.017427 	 5.941102 	 52.457972
  797 	 0.016533 	 6.118680 	 53.658071
  798 	 0.019063 	 5.051459 	 57.380780
  799 	 0.018637 	 6.163689 	 60.486835
  800 	 0.017427 	 5.683136 	 52.457972
  801 	 0.016533 	 6.139160 	 53.658071
  802 	 0.019063 	 5.383929 	 57.380780
  803 	 0.018084 	 6.163577 	 60.486835
  804 	 0.017427 	 5.681390 	 52.457972
  805 	 0.016533 	 5.833285 	 55.296470
  806 	 0.019063 	 5.636332 	 57.380780
  807 	 0.018084 	 6.332537 	 60.486835
  808 	 0.017427 	 6.336750 	 52.457972
  809 	 0.016533 	 5.505720 	 55.296470
  810 	 0.019027 	 5.538399 	 57.380780
  811 	 0.018084 	 6.660217 	 60.486835
  812 	 0.017427 	 6.940415 	 52.556127
  813 	 0.016533 	 5.505712 	 55.296470
  814 	 0.019027 	 5.555486 	 57.380780
  815 	 0.018084 	 6.665337 	 60.486835
  816 	 0.017427 	 7.350015 	 52.556127
  817 	 0.016533 	 5.485329 	 55.296470
  818 	 0.019027 	 5.555486 	 57.380780
  819 	 0.018084 	 6.997233 	 60.486835
  820 	 0.017427 	 7.350015 	 52.556127
  821 	 0.016533 	 5.649169 	 55.296470
  822 	 0.018444 	 5.555270 	 57.380780
  823 	 0.018084 	 6.996825 	 60.486835
  824 	 0.017427 	 7.677695 	 54.218903
  825 	 0.016533 	 5.477532 	 55.296470
  826 	 0.018444 	 5.533504 	 57.380780
  827 	 0.018084 	 7.324505 	 60.486835
  828 	 0.017427 	 7.667543 	 54.218903
  829 	 0.016533 	 5.477530 	 55.296470
  830 	 0.018444 	 5.070303 	 57.380780
  831 	 0.018084 	 7.285762 	 60.486835
  832 	 0.017427 	 7.688023 	 54.218903
  833 	 0.016533 	 5.516985 	 55.296470
  834 	 0.018444 	 5.070303 	 57.380780
  835 	 0.018084 	 6.803180 	 60.486835
  836 	 0.017427 	 7.558248 	 54.218903
  837 	 0.016533 	 5.974407 	 55.296470
  838 	 0.018444 	 5.353061 	 57.380780
  839 	 0.018084 	 7.456927 	 60.486835
  840 	 0.017427 	 7.547336 	 54.218903
  841 	 0.016533 	 6.330706 	 55.296470
  842 	 0.016946 	 5.320822 	 57.380780
  843 	 0.018084 	 7.785887 	 60.486835
  844 	 0.017427 	 7.630127 	 59.011572
  845 	 0.016533 	 6.288981 	 55.296470
  846 	 0.016946 	 5.668982 	 57.380780
  847 	 0.012675 	 7.807569 	 60.486835
  848 	 0.017427 	 7.630127 	 59.011572
  849 	 0.016533 	 6.599140 	 78.892765
  850 	 0.016946 	 5.343631 	 57.380780
  851 	 0.012675 	 7.876007 	 60.486835
  852 	 0.017427 	 7.351861 	 59.011572
  853 	 0.016533 	 5.312263 	 55.296470
  854 	 0.016946 	 5.428003 	 57.380780
  855 	 0.018084 	 7.964090 	 60.486835
  856 	 0.017427 	 7.356981 	 59.011572
  857 	 0.016533 	 5.639943 	 55.296470
  858 	 0.016946 	 5.428003 	 57.380780
  859 	 0.018084 	 7.575630 	 60.486835
  860 	 0.017427 	 7.353186 	 59.011572
  861 	 0.016533 	 5.628212 	 55.296470
  862 	 0.016946 	 5.429203 	 57.380780
  863 	 0.018084 	 7.557914 	 60.486835
  864 	 0.017427 	 7.419512 	 59.011572
  865 	 0.016533 	 5.955892 	 55.296470
  866 	 0.016946 	 5.735829 	 57.380780
  867 	 0.018084 	 7.547314 	 60.486835
  868 	 0.017427 	 7.482265 	 59.011572
  869 	 0.012364 	 6.036389 	 55.296470
  870 	 0.016946 	 6.058662 	 57.380780
  871 	 0.018084 	 7.815450 	 80.877381
  872 	 0.017427 	 7.565465 	 59.011572
  873 	 0.012364 	 6.059111 	 55.296470
  874 	 0.016946 	 6.058662 	 57.380780
  875 	 0.018084 	 7.841050 	 80.877381
  876 	 0.017427 	 7.529817 	 59.011572
  877 	 0.012364 	 5.369808 	 52.541723
  878 	 0.016946 	 6.138074 	 57.380780
  879 	 0.019032 	 7.922970 	 80.877381
  880 	 0.017427 	 7.560537 	 59.011572
  881 	 0.012364 	 5.369808 	 52.541723
  882 	 0.016946 	 6.085045 	 57.380780
  883 	 0.019032 	 7.831708 	 80.877381
  884 	 0.017427 	 7.867246 	 59.011572
  885 	 0.012364 	 5.488086 	 52.541723
  886 	 0.016946 	 5.854691 	 57.380780
  887 	 0.019032 	 7.832988 	 80.877381
  888 	 0.017427 	 8.196206 	 59.011572
  889 	 0.012364 	 5.486589 	 52.541723
  890 	 0.016946 	 5.269516 	 57.380780
  891 	 0.019032 	 7.226218 	 80.877381
  892 	 0.017427 	 8.124173 	 59.011572
  893 	 0.012364 	 5.491709 	 52.541723
  894 	 0.016946 	 5.272076 	 57.380780
  895 	 0.019032 	 7.225383 	 80.877381
  896 	 0.017427 	 7.811134 	 59.011572
  897 	 0.012364 	 5.496829 	 52.541723
  898 	 0.016946 	 5.251591 	 57.380780
  899 	 0.019032 	 7.199861 	 80.877381
  900 	 0.017427 	 7.889593 	 59.011572
  901 	 0.012364 	 5.599149 	 52.541723
  902 	 0.016946 	 5.584503 	 57.380780
  903 	 0.019032 	 7.281719 	 80.877381
  904 	 0.017427 	 7.959531 	 59.011572
  905 	 0.012364 	 4.940116 	 33.347854
  906 	 0.016946 	 5.686903 	 57.380780
  907 	 0.029987 	 6.528290 	 80.877381
  908 	 0.017427 	 7.900539 	 59.011572
  909 	 0.012364 	 4.928656 	 33.347854
  910 	 0.016946 	 5.604533 	 57.380780
  911 	 0.029987 	 6.553890 	 80.877381
  912 	 0.017427 	 8.234603 	 59.011572
  913 	 0.012364 	 4.928425 	 33.347854
  914 	 0.016946 	 5.605813 	 57.380780
  915 	 0.029987 	 6.555170 	 80.877381
  916 	 0.017427 	 7.438175 	 59.011572
  917 	 0.012364 	 4.914175 	 33.347854
  918 	 0.016946 	 5.770933 	 57.380780
  919 	 0.029987 	 6.560290 	 80.877381
  920 	 0.017427 	 7.432173 	 59.011572
  921 	 0.012364 	 4.914175 	 33.347854
  922 	 0.016946 	 5.188552 	 57.380780
  923 	 0.029987 	 6.464603 	 80.877381
  924 	 0.017427 	 7.411164 	 59.011572
  925 	 0.012364 	 5.222272 	 33.347854
  926 	 0.016946 	 4.771793 	 57.380780
  927 	 0.029987 	 5.855788 	 80.877381
  928 	 0.017427 	 7.468595 	 59.011572
  929 	 0.012364 	 4.918207 	 33.347854
  930 	 0.016946 	 4.827208 	 57.380780
  931 	 0.029987 	 5.859818 	 80.877381
  932 	 0.017427 	 7.550149 	 59.011572
  933 	 0.012364 	 4.939967 	 33.347854
  934 	 0.016946 	 4.788875 	 57.380780
  935 	 0.029987 	 5.128723 	 80.877381
  936 	 0.017427 	 7.407478 	 59.011572
  937 	 0.012349 	 4.937038 	 33.347854
  938 	 0.016946 	 5.412341 	 57.380780
  939 	 0.029987 	 5.785959 	 80.979781
  940 	 0.017427 	 7.468918 	 59.011572
  941 	 0.012349 	 4.670738 	 33.347854
  942 	 0.016946 	 5.411489 	 57.380780
  943 	 0.029987 	 5.809013 	 80.979781
  944 	 0.017427 	 7.489398 	 59.011572
  945 	 0.012349 	 4.816478 	 33.347854
  946 	 0.016946 	 5.405250 	 57.380780
  947 	 0.029987 	 5.802983 	 80.979781
  948 	 0.017427 	 7.458252 	 59.011572
  949 	 0.012349 	 4.857231 	 33.347854
  950 	 0.016946 	 5.487170 	 57.380780
  951 	 0.029987 	 6.130663 	 80.979781
  952 	 0.017427 	 7.429883 	 59.011572
  953 	 0.012349 	 4.839389 	 33.347854
  954 	 0.016946 	 5.656130 	 57.380780
  955 	 0.029987 	 6.151115 	 80.979781
  956 	 0.017427 	 7.402882 	 59.011572
  957 	 0.012349 	 4.857878 	 33.347854
  958 	 0.016946 	 5.963559 	 57.380780
  959 	 0.029987 	 6.233035 	 80.979781
  960 	 0.017427 	 7.489922 	 59.011572
  961 	 0.012349 	 4.857878 	 33.347854
  962 	 0.016946 	 5.574925 	 57.380780
  963 	 0.029987 	 6.151106 	 80.979781
  964 	 0.017427 	 6.655309 	 59.011572
  965 	 0.012349 	 4.808956 	 33.347854
  966 	 0.016946 	 5.976181 	 57.380780
  967 	 0.029987 	 6.161102 	 80.979781
  968 	 0.017427 	 6.593082 	 59.011572
  969 	 0.012349 	 4.810236 	 33.347854
  970 	 0.016946 	 6.079861 	 57.380780
  971 	 0.029987 	 6.158043 	 80.979781
  972 	 0.017427 	 6.508625 	 59.011572
  973 	 0.012349 	 4.811516 	 33.347854
  974 	 0.016946 	 6.407515 	 57.380780
  975 	 0.029987 	 6.138565 	 80.979781
  976 	 0.017427 	 6.269769 	 59.011572
  977 	 0.012349 	 4.816291 	 33.347854
  978 	 0.016946 	 6.412918 	 57.380780
  979 	 0.029987 	 6.161605 	 80.979781
  980 	 0.017427 	 6.244368 	 59.011572
  981 	 0.012349 	 4.492576 	 30.443049
  982 	 0.016946 	 6.440581 	 57.380780
  983 	 0.032848 	 5.539221 	 80.979781
  984 	 0.017427 	 6.242823 	 59.011572
  985 	 0.012349 	 4.823342 	 30.443049
  986 	 0.016946 	 6.753936 	 57.380780
  987 	 0.032848 	 5.544246 	 80.979781
  988 	 0.017427 	 5.907794 	 59.011572
  989 	 0.012349 	 4.819815 	 30.443049
  990 	 0.016946 	 6.691038 	 57.380780
  991 	 0.032848 	 5.555113 	 80.979781
  992 	 0.017427 	 6.169568 	 59.011572
  993 	 0.012349 	 4.673823 	 30.443049
  994 	 0.016946 	 6.706038 	 57.380780
  995 	 0.032848 	 5.654613 	 80.979781
  996 	 0.017427 	 6.175480 	 59.011572
  997 	 0.012349 	 4.672134 	 30.443049
  998 	 0.016946 	 6.622327 	 57.380780
  999 	 0.032848 	 5.695015 	 80.979781
 