   0 	 0.001170 	 0.001884 	 0.003901
    1 	 0.001256 	 0.001921 	 0.003671
    2 	 0.001256 	 0.002048 	 0.004357
    3 	 0.001145 	 0.002169 	 0.004357
    4 	 0.001430 	 0.002453 	 0.004357
    5 	 0.001582 	 0.002716 	 0.006158
    6 	 0.001659 	 0.002962 	 0.006158
    7 	 0.001659 	 0.003064 	 0.006158
    8 	 0.001831 	 0.003335 	 0.006480
    9 	 0.002211 	 0.003758 	 0.006480
   10 	 0.002211 	 0.003875 	 0.007097
   11 	 0.001998 	 0.004133 	 0.007844
   12 	 0.002111 	 0.004249 	 0.007844
   13 	 0.002475 	 0.004469 	 0.010496
   14 	 0.002652 	 0.005067 	 0.010496
   15 	 0.002945 	 0.005175 	 0.009936
   16 	 0.002791 	 0.005628 	 0.009936
   17 	 0.003118 	 0.006009 	 0.010208
   18 	 0.003498 	 0.006556 	 0.013549
   19 	 0.004072 	 0.006962 	 0.013550
   20 	 0.003565 	 0.007837 	 0.025702
   21 	 0.004117 	 0.008801 	 0.025702
   22 	 0.003821 	 0.009597 	 0.025703
   23 	 0.004571 	 0.010611 	 0.025703
   24 	 -0.740502 	 0.002388 	 0.025697
   25 	 0.005438 	 0.012736 	 0.032411
   26 	 0.006058 	 0.014955 	 0.032407
   27 	 0.005519 	 0.016204 	 0.032407
   28 	 0.005961 	 0.019104 	 0.032410
   29 	 0.005960 	 0.020470 	 0.032411
   30 	 -0.748005 	 0.012567 	 0.049683
   31 	 -0.750702 	 0.014037 	 0.035466
   32 	 -0.743278 	 0.015787 	 0.035483
   33 	 0.012626 	 0.027378 	 0.035483
   34 	 0.009431 	 0.028749 	 0.049678
   35 	 0.008371 	 0.030488 	 0.049678
   36 	 -0.740802 	 0.017250 	 0.049646
   37 	 0.008371 	 0.030466 	 0.039233
   38 	 0.007095 	 0.030685 	 0.035483
   39 	 0.007095 	 0.031036 	 0.035466
   40 	 0.005960 	 0.030600 	 0.035483
   41 	 0.009675 	 0.030466 	 0.035485
   42 	 0.010493 	 0.031609 	 0.035493
   43 	 0.014607 	 0.031741 	 0.035490
   44 	 -0.750688 	 0.021240 	 0.035494
   45 	 0.010797 	 0.030297 	 0.035466
   46 	 0.010205 	 0.030903 	 0.035483
   47 	 0.010205 	 0.031218 	 0.035482
   48 	 0.010797 	 0.031406 	 0.035493
   49 	 0.013069 	 0.031438 	 0.035466
   50 	 -0.750688 	 0.021088 	 0.035466
   51 	 0.009197 	 0.029874 	 0.032403
   52 	 0.009197 	 0.029407 	 0.033226
   53 	 0.010208 	 0.030488 	 0.032408
   54 	 0.009197 	 0.031080 	 0.032408
   55 	 0.013069 	 0.031681 	 0.035466
   56 	 0.010493 	 0.031931 	 0.032408
   57 	 0.009197 	 0.031168 	 0.032404
   58 	 0.011119 	 0.031155 	 0.032406
   59 	 0.016555 	 0.031675 	 0.032407
   60 	 0.009197 	 0.031263 	 0.032406
   61 	 0.016554 	 0.031572 	 0.032400
   62 	 0.018169 	 0.031967 	 0.032408
   63 	 0.014607 	 0.031604 	 0.032400
   64 	 0.009933 	 0.031428 	 0.032388
   65 	 0.021283 	 0.032021 	 0.032402
   66 	 0.024028 	 0.032040 	 0.032407
   67 	 0.024028 	 0.032055 	 0.032395
   68 	 0.011825 	 0.032022 	 0.032392
   69 	 0.010797 	 0.031327 	 0.032392
   70 	 0.012213 	 0.031934 	 0.032405
   71 	 0.010206 	 0.031216 	 0.032406
   72 	 0.010205 	 0.031462 	 0.032404
   73 	 0.010208 	 0.030816 	 0.032404
   74 	 0.009675 	 0.031054 	 0.032407
   75 	 0.009675 	 0.031171 	 0.032407
   76 	 0.010797 	 0.031683 	 0.032407
   77 	 0.027587 	 0.032265 	 0.032407
   78 	 0.017324 	 0.032174 	 0.035466
   79 	 -0.750688 	 0.021865 	 0.035466
   80 	 0.009933 	 0.031665 	 0.035466
   81 	 0.011461 	 0.032172 	 0.035466
   82 	 0.016554 	 0.032186 	 0.032407
   83 	 0.009933 	 0.032103 	 0.032405
   84 	 0.011825 	 0.031885 	 0.032400
   85 	 0.011119 	 0.031683 	 0.032407
   86 	 0.009933 	 0.031679 	 0.032405
   87 	 0.007525 	 0.032073 	 0.032406
   88 	 0.009675 	 0.031839 	 0.032407
   89 	 0.032383 	 0.032384 	 0.032409
   90 	 0.011461 	 0.031984 	 0.032407
   91 	 0.014056 	 0.031738 	 0.032383
   92 	 0.014056 	 0.031592 	 0.032405
   93 	 0.025685 	 0.032300 	 0.032403
   94 	 -0.750688 	 0.022231 	 0.032403
   95 	 0.022572 	 0.032299 	 0.035466
   96 	 0.011119 	 0.031612 	 0.035466
   97 	 0.009430 	 0.031899 	 0.035466
   98 	 0.020133 	 0.032255 	 0.035466
   99 	 0.015203 	 0.031948 	 0.035466
  100 	 0.015203 	 0.032438 	 0.035466
  101 	 0.013545 	 0.031878 	 0.035466
  102 	 0.021283 	 0.032315 	 0.035466
  103 	 0.011461 	 0.031933 	 0.035485
  104 	 0.009675 	 0.031559 	 0.035466
  105 	 0.010797 	 0.031162 	 0.035466
  106 	 0.010493 	 0.031887 	 0.035466
  107 	 0.011461 	 0.031931 	 0.035493
  108 	 0.009430 	 0.031589 	 0.035466
  109 	 0.010797 	 0.031673 	 0.035490
  110 	 0.010205 	 0.031535 	 0.067672
  111 	 -0.750688 	 0.021802 	 0.067686
  112 	 0.009430 	 0.031161 	 0.067686
  113 	 0.010493 	 0.031652 	 0.067686
  114 	 0.009675 	 0.033041 	 0.067686
  115 	 -0.750688 	 0.022871 	 0.067686
  116 	 0.010797 	 0.032863 	 0.067768
  117 	 0.009431 	 0.033276 	 0.067686
  118 	 -0.248975 	 0.028904 	 0.067687
  119 	 -0.750688 	 0.013427 	 0.067686
  120 	 0.032346 	 0.033347 	 0.067686
  121 	 0.020133 	 0.033651 	 0.067686
  122 	 -0.750688 	 0.024626 	 0.067686
  123 	 0.016553 	 0.036867 	 0.067687
  124 	 -0.771124 	 -0.009706 	 0.067775
  125 	 0.005775 	 0.031858 	 0.032400
  126 	 0.009431 	 0.032142 	 0.033248
  127 	 0.010493 	 0.031648 	 0.032411
  128 	 0.008976 	 0.032129 	 0.035466
  129 	 0.008976 	 0.031503 	 0.032406
  130 	 0.014607 	 0.031952 	 0.032408
  131 	 0.009675 	 0.031376 	 0.035466
  132 	 0.009675 	 0.031321 	 0.035466
  133 	 0.009675 	 0.031283 	 0.032407
  134 	 0.009675 	 0.031622 	 0.032407
  135 	 0.012213 	 0.031897 	 0.032407
  136 	 0.009430 	 0.031953 	 0.032407
  137 	 0.009675 	 0.031279 	 0.032404
  138 	 0.014607 	 0.031796 	 0.032407
  139 	 0.009198 	 0.031789 	 0.032407
  140 	 0.009675 	 0.031849 	 0.032402
  141 	 0.013069 	 0.031837 	 0.032408
  142 	 0.005960 	 0.031242 	 0.032407
  143 	 0.010797 	 0.031892 	 0.032404
  144 	 0.009933 	 0.031425 	 0.032411
  145 	 0.010797 	 0.030891 	 0.032406
  146 	 0.010797 	 0.030685 	 0.032407
  147 	 -0.750688 	 0.021481 	 0.032406
  148 	 0.013069 	 0.031955 	 0.032406
  149 	 0.011119 	 0.031265 	 0.033226
 