   0 	 0.001088 	 0.001780 	 0.003171
    1 	 0.001265 	 0.001953 	 0.003171
    2 	 0.001319 	 0.002117 	 0.004117
    3 	 0.001441 	 0.002154 	 0.004409
    4 	 0.001487 	 0.002202 	 0.003744
    5 	 0.001309 	 0.002267 	 0.004628
    6 	 0.001305 	 0.002486 	 0.005285
    7 	 0.001630 	 0.002724 	 0.005520
    8 	 0.001659 	 0.003150 	 0.006964
    9 	 0.001659 	 0.003413 	 0.006964
   10 	 0.001705 	 0.003958 	 0.009433
   11 	 0.001705 	 0.004551 	 0.009433
   12 	 0.001705 	 0.004930 	 0.010496
   13 	 0.002265 	 0.005743 	 0.014613
   14 	 0.002380 	 0.006686 	 0.014613
   15 	 0.003341 	 0.007508 	 0.015209
   16 	 0.003565 	 0.008526 	 0.015210
   17 	 0.003171 	 0.009451 	 0.015857
   18 	 0.003531 	 0.010548 	 0.029809
   19 	 0.004072 	 0.013269 	 0.029814
   20 	 0.006836 	 0.018765 	 0.248792
   21 	 0.006713 	 0.057874 	 0.249311
   22 	 0.009199 	 0.191623 	 0.249311
   23 	 0.015852 	 0.243831 	 0.743193
   24 	 0.013033 	 0.258120 	 0.637565
   25 	 -0.895110 	 0.271733 	 0.643103
   26 	 0.013505 	 0.349835 	 0.750249
   27 	 0.017263 	 0.471084 	 2.354330
   28 	 0.025552 	 0.532067 	 0.749983
   29 	 0.215178 	 0.553859 	 0.747875
   30 	 0.017969 	 0.525849 	 0.743267
   31 	 0.014506 	 0.491049 	 0.651450
   32 	 0.023756 	 0.518839 	 0.747480
   33 	 0.017182 	 0.538132 	 0.749420
   34 	 -0.285535 	 0.523685 	 0.744261
   35 	 0.013955 	 0.527587 	 0.747920
   36 	 0.015087 	 0.539935 	 0.966815
   37 	 0.019931 	 0.536505 	 0.749730
   38 	 0.012544 	 0.507990 	 0.749094
   39 	 0.017173 	 0.514912 	 0.746386
   40 	 -0.284909 	 0.529920 	 0.750524
   41 	 0.012984 	 0.534782 	 0.747925
   42 	 0.042858 	 0.539509 	 0.966230
   43 	 -0.284852 	 0.507662 	 0.750276
   44 	 0.018003 	 0.526085 	 0.733828
   45 	 0.017173 	 0.526194 	 0.966177
   46 	 0.016417 	 0.524691 	 0.747461
   47 	 0.027207 	 0.538677 	 0.747925
   48 	 0.220147 	 0.540265 	 0.748349
   49 	 0.015087 	 0.519602 	 0.742354
   50 	 0.483510 	 0.538053 	 0.649348
   51 	 0.065446 	 0.539964 	 0.749094
   52 	 0.015087 	 0.525201 	 0.554518
   53 	 0.012546 	 0.525397 	 0.721863
   54 	 0.533511 	 0.543449 	 0.749094
   55 	 0.018918 	 0.530953 	 0.750522
   56 	 0.022318 	 0.524054 	 0.539558
   57 	 0.017173 	 0.535287 	 0.746951
   58 	 0.537803 	 0.543710 	 0.745058
   59 	 0.016417 	 0.526882 	 0.747925
   60 	 0.021056 	 0.523992 	 0.538311
   61 	 0.018003 	 0.532565 	 0.748349
   62 	 0.013956 	 0.511632 	 0.745759
   63 	 -0.284847 	 0.513773 	 0.747461
   64 	 0.017173 	 0.543082 	 0.749729
   65 	 0.017173 	 0.530722 	 0.966173
   66 	 0.012546 	 0.531329 	 0.747925
   67 	 0.029351 	 0.530284 	 0.747925
   68 	 0.483610 	 0.541044 	 0.750522
   69 	 0.013976 	 0.515881 	 0.741174
   70 	 0.012546 	 0.498540 	 0.554487
   71 	 0.015724 	 0.520256 	 0.749718
   72 	 0.013453 	 0.532219 	 0.750522
   73 	 0.019930 	 0.533377 	 0.748737
   74 	 0.483003 	 0.542443 	 0.750012
   75 	 0.021056 	 0.528464 	 0.746386
   76 	 -0.284847 	 0.497126 	 0.554674
   77 	 0.012983 	 0.532084 	 0.745759
   78 	 0.027207 	 0.546690 	 0.966173
   79 	 0.013453 	 0.518540 	 0.750276
   80 	 0.015724 	 0.530958 	 0.742354
   81 	 0.023740 	 0.534044 	 0.750012
   82 	 -0.284847 	 0.513974 	 0.748737
   83 	 0.079394 	 0.535160 	 0.744270
   84 	 0.018004 	 0.518386 	 0.966173
   85 	 0.015087 	 0.533231 	 0.714667
   86 	 0.014500 	 0.531677 	 0.747461
   87 	 -0.284847 	 0.523746 	 0.749094
   88 	 0.034903 	 0.535448 	 0.749424
   89 	 0.016413 	 0.526331 	 0.966173
   90 	 0.012546 	 0.514565 	 0.738137
   91 	 0.021056 	 0.532885 	 0.748351
   92 	 0.055666 	 0.541789 	 0.750522
   93 	 0.012513 	 0.535416 	 0.745759
   94 	 0.012984 	 0.499719 	 0.726995
   95 	 0.029351 	 0.523239 	 0.750541
   96 	 0.029350 	 0.547294 	 0.750276
   97 	 0.023740 	 0.525707 	 0.741174
   98 	 0.015724 	 0.530173 	 0.741175
   99 	 0.018003 	 0.530933 	 0.744270
  100 	 0.023740 	 0.522598 	 0.748737
  101 	 0.034841 	 0.535689 	 0.747461
  102 	 0.015205 	 0.517608 	 0.744270
  103 	 0.012984 	 0.520406 	 0.738171
  104 	 0.018918 	 0.520059 	 0.749028
  105 	 0.012555 	 0.532411 	 0.750276
  106 	 0.483352 	 0.546211 	 0.746951
  107 	 0.016418 	 0.530222 	 0.750518
  108 	 0.031861 	 0.524360 	 0.554566
  109 	 0.023740 	 0.524539 	 0.748348
  110 	 0.533497 	 0.543401 	 0.739798
  111 	 0.017998 	 0.525680 	 0.744270
  112 	 0.078143 	 0.531720 	 0.539562
  113 	 0.015724 	 0.506541 	 0.747464
  114 	 0.537802 	 0.540625 	 0.715307
  115 	 0.018003 	 0.538673 	 0.748737
  116 	 0.018003 	 0.531047 	 0.538311
  117 	 0.022318 	 0.523752 	 0.747461
  118 	 0.022318 	 0.515887 	 0.747461
  119 	 0.012546 	 0.537657 	 0.745058
  120 	 -0.284856 	 0.517609 	 0.745058
  121 	 0.012546 	 0.519908 	 0.750522
  122 	 0.015087 	 0.530246 	 0.966181
  123 	 0.021292 	 0.524109 	 0.750522
  124 	 0.027055 	 0.525045 	 0.749094
  125 	 0.012546 	 0.528041 	 0.745628
  126 	 0.014500 	 0.514038 	 0.742438
  127 	 0.015676 	 0.506046 	 0.750522
  128 	 0.021056 	 0.523649 	 0.749424
  129 	 0.015088 	 0.517780 	 0.748763
  130 	 0.023740 	 0.523853 	 0.745759
  131 	 0.015098 	 0.535301 	 0.749093
  132 	 0.048430 	 0.538363 	 0.744270
  133 	 0.018918 	 0.522183 	 0.749088
  134 	 0.025345 	 0.522636 	 0.730840
  135 	 0.015720 	 0.514636 	 0.746951
  136 	 0.013453 	 0.525916 	 0.743382
  137 	 0.013957 	 0.527197 	 0.748739
  138 	 -0.284847 	 0.527056 	 0.750012
  139 	 0.015724 	 0.530683 	 0.749728
  140 	 0.483122 	 0.544743 	 0.966173
  141 	 0.012984 	 0.523450 	 0.748737
  142 	 0.012984 	 0.523555 	 0.554637
  143 	 0.014500 	 0.525408 	 0.750276
  144 	 0.013956 	 0.516118 	 0.750276
  145 	 0.023739 	 0.527549 	 0.749424
  146 	 0.016417 	 0.521932 	 0.749729
  147 	 0.012984 	 0.523455 	 0.744270
  148 	 -0.284847 	 0.529895 	 0.748349
  149 	 -0.284847 	 0.534568 	 0.750276
 