   0 	 0.001131 	 0.001776 	 0.003434
    1 	 0.001162 	 0.001921 	 0.004935
    2 	 0.001162 	 0.002053 	 0.004935
    3 	 0.001177 	 0.002308 	 0.004870
    4 	 0.001287 	 0.002642 	 0.006713
    5 	 0.001441 	 0.003286 	 0.006713
    6 	 0.001441 	 0.003747 	 0.007682
    7 	 0.001778 	 0.004513 	 0.008767
    8 	 0.002041 	 0.005141 	 0.014062
    9 	 0.001987 	 0.005713 	 0.014062
   10 	 0.001729 	 0.006648 	 0.014061
   11 	 0.003118 	 0.007350 	 0.014061
   12 	 0.003254 	 0.008379 	 0.015209
   13 	 0.004409 	 0.010274 	 0.039238
   14 	 -0.247342 	 0.009075 	 0.039239
   15 	 0.004807 	 0.016120 	 0.039238
   16 	 -0.247342 	 0.020615 	 0.149155
   17 	 0.008564 	 0.042308 	 0.149293
   18 	 -0.249401 	 0.055025 	 0.149334
   19 	 0.014059 	 0.122289 	 0.149318
   20 	 0.015821 	 0.137927 	 0.155300
   21 	 0.011826 	 0.139167 	 0.149195
   22 	 0.014033 	 0.142794 	 0.149156
   23 	 0.018131 	 0.140537 	 0.149245
   24 	 0.020087 	 0.142535 	 0.149196
   25 	 0.146246 	 0.146434 	 0.149105
   26 	 -0.256243 	 0.139746 	 0.149061
   27 	 0.011809 	 0.143061 	 0.146310
   28 	 0.012608 	 0.141942 	 0.155465
   29 	 0.012608 	 0.143250 	 0.149245
   30 	 0.014583 	 0.138787 	 0.149228
   31 	 0.014033 	 0.142093 	 0.149228
   32 	 0.014583 	 0.143400 	 0.149184
   33 	 0.021231 	 0.144837 	 0.149196
   34 	 0.014033 	 0.138721 	 0.149184
   35 	 -0.256243 	 0.131859 	 0.149036
   36 	 0.025610 	 0.143721 	 0.149196
   37 	 0.022514 	 0.142185 	 0.155465
   38 	 0.035324 	 0.143766 	 0.148939
   39 	 0.012608 	 0.143242 	 0.149007
   40 	 -0.256243 	 0.132948 	 0.148723
   41 	 0.023963 	 0.141415 	 0.149228
   42 	 0.023963 	 0.143734 	 0.155465
   43 	 0.015177 	 0.138825 	 0.148975
   44 	 0.013050 	 0.139628 	 0.148975
   45 	 0.015821 	 0.143851 	 0.149170
   46 	 0.014611 	 0.143967 	 0.149036
   47 	 0.012608 	 0.140559 	 0.149156
   48 	 0.012196 	 0.139761 	 0.149183
   49 	 0.015821 	 0.144803 	 0.149228
   50 	 0.015177 	 0.144812 	 0.149237
   51 	 0.019059 	 0.144235 	 0.149156
   52 	 0.081943 	 0.145021 	 0.149170
   53 	 0.025610 	 0.141999 	 0.149084
   54 	 0.146247 	 0.146336 	 0.147699
   55 	 -0.256243 	 0.139739 	 0.148939
   56 	 0.012608 	 0.140056 	 0.146310
   57 	 0.022514 	 0.143625 	 0.155465
   58 	 0.146308 	 0.146445 	 0.149228
   59 	 0.020087 	 0.143505 	 0.149007
   60 	 0.011446 	 0.141534 	 0.146308
   61 	 -0.256243 	 0.134182 	 0.149061
   62 	 0.013524 	 0.143268 	 0.149253
   63 	 0.023963 	 0.145048 	 0.155465
   64 	 0.146245 	 0.146375 	 0.149207
   65 	 0.015177 	 0.143084 	 0.148975
   66 	 0.049367 	 0.144291 	 0.146310
   67 	 0.011809 	 0.141507 	 0.149170
   68 	 0.014583 	 0.141497 	 0.148413
   69 	 0.020087 	 0.144835 	 0.149245
   70 	 0.017290 	 0.141690 	 0.149184
   71 	 0.012196 	 0.142247 	 0.149061
   72 	 0.012608 	 0.141008 	 0.149036
   73 	 0.011809 	 0.142988 	 0.149237
   74 	 0.049367 	 0.144696 	 0.149228
   75 	 0.011809 	 0.137583 	 0.149245
   76 	 0.015177 	 0.135356 	 0.148413
   77 	 -0.256243 	 0.131701 	 0.149245
   78 	 0.029693 	 0.142330 	 0.149170
   79 	 0.014033 	 0.140596 	 0.155465
   80 	 0.021231 	 0.142802 	 0.148848
   81 	 0.012196 	 0.138324 	 0.149196
   82 	 0.016523 	 0.141692 	 0.149036
   83 	 0.018131 	 0.143290 	 0.149237
   84 	 -0.256243 	 0.138184 	 0.149140
   85 	 0.023963 	 0.142000 	 0.149105
   86 	 0.018131 	 0.141559 	 0.155465
   87 	 0.013050 	 0.133631 	 0.148848
   88 	 0.067168 	 0.144102 	 0.149105
   89 	 0.015821 	 0.142355 	 0.149218
   90 	 0.015821 	 0.144209 	 0.148022
   91 	 -0.256243 	 0.138692 	 0.149156
   92 	 0.146272 	 0.146354 	 0.149156
   93 	 0.020087 	 0.141774 	 0.155465
   94 	 0.015821 	 0.143147 	 0.146309
   95 	 -0.256243 	 0.137080 	 0.149061
   96 	 0.015821 	 0.138583 	 0.149156
   97 	 0.013050 	 0.141934 	 0.155465
   98 	 0.032261 	 0.145052 	 0.149156
   99 	 0.019059 	 0.143388 	 0.149218
  100 	 0.021231 	 0.143347 	 0.148791
  101 	 0.020087 	 0.142715 	 0.149084
  102 	 0.039024 	 0.143304 	 0.149036
  103 	 0.011809 	 0.136072 	 0.149061
  104 	 0.012196 	 0.138299 	 0.148642
  105 	 0.015177 	 0.139560 	 0.149245
  106 	 0.021231 	 0.139683 	 0.149237
  107 	 0.013523 	 0.140881 	 0.149170
  108 	 0.011826 	 0.143933 	 0.148939
  109 	 0.020087 	 0.144849 	 0.149207
  110 	 0.014033 	 0.138785 	 0.149245
  111 	 0.023963 	 0.139159 	 0.149061
  112 	 0.012196 	 0.144796 	 0.149196
  113 	 0.011809 	 0.143978 	 0.148975
  114 	 0.012196 	 0.140171 	 0.146310
  115 	 0.020087 	 0.139003 	 0.149245
  116 	 -0.256239 	 0.136435 	 0.149237
  117 	 0.015821 	 0.139088 	 0.149061
  118 	 0.012196 	 0.139841 	 0.155465
  119 	 0.020087 	 0.143278 	 0.149156
  120 	 0.012195 	 0.138510 	 0.149237
  121 	 0.022514 	 0.142635 	 0.149061
  122 	 0.035324 	 0.140006 	 0.149237
  123 	 0.081943 	 0.145584 	 0.149007
  124 	 0.013524 	 0.140420 	 0.148723
  125 	 0.020087 	 0.140590 	 0.147699
  126 	 0.015821 	 0.140546 	 0.149207
  127 	 0.023963 	 0.143516 	 0.149061
  128 	 0.021230 	 0.142097 	 0.149156
  129 	 0.015177 	 0.141819 	 0.148975
  130 	 0.043590 	 0.145116 	 0.149036
  131 	 -0.256243 	 0.139044 	 0.149170
  132 	 0.009664 	 0.143141 	 0.148541
  133 	 0.020087 	 0.144089 	 0.155465
  134 	 0.011809 	 0.139184 	 0.149293
  135 	 0.015853 	 0.138397 	 0.147699
  136 	 0.012196 	 0.139009 	 0.149245
  137 	 0.012608 	 0.136684 	 0.149155
  138 	 0.021231 	 0.142614 	 0.149237
  139 	 0.146248 	 0.146518 	 0.149228
  140 	 0.015177 	 0.143221 	 0.149036
  141 	 -0.256243 	 0.138134 	 0.146310
  142 	 0.146250 	 0.146376 	 0.149170
  143 	 0.013050 	 0.142671 	 0.155465
  144 	 0.012608 	 0.141064 	 0.146310
  145 	 -0.256243 	 0.139792 	 0.149218
  146 	 0.014583 	 0.140365 	 0.149228
  147 	 0.013524 	 0.143173 	 0.155465
  148 	 0.016523 	 0.143286 	 0.149184
  149 	 0.012215 	 0.141475 	 0.149140
 