   0 	 0.001110 	 0.001801 	 0.003254
    1 	 0.001104 	 0.001960 	 0.003254
    2 	 0.001282 	 0.002143 	 0.003254
    3 	 0.001173 	 0.002211 	 0.003635
    4 	 0.001300 	 0.002295 	 0.003671
    5 	 0.001530 	 0.002473 	 0.004072
    6 	 0.001549 	 0.002613 	 0.005603
    7 	 0.001549 	 0.002967 	 0.008189
    8 	 0.001499 	 0.003305 	 0.015210
    9 	 0.001813 	 0.004142 	 0.015210
   10 	 0.001822 	 0.005529 	 0.043866
   11 	 0.001849 	 0.011042 	 0.049715
   12 	 0.003744 	 0.026913 	 0.049719
   13 	 0.006058 	 0.038599 	 0.049718
   14 	 0.008763 	 0.039232 	 0.049716
   15 	 0.012624 	 0.042898 	 0.049694
   16 	 0.010491 	 0.043672 	 0.049692
   17 	 0.014604 	 0.043618 	 0.049652
   18 	 0.012213 	 0.043954 	 0.049700
   19 	 0.010797 	 0.044443 	 0.049690
   20 	 0.013543 	 0.046396 	 0.049695
   21 	 0.043774 	 0.046628 	 0.049699
   22 	 0.013542 	 0.046464 	 0.049692
   23 	 0.010491 	 0.046030 	 0.049618
   24 	 -0.757162 	 0.035284 	 0.049692
   25 	 -0.760519 	 0.036423 	 0.049700
   26 	 0.011823 	 0.046800 	 0.051671
   27 	 0.011823 	 0.046905 	 0.051680
   28 	 0.011823 	 0.046282 	 0.049618
   29 	 0.017320 	 0.046866 	 0.049618
   30 	 0.021275 	 0.047144 	 0.049696
   31 	 0.019094 	 0.046168 	 0.049683
   32 	 0.008186 	 0.044744 	 0.049673
   33 	 0.010491 	 0.045820 	 0.049678
   34 	 0.011118 	 0.046958 	 0.049705
   35 	 0.016551 	 0.047212 	 0.049638
   36 	 0.010491 	 0.046429 	 0.049698
   37 	 0.011459 	 0.045602 	 0.049685
   38 	 0.010491 	 0.046684 	 0.049700
   39 	 0.010795 	 0.046999 	 0.049688
   40 	 0.011117 	 0.046830 	 0.049700
   41 	 0.014603 	 0.047358 	 0.049699
   42 	 0.011823 	 0.047586 	 0.049698
   43 	 0.011117 	 0.046847 	 0.049690
   44 	 0.010795 	 0.047667 	 0.049696
   45 	 0.010795 	 0.046552 	 0.049698
   46 	 0.010795 	 0.048038 	 0.049699
   47 	 0.010795 	 0.046764 	 0.049699
   48 	 0.012210 	 0.046880 	 0.049699
   49 	 0.011823 	 0.047495 	 0.049699
   50 	 0.010491 	 0.047749 	 0.049695
   51 	 0.010491 	 0.047939 	 0.049696
   52 	 0.019094 	 0.048084 	 0.049700
   53 	 0.010795 	 0.048585 	 0.049700
   54 	 0.010491 	 0.047665 	 0.049678
   55 	 0.010491 	 0.048111 	 0.049629
   56 	 0.011117 	 0.048372 	 0.049700
   57 	 0.032371 	 0.048782 	 0.049700
   58 	 0.010491 	 0.048784 	 0.049698
   59 	 0.020126 	 0.049164 	 0.049646
   60 	 0.049603 	 0.049605 	 0.049700
   61 	 0.015199 	 0.048744 	 0.049676
   62 	 0.010203 	 0.049111 	 0.049603
   63 	 0.012215 	 0.048744 	 0.049688
   64 	 0.014603 	 0.048799 	 0.049700
   65 	 0.049603 	 0.049605 	 0.049695
   66 	 0.024039 	 0.048906 	 0.049676
   67 	 0.014603 	 0.048024 	 0.049603
   68 	 0.029778 	 0.048833 	 0.049666
   69 	 0.016549 	 0.048743 	 0.049690
   70 	 0.015845 	 0.047555 	 0.049652
   71 	 0.015199 	 0.048302 	 0.049685
   72 	 0.015845 	 0.049041 	 0.049687
   73 	 0.010795 	 0.048581 	 0.049688
   74 	 0.020126 	 0.048453 	 0.049687
   75 	 0.017319 	 0.048349 	 0.049699
   76 	 0.021275 	 0.048507 	 0.049676
   77 	 0.006056 	 0.045794 	 0.049673
   78 	 0.010203 	 0.046123 	 0.049673
   79 	 0.010795 	 0.045956 	 0.049698
   80 	 0.010491 	 0.045653 	 0.049700
   81 	 0.020126 	 0.049113 	 0.049699
   82 	 0.011823 	 0.048526 	 0.049700
   83 	 0.024018 	 0.048847 	 0.049676
   84 	 0.014603 	 0.048765 	 0.049696
   85 	 0.015845 	 0.049183 	 0.049666
   86 	 0.010795 	 0.049120 	 0.049690
   87 	 0.018163 	 0.048324 	 0.049687
   88 	 0.014052 	 0.047238 	 0.049699
   89 	 0.021275 	 0.048738 	 0.049681
   90 	 0.014052 	 0.047612 	 0.049691
   91 	 0.010491 	 0.046716 	 0.049673
   92 	 0.008562 	 0.047377 	 0.049691
   93 	 0.015845 	 0.048580 	 0.049700
   94 	 0.032365 	 0.049393 	 0.049705
   95 	 0.011117 	 0.048472 	 0.049687
   96 	 0.011117 	 0.048612 	 0.049646
   97 	 0.018163 	 0.049140 	 0.049698
   98 	 0.016549 	 0.049193 	 0.049698
   99 	 0.014603 	 0.049094 	 0.049681
  100 	 0.011117 	 0.049123 	 0.049685
  101 	 0.049603 	 0.049605 	 0.049690
  102 	 0.010491 	 0.047892 	 0.049698
  103 	 0.007232 	 0.048263 	 0.049603
  104 	 -0.250047 	 0.045078 	 0.049700
  105 	 0.012624 	 0.048634 	 0.049708
  106 	 0.012624 	 0.048714 	 0.050352
  107 	 0.018163 	 0.049082 	 0.049694
  108 	 0.010491 	 0.048869 	 0.049694
  109 	 0.009931 	 0.048486 	 0.049681
  110 	 0.007094 	 0.048409 	 0.049700
  111 	 0.039172 	 0.049476 	 0.049701
  112 	 0.049603 	 0.049606 	 0.049708
  113 	 0.010491 	 0.048693 	 0.049629
  114 	 0.012210 	 0.049136 	 0.049603
  115 	 0.025674 	 0.049306 	 0.049700
  116 	 0.011117 	 0.048456 	 0.049695
  117 	 0.016549 	 0.049191 	 0.049662
  118 	 0.013542 	 0.049155 	 0.049698
  119 	 0.013542 	 0.048524 	 0.049685
  120 	 0.010203 	 0.047733 	 0.049692
  121 	 0.009674 	 0.047782 	 0.049692
  122 	 0.010795 	 0.047798 	 0.049700
  123 	 0.011459 	 0.048547 	 0.049702
  124 	 0.014058 	 0.048004 	 0.049699
  125 	 0.010494 	 0.047869 	 0.049697
  126 	 0.010495 	 0.048347 	 0.049690
  127 	 0.016549 	 0.048919 	 0.049700
  128 	 0.012624 	 0.048869 	 0.049700
  129 	 0.011823 	 0.048720 	 0.049685
  130 	 0.010203 	 0.047071 	 0.049694
  131 	 0.016549 	 0.049192 	 0.049696
  132 	 0.014603 	 0.049172 	 0.049700
  133 	 0.010491 	 0.048134 	 0.049685
  134 	 0.010491 	 0.047750 	 0.049690
  135 	 0.010491 	 0.047819 	 0.049700
  136 	 0.010491 	 0.048100 	 0.049700
  137 	 0.010203 	 0.047539 	 0.049700
  138 	 0.012624 	 0.047434 	 0.049700
  139 	 0.013067 	 0.049152 	 0.049700
  140 	 0.010203 	 0.046999 	 0.049694
  141 	 0.010203 	 0.047168 	 0.049693
  142 	 0.010795 	 0.046050 	 0.049700
  143 	 0.010203 	 0.047311 	 0.049700
  144 	 0.010203 	 0.047814 	 0.049699
  145 	 0.043775 	 0.049536 	 0.049700
  146 	 0.015199 	 0.048507 	 0.049700
  147 	 0.015199 	 0.048165 	 0.049618
  148 	 0.025674 	 0.049307 	 0.049688
  149 	 0.010491 	 0.048641 	 0.049688
 