   0 	 0.001033 	 0.001854 	 0.005776
    1 	 0.001227 	 0.001910 	 0.003466
    2 	 0.001232 	 0.002045 	 0.004571
    3 	 0.001219 	 0.002081 	 0.004028
    4 	 0.001200 	 0.002313 	 0.004870
    5 	 0.001236 	 0.002433 	 0.004870
    6 	 0.001323 	 0.002590 	 0.005688
    7 	 0.001256 	 0.002959 	 0.005688
    8 	 0.001430 	 0.003574 	 0.006369
    9 	 0.002087 	 0.003901 	 0.006158
   10 	 0.002019 	 0.004231 	 0.007378
   11 	 0.002459 	 0.004569 	 0.013074
   12 	 0.002578 	 0.005190 	 0.012631
   13 	 0.002709 	 0.005513 	 0.019110
   14 	 0.003402 	 0.006328 	 0.019111
   15 	 0.003402 	 0.007455 	 0.020143
   16 	 0.003402 	 0.008979 	 0.020144
   17 	 -0.735397 	 0.001731 	 0.021295
   18 	 0.005519 	 0.014055 	 0.020144
   19 	 0.005776 	 0.015095 	 0.049696
   20 	 0.005360 	 0.018324 	 0.067782
   21 	 -0.741876 	 -0.008495 	 0.067784
   22 	 0.005961 	 0.010285 	 0.010496
   23 	 0.006712 	 0.010330 	 0.010579
   24 	 0.005867 	 0.010340 	 0.010496
   25 	 0.005867 	 0.010333 	 0.011122
   26 	 0.006058 	 0.010210 	 0.011122
   27 	 0.006058 	 0.010045 	 0.010496
   28 	 0.005439 	 0.009933 	 0.010496
   29 	 0.006369 	 0.009965 	 0.010496
   30 	 0.007096 	 0.010269 	 0.010496
   31 	 0.005439 	 0.010478 	 0.016560
   32 	 0.005284 	 0.010512 	 0.016560
   33 	 0.006158 	 0.010786 	 0.016561
   34 	 0.005867 	 0.011104 	 0.016562
   35 	 0.005867 	 0.010978 	 0.016560
   36 	 0.006368 	 0.011337 	 0.032406
   37 	 0.005776 	 0.012113 	 0.032406
   38 	 0.005776 	 0.012188 	 0.032406
   39 	 0.006058 	 0.013756 	 0.032408
   40 	 0.006261 	 0.016579 	 0.032408
   41 	 0.008372 	 0.021589 	 0.049700
   42 	 0.007377 	 0.027361 	 0.049697
   43 	 0.009430 	 0.031225 	 0.049703
   44 	 0.013071 	 0.032753 	 0.049705
   45 	 0.016554 	 0.036071 	 0.049696
   46 	 0.016554 	 0.036716 	 0.049693
   47 	 0.008765 	 0.037200 	 0.082715
   48 	 0.007524 	 0.037474 	 0.082715
   49 	 0.013541 	 0.039825 	 0.082715
   50 	 0.019094 	 0.043005 	 0.082806
   51 	 0.032365 	 0.044611 	 0.082715
   52 	 0.032365 	 0.048217 	 0.082715
   53 	 0.015199 	 0.075529 	 0.739512
   54 	 0.017319 	 0.298274 	 0.739522
   55 	 0.024018 	 0.646574 	 0.749031
   56 	 0.017117 	 0.621308 	 0.739541
   57 	 0.023632 	 0.510747 	 0.744116
   58 	 0.485578 	 0.519475 	 0.747957
   59 	 0.017188 	 0.541050 	 0.744329
   60 	 0.013966 	 0.530699 	 0.553882
   61 	 0.012981 	 0.525502 	 0.747917
   62 	 0.533692 	 0.541875 	 0.749723
   63 	 0.015088 	 0.530910 	 0.750278
   64 	 0.019929 	 0.512522 	 0.539505
   65 	 0.027207 	 0.528912 	 0.749093
   66 	 0.012983 	 0.535787 	 0.746387
   67 	 0.012513 	 0.510691 	 0.742354
   68 	 -0.284817 	 0.517215 	 0.750276
   69 	 0.013956 	 0.530399 	 0.750541
   70 	 0.013956 	 0.529002 	 0.966144
   71 	 0.018918 	 0.536565 	 0.749729
   72 	 -0.284845 	 0.521165 	 0.749729
   73 	 -0.284848 	 0.516393 	 0.746951
   74 	 0.027207 	 0.534268 	 0.966170
   75 	 0.031861 	 0.529587 	 0.966173
   76 	 0.027207 	 0.528507 	 0.742354
   77 	 -0.284847 	 0.519939 	 0.739798
   78 	 0.034840 	 0.536282 	 0.742354
   79 	 -0.284847 	 0.518475 	 0.966173
   80 	 -0.284847 	 0.516665 	 0.738171
   81 	 0.012984 	 0.529755 	 0.966173
   82 	 0.012984 	 0.529111 	 0.966173
   83 	 0.016417 	 0.523974 	 0.750276
   84 	 0.013416 	 0.511436 	 0.750276
   85 	 0.012513 	 0.523259 	 0.742354
   86 	 0.012546 	 0.537019 	 0.750033
   87 	 0.013956 	 0.538331 	 0.750541
   88 	 0.027207 	 0.533985 	 0.750522
   89 	 0.022317 	 0.532704 	 0.749729
   90 	 -0.284842 	 0.516841 	 0.742354
   91 	 0.012984 	 0.509614 	 0.745059
   92 	 0.016417 	 0.522499 	 0.966168
   93 	 0.016417 	 0.530282 	 0.750276
   94 	 0.018918 	 0.539576 	 0.748349
   95 	 0.018918 	 0.531089 	 0.748349
   96 	 -0.284847 	 0.499982 	 0.746951
   97 	 0.017173 	 0.529559 	 0.746951
   98 	 0.012546 	 0.541489 	 0.966173
   99 	 0.034841 	 0.531798 	 0.747925
  100 	 0.015724 	 0.508348 	 0.750522
  101 	 0.023740 	 0.524787 	 0.738171
  102 	 0.012546 	 0.521747 	 0.748737
  103 	 0.023732 	 0.533361 	 0.744270
  104 	 0.048430 	 0.540059 	 0.750522
  105 	 0.015087 	 0.516001 	 0.744274
  106 	 0.025356 	 0.526745 	 0.730840
  107 	 0.013953 	 0.528366 	 0.749094
  108 	 0.048430 	 0.531212 	 0.743376
  109 	 0.017173 	 0.511919 	 0.749731
  110 	 0.048430 	 0.535350 	 0.730840
  111 	 0.483188 	 0.549434 	 0.747925
  112 	 0.065446 	 0.533872 	 0.730840
  113 	 0.021056 	 0.522461 	 0.554617
  114 	 0.012546 	 0.533539 	 0.721863
  115 	 0.013956 	 0.533679 	 0.745759
  116 	 0.013453 	 0.517148 	 0.750522
  117 	 -0.284847 	 0.506934 	 0.749729
  118 	 0.012984 	 0.514271 	 0.750012
  119 	 0.027207 	 0.535610 	 0.966173
  120 	 0.012546 	 0.523238 	 0.750276
  121 	 0.019930 	 0.528364 	 0.742354
  122 	 0.014500 	 0.530276 	 0.750522
  123 	 0.021056 	 0.536176 	 0.746386
  124 	 0.012546 	 0.516696 	 0.749424
  125 	 -0.282404 	 0.501057 	 0.554086
  126 	 0.013453 	 0.521656 	 0.750522
  127 	 0.021056 	 0.535588 	 0.963897
  128 	 0.039225 	 0.527766 	 0.750012
  129 	 0.038436 	 0.531273 	 0.745759
  130 	 0.023740 	 0.522170 	 0.735790
  131 	 0.100897 	 0.531911 	 0.736217
  132 	 0.013956 	 0.532762 	 0.744270
  133 	 0.486363 	 0.540854 	 0.703851
  134 	 0.484466 	 0.541368 	 0.749729
  135 	 0.019930 	 0.524565 	 0.553642
  136 	 0.015087 	 0.530901 	 0.554224
  137 	 -0.284847 	 0.520400 	 0.746386
  138 	 0.021056 	 0.527946 	 0.749094
  139 	 0.038436 	 0.525164 	 0.966173
  140 	 0.018003 	 0.520340 	 0.745759
  141 	 0.027207 	 0.533994 	 0.736217
  142 	 0.015087 	 0.529499 	 0.747461
  143 	 0.016417 	 0.527611 	 0.742354
  144 	 0.027207 	 0.530292 	 0.749094
  145 	 0.025356 	 0.530114 	 0.748349
  146 	 0.015724 	 0.520012 	 0.714667
  147 	 0.079394 	 0.536307 	 0.743376
  148 	 0.016417 	 0.509393 	 0.748737
  149 	 0.013453 	 0.513859 	 0.714667
 