   0 	 0.001200 	 0.001835 	 0.003600
    1 	 0.001232 	 0.001870 	 0.003600
    2 	 0.001232 	 0.001921 	 0.002770
    3 	 0.001232 	 0.001933 	 0.002833
    4 	 0.001296 	 0.001998 	 0.003144
    5 	 0.001377 	 0.002089 	 0.003041
    6 	 0.001248 	 0.002096 	 0.003744
    7 	 0.001248 	 0.002191 	 0.003744
    8 	 0.001382 	 0.002343 	 0.004357
    9 	 0.001475 	 0.002664 	 0.004462
   10 	 0.001475 	 0.002747 	 0.004628
   11 	 0.001511 	 0.002910 	 0.006058
   12 	 0.001630 	 0.003012 	 0.006058
   13 	 0.001867 	 0.003347 	 0.007378
   14 	 0.001867 	 0.003804 	 0.007682
   15 	 0.001867 	 0.004222 	 0.007682
   16 	 0.001530 	 0.004866 	 0.039241
   17 	 0.002111 	 0.007429 	 0.039243
   18 	 0.002749 	 0.016863 	 0.039245
   19 	 0.003171 	 0.025676 	 0.039245
   20 	 0.003707 	 0.034889 	 0.039244
   21 	 0.010492 	 0.039463 	 0.247313
   22 	 0.010492 	 0.040127 	 0.249191
   23 	 0.009674 	 0.045517 	 0.247317
   24 	 0.013068 	 0.084942 	 0.249084
   25 	 0.038871 	 0.179636 	 0.248978
   26 	 0.012212 	 0.228321 	 0.248925
   27 	 0.012212 	 0.234149 	 0.247336
   28 	 0.014013 	 0.225872 	 0.248978
   29 	 0.012182 	 0.227978 	 0.248978
   30 	 0.017263 	 0.228506 	 0.248866
   31 	 0.022469 	 0.233640 	 0.248979
   32 	 0.013035 	 0.228801 	 0.248665
   33 	 0.009412 	 0.230436 	 0.248343
   34 	 0.016499 	 0.230806 	 0.248927
   35 	 0.235153 	 0.236164 	 0.249151
   36 	 0.016499 	 0.230691 	 0.248712
   37 	 0.014564 	 0.230379 	 0.235884
   38 	 0.013035 	 0.222607 	 0.248712
   39 	 0.235844 	 0.236166 	 0.248832
   40 	 0.018102 	 0.233900 	 0.248927
   41 	 0.012594 	 0.227189 	 0.642795
   42 	 -0.895864 	 0.244692 	 0.642795
   43 	 0.235846 	 0.313614 	 0.749981
   44 	 0.215192 	 0.359920 	 0.748303
   45 	 0.210455 	 0.450575 	 0.642795
   46 	 0.013035 	 0.494209 	 0.651444
   47 	 0.215192 	 0.540619 	 0.653461
   48 	 0.013458 	 0.537239 	 0.750247
   49 	 0.029632 	 0.522461 	 0.651444
   50 	 0.012551 	 0.517243 	 0.750009
   51 	 0.012551 	 0.531826 	 0.741020
   52 	 0.018915 	 0.523846 	 0.750520
   53 	 -0.285534 	 0.505858 	 0.750520
   54 	 0.016416 	 0.531719 	 0.746952
   55 	 0.027209 	 0.546077 	 0.966814
   56 	 0.027209 	 0.535415 	 0.748349
   57 	 0.012547 	 0.511080 	 0.742353
   58 	 0.034840 	 0.533590 	 0.742353
   59 	 0.029351 	 0.536722 	 0.750522
   60 	 0.012546 	 0.508278 	 0.738171
   61 	 0.018918 	 0.514978 	 0.741174
   62 	 0.031861 	 0.544138 	 0.750522
   63 	 0.018918 	 0.522617 	 0.746951
   64 	 0.013452 	 0.518008 	 0.739798
   65 	 0.023740 	 0.533524 	 0.746951
   66 	 0.019930 	 0.534404 	 0.750012
   67 	 0.012993 	 0.521990 	 0.744270
   68 	 0.079291 	 0.535070 	 0.746386
   69 	 0.019923 	 0.503031 	 0.750271
   70 	 0.015724 	 0.517047 	 0.714719
   71 	 0.012984 	 0.535724 	 0.746390
   72 	 0.220147 	 0.542669 	 0.748737
   73 	 0.042858 	 0.522868 	 0.750276
   74 	 -0.284847 	 0.520558 	 0.649348
   75 	 0.012546 	 0.531941 	 0.733828
   76 	 0.012984 	 0.539892 	 0.966173
   77 	 0.014500 	 0.509462 	 0.750522
   78 	 0.015087 	 0.525775 	 0.750276
   79 	 0.014609 	 0.517335 	 0.749424
   80 	 0.048436 	 0.537247 	 0.749094
   81 	 0.018005 	 0.541169 	 0.749362
   82 	 0.022318 	 0.520269 	 0.730837
   83 	 0.029351 	 0.526276 	 0.747460
   84 	 -0.284847 	 0.518629 	 0.745058
   85 	 0.015087 	 0.530183 	 0.741174
   86 	 0.034847 	 0.525244 	 0.966173
   87 	 0.018003 	 0.522706 	 0.749094
   88 	 -0.284847 	 0.510793 	 0.738168
   89 	 0.012984 	 0.506295 	 0.747461
   90 	 0.016417 	 0.545019 	 0.966173
   91 	 0.014611 	 0.517720 	 0.750276
   92 	 0.014455 	 0.518706 	 0.748349
   93 	 0.048391 	 0.528032 	 0.749361
   94 	 0.015110 	 0.515159 	 0.749449
   95 	 0.021056 	 0.522562 	 0.730860
   96 	 0.022318 	 0.537351 	 0.749081
   97 	 0.034841 	 0.533032 	 0.745759
   98 	 0.038436 	 0.527193 	 0.745058
   99 	 0.484117 	 0.541063 	 0.738171
  100 	 0.484281 	 0.542836 	 0.736217
  101 	 0.485902 	 0.537502 	 0.554331
  102 	 0.015724 	 0.524141 	 0.554281
  103 	 0.016417 	 0.513965 	 0.553783
  104 	 0.018003 	 0.518021 	 0.748737
  105 	 0.019929 	 0.535103 	 0.748349
  106 	 0.014500 	 0.534088 	 0.747461
  107 	 0.029351 	 0.528045 	 0.746387
  108 	 0.483718 	 0.541141 	 0.749423
  109 	 0.018918 	 0.518744 	 0.741174
  110 	 0.018918 	 0.518470 	 0.554454
  111 	 -0.249351 	 0.521196 	 0.746951
  112 	 0.023740 	 0.533193 	 0.746951
  113 	 0.014500 	 0.527452 	 0.934136
  114 	 0.019930 	 0.516214 	 0.744270
  115 	 0.016417 	 0.524509 	 0.749424
  116 	 0.014500 	 0.535127 	 0.746386
  117 	 0.018918 	 0.538047 	 0.748349
  118 	 0.483970 	 0.540666 	 0.749424
  119 	 0.016417 	 0.532689 	 0.746951
  120 	 0.015087 	 0.512018 	 0.554376
  121 	 0.012984 	 0.534060 	 0.748349
  122 	 0.012546 	 0.518626 	 0.749094
  123 	 0.018003 	 0.520989 	 0.750276
  124 	 0.048430 	 0.535744 	 0.750522
  125 	 0.023740 	 0.538963 	 0.747461
  126 	 0.042858 	 0.522127 	 0.730840
  127 	 0.014500 	 0.526011 	 0.744270
  128 	 0.012984 	 0.531741 	 0.733828
  129 	 0.015724 	 0.511049 	 0.749424
  130 	 0.025356 	 0.529168 	 0.750276
  131 	 0.013462 	 0.530211 	 0.748737
  132 	 0.016417 	 0.510708 	 0.743376
  133 	 0.015724 	 0.530124 	 0.750007
  134 	 0.484676 	 0.549760 	 0.748349
  135 	 0.014500 	 0.523312 	 0.748737
  136 	 0.015724 	 0.515779 	 0.554159
  137 	 0.016431 	 0.532288 	 0.749424
  138 	 0.013453 	 0.519479 	 0.748737
  139 	 -0.284847 	 0.519135 	 0.748341
  140 	 0.023740 	 0.517224 	 0.750012
  141 	 0.013453 	 0.536973 	 0.966173
  142 	 0.031861 	 0.535997 	 0.744270
  143 	 0.014500 	 0.514938 	 0.750012
  144 	 0.031861 	 0.527873 	 0.739798
  145 	 0.483122 	 0.547713 	 0.749424
  146 	 0.011755 	 0.517211 	 0.739798
  147 	 0.018918 	 0.522873 	 0.554637
  148 	 0.485518 	 0.547192 	 0.750969
  149 	 0.013453 	 0.524830 	 0.746951
 