   0 	 0.016808 	 0.063485 	 0.697545
    1 	 0.015024 	 0.149263 	 1.085070
    2 	 0.015009 	 0.387774 	 4.473388
    3 	 0.039114 	 1.135443 	 4.549088
    4 	 0.036561 	 1.354332 	 4.549409
    5 	 0.103422 	 1.053600 	 3.624516
    6 	 0.109134 	 0.824670 	 4.143168
    7 	 0.037999 	 0.864141 	 2.862686
    8 	 0.110610 	 1.144493 	 3.185381
    9 	 0.040441 	 1.137679 	 4.118634
   10 	 0.038175 	 0.850835 	 3.170479
   11 	 0.042126 	 0.778453 	 4.077612
   12 	 0.056874 	 1.298217 	 4.115639
   13 	 0.035280 	 1.227254 	 4.049787
   14 	 0.041033 	 0.836600 	 3.820858
   15 	 0.041634 	 0.882839 	 4.165279
   16 	 0.036651 	 1.158869 	 4.067801
   17 	 0.042148 	 1.290249 	 4.057874
   18 	 0.101544 	 1.055781 	 4.141621
   19 	 0.226307 	 0.883355 	 4.049430
   20 	 0.042755 	 1.008156 	 3.264297
   21 	 0.107451 	 1.089845 	 2.319607
   22 	 0.288259 	 0.991653 	 4.039495
   23 	 0.396133 	 0.889449 	 3.202549
   24 	 0.041861 	 0.927028 	 2.028152
   25 	 0.041583 	 0.991747 	 1.664080
   26 	 0.447838 	 0.990918 	 4.054137
   27 	 0.535080 	 0.913544 	 4.058726
   28 	 0.107573 	 0.875228 	 1.532244
   29 	 0.234548 	 0.936468 	 1.351570
   30 	 0.280224 	 0.999287 	 3.201296
   31 	 0.642521 	 0.915635 	 2.276101
   32 	 0.036840 	 0.885719 	 2.061752
   33 	 0.403079 	 0.922452 	 1.180191
   34 	 0.441199 	 0.990821 	 4.138390
   35 	 0.041649 	 0.894099 	 1.645063
   36 	 0.039916 	 0.864418 	 1.547990
   37 	 0.036781 	 0.940828 	 4.057638
   38 	 0.115284 	 0.979509 	 4.086358
   39 	 0.107963 	 0.924828 	 4.139401
   40 	 0.041582 	 0.888901 	 3.124178
   41 	 0.041541 	 0.935254 	 3.197303
   42 	 0.102156 	 0.966568 	 4.058741
   43 	 0.293936 	 0.944639 	 4.059412
   44 	 0.036576 	 0.920646 	 3.257798
   45 	 0.234510 	 0.914578 	 2.005069
   46 	 0.288800 	 0.996694 	 4.142913
   47 	 0.281945 	 0.910090 	 2.276296
   48 	 0.041559 	 0.880966 	 2.025929
   49 	 0.403048 	 0.921033 	 2.054461
   50 	 0.108177 	 0.984732 	 4.059109
   51 	 0.107588 	 0.884931 	 1.645149
   52 	 0.234527 	 0.916121 	 3.195119
   53 	 0.540555 	 0.966584 	 3.201145
   54 	 0.294125 	 0.932888 	 2.276210
   55 	 0.293604 	 0.880433 	 1.341641
   56 	 0.403062 	 0.913521 	 2.004310
   57 	 0.646646 	 0.945058 	 2.006403
   58 	 0.041802 	 0.904800 	 1.645111
   59 	 0.452243 	 0.882700 	 1.174473
   60 	 0.540567 	 0.943334 	 4.055116
   61 	 0.041592 	 0.919272 	 1.521971
   62 	 0.234746 	 0.899299 	 1.341621
   63 	 0.130384 	 0.915125 	 4.058577
   64 	 0.107596 	 0.891179 	 2.275072
   65 	 0.234556 	 0.935366 	 2.983435
   66 	 0.041587 	 0.959563 	 3.201067
   67 	 0.313653 	 0.906329 	 2.276058
   68 	 0.293611 	 0.924342 	 4.058652
   69 	 0.403086 	 0.917447 	 1.928814
   70 	 0.234552 	 0.931677 	 2.006375
   71 	 0.041582 	 0.881392 	 1.645044
   72 	 0.452248 	 0.901397 	 2.276080
   73 	 0.130509 	 0.947072 	 4.058736
   74 	 0.041722 	 0.894563 	 1.521958
   75 	 0.234547 	 0.911735 	 2.982325
   76 	 0.106240 	 0.960552 	 6.938579
   77 	 0.107530 	 0.901239 	 2.276104
   78 	 0.139990 	 0.986529 	 3.215021
   79 	 0.041681 	 0.952768 	 3.201737
   80 	 0.292413 	 0.939483 	 2.900316
   81 	 0.302651 	 0.938602 	 4.057111
   82 	 0.041589 	 0.929965 	 2.532844
   83 	 0.234637 	 0.919715 	 2.468825
   84 	 0.365278 	 0.959050 	 4.058624
   85 	 0.041677 	 0.926536 	 2.967037
   86 	 0.041348 	 0.907607 	 2.138225
   87 	 0.041765 	 0.941141 	 4.057173
   88 	 0.426799 	 0.974279 	 4.062586
   89 	 0.240409 	 0.956111 	 4.055719
   90 	 0.234335 	 0.915055 	 1.583283
   91 	 0.104827 	 0.932874 	 2.917073
   92 	 0.041539 	 0.942423 	 2.969689
   93 	 0.278772 	 0.971304 	 4.825620
   94 	 0.315011 	 0.961082 	 4.059438
   95 	 0.198791 	 0.948202 	 2.623489
   96 	 0.041430 	 0.914669 	 1.923774
   97 	 0.041480 	 0.919454 	 2.477757
   98 	 0.469798 	 0.981444 	 4.061244
   99 	 0.041445 	 0.964707 	 4.060410
  100 	 0.234409 	 0.915732 	 1.747647
  101 	 0.240222 	 0.987141 	 6.951905
  102 	 0.313952 	 0.947733 	 2.969039
  103 	 0.139729 	 0.960526 	 2.918664
  104 	 0.041487 	 0.892016 	 1.627133
  105 	 0.041763 	 0.921092 	 2.902511
  106 	 0.041832 	 1.043392 	 6.949898
  107 	 0.036520 	 1.001842 	 6.936576
  108 	 0.106749 	 0.964454 	 6.933279
  109 	 0.142066 	 1.015925 	 4.143870
  110 	 0.142133 	 1.071901 	 4.781288
  111 	 0.235501 	 0.991446 	 4.090545
  112 	 0.204763 	 0.949137 	 4.089431
  113 	 0.130413 	 1.001941 	 2.959448
  114 	 0.238559 	 1.026548 	 3.255596
  115 	 0.326600 	 1.011790 	 4.295294
  116 	 0.297797 	 0.941725 	 2.932901
  117 	 0.227392 	 0.971310 	 2.331001
  118 	 0.036799 	 0.994988 	 2.498771
  119 	 0.142143 	 0.981812 	 3.032214
  120 	 0.384442 	 1.034525 	 7.183934
  121 	 0.319019 	 1.005159 	 4.089251
  122 	 0.137243 	 0.970747 	 2.054053
  123 	 0.238569 	 0.961688 	 2.372937
  124 	 0.272463 	 1.002323 	 4.172868
  125 	 0.403985 	 0.990848 	 2.932813
  126 	 0.233903 	 0.981017 	 2.667643
  127 	 0.329466 	 0.961526 	 1.974780
  128 	 0.348136 	 0.981399 	 2.973504
  129 	 0.128308 	 0.970202 	 2.315532
  130 	 0.325108 	 0.968707 	 2.219579
  131 	 0.413577 	 0.991350 	 4.334483
  132 	 0.369036 	 0.960756 	 2.339139
  133 	 0.225383 	 0.961655 	 1.938072
  134 	 0.131531 	 0.972454 	 2.121177
  135 	 0.241720 	 0.969151 	 3.050794
  136 	 0.039744 	 1.011149 	 4.274768
  137 	 0.317139 	 1.004386 	 2.905960
  138 	 0.185507 	 1.023189 	 7.035125
  139 	 0.282042 	 0.948635 	 2.383569
  140 	 0.140105 	 1.008709 	 3.473346
  141 	 0.375990 	 1.012860 	 2.601175
  142 	 0.279662 	 0.981113 	 4.123632
  143 	 0.131512 	 0.937986 	 2.090343
  144 	 0.236629 	 0.977472 	 2.617376
  145 	 0.456050 	 1.047814 	 4.275115
  146 	 0.041717 	 0.948936 	 2.576786
  147 	 0.228440 	 0.914449 	 1.717446
  148 	 0.373248 	 1.079444 	 6.938818
  149 	 0.295325 	 1.014213 	 3.022607
  150 	 0.129941 	 0.939101 	 2.102396
  151 	 0.319999 	 0.922945 	 1.533984
  152 	 0.131744 	 1.040639 	 4.304015
  153 	 0.108362 	 0.954976 	 2.367428
  154 	 0.036681 	 0.959088 	 4.270871
  155 	 0.388768 	 1.084627 	 4.744684
  156 	 0.228662 	 1.104178 	 7.190040
  157 	 0.206310 	 0.923810 	 1.510310
  158 	 0.137128 	 0.928364 	 3.020583
  159 	 0.132281 	 1.031240 	 3.239289
  160 	 0.036660 	 1.072193 	 4.174870
  161 	 0.262175 	 0.983211 	 4.261100
  162 	 0.109905 	 1.003887 	 7.191116
  163 	 0.229174 	 1.017851 	 2.742922
  164 	 0.137108 	 1.073943 	 4.710193
  165 	 0.351454 	 0.965445 	 3.015919
  166 	 0.207788 	 0.960385 	 4.175223
  167 	 0.320686 	 1.006205 	 2.203351
  168 	 0.233775 	 1.044853 	 3.223848
  169 	 0.433698 	 0.953723 	 2.363587
  170 	 0.291660 	 0.944282 	 2.974643
  171 	 0.036819 	 0.970848 	 1.865330
  172 	 0.036529 	 0.966278 	 2.537683
  173 	 0.508200 	 1.026529 	 7.182933
  174 	 0.378776 	 1.190520 	 7.197894
  175 	 0.036673 	 0.948677 	 1.637733
  176 	 0.132007 	 0.963912 	 2.078241
  177 	 0.132855 	 1.097492 	 7.190479
  178 	 0.037802 	 1.056870 	 4.266080
  179 	 0.137120 	 0.986331 	 4.250696
  180 	 0.228913 	 0.969037 	 1.818838
  181 	 0.229722 	 1.025251 	 4.175014
  182 	 0.128913 	 1.013289 	 3.018297
  183 	 0.233786 	 0.974118 	 3.010945
  184 	 0.320441 	 1.002599 	 4.323150
  185 	 0.042967 	 0.951129 	 2.372293
  186 	 0.041183 	 0.987792 	 2.364953
  187 	 0.404090 	 1.054471 	 6.879145
  188 	 0.405293 	 1.050773 	 6.964596
  189 	 0.132685 	 0.938669 	 1.974370
  190 	 0.141503 	 0.980105 	 1.969695
  191 	 0.481517 	 1.051562 	 4.253772
  192 	 0.132432 	 0.986428 	 4.099992
  193 	 0.229559 	 0.940308 	 1.712572
  194 	 0.237960 	 1.021913 	 4.258353
  195 	 0.132051 	 1.004447 	 3.012416
  196 	 0.229318 	 0.967576 	 2.938067
  197 	 0.131476 	 0.967083 	 4.265285
  198 	 0.328897 	 0.985365 	 3.014606
  199 	 0.228954 	 1.023303 	 4.275776
  200 	 0.041686 	 0.968458 	 2.318588
  201 	 0.228406 	 0.967845 	 3.017917
  202 	 0.413054 	 1.047051 	 6.940283
  203 	 0.108303 	 0.984950 	 3.022922
  204 	 0.110249 	 0.936133 	 1.940035
  205 	 0.041831 	 0.964667 	 4.746024
  206 	 0.132110 	 1.043356 	 4.702578
  207 	 0.036693 	 1.124017 	 6.933305
  208 	 0.035245 	 1.000185 	 4.264203
  209 	 0.142132 	 0.998447 	 4.270711
  210 	 0.229011 	 1.001664 	 3.220429
  211 	 0.041683 	 1.030249 	 4.089440
  212 	 0.300948 	 0.981699 	 3.017401
  213 	 0.238559 	 1.048946 	 6.940419
  214 	 0.320533 	 0.980345 	 2.479246
  215 	 0.036580 	 0.994342 	 2.932905
  216 	 0.284139 	 0.968400 	 2.364438
  217 	 0.041807 	 1.065330 	 7.195289
  218 	 0.365035 	 0.982455 	 2.587061
  219 	 0.131480 	 1.040902 	 6.934495
  220 	 0.271626 	 0.967772 	 2.139332
  221 	 0.142108 	 1.035309 	 4.275696
  222 	 0.034848 	 0.945678 	 2.673610
  223 	 0.228410 	 1.003446 	 4.089842
  224 	 0.285248 	 1.169823 	 7.286056
  225 	 0.238536 	 1.008343 	 3.022884
  226 	 0.135346 	 0.945365 	 2.579661
  227 	 0.131914 	 0.963025 	 2.933102
  228 	 0.372848 	 1.092291 	 4.206163
  229 	 0.329435 	 1.056128 	 4.267770
  230 	 0.232096 	 0.941792 	 2.104166
  231 	 0.036689 	 0.933522 	 2.315700
  232 	 0.453193 	 1.041634 	 2.989572
  233 	 0.041663 	 1.128060 	 7.189622
  234 	 0.042173 	 0.911938 	 1.799879
  235 	 0.137136 	 1.000106 	 6.941386
  236 	 0.036576 	 1.082764 	 6.916909
  237 	 0.036879 	 1.028695 	 4.174733
  238 	 0.142464 	 0.991364 	 7.195500
  239 	 0.213368 	 1.150620 	 7.179852
  240 	 0.137026 	 1.029493 	 4.083895
  241 	 0.137320 	 0.998851 	 3.166878
  242 	 0.036466 	 0.942412 	 4.176659
  243 	 0.305878 	 1.039739 	 4.171529
  244 	 0.108180 	 1.063965 	 7.201173
  245 	 0.233977 	 0.984189 	 2.449311
  246 	 0.136919 	 0.988270 	 4.748796
  247 	 0.037039 	 0.980969 	 2.972856
  248 	 0.206135 	 1.040226 	 4.178516
  249 	 0.136850 	 1.090000 	 7.171608
  250 	 0.131200 	 0.949761 	 3.241125
  251 	 0.137476 	 1.003200 	 4.179730
  252 	 0.299086 	 1.053071 	 4.280812
  253 	 0.233529 	 1.026414 	 4.168822
  254 	 0.131691 	 0.919627 	 2.490749
  255 	 0.234125 	 0.962602 	 2.976822
  256 	 0.132874 	 1.079753 	 4.271843
  257 	 0.324757 	 1.036288 	 2.971546
  258 	 0.094028 	 0.957029 	 4.250360
  259 	 0.325315 	 0.945068 	 2.341057
  260 	 0.229739 	 1.068530 	 5.090918
  261 	 0.119844 	 1.007426 	 2.338006
  262 	 0.041904 	 0.918308 	 3.010784
  263 	 0.036757 	 0.958047 	 4.499548
  264 	 0.036684 	 1.137272 	 6.929810
  265 	 0.217299 	 1.095710 	 7.186131
  266 	 0.142203 	 1.079629 	 7.189892
  267 	 0.137202 	 0.943785 	 3.127938
  268 	 0.099368 	 1.049019 	 4.088259
  269 	 0.309565 	 1.035473 	 4.173588
  270 	 0.238626 	 1.050543 	 4.956196
  271 	 0.233864 	 0.926556 	 2.427390
  272 	 0.036675 	 0.985796 	 2.932327
  273 	 0.384818 	 1.020467 	 2.973852
  274 	 0.145139 	 1.126927 	 7.190356
  275 	 0.131544 	 0.919086 	 2.052470
  276 	 0.137122 	 1.026838 	 4.039768
  277 	 0.133339 	 1.103167 	 4.274527
  278 	 0.241419 	 1.035544 	 4.174974
  279 	 0.228471 	 0.956779 	 4.241983
  280 	 0.233788 	 0.998360 	 2.908502
  281 	 0.230182 	 1.046579 	 3.022327
  282 	 0.107322 	 0.990161 	 2.974522
  283 	 0.041704 	 0.949416 	 3.006774
  284 	 0.325000 	 1.027023 	 4.768211
  285 	 0.321629 	 1.121620 	 6.939427
  286 	 0.205313 	 0.969430 	 2.339728
  287 	 0.142009 	 0.933718 	 2.358330
  288 	 0.409479 	 0.997474 	 3.249780
  289 	 0.108191 	 1.055234 	 4.091507
  290 	 0.298313 	 0.958177 	 1.953586
  291 	 0.036785 	 0.961085 	 4.748534
  292 	 0.371663 	 0.976431 	 2.495549
  293 	 0.131473 	 1.080912 	 7.184675
  294 	 0.035716 	 0.958802 	 2.109422
  295 	 0.137229 	 0.980493 	 4.275827
  296 	 0.037451 	 1.027297 	 7.240266
  297 	 0.228403 	 1.009554 	 2.923725
  298 	 0.136190 	 1.019471 	 7.150473
  299 	 0.107968 	 0.970036 	 3.022947
  300 	 0.108176 	 0.990331 	 4.191283
  301 	 0.319964 	 1.040963 	 4.753572
  302 	 0.232900 	 1.044760 	 4.748873
  303 	 0.036673 	 0.947825 	 2.367623
  304 	 0.206131 	 0.962976 	 2.982400
  305 	 0.131366 	 1.093922 	 7.190486
  306 	 0.106162 	 1.008512 	 3.241159
  307 	 0.137120 	 0.982408 	 4.277786
  308 	 0.299082 	 1.038448 	 4.794731
  309 	 0.228301 	 0.999001 	 2.491932
  310 	 0.042681 	 0.953053 	 2.490768
  311 	 0.385456 	 0.963986 	 3.023880
  312 	 0.385629 	 1.074532 	 6.892692
  313 	 0.107163 	 0.961774 	 2.049786
  314 	 0.131530 	 0.943253 	 2.049060
  315 	 0.464644 	 1.053066 	 4.771841
  316 	 0.036649 	 1.054908 	 4.274777
  317 	 0.130059 	 0.934590 	 1.763532
  318 	 0.228458 	 1.017144 	 7.191700
  319 	 0.283544 	 1.086798 	 4.301836
  320 	 0.131475 	 0.987454 	 3.022446
  321 	 0.227054 	 0.938138 	 2.591048
  322 	 0.320016 	 1.044077 	 4.275787
  323 	 0.042979 	 1.004262 	 3.026704
  324 	 0.228405 	 0.971184 	 2.367335
  325 	 0.319580 	 1.042742 	 6.878557
  326 	 0.404902 	 1.023852 	 3.022927
  327 	 0.143247 	 0.979316 	 2.369778
  328 	 0.319966 	 0.938974 	 1.971213
  329 	 0.404502 	 0.999233 	 4.070883
  330 	 0.041708 	 0.995885 	 2.367612
  331 	 0.132733 	 0.936191 	 1.972769
  332 	 0.404856 	 1.072299 	 6.939247
  333 	 0.407092 	 1.048193 	 4.252918
  334 	 0.064398 	 0.956257 	 1.971389
  335 	 0.131432 	 0.938329 	 1.962737
  336 	 0.036674 	 1.082312 	 5.995280
  337 	 0.402774 	 1.030365 	 4.276570
  338 	 0.163997 	 1.026295 	 7.190386
  339 	 0.228364 	 0.961939 	 1.979517
  340 	 0.036727 	 1.013395 	 3.753797
  341 	 0.041747 	 0.999643 	 3.023301
  342 	 0.130297 	 1.080149 	 7.187683
  343 	 0.319928 	 1.035973 	 6.937340
  344 	 0.036800 	 1.008118 	 4.297429
  345 	 0.142051 	 0.972887 	 2.367826
  346 	 0.132809 	 1.079721 	 7.183900
  347 	 0.404821 	 1.000886 	 4.090803
  348 	 0.137244 	 1.035550 	 4.251536
  349 	 0.238481 	 0.967333 	 1.971526
  350 	 0.229677 	 1.019329 	 4.172857
  351 	 0.482177 	 0.983134 	 2.933572
  352 	 0.233904 	 0.998609 	 3.011347
  353 	 0.329384 	 0.935849 	 1.527142
  354 	 0.310931 	 0.980117 	 2.973499
  355 	 0.131928 	 0.965724 	 2.315974
  356 	 0.325108 	 0.997586 	 2.419367
  357 	 0.367980 	 1.044705 	 4.267522
  358 	 0.036709 	 0.968977 	 2.339136
  359 	 0.228837 	 0.971739 	 2.125938
  360 	 0.043200 	 1.046658 	 7.188608
  361 	 0.036675 	 0.983751 	 3.018985
  362 	 0.036658 	 1.019901 	 6.868129
  363 	 0.036571 	 1.043804 	 7.190374
  364 	 0.143461 	 1.155925 	 7.191246
  365 	 0.041735 	 1.010291 	 7.195741
  366 	 0.040699 	 0.965404 	 4.067335
  367 	 0.137021 	 1.151086 	 6.937950
  368 	 0.239823 	 1.133961 	 6.988186
  369 	 0.142038 	 0.969948 	 4.176738
  370 	 0.141032 	 0.960003 	 2.922067
  371 	 0.233692 	 1.079428 	 4.091008
  372 	 0.136934 	 1.039080 	 4.107920
  373 	 0.036582 	 0.941970 	 2.975375
  374 	 0.237512 	 0.987849 	 4.178257
  375 	 0.324910 	 1.106352 	 7.195170
  376 	 0.104274 	 1.017503 	 2.941940
  377 	 0.137032 	 0.949465 	 2.340221
  378 	 0.131460 	 1.003052 	 4.838534
  379 	 0.384886 	 1.027304 	 4.176551
  380 	 0.202391 	 1.029471 	 4.276056
  381 	 0.233702 	 0.963243 	 2.052181
  382 	 0.228391 	 0.975079 	 3.280937
  383 	 0.464127 	 1.006897 	 2.975285
  384 	 0.106382 	 0.999330 	 3.023056
  385 	 0.324920 	 0.955258 	 1.765140
  386 	 0.131339 	 1.001600 	 4.789674
  387 	 0.036642 	 0.966473 	 2.340169
  388 	 0.204412 	 1.021850 	 4.278270
  389 	 0.409405 	 1.104338 	 7.192056
  390 	 0.228276 	 0.976564 	 3.259321
  391 	 0.137090 	 0.952851 	 1.953868
  392 	 0.297467 	 0.996306 	 3.024111
  393 	 0.036534 	 1.019631 	 4.175531
  394 	 0.319845 	 0.963814 	 2.500833
  395 	 0.042267 	 1.072790 	 7.197651
  396 	 0.375178 	 0.973579 	 2.368291
  397 	 0.136985 	 1.112743 	 6.912414
  398 	 0.109057 	 0.960030 	 2.093896
  399 	 0.142555 	 0.999758 	 4.177363
  400 	 0.455312 	 1.001040 	 4.729091
  401 	 0.199466 	 1.034289 	 4.082373
  402 	 0.036675 	 0.935775 	 1.793040
  403 	 0.238962 	 0.970103 	 3.312722
  404 	 0.041679 	 1.041843 	 7.190369
  405 	 0.292815 	 1.003523 	 2.929444
  406 	 0.037225 	 0.985168 	 6.940611
  407 	 0.329832 	 0.940480 	 2.530266
  408 	 0.141985 	 1.082183 	 7.162029
  409 	 0.339491 	 0.987976 	 2.313570
  410 	 0.137657 	 0.994799 	 4.091907
  411 	 0.413912 	 0.963340 	 2.263003
  412 	 0.108071 	 1.019370 	 4.165674
  413 	 0.422761 	 0.983683 	 1.936812
  414 	 0.036677 	 1.031321 	 4.751237
  415 	 0.490386 	 0.952812 	 1.904178
  416 	 0.206031 	 1.064322 	 7.190264
  417 	 0.036690 	 0.955953 	 1.686950
  418 	 0.137124 	 0.999843 	 3.242214
  419 	 0.558862 	 1.074972 	 7.189568
  420 	 0.036675 	 0.999131 	 4.174943
  421 	 0.131627 	 0.914714 	 1.512260
  422 	 0.036511 	 1.016593 	 7.190382
  423 	 0.125476 	 1.099153 	 4.273006
  424 	 0.037072 	 1.151390 	 7.198865
  425 	 0.041678 	 0.961630 	 4.388345
  426 	 0.136963 	 1.064038 	 7.169905
  427 	 0.222680 	 1.137732 	 6.940658
  428 	 0.130126 	 1.100869 	 4.177761
  429 	 0.131450 	 0.932346 	 3.076163
  430 	 0.123651 	 1.073480 	 4.300589
  431 	 0.128944 	 1.086116 	 4.276235
  432 	 0.227118 	 1.080855 	 4.423773
  433 	 0.228382 	 0.991180 	 4.322562
  434 	 0.220937 	 1.011109 	 3.034731
  435 	 0.135535 	 1.022659 	 3.023141
  436 	 0.318763 	 1.040631 	 3.092745
  437 	 0.130163 	 1.003316 	 4.202827
  438 	 0.312975 	 0.980217 	 2.374379
  439 	 0.232276 	 1.027508 	 4.299914
  440 	 0.403750 	 1.013360 	 2.407464
  441 	 0.227153 	 0.999606 	 2.987965
  442 	 0.135624 	 0.947497 	 1.975698
  443 	 0.323586 	 0.997354 	 3.034410
  444 	 0.037309 	 1.023846 	 4.201249
  445 	 0.036617 	 0.968855 	 2.347493
  446 	 0.232361 	 1.020807 	 7.157721
  447 	 0.131447 	 1.046772 	 7.193365
  448 	 0.137739 	 0.999731 	 2.987205
  449 	 0.137066 	 1.000162 	 4.276307
  450 	 0.323666 	 0.981537 	 4.164257
  451 	 0.223159 	 0.998480 	 4.175959
  452 	 0.234376 	 0.981792 	 2.347054
  453 	 0.233734 	 0.966635 	 3.071637
  454 	 0.291526 	 0.959368 	 2.969336
  455 	 0.284049 	 1.001926 	 2.974999
  456 	 0.286218 	 0.984038 	 2.538546
  457 	 0.324950 	 0.977714 	 2.587662
  458 	 0.108760 	 0.966557 	 2.573223
  459 	 0.042029 	 0.920495 	 2.340003
  460 	 0.131647 	 0.974612 	 4.735740
  461 	 0.339485 	 1.133019 	 6.923833
  462 	 0.206691 	 1.016761 	 4.272641
  463 	 0.142324 	 0.907617 	 2.263032
  464 	 0.228569 	 0.952626 	 3.235292
  465 	 0.422756 	 1.076280 	 4.086238
  466 	 0.299608 	 1.006267 	 3.021427
  467 	 0.238741 	 0.923153 	 1.904197
  468 	 0.320120 	 0.951490 	 2.487511
  469 	 0.498356 	 1.042837 	 2.931338
  470 	 0.280698 	 0.975729 	 2.366751
  471 	 0.317167 	 0.919490 	 1.664568
  472 	 0.131293 	 0.957589 	 2.610296
  473 	 0.131294 	 1.020635 	 2.383408
  474 	 0.036735 	 1.005452 	 4.279125
  475 	 0.402284 	 0.958984 	 4.279107
  476 	 0.228231 	 0.953037 	 2.122975
  477 	 0.134181 	 0.992019 	 1.981439
  478 	 0.131588 	 0.985316 	 3.024519
  479 	 0.129360 	 0.977669 	 4.226877
  480 	 0.284878 	 0.980654 	 4.273713
  481 	 0.147343 	 1.014889 	 4.314801
  482 	 0.228513 	 0.977645 	 2.582121
  483 	 0.226388 	 0.982416 	 4.004111
  484 	 0.372506 	 0.982411 	 3.021939
  485 	 0.243516 	 0.988345 	 3.041476
  486 	 0.320068 	 0.950811 	 2.105680
  487 	 0.318079 	 0.961349 	 2.890877
  488 	 0.452882 	 0.987037 	 2.367044
  489 	 0.334082 	 0.978802 	 2.378241
  490 	 0.036497 	 0.942727 	 1.800886
  491 	 0.041677 	 0.937310 	 2.291045
  492 	 0.525407 	 1.049385 	 7.199587
  493 	 0.107992 	 1.034123 	 6.940749
  494 	 0.136949 	 0.932033 	 1.592846
  495 	 0.127487 	 0.978062 	 4.753023
  496 	 0.041710 	 0.966379 	 4.177997
  497 	 0.205955 	 1.039713 	 4.349957
  498 	 0.041715 	 1.060991 	 6.939145
  499 	 0.224600 	 0.962106 	 3.243011
  500 	 0.142014 	 1.061105 	 6.938917
  501 	 0.298917 	 0.998288 	 3.058102
  502 	 0.142019 	 1.025373 	 4.091412
  503 	 0.316405 	 0.959258 	 2.491796
  504 	 0.238447 	 1.008238 	 4.091335
  505 	 0.385476 	 0.995660 	 2.387743
  506 	 0.107885 	 1.004535 	 2.933871
  507 	 0.041351 	 0.937194 	 2.049701
  508 	 0.329351 	 1.039388 	 4.755452
  509 	 0.361306 	 1.062921 	 6.956486
  510 	 0.205852 	 0.971802 	 2.316147
  511 	 0.141665 	 0.935657 	 2.156539
  512 	 0.041724 	 1.013690 	 3.244095
  513 	 0.442686 	 1.057066 	 4.097260
  514 	 0.041780 	 1.023540 	 6.938460
  515 	 0.238114 	 0.932754 	 1.834573
  516 	 0.142028 	 1.063906 	 6.935792
  517 	 0.516269 	 1.023070 	 2.936732
  518 	 0.142082 	 0.983837 	 4.091181
  519 	 0.038496 	 0.928690 	 1.616372
  520 	 0.041778 	 0.956280 	 4.090280
  521 	 0.133913 	 1.050177 	 7.097429
  522 	 0.238511 	 1.179185 	 6.935851
  523 	 0.138892 	 0.961484 	 4.231665
  524 	 0.142081 	 0.925936 	 2.933317
  525 	 0.036693 	 1.009515 	 4.144351
  526 	 0.329412 	 1.116232 	 4.090300
  527 	 0.041662 	 1.006713 	 7.189406
  528 	 0.238510 	 0.926023 	 2.315825
  529 	 0.137140 	 1.102416 	 6.941457
  530 	 0.413526 	 1.036028 	 2.933326
  531 	 0.141968 	 0.959487 	 4.174662
  532 	 0.041684 	 0.905679 	 1.938260
  533 	 0.108359 	 0.997792 	 3.031955
  534 	 0.490037 	 1.134819 	 6.940399
  535 	 0.319045 	 1.012563 	 4.744746
  536 	 0.141989 	 0.897925 	 1.687942
  537 	 0.206307 	 0.984498 	 2.372789
  538 	 0.558553 	 1.088350 	 4.091835
  539 	 0.404010 	 0.990175 	 3.239317
  540 	 0.238422 	 0.903473 	 1.512968
  541 	 0.299247 	 0.973441 	 1.974686
  542 	 0.619054 	 1.044590 	 2.934078
  543 	 0.481444 	 0.951206 	 1.953531
  544 	 0.329329 	 0.897848 	 1.386089
  545 	 0.036900 	 0.948584 	 1.712787
  546 	 0.612176 	 1.015749 	 2.316268
  547 	 0.257643 	 1.031564 	 7.178747
  548 	 0.413451 	 0.918205 	 1.399431
  549 	 0.036755 	 0.947760 	 2.777444
  550 	 0.665854 	 0.987248 	 1.938545
  551 	 0.036624 	 1.002608 	 4.171166
  552 	 0.036674 	 0.894983 	 1.301653
  553 	 0.233997 	 1.117032 	 7.192979
  554 	 0.278022 	 1.060243 	 4.773718
  555 	 0.135176 	 0.987810 	 2.972681
  556 	 0.205081 	 0.950972 	 2.628660
  557 	 0.314715 	 1.037054 	 4.209183
  558 	 0.366158 	 1.029018 	 3.252230
  559 	 0.231933 	 0.979747 	 2.397421
  560 	 0.298095 	 0.946676 	 2.134206
  561 	 0.128806 	 0.994045 	 2.991025
  562 	 0.447106 	 1.005229 	 2.496907
  563 	 0.323266 	 1.004949 	 4.325149
  564 	 0.384718 	 0.932296 	 1.819816
  565 	 0.131507 	 0.969408 	 2.349258
  566 	 0.520233 	 1.001707 	 2.052890
  567 	 0.407887 	 1.023131 	 4.275208
  568 	 0.463975 	 0.928068 	 1.606083
  569 	 0.108161 	 0.949895 	 1.959680
  570 	 0.281904 	 0.985849 	 1.765616
  571 	 0.340144 	 1.036500 	 4.749205
  572 	 0.126914 	 0.922623 	 2.602103
  573 	 0.108742 	 0.941028 	 2.259661
  574 	 0.369754 	 1.043356 	 4.360826
  575 	 0.106584 	 1.070461 	 4.736156
  576 	 0.224053 	 0.913152 	 2.117954
  577 	 0.206673 	 0.999154 	 4.785042
  578 	 0.450379 	 1.036550 	 3.063225
  579 	 0.204606 	 1.020900 	 3.235478
  580 	 0.315893 	 0.928607 	 1.809042
  581 	 0.036927 	 0.946369 	 3.257264
  582 	 0.374516 	 0.997489 	 2.390666
  583 	 0.041683 	 1.084558 	 7.177342
  584 	 0.401112 	 0.950427 	 2.096805
  585 	 0.137367 	 1.023983 	 6.940417
  586 	 0.036732 	 0.971971 	 1.986048
  587 	 0.141989 	 1.033330 	 4.170705
  588 	 0.478825 	 1.038444 	 7.187399
  589 	 0.234022 	 0.979090 	 4.091841
  590 	 0.137178 	 0.958790 	 1.720505
  591 	 0.036949 	 0.983179 	 2.972458
  592 	 0.036693 	 0.986048 	 4.174004
  593 	 0.325218 	 1.115698 	 7.176207
  594 	 0.035835 	 1.028402 	 7.189423
  595 	 0.137389 	 0.969274 	 2.338534
  596 	 0.137140 	 1.041141 	 7.234041
  597 	 0.409679 	 1.030669 	 4.170333
  598 	 0.131860 	 0.977355 	 4.174668
  599 	 0.132909 	 0.953123 	 1.952822
  600 	 0.108321 	 1.019650 	 4.268752
  601 	 0.108178 	 1.029171 	 4.249723
  602 	 0.132023 	 1.013502 	 4.745603
  603 	 0.229773 	 0.995791 	 4.748838
  604 	 0.109154 	 1.017506 	 4.265782
  605 	 0.037670 	 0.949296 	 2.338429
  606 	 0.131385 	 1.021542 	 4.726927
  607 	 0.036578 	 1.077467 	 7.139300
  608 	 0.207068 	 1.012026 	 4.277423
  609 	 0.138089 	 1.039925 	 7.195388
  610 	 0.108244 	 0.971478 	 3.231349
  611 	 0.137028 	 0.990220 	 3.026093
  612 	 0.236364 	 1.100608 	 3.194440
  613 	 0.319643 	 1.020154 	 4.176622
  614 	 0.188354 	 0.937569 	 2.951904
  615 	 0.233698 	 0.976157 	 2.369428
  616 	 0.036537 	 1.051373 	 3.439334
  617 	 0.388466 	 0.990074 	 2.975320
  618 	 0.274414 	 1.072239 	 7.197481
  619 	 0.123660 	 0.971897 	 2.037216
  620 	 0.136989 	 1.030174 	 2.192648
  621 	 0.099534 	 1.001874 	 4.423600
  622 	 0.435721 	 0.974328 	 4.177308
  623 	 0.220946 	 1.000143 	 4.952111
  624 	 0.233661 	 0.985039 	 1.858319
  625 	 0.197843 	 0.972420 	 3.092665
  626 	 0.484703 	 0.961929 	 2.975651
  627 	 0.042100 	 0.952512 	 3.330633
  628 	 0.324881 	 0.975160 	 1.703278
  629 	 0.124190 	 1.019916 	 6.920398
  630 	 0.466805 	 0.943460 	 2.340380
  631 	 0.036475 	 0.927882 	 3.039602
  632 	 0.392899 	 0.951104 	 1.596201
  633 	 0.318268 	 1.159004 	 7.200740
  634 	 0.131902 	 0.942234 	 2.018980
  635 	 0.136927 	 0.965599 	 2.377169
  636 	 0.449685 	 0.986450 	 1.733889
  637 	 0.261752 	 1.041495 	 4.178375
  638 	 0.132416 	 0.950933 	 1.811316
  639 	 0.041704 	 0.976775 	 2.746108
  640 	 0.035708 	 0.982087 	 4.258653
  641 	 0.351061 	 1.070045 	 6.939410
  642 	 0.041925 	 1.090946 	 7.182014
  643 	 0.142009 	 0.958719 	 2.205261
  644 	 0.108713 	 1.027502 	 6.928781
  645 	 0.278511 	 1.019269 	 4.091502
  646 	 0.033450 	 1.042926 	 4.736802
  647 	 0.238441 	 0.962829 	 2.625286
  648 	 0.202363 	 1.043983 	 4.197276
  649 	 0.366611 	 0.981943 	 2.933915
  650 	 0.130332 	 0.969270 	 3.281232
  651 	 0.329347 	 0.965154 	 2.132145
  652 	 0.107592 	 1.048098 	 4.296784
  653 	 0.036578 	 0.932802 	 1.768101
  654 	 0.099198 	 0.981687 	 4.762079
  655 	 0.506868 	 1.083378 	 7.195387
  656 	 0.205572 	 1.074055 	 4.290681
  657 	 0.036657 	 0.902449 	 1.641314
  658 	 0.128889 	 0.935348 	 3.247049
  659 	 0.036757 	 1.141800 	 7.191301
  660 	 0.298557 	 1.098562 	 4.323588
  661 	 0.131406 	 0.981473 	 7.186111
  662 	 0.041683 	 0.939326 	 2.494035
  663 	 0.036747 	 1.074099 	 4.277053
  664 	 0.036553 	 1.105128 	 6.940415
  665 	 0.228339 	 1.122091 	 7.186618
  666 	 0.141989 	 1.048213 	 7.196658
  667 	 0.137193 	 1.035190 	 3.023531
  668 	 0.131077 	 1.048016 	 4.091841
  669 	 0.129008 	 1.008004 	 4.173748
  670 	 0.127915 	 1.029801 	 4.283072
  671 	 0.233855 	 1.094786 	 4.321362
  672 	 0.036674 	 1.040477 	 4.341871
  673 	 0.226052 	 0.973499 	 2.973930
  674 	 0.225009 	 1.064378 	 7.190396
  675 	 0.036768 	 1.034753 	 3.044585
  676 	 0.131331 	 0.990638 	 3.054285
  677 	 0.130111 	 1.026044 	 7.185544
  678 	 0.316788 	 1.061512 	 4.278420
  679 	 0.137213 	 1.047001 	 4.300867
  680 	 0.228268 	 0.972210 	 2.385564
  681 	 0.107929 	 0.970813 	 4.173396
  682 	 0.401935 	 1.018372 	 3.024183
  683 	 0.041683 	 1.037893 	 4.754453
  684 	 0.035349 	 0.937339 	 1.982808
  685 	 0.205895 	 1.070158 	 6.940435
  686 	 0.286940 	 1.092834 	 7.259583
  687 	 0.036500 	 0.992763 	 3.243649
  688 	 0.135833 	 0.951327 	 2.568446
  689 	 0.132806 	 1.068870 	 7.199435
  690 	 0.036672 	 1.002542 	 4.197570
  691 	 0.041685 	 1.005013 	 4.251594
  692 	 0.232560 	 1.069999 	 6.917979
  693 	 0.224397 	 1.094093 	 6.940322
  694 	 0.142442 	 0.985923 	 2.985432
  695 	 0.141991 	 0.972891 	 3.060006
  696 	 0.041776 	 0.988265 	 4.084257
  697 	 0.316215 	 1.037426 	 4.091809
  698 	 0.238854 	 1.068512 	 6.935972
  699 	 0.238424 	 0.975589 	 2.388830
  700 	 0.142078 	 0.988061 	 2.930367
  701 	 0.036597 	 0.982849 	 2.934065
  702 	 0.036671 	 0.987108 	 4.090341
  703 	 0.036689 	 1.078064 	 7.194412
  704 	 0.036859 	 1.099063 	 7.190562
  705 	 0.137046 	 1.044693 	 7.189651
  706 	 0.137118 	 1.037740 	 7.180860
  707 	 0.137136 	 0.998345 	 4.176302
  708 	 0.135006 	 1.034419 	 4.175041
  709 	 0.233716 	 1.032297 	 4.174742
  710 	 0.218120 	 1.059782 	 4.212190
  711 	 0.233801 	 0.976864 	 2.975165
  712 	 0.231772 	 0.995846 	 3.119933
  713 	 0.129545 	 0.989845 	 2.974411
  714 	 0.036676 	 1.010720 	 2.992473
  715 	 0.037812 	 0.953302 	 2.340099
  716 	 0.323115 	 1.054439 	 7.190326
  717 	 0.409417 	 1.054520 	 7.132031
  718 	 0.037057 	 0.965382 	 2.350092
  719 	 0.138228 	 0.949069 	 1.953824
  720 	 0.041804 	 1.067873 	 7.170667
  721 	 0.463258 	 1.015154 	 4.155793
  722 	 0.137494 	 1.052140 	 6.934633
  723 	 0.234841 	 0.948160 	 1.767852
  724 	 0.142105 	 1.003338 	 4.168513
  725 	 0.036674 	 0.948218 	 2.965234
  726 	 0.234142 	 0.996601 	 4.089889
  727 	 0.325984 	 1.089033 	 7.190434
  728 	 0.114242 	 0.977821 	 2.971397
  729 	 0.137121 	 0.969888 	 2.334353
  730 	 0.036386 	 1.030246 	 4.615911
  731 	 0.036782 	 1.010496 	 4.174999
  732 	 0.211940 	 1.036037 	 7.205317
  733 	 0.233787 	 1.032259 	 7.184850
  734 	 0.106111 	 0.991749 	 3.181265
  735 	 0.108184 	 0.941738 	 2.490578
  736 	 0.304538 	 1.013891 	 4.179872
  737 	 0.385657 	 1.103118 	 4.748699
  738 	 0.036757 	 0.920486 	 2.457378
  739 	 0.206139 	 0.940118 	 2.048941
  740 	 0.390659 	 1.251851 	 7.186099
  741 	 0.464826 	 1.046549 	 3.241082
  742 	 0.137202 	 0.915519 	 2.028155
  743 	 0.299089 	 0.937235 	 1.762964
  744 	 0.036292 	 1.125141 	 4.173578
  745 	 0.508191 	 1.014680 	 2.490725
  746 	 0.233865 	 0.982568 	 7.210218
  747 	 0.370986 	 0.924925 	 1.637757
  748 	 0.129390 	 1.058628 	 2.973847
  749 	 0.574661 	 1.010105 	 2.112439
  750 	 0.124926 	 0.998736 	 4.314241
  751 	 0.451500 	 0.930900 	 1.476972
  752 	 0.226416 	 1.069375 	 4.398968
  753 	 0.284345 	 0.981025 	 1.805379
  754 	 0.037373 	 0.939142 	 3.041210
  755 	 0.524170 	 0.967302 	 2.585683
  756 	 0.102962 	 1.106439 	 7.154443
  757 	 0.132900 	 0.958598 	 1.595991
  758 	 0.137801 	 1.014841 	 4.869441
  759 	 0.132022 	 0.990797 	 4.249886
  760 	 0.037167 	 1.003091 	 2.918846
  761 	 0.229764 	 0.995534 	 4.265814
  762 	 0.330989 	 1.080916 	 7.165037
  763 	 0.228927 	 0.958707 	 3.010557
  764 	 0.137600 	 0.946969 	 2.307394
  765 	 0.321238 	 0.984765 	 3.018170
  766 	 0.131526 	 1.053856 	 4.166663
  767 	 0.320454 	 0.958113 	 2.360506
  768 	 0.234243 	 0.984974 	 4.274858
  769 	 0.131636 	 0.973520 	 2.364880
  770 	 0.131475 	 1.004978 	 2.970501
  771 	 0.297904 	 0.985612 	 4.272846
  772 	 0.286679 	 0.993545 	 4.275784
  773 	 0.228559 	 0.985705 	 2.498102
  774 	 0.228405 	 1.007312 	 2.570174
  775 	 0.113926 	 0.951186 	 3.021525
  776 	 0.041683 	 0.966540 	 3.022926
  777 	 0.131046 	 1.017386 	 4.622661
  778 	 0.319967 	 1.066259 	 6.940429
  779 	 0.036689 	 0.964553 	 4.283643
  780 	 0.141988 	 0.951937 	 2.367611
  781 	 0.042093 	 1.099581 	 7.189618
  782 	 0.404856 	 1.018367 	 4.091845
  783 	 0.137136 	 1.025741 	 6.920736
  784 	 0.041679 	 0.938148 	 1.971389
  785 	 0.142387 	 1.033987 	 4.174732
  786 	 0.036712 	 1.056347 	 6.940649
  787 	 0.233802 	 0.981942 	 4.085190
  788 	 0.141984 	 1.015526 	 7.188465
  789 	 0.238801 	 0.995663 	 2.974405
  790 	 0.137158 	 0.998910 	 4.091920
  791 	 0.131475 	 0.967432 	 2.930824
  792 	 0.238418 	 0.964256 	 2.202949
  793 	 0.132341 	 1.000028 	 4.275790
  794 	 0.131527 	 0.956656 	 2.934119
  795 	 0.127137 	 0.979622 	 4.260016
  796 	 0.041673 	 1.014247 	 4.274842
  797 	 0.229231 	 1.066237 	 4.356594
  798 	 0.228454 	 1.021455 	 6.940907
  799 	 0.224266 	 0.960383 	 3.015401
  800 	 0.141979 	 0.993150 	 3.022477
  801 	 0.131542 	 1.018554 	 3.061231
  802 	 0.131471 	 0.963917 	 4.092007
  803 	 0.262324 	 0.999244 	 4.274563
  804 	 0.036801 	 1.048604 	 4.275854
  805 	 0.036677 	 1.012848 	 2.741800
  806 	 0.228402 	 1.046908 	 7.183869
  807 	 0.131773 	 1.038071 	 7.190277
  808 	 0.137244 	 1.012670 	 3.022959
  809 	 0.137124 	 1.054111 	 4.270336
  810 	 0.319963 	 1.002455 	 4.172847
  811 	 0.228690 	 0.978501 	 4.174948
  812 	 0.233905 	 0.981336 	 2.367630
  813 	 0.041684 	 1.015820 	 3.020328
  814 	 0.037411 	 0.957005 	 2.973494
  815 	 0.036777 	 1.027852 	 6.940404
  816 	 0.325109 	 1.011207 	 4.128631
  817 	 0.108154 	 1.051076 	 7.185113
  818 	 0.236349 	 0.950467 	 1.887117
  819 	 0.064602 	 1.037485 	 4.749382
  820 	 0.502635 	 0.984008 	 2.952037
  821 	 0.206110 	 1.024548 	 5.987966
  822 	 0.327393 	 0.945521 	 1.652798
  823 	 0.164194 	 0.981296 	 3.241387
  824 	 0.129005 	 0.945680 	 2.326703
  825 	 0.299062 	 1.008699 	 3.751024
  826 	 0.041362 	 1.019646 	 4.321432
  827 	 0.126860 	 0.947286 	 2.490894
  828 	 0.036813 	 1.003800 	 6.955930
  829 	 0.131341 	 1.053397 	 4.361856
  830 	 0.141677 	 1.187632 	 7.183223
  831 	 0.224001 	 1.029135 	 4.278244
  832 	 0.137257 	 0.966820 	 4.097073
  833 	 0.036872 	 0.994989 	 3.063711
  834 	 0.238125 	 1.070173 	 4.172635
  835 	 0.315845 	 1.076751 	 7.180190
  836 	 0.233916 	 0.967513 	 2.936640
  837 	 0.137314 	 0.968405 	 2.390943
  838 	 0.041177 	 1.005534 	 2.973391
  839 	 0.041687 	 0.997228 	 4.171640
  840 	 0.325120 	 1.095901 	 6.964897
  841 	 0.233971 	 1.017234 	 6.940261
  842 	 0.141497 	 0.979587 	 2.339073
  843 	 0.039958 	 0.995739 	 2.972910
  844 	 0.128943 	 1.018852 	 4.100093
  845 	 0.284830 	 1.030698 	 7.024534
  846 	 0.232745 	 1.006773 	 4.322587
  847 	 0.041684 	 0.990341 	 2.582445
  848 	 0.036741 	 0.941180 	 2.983781
  849 	 0.334220 	 1.027711 	 6.940398
  850 	 0.324025 	 1.140137 	 7.186932
  851 	 0.036708 	 0.999378 	 2.290322
  852 	 0.036554 	 0.921182 	 2.345077
  853 	 0.417934 	 1.063578 	 7.188638
  854 	 0.132940 	 1.185442 	 7.196645
  855 	 0.137155 	 0.977865 	 1.921842
  856 	 0.109153 	 0.944215 	 4.249166
  857 	 0.106172 	 0.977059 	 4.174410
  858 	 0.224519 	 1.120827 	 4.177034
  859 	 0.233819 	 1.040209 	 4.794502
  860 	 0.039206 	 0.944682 	 3.058861
  861 	 0.204211 	 0.975214 	 2.974250
  862 	 0.041327 	 1.100743 	 7.061827
  863 	 0.325029 	 0.995334 	 3.261463
  864 	 0.139582 	 1.005088 	 6.957612
  865 	 0.288495 	 0.944882 	 1.643690
  866 	 0.037313 	 1.010554 	 4.132530
  867 	 0.035775 	 0.964293 	 2.558230
  868 	 0.236131 	 1.050954 	 7.157542
  869 	 0.036579 	 0.990326 	 7.237217
  870 	 0.132668 	 0.973453 	 2.953935
  871 	 0.136247 	 1.070781 	 7.195310
  872 	 0.327189 	 1.016992 	 4.164199
  873 	 0.106528 	 0.959385 	 4.190289
  874 	 0.234379 	 0.991268 	 2.327804
  875 	 0.232954 	 1.057276 	 4.786346
  876 	 0.036127 	 0.969221 	 2.969308
  877 	 0.204551 	 0.947673 	 2.981921
  878 	 0.047179 	 1.035821 	 7.218824
  879 	 0.313802 	 1.035725 	 3.257843
  880 	 0.136589 	 1.085841 	 6.685430
  881 	 0.131318 	 0.931832 	 2.402678
  882 	 0.041710 	 0.979873 	 4.184288
  883 	 0.399189 	 1.053121 	 4.278658
  884 	 0.233280 	 1.099204 	 6.939130
  885 	 0.228255 	 0.917645 	 1.993663
  886 	 0.142015 	 0.950781 	 2.979024
  887 	 0.477085 	 1.048407 	 3.024296
  888 	 0.324525 	 1.044605 	 4.091407
  889 	 0.132056 	 0.906531 	 1.725670
  890 	 0.238447 	 0.938082 	 2.342330
  891 	 0.107721 	 1.047654 	 4.265192
  892 	 0.409043 	 1.029525 	 2.933868
  893 	 0.041688 	 0.958780 	 4.759155
  894 	 0.089061 	 0.923645 	 1.955251
  895 	 0.103642 	 1.043831 	 6.940213
  896 	 0.041869 	 1.071245 	 5.222995
  897 	 0.141993 	 1.127143 	 4.853366
  898 	 0.187780 	 1.000327 	 6.931473
  899 	 0.201785 	 0.995050 	 4.091772
  900 	 0.142169 	 1.021502 	 3.446141
  901 	 0.238426 	 1.047694 	 3.287470
  902 	 0.281806 	 0.966832 	 4.088821
  903 	 0.294997 	 0.971783 	 2.934047
  904 	 0.036578 	 0.979439 	 2.602770
  905 	 0.329332 	 1.004907 	 2.516378
  906 	 0.107032 	 1.031250 	 7.195357
  907 	 0.107118 	 0.965734 	 2.316250
  908 	 0.137028 	 1.008131 	 4.774827
  909 	 0.036182 	 1.024106 	 4.772862
  910 	 0.205035 	 0.999120 	 4.176612
  911 	 0.036724 	 1.020100 	 7.215938
  912 	 0.144097 	 0.973426 	 3.252724
  913 	 0.131138 	 1.069685 	 7.187809
  914 	 0.135376 	 1.009531 	 4.056839
  915 	 0.137170 	 0.980963 	 4.281951
  916 	 0.047439 	 0.988970 	 4.205637
  917 	 0.106327 	 1.004790 	 4.174139
  918 	 0.232124 	 1.053286 	 6.673824
  919 	 0.233834 	 1.004306 	 4.790935
  920 	 0.041686 	 0.952527 	 2.989318
  921 	 0.204360 	 0.981693 	 2.974119
  922 	 0.036348 	 1.030306 	 6.940273
  923 	 0.036684 	 0.963942 	 3.259881
  924 	 0.141992 	 1.046623 	 6.938473
  925 	 0.297417 	 1.061746 	 7.189894
  926 	 0.142028 	 1.020610 	 4.091793
  927 	 0.137131 	 0.954572 	 2.501143
  928 	 0.036788 	 0.986503 	 4.091185
  929 	 0.384092 	 1.013317 	 4.174822
  930 	 0.238459 	 1.065918 	 7.184512
  931 	 0.041771 	 0.929860 	 2.055532
  932 	 0.036674 	 0.961188 	 2.933760
  933 	 0.036691 	 1.059403 	 6.936214
  934 	 0.134784 	 1.092840 	 7.190389
  935 	 0.142073 	 1.044073 	 7.189549
  936 	 0.137122 	 1.000387 	 4.216141
  937 	 0.041694 	 1.005322 	 4.090422
  938 	 0.231560 	 1.028414 	 4.174984
  939 	 0.036637 	 1.049624 	 6.939929
  940 	 0.233788 	 0.977369 	 2.994372
  941 	 0.036868 	 1.021442 	 7.192307
  942 	 0.322917 	 0.998755 	 2.974528
  943 	 0.137086 	 1.241663 	 7.180387
  944 	 0.325000 	 0.965172 	 2.351188
  945 	 0.137310 	 0.967026 	 4.175613
  946 	 0.371477 	 0.974904 	 2.339731
  947 	 0.233753 	 1.098068 	 4.171704
  948 	 0.130649 	 0.945157 	 2.110251
  949 	 0.036715 	 0.965694 	 2.974831
  950 	 0.036651 	 1.031000 	 4.290934
  951 	 0.324967 	 1.160571 	 7.188270
  952 	 0.227618 	 1.011669 	 7.191592
  953 	 0.132347 	 0.936849 	 2.339906
  954 	 0.132210 	 1.002422 	 3.030141
  955 	 0.131316 	 1.117039 	 4.259903
  956 	 0.131461 	 0.990116 	 4.262386
  957 	 0.229237 	 0.957235 	 4.278701
  958 	 0.229106 	 1.063617 	 4.276039
  959 	 0.228253 	 1.059462 	 3.015347
  960 	 0.130239 	 0.967875 	 3.016533
  961 	 0.112568 	 0.942585 	 3.024316
  962 	 0.320622 	 1.061815 	 4.298511
  963 	 0.319824 	 1.074423 	 4.651855
  964 	 0.227226 	 0.954141 	 2.363940
  965 	 0.036656 	 0.924561 	 2.368409
  966 	 0.286871 	 1.010866 	 3.033743
  967 	 0.289089 	 1.097391 	 7.191331
  968 	 0.318863 	 0.963960 	 2.568902
  969 	 0.137104 	 0.948260 	 2.554349
  970 	 0.374349 	 0.992599 	 2.373813
  971 	 0.036675 	 0.974911 	 2.924795
  972 	 0.036671 	 0.940029 	 2.097538
  973 	 0.036674 	 1.188722 	 7.190360
  974 	 0.036679 	 1.049157 	 7.190542
  975 	 0.137122 	 1.115182 	 7.190418
  976 	 0.137119 	 1.139168 	 7.190168
  977 	 0.032193 	 1.080860 	 4.174975
  978 	 0.137126 	 1.020351 	 4.175035
  979 	 0.233788 	 1.103861 	 7.429776
  980 	 0.233785 	 1.053115 	 4.174912
  981 	 0.110743 	 1.009365 	 2.974523
  982 	 0.036601 	 0.959971 	 2.974552
  983 	 0.036622 	 1.057569 	 4.691676
  984 	 0.324997 	 1.156998 	 7.194178
  985 	 0.142296 	 1.066208 	 7.193112
  986 	 0.041672 	 0.926844 	 2.339745
  987 	 0.137071 	 1.054258 	 4.086697
  988 	 0.041685 	 1.152630 	 6.940958
  989 	 0.238715 	 1.010831 	 4.175876
  990 	 0.036675 	 0.972395 	 6.940340
  991 	 0.233739 	 1.013890 	 2.931563
  992 	 0.141990 	 1.171814 	 7.190346
  993 	 0.329602 	 0.984948 	 2.974959
  994 	 0.137123 	 0.935171 	 4.091815
  995 	 0.324954 	 0.991219 	 2.314804
  996 	 0.238424 	 1.107446 	 4.174970
  997 	 0.413701 	 0.968621 	 2.339980
  998 	 0.131470 	 0.913924 	 2.934068
  999 	 0.409437 	 0.975229 	 1.937604
 