   0 	 0.000930 	 0.001764 	 0.002791
    1 	 0.001152 	 0.001851 	 0.002709
    2 	 0.001152 	 0.001960 	 0.004210
    3 	 0.001256 	 0.002138 	 0.004210
    4 	 0.001212 	 0.002438 	 0.005001
    5 	 0.001223 	 0.002578 	 0.005361
    6 	 0.001452 	 0.002834 	 0.005776
    7 	 0.001470 	 0.003264 	 0.007527
    8 	 0.001530 	 0.003631 	 0.010800
    9 	 0.001998 	 0.004127 	 0.009433
   10 	 0.002185 	 0.004507 	 0.009433
   11 	 0.002307 	 0.005161 	 0.009433
   12 	 0.003041 	 0.005437 	 0.009678
   13 	 0.003402 	 0.006084 	 0.009678
   14 	 0.003744 	 0.006625 	 0.009678
   15 	 0.003744 	 0.007111 	 0.010208
   16 	 0.004072 	 0.007371 	 0.010496
   17 	 0.003282 	 0.007998 	 0.010496
   18 	 0.003861 	 0.008170 	 0.010496
   19 	 0.004516 	 0.008674 	 0.010496
   20 	 0.005602 	 0.009029 	 0.010496
   21 	 0.006836 	 0.009086 	 0.010495
   22 	 0.006836 	 0.009027 	 0.010495
   23 	 0.005867 	 0.009022 	 0.009677
   24 	 0.005867 	 0.009067 	 0.010495
   25 	 0.006836 	 0.009198 	 0.010495
   26 	 0.005961 	 0.009152 	 0.010495
   27 	 0.005961 	 0.009127 	 0.009432
   28 	 0.005961 	 0.009171 	 0.009433
   29 	 0.005439 	 0.009180 	 0.009677
   30 	 0.007378 	 0.009345 	 0.009677
   31 	 0.007378 	 0.009333 	 0.009678
   32 	 0.007378 	 0.009371 	 0.011122
   33 	 0.005602 	 0.009298 	 0.011122
   34 	 0.006058 	 0.009297 	 0.011122
   35 	 0.005361 	 0.009151 	 0.011122
   36 	 0.005361 	 0.009035 	 0.011122
   37 	 0.005361 	 0.009262 	 0.011122
   38 	 0.005361 	 0.009451 	 0.017331
   39 	 0.005602 	 0.009224 	 0.011122
   40 	 0.004072 	 0.009197 	 0.011122
   41 	 0.005776 	 0.009340 	 0.011122
   42 	 0.005776 	 0.009367 	 0.011122
   43 	 0.005776 	 0.009247 	 0.011122
   44 	 0.005776 	 0.009259 	 0.011122
   45 	 0.005776 	 0.009217 	 0.011122
   46 	 0.005519 	 0.009202 	 0.009433
   47 	 0.005519 	 0.009182 	 0.009433
   48 	 0.006158 	 0.009159 	 0.009433
   49 	 0.006158 	 0.009291 	 0.009433
   50 	 0.006058 	 0.009162 	 0.009433
   51 	 0.005688 	 0.009170 	 0.009433
   52 	 0.005688 	 0.009239 	 0.009433
   53 	 0.005439 	 0.009252 	 0.009433
   54 	 0.006158 	 0.009282 	 0.009433
   55 	 0.005776 	 0.009291 	 0.009433
   56 	 0.006158 	 0.009328 	 0.009433
   57 	 0.006158 	 0.009258 	 0.009433
   58 	 0.006158 	 0.009349 	 0.011464
   59 	 0.006158 	 0.009289 	 0.009433
   60 	 0.007096 	 0.009272 	 0.010799
   61 	 0.005776 	 0.009320 	 0.010799
   62 	 0.005688 	 0.009381 	 0.017332
   63 	 0.007096 	 0.009517 	 0.017331
   64 	 0.007096 	 0.009717 	 0.025700
   65 	 0.005602 	 0.010122 	 0.025700
   66 	 0.006158 	 0.011061 	 0.025700
   67 	 0.005688 	 0.012336 	 0.025700
   68 	 0.005961 	 0.013939 	 0.039233
   69 	 0.005961 	 0.015878 	 0.025702
   70 	 0.005961 	 0.017756 	 0.025702
   71 	 0.007526 	 0.020132 	 0.039230
   72 	 0.007526 	 0.021850 	 0.025701
   73 	 0.015856 	 0.023348 	 0.039208
   74 	 0.008976 	 0.023086 	 0.039208
   75 	 0.008187 	 0.024142 	 0.039208
   76 	 0.013071 	 0.026522 	 0.039234
   77 	 0.012628 	 0.029249 	 0.039221
   78 	 0.013071 	 0.030045 	 0.039221
   79 	 0.011120 	 0.031052 	 0.039221
   80 	 0.009674 	 0.032929 	 0.067717
   81 	 0.008564 	 0.034613 	 0.067717
   82 	 0.013071 	 0.035489 	 0.067784
   83 	 0.018171 	 0.035758 	 0.067655
   84 	 0.025662 	 0.035490 	 0.039228
   85 	 0.011824 	 0.037062 	 0.039220
   86 	 0.025681 	 0.038144 	 0.039208
   87 	 0.014054 	 0.038277 	 0.067655
   88 	 0.014054 	 0.039099 	 0.067655
   89 	 0.014054 	 0.040553 	 0.067672
   90 	 0.012625 	 0.041453 	 0.067752
   91 	 0.013068 	 0.043923 	 0.067759
   92 	 0.009675 	 0.046800 	 0.082669
   93 	 0.009675 	 0.053356 	 0.082669
   94 	 0.012212 	 0.054753 	 0.082475
   95 	 0.022569 	 0.061866 	 0.082669
   96 	 0.012207 	 0.063569 	 0.082669
   97 	 0.020118 	 0.066832 	 0.082669
   98 	 0.011820 	 0.066070 	 0.082476
   99 	 0.011456 	 0.065906 	 0.082799
  100 	 0.017313 	 0.067354 	 0.082476
  101 	 0.012207 	 0.067919 	 0.082859
  102 	 0.011115 	 0.068760 	 0.082695
  103 	 0.012621 	 0.067472 	 0.082748
  104 	 0.015837 	 0.068137 	 0.082669
  105 	 0.011820 	 0.068119 	 0.082476
  106 	 0.027560 	 0.070812 	 0.082748
  107 	 -0.252119 	 0.064701 	 0.082844
  108 	 0.010791 	 0.069175 	 0.082748
  109 	 0.010793 	 0.069616 	 0.082748
  110 	 0.013535 	 0.074044 	 0.082863
  111 	 0.011820 	 0.075384 	 0.082863
  112 	 0.011820 	 0.075204 	 0.082844
  113 	 0.011455 	 0.075004 	 0.082856
  114 	 0.043712 	 0.077460 	 0.082856
  115 	 -0.252113 	 0.071632 	 0.082859
  116 	 0.006591 	 0.076976 	 0.082638
  117 	 0.011113 	 0.077366 	 0.082848
  118 	 0.039121 	 0.078215 	 0.082892
  119 	 0.013063 	 0.079074 	 0.082861
  120 	 0.012619 	 0.077072 	 0.082669
  121 	 0.015191 	 0.078219 	 0.082848
  122 	 0.015191 	 0.077721 	 0.082851
  123 	 0.011455 	 0.079500 	 0.082833
  124 	 -0.248812 	 0.076181 	 0.082833
  125 	 -0.252113 	 0.073391 	 0.082859
  126 	 0.014596 	 0.078080 	 0.084685
  127 	 0.011455 	 0.078368 	 0.084709
  128 	 0.011113 	 0.079505 	 0.082837
  129 	 0.067526 	 0.082215 	 0.082859
  130 	 0.011455 	 0.081508 	 0.082861
  131 	 0.011455 	 0.080635 	 0.082476
  132 	 -0.252113 	 0.075322 	 0.082859
  133 	 0.011455 	 0.079733 	 0.082859
  134 	 -0.252113 	 0.075110 	 0.084709
  135 	 0.016540 	 0.080840 	 0.082859
  136 	 0.016540 	 0.079662 	 0.084709
  137 	 0.011455 	 0.075292 	 0.082824
  138 	 0.011455 	 0.076516 	 0.082824
  139 	 0.011818 	 0.079508 	 0.082859
  140 	 0.029749 	 0.080900 	 0.082859
  141 	 0.032376 	 0.081450 	 0.082856
  142 	 -0.252113 	 0.075965 	 0.082733
  143 	 0.014596 	 0.078513 	 0.082715
  144 	 0.011455 	 0.080290 	 0.084709
  145 	 0.013535 	 0.080709 	 0.082837
  146 	 0.082359 	 0.082389 	 0.082859
  147 	 -0.252113 	 0.075834 	 0.082844
  148 	 0.019082 	 0.081043 	 0.082375
  149 	 0.013061 	 0.079595 	 0.084709
 