   0 	 0.001204 	 0.001843 	 0.003312
    1 	 0.001200 	 0.001872 	 0.002969
    2 	 0.001261 	 0.001944 	 0.002969
    3 	 0.001261 	 0.001942 	 0.003782
    4 	 0.001256 	 0.002037 	 0.004357
    5 	 0.001387 	 0.002116 	 0.003821
    6 	 0.001387 	 0.002212 	 0.003821
    7 	 0.001219 	 0.002352 	 0.008565
    8 	 0.001352 	 0.002856 	 0.008767
    9 	 0.001543 	 0.003410 	 0.008767
   10 	 0.001543 	 0.004037 	 0.011465
   11 	 0.001945 	 0.005012 	 0.011465
   12 	 0.002578 	 0.006161 	 0.012631
   13 	 0.002578 	 0.006924 	 0.012631
   14 	 0.002578 	 0.007457 	 0.014612
   15 	 0.003144 	 0.008635 	 0.018177
   16 	 0.005139 	 0.010320 	 0.032410
   17 	 0.005139 	 0.011896 	 0.032410
   18 	 -0.247507 	 0.015289 	 0.248829
   19 	 -0.247409 	 0.067412 	 0.249353
   20 	 -0.247337 	 0.173403 	 0.749361
   21 	 -0.248976 	 0.211475 	 0.754355
   22 	 -0.263182 	 0.262414 	 0.932381
   23 	 0.027423 	 0.395583 	 0.749389
   24 	 0.148419 	 0.510621 	 0.946363
   25 	 0.017938 	 0.525233 	 0.742235
   26 	 0.213388 	 0.541196 	 0.681070
   27 	 0.016388 	 0.535760 	 0.747497
   28 	 0.048496 	 0.528338 	 0.652210
   29 	 -0.282533 	 0.523597 	 0.748364
   30 	 0.507082 	 0.542042 	 0.730805
   31 	 0.015093 	 0.520217 	 0.964017
   32 	 0.015722 	 0.491911 	 0.547082
   33 	 0.437852 	 0.546473 	 0.749090
   34 	 0.015086 	 0.543713 	 0.748738
   35 	 0.015087 	 0.522637 	 0.553640
   36 	 0.079395 	 0.532849 	 0.749094
   37 	 -0.284831 	 0.514559 	 0.749094
   38 	 0.018918 	 0.533993 	 0.714667
   39 	 0.065445 	 0.543821 	 0.966157
   40 	 0.025356 	 0.521389 	 0.746951
   41 	 0.031861 	 0.531351 	 0.721863
   42 	 0.014500 	 0.519373 	 0.743376
   43 	 0.012984 	 0.534401 	 0.739798
   44 	 0.022318 	 0.534168 	 0.749424
   45 	 0.013453 	 0.527237 	 0.750276
   46 	 0.010153 	 0.512006 	 0.745058
   47 	 0.034841 	 0.536599 	 0.750012
   48 	 0.484281 	 0.548873 	 0.751873
   49 	 0.018003 	 0.527551 	 0.738171
   50 	 0.012546 	 0.511173 	 0.554281
   51 	 0.018003 	 0.517681 	 0.747461
   52 	 0.016417 	 0.523755 	 0.750522
   53 	 0.015724 	 0.515529 	 0.747461
   54 	 0.016548 	 0.524313 	 0.748349
   55 	 0.220147 	 0.544472 	 0.748737
   56 	 0.012546 	 0.537866 	 0.748275
   57 	 0.012546 	 0.518472 	 0.649348
   58 	 0.012546 	 0.526233 	 0.750522
   59 	 0.022564 	 0.518473 	 0.750522
   60 	 0.013453 	 0.518154 	 0.750522
   61 	 0.483003 	 0.546785 	 0.744922
   62 	 0.034847 	 0.540548 	 0.750012
   63 	 0.484313 	 0.536004 	 0.554674
   64 	 0.013453 	 0.518891 	 0.738168
   65 	 0.023740 	 0.526194 	 0.554224
   66 	 0.016431 	 0.539375 	 0.750012
   67 	 0.533594 	 0.543001 	 0.744270
   68 	 0.017173 	 0.532320 	 0.748340
   69 	 0.016417 	 0.517796 	 0.539533
   70 	 0.029351 	 0.534370 	 0.747925
   71 	 0.034841 	 0.534020 	 0.748349
   72 	 0.015087 	 0.520689 	 0.741174
   73 	 0.023740 	 0.522188 	 0.738171
   74 	 0.012546 	 0.506946 	 0.749094
   75 	 0.018003 	 0.526238 	 0.744270
   76 	 0.031861 	 0.539240 	 0.750522
   77 	 0.029351 	 0.525368 	 0.747461
   78 	 0.014500 	 0.527243 	 0.739798
   79 	 0.013453 	 0.518719 	 0.741174
   80 	 0.021268 	 0.534116 	 0.749424
   81 	 0.485193 	 0.546819 	 0.750012
   82 	 0.013953 	 0.527219 	 0.745642
   83 	 0.042858 	 0.529813 	 0.554001
   84 	 0.029351 	 0.536571 	 0.749731
   85 	 0.022318 	 0.528559 	 0.733828
   86 	 0.483188 	 0.539524 	 0.741174
   87 	 0.012546 	 0.529391 	 0.745058
   88 	 0.034841 	 0.531606 	 0.554617
   89 	 0.038436 	 0.529884 	 0.750522
   90 	 0.015088 	 0.527874 	 0.738171
   91 	 0.021056 	 0.523416 	 0.736217
   92 	 -0.284847 	 0.525943 	 0.749093
   93 	 0.019930 	 0.534209 	 0.745759
   94 	 0.019930 	 0.534540 	 0.966173
   95 	 0.012546 	 0.521513 	 0.746386
   96 	 0.014500 	 0.534051 	 0.746386
   97 	 0.034841 	 0.529215 	 0.750522
   98 	 0.012546 	 0.521259 	 0.749424
   99 	 0.042858 	 0.526627 	 0.738171
  100 	 0.042858 	 0.539068 	 0.750522
  101 	 0.016417 	 0.517474 	 0.733828
  102 	 0.029351 	 0.532458 	 0.733828
  103 	 0.018003 	 0.540700 	 0.748349
  104 	 0.034841 	 0.523146 	 0.741174
  105 	 0.012984 	 0.518924 	 0.747461
  106 	 0.014500 	 0.524937 	 0.738171
  107 	 0.012984 	 0.527014 	 0.750276
  108 	 0.013956 	 0.528731 	 0.749424
  109 	 0.013453 	 0.530758 	 0.750276
  110 	 0.012984 	 0.523092 	 0.749729
  111 	 0.015724 	 0.525034 	 0.750012
  112 	 -0.284847 	 0.510614 	 0.749424
  113 	 0.018003 	 0.518971 	 0.748737
  114 	 0.013453 	 0.544111 	 0.966173
  115 	 -0.284847 	 0.516908 	 0.747461
  116 	 0.013956 	 0.499745 	 0.750012
  117 	 0.025355 	 0.536418 	 0.966173
  118 	 0.023740 	 0.541254 	 0.749729
  119 	 0.013453 	 0.521425 	 0.743376
  120 	 0.012546 	 0.532479 	 0.744270
  121 	 0.015724 	 0.525954 	 0.750012
  122 	 0.038440 	 0.534516 	 0.750522
  123 	 0.012984 	 0.531039 	 0.748737
  124 	 0.022318 	 0.528511 	 0.736215
  125 	 0.015724 	 0.535478 	 0.750276
  126 	 0.012546 	 0.522874 	 0.745058
  127 	 0.008935 	 0.526807 	 0.748737
  128 	 0.027207 	 0.532330 	 0.750522
  129 	 0.012984 	 0.523784 	 0.752562
  130 	 0.483003 	 0.541504 	 0.742354
  131 	 0.012984 	 0.531596 	 0.750276
  132 	 0.012984 	 0.520328 	 0.554674
  133 	 0.029351 	 0.509130 	 0.750276
  134 	 0.027207 	 0.529283 	 0.750276
  135 	 0.012546 	 0.521426 	 0.741174
  136 	 0.013452 	 0.516636 	 0.742354
  137 	 0.015724 	 0.517274 	 0.750522
  138 	 0.017173 	 0.522491 	 0.750012
  139 	 0.220147 	 0.543614 	 0.748737
  140 	 0.015087 	 0.516485 	 0.747925
  141 	 0.483420 	 0.537202 	 0.649348
  142 	 0.483610 	 0.547762 	 0.749094
  143 	 0.012555 	 0.525524 	 0.554545
  144 	 0.015724 	 0.522696 	 0.554487
  145 	 0.042858 	 0.519139 	 0.750518
  146 	 0.533519 	 0.544193 	 0.748737
  147 	 0.018918 	 0.533500 	 0.733828
  148 	 0.013956 	 0.517060 	 0.539555
  149 	 0.022318 	 0.524172 	 0.746951
 