   0 	 0.001107 	 0.001805 	 0.003402
    1 	 0.001101 	 0.001919 	 0.003341
    2 	 0.001159 	 0.001980 	 0.003341
    3 	 0.001159 	 0.002013 	 0.003901
    4 	 0.001120 	 0.002054 	 0.003707
    5 	 0.001278 	 0.002391 	 0.005603
    6 	 0.001278 	 0.002593 	 0.005603
    7 	 0.001447 	 0.002674 	 0.008373
    8 	 0.001674 	 0.002851 	 0.008373
    9 	 0.001787 	 0.003350 	 0.012217
   10 	 0.001787 	 0.003788 	 0.010496
   11 	 0.001609 	 0.004510 	 0.019111
   12 	 0.002041 	 0.005765 	 0.019111
   13 	 0.002365 	 0.007039 	 0.019111
   14 	 0.002526 	 0.009479 	 0.035504
   15 	 0.003942 	 0.012736 	 0.035502
   16 	 0.003942 	 0.018518 	 0.067807
   17 	 0.005602 	 0.028142 	 0.067806
   18 	 0.006836 	 0.040526 	 0.067817
   19 	 0.009430 	 0.050751 	 0.067809
   20 	 0.009427 	 0.058301 	 0.067804
   21 	 0.011116 	 0.060452 	 0.067792
   22 	 0.010796 	 0.064489 	 0.067792
   23 	 0.011115 	 0.064322 	 0.067784
   24 	 0.012621 	 0.066629 	 0.067785
   25 	 0.011115 	 0.064349 	 0.067784
   26 	 0.016544 	 0.066038 	 0.067777
   27 	 0.021267 	 0.066105 	 0.067784
   28 	 0.011456 	 0.065280 	 0.067759
   29 	 0.019088 	 0.065964 	 0.067737
   30 	 0.012207 	 0.066345 	 0.067782
   31 	 0.011820 	 0.064923 	 0.067747
   32 	 0.010793 	 0.065114 	 0.067779
   33 	 0.020118 	 0.066044 	 0.067781
   34 	 0.027560 	 0.066411 	 0.067785
   35 	 0.067525 	 0.067533 	 0.067743
   36 	 -0.251173 	 0.063146 	 0.067709
   37 	 0.025662 	 0.067002 	 0.067526
   38 	 0.057164 	 0.067417 	 0.069011
   39 	 0.012621 	 0.066189 	 0.067717
   40 	 0.027560 	 0.066768 	 0.067573
   41 	 0.027560 	 0.066159 	 0.067777
   42 	 0.012207 	 0.065822 	 0.067709
   43 	 0.013538 	 0.066019 	 0.067709
   44 	 0.035422 	 0.066423 	 0.067779
   45 	 0.011456 	 0.064606 	 0.067773
   46 	 0.011456 	 0.065222 	 0.067672
   47 	 0.016544 	 0.065855 	 0.067782
   48 	 0.043740 	 0.066717 	 0.067782
   49 	 0.015841 	 0.065357 	 0.067759
   50 	 0.015841 	 0.065829 	 0.067634
   51 	 0.021267 	 0.066155 	 0.067762
   52 	 0.049559 	 0.067309 	 0.067762
   53 	 0.011456 	 0.063252 	 0.067737
   54 	 0.011115 	 0.063754 	 0.067608
   55 	 0.011115 	 0.065043 	 0.067782
   56 	 0.012621 	 0.065093 	 0.067777
   57 	 0.011456 	 0.066836 	 0.067784
   58 	 0.012621 	 0.065710 	 0.067777
   59 	 0.021267 	 0.066148 	 0.067782
   60 	 0.018157 	 0.066339 	 0.067777
   61 	 -0.251173 	 0.063109 	 0.067737
   62 	 0.010793 	 0.066322 	 0.067752
   63 	 0.013063 	 0.065201 	 0.069011
   64 	 0.009930 	 0.065721 	 0.067785
   65 	 0.011121 	 0.065785 	 0.067775
   66 	 0.012621 	 0.065627 	 0.067789
   67 	 0.013063 	 0.065215 	 0.067784
   68 	 0.011115 	 0.064725 	 0.067777
   69 	 0.021267 	 0.065496 	 0.067747
   70 	 0.032346 	 0.066530 	 0.067784
   71 	 0.015195 	 0.065067 	 0.067737
   72 	 0.011456 	 0.065665 	 0.067687
   73 	 -0.251173 	 0.062940 	 0.067765
   74 	 0.014599 	 0.065680 	 0.067775
   75 	 0.014599 	 0.064732 	 0.067573
   76 	 0.011115 	 0.062404 	 0.067768
   77 	 0.012207 	 0.064827 	 0.067768
   78 	 0.018157 	 0.066095 	 0.067784
   79 	 0.011820 	 0.066358 	 0.067779
   80 	 0.011463 	 0.065540 	 0.067752
   81 	 0.014599 	 0.064617 	 0.067781
   82 	 0.013063 	 0.065671 	 0.067781
   83 	 0.013063 	 0.065678 	 0.067768
   84 	 0.011115 	 0.064218 	 0.067775
   85 	 0.012207 	 0.066237 	 0.067775
   86 	 0.021267 	 0.066608 	 0.067784
   87 	 -0.251173 	 0.061138 	 0.067779
   88 	 0.012621 	 0.066265 	 0.067737
   89 	 0.016544 	 0.066918 	 0.069011
   90 	 0.010793 	 0.065859 	 0.067777
   91 	 0.010793 	 0.064779 	 0.067759
   92 	 0.011820 	 0.065330 	 0.067785
   93 	 -0.251173 	 0.060606 	 0.067785
   94 	 -0.251173 	 0.062888 	 0.067781
   95 	 0.016544 	 0.065919 	 0.069011
   96 	 0.013063 	 0.062821 	 0.069011
   97 	 0.016544 	 0.063959 	 0.067759
   98 	 0.017313 	 0.066017 	 0.067775
   99 	 0.017313 	 0.066336 	 0.067759
  100 	 0.015195 	 0.065695 	 0.067756
  101 	 0.012207 	 0.064377 	 0.067756
  102 	 0.014049 	 0.066071 	 0.067765
  103 	 0.032346 	 0.066306 	 0.067779
  104 	 0.025662 	 0.065917 	 0.067771
  105 	 0.013063 	 0.065256 	 0.067687
  106 	 0.014599 	 0.065384 	 0.067717
  107 	 0.027560 	 0.066506 	 0.067775
  108 	 0.016544 	 0.065145 	 0.067768
  109 	 0.020118 	 0.065685 	 0.067709
  110 	 -0.251173 	 0.060754 	 0.067759
  111 	 0.011115 	 0.065693 	 0.067743
  112 	 0.012207 	 0.065370 	 0.069011
  113 	 0.010793 	 0.065329 	 0.067784
  114 	 0.012207 	 0.066184 	 0.067779
  115 	 0.057164 	 0.067277 	 0.067785
  116 	 0.035422 	 0.067001 	 0.067779
  117 	 0.012621 	 0.065494 	 0.067573
  118 	 0.024008 	 0.064654 	 0.067672
  119 	 0.021267 	 0.065408 	 0.067725
  120 	 0.013063 	 0.065718 	 0.067725
  121 	 0.021267 	 0.066379 	 0.067737
  122 	 0.018157 	 0.065182 	 0.067775
  123 	 0.012214 	 0.066259 	 0.067737
  124 	 0.027560 	 0.067037 	 0.067752
  125 	 0.015841 	 0.066886 	 0.067779
  126 	 0.067525 	 0.067528 	 0.067709
  127 	 -0.251173 	 0.062302 	 0.067762
  128 	 0.013063 	 0.065565 	 0.067526
  129 	 0.013063 	 0.064850 	 0.069011
  130 	 0.015195 	 0.065658 	 0.067775
  131 	 0.019088 	 0.066016 	 0.067775
  132 	 0.015841 	 0.066009 	 0.067765
  133 	 -0.251173 	 0.061529 	 0.067747
  134 	 0.012621 	 0.064554 	 0.067762
  135 	 0.010793 	 0.065366 	 0.069011
  136 	 0.010202 	 0.064265 	 0.067777
  137 	 0.017313 	 0.064873 	 0.067785
  138 	 0.014049 	 0.065796 	 0.067788
  139 	 0.013538 	 0.065391 	 0.067756
  140 	 0.013073 	 0.064645 	 0.067743
  141 	 0.012621 	 0.063956 	 0.067773
  142 	 0.012621 	 0.063970 	 0.067775
  143 	 0.014599 	 0.066431 	 0.067777
  144 	 0.017323 	 0.065575 	 0.067777
  145 	 0.049559 	 0.066632 	 0.067768
  146 	 0.049559 	 0.067310 	 0.067755
  147 	 0.013538 	 0.066855 	 0.067608
  148 	 0.010793 	 0.066121 	 0.067608
  149 	 0.017313 	 0.065481 	 0.067773
 