   0 	 0.001173 	 0.001858 	 0.003312
    1 	 0.001170 	 0.001943 	 0.004028
    2 	 0.001269 	 0.002302 	 0.007527
    3 	 0.001208 	 0.002756 	 0.007527
    4 	 0.001155 	 0.003080 	 0.007527
    5 	 0.001475 	 0.003886 	 0.007527
    6 	 0.001493 	 0.005045 	 0.022586
    7 	 0.002293 	 0.006568 	 0.029818
    8 	 0.002614 	 0.009736 	 0.043857
    9 	 0.003171 	 0.013934 	 0.043865
   10 	 -0.745207 	 0.009464 	 0.057365
   11 	 -0.757212 	 0.009776 	 0.057371
   12 	 -0.745207 	 0.023086 	 0.067807
   13 	 -0.765030 	 0.019331 	 0.067802
   14 	 0.011461 	 0.049015 	 0.148973
   15 	 0.015856 	 0.055928 	 0.148721
   16 	 -0.771165 	 0.038726 	 0.148721
   17 	 0.014051 	 0.070475 	 0.149104
   18 	 -0.822194 	 0.059939 	 0.168460
   19 	 -0.822397 	 0.042218 	 0.149195
   20 	 -0.822196 	 0.103467 	 0.170463
   21 	 0.012621 	 0.137110 	 0.170469
   22 	 0.012608 	 0.143935 	 0.248034
   23 	 0.012608 	 0.141843 	 0.240934
   24 	 0.015821 	 0.142474 	 0.240936
   25 	 0.015821 	 0.148900 	 0.240963
   26 	 0.013524 	 0.153186 	 0.240936
   27 	 0.015821 	 0.171218 	 0.248754
   28 	 0.013507 	 0.191672 	 0.248896
   29 	 0.029693 	 0.201665 	 0.248754
   30 	 0.021231 	 0.203541 	 0.248897
   31 	 0.015799 	 0.207150 	 0.247899
   32 	 -0.262241 	 0.207020 	 0.248420
   33 	 0.144311 	 0.228278 	 0.248755
   34 	 0.032171 	 0.232716 	 0.267239
   35 	 0.032172 	 0.230354 	 0.241050
   36 	 0.014016 	 0.229489 	 0.247746
   37 	 0.018102 	 0.228237 	 0.247746
   38 	 0.013507 	 0.230672 	 0.248866
   39 	 0.015799 	 0.228323 	 0.248613
   40 	 0.144416 	 0.235008 	 0.248897
   41 	 0.021191 	 0.230976 	 0.248755
   42 	 0.021191 	 0.230665 	 0.241043
   43 	 0.012182 	 0.219873 	 0.248422
   44 	 0.014564 	 0.228140 	 0.248422
   45 	 0.016499 	 0.228766 	 0.248979
   46 	 -0.262260 	 0.207792 	 0.248832
   47 	 0.021191 	 0.232437 	 0.248712
   48 	 0.235126 	 0.237541 	 0.267240
   49 	 -0.262260 	 0.222051 	 0.248422
   50 	 0.020050 	 0.230593 	 0.235886
   51 	 0.014564 	 0.228778 	 0.267240
   52 	 0.014564 	 0.228333 	 0.248493
   53 	 0.049149 	 0.233929 	 0.248832
   54 	 0.020050 	 0.229867 	 0.248832
   55 	 -0.262260 	 0.207746 	 0.235942
   56 	 0.011434 	 0.223541 	 0.248493
   57 	 0.013507 	 0.229698 	 0.267240
   58 	 0.012594 	 0.228380 	 0.249026
   59 	 0.023911 	 0.231052 	 0.248897
   60 	 0.014564 	 0.221411 	 0.248954
   61 	 0.015156 	 0.227978 	 0.248254
   62 	 0.027433 	 0.231844 	 0.248832
   63 	 0.013035 	 0.225464 	 0.248795
   64 	 0.014016 	 0.230703 	 0.248038
   65 	 0.012182 	 0.222866 	 0.248927
   66 	 0.012182 	 0.230552 	 0.248866
   67 	 0.056619 	 0.234367 	 0.248979
   68 	 0.022469 	 0.233489 	 0.248979
   69 	 0.014564 	 0.233168 	 0.246255
   70 	 0.020050 	 0.230741 	 0.248343
   71 	 0.017263 	 0.230763 	 0.248832
   72 	 0.019026 	 0.230604 	 0.248493
   73 	 0.144146 	 0.235006 	 0.248665
   74 	 0.014564 	 0.228353 	 0.248556
   75 	 0.018102 	 0.222710 	 0.241059
   76 	 0.012182 	 0.220542 	 0.248832
   77 	 0.018102 	 0.231653 	 0.248613
   78 	 0.021191 	 0.232413 	 0.248979
   79 	 0.007830 	 0.225422 	 0.248613
   80 	 0.016499 	 0.230728 	 0.248422
   81 	 0.235138 	 0.236457 	 0.249250
   82 	 0.014056 	 0.229618 	 0.248712
   83 	 0.235103 	 0.235812 	 0.235885
   84 	 -0.262263 	 0.221823 	 0.248863
   85 	 0.029614 	 0.233270 	 0.235887
   86 	 0.013508 	 0.231175 	 0.267240
   87 	 0.013507 	 0.231570 	 0.247904
   88 	 0.021191 	 0.233440 	 0.248897
   89 	 0.015156 	 0.230731 	 0.248897
   90 	 0.013035 	 0.233202 	 0.248422
   91 	 0.010184 	 0.225470 	 0.248795
   92 	 0.015156 	 0.230638 	 0.248927
   93 	 0.019026 	 0.228469 	 0.249103
   94 	 0.020050 	 0.231061 	 0.248038
   95 	 0.014564 	 0.231866 	 0.248556
   96 	 0.104072 	 0.234478 	 0.248493
   97 	 0.014016 	 0.233306 	 0.248832
   98 	 0.013035 	 0.233140 	 0.243411
   99 	 0.025552 	 0.226411 	 0.248866
  100 	 0.012594 	 0.233214 	 0.248927
  101 	 0.025551 	 0.233767 	 0.248153
  102 	 0.018102 	 0.227890 	 0.248954
  103 	 0.015799 	 0.231978 	 0.235886
  104 	 0.056619 	 0.231959 	 0.248613
  105 	 0.016499 	 0.228532 	 0.248755
  106 	 0.011797 	 0.217422 	 0.245641
  107 	 0.017263 	 0.228559 	 0.248712
  108 	 0.017263 	 0.232545 	 0.249003
  109 	 0.104072 	 0.234626 	 0.248665
  110 	 0.022469 	 0.231726 	 0.248665
  111 	 0.025551 	 0.233288 	 0.243411
  112 	 0.017263 	 0.230748 	 0.248343
  113 	 0.015156 	 0.225461 	 0.248153
  114 	 0.014016 	 0.230462 	 0.248665
  115 	 0.020050 	 0.230500 	 0.248795
  116 	 0.019026 	 0.228933 	 0.248866
  117 	 0.019026 	 0.228085 	 0.248493
  118 	 0.032171 	 0.230155 	 0.248556
  119 	 -0.262260 	 0.222121 	 0.248556
  120 	 0.023911 	 0.233528 	 0.247746
  121 	 0.013507 	 0.223623 	 0.267240
  122 	 0.014016 	 0.225490 	 0.248254
  123 	 0.017263 	 0.233831 	 0.248897
  124 	 0.015799 	 0.228711 	 0.248866
  125 	 0.017263 	 0.230994 	 0.248665
  126 	 0.012182 	 0.218464 	 0.248755
  127 	 -0.262260 	 0.225014 	 0.248665
  128 	 0.029614 	 0.231739 	 0.248979
  129 	 0.013507 	 0.231395 	 0.267240
  130 	 0.009180 	 0.223496 	 0.247904
  131 	 0.049149 	 0.231441 	 0.248897
  132 	 0.009931 	 0.223654 	 0.247746
  133 	 -0.262260 	 0.211644 	 0.246709
  134 	 0.016499 	 0.228778 	 0.249119
  135 	 0.013507 	 0.231899 	 0.248793
  136 	 0.022469 	 0.228955 	 0.248712
  137 	 0.013507 	 0.230590 	 0.248897
  138 	 0.025551 	 0.231387 	 0.248343
  139 	 0.038888 	 0.233693 	 0.248897
  140 	 0.012594 	 0.227786 	 0.248153
  141 	 0.032171 	 0.233426 	 0.247335
  142 	 0.032171 	 0.233774 	 0.248954
  143 	 0.016499 	 0.230562 	 0.247746
  144 	 0.235119 	 0.235968 	 0.247746
  145 	 0.012182 	 0.225079 	 0.248712
  146 	 0.014016 	 0.227955 	 0.235886
  147 	 0.029614 	 0.233901 	 0.248979
  148 	 0.021191 	 0.226661 	 0.248866
  149 	 0.015156 	 0.223113 	 0.247904
 