   0 	 0.001200 	 0.001700 	 0.002543
    1 	 0.001141 	 0.001707 	 0.002770
    2 	 0.001141 	 0.001888 	 0.003198
    3 	 0.001232 	 0.002045 	 0.003198
    4 	 0.001282 	 0.002110 	 0.005361
    5 	 0.001362 	 0.002298 	 0.005361
    6 	 0.001414 	 0.002456 	 0.005361
    7 	 0.001623 	 0.002599 	 0.006480
    8 	 0.001536 	 0.003050 	 0.007527
    9 	 0.001470 	 0.003254 	 0.007527
   10 	 0.001530 	 0.003723 	 0.013550
   11 	 0.001623 	 0.004492 	 0.013550
   12 	 0.001623 	 0.005815 	 0.013550
   13 	 0.002135 	 0.006742 	 0.013550
   14 	 0.002855 	 0.007234 	 0.013550
   15 	 0.003821 	 0.007606 	 0.015857
   16 	 0.003821 	 0.008817 	 0.015855
   17 	 0.003066 	 0.009266 	 0.015208
   18 	 0.004870 	 0.010313 	 0.025702
   19 	 0.005439 	 0.010874 	 0.025703
   20 	 0.005439 	 0.011495 	 0.025702
   21 	 0.004210 	 0.012608 	 0.025701
   22 	 0.005961 	 0.014639 	 0.025699
   23 	 0.005867 	 0.015994 	 0.025703
   24 	 0.005867 	 0.017227 	 0.025700
   25 	 0.006713 	 0.019196 	 0.029815
   26 	 0.009676 	 0.021632 	 0.082856
   27 	 0.009676 	 0.023655 	 0.082837
   28 	 0.008372 	 0.038842 	 0.750475
   29 	 0.013071 	 0.239296 	 0.752143
   30 	 0.009198 	 0.588997 	 0.752772
   31 	 0.082848 	 0.630529 	 0.749363
   32 	 0.078129 	 0.531051 	 0.752413
   33 	 0.013917 	 0.510467 	 0.712907
   34 	 -0.280516 	 0.514559 	 0.715314
   35 	 0.014463 	 0.521488 	 0.749751
   36 	 0.015097 	 0.536381 	 0.962147
   37 	 0.013953 	 0.533046 	 0.749444
   38 	 0.027211 	 0.534146 	 0.749088
   39 	 0.009155 	 0.528308 	 0.749731
   40 	 0.025355 	 0.533843 	 0.742352
   41 	 0.012137 	 0.505521 	 0.752438
   42 	 0.013416 	 0.521553 	 0.743376
   43 	 0.014500 	 0.524140 	 0.750753
   44 	 -0.284856 	 0.510998 	 0.750033
   45 	 0.100897 	 0.535778 	 0.749424
   46 	 0.013548 	 0.541924 	 0.966181
   47 	 0.018003 	 0.533431 	 0.703851
   48 	 0.437438 	 0.538347 	 0.749959
   49 	 0.021056 	 0.521355 	 0.747461
   50 	 0.483134 	 0.538268 	 0.569056
   51 	 0.018918 	 0.514597 	 0.745759
   52 	 0.019930 	 0.519850 	 0.554633
   53 	 0.017173 	 0.529895 	 0.746951
   54 	 0.015724 	 0.526898 	 0.746386
   55 	 0.011395 	 0.529809 	 0.747925
   56 	 0.018918 	 0.537141 	 0.748737
   57 	 0.023731 	 0.530514 	 0.751171
   58 	 0.031862 	 0.533120 	 0.746951
   59 	 0.016416 	 0.523394 	 0.744275
   60 	 0.025356 	 0.534037 	 0.739798
   61 	 0.012546 	 0.532413 	 0.748349
   62 	 0.019930 	 0.522042 	 0.743376
   63 	 0.018003 	 0.522794 	 0.750522
   64 	 0.012984 	 0.512345 	 0.746386
   65 	 0.012546 	 0.527566 	 0.747461
   66 	 0.012546 	 0.523530 	 0.750276
   67 	 0.013956 	 0.530191 	 0.750522
   68 	 0.015087 	 0.533507 	 0.750522
   69 	 0.079394 	 0.536444 	 0.749729
   70 	 0.018003 	 0.513918 	 0.742437
   71 	 0.008526 	 0.507378 	 0.714667
   72 	 0.014608 	 0.529715 	 0.744270
   73 	 0.018003 	 0.525782 	 0.752794
   74 	 0.019930 	 0.530326 	 0.749363
   75 	 0.017173 	 0.525459 	 0.747461
   76 	 0.016417 	 0.516979 	 0.746386
   77 	 0.055666 	 0.538328 	 0.747925
   78 	 0.055662 	 0.541095 	 0.748349
   79 	 0.018918 	 0.520171 	 0.726995
   80 	 0.012546 	 0.519104 	 0.726997
   81 	 0.015087 	 0.538991 	 0.746951
   82 	 0.042858 	 0.539726 	 0.750522
   83 	 0.042858 	 0.526543 	 0.749094
   84 	 0.483003 	 0.538632 	 0.733828
   85 	 0.014500 	 0.532448 	 0.733828
   86 	 0.031861 	 0.527851 	 0.554674
   87 	 0.013956 	 0.528129 	 0.749424
   88 	 0.013453 	 0.516578 	 0.739798
   89 	 0.017189 	 0.529514 	 0.749729
   90 	 0.013453 	 0.515715 	 0.750012
   91 	 0.013957 	 0.523641 	 0.747917
   92 	 0.013453 	 0.516610 	 0.750012
   93 	 0.067733 	 0.536060 	 0.749728
   94 	 0.015087 	 0.517121 	 0.750012
   95 	 0.014500 	 0.518942 	 0.554486
   96 	 0.025356 	 0.541636 	 0.749094
   97 	 0.012546 	 0.511076 	 0.749424
   98 	 -0.284848 	 0.514963 	 0.743376
   99 	 -0.284847 	 0.520548 	 0.750522
  100 	 0.012984 	 0.518724 	 0.966173
  101 	 0.013916 	 0.529327 	 0.966173
  102 	 0.015724 	 0.540931 	 0.750276
  103 	 0.016417 	 0.530481 	 0.749752
  104 	 0.029351 	 0.532148 	 0.748737
  105 	 0.483183 	 0.542169 	 0.748349
  106 	 0.022318 	 0.521510 	 0.741174
  107 	 0.017173 	 0.520269 	 0.554618
  108 	 0.017998 	 0.538793 	 0.745058
  109 	 0.013956 	 0.516587 	 0.747925
  110 	 0.016416 	 0.507405 	 0.747464
  111 	 0.014500 	 0.534399 	 0.749729
  112 	 0.015720 	 0.525656 	 0.748349
  113 	 0.042858 	 0.528968 	 0.749424
  114 	 0.012984 	 0.531781 	 0.748739
  115 	 0.016417 	 0.507593 	 0.721863
  116 	 0.012546 	 0.522215 	 0.750276
  117 	 0.025356 	 0.544316 	 0.748349
  118 	 0.014500 	 0.538690 	 0.750522
  119 	 0.034841 	 0.525812 	 0.743376
  120 	 0.018003 	 0.532544 	 0.749424
  121 	 0.013453 	 0.536493 	 0.738171
  122 	 0.022318 	 0.521677 	 0.747461
  123 	 0.038436 	 0.527853 	 0.750012
  124 	 0.031861 	 0.532551 	 0.745058
  125 	 0.018918 	 0.529513 	 0.736217
  126 	 0.484281 	 0.541406 	 0.739798
  127 	 0.014499 	 0.516660 	 0.746951
  128 	 0.014500 	 0.524388 	 0.554281
  129 	 0.012984 	 0.540807 	 0.749424
  130 	 0.533578 	 0.543683 	 0.749424
  131 	 0.012546 	 0.507669 	 0.750276
  132 	 0.014500 	 0.511593 	 0.539538
  133 	 0.014510 	 0.525279 	 0.750522
  134 	 0.014500 	 0.535659 	 0.749424
  135 	 0.013956 	 0.538447 	 0.749418
  136 	 0.019930 	 0.521476 	 0.749424
  137 	 0.013453 	 0.521032 	 0.749729
  138 	 0.038436 	 0.535107 	 0.746386
  139 	 0.048430 	 0.539019 	 0.750012
  140 	 0.012546 	 0.520574 	 0.736217
  141 	 0.014500 	 0.520443 	 0.730840
  142 	 0.220147 	 0.537685 	 0.750522
  143 	 0.048430 	 0.529362 	 0.749424
  144 	 0.019930 	 0.532586 	 0.649348
  145 	 0.013453 	 0.523102 	 0.730840
  146 	 0.014500 	 0.521490 	 0.746386
  147 	 -0.280589 	 0.534432 	 0.750012
  148 	 0.012981 	 0.532162 	 0.749424
  149 	 0.015087 	 0.528909 	 0.962214
 