   0 	 0.001300 	 0.001869 	 0.004028
    1 	 0.001219 	 0.001980 	 0.004028
    2 	 0.001219 	 0.002111 	 0.004210
    3 	 0.001287 	 0.002305 	 0.004686
    4 	 0.001287 	 0.002690 	 0.004686
    5 	 0.001630 	 0.003248 	 0.005776
    6 	 0.002111 	 0.003777 	 0.008189
    7 	 0.002147 	 0.004168 	 0.008189
    8 	 0.002238 	 0.004719 	 0.014061
    9 	 0.002578 	 0.005896 	 0.015210
   10 	 0.002475 	 0.007256 	 0.018178
   11 	 0.003118 	 0.010252 	 0.106625
   12 	 0.003434 	 0.022682 	 0.249499
   13 	 0.003466 	 0.080632 	 0.249489
   14 	 0.006835 	 0.149584 	 0.249523
   15 	 0.014591 	 0.191448 	 0.249521
   16 	 0.012180 	 0.215698 	 0.249311
   17 	 0.056577 	 0.222693 	 0.248830
   18 	 0.021191 	 0.225573 	 0.248980
   19 	 0.013035 	 0.228858 	 0.246257
   20 	 0.027434 	 0.231600 	 0.248422
   21 	 0.014016 	 0.231027 	 0.248927
   22 	 0.014016 	 0.231675 	 0.248038
   23 	 0.016499 	 0.231740 	 0.248866
   24 	 0.066767 	 0.233976 	 0.248866
   25 	 0.235124 	 0.236085 	 0.248712
   26 	 0.235124 	 0.235955 	 0.245641
   27 	 0.013035 	 0.227587 	 0.235886
   28 	 0.013507 	 0.227810 	 0.235869
   29 	 0.013507 	 0.223042 	 0.248927
   30 	 0.019107 	 0.230777 	 0.248712
   31 	 0.013035 	 0.232669 	 0.248897
   32 	 0.144417 	 0.235001 	 0.248551
   33 	 0.014016 	 0.229488 	 0.248927
   34 	 0.012182 	 0.227083 	 0.241043
   35 	 0.012594 	 0.230716 	 0.248866
   36 	 0.014564 	 0.228127 	 0.248979
   37 	 0.015799 	 0.233397 	 0.248954
   38 	 0.235117 	 0.236299 	 0.248832
   39 	 -0.262260 	 0.217778 	 0.248755
   40 	 0.012182 	 0.226526 	 0.235886
   41 	 -0.262260 	 0.226894 	 0.267240
   42 	 0.022469 	 0.226349 	 0.248979
   43 	 0.020050 	 0.226328 	 0.267240
   44 	 0.014564 	 0.230914 	 0.248343
   45 	 0.234112 	 0.236403 	 0.248493
   46 	 0.012594 	 0.228210 	 0.248832
   47 	 0.012594 	 0.233024 	 0.235942
   48 	 0.012594 	 0.228207 	 0.248954
   49 	 0.012182 	 0.227640 	 0.248954
   50 	 0.012594 	 0.232361 	 0.248954
   51 	 0.012182 	 0.233532 	 0.248979
   52 	 0.012182 	 0.228816 	 0.248954
   53 	 0.017263 	 0.233251 	 0.248979
   54 	 -0.262260 	 0.219656 	 0.248979
   55 	 0.022469 	 0.230703 	 0.248665
   56 	 0.014564 	 0.226130 	 0.267240
   57 	 0.016499 	 0.233406 	 0.248343
   58 	 0.025551 	 0.231549 	 0.248832
   59 	 0.021191 	 0.227867 	 0.248712
   60 	 0.235126 	 0.236098 	 0.248153
   61 	 0.013050 	 0.227991 	 0.248422
   62 	 0.015156 	 0.217240 	 0.235886
   63 	 0.012182 	 0.231107 	 0.248926
   64 	 0.020050 	 0.231571 	 0.248795
   65 	 0.020050 	 0.227923 	 0.248979
   66 	 0.029614 	 0.233522 	 0.248493
   67 	 0.029614 	 0.231492 	 0.248493
   68 	 0.025551 	 0.233354 	 0.247904
   69 	 0.035212 	 0.233593 	 0.247904
   70 	 0.019026 	 0.227935 	 0.248153
   71 	 0.027424 	 0.227719 	 0.247560
   72 	 0.027433 	 0.231159 	 0.248556
   73 	 0.013035 	 0.230928 	 0.248038
   74 	 0.016499 	 0.229539 	 0.248038
   75 	 0.023911 	 0.230881 	 0.248927
   76 	 0.015156 	 0.230851 	 0.248712
   77 	 0.017263 	 0.224390 	 0.248254
   78 	 0.012182 	 0.223510 	 0.248795
   79 	 0.014016 	 0.230193 	 0.248665
   80 	 0.012215 	 0.229745 	 0.248979
   81 	 0.235135 	 0.236177 	 0.248866
   82 	 0.029614 	 0.231291 	 0.248977
   83 	 0.235124 	 0.235827 	 0.235885
   84 	 0.013507 	 0.233333 	 0.247904
   85 	 0.014564 	 0.224910 	 0.235886
   86 	 0.012182 	 0.226476 	 0.248897
   87 	 0.014564 	 0.226620 	 0.248832
   88 	 0.014013 	 0.225431 	 0.248979
   89 	 0.038888 	 0.233925 	 0.248832
   90 	 0.013035 	 0.228498 	 0.248866
   91 	 0.035212 	 0.228482 	 0.247335
   92 	 0.235124 	 0.236278 	 0.248927
   93 	 0.014016 	 0.233503 	 0.247560
   94 	 0.235120 	 0.235822 	 0.235886
   95 	 0.018102 	 0.228002 	 0.248866
   96 	 0.012182 	 0.224303 	 0.235886
   97 	 0.027433 	 0.230406 	 0.248613
   98 	 0.014564 	 0.233753 	 0.248979
   99 	 0.013507 	 0.225256 	 0.248038
  100 	 0.012594 	 0.233180 	 0.248832
  101 	 0.016499 	 0.232079 	 0.248897
  102 	 0.013507 	 0.222905 	 0.248954
  103 	 0.013507 	 0.228934 	 0.248712
  104 	 0.066767 	 0.234490 	 0.248897
  105 	 0.014564 	 0.228225 	 0.248897
  106 	 0.013507 	 0.230742 	 0.245641
  107 	 0.019026 	 0.233583 	 0.248832
  108 	 0.022469 	 0.230828 	 0.248897
  109 	 0.012594 	 0.228835 	 0.248556
  110 	 0.006825 	 0.225644 	 0.248343
  111 	 0.012594 	 0.222525 	 0.248954
  112 	 0.043421 	 0.234039 	 0.249312
  113 	 0.235119 	 0.236628 	 0.248954
  114 	 0.014564 	 0.233187 	 0.247058
  115 	 0.016499 	 0.230599 	 0.235886
  116 	 0.013035 	 0.228350 	 0.248832
  117 	 0.038888 	 0.231285 	 0.248712
  118 	 0.013507 	 0.225482 	 0.248927
  119 	 0.013507 	 0.231686 	 0.247335
  120 	 0.013507 	 0.227286 	 0.248897
  121 	 0.021191 	 0.233405 	 0.248897
  122 	 0.015799 	 0.230845 	 0.248897
  123 	 0.012182 	 0.225525 	 0.248422
  124 	 0.013506 	 0.233368 	 0.248755
  125 	 0.013035 	 0.231087 	 0.248979
  126 	 0.013507 	 0.233213 	 0.248897
  127 	 -0.262260 	 0.224877 	 0.247904
  128 	 0.013035 	 0.232073 	 0.248897
  129 	 -0.262260 	 0.228003 	 0.267240
  130 	 0.144417 	 0.233780 	 0.248927
  131 	 0.012594 	 0.228631 	 0.267240
  132 	 0.049149 	 0.230247 	 0.241043
  133 	 0.012182 	 0.228295 	 0.248954
  134 	 0.066767 	 0.234057 	 0.246709
  135 	 0.008765 	 0.227939 	 0.248979
  136 	 0.014561 	 0.228268 	 0.245641
  137 	 0.015799 	 0.226007 	 0.249191
  138 	 0.020050 	 0.226039 	 0.248832
  139 	 0.015156 	 0.223741 	 0.248755
  140 	 0.025543 	 0.229052 	 0.248493
  141 	 0.012594 	 0.226522 	 0.248153
  142 	 0.049151 	 0.232262 	 0.248154
  143 	 0.043421 	 0.229874 	 0.248954
  144 	 0.015799 	 0.226814 	 0.246709
  145 	 0.017263 	 0.228282 	 0.247058
  146 	 -0.262260 	 0.227387 	 0.248755
  147 	 0.013035 	 0.233504 	 0.248665
  148 	 0.049149 	 0.234037 	 0.267240
  149 	 0.015799 	 0.228028 	 0.248927
 