   0 	 0.001159 	 0.001841 	 0.003092
    1 	 0.001162 	 0.001907 	 0.003144
    2 	 0.001162 	 0.002066 	 0.003254
    3 	 0.001192 	 0.002231 	 0.003901
    4 	 0.001192 	 0.002317 	 0.003942
    5 	 0.001192 	 0.002435 	 0.005211
    6 	 0.001517 	 0.002696 	 0.005439
    7 	 0.001555 	 0.003060 	 0.005439
    8 	 0.001555 	 0.003281 	 0.006158
    9 	 0.001849 	 0.003441 	 0.006158
   10 	 0.001976 	 0.003692 	 0.007378
   11 	 0.002459 	 0.003850 	 0.007378
   12 	 0.002336 	 0.004148 	 0.007378
   13 	 0.002770 	 0.004568 	 0.007378
   14 	 0.002443 	 0.005196 	 0.012217
   15 	 0.003017 	 0.005777 	 0.015857
   16 	 0.003017 	 0.007140 	 0.015857
   17 	 0.003372 	 0.009441 	 0.032413
   18 	 0.005361 	 0.012660 	 0.067804
   19 	 0.005519 	 0.014477 	 0.067810
   20 	 0.005439 	 0.018630 	 0.067805
   21 	 0.005688 	 0.033837 	 0.067808
   22 	 0.008977 	 0.050119 	 0.067809
   23 	 0.009195 	 0.061271 	 0.067809
   24 	 0.019106 	 0.065672 	 0.067794
   25 	 0.013538 	 0.065135 	 0.067793
   26 	 0.019088 	 0.065147 	 0.067747
   27 	 0.022554 	 0.066451 	 0.067773
   28 	 0.015841 	 0.066285 	 0.067747
   29 	 0.057164 	 0.067401 	 0.067731
   30 	 0.018157 	 0.066368 	 0.067747
   31 	 0.010793 	 0.066112 	 0.067573
   32 	 0.067525 	 0.067531 	 0.067752
   33 	 0.032346 	 0.066963 	 0.067785
   34 	 0.032346 	 0.066957 	 0.067526
   35 	 0.035422 	 0.066384 	 0.067687
   36 	 0.014049 	 0.065759 	 0.067687
   37 	 -0.251173 	 0.062362 	 0.067672
   38 	 0.012207 	 0.065282 	 0.067771
   39 	 0.012207 	 0.065688 	 0.069011
   40 	 0.012207 	 0.065320 	 0.067779
   41 	 0.013538 	 0.066232 	 0.067779
   42 	 0.049559 	 0.067182 	 0.067779
   43 	 -0.251173 	 0.061213 	 0.067773
   44 	 0.011456 	 0.065747 	 0.067608
   45 	 0.011115 	 0.064909 	 0.069011
   46 	 0.012621 	 0.065301 	 0.067782
   47 	 0.012621 	 0.064133 	 0.067784
   48 	 0.011115 	 0.063407 	 0.067777
   49 	 0.013063 	 0.065176 	 0.067777
   50 	 0.013063 	 0.065582 	 0.067784
   51 	 0.017313 	 0.065914 	 0.067775
   52 	 0.019088 	 0.065958 	 0.067775
   53 	 0.013067 	 0.066401 	 0.067725
   54 	 0.022554 	 0.066297 	 0.067747
   55 	 0.011820 	 0.064600 	 0.067775
   56 	 0.011115 	 0.064807 	 0.067731
   57 	 0.011115 	 0.066159 	 0.067781
   58 	 0.020118 	 0.066591 	 0.067784
   59 	 0.013538 	 0.065885 	 0.067784
   60 	 0.013538 	 0.065883 	 0.067743
   61 	 -0.251173 	 0.063550 	 0.067773
   62 	 0.013538 	 0.066634 	 0.067773
   63 	 0.043740 	 0.066798 	 0.069011
   64 	 0.018157 	 0.065080 	 0.067773
   65 	 0.018157 	 0.065399 	 0.067634
   66 	 0.010796 	 0.065368 	 0.067752
   67 	 0.035422 	 0.066201 	 0.067752
   68 	 -0.251173 	 0.062118 	 0.067785
   69 	 0.049559 	 0.067083 	 0.067672
   70 	 0.024008 	 0.065737 	 0.069011
   71 	 0.021267 	 0.065134 	 0.067608
   72 	 0.012621 	 0.065103 	 0.067725
   73 	 0.017313 	 0.065865 	 0.067737
   74 	 -0.251173 	 0.061276 	 0.067777
   75 	 0.012207 	 0.066617 	 0.067756
   76 	 0.012207 	 0.065929 	 0.069011
   77 	 0.012207 	 0.065459 	 0.067779
   78 	 0.035422 	 0.067132 	 0.067779
   79 	 0.014055 	 0.066109 	 0.067779
   80 	 0.067525 	 0.067528 	 0.067672
   81 	 0.010793 	 0.066823 	 0.067770
   82 	 0.010793 	 0.066125 	 0.067526
   83 	 0.012207 	 0.065031 	 0.067785
   84 	 0.012207 	 0.063117 	 0.067785
   85 	 0.057164 	 0.067408 	 0.067779
   86 	 0.012621 	 0.066018 	 0.067779
   87 	 0.013538 	 0.066851 	 0.067573
   88 	 0.017313 	 0.066136 	 0.067777
   89 	 0.024008 	 0.066985 	 0.067773
   90 	 0.022554 	 0.066970 	 0.067756
   91 	 0.067525 	 0.067528 	 0.067725
   92 	 0.012207 	 0.065926 	 0.067731
   93 	 0.012207 	 0.064716 	 0.067526
   94 	 0.012207 	 0.065943 	 0.067779
   95 	 0.013063 	 0.064876 	 0.067779
   96 	 -0.251173 	 0.061634 	 0.067779
   97 	 0.011456 	 0.065542 	 0.067775
   98 	 -0.251173 	 0.060025 	 0.069011
   99 	 0.013538 	 0.064813 	 0.067708
  100 	 0.024008 	 0.066017 	 0.069011
  101 	 0.024008 	 0.065056 	 0.067773
  102 	 0.013538 	 0.064256 	 0.067725
  103 	 0.019088 	 0.064993 	 0.067725
  104 	 0.015195 	 0.064654 	 0.067773
  105 	 0.015204 	 0.065126 	 0.067747
  106 	 0.015195 	 0.064131 	 0.067765
  107 	 0.010793 	 0.065217 	 0.067765
  108 	 0.010793 	 0.064141 	 0.067756
  109 	 0.021267 	 0.064746 	 0.067785
  110 	 0.021267 	 0.064572 	 0.067785
  111 	 -0.251173 	 0.060841 	 0.067717
  112 	 0.011456 	 0.063779 	 0.067737
  113 	 0.011456 	 0.065744 	 0.069011
  114 	 0.011115 	 0.065460 	 0.067782
  115 	 0.025662 	 0.066301 	 0.067782
  116 	 0.016544 	 0.066898 	 0.067784
  117 	 0.014599 	 0.065850 	 0.067717
  118 	 0.010793 	 0.063091 	 0.067759
  119 	 0.010793 	 0.063957 	 0.067768
  120 	 0.010793 	 0.065024 	 0.067785
  121 	 0.014599 	 0.064627 	 0.067785
  122 	 0.013538 	 0.065191 	 0.067785
  123 	 0.010793 	 0.065544 	 0.067768
  124 	 0.014049 	 0.066290 	 0.067773
  125 	 0.016544 	 0.066333 	 0.067785
  126 	 0.012207 	 0.065208 	 0.067771
  127 	 0.011115 	 0.066826 	 0.067759
  128 	 0.011456 	 0.065803 	 0.067779
  129 	 0.067525 	 0.067529 	 0.067784
  130 	 0.011456 	 0.066125 	 0.067782
  131 	 0.021267 	 0.066688 	 0.067526
  132 	 -0.251173 	 0.062392 	 0.067782
  133 	 0.015195 	 0.065808 	 0.067737
  134 	 0.015195 	 0.066290 	 0.069011
  135 	 0.015195 	 0.065770 	 0.067765
  136 	 0.011115 	 0.065588 	 0.067765
  137 	 0.035422 	 0.066602 	 0.067765
  138 	 0.014599 	 0.065091 	 0.067784
  139 	 0.012621 	 0.066313 	 0.067672
  140 	 0.012621 	 0.064909 	 0.067768
  141 	 0.008184 	 0.066220 	 0.067777
  142 	 0.018157 	 0.065297 	 0.067777
  143 	 0.015841 	 0.065215 	 0.067797
  144 	 0.010793 	 0.065085 	 0.067752
  145 	 0.010793 	 0.065435 	 0.067762
  146 	 0.011456 	 0.064918 	 0.067781
  147 	 0.067525 	 0.067535 	 0.067785
  148 	 0.018157 	 0.065975 	 0.067782
  149 	 0.010793 	 0.065729 	 0.067526
 