   0 	 0.001204 	 0.001822 	 0.003282
    1 	 0.001278 	 0.001878 	 0.003372
    2 	 0.001342 	 0.002061 	 0.003531
    3 	 0.001342 	 0.002318 	 0.005961
    4 	 0.001300 	 0.002580 	 0.005961
    5 	 0.001309 	 0.002817 	 0.007527
    6 	 0.001543 	 0.002925 	 0.007682
    7 	 0.001543 	 0.003350 	 0.007527
    8 	 0.001813 	 0.003930 	 0.007527
    9 	 0.002041 	 0.004647 	 0.009200
   10 	 0.002336 	 0.005412 	 0.012217
   11 	 0.002526 	 0.006165 	 0.013550
   12 	 0.002475 	 0.006913 	 0.032414
   13 	 0.003371 	 0.010067 	 0.106656
   14 	 0.003371 	 0.021927 	 0.106662
   15 	 -0.736087 	 0.059573 	 0.752772
   16 	 0.011465 	 0.208248 	 0.754592
   17 	 0.020131 	 0.429072 	 0.754592
   18 	 -0.253662 	 0.575113 	 0.751132
   19 	 0.105491 	 0.559022 	 0.746274
   20 	 0.016373 	 0.518451 	 0.937913
   21 	 0.013965 	 0.510473 	 0.681642
   22 	 -0.293332 	 0.493987 	 0.748373
   23 	 0.018933 	 0.527099 	 0.749724
   24 	 0.018858 	 0.546624 	 0.974159
   25 	 0.025348 	 0.531225 	 0.746942
   26 	 0.009627 	 0.524875 	 0.746984
   27 	 0.013452 	 0.503278 	 0.743380
   28 	 0.031860 	 0.531028 	 0.752171
   29 	 0.017173 	 0.533870 	 0.750012
   30 	 -0.284822 	 0.518700 	 0.739799
   31 	 0.018844 	 0.529677 	 0.747925
   32 	 0.065446 	 0.536155 	 0.966149
   33 	 0.015043 	 0.509008 	 0.746992
   34 	 0.017173 	 0.514536 	 0.721863
   35 	 0.018003 	 0.530783 	 0.749119
   36 	 0.018003 	 0.529265 	 0.747925
   37 	 0.055681 	 0.525416 	 0.747461
   38 	 0.034841 	 0.531463 	 0.747461
   39 	 0.014500 	 0.524686 	 0.726987
   40 	 0.015724 	 0.528567 	 0.738171
   41 	 0.034908 	 0.537912 	 0.749424
   42 	 0.485902 	 0.542582 	 0.748737
   43 	 0.015087 	 0.519671 	 0.738135
   44 	 0.015087 	 0.524191 	 0.553783
   45 	 0.014500 	 0.530190 	 0.749094
   46 	 0.533720 	 0.543704 	 0.749094
   47 	 0.015087 	 0.529112 	 0.749424
   48 	 0.018003 	 0.530251 	 0.539497
   49 	 0.042858 	 0.536279 	 0.749094
   50 	 0.014500 	 0.528158 	 0.747461
   51 	 0.013453 	 0.494923 	 0.733828
   52 	 0.034841 	 0.536377 	 0.749424
   53 	 0.015087 	 0.523912 	 0.750012
   54 	 0.012546 	 0.532993 	 0.738171
   55 	 0.013956 	 0.522059 	 0.749094
   56 	 0.014500 	 0.512032 	 0.554595
   57 	 0.483336 	 0.545786 	 0.749729
   58 	 0.012629 	 0.520051 	 0.749424
   59 	 0.018918 	 0.523417 	 0.554571
   60 	 0.048430 	 0.540428 	 0.750476
   61 	 0.017186 	 0.525274 	 0.746951
   62 	 0.013453 	 0.519044 	 0.730840
   63 	 0.015673 	 0.525929 	 0.747918
   64 	 0.021056 	 0.539555 	 0.750012
   65 	 0.013956 	 0.525110 	 0.748765
   66 	 0.012950 	 0.527392 	 0.745759
   67 	 0.016417 	 0.524834 	 0.749729
   68 	 0.012546 	 0.520298 	 0.750295
   69 	 0.014496 	 0.537977 	 0.748349
   70 	 0.016417 	 0.535181 	 0.750522
   71 	 0.013453 	 0.520872 	 0.749425
   72 	 0.483003 	 0.540279 	 0.748349
   73 	 0.013453 	 0.532110 	 0.750012
   74 	 0.048430 	 0.531590 	 0.554674
   75 	 0.012546 	 0.522478 	 0.750012
   76 	 0.018003 	 0.534252 	 0.730840
   77 	 0.014500 	 0.538492 	 0.750522
   78 	 -0.284482 	 0.523273 	 0.747461
   79 	 0.023740 	 0.526542 	 0.749424
   80 	 0.034841 	 0.539426 	 0.965832
   81 	 0.027207 	 0.530338 	 0.744270
   82 	 0.034841 	 0.520569 	 0.738171
   83 	 -0.284847 	 0.507370 	 0.742354
   84 	 0.013453 	 0.519773 	 0.738171
   85 	 0.022318 	 0.541737 	 0.966173
   86 	 0.015087 	 0.536029 	 0.750012
   87 	 0.023740 	 0.532258 	 0.745058
   88 	 0.015087 	 0.521409 	 0.749094
   89 	 0.029394 	 0.534226 	 0.744270
   90 	 0.016417 	 0.507433 	 0.749094
   91 	 0.018003 	 0.506052 	 0.741151
   92 	 0.027207 	 0.533269 	 0.748349
   93 	 0.021056 	 0.533926 	 0.747461
   94 	 0.012984 	 0.519018 	 0.742354
   95 	 0.015062 	 0.528767 	 0.745759
   96 	 0.012546 	 0.514448 	 0.750276
   97 	 0.013956 	 0.523189 	 0.749108
   98 	 0.019884 	 0.518299 	 0.750522
   99 	 0.034841 	 0.527125 	 0.749729
  100 	 0.017173 	 0.522460 	 0.746412
  101 	 0.018005 	 0.530461 	 0.738171
  102 	 0.012984 	 0.520452 	 0.747925
  103 	 0.014500 	 0.535537 	 0.747460
  104 	 0.013453 	 0.517166 	 0.750276
  105 	 0.012514 	 0.509035 	 0.749424
  106 	 0.018918 	 0.541068 	 0.750012
  107 	 0.015087 	 0.524589 	 0.750541
  108 	 0.013967 	 0.519101 	 0.746951
  109 	 0.055666 	 0.533545 	 0.749094
  110 	 0.015087 	 0.520684 	 0.749723
  111 	 0.013453 	 0.528998 	 0.726995
  112 	 0.022318 	 0.539791 	 0.749094
  113 	 0.488555 	 0.542240 	 0.750012
  114 	 0.483336 	 0.538756 	 0.745058
  115 	 0.013956 	 0.505376 	 0.552971
  116 	 0.023740 	 0.519208 	 0.554571
  117 	 0.013453 	 0.531861 	 0.749729
  118 	 0.012984 	 0.527153 	 0.744270
  119 	 0.015087 	 0.517277 	 0.750012
  120 	 0.017173 	 0.531155 	 0.750276
  121 	 0.012984 	 0.540694 	 0.749094
  122 	 0.025356 	 0.535366 	 0.747925
  123 	 0.012546 	 0.525548 	 0.750276
  124 	 0.018918 	 0.514410 	 0.743376
  125 	 0.015724 	 0.530982 	 0.750522
  126 	 0.031845 	 0.529659 	 0.746951
  127 	 0.013956 	 0.511127 	 0.748737
  128 	 0.031861 	 0.530809 	 0.739807
  129 	 0.483420 	 0.549394 	 0.749729
  130 	 0.012951 	 0.510337 	 0.739798
  131 	 0.012984 	 0.511747 	 0.554545
  132 	 0.013453 	 0.523828 	 0.749729
  133 	 0.220147 	 0.544363 	 0.750276
  134 	 0.042832 	 0.527034 	 0.750012
  135 	 0.042828 	 0.525038 	 0.649348
  136 	 0.022567 	 0.518736 	 0.649375
  137 	 0.013453 	 0.536689 	 0.733844
  138 	 0.019886 	 0.505712 	 0.744920
  139 	 0.018003 	 0.520217 	 0.750012
  140 	 0.019930 	 0.532815 	 0.746411
  141 	 0.018003 	 0.539132 	 0.747461
  142 	 0.014500 	 0.523418 	 0.746386
  143 	 0.029351 	 0.526909 	 0.747461
  144 	 0.027207 	 0.538398 	 0.749424
  145 	 0.015087 	 0.536389 	 0.741174
  146 	 0.100897 	 0.533608 	 0.742354
  147 	 0.022318 	 0.522997 	 0.749094
  148 	 0.015087 	 0.520710 	 0.703851
  149 	 0.019930 	 0.531173 	 0.745058
 