   0 	 0.001155 	 0.001955 	 0.007378
    1 	 0.001212 	 0.002240 	 0.007378
    2 	 0.001362 	 0.002600 	 0.007378
    3 	 0.001425 	 0.003198 	 0.007378
    4 	 0.001447 	 0.004208 	 0.013074
    5 	 0.001976 	 0.005338 	 0.027609
    6 	 0.002443 	 0.008012 	 0.029820
    7 	 0.002855 	 0.012832 	 0.043863
    8 	 0.002749 	 0.021280 	 0.082910
    9 	 0.003782 	 0.029703 	 0.082905
   10 	 0.009198 	 0.038059 	 0.082915
   11 	 0.011826 	 0.051183 	 0.082865
   12 	 0.013546 	 0.061657 	 0.082865
   13 	 0.012211 	 0.065318 	 0.082841
   14 	 0.012212 	 0.068262 	 0.082748
   15 	 0.012207 	 0.068405 	 0.082854
   16 	 0.015191 	 0.072338 	 0.082854
   17 	 0.015837 	 0.075537 	 0.082854
   18 	 0.039121 	 0.077143 	 0.082669
   19 	 0.039121 	 0.076929 	 0.082638
   20 	 0.014596 	 0.075611 	 0.082638
   21 	 0.011455 	 0.077213 	 0.082669
   22 	 0.017313 	 0.078153 	 0.082837
   23 	 0.019088 	 0.077012 	 0.082859
   24 	 0.016540 	 0.078378 	 0.082819
   25 	 0.011818 	 0.077263 	 0.082806
   26 	 0.011113 	 0.079942 	 0.082824
   27 	 0.011455 	 0.078701 	 0.082856
   28 	 0.012619 	 0.078203 	 0.082861
   29 	 0.012205 	 0.080274 	 0.082859
   30 	 0.013535 	 0.078879 	 0.082844
   31 	 0.014596 	 0.078252 	 0.082854
   32 	 0.049523 	 0.080681 	 0.082818
   33 	 0.011455 	 0.076249 	 0.082837
   34 	 0.022547 	 0.078911 	 0.082598
   35 	 0.022547 	 0.080064 	 0.082859
   36 	 0.011113 	 0.077706 	 0.082783
   37 	 0.029749 	 0.081733 	 0.082783
   38 	 0.027549 	 0.081721 	 0.082861
   39 	 -0.252113 	 0.078198 	 0.082733
   40 	 -0.252113 	 0.075992 	 0.082375
   41 	 0.018152 	 0.081601 	 0.084709
   42 	 0.013535 	 0.080036 	 0.084709
   43 	 0.022546 	 0.081149 	 0.082813
   44 	 -0.252113 	 0.075207 	 0.082844
   45 	 0.019082 	 0.080844 	 0.082783
   46 	 -0.252112 	 0.077352 	 0.084709
   47 	 -0.248367 	 0.078246 	 0.082806
   48 	 0.082359 	 0.082410 	 0.084709
   49 	 0.013061 	 0.079472 	 0.084682
   50 	 0.012619 	 0.078446 	 0.082375
   51 	 0.017309 	 0.080357 	 0.082848
   52 	 0.012205 	 0.080239 	 0.082851
   53 	 0.015191 	 0.080490 	 0.082819
   54 	 0.011113 	 0.080562 	 0.082854
   55 	 0.015191 	 0.081548 	 0.082833
   56 	 0.015837 	 0.081555 	 0.082861
   57 	 0.013061 	 0.079934 	 0.082833
   58 	 0.012205 	 0.075704 	 0.082829
   59 	 -0.252113 	 0.076531 	 0.082848
   60 	 0.011113 	 0.079418 	 0.082854
   61 	 0.014046 	 0.079502 	 0.084709
   62 	 0.013061 	 0.079973 	 0.082861
   63 	 0.013061 	 0.079441 	 0.082841
   64 	 0.011455 	 0.080481 	 0.082848
   65 	 0.011455 	 0.079457 	 0.082848
   66 	 0.011113 	 0.079733 	 0.082859
   67 	 0.019082 	 0.081603 	 0.082859
   68 	 0.013061 	 0.080666 	 0.082861
   69 	 0.011818 	 0.081498 	 0.082806
   70 	 -0.252113 	 0.077204 	 0.082848
   71 	 0.018152 	 0.079720 	 0.082856
   72 	 0.011113 	 0.077662 	 0.084709
   73 	 0.011113 	 0.081502 	 0.082813
   74 	 0.022547 	 0.081659 	 0.082861
   75 	 0.012216 	 0.079765 	 0.082375
   76 	 0.012205 	 0.079802 	 0.082783
   77 	 0.011818 	 0.079784 	 0.082854
   78 	 0.020112 	 0.081614 	 0.082854
   79 	 -0.252113 	 0.077671 	 0.082856
   80 	 0.017309 	 0.080025 	 0.082799
   81 	 0.049523 	 0.082813 	 0.147690
   82 	 0.020112 	 0.082835 	 0.147690
   83 	 0.011818 	 0.078838 	 0.147690
   84 	 -0.252113 	 0.083617 	 0.147690
   85 	 -0.252113 	 0.083323 	 0.149183
   86 	 -0.256334 	 0.080298 	 0.155365
   87 	 -0.252144 	 0.090235 	 0.149104
   88 	 -0.252113 	 0.089510 	 0.149104
   89 	 0.009420 	 0.113500 	 0.155366
   90 	 -0.252263 	 0.119232 	 0.155365
   91 	 0.012205 	 0.129277 	 0.149156
   92 	 0.049618 	 0.135174 	 0.155369
   93 	 -0.256334 	 0.133349 	 0.149237
   94 	 -0.256243 	 0.135631 	 0.148408
   95 	 0.014583 	 0.139077 	 0.155467
   96 	 0.011446 	 0.130892 	 0.155465
   97 	 -0.256243 	 0.132548 	 0.149184
   98 	 0.014583 	 0.140313 	 0.149253
   99 	 0.012608 	 0.140813 	 0.149123
  100 	 0.011809 	 0.140703 	 0.149184
  101 	 0.011809 	 0.137079 	 0.149228
  102 	 0.012608 	 0.141544 	 0.149245
  103 	 0.016523 	 0.141873 	 0.149245
  104 	 0.012608 	 0.137056 	 0.149228
  105 	 0.027501 	 0.143533 	 0.149140
  106 	 0.012196 	 0.142031 	 0.149228
  107 	 0.027501 	 0.142246 	 0.148897
  108 	 0.049367 	 0.145190 	 0.149237
  109 	 0.023963 	 0.143878 	 0.148897
  110 	 0.012196 	 0.143109 	 0.148413
  111 	 0.018131 	 0.143955 	 0.148975
  112 	 0.020087 	 0.143996 	 0.149237
  113 	 0.020087 	 0.144782 	 0.149105
  114 	 0.012196 	 0.140862 	 0.149061
  115 	 0.012196 	 0.143676 	 0.149061
  116 	 0.146250 	 0.146427 	 0.149237
  117 	 0.015177 	 0.141808 	 0.149237
  118 	 0.021231 	 0.141846 	 0.146310
  119 	 0.017290 	 0.143510 	 0.149170
  120 	 -0.256243 	 0.139693 	 0.149036
  121 	 0.013524 	 0.137042 	 0.149123
  122 	 -0.256243 	 0.139058 	 0.155465
  123 	 0.035324 	 0.142922 	 0.149207
  124 	 0.039024 	 0.143918 	 0.155465
  125 	 0.039024 	 0.143700 	 0.148723
  126 	 0.019059 	 0.143192 	 0.148642
  127 	 0.020087 	 0.143362 	 0.148642
  128 	 0.023963 	 0.141833 	 0.149084
  129 	 0.021231 	 0.143820 	 0.149061
  130 	 0.027501 	 0.144921 	 0.148975
  131 	 0.039024 	 0.144217 	 0.149036
  132 	 0.025610 	 0.142684 	 0.148897
  133 	 0.012196 	 0.143873 	 0.148642
  134 	 0.081943 	 0.145583 	 0.148939
  135 	 0.012196 	 0.136136 	 0.149237
  136 	 0.012608 	 0.141596 	 0.147699
  137 	 -0.247953 	 0.141566 	 0.149237
  138 	 0.013524 	 0.143243 	 0.149228
  139 	 -0.256243 	 0.132091 	 0.155265
  140 	 0.015177 	 0.143395 	 0.149207
  141 	 0.017290 	 0.145015 	 0.155465
  142 	 -0.256243 	 0.136634 	 0.149170
  143 	 0.012608 	 0.143208 	 0.149123
  144 	 0.011809 	 0.143853 	 0.155465
  145 	 0.012608 	 0.143279 	 0.149228
  146 	 0.013050 	 0.144181 	 0.149245
  147 	 0.013524 	 0.139321 	 0.149228
  148 	 0.012196 	 0.141581 	 0.149218
  149 	 0.035490 	 0.145039 	 0.149196
 