   0 	 0.017103 	 0.086674 	 1.627604
    1 	 0.017919 	 0.334874 	 4.882807
    2 	 0.026451 	 0.878057 	 4.285322
    3 	 0.034075 	 1.591146 	 4.489967
    4 	 0.071309 	 1.388974 	 4.324306
    5 	 0.213003 	 0.925658 	 4.186279
    6 	 0.220794 	 0.919114 	 3.621755
    7 	 0.036931 	 1.209746 	 2.393471
    8 	 0.261332 	 1.119524 	 2.349655
    9 	 0.092679 	 0.884972 	 4.136830
   10 	 0.391473 	 0.864059 	 2.145316
   11 	 0.042456 	 1.073128 	 3.361580
   12 	 0.416448 	 1.013617 	 1.677084
   13 	 0.041197 	 0.884959 	 4.044393
   14 	 0.530860 	 0.875350 	 1.609663
   15 	 0.136151 	 1.060924 	 4.065083
   16 	 0.128093 	 0.961098 	 1.359322
   17 	 0.036359 	 0.884571 	 2.932973
   18 	 0.639730 	 0.905856 	 3.003969
   19 	 0.041713 	 1.034061 	 4.146632
   20 	 0.311646 	 0.930828 	 1.184090
   21 	 0.229809 	 0.940022 	 4.056574
   22 	 0.522081 	 0.882608 	 1.936310
   23 	 0.105086 	 0.926414 	 2.300916
   24 	 0.036633 	 0.912930 	 1.375740
   25 	 0.036576 	 0.954634 	 3.226988
   26 	 0.632695 	 0.939171 	 4.141939
   27 	 0.102696 	 0.957199 	 4.142905
   28 	 0.041213 	 0.901921 	 1.194037
   29 	 0.230006 	 0.944477 	 3.252069
   30 	 0.041532 	 0.944192 	 4.064830
   31 	 0.108319 	 0.913877 	 2.299873
   32 	 0.041634 	 0.915492 	 4.059557
   33 	 0.399254 	 0.943370 	 3.193669
   34 	 0.041465 	 0.970780 	 4.057872
   35 	 0.294250 	 0.909742 	 1.655481
   36 	 0.234595 	 0.939105 	 4.060664
   37 	 0.331433 	 0.912005 	 2.003806
   38 	 0.234441 	 0.929554 	 2.275857
   39 	 0.452774 	 0.918657 	 1.864859
   40 	 0.403119 	 0.925990 	 2.276653
   41 	 0.483171 	 0.904497 	 1.520740
   42 	 0.035517 	 0.907271 	 1.644956
   43 	 0.579529 	 0.909906 	 1.453548
   44 	 0.540612 	 0.947455 	 4.161175
   45 	 0.041276 	 0.882893 	 1.274976
   46 	 0.229044 	 0.887758 	 1.341540
   47 	 0.363674 	 0.942373 	 4.063778
   48 	 0.364741 	 0.921537 	 2.304975
   49 	 0.234270 	 0.886753 	 1.759095
   50 	 0.280389 	 0.894493 	 1.755799
   51 	 0.509192 	 0.933580 	 2.277540
   52 	 0.510048 	 0.929442 	 2.061053
   53 	 0.402846 	 0.896328 	 1.400575
   54 	 0.130468 	 0.876329 	 1.398898
   55 	 0.622907 	 0.924646 	 1.645695
   56 	 0.623559 	 0.965716 	 2.982686
   57 	 0.540396 	 0.896471 	 1.208156
   58 	 0.104247 	 0.872800 	 1.207206
   59 	 0.707736 	 0.915285 	 1.341929
   60 	 0.708212 	 0.964621 	 3.235753
   61 	 0.646526 	 0.897606 	 1.095847
   62 	 0.290651 	 0.880152 	 1.095275
   63 	 0.129816 	 0.901029 	 1.174638
   64 	 0.280589 	 0.928228 	 2.018362
   65 	 0.130483 	 0.907143 	 2.988499
   66 	 0.280311 	 0.886348 	 2.060200
   67 	 0.280538 	 0.933036 	 2.982551
   68 	 0.441501 	 0.941886 	 2.061382
   69 	 0.036598 	 0.892161 	 2.060420
   70 	 0.437694 	 0.872045 	 0.983466
   71 	 0.041427 	 0.945002 	 3.201810
   72 	 0.041320 	 0.928748 	 1.556434
   73 	 0.107491 	 0.938782 	 4.061293
   74 	 0.106756 	 0.902059 	 4.063052
   75 	 0.107515 	 0.906114 	 3.202141
   76 	 0.234310 	 0.948178 	 3.209693
   77 	 0.130540 	 0.986003 	 3.201893
   78 	 0.292869 	 0.907464 	 2.277333
   79 	 0.293540 	 0.920773 	 2.982044
   80 	 0.283220 	 0.919429 	 2.009366
   81 	 0.280472 	 0.932909 	 2.006662
   82 	 0.381132 	 0.920442 	 2.049095
   83 	 0.039887 	 0.912490 	 2.060700
   84 	 0.443676 	 0.904435 	 1.706683
   85 	 0.441404 	 0.949135 	 4.086848
   86 	 0.130532 	 0.894187 	 1.542076
   87 	 0.233011 	 0.893993 	 1.547499
   88 	 0.463720 	 0.940386 	 2.982115
   89 	 0.041610 	 0.924211 	 2.284091
   90 	 0.107200 	 0.875297 	 1.495842
   91 	 0.401785 	 0.926364 	 4.058281
   92 	 0.368289 	 0.966313 	 3.205127
   93 	 0.234572 	 0.904553 	 1.648572
   94 	 0.107530 	 0.893544 	 1.744930
   95 	 0.539557 	 0.930463 	 2.275974
   96 	 0.280480 	 0.945395 	 3.201740
   97 	 0.041862 	 0.870202 	 1.343441
   98 	 0.036648 	 0.906150 	 2.060663
   99 	 0.107501 	 0.987449 	 4.054132
  100 	 0.441411 	 0.961363 	 4.141677
  101 	 0.234801 	 0.905781 	 3.202041
  102 	 0.230071 	 0.891372 	 1.547482
  103 	 0.293527 	 0.940420 	 2.274791
  104 	 0.107531 	 0.917684 	 2.299529
  105 	 0.107531 	 0.887213 	 2.006714
  106 	 0.280263 	 0.943706 	 3.201726
  107 	 0.041591 	 0.941573 	 3.201727
  108 	 0.293554 	 0.920803 	 2.061588
  109 	 0.293554 	 0.928369 	 4.058586
  110 	 0.441231 	 0.917426 	 2.006604
  111 	 0.107053 	 0.903227 	 2.006605
  112 	 0.262704 	 0.904541 	 1.547913
  113 	 0.167025 	 0.942369 	 3.206639
  114 	 0.128035 	 0.913893 	 2.139017
  115 	 0.293131 	 0.922395 	 2.689434
  116 	 0.036601 	 0.913167 	 3.004489
  117 	 0.280490 	 0.900945 	 2.008308
  118 	 0.280489 	 0.948153 	 4.142489
  119 	 0.099583 	 0.912877 	 2.060622
  120 	 0.091424 	 0.909666 	 2.060627
  121 	 0.113012 	 0.972971 	 3.285329
  122 	 0.107535 	 0.941053 	 3.375820
  123 	 0.107385 	 0.920548 	 3.146517
  124 	 0.279281 	 0.925796 	 3.201692
  125 	 0.041589 	 0.939540 	 3.203230
  126 	 0.293557 	 0.915736 	 2.065768
  127 	 0.107502 	 0.949005 	 4.058619
  128 	 0.107558 	 0.903161 	 2.006592
  129 	 0.234554 	 0.938135 	 3.202025
  130 	 0.041530 	 0.902980 	 3.201449
  131 	 0.293528 	 0.897260 	 2.276070
  132 	 0.293578 	 0.948528 	 4.059596
  133 	 0.130527 	 0.929745 	 2.006708
  134 	 0.234500 	 0.906976 	 2.006508
  135 	 0.452180 	 0.941179 	 2.982158
  136 	 0.036601 	 0.929194 	 2.276349
  137 	 0.313779 	 0.907091 	 1.522116
  138 	 0.040746 	 0.918399 	 4.142490
  139 	 0.107667 	 0.920336 	 1.928346
  140 	 0.107531 	 0.963431 	 4.072558
  141 	 0.036598 	 0.898979 	 3.200335
  142 	 0.233789 	 0.923287 	 3.201727
  143 	 0.293674 	 1.013165 	 4.142525
  144 	 0.293554 	 0.918867 	 2.280037
  145 	 0.230026 	 0.884106 	 2.006121
  146 	 0.041588 	 0.909871 	 2.006605
  147 	 0.127314 	 0.946636 	 2.299767
  148 	 0.452201 	 0.959252 	 4.058631
  149 	 0.107531 	 0.913609 	 3.011010
  150 	 0.107522 	 0.895645 	 1.522067
  151 	 0.310964 	 0.955867 	 3.201733
  152 	 0.579083 	 0.953292 	 3.201819
  153 	 0.041588 	 0.894676 	 1.938872
  154 	 0.036950 	 0.872923 	 1.275700
  155 	 0.108728 	 0.943217 	 4.058631
  156 	 0.675448 	 1.026218 	 4.136501
  157 	 0.240325 	 0.954623 	 3.189501
  158 	 0.230346 	 0.875961 	 1.136044
  159 	 0.294611 	 0.925110 	 2.917790
  160 	 0.758415 	 0.966354 	 2.298080
  161 	 0.320247 	 0.929425 	 2.002356
  162 	 0.399540 	 0.884035 	 1.038189
  163 	 0.475114 	 0.925464 	 1.904591
  164 	 0.804512 	 0.949358 	 1.654698
  165 	 0.452122 	 0.920608 	 1.470773
  166 	 0.537780 	 0.903772 	 1.098796
  167 	 0.108344 	 0.928630 	 1.522250
  168 	 0.108060 	 0.928640 	 1.489059
  169 	 0.131251 	 0.965678 	 4.745093
  170 	 0.628354 	 1.003681 	 4.750133
  171 	 0.206292 	 0.991244 	 4.279891
  172 	 0.201819 	 0.935989 	 1.368449
  173 	 0.106787 	 0.940843 	 3.239472
  174 	 0.364287 	 0.974593 	 3.287104
  175 	 0.290337 	 1.001672 	 3.209371
  176 	 0.295028 	 0.939359 	 2.142761
  177 	 0.109300 	 0.930167 	 2.546232
  178 	 0.133134 	 0.957925 	 2.000686
  179 	 0.036822 	 0.987065 	 4.723669
  180 	 0.475492 	 0.982355 	 4.245664
  181 	 0.207208 	 1.130022 	 7.182748
  182 	 0.036795 	 0.929064 	 1.730427
  183 	 0.137266 	 0.951629 	 2.427136
  184 	 0.129715 	 1.016151 	 4.257960
  185 	 0.395329 	 1.019474 	 4.172479
  186 	 0.229339 	 0.965701 	 2.989398
  187 	 0.233925 	 0.949075 	 2.009124
  188 	 0.108143 	 0.980171 	 3.014418
  189 	 0.109258 	 0.978409 	 2.973316
  190 	 0.320840 	 0.999406 	 3.195466
  191 	 0.325128 	 1.008341 	 4.724597
  192 	 0.036631 	 0.935023 	 2.362725
  193 	 0.119361 	 0.960489 	 2.339030
  194 	 0.405659 	 1.104917 	 7.192635
  195 	 0.107683 	 1.004746 	 4.509362
  196 	 0.091326 	 0.919368 	 1.968275
  197 	 0.109065 	 0.977324 	 4.760027
  198 	 0.482934 	 1.063073 	 5.161919
  199 	 0.205659 	 1.053214 	 4.728913
  200 	 0.035459 	 0.907025 	 1.708425
  201 	 0.206983 	 0.978872 	 2.609698
  202 	 0.552234 	 1.035208 	 4.162178
  203 	 0.036673 	 0.995457 	 3.232238
  204 	 0.131169 	 0.896172 	 1.527570
  205 	 0.299883 	 1.047126 	 7.190475
  206 	 0.106292 	 1.049141 	 4.281396
  207 	 0.137120 	 0.974802 	 2.485814
  208 	 0.108158 	 0.945394 	 4.791740
  209 	 0.386367 	 1.011141 	 4.175012
  210 	 0.204326 	 1.094172 	 4.749282
  211 	 0.233786 	 0.959085 	 1.965653
  212 	 0.206114 	 0.931407 	 3.260238
  213 	 0.483547 	 0.980042 	 2.974541
  214 	 0.297386 	 1.039489 	 3.241342
  215 	 0.131486 	 0.951838 	 1.706640
  216 	 0.130510 	 0.926512 	 2.501340
  217 	 0.552779 	 1.016873 	 4.275589
  218 	 0.108775 	 1.030961 	 4.293500
  219 	 0.228415 	 0.934434 	 1.387996
  220 	 0.131743 	 0.998577 	 4.735406
  221 	 0.131926 	 0.955277 	 1.991003
  222 	 0.206705 	 1.057403 	 4.270897
  223 	 0.477691 	 1.031173 	 4.267549
  224 	 0.228660 	 0.963880 	 3.235143
  225 	 0.107947 	 0.944745 	 1.723867
  226 	 0.042205 	 1.012178 	 3.020596
  227 	 0.547565 	 1.043453 	 4.754044
  228 	 0.320205 	 1.018478 	 6.915403
  229 	 0.034098 	 0.928508 	 1.538544
  230 	 0.132049 	 0.986889 	 2.366273
  231 	 0.609405 	 1.091683 	 7.326100
  232 	 0.286189 	 1.025996 	 4.265323
  233 	 0.134617 	 0.930940 	 1.404879
  234 	 0.228952 	 0.990674 	 2.573410
  235 	 0.127097 	 1.022217 	 4.219110
  236 	 0.131724 	 1.005806 	 3.017935
  237 	 0.131151 	 0.924013 	 3.012983
  238 	 0.131150 	 0.981645 	 4.271247
  239 	 0.107903 	 1.045056 	 4.281722
  240 	 0.228642 	 1.018820 	 4.281737
  241 	 0.110088 	 0.969279 	 4.755051
  242 	 0.145251 	 0.950815 	 2.198956
  243 	 0.108087 	 1.036943 	 3.025756
  244 	 0.434526 	 1.042626 	 4.037941
  245 	 0.319677 	 0.995344 	 4.750880
  246 	 0.241526 	 0.947168 	 1.862453
  247 	 0.206046 	 1.016631 	 2.369234
  248 	 0.508944 	 1.017249 	 2.907602
  249 	 0.404591 	 0.969071 	 3.242055
  250 	 0.332226 	 0.944489 	 1.635740
  251 	 0.036636 	 0.967626 	 1.972423
  252 	 0.135687 	 0.966779 	 2.300830
  253 	 0.036671 	 1.044825 	 7.192358
  254 	 0.292083 	 1.000611 	 4.200138
  255 	 0.108225 	 1.060656 	 7.190562
  256 	 0.041613 	 0.963497 	 2.534964
  257 	 0.041677 	 1.041177 	 4.747764
  258 	 0.379167 	 1.060439 	 6.943798
  259 	 0.114419 	 1.058150 	 6.940720
  260 	 0.141920 	 0.949958 	 2.076556
  261 	 0.141983 	 1.048977 	 4.612137
  262 	 0.342334 	 0.981510 	 2.346745
  263 	 0.042012 	 0.968328 	 4.091944
  264 	 0.132953 	 0.951193 	 2.248536
  265 	 0.238416 	 1.131217 	 6.924648
  266 	 0.425362 	 1.021646 	 4.248936
  267 	 0.142307 	 0.931771 	 2.934131
  268 	 0.229814 	 0.947071 	 1.804319
  269 	 0.329323 	 1.073780 	 4.086514
  270 	 0.524461 	 1.005885 	 3.010103
  271 	 0.238725 	 0.926007 	 2.316299
  272 	 0.287218 	 0.939163 	 1.595249
  273 	 0.275998 	 1.023852 	 2.931473
  274 	 0.347067 	 0.980705 	 2.566617
  275 	 0.121887 	 0.958612 	 2.642720
  276 	 0.127837 	 0.944631 	 2.224855
  277 	 0.364283 	 1.043263 	 4.458562
  278 	 0.036404 	 1.004538 	 4.343350
  279 	 0.219252 	 0.949513 	 2.142783
  280 	 0.108210 	 1.012896 	 7.204415
  281 	 0.445398 	 1.014092 	 3.108949
  282 	 0.036802 	 1.002724 	 4.748120
  283 	 0.036847 	 0.924516 	 1.825490
  284 	 0.206163 	 1.036277 	 7.183818
  285 	 0.309662 	 1.067570 	 7.181471
  286 	 0.137245 	 0.991025 	 3.240823
  287 	 0.137290 	 0.944815 	 2.426820
  288 	 0.299113 	 0.993014 	 4.172830
  289 	 0.133631 	 1.008499 	 4.172060
  290 	 0.233906 	 0.963810 	 2.490582
  291 	 0.233948 	 0.982826 	 4.236732
  292 	 0.385656 	 0.987362 	 2.973485
  293 	 0.131474 	 0.973427 	 2.973113
  294 	 0.325110 	 0.958297 	 2.048943
  295 	 0.036408 	 0.981349 	 3.004258
  296 	 0.443706 	 0.970754 	 2.339128
  297 	 0.108114 	 1.018351 	 7.204180
  298 	 0.108379 	 0.941618 	 1.831145
  299 	 0.039403 	 1.045563 	 4.750265
  300 	 0.517185 	 1.011754 	 4.744300
  301 	 0.036550 	 1.019926 	 7.052042
  302 	 0.036674 	 0.927613 	 1.613984
  303 	 0.139773 	 1.045727 	 7.196819
  304 	 0.582620 	 1.057244 	 7.190389
  305 	 0.137001 	 0.987193 	 4.129272
  306 	 0.036516 	 0.925695 	 1.459811
  307 	 0.236313 	 1.005910 	 4.177091
  308 	 0.640118 	 1.085145 	 7.198586
  309 	 0.128555 	 0.964743 	 2.952349
  310 	 0.136968 	 0.929685 	 1.346768
  311 	 0.327359 	 1.027702 	 4.329854
  312 	 0.621211 	 1.035970 	 4.177669
  313 	 0.108524 	 0.948497 	 2.326885
  314 	 0.233641 	 0.928231 	 1.381957
  315 	 0.036485 	 1.025337 	 4.741050
  316 	 0.130150 	 0.991607 	 2.975826
  317 	 0.034054 	 1.045473 	 7.200198
  318 	 0.036776 	 0.981483 	 4.300143
  319 	 0.136938 	 1.094027 	 7.328488
  320 	 0.041445 	 1.048560 	 7.185164
  321 	 0.041877 	 0.966211 	 4.178197
  322 	 0.137220 	 1.043568 	 6.951917
  323 	 0.233612 	 1.134335 	 6.931112
  324 	 0.141757 	 1.014170 	 4.173271
  325 	 0.036472 	 0.930354 	 2.976081
  326 	 0.233881 	 0.994959 	 4.095721
  327 	 0.324836 	 1.179255 	 7.200892
  328 	 0.036745 	 0.979652 	 2.973699
  329 	 0.036676 	 0.912652 	 2.340629
  330 	 0.325087 	 1.051981 	 7.186718
  331 	 0.409328 	 1.177446 	 7.190325
  332 	 0.036669 	 0.934734 	 2.339252
  333 	 0.137123 	 0.921226 	 1.954163
  334 	 0.131573 	 1.187360 	 7.190672
  335 	 0.486248 	 1.085599 	 4.174963
  336 	 0.137116 	 0.965356 	 4.273990
  337 	 0.233789 	 0.907916 	 1.698807
  338 	 0.228499 	 1.085401 	 4.175077
  339 	 0.555183 	 1.078362 	 2.974517
  340 	 0.107528 	 0.942922 	 3.022071
  341 	 0.103837 	 0.891001 	 1.520720
  342 	 0.041492 	 1.127093 	 4.763535
  343 	 0.616097 	 1.130030 	 4.848798
  344 	 0.205510 	 1.007880 	 6.949637
  345 	 0.035320 	 0.884656 	 1.391793
  346 	 0.141803 	 1.060303 	 3.247698
  347 	 0.284506 	 1.144309 	 7.261100
  348 	 0.298499 	 0.960517 	 4.094952
  349 	 0.135805 	 0.903514 	 2.584604
  350 	 0.103243 	 1.026762 	 2.494395
  351 	 0.372162 	 1.092907 	 4.198063
  352 	 0.378723 	 0.985498 	 4.862791
  353 	 0.042233 	 0.895468 	 2.107207
  354 	 0.201402 	 1.022933 	 2.078469
  355 	 0.452569 	 1.126620 	 6.914040
  356 	 0.458533 	 0.963484 	 3.291615
  357 	 0.041425 	 0.895961 	 1.801902
  358 	 0.108119 	 0.984446 	 1.782744
  359 	 0.525127 	 1.174122 	 6.952882
  360 	 0.108583 	 1.009506 	 4.750166
  361 	 0.141738 	 0.900597 	 1.593557
  362 	 0.206077 	 1.016893 	 4.739710
  363 	 0.036003 	 1.082110 	 4.096046
  364 	 0.206522 	 0.957422 	 3.241737
  365 	 0.238183 	 0.968579 	 7.225289
  366 	 0.036676 	 0.999329 	 3.237067
  367 	 0.036574 	 1.020872 	 2.936138
  368 	 0.036591 	 1.065628 	 7.190282
  369 	 0.329106 	 1.103077 	 7.195576
  370 	 0.137124 	 1.034569 	 2.575065
  371 	 0.137024 	 0.967925 	 2.317466
  372 	 0.041566 	 0.984027 	 4.174949
  373 	 0.413246 	 1.040344 	 4.176684
  374 	 0.233790 	 1.090093 	 6.946065
  375 	 0.036878 	 0.946438 	 1.939315
  376 	 0.141875 	 0.957017 	 2.974511
  377 	 0.041547 	 1.088559 	 7.179899
  378 	 0.129093 	 1.046410 	 4.093747
  379 	 0.041684 	 1.003228 	 6.946991
  380 	 0.036674 	 0.966099 	 4.319776
  381 	 0.141856 	 1.101172 	 6.940389
  382 	 0.226133 	 1.078915 	 7.190391
  383 	 0.036984 	 0.941594 	 4.094060
  384 	 0.041968 	 0.913421 	 1.953582
  385 	 0.238296 	 1.175849 	 7.174417
  386 	 0.036860 	 1.102590 	 6.926745
  387 	 0.137423 	 0.953454 	 2.935166
  388 	 0.142265 	 1.038676 	 7.180793
  389 	 0.329211 	 1.084874 	 4.169745
  390 	 0.137302 	 1.035508 	 4.087223
  391 	 0.234074 	 0.943403 	 2.316901
  392 	 0.131620 	 0.980602 	 4.171838
  393 	 0.380234 	 1.031884 	 2.971993
  394 	 0.036530 	 1.012540 	 4.273145
  395 	 0.037411 	 0.926860 	 2.071961
  396 	 0.228543 	 1.059614 	 7.197865
  397 	 0.107661 	 1.073980 	 7.152510
  398 	 0.136981 	 0.979567 	 3.021668
  399 	 0.137838 	 0.970634 	 4.760519
  400 	 0.230097 	 0.991843 	 4.177433
  401 	 0.205638 	 1.012677 	 4.162542
  402 	 0.233654 	 0.960599 	 2.366889
  403 	 0.234470 	 1.008129 	 3.246354
  404 	 0.404975 	 1.051675 	 2.975712
  405 	 0.298619 	 0.991842 	 2.968505
  406 	 0.131253 	 0.939945 	 1.970929
  407 	 0.280476 	 0.974512 	 2.493650
  408 	 0.284811 	 1.043064 	 4.279858
  409 	 0.281051 	 0.980157 	 2.611811
  410 	 0.036678 	 0.919725 	 2.582570
  411 	 0.368431 	 0.981068 	 2.607892
  412 	 0.037287 	 1.109827 	 7.190226
  413 	 0.368964 	 0.980320 	 2.123903
  414 	 0.137125 	 1.008546 	 7.158873
  415 	 0.108289 	 0.955681 	 2.121503
  416 	 0.035912 	 1.047622 	 4.174931
  417 	 0.449660 	 1.039110 	 4.746334
  418 	 0.233791 	 1.029537 	 7.230012
  419 	 0.206239 	 0.943545 	 1.811397
  420 	 0.136381 	 1.046096 	 2.974502
  421 	 0.036894 	 0.990787 	 3.240026
  422 	 0.126620 	 0.967996 	 4.187940
  423 	 0.299184 	 1.053877 	 7.179049
  424 	 0.233082 	 1.055912 	 4.366423
  425 	 0.137335 	 0.979891 	 2.490139
  426 	 0.223773 	 0.954261 	 2.980787
  427 	 0.385722 	 1.005008 	 4.171265
  428 	 0.324340 	 1.017780 	 3.065861
  429 	 0.233991 	 0.965541 	 2.048667
  430 	 0.108376 	 0.931039 	 2.343348
  431 	 0.367809 	 0.975771 	 2.972729
  432 	 0.041683 	 1.051153 	 4.744379
  433 	 0.325190 	 0.972241 	 2.126712
  434 	 0.206323 	 0.998006 	 6.940419
  435 	 0.117980 	 0.948821 	 2.338690
  436 	 0.133933 	 1.014671 	 3.239153
  437 	 0.131833 	 0.986732 	 4.537618
  438 	 0.037213 	 0.969555 	 4.231313
  439 	 0.041861 	 1.046868 	 4.269256
  440 	 0.042259 	 1.094902 	 7.162663
  441 	 0.210445 	 1.048835 	 6.931880
  442 	 0.137645 	 1.028712 	 6.912824
  443 	 0.134339 	 0.999783 	 3.196475
  444 	 0.142547 	 1.029879 	 4.165883
  445 	 0.130383 	 1.008052 	 4.224067
  446 	 0.041725 	 0.964611 	 4.082512
  447 	 0.231135 	 1.003084 	 4.295845
  448 	 0.238954 	 1.154484 	 6.938399
  449 	 0.227363 	 1.012426 	 2.998181
  450 	 0.108200 	 0.956482 	 2.929512
  451 	 0.322520 	 0.984926 	 3.032476
  452 	 0.041616 	 1.071255 	 4.748333
  453 	 0.318992 	 0.979604 	 2.353383
  454 	 0.206154 	 1.124119 	 6.943668
  455 	 0.125039 	 0.969181 	 2.373087
  456 	 0.036665 	 1.016230 	 3.240918
  457 	 0.111442 	 0.988394 	 4.396782
  458 	 0.299104 	 1.111608 	 7.190853
  459 	 0.109429 	 1.004683 	 4.676357
  460 	 0.137113 	 1.004075 	 2.490634
  461 	 0.209259 	 1.013233 	 4.720780
  462 	 0.385649 	 1.036228 	 4.175136
  463 	 0.207332 	 0.979678 	 3.208629
  464 	 0.233779 	 0.984526 	 2.048976
  465 	 0.302021 	 1.013367 	 3.228596
  466 	 0.036415 	 0.990941 	 2.974601
  467 	 0.300211 	 0.947564 	 2.472671
  468 	 0.041131 	 1.021325 	 7.203814
  469 	 0.388339 	 1.014628 	 2.483789
  470 	 0.136870 	 1.051892 	 6.967117
  471 	 0.368094 	 0.924261 	 2.037743
  472 	 0.141452 	 1.025766 	 4.179381
  473 	 0.467258 	 1.030865 	 2.125424
  474 	 0.037795 	 0.969982 	 2.601950
  475 	 0.429143 	 0.920812 	 1.755438
  476 	 0.037032 	 1.058953 	 7.132896
  477 	 0.109432 	 0.978576 	 1.881314
  478 	 0.040875 	 1.043568 	 7.171956
  479 	 0.041816 	 1.008787 	 4.720723
  480 	 0.131378 	 1.055625 	 6.979602
  481 	 0.207335 	 1.036748 	 6.934041
  482 	 0.141203 	 1.053377 	 4.277560
  483 	 0.142117 	 0.986168 	 3.228570
  484 	 0.105432 	 0.990220 	 4.105038
  485 	 0.300213 	 0.981218 	 4.089688
  486 	 0.037145 	 1.039261 	 4.811578
  487 	 0.171512 	 0.986099 	 2.483775
  488 	 0.203501 	 1.060426 	 7.166128
  489 	 0.386671 	 0.978712 	 3.650803
  490 	 0.137579 	 0.993775 	 3.269029
  491 	 0.266439 	 0.966963 	 2.044691
  492 	 0.296610 	 1.013168 	 4.167022
  493 	 0.264167 	 0.967018 	 2.711209
  494 	 0.234224 	 0.989771 	 2.506202
  495 	 0.355415 	 0.984390 	 2.728016
  496 	 0.383347 	 0.991450 	 2.970675
  497 	 0.353305 	 0.958530 	 2.184286
  498 	 0.325407 	 0.970499 	 2.058684
  499 	 0.131095 	 0.960189 	 2.194402
  500 	 0.462731 	 0.977226 	 2.337502
  501 	 0.036681 	 0.981765 	 4.282742
  502 	 0.409852 	 0.963643 	 1.769502
  503 	 0.131589 	 1.027931 	 7.190041
  504 	 0.534216 	 0.964158 	 1.952162
  505 	 0.035959 	 0.986089 	 4.273700
  506 	 0.131338 	 0.953364 	 1.570805
  507 	 0.228514 	 1.107561 	 7.227562
  508 	 0.597655 	 0.999882 	 4.278298
  509 	 0.136426 	 0.928564 	 2.369513
  510 	 0.131476 	 0.932579 	 1.428458
  511 	 0.133369 	 1.044453 	 4.187141
  512 	 0.653228 	 1.061523 	 4.275765
  513 	 0.036674 	 0.954051 	 4.241434
  514 	 0.228406 	 0.933876 	 1.323402
  515 	 0.230211 	 1.098174 	 7.190407
  516 	 0.036784 	 0.997127 	 3.022917
  517 	 0.137121 	 0.941412 	 3.006511
  518 	 0.319968 	 1.030379 	 7.184720
  519 	 0.321656 	 1.042511 	 4.174990
  520 	 0.129767 	 0.968511 	 2.367606
  521 	 0.233787 	 0.933480 	 2.358178
  522 	 0.041684 	 0.987875 	 4.307236
  523 	 0.291993 	 1.004910 	 2.974530
  524 	 0.226776 	 1.099972 	 6.940395
  525 	 0.324999 	 0.956532 	 2.535541
  526 	 0.141989 	 0.961050 	 3.037887
  527 	 0.036674 	 0.973228 	 2.339732
  528 	 0.318442 	 1.036107 	 4.091834
  529 	 0.035693 	 1.005802 	 7.190389
  530 	 0.036251 	 0.931233 	 2.376187
  531 	 0.036636 	 1.096450 	 7.241491
  532 	 0.108063 	 1.076334 	 7.212340
  533 	 0.136168 	 1.055172 	 7.192380
  534 	 0.041684 	 0.978449 	 4.751434
  535 	 0.137084 	 1.017206 	 4.191682
  536 	 0.037802 	 1.034632 	 6.940398
  537 	 0.232879 	 1.006037 	 4.175637
  538 	 0.141989 	 1.036302 	 7.132552
  539 	 0.233752 	 0.984634 	 2.982593
  540 	 0.138218 	 1.018818 	 4.091835
  541 	 0.304741 	 0.969444 	 2.974843
  542 	 0.036021 	 0.985869 	 4.155965
  543 	 0.131433 	 0.999062 	 2.456150
  544 	 0.234832 	 1.066489 	 7.224311
  545 	 0.390846 	 0.999855 	 4.276546
  546 	 0.108149 	 0.955886 	 2.965317
  547 	 0.228365 	 0.981500 	 2.027384
  548 	 0.043200 	 0.993326 	 4.186080
  549 	 0.131679 	 0.955780 	 3.023289
  550 	 0.041812 	 1.060031 	 6.868127
  551 	 0.036675 	 1.049127 	 4.272064
  552 	 0.143461 	 1.048043 	 6.934223
  553 	 0.228599 	 1.020837 	 7.190379
  554 	 0.131432 	 0.979986 	 4.067334
  555 	 0.107761 	 0.981598 	 3.021152
  556 	 0.126027 	 1.021493 	 4.272255
  557 	 0.128866 	 1.073296 	 4.758258
  558 	 0.217309 	 1.034424 	 4.377771
  559 	 0.036744 	 1.016733 	 4.324019
  560 	 0.223206 	 0.997140 	 3.127847
  561 	 0.125951 	 1.003812 	 4.140021
  562 	 0.036679 	 0.962405 	 3.071198
  563 	 0.036693 	 0.999474 	 3.045843
  564 	 0.036583 	 1.044979 	 7.190171
  565 	 0.036389 	 1.038977 	 7.189404
  566 	 0.041919 	 1.039626 	 7.195130
  567 	 0.137140 	 1.144854 	 7.205159
  568 	 0.137033 	 1.131125 	 6.929113
  569 	 0.136845 	 1.013480 	 4.174661
  570 	 0.079516 	 1.002987 	 4.176538
  571 	 0.131693 	 1.042492 	 4.179821
  572 	 0.233703 	 1.080115 	 5.497040
  573 	 0.107351 	 1.008986 	 4.271812
  574 	 0.178589 	 1.005962 	 2.975279
  575 	 0.112997 	 1.030872 	 4.767553
  576 	 0.279952 	 1.021156 	 3.558853
  577 	 0.036932 	 1.021484 	 4.642583
  578 	 0.273131 	 1.005535 	 2.615392
  579 	 0.041691 	 1.088051 	 7.177076
  580 	 0.367946 	 1.000320 	 2.662899
  581 	 0.137373 	 1.153327 	 6.940068
  582 	 0.361625 	 0.974762 	 2.126095
  583 	 0.141996 	 1.022328 	 4.170618
  584 	 0.113903 	 0.977364 	 2.155058
  585 	 0.036811 	 1.041916 	 4.091724
  586 	 0.374945 	 1.010137 	 4.623138
  587 	 0.238429 	 1.063618 	 7.183341
  588 	 0.211616 	 0.956975 	 2.094920
  589 	 0.137254 	 0.994749 	 2.934023
  590 	 0.041459 	 0.963012 	 3.184549
  591 	 0.329335 	 1.048103 	 4.172673
  592 	 0.304234 	 1.084405 	 6.951261
  593 	 0.233914 	 0.966144 	 2.316236
  594 	 0.141770 	 0.940005 	 2.459216
  595 	 0.266838 	 1.021866 	 2.973410
  596 	 0.390379 	 1.036485 	 4.095500
  597 	 0.325118 	 0.983815 	 2.708280
  598 	 0.238214 	 0.943722 	 2.029309
  599 	 0.127434 	 0.966875 	 2.339084
  600 	 0.410019 	 1.006652 	 2.935871
  601 	 0.127616 	 1.007015 	 4.350961
  602 	 0.329135 	 0.946409 	 1.951526
  603 	 0.135095 	 0.981598 	 4.347516
  604 	 0.041216 	 0.982250 	 2.317311
  605 	 0.224723 	 1.074464 	 4.210618
  606 	 0.036531 	 1.018260 	 6.963028
  607 	 0.109434 	 0.958073 	 3.056950
  608 	 0.141534 	 1.033275 	 7.197817
  609 	 0.110489 	 1.053069 	 4.720667
  610 	 0.041623 	 0.992277 	 4.099464
  611 	 0.207337 	 1.031726 	 4.697274
  612 	 0.147211 	 1.056638 	 6.943311
  613 	 0.128003 	 0.998722 	 3.228545
  614 	 0.141930 	 0.981977 	 4.006236
  615 	 0.036748 	 1.006926 	 4.340222
  616 	 0.036666 	 1.035564 	 4.092818
  617 	 0.225092 	 1.136025 	 7.186612
  618 	 0.041683 	 1.008902 	 7.190832
  619 	 0.137193 	 0.966314 	 3.053506
  620 	 0.137113 	 1.056492 	 6.940420
  621 	 0.214652 	 1.027399 	 4.173746
  622 	 0.141989 	 0.978157 	 4.175129
  623 	 0.131345 	 0.968835 	 3.154054
  624 	 0.041724 	 1.007182 	 4.091842
  625 	 0.036939 	 1.046711 	 4.278169
  626 	 0.036543 	 1.123952 	 6.938460
  627 	 0.228281 	 1.048523 	 7.176725
  628 	 0.036680 	 1.043828 	 7.197180
  629 	 0.137379 	 1.017631 	 3.024063
  630 	 0.136994 	 1.127141 	 7.190107
  631 	 0.319850 	 0.998851 	 4.170503
  632 	 0.137127 	 0.954448 	 4.177209
  633 	 0.131414 	 0.984105 	 2.368263
  634 	 0.233666 	 1.135440 	 4.174892
  635 	 0.404750 	 1.012849 	 4.276908
  636 	 0.233793 	 0.944116 	 2.975603
  637 	 0.228347 	 0.972414 	 1.971804
  638 	 0.041658 	 1.061618 	 2.974483
  639 	 0.482113 	 0.997797 	 3.023462
  640 	 0.131713 	 1.000980 	 6.941623
  641 	 0.319912 	 0.963382 	 1.710827
  642 	 0.141964 	 1.061759 	 4.271434
  643 	 0.108801 	 0.956734 	 1.952786
  644 	 0.228632 	 0.926091 	 2.883801
  645 	 0.486574 	 1.004231 	 4.734813
  646 	 0.131527 	 1.016539 	 2.307164
  647 	 0.131750 	 0.933726 	 1.697868
  648 	 0.036672 	 0.941542 	 4.274839
  649 	 0.555473 	 1.040007 	 4.270768
  650 	 0.107349 	 1.100600 	 7.190539
  651 	 0.228667 	 0.919399 	 1.520050
  652 	 0.137119 	 0.952956 	 4.767601
  653 	 0.587600 	 1.028911 	 3.020534
  654 	 0.040577 	 1.031756 	 4.175033
  655 	 0.287320 	 0.909997 	 1.449274
  656 	 0.036675 	 0.991754 	 6.994109
  657 	 0.644465 	 1.019760 	 2.565944
  658 	 0.030020 	 1.081349 	 7.190362
  659 	 0.374764 	 0.914253 	 1.295541
  660 	 0.132543 	 0.992445 	 7.551712
  661 	 0.036531 	 0.992135 	 2.095714
  662 	 0.130649 	 1.090195 	 4.256351
  663 	 0.454935 	 1.007857 	 7.197810
  664 	 0.229423 	 0.947629 	 4.290946
  665 	 0.036674 	 0.944299 	 1.794251
  666 	 0.036687 	 1.026667 	 3.013649
  667 	 0.036487 	 1.194484 	 7.190388
  668 	 0.320919 	 1.084359 	 7.189749
  669 	 0.029844 	 1.008042 	 7.200105
  670 	 0.137134 	 1.018672 	 2.362283
  671 	 0.136939 	 1.136573 	 7.561751
  672 	 0.405732 	 1.006524 	 4.174774
  673 	 0.130478 	 0.949606 	 4.178167
  674 	 0.233799 	 0.987799 	 1.967994
  675 	 0.130920 	 1.075775 	 4.294099
  676 	 0.131617 	 0.978280 	 2.974426
  677 	 0.227454 	 0.979152 	 4.285959
  678 	 0.036450 	 1.013034 	 4.273193
  679 	 0.227876 	 1.008874 	 3.031646
  680 	 0.228540 	 1.036977 	 7.202022
  681 	 0.260710 	 0.977780 	 3.027773
  682 	 0.136903 	 0.994677 	 3.021691
  683 	 0.319471 	 1.006079 	 2.753989
  684 	 0.130988 	 0.981417 	 4.178794
  685 	 0.141536 	 0.941407 	 2.370391
  686 	 0.233580 	 1.021061 	 4.284715
  687 	 0.297288 	 1.015674 	 4.099430
  688 	 0.227940 	 0.963665 	 2.976370
  689 	 0.035055 	 0.957374 	 2.501952
  690 	 0.324805 	 0.988580 	 3.027181
  691 	 0.383973 	 1.095987 	 7.275114
  692 	 0.285107 	 0.947362 	 2.340796
  693 	 0.111966 	 0.972541 	 2.056036
  694 	 0.036641 	 0.999247 	 2.580597
  695 	 0.036683 	 1.022927 	 4.664909
  696 	 0.131276 	 1.073973 	 7.192133
  697 	 0.209762 	 1.046516 	 7.189923
  698 	 0.041639 	 1.029835 	 4.279435
  699 	 0.137131 	 0.976789 	 3.203464
  700 	 0.228215 	 1.075091 	 6.942548
  701 	 0.302493 	 0.992432 	 4.174831
  702 	 0.036381 	 0.978715 	 3.024666
  703 	 0.233796 	 0.964391 	 2.347434
  704 	 0.287268 	 1.050534 	 7.205607
  705 	 0.383790 	 0.962899 	 2.974454
  706 	 0.136836 	 0.983084 	 2.368609
  707 	 0.131670 	 0.947839 	 2.056807
  708 	 0.134944 	 0.996438 	 4.179967
  709 	 0.463133 	 1.008643 	 4.272229
  710 	 0.041767 	 0.991786 	 4.213292
  711 	 0.036549 	 0.919806 	 1.768243
  712 	 0.231713 	 1.056586 	 6.936413
  713 	 0.534575 	 1.126373 	 7.196888
  714 	 0.111452 	 0.976694 	 2.993002
  715 	 0.137000 	 0.917065 	 1.569919
  716 	 0.128827 	 1.023587 	 4.676129
  717 	 0.371793 	 1.051309 	 4.177113
  718 	 0.209269 	 0.995809 	 4.324744
  719 	 0.233671 	 0.931411 	 2.108844
  720 	 0.225879 	 1.008625 	 3.208527
  721 	 0.036626 	 1.002977 	 2.975557
  722 	 0.131451 	 0.971181 	 3.046186
  723 	 0.324891 	 1.029923 	 7.192888
  724 	 0.270182 	 1.025387 	 4.276227
  725 	 0.137075 	 0.984536 	 2.340326
  726 	 0.228382 	 0.972114 	 2.683972
  727 	 0.409379 	 0.987554 	 4.175803
  728 	 0.358890 	 0.988518 	 3.023137
  729 	 0.233743 	 0.972096 	 1.953969
  730 	 0.319945 	 0.976517 	 2.167835
  731 	 0.486294 	 0.970357 	 2.974924
  732 	 0.387142 	 0.964526 	 2.367732
  733 	 0.106870 	 0.955579 	 1.698675
  734 	 0.107411 	 0.972341 	 2.042727
  735 	 0.106862 	 1.000055 	 4.778506
  736 	 0.106636 	 0.992877 	 4.766202
  737 	 0.204880 	 0.995161 	 4.778696
  738 	 0.205398 	 1.006196 	 4.783853
  739 	 0.036697 	 0.966459 	 3.254360
  740 	 0.204656 	 0.979398 	 3.248885
  741 	 0.285304 	 1.048509 	 7.189207
  742 	 0.298393 	 0.982533 	 3.256736
  743 	 0.137144 	 0.966061 	 2.579287
  744 	 0.036676 	 0.955969 	 2.495053
  745 	 0.372900 	 1.016593 	 4.174597
  746 	 0.384993 	 1.048409 	 7.190319
  747 	 0.233809 	 0.938713 	 2.103936
  748 	 0.137123 	 0.936022 	 2.051734
  749 	 0.368907 	 1.012444 	 2.974340
  750 	 0.374154 	 1.016931 	 4.174961
  751 	 0.325019 	 0.967192 	 2.121757
  752 	 0.233789 	 0.950994 	 2.098398
  753 	 0.449608 	 0.990371 	 2.339622
  754 	 0.454381 	 0.989945 	 2.974516
  755 	 0.409497 	 0.953336 	 1.811566
  756 	 0.036664 	 0.930247 	 1.796039
  757 	 0.308735 	 0.967308 	 1.953519
  758 	 0.036668 	 1.047782 	 7.190929
  759 	 0.486400 	 0.965964 	 2.432292
  760 	 0.137112 	 1.004624 	 7.190732
  761 	 0.394525 	 0.971085 	 1.698368
  762 	 0.137115 	 1.014883 	 4.175161
  763 	 0.041673 	 0.952383 	 2.012375
  764 	 0.036029 	 0.952064 	 4.175097
  765 	 0.284400 	 1.013084 	 6.940901
  766 	 0.041691 	 1.140845 	 7.223930
  767 	 0.136045 	 1.002713 	 2.585312
  768 	 0.136494 	 1.042562 	 6.940066
  769 	 0.041748 	 0.966176 	 4.193835
  770 	 0.128835 	 1.037598 	 4.185955
  771 	 0.036694 	 1.013119 	 6.937317
  772 	 0.037813 	 0.982185 	 4.091723
  773 	 0.142051 	 1.186714 	 7.189401
  774 	 0.238429 	 1.082340 	 7.131979
  775 	 0.137140 	 0.982465 	 4.090795
  776 	 0.138229 	 0.961842 	 2.934023
  777 	 0.238482 	 1.079926 	 4.174660
  778 	 0.329335 	 1.026128 	 4.155776
  779 	 0.036692 	 0.948271 	 2.933569
  780 	 0.234842 	 0.972453 	 2.316236
  781 	 0.329384 	 1.114752 	 7.189502
  782 	 0.366905 	 0.994296 	 2.965226
  783 	 0.137138 	 0.936080 	 2.315971
  784 	 0.036311 	 0.961226 	 2.130811
  785 	 0.108126 	 1.050162 	 4.174694
  786 	 0.447786 	 1.064088 	 7.209227
  787 	 0.233804 	 0.974946 	 4.750004
  788 	 0.036656 	 0.932718 	 1.817568
  789 	 0.132747 	 1.010155 	 2.974387
  790 	 0.036610 	 1.096957 	 7.191357
  791 	 0.036742 	 0.994152 	 4.252662
  792 	 0.137104 	 1.008270 	 7.193747
  793 	 0.229618 	 1.055306 	 7.186873
  794 	 0.129799 	 1.023447 	 4.175301
  795 	 0.041927 	 0.977244 	 3.011885
  796 	 0.131462 	 0.998348 	 4.306658
  797 	 0.131541 	 1.072367 	 6.928707
  798 	 0.226806 	 1.014889 	 2.974681
  799 	 0.142225 	 0.984099 	 4.274584
  800 	 0.324983 	 0.975334 	 3.037612
  801 	 0.036703 	 1.009472 	 4.087886
  802 	 0.318470 	 0.993061 	 2.339819
  803 	 0.125113 	 1.053691 	 7.188922
  804 	 0.409464 	 0.965746 	 2.376030
  805 	 0.137149 	 1.022997 	 4.395359
  806 	 0.132300 	 0.971611 	 1.953645
  807 	 0.222333 	 1.002276 	 4.174504
  808 	 0.131460 	 0.943493 	 1.845232
  809 	 0.040416 	 0.968270 	 2.374273
  810 	 0.513444 	 1.022877 	 4.276067
  811 	 0.403768 	 1.136887 	 7.002028
  812 	 0.228390 	 0.942731 	 1.623788
  813 	 0.108148 	 0.936598 	 1.975630
  814 	 0.579311 	 0.995135 	 3.023061
  815 	 0.355293 	 1.134075 	 4.749512
  816 	 0.041681 	 0.918714 	 1.466896
  817 	 0.206104 	 0.941739 	 2.184870
  818 	 0.108163 	 1.061042 	 6.940533
  819 	 0.036635 	 1.049485 	 3.241445
  820 	 0.036179 	 0.965347 	 4.749181
  821 	 0.036708 	 1.020655 	 7.192411
  822 	 0.206118 	 1.078549 	 7.216116
  823 	 0.137084 	 1.097982 	 7.188671
  824 	 0.036601 	 0.949956 	 3.241297
  825 	 0.106783 	 0.974062 	 4.175647
  826 	 0.131497 	 1.076856 	 7.194186
  827 	 0.233752 	 1.091420 	 4.780511
  828 	 0.137050 	 1.020990 	 4.275391
  829 	 0.041755 	 0.946653 	 2.974848
  830 	 0.228426 	 1.016274 	 4.176229
  831 	 0.324966 	 1.107419 	 6.936994
  832 	 0.233720 	 0.990145 	 3.022739
  833 	 0.142058 	 0.952013 	 2.339916
  834 	 0.319986 	 0.991917 	 2.975129
  835 	 0.409447 	 1.047296 	 4.090686
  836 	 0.324936 	 0.975189 	 2.367503
  837 	 0.041092 	 0.915574 	 1.953707
  838 	 0.132063 	 0.955668 	 2.340079
  839 	 0.126720 	 1.176039 	 6.969032
  840 	 0.369495 	 1.009288 	 4.265061
  841 	 0.115197 	 0.952084 	 4.364519
  842 	 0.041668 	 0.946240 	 2.119117
  843 	 0.041676 	 1.076895 	 4.595643
  844 	 0.042364 	 1.054830 	 6.941154
  845 	 0.212855 	 1.032513 	 6.940794
  846 	 0.141974 	 1.035269 	 6.907766
  847 	 0.041657 	 1.008742 	 3.172038
  848 	 0.131706 	 0.985857 	 4.092090
  849 	 0.301576 	 1.054493 	 6.941699
  850 	 0.131465 	 1.017869 	 4.271563
  851 	 0.141963 	 0.999244 	 2.475392
  852 	 0.228626 	 1.001091 	 4.275977
  853 	 0.036554 	 0.961401 	 4.092274
  854 	 0.036776 	 0.954719 	 3.020913
  855 	 0.238398 	 1.095204 	 7.188025
  856 	 0.101909 	 1.119675 	 7.185120
  857 	 0.137166 	 0.933431 	 2.256329
  858 	 0.137221 	 0.996976 	 4.894536
  859 	 0.133304 	 1.009057 	 4.174209
  860 	 0.132687 	 1.028838 	 4.173257
  861 	 0.228362 	 0.980029 	 4.242604
  862 	 0.228412 	 1.008828 	 4.253744
  863 	 0.230149 	 0.988861 	 3.023320
  864 	 0.229561 	 1.019738 	 3.022866
  865 	 0.105376 	 0.983812 	 3.007071
  866 	 0.107740 	 0.964383 	 3.012403
  867 	 0.311345 	 1.022267 	 4.812865
  868 	 0.321048 	 1.053498 	 4.758737
  869 	 0.036655 	 0.971248 	 2.088238
  870 	 0.036706 	 0.936082 	 2.361567
  871 	 0.036509 	 1.061584 	 7.191387
  872 	 0.405850 	 1.176449 	 7.188746
  873 	 0.036700 	 1.030018 	 7.198937
  874 	 0.137153 	 0.914113 	 1.967537
  875 	 0.136961 	 1.083741 	 7.189044
  876 	 0.483107 	 1.094046 	 4.174446
  877 	 0.042429 	 0.963708 	 4.177784
  878 	 0.126534 	 0.906931 	 1.707923
  879 	 0.233635 	 1.110124 	 6.904676
  880 	 0.108594 	 1.057699 	 4.368069
  881 	 0.142713 	 0.959513 	 2.975881
  882 	 0.204915 	 1.005104 	 4.739459
  883 	 0.324857 	 1.014348 	 4.079751
  884 	 0.206532 	 1.016627 	 3.253988
  885 	 0.041430 	 0.957004 	 2.340513
  886 	 0.297939 	 1.002778 	 3.236955
  887 	 0.409347 	 1.069179 	 6.952627
  888 	 0.299459 	 0.992505 	 2.497880
  889 	 0.141743 	 0.952179 	 1.954089
  890 	 0.107843 	 0.955005 	 2.488434
  891 	 0.131767 	 1.008398 	 4.095960
  892 	 0.385976 	 1.067888 	 4.756396
  893 	 0.131490 	 0.977819 	 4.270455
  894 	 0.205812 	 0.937030 	 2.047602
  895 	 0.131468 	 1.018404 	 4.275518
  896 	 0.465116 	 1.039691 	 3.244516
  897 	 0.228419 	 0.999339 	 4.275918
  898 	 0.298783 	 0.932320 	 1.762065
  899 	 0.035923 	 0.985341 	 3.022799
  900 	 0.108169 	 1.002110 	 2.492630
  901 	 0.037023 	 1.027103 	 7.229461
  902 	 0.385352 	 0.986339 	 4.749040
  903 	 0.136391 	 1.098710 	 7.172422
  904 	 0.206124 	 0.982762 	 2.050222
  905 	 0.137460 	 0.975170 	 4.187760
  906 	 0.464550 	 0.963898 	 3.241234
  907 	 0.233092 	 1.041066 	 4.169090
  908 	 0.299076 	 0.969968 	 1.763825
  909 	 0.108172 	 0.947424 	 2.980700
  910 	 0.036672 	 0.962473 	 2.490810
  911 	 0.037052 	 1.033908 	 4.748961
  912 	 0.385622 	 1.041176 	 7.190530
  913 	 0.122407 	 1.029725 	 7.170909
  914 	 0.137119 	 0.954850 	 2.049085
  915 	 0.132378 	 1.027422 	 4.448260
  916 	 0.464795 	 0.999038 	 4.175030
  917 	 0.041683 	 1.016457 	 4.259348
  918 	 0.233785 	 0.946262 	 1.763061
  919 	 0.229266 	 1.063067 	 6.940444
  920 	 0.536060 	 0.971978 	 2.974550
  921 	 0.041719 	 0.974823 	 3.015082
  922 	 0.108102 	 0.924318 	 1.566268
  923 	 0.320772 	 1.094332 	 6.938691
  924 	 0.599280 	 1.072934 	 4.750546
  925 	 0.142023 	 0.958218 	 2.363106
  926 	 0.041664 	 0.914715 	 1.425150
  927 	 0.405596 	 1.034359 	 4.091259
  928 	 0.654643 	 1.099327 	 6.941356
  929 	 0.131426 	 0.929579 	 1.968518
  930 	 0.131478 	 0.911940 	 1.320929
  931 	 0.041695 	 1.075956 	 4.276691
  932 	 0.702578 	 1.065422 	 4.275735
  933 	 0.108086 	 0.988654 	 6.939881
  934 	 0.036673 	 0.894320 	 1.242269
  935 	 0.141999 	 1.060469 	 4.750898
  936 	 0.263001 	 1.105659 	 4.272844
  937 	 0.206045 	 0.969665 	 4.091660
  938 	 0.228559 	 0.907920 	 2.736720
  939 	 0.238432 	 1.017605 	 3.242063
  940 	 0.036673 	 1.059090 	 3.021524
  941 	 0.037025 	 0.958367 	 2.933992
  942 	 0.320110 	 0.994281 	 7.190477
  943 	 0.329338 	 1.072548 	 7.172315
  944 	 0.036687 	 1.011439 	 2.366806
  945 	 0.137462 	 0.948801 	 2.316218
  946 	 0.343246 	 1.031770 	 7.189749
  947 	 0.413459 	 1.018902 	 4.169054
  948 	 0.137134 	 1.003187 	 2.243932
  949 	 0.131490 	 0.941646 	 1.938513
  950 	 0.041683 	 0.957928 	 4.174775
  951 	 0.108059 	 1.023449 	 4.275518
  952 	 0.233799 	 1.150853 	 6.940457
  953 	 0.131032 	 0.968179 	 4.751509
  954 	 0.141988 	 0.944210 	 2.974426
  955 	 0.206020 	 1.052390 	 4.283895
  956 	 0.325010 	 1.063525 	 4.091855
  957 	 0.227983 	 0.935383 	 3.242336
  958 	 0.131472 	 0.909062 	 2.339672
  959 	 0.131527 	 1.021531 	 3.026791
  960 	 0.409488 	 1.094668 	 4.275848
  961 	 0.319571 	 0.973285 	 4.274843
  962 	 0.228402 	 0.914906 	 1.953551
  963 	 0.228454 	 1.008184 	 2.369828
  964 	 0.108831 	 1.041176 	 3.022957
  965 	 0.041539 	 0.936674 	 3.022478
  966 	 0.319963 	 0.965121 	 4.734155
  967 	 0.036670 	 1.087857 	 6.947404
  968 	 0.036676 	 1.002909 	 2.367628
  969 	 0.131460 	 1.036813 	 7.190622
  970 	 0.106466 	 1.001948 	 7.190297
  971 	 0.064579 	 1.031494 	 4.094199
  972 	 0.137123 	 1.080290 	 4.787764
  973 	 0.238288 	 1.037007 	 5.988790
  974 	 0.204492 	 0.952931 	 4.174954
  975 	 0.164172 	 1.006599 	 2.935234
  976 	 0.036487 	 1.018163 	 3.258473
  977 	 0.329204 	 0.995227 	 3.751337
  978 	 0.041681 	 1.090790 	 7.200068
  979 	 0.036710 	 0.973306 	 2.316941
  980 	 0.029844 	 1.049785 	 6.940513
  981 	 0.413336 	 1.101422 	 7.188545
  982 	 0.141987 	 1.126014 	 7.561754
  983 	 0.137156 	 0.953060 	 1.938977
  984 	 0.130478 	 1.011376 	 4.091874
  985 	 0.131478 	 1.034235 	 4.174380
  986 	 0.232738 	 1.050466 	 4.294100
  987 	 0.233821 	 1.013629 	 4.275732
  988 	 0.227454 	 0.988593 	 2.983843
  989 	 0.228408 	 0.987790 	 2.974235
  990 	 0.042505 	 0.958108 	 3.031647
  991 	 0.325030 	 0.973510 	 3.022901
  992 	 0.131320 	 1.010269 	 4.043579
  993 	 0.307303 	 0.987411 	 2.339562
  994 	 0.172879 	 0.990465 	 4.278626
  995 	 0.041875 	 0.968496 	 2.440792
  996 	 0.228257 	 0.998555 	 3.632671
  997 	 0.393207 	 1.012347 	 4.053909
  998 	 0.267733 	 0.984026 	 3.024281
  999 	 0.240598 	 0.939575 	 2.017729
 