   0 	 0.001039 	 0.001829 	 0.003671
    1 	 0.001057 	 0.001842 	 0.003671
    2 	 0.001045 	 0.001912 	 0.004258
    3 	 0.001008 	 0.002117 	 0.005211
    4 	 0.001347 	 0.002457 	 0.005211
    5 	 0.001367 	 0.002926 	 0.005211
    6 	 0.001382 	 0.003259 	 0.008373
    7 	 0.001753 	 0.003974 	 0.012631
    8 	 0.001753 	 0.004218 	 0.008978
    9 	 0.001998 	 0.004674 	 0.008978
   10 	 0.002969 	 0.005216 	 0.010496
   11 	 0.003041 	 0.006092 	 0.019111
   12 	 0.003312 	 0.007958 	 0.019111
   13 	 0.003144 	 0.009378 	 0.019111
   14 	 0.003144 	 0.010795 	 0.019111
   15 	 0.003402 	 0.012293 	 0.019111
   16 	 -0.247757 	 0.010541 	 0.019111
   17 	 0.005867 	 0.014765 	 0.019110
   18 	 0.008012 	 0.015301 	 0.019203
   19 	 0.007526 	 0.016022 	 0.019110
   20 	 0.007526 	 0.015954 	 0.019109
   21 	 0.007526 	 0.016673 	 0.019109
   22 	 0.007234 	 0.016824 	 0.019109
   23 	 0.007526 	 0.016803 	 0.019109
   24 	 0.006479 	 0.017316 	 0.019110
   25 	 0.007843 	 0.017638 	 0.019109
   26 	 -0.248155 	 0.014139 	 0.019110
   27 	 0.011121 	 0.018118 	 0.019109
   28 	 0.008565 	 0.018074 	 0.019203
   29 	 0.008564 	 0.018130 	 0.019108
   30 	 0.009676 	 0.018359 	 0.019109
   31 	 0.008766 	 0.018245 	 0.019109
   32 	 0.007843 	 0.018276 	 0.019109
   33 	 0.010207 	 0.018564 	 0.019109
   34 	 0.010207 	 0.018664 	 0.019109
   35 	 0.006594 	 0.018556 	 0.019108
   36 	 0.008188 	 0.018710 	 0.019108
   37 	 0.015206 	 0.018927 	 0.019110
   38 	 0.013548 	 0.018906 	 0.019109
   39 	 0.013547 	 0.018788 	 0.019107
   40 	 0.013072 	 0.018929 	 0.019107
   41 	 0.008564 	 0.018627 	 0.019107
   42 	 0.010798 	 0.018862 	 0.019107
   43 	 0.010798 	 0.018618 	 0.019109
   44 	 0.007681 	 0.018397 	 0.019108
   45 	 -0.248155 	 0.015005 	 0.019108
   46 	 0.011121 	 0.018375 	 0.019109
   47 	 0.009676 	 0.018589 	 0.019203
   48 	 0.009676 	 0.018679 	 0.019108
   49 	 0.006479 	 0.018450 	 0.019109
   50 	 0.008766 	 0.018665 	 0.019109
   51 	 0.012629 	 0.018976 	 0.019110
   52 	 0.015206 	 0.019008 	 0.019109
   53 	 0.008766 	 0.018668 	 0.019108
   54 	 0.008766 	 0.018817 	 0.019107
   55 	 -0.248155 	 0.015524 	 0.019109
   56 	 0.008188 	 0.018711 	 0.019109
   57 	 0.008188 	 0.018388 	 0.019203
   58 	 0.008188 	 0.018799 	 0.019109
   59 	 0.007681 	 0.018545 	 0.019109
   60 	 0.007681 	 0.018555 	 0.019109
   61 	 0.007681 	 0.018642 	 0.019109
   62 	 0.007681 	 0.018439 	 0.019109
   63 	 0.007843 	 0.018584 	 0.019109
   64 	 0.007843 	 0.018777 	 0.019109
   65 	 0.008012 	 0.018967 	 0.019109
   66 	 0.012629 	 0.019024 	 0.019109
   67 	 0.010798 	 0.018851 	 0.019109
   68 	 0.010494 	 0.018651 	 0.019105
   69 	 0.006479 	 0.018131 	 0.019108
   70 	 0.006479 	 0.018438 	 0.019108
   71 	 0.009431 	 0.017870 	 0.019109
   72 	 0.007681 	 0.017791 	 0.019110
   73 	 0.006836 	 0.017709 	 0.019109
   74 	 0.006594 	 0.017920 	 0.019109
   75 	 0.007526 	 0.018332 	 0.019110
   76 	 0.008372 	 0.018495 	 0.019110
   77 	 0.007096 	 0.018015 	 0.019109
   78 	 0.008188 	 0.018019 	 0.019109
   79 	 0.008188 	 0.017816 	 0.019110
   80 	 0.008977 	 0.017867 	 0.019109
   81 	 0.008977 	 0.018042 	 0.019109
   82 	 0.008977 	 0.018518 	 0.019109
   83 	 0.008564 	 0.018184 	 0.019109
   84 	 0.008564 	 0.018492 	 0.019109
   85 	 0.011121 	 0.018313 	 0.019108
   86 	 0.010494 	 0.018271 	 0.019108
   87 	 0.008977 	 0.018338 	 0.019108
   88 	 0.009431 	 0.018312 	 0.019108
   89 	 0.007681 	 0.018470 	 0.019109
   90 	 -0.248155 	 0.014936 	 0.019109
   91 	 0.007681 	 0.018635 	 0.019109
   92 	 0.008206 	 0.018774 	 0.019109
   93 	 0.009431 	 0.018984 	 0.019109
   94 	 0.008564 	 0.018713 	 0.019109
   95 	 0.008012 	 0.018378 	 0.019109
   96 	 0.012629 	 0.018919 	 0.019109
   97 	 0.008564 	 0.018842 	 0.019109
   98 	 0.008012 	 0.018834 	 0.019108
   99 	 0.013547 	 0.018903 	 0.019109
  100 	 0.008977 	 0.018481 	 0.019109
  101 	 0.008372 	 0.018584 	 0.019107
  102 	 0.015853 	 0.019024 	 0.019109
  103 	 0.009934 	 0.018632 	 0.019109
  104 	 0.009934 	 0.018480 	 0.019106
  105 	 0.008188 	 0.018410 	 0.019108
  106 	 0.010207 	 0.018435 	 0.019109
  107 	 0.007681 	 0.018453 	 0.019109
  108 	 0.008372 	 0.018524 	 0.019108
  109 	 0.008372 	 0.018531 	 0.019109
  110 	 0.008012 	 0.018838 	 0.019109
  111 	 0.007843 	 0.018536 	 0.019109
  112 	 0.019105 	 0.019105 	 0.019109
  113 	 0.007843 	 0.018759 	 0.019109
  114 	 0.007843 	 0.018735 	 0.019105
  115 	 0.008372 	 0.018836 	 0.019109
  116 	 -0.248155 	 0.015598 	 0.019109
  117 	 0.007681 	 0.018484 	 0.019109
  118 	 0.008188 	 0.018387 	 0.019203
  119 	 0.007843 	 0.018296 	 0.019109
  120 	 -0.248155 	 0.015032 	 0.019109
  121 	 0.008012 	 0.018563 	 0.019109
  122 	 0.008012 	 0.018666 	 0.019203
  123 	 0.014058 	 0.018978 	 0.019109
  124 	 0.014058 	 0.018990 	 0.019109
  125 	 0.011121 	 0.018844 	 0.019107
  126 	 0.009676 	 0.018750 	 0.019107
  127 	 0.008188 	 0.018706 	 0.019108
  128 	 0.005961 	 0.018418 	 0.019109
  129 	 0.009934 	 0.018852 	 0.019109
  130 	 0.009934 	 0.018640 	 0.019110
  131 	 0.008766 	 0.018815 	 0.019109
  132 	 0.008766 	 0.018759 	 0.019109
  133 	 0.008372 	 0.018602 	 0.019109
  134 	 0.009431 	 0.018723 	 0.019109
  135 	 0.009934 	 0.018816 	 0.019109
  136 	 0.007681 	 0.018568 	 0.019109
  137 	 0.008766 	 0.018693 	 0.019109
  138 	 0.007681 	 0.018654 	 0.019109
  139 	 0.007843 	 0.018630 	 0.019109
  140 	 0.008188 	 0.018724 	 0.019109
  141 	 0.006158 	 0.018361 	 0.019109
  142 	 0.009676 	 0.018600 	 0.019109
  143 	 0.009199 	 0.018594 	 0.019110
  144 	 0.011463 	 0.018826 	 0.019109
  145 	 -0.248155 	 0.015566 	 0.019109
  146 	 0.017328 	 0.019083 	 0.019108
  147 	 0.008188 	 0.018762 	 0.019203
  148 	 0.007681 	 0.018507 	 0.019106
  149 	 0.006712 	 0.018837 	 0.019109
 