   0 	 -1.000000 	 0.005444 	 1.000000
    1 	 -0.166667 	 0.152806 	 10.000000
    2 	 -0.125000 	 -0.008765 	 -0.001969
    3 	 -0.125000 	 -0.008630 	 -0.001786
    4 	 -0.125000 	 -0.008630 	 -0.001786
    5 	 -0.125000 	 -0.008630 	 -0.001786
    6 	 -0.125000 	 -0.008630 	 -0.001786
    7 	 -0.125000 	 -0.008630 	 -0.001786
    8 	 -0.125000 	 -0.008630 	 -0.001786
    9 	 -0.125000 	 -0.008630 	 -0.001786
   10 	 -0.125000 	 -0.008630 	 -0.001786
   11 	 -0.125000 	 -0.008630 	 -0.001786
   12 	 -0.125000 	 -0.008630 	 -0.001786
   13 	 -0.125000 	 -0.008630 	 -0.001786
   14 	 -0.125000 	 -0.008613 	 -0.001773
   15 	 -0.125000 	 -0.008630 	 -0.001786
   16 	 -0.125000 	 -0.008630 	 -0.001786
   17 	 -0.125000 	 -0.008630 	 -0.001786
   18 	 -0.125000 	 -0.008630 	 -0.001786
   19 	 -0.125000 	 -0.008630 	 -0.001786
   20 	 -0.125000 	 -0.008630 	 -0.001786
   21 	 -0.125000 	 -0.008630 	 -0.001786
   22 	 -0.125000 	 -0.008630 	 -0.001786
   23 	 -0.125000 	 -0.008630 	 -0.001786
   24 	 -0.125000 	 -0.008630 	 -0.001786
   25 	 -0.125000 	 -0.008630 	 -0.001786
   26 	 -0.125000 	 -0.008630 	 -0.001786
   27 	 -0.125000 	 -0.008630 	 -0.001786
   28 	 -0.125000 	 -0.008630 	 -0.001786
   29 	 -0.125000 	 -0.008630 	 -0.001786
   30 	 -0.125000 	 -0.008630 	 -0.001786
   31 	 -0.125000 	 -0.008630 	 -0.001786
   32 	 -0.125000 	 -0.008630 	 -0.001786
   33 	 -0.125000 	 -0.008630 	 -0.001786
   34 	 -0.125000 	 -0.008630 	 -0.001786
   35 	 -0.125000 	 -0.008630 	 -0.001786
   36 	 -0.125000 	 -0.008630 	 -0.001786
   37 	 -0.125000 	 -0.008630 	 -0.001786
   38 	 -0.125000 	 -0.008630 	 -0.001786
   39 	 -0.125000 	 -0.008560 	 -0.001773
   40 	 -0.125000 	 -0.008630 	 -0.001786
   41 	 -0.125000 	 -0.008630 	 -0.001786
   42 	 -0.125000 	 -0.008630 	 -0.001786
   43 	 -0.125000 	 -0.008630 	 -0.001786
   44 	 -0.125000 	 -0.008630 	 -0.001786
   45 	 -0.125000 	 -0.008630 	 -0.001786
   46 	 -0.125000 	 -0.008630 	 -0.001786
   47 	 -0.125000 	 -0.008630 	 -0.001786
   48 	 -0.125000 	 -0.008630 	 -0.001786
   49 	 -0.125000 	 -0.008726 	 -0.001795
   50 	 -0.125000 	 -0.008630 	 -0.001786
   51 	 -0.083333 	 -0.007547 	 -0.001773
   52 	 -0.083333 	 -0.005967 	 -0.001256
   53 	 -0.083333 	 -0.005753 	 -0.001190
   54 	 -0.083333 	 -0.005757 	 -0.001196
   55 	 -0.083333 	 -0.005753 	 -0.001190
   56 	 -0.083333 	 -0.005753 	 -0.001190
   57 	 -0.083333 	 -0.005753 	 -0.001190
   58 	 -0.083333 	 -0.005753 	 -0.001190
   59 	 -0.083333 	 -0.005753 	 -0.001190
   60 	 -0.083333 	 -0.005760 	 -0.001196
   61 	 -0.083333 	 -0.005753 	 -0.001190
   62 	 -0.083333 	 -0.005753 	 -0.001190
   63 	 -0.083333 	 -0.005753 	 -0.001190
   64 	 -0.083333 	 -0.005753 	 -0.001190
   65 	 -0.083333 	 -0.005753 	 -0.001190
   66 	 -0.083333 	 -0.005753 	 -0.001190
   67 	 -0.083333 	 -0.005753 	 -0.001190
   68 	 -0.083333 	 -0.005754 	 -0.001193
   69 	 -0.083333 	 -0.005753 	 -0.001190
   70 	 -0.083333 	 -0.005753 	 -0.001190
   71 	 -0.083333 	 -0.005753 	 -0.001190
   72 	 -0.083333 	 -0.005773 	 -0.001195
   73 	 -0.083333 	 -0.005753 	 -0.001190
   74 	 -0.083333 	 -0.005753 	 -0.001190
   75 	 -0.083333 	 -0.005753 	 -0.001190
   76 	 -0.083333 	 -0.005753 	 -0.001190
   77 	 -0.083333 	 -0.005753 	 -0.001190
   78 	 -0.083333 	 -0.005753 	 -0.001190
   79 	 -0.083333 	 -0.005753 	 -0.001190
   80 	 -0.083333 	 -0.005753 	 -0.001190
   81 	 -0.083333 	 -0.005753 	 -0.001190
   82 	 -0.083333 	 -0.005753 	 -0.001190
   83 	 -0.083333 	 -0.005753 	 -0.001190
   84 	 -0.083333 	 -0.005753 	 -0.001190
   85 	 -0.083333 	 -0.005753 	 -0.001190
   86 	 -0.083333 	 -0.005753 	 -0.001190
   87 	 -0.083333 	 -0.005753 	 -0.001190
   88 	 -0.083333 	 -0.005753 	 -0.001190
   89 	 -0.083333 	 -0.005750 	 -0.001189
   90 	 -0.083333 	 -0.005753 	 -0.001190
   91 	 -0.083333 	 -0.005753 	 -0.001190
   92 	 -0.083333 	 -0.005753 	 -0.001190
   93 	 -0.083333 	 -0.005753 	 -0.001190
   94 	 -0.083333 	 -0.005753 	 -0.001190
   95 	 -0.083333 	 -0.005740 	 -0.001189
   96 	 -0.083333 	 -0.005753 	 -0.001190
   97 	 -0.083333 	 -0.005753 	 -0.001190
   98 	 -0.083333 	 -0.005753 	 -0.001190
   99 	 -0.083333 	 -0.005756 	 -0.001195
  100 	 -0.083333 	 -0.005753 	 -0.001190
  101 	 -0.083333 	 -0.005753 	 -0.001189
  102 	 -0.083333 	 -0.005753 	 -0.001189
  103 	 -0.083333 	 -0.005753 	 -0.001190
  104 	 -0.083333 	 -0.005753 	 -0.001190
  105 	 -0.083333 	 -0.005753 	 -0.001190
  106 	 -0.083333 	 -0.005757 	 -0.001195
  107 	 -0.083333 	 -0.005753 	 -0.001190
  108 	 -0.083333 	 -0.005753 	 -0.001190
  109 	 -0.083333 	 -0.005753 	 -0.001190
  110 	 -0.083333 	 -0.005753 	 -0.001190
  111 	 -0.083333 	 -0.005753 	 -0.001190
  112 	 -0.083333 	 -0.005753 	 -0.001190
  113 	 -0.083333 	 -0.005753 	 -0.001190
  114 	 -0.083333 	 -0.005753 	 -0.001190
  115 	 -0.083333 	 -0.005753 	 -0.001190
  116 	 -0.083333 	 -0.005753 	 -0.001190
  117 	 -0.083333 	 -0.005753 	 -0.001190
  118 	 -0.083333 	 -0.005753 	 -0.001190
  119 	 -0.083333 	 -0.005753 	 -0.001190
  120 	 -0.083333 	 -0.005753 	 -0.001190
  121 	 -0.083333 	 -0.005753 	 -0.001190
  122 	 -0.083333 	 -0.005753 	 -0.001190
  123 	 -0.083333 	 -0.005753 	 -0.001190
  124 	 -0.083333 	 -0.005753 	 -0.001190
  125 	 -0.083333 	 -0.005746 	 -0.001189
  126 	 -0.083333 	 -0.005753 	 -0.001190
  127 	 -0.083333 	 -0.005753 	 -0.001190
  128 	 -0.083333 	 -0.005753 	 -0.001190
  129 	 -0.083333 	 -0.005753 	 -0.001188
  130 	 -0.083333 	 -0.005753 	 -0.001190
  131 	 -0.083333 	 -0.005756 	 -0.001196
  132 	 -0.083333 	 -0.005753 	 -0.001190
  133 	 -0.083333 	 -0.005753 	 -0.001190
  134 	 -0.083333 	 -0.005742 	 -0.001185
  135 	 -0.083333 	 -0.005753 	 -0.001190
  136 	 -0.083333 	 -0.005753 	 -0.001190
  137 	 -0.083333 	 -0.005753 	 -0.001190
  138 	 -0.083333 	 -0.005753 	 -0.001190
  139 	 -0.083333 	 -0.005753 	 -0.001190
  140 	 -0.083333 	 -0.005753 	 -0.001190
  141 	 -0.083333 	 -0.005753 	 -0.001190
  142 	 -0.083333 	 -0.005753 	 -0.001190
  143 	 -0.083333 	 -0.005753 	 -0.001190
  144 	 -0.083333 	 -0.005753 	 -0.001190
  145 	 -0.083333 	 -0.005753 	 -0.001190
  146 	 -0.083333 	 -0.005753 	 -0.001190
  147 	 -0.083333 	 -0.005753 	 -0.001190
  148 	 -0.083333 	 -0.005753 	 -0.001190
  149 	 -0.083333 	 -0.005753 	 -0.001190
  150 	 -0.083333 	 -0.005753 	 -0.001190
  151 	 -0.083333 	 -0.005753 	 -0.001190
  152 	 -0.083333 	 -0.005753 	 -0.001190
  153 	 -0.083333 	 -0.005753 	 -0.001190
  154 	 -0.083333 	 -0.005753 	 -0.001190
  155 	 -0.083333 	 -0.005753 	 -0.001190
  156 	 -0.083333 	 -0.005753 	 -0.001190
  157 	 -0.083333 	 -0.005753 	 -0.001190
  158 	 -0.083333 	 -0.005753 	 -0.001190
  159 	 -0.083333 	 -0.005753 	 -0.001190
  160 	 -0.083333 	 -0.005753 	 -0.001190
  161 	 -0.083333 	 -0.005753 	 -0.001190
  162 	 -0.083333 	 -0.005753 	 -0.001190
  163 	 -0.083333 	 -0.005753 	 -0.001190
  164 	 -0.083333 	 -0.005753 	 -0.001190
  165 	 -0.083333 	 -0.005753 	 -0.001190
  166 	 -0.083333 	 -0.005753 	 -0.001190
  167 	 -0.083333 	 -0.005753 	 -0.001190
  168 	 -0.083333 	 -0.005758 	 -0.001195
  169 	 -0.083333 	 -0.005753 	 -0.001190
  170 	 -0.083333 	 -0.005753 	 -0.001190
  171 	 -0.083333 	 -0.005753 	 -0.001190
  172 	 -0.083333 	 -0.005753 	 -0.001190
  173 	 -0.083333 	 -0.005751 	 -0.001189
  174 	 -0.083333 	 -0.005795 	 -0.001196
  175 	 -0.083333 	 -0.005753 	 -0.001190
  176 	 -0.083333 	 -0.005753 	 -0.001190
  177 	 -0.083333 	 -0.005753 	 -0.001190
  178 	 -0.083333 	 -0.005753 	 -0.001190
  179 	 -0.083333 	 -0.005753 	 -0.001190
  180 	 -0.083333 	 -0.005753 	 -0.001190
  181 	 -0.083333 	 -0.005753 	 -0.001190
  182 	 -0.083333 	 -0.005754 	 -0.001192
  183 	 -0.083333 	 -0.005753 	 -0.001190
  184 	 -0.083333 	 -0.005753 	 -0.001190
  185 	 -0.083333 	 -0.005753 	 -0.001190
  186 	 -0.083333 	 -0.005753 	 -0.001190
  187 	 -0.083333 	 -0.005753 	 -0.001190
  188 	 -0.083333 	 -0.005753 	 -0.001190
  189 	 -0.083333 	 -0.005753 	 -0.001190
  190 	 -0.083333 	 -0.005753 	 -0.001190
  191 	 -0.083333 	 -0.005753 	 -0.001190
  192 	 -0.083333 	 -0.005753 	 -0.001190
  193 	 -0.083333 	 -0.005753 	 -0.001190
  194 	 -0.083333 	 -0.005753 	 -0.001190
  195 	 -0.083333 	 -0.005753 	 -0.001190
  196 	 -0.083333 	 -0.005753 	 -0.001190
  197 	 -0.083333 	 -0.005766 	 -0.001196
  198 	 -0.083333 	 -0.005753 	 -0.001190
  199 	 -0.083333 	 -0.005753 	 -0.001190
  200 	 -0.083333 	 -0.005753 	 -0.001190
  201 	 -0.083333 	 -0.005753 	 -0.001190
  202 	 -0.083333 	 -0.005753 	 -0.001190
  203 	 -0.083333 	 -0.005753 	 -0.001190
  204 	 -0.083333 	 -0.005755 	 -0.001195
  205 	 -0.083333 	 -0.005753 	 -0.001190
  206 	 -0.083333 	 -0.005753 	 -0.001190
  207 	 -0.083333 	 -0.005753 	 -0.001190
  208 	 -0.083333 	 -0.005753 	 -0.001190
  209 	 -0.083333 	 -0.005753 	 -0.001190
  210 	 -0.083333 	 -0.005753 	 -0.001189
  211 	 -0.083333 	 -0.005753 	 -0.001190
  212 	 -0.083333 	 -0.005753 	 -0.001190
  213 	 -0.083333 	 -0.005753 	 -0.001190
  214 	 -0.083333 	 -0.005753 	 -0.001190
  215 	 -0.083333 	 -0.005753 	 -0.001190
  216 	 -0.083333 	 -0.005753 	 -0.001190
  217 	 -0.083333 	 -0.005753 	 -0.001190
  218 	 -0.083333 	 -0.005753 	 -0.001190
  219 	 -0.083333 	 -0.005753 	 -0.001190
  220 	 -0.083333 	 -0.005753 	 -0.001190
  221 	 -0.083333 	 -0.005817 	 -0.001200
  222 	 -0.083333 	 -0.005753 	 -0.001190
  223 	 -0.083333 	 -0.005753 	 -0.001190
  224 	 -0.083333 	 -0.005753 	 -0.001190
  225 	 -0.083333 	 -0.005753 	 -0.001190
  226 	 -0.083333 	 -0.005753 	 -0.001190
  227 	 -0.083333 	 -0.005753 	 -0.001190
  228 	 -0.083333 	 -0.005753 	 -0.001190
  229 	 -0.083333 	 -0.005753 	 -0.001190
  230 	 -0.083333 	 -0.005753 	 -0.001190
  231 	 -0.083333 	 -0.005753 	 -0.001190
  232 	 -0.083333 	 -0.005753 	 -0.001190
  233 	 -0.083333 	 -0.005753 	 -0.001190
  234 	 -0.083333 	 -0.005753 	 -0.001190
  235 	 -0.083333 	 -0.005754 	 -0.001192
  236 	 -0.083333 	 -0.005753 	 -0.001190
  237 	 -0.083333 	 -0.005753 	 -0.001190
  238 	 -0.083333 	 -0.005753 	 -0.001190
  239 	 -0.083333 	 -0.005753 	 -0.001190
  240 	 -0.083333 	 -0.005753 	 -0.001190
  241 	 -0.083333 	 -0.005753 	 -0.001190
  242 	 -0.083333 	 -0.005753 	 -0.001190
  243 	 -0.083333 	 -0.005753 	 -0.001190
  244 	 -0.083333 	 -0.005753 	 -0.001190
  245 	 -0.083333 	 -0.005753 	 -0.001190
  246 	 -0.083333 	 -0.005753 	 -0.001190
  247 	 -0.083333 	 -0.005753 	 -0.001190
  248 	 -0.083333 	 -0.005753 	 -0.001190
  249 	 -0.083333 	 -0.005753 	 -0.001190
  250 	 -0.083333 	 -0.005753 	 -0.001190
  251 	 -0.083333 	 -0.005753 	 -0.001190
  252 	 -0.083333 	 -0.005753 	 -0.001190
  253 	 -0.083333 	 -0.005753 	 -0.001190
  254 	 -0.083333 	 -0.005753 	 -0.001190
  255 	 -0.083333 	 -0.005753 	 -0.001190
  256 	 -0.083333 	 -0.005753 	 -0.001190
  257 	 -0.083333 	 -0.005753 	 -0.001190
  258 	 -0.083333 	 -0.005753 	 -0.001190
  259 	 -0.083333 	 -0.005753 	 -0.001190
  260 	 -0.083333 	 -0.005752 	 -0.001189
  261 	 -0.083333 	 -0.005753 	 -0.001190
  262 	 -0.083333 	 -0.005753 	 -0.001190
  263 	 -0.083333 	 -0.005753 	 -0.001190
  264 	 -0.083333 	 -0.005753 	 -0.001190
  265 	 -0.083333 	 -0.005753 	 -0.001190
  266 	 -0.083333 	 -0.005753 	 -0.001190
  267 	 -0.083333 	 -0.005753 	 -0.001190
  268 	 -0.083333 	 -0.005753 	 -0.001190
  269 	 -0.083333 	 -0.005753 	 -0.001190
  270 	 -0.083333 	 -0.005753 	 -0.001190
  271 	 -0.083333 	 -0.005753 	 -0.001190
  272 	 -0.083333 	 -0.005744 	 -0.001189
  273 	 -0.083333 	 -0.005753 	 -0.001190
  274 	 -0.083333 	 -0.005753 	 -0.001190
  275 	 -0.083333 	 -0.005753 	 -0.001190
  276 	 -0.083333 	 -0.005753 	 -0.001190
  277 	 -0.083333 	 -0.005753 	 -0.001190
  278 	 -0.083333 	 -0.005753 	 -0.001190
  279 	 -0.083333 	 -0.005753 	 -0.001190
  280 	 -0.083333 	 -0.005753 	 -0.001190
  281 	 -0.083333 	 -0.005756 	 -0.001196
  282 	 -0.083333 	 -0.005753 	 -0.001190
  283 	 -0.083333 	 -0.005753 	 -0.001190
  284 	 -0.083333 	 -0.005753 	 -0.001190
  285 	 -0.083333 	 -0.005753 	 -0.001190
  286 	 -0.083333 	 -0.005753 	 -0.001190
  287 	 -0.083333 	 -0.005753 	 -0.001190
  288 	 -0.083333 	 -0.005753 	 -0.001190
  289 	 -0.083333 	 -0.005753 	 -0.001190
  290 	 -0.083333 	 -0.005753 	 -0.001190
  291 	 -0.083333 	 -0.005753 	 -0.001190
  292 	 -0.083333 	 -0.005753 	 -0.001190
  293 	 -0.083333 	 -0.005753 	 -0.001190
  294 	 -0.083333 	 -0.005753 	 -0.001190
  295 	 -0.083333 	 -0.005753 	 -0.001190
  296 	 -0.083333 	 -0.005753 	 -0.001190
  297 	 -0.083333 	 -0.005753 	 -0.001190
  298 	 -0.083333 	 -0.005753 	 -0.001190
  299 	 -0.083333 	 -0.005753 	 -0.001190
  300 	 -0.083333 	 -0.005753 	 -0.001190
  301 	 -0.083333 	 -0.005754 	 -0.001192
  302 	 -0.083333 	 -0.005753 	 -0.001190
  303 	 -0.083333 	 -0.005753 	 -0.001190
  304 	 -0.083333 	 -0.005753 	 -0.001190
  305 	 -0.083333 	 -0.005753 	 -0.001189
  306 	 -0.083333 	 -0.005753 	 -0.001190
  307 	 -0.083333 	 -0.005753 	 -0.001190
  308 	 -0.083333 	 -0.005753 	 -0.001189
  309 	 -0.083333 	 -0.005753 	 -0.001190
  310 	 -0.083333 	 -0.005753 	 -0.001190
  311 	 -0.083333 	 -0.005753 	 -0.001190
  312 	 -0.083333 	 -0.005753 	 -0.001190
  313 	 -0.083333 	 -0.005753 	 -0.001190
  314 	 -0.083333 	 -0.005752 	 -0.001189
  315 	 -0.083333 	 -0.005753 	 -0.001190
  316 	 -0.083333 	 -0.005753 	 -0.001190
  317 	 -0.083333 	 -0.005753 	 -0.001190
  318 	 -0.083333 	 -0.005753 	 -0.001190
  319 	 -0.083333 	 -0.005753 	 -0.001190
  320 	 -0.083333 	 -0.005753 	 -0.001190
  321 	 -0.083333 	 -0.005753 	 -0.001190
  322 	 -0.083333 	 -0.005753 	 -0.001190
  323 	 -0.083333 	 -0.005753 	 -0.001190
  324 	 -0.083333 	 -0.005753 	 -0.001190
  325 	 -0.083333 	 -0.005753 	 -0.001190
  326 	 -0.083333 	 -0.005753 	 -0.001190
  327 	 -0.083333 	 -0.005753 	 -0.001190
  328 	 -0.083333 	 -0.005753 	 -0.001190
  329 	 -0.083333 	 -0.005753 	 -0.001190
  330 	 -0.083333 	 -0.005753 	 -0.001190
  331 	 -0.083333 	 -0.005753 	 -0.001190
  332 	 -0.083333 	 -0.005753 	 -0.001190
  333 	 -0.083333 	 -0.005753 	 -0.001190
  334 	 -0.083333 	 -0.005753 	 -0.001190
  335 	 -0.083333 	 -0.005753 	 -0.001190
  336 	 -0.083333 	 -0.005753 	 -0.001190
  337 	 -0.083333 	 -0.005753 	 -0.001190
  338 	 -0.083333 	 -0.005772 	 -0.001196
  339 	 -0.083333 	 -0.005753 	 -0.001189
  340 	 -0.083333 	 -0.005753 	 -0.001190
  341 	 -0.083333 	 -0.005753 	 -0.001190
  342 	 -0.083333 	 -0.005765 	 -0.001193
  343 	 -0.083333 	 -0.005753 	 -0.001190
  344 	 -0.083333 	 -0.005753 	 -0.001189
  345 	 -0.083333 	 -0.005753 	 -0.001190
  346 	 -0.083333 	 -0.005753 	 -0.001190
  347 	 -0.083333 	 -0.005753 	 -0.001190
  348 	 -0.083333 	 -0.005753 	 -0.001189
  349 	 -0.083333 	 -0.005753 	 -0.001190
  350 	 -0.083333 	 -0.005753 	 -0.001190
  351 	 -0.083333 	 -0.005753 	 -0.001190
  352 	 -0.083333 	 -0.005753 	 -0.001190
  353 	 -0.083333 	 -0.005753 	 -0.001190
  354 	 -0.083333 	 -0.005755 	 -0.001192
  355 	 -0.083333 	 -0.005753 	 -0.001190
  356 	 -0.083333 	 -0.005755 	 -0.001192
  357 	 -0.083333 	 -0.005753 	 -0.001190
  358 	 -0.083333 	 -0.005753 	 -0.001190
  359 	 -0.083333 	 -0.005753 	 -0.001190
  360 	 -0.083333 	 -0.005753 	 -0.001190
  361 	 -0.083333 	 -0.005753 	 -0.001190
  362 	 -0.083333 	 -0.005753 	 -0.001190
  363 	 -0.083333 	 -0.005753 	 -0.001190
  364 	 -0.083333 	 -0.005753 	 -0.001190
  365 	 -0.083333 	 -0.005753 	 -0.001189
  366 	 -0.083333 	 -0.005753 	 -0.001190
  367 	 -0.083333 	 -0.005753 	 -0.001190
  368 	 -0.083333 	 -0.005753 	 -0.001190
  369 	 -0.083333 	 -0.005754 	 -0.001192
  370 	 -0.083333 	 -0.005753 	 -0.001190
  371 	 -0.083333 	 -0.005753 	 -0.001190
  372 	 -0.083333 	 -0.005753 	 -0.001190
  373 	 -0.083333 	 -0.005753 	 -0.001190
  374 	 -0.083333 	 -0.005753 	 -0.001190
  375 	 -0.083333 	 -0.005753 	 -0.001190
  376 	 -0.083333 	 -0.005760 	 -0.001193
  377 	 -0.083333 	 -0.005742 	 -0.001189
  378 	 -0.083333 	 -0.005753 	 -0.001190
  379 	 -0.083333 	 -0.005753 	 -0.001190
  380 	 -0.083333 	 -0.005753 	 -0.001190
  381 	 -0.083333 	 -0.005753 	 -0.001190
  382 	 -0.083333 	 -0.005753 	 -0.001190
  383 	 -0.083333 	 -0.005753 	 -0.001190
  384 	 -0.083333 	 -0.005753 	 -0.001190
  385 	 -0.083333 	 -0.005753 	 -0.001190
  386 	 -0.083333 	 -0.005762 	 -0.001196
  387 	 -0.083333 	 -0.005753 	 -0.001190
  388 	 -0.083333 	 -0.005753 	 -0.001190
  389 	 -0.083333 	 -0.005753 	 -0.001190
  390 	 -0.083333 	 -0.005746 	 -0.001188
  391 	 -0.083333 	 -0.005756 	 -0.001195
  392 	 -0.083333 	 -0.005753 	 -0.001190
  393 	 -0.083333 	 -0.005753 	 -0.001190
  394 	 -0.083333 	 -0.005753 	 -0.001190
  395 	 -0.083333 	 -0.005753 	 -0.001190
  396 	 -0.083333 	 -0.005753 	 -0.001190
  397 	 -0.083333 	 -0.005753 	 -0.001190
  398 	 -0.083333 	 -0.005753 	 -0.001190
  399 	 -0.083333 	 -0.005753 	 -0.001190
 