   0 	 -1.000000 	 0.326769 	 10.000000
    1 	 -0.250000 	 -0.009376 	 0.500000
    2 	 0.007143 	 0.034520 	 0.500000
    3 	 0.007407 	 0.035299 	 0.500000
    4 	 0.007092 	 0.034407 	 0.500000
    5 	 0.007143 	 0.034520 	 0.500000
    6 	 0.007143 	 0.034520 	 0.500000
    7 	 0.007143 	 0.034520 	 0.500000
    8 	 0.007143 	 0.034520 	 0.500000
    9 	 0.007143 	 0.034520 	 0.500000
   10 	 0.007143 	 0.034520 	 0.500000
   11 	 0.007143 	 0.034520 	 0.500000
   12 	 0.006993 	 0.034504 	 0.500000
   13 	 0.007143 	 0.034520 	 0.500000
   14 	 0.007143 	 0.034520 	 0.500000
   15 	 0.007143 	 0.034520 	 0.500000
   16 	 0.007143 	 0.034520 	 0.500000
   17 	 0.006993 	 0.034473 	 0.500000
   18 	 0.007194 	 0.034660 	 0.500000
   19 	 0.006944 	 0.034515 	 0.500000
   20 	 0.007143 	 0.034520 	 0.500000
   21 	 0.007246 	 0.034628 	 0.500000
   22 	 0.007143 	 0.034520 	 0.500000
   23 	 0.007143 	 0.034520 	 0.500000
   24 	 0.007143 	 0.034520 	 0.500000
   25 	 0.007143 	 0.034520 	 0.500000
   26 	 0.007143 	 0.034520 	 0.500000
   27 	 0.007143 	 0.034520 	 0.500000
   28 	 0.007143 	 0.034520 	 0.500000
   29 	 0.007353 	 0.034568 	 0.500000
   30 	 0.007092 	 0.034476 	 0.500000
   31 	 0.007092 	 0.034358 	 0.500000
   32 	 0.007143 	 0.034520 	 0.500000
   33 	 0.007143 	 0.034520 	 0.500000
   34 	 0.007143 	 0.034520 	 0.500000
   35 	 0.007143 	 0.034520 	 0.500000
   36 	 0.007143 	 0.034520 	 0.500000
   37 	 0.007143 	 0.034520 	 0.500000
   38 	 0.007143 	 0.034520 	 0.500000
   39 	 0.007143 	 0.034520 	 0.500000
   40 	 0.007143 	 0.034520 	 0.500000
   41 	 0.007143 	 0.034520 	 0.500000
   42 	 0.007143 	 0.034520 	 0.500000
   43 	 0.007143 	 0.034520 	 0.500000
   44 	 0.007143 	 0.034520 	 0.500000
   45 	 0.007143 	 0.034520 	 0.500000
   46 	 0.007143 	 0.034520 	 0.500000
   47 	 0.007092 	 0.034491 	 0.500000
   48 	 0.007143 	 0.034520 	 0.500000
   49 	 0.007143 	 0.034520 	 0.500000
   50 	 0.007143 	 0.034520 	 0.500000
   51 	 0.007042 	 0.034491 	 0.500000
   52 	 0.007143 	 0.034520 	 0.500000
   53 	 0.007143 	 0.034520 	 0.500000
   54 	 0.007143 	 0.034520 	 0.500000
   55 	 0.007143 	 0.034520 	 0.500000
   56 	 0.007143 	 0.034520 	 0.500000
   57 	 0.007143 	 0.034520 	 0.500000
   58 	 0.007143 	 0.034520 	 0.500000
   59 	 0.007143 	 0.034520 	 0.500000
   60 	 0.007143 	 0.034520 	 0.500000
   61 	 0.007143 	 0.034520 	 0.500000
   62 	 0.007143 	 0.034520 	 0.500000
   63 	 0.007143 	 0.034520 	 0.500000
   64 	 0.007143 	 0.034520 	 0.500000
   65 	 0.007143 	 0.034520 	 0.500000
   66 	 0.007143 	 0.034520 	 0.500000
   67 	 0.007143 	 0.034520 	 0.500000
   68 	 0.007143 	 0.034520 	 0.500000
   69 	 0.007143 	 0.034520 	 0.500000
   70 	 0.007143 	 0.034520 	 0.500000
   71 	 0.007143 	 0.034520 	 0.500000
   72 	 0.007194 	 0.034523 	 0.500000
   73 	 0.007194 	 0.034556 	 0.500000
   74 	 0.007246 	 0.034532 	 0.500000
   75 	 0.007143 	 0.034520 	 0.500000
   76 	 0.007143 	 0.034520 	 0.500000
   77 	 0.007143 	 0.034520 	 0.500000
   78 	 0.007143 	 0.034520 	 0.500000
   79 	 0.007143 	 0.034520 	 0.500000
   80 	 0.007143 	 0.034520 	 0.500000
   81 	 0.007143 	 0.034520 	 0.500000
   82 	 0.007143 	 0.034520 	 0.500000
   83 	 0.007143 	 0.034520 	 0.500000
   84 	 0.007246 	 0.034523 	 0.500000
   85 	 0.007143 	 0.034520 	 0.500000
   86 	 0.006897 	 0.034489 	 0.500000
   87 	 0.007143 	 0.034520 	 0.500000
   88 	 0.007143 	 0.034520 	 0.500000
   89 	 0.007143 	 0.034520 	 0.500000
   90 	 0.007143 	 0.034520 	 0.500000
   91 	 0.007143 	 0.034520 	 0.500000
   92 	 0.007143 	 0.034520 	 0.500000
   93 	 0.007143 	 0.034520 	 0.500000
   94 	 0.007143 	 0.034520 	 0.500000
   95 	 0.007143 	 0.034520 	 0.500000
   96 	 0.007143 	 0.034520 	 0.500000
   97 	 0.006897 	 0.034387 	 0.500000
   98 	 0.007143 	 0.034520 	 0.500000
   99 	 0.007143 	 0.034520 	 0.500000
  100 	 0.007143 	 0.034520 	 0.500000
  101 	 0.007143 	 0.034520 	 0.500000
  102 	 0.007143 	 0.034520 	 0.500000
  103 	 0.007143 	 0.034520 	 0.500000
  104 	 0.007143 	 0.034520 	 0.500000
  105 	 0.007092 	 0.034267 	 0.500000
  106 	 0.007143 	 0.034520 	 0.500000
  107 	 0.007143 	 0.034520 	 0.500000
  108 	 0.007143 	 0.034520 	 0.500000
  109 	 0.007143 	 0.034520 	 0.500000
  110 	 0.007143 	 0.034520 	 0.500000
  111 	 0.006944 	 0.034515 	 0.500000
  112 	 0.007143 	 0.034520 	 0.500000
  113 	 0.007143 	 0.034520 	 0.500000
  114 	 0.007143 	 0.034520 	 0.500000
  115 	 0.007143 	 0.034520 	 0.500000
  116 	 0.007143 	 0.034520 	 0.500000
  117 	 0.007143 	 0.034520 	 0.500000
  118 	 0.007143 	 0.034520 	 0.500000
  119 	 0.007143 	 0.034520 	 0.500000
  120 	 0.007143 	 0.034520 	 0.500000
  121 	 0.007143 	 0.034520 	 0.500000
  122 	 0.007143 	 0.034520 	 0.500000
  123 	 0.007143 	 0.034520 	 0.500000
  124 	 0.007143 	 0.034520 	 0.500000
  125 	 0.007143 	 0.034520 	 0.500000
  126 	 0.007143 	 0.034520 	 0.500000
  127 	 0.007143 	 0.034520 	 0.500000
  128 	 0.007143 	 0.034520 	 0.500000
  129 	 0.007143 	 0.034520 	 0.500000
  130 	 0.007143 	 0.034520 	 0.500000
  131 	 0.007143 	 0.034520 	 0.500000
  132 	 0.007143 	 0.034520 	 0.500000
  133 	 0.007143 	 0.034520 	 0.500000
  134 	 0.007143 	 0.034520 	 0.500000
  135 	 0.007143 	 0.034520 	 0.500000
  136 	 0.007143 	 0.034520 	 0.500000
  137 	 0.007143 	 0.034520 	 0.500000
  138 	 0.007143 	 0.034520 	 0.500000
  139 	 0.007143 	 0.034520 	 0.500000
  140 	 0.007143 	 0.034520 	 0.500000
  141 	 0.007143 	 0.034520 	 0.500000
  142 	 0.007143 	 0.034520 	 0.500000
  143 	 0.007143 	 0.034520 	 0.500000
  144 	 0.007143 	 0.034520 	 0.500000
  145 	 0.007143 	 0.034520 	 0.500000
  146 	 0.007143 	 0.034520 	 0.500000
  147 	 0.007143 	 0.034520 	 0.500000
  148 	 0.007143 	 0.034520 	 0.500000
  149 	 0.007143 	 0.034520 	 0.500000
  150 	 0.007143 	 0.034520 	 0.500000
  151 	 0.007143 	 0.034520 	 0.500000
  152 	 0.007143 	 0.034520 	 0.500000
  153 	 0.007143 	 0.034520 	 0.500000
  154 	 0.007246 	 0.034665 	 0.500000
  155 	 0.007246 	 0.034523 	 0.500000
  156 	 0.007143 	 0.034520 	 0.500000
  157 	 0.007143 	 0.034520 	 0.500000
  158 	 0.007092 	 0.033821 	 0.500000
  159 	 0.007042 	 0.034405 	 0.500000
  160 	 0.007143 	 0.034520 	 0.500000
  161 	 0.007143 	 0.034520 	 0.500000
  162 	 0.007143 	 0.034520 	 0.500000
  163 	 0.007143 	 0.034520 	 0.500000
  164 	 0.007143 	 0.034520 	 0.500000
  165 	 0.007092 	 0.034311 	 0.500000
  166 	 0.007042 	 0.034219 	 0.500000
  167 	 0.007092 	 0.034513 	 0.500000
  168 	 0.007143 	 0.034520 	 0.500000
  169 	 0.007143 	 0.034520 	 0.500000
  170 	 0.007143 	 0.034520 	 0.500000
  171 	 0.007092 	 0.034516 	 0.500000
  172 	 0.007353 	 0.054813 	 1.000000
  173 	 0.013158 	 0.221745 	 10.000000
  174 	 -1.000000 	 -0.046114 	 -0.006667
  175 	 -0.333333 	 -0.023014 	 -0.004762
  176 	 -0.333333 	 -0.023014 	 -0.004762
  177 	 -0.333333 	 -0.023014 	 -0.004762
  178 	 -0.333333 	 -0.023014 	 -0.004762
  179 	 -0.333333 	 -0.023014 	 -0.004762
  180 	 -0.333333 	 -0.023021 	 -0.004854
  181 	 -0.333333 	 -0.023014 	 -0.004762
  182 	 -0.333333 	 -0.023014 	 -0.004762
  183 	 -0.333333 	 -0.023014 	 -0.004762
  184 	 -0.333333 	 -0.023014 	 -0.004762
  185 	 -0.333333 	 -0.023014 	 -0.004762
  186 	 -0.333333 	 -0.023014 	 -0.004762
  187 	 -0.333333 	 -0.023014 	 -0.004762
  188 	 -0.333333 	 -0.023014 	 -0.004762
  189 	 -0.333333 	 -0.023014 	 -0.004762
  190 	 -0.333333 	 -0.023014 	 -0.004762
  191 	 -0.333333 	 -0.024139 	 -0.004785
  192 	 -0.333333 	 -0.023014 	 -0.004762
  193 	 -0.333333 	 -0.023014 	 -0.004762
  194 	 -0.333333 	 -0.023014 	 -0.004762
  195 	 -0.333333 	 -0.023014 	 -0.004762
  196 	 -0.333333 	 -0.023014 	 -0.004762
  197 	 -0.333333 	 -0.023014 	 -0.004762
  198 	 -0.333333 	 -0.023014 	 -0.004762
  199 	 -0.333333 	 -0.023014 	 -0.004762
  200 	 -0.333333 	 -0.023014 	 -0.004762
  201 	 -0.333333 	 -0.023014 	 -0.004762
  202 	 -0.333333 	 -0.023014 	 -0.004762
  203 	 -0.333333 	 -0.023014 	 -0.004762
  204 	 -0.333333 	 -0.023049 	 -0.004831
  205 	 -0.333333 	 -0.023014 	 -0.004762
  206 	 -0.333333 	 -0.023018 	 -0.004785
  207 	 -0.333333 	 -0.023406 	 -0.004878
  208 	 -0.333333 	 -0.023014 	 -0.004762
  209 	 -0.333333 	 -0.023014 	 -0.004762
  210 	 -0.333333 	 -0.023014 	 -0.004762
  211 	 -0.333333 	 -0.023014 	 -0.004762
  212 	 -0.333333 	 -0.022699 	 -0.004717
  213 	 -0.333333 	 -0.023020 	 -0.004878
  214 	 -0.333333 	 -0.023014 	 -0.004762
  215 	 -0.333333 	 -0.023014 	 -0.004762
  216 	 -0.333333 	 -0.023014 	 -0.004762
  217 	 -0.333333 	 -0.023014 	 -0.004762
  218 	 -0.333333 	 -0.023014 	 -0.004762
  219 	 -0.333333 	 -0.023014 	 -0.004762
  220 	 -0.333333 	 -0.023184 	 -0.004831
  221 	 -0.333333 	 -0.023014 	 -0.004762
  222 	 -0.333333 	 -0.023014 	 -0.004762
  223 	 -0.333333 	 -0.023014 	 -0.004762
  224 	 -0.333333 	 -0.023014 	 -0.004762
  225 	 -0.333333 	 -0.023014 	 -0.004762
  226 	 -0.333333 	 -0.023014 	 -0.004762
  227 	 -0.333333 	 -0.023014 	 -0.004762
  228 	 -0.333333 	 -0.023014 	 -0.004762
  229 	 -0.333333 	 -0.023014 	 -0.004762
  230 	 -0.333333 	 -0.022974 	 -0.004739
  231 	 -0.333333 	 -0.023014 	 -0.004762
  232 	 -0.333333 	 -0.023014 	 -0.004762
  233 	 -0.333333 	 -0.023014 	 -0.004762
  234 	 -0.333333 	 -0.023014 	 -0.004762
  235 	 -0.333333 	 -0.022990 	 -0.004739
  236 	 -0.333333 	 -0.023014 	 -0.004762
  237 	 -0.333333 	 -0.023014 	 -0.004762
  238 	 -0.333333 	 -0.023014 	 -0.004762
  239 	 -0.333333 	 -0.023014 	 -0.004762
  240 	 -0.333333 	 -0.023014 	 -0.004762
  241 	 -0.333333 	 -0.023014 	 -0.004762
  242 	 -0.333333 	 -0.022858 	 -0.004717
  243 	 -0.333333 	 -0.025938 	 -0.004878
  244 	 -0.333333 	 -0.022993 	 -0.004717
  245 	 -0.333333 	 -0.023071 	 -0.004831
  246 	 -0.333333 	 -0.023014 	 -0.004762
  247 	 -0.333333 	 -0.023014 	 -0.004762
  248 	 -0.333333 	 -0.023014 	 -0.004762
  249 	 -0.333333 	 -0.023016 	 -0.004785
  250 	 -0.333333 	 -0.023014 	 -0.004762
  251 	 -0.333333 	 -0.023014 	 -0.004762
  252 	 -0.333333 	 -0.023014 	 -0.004762
  253 	 -0.333333 	 -0.023014 	 -0.004762
  254 	 -0.333333 	 -0.023014 	 -0.004762
  255 	 -0.333333 	 -0.023045 	 -0.004785
  256 	 -0.333333 	 -0.023014 	 -0.004762
  257 	 -0.333333 	 -0.023014 	 -0.004762
  258 	 -0.333333 	 -0.023014 	 -0.004762
  259 	 -0.333333 	 -0.023014 	 -0.004762
  260 	 -0.333333 	 -0.023014 	 -0.004762
  261 	 -0.333333 	 -0.023014 	 -0.004762
  262 	 -0.333333 	 -0.023014 	 -0.004762
  263 	 -0.333333 	 -0.023014 	 -0.004762
  264 	 -0.333333 	 -0.023014 	 -0.004762
  265 	 -0.333333 	 -0.023158 	 -0.004808
  266 	 -0.333333 	 -0.023014 	 -0.004762
  267 	 -0.333333 	 -0.023014 	 -0.004762
  268 	 -0.333333 	 -0.023014 	 -0.004762
  269 	 -0.333333 	 -0.023014 	 -0.004762
  270 	 -0.333333 	 -0.023014 	 -0.004762
  271 	 -0.333333 	 -0.023014 	 -0.004762
  272 	 -0.333333 	 -0.023118 	 -0.004808
  273 	 -0.333333 	 -0.023014 	 -0.004762
  274 	 -0.333333 	 -0.023014 	 -0.004762
  275 	 -0.333333 	 -0.023014 	 -0.004762
  276 	 -0.333333 	 -0.023014 	 -0.004762
  277 	 -0.333333 	 -0.023014 	 -0.004762
  278 	 -0.333333 	 -0.023014 	 -0.004762
  279 	 -0.333333 	 -0.023014 	 -0.004762
  280 	 -0.333333 	 -0.023014 	 -0.004762
  281 	 -0.333333 	 -0.023024 	 -0.004785
  282 	 -0.333333 	 -0.023014 	 -0.004762
  283 	 -0.333333 	 -0.023014 	 -0.004762
  284 	 -0.333333 	 -0.023014 	 -0.004762
  285 	 -0.333333 	 -0.023014 	 -0.004762
  286 	 -0.333333 	 -0.023014 	 -0.004762
  287 	 -0.333333 	 -0.023014 	 -0.004762
  288 	 -0.333333 	 -0.023014 	 -0.004762
  289 	 -0.333333 	 -0.023014 	 -0.004762
  290 	 -0.333333 	 -0.023014 	 -0.004762
  291 	 -0.333333 	 -0.023014 	 -0.004762
  292 	 -0.333333 	 -0.023014 	 -0.004762
  293 	 -0.333333 	 -0.023014 	 -0.004762
  294 	 -0.333333 	 -0.023014 	 -0.004762
  295 	 -0.333333 	 -0.023014 	 -0.004762
  296 	 -0.333333 	 -0.023014 	 -0.004762
  297 	 -0.333333 	 -0.023014 	 -0.004762
  298 	 -0.333333 	 -0.023014 	 -0.004762
  299 	 -0.333333 	 -0.023014 	 -0.004762
  300 	 -0.333333 	 -0.023014 	 -0.004762
  301 	 -0.333333 	 -0.023014 	 -0.004762
  302 	 -0.333333 	 -0.023014 	 -0.004762
  303 	 -0.333333 	 -0.023014 	 -0.004762
  304 	 -0.333333 	 -0.023046 	 -0.004739
  305 	 -0.333333 	 -0.023094 	 -0.004785
  306 	 -0.333333 	 -0.023014 	 -0.004762
  307 	 -0.333333 	 -0.023014 	 -0.004762
  308 	 -0.333333 	 -0.023014 	 -0.004762
  309 	 -0.333333 	 -0.023014 	 -0.004762
  310 	 -0.333333 	 -0.023014 	 -0.004762
  311 	 -0.333333 	 -0.023014 	 -0.004762
  312 	 -0.333333 	 -0.023014 	 -0.004762
  313 	 -0.333333 	 -0.023014 	 -0.004762
  314 	 -0.333333 	 -0.022654 	 -0.004673
  315 	 -0.333333 	 -0.023014 	 -0.004762
  316 	 -0.333333 	 -0.023014 	 -0.004762
  317 	 -0.333333 	 -0.023009 	 -0.004717
  318 	 -0.333333 	 -0.022972 	 -0.004739
  319 	 -0.333333 	 -0.023069 	 -0.004785
  320 	 -0.333333 	 -0.023014 	 -0.004762
  321 	 -0.333333 	 -0.023014 	 -0.004762
  322 	 -0.333333 	 -0.023014 	 -0.004762
  323 	 -0.333333 	 -0.023014 	 -0.004762
  324 	 -0.333333 	 -0.023014 	 -0.004762
  325 	 -0.333333 	 -0.023014 	 -0.004762
  326 	 -0.333333 	 -0.023014 	 -0.004762
  327 	 -0.333333 	 -0.023014 	 -0.004762
  328 	 -0.333333 	 -0.023014 	 -0.004762
  329 	 -0.333333 	 -0.023014 	 -0.004762
  330 	 -0.333333 	 -0.023014 	 -0.004762
  331 	 -0.333333 	 -0.023014 	 -0.004762
  332 	 -0.333333 	 -0.023014 	 -0.004762
  333 	 -0.333333 	 -0.023115 	 -0.004926
  334 	 -0.333333 	 -0.023014 	 -0.004762
  335 	 -0.333333 	 -0.023014 	 -0.004762
  336 	 -0.333333 	 -0.022970 	 -0.004717
  337 	 -0.333333 	 -0.023014 	 -0.004762
  338 	 -0.333333 	 -0.023014 	 -0.004762
  339 	 -0.333333 	 -0.023014 	 -0.004762
  340 	 -0.333333 	 -0.023014 	 -0.004762
  341 	 -0.333333 	 -0.023014 	 -0.004762
  342 	 -0.333333 	 -0.023014 	 -0.004762
  343 	 -0.333333 	 -0.024533 	 -0.004831
  344 	 -0.333333 	 -0.023014 	 -0.004762
  345 	 -0.333333 	 -0.023014 	 -0.004762
  346 	 -0.333333 	 -0.023014 	 -0.004762
  347 	 -0.333333 	 -0.023014 	 -0.004762
  348 	 -0.333333 	 -0.023014 	 -0.004762
  349 	 -0.333333 	 -0.023014 	 -0.004762
  350 	 -0.333333 	 -0.023014 	 -0.004762
  351 	 -0.333333 	 -0.023014 	 -0.004762
  352 	 -0.333333 	 -0.023014 	 -0.004762
  353 	 -0.333333 	 -0.023014 	 -0.004762
  354 	 -0.333333 	 -0.023014 	 -0.004762
  355 	 -0.333333 	 -0.023014 	 -0.004762
  356 	 -0.333333 	 -0.023014 	 -0.004762
  357 	 -0.333333 	 -0.023014 	 -0.004762
  358 	 -0.333333 	 -0.023014 	 -0.004762
  359 	 -0.333333 	 -0.023014 	 -0.004762
  360 	 -0.333333 	 -0.023014 	 -0.004762
  361 	 -0.333333 	 -0.023082 	 -0.004785
  362 	 -0.333333 	 -0.023014 	 -0.004762
  363 	 -0.333333 	 -0.023014 	 -0.004762
  364 	 -0.333333 	 -0.023014 	 -0.004762
  365 	 -0.333333 	 -0.023014 	 -0.004762
  366 	 -0.333333 	 -0.023014 	 -0.004762
  367 	 -0.333333 	 -0.023014 	 -0.004762
  368 	 -0.333333 	 -0.023014 	 -0.004762
  369 	 -0.333333 	 -0.023014 	 -0.004762
  370 	 -0.333333 	 -0.023051 	 -0.004831
  371 	 -0.333333 	 -0.023014 	 -0.004762
  372 	 -0.333333 	 -0.023014 	 -0.004762
  373 	 -0.333333 	 -0.023014 	 -0.004762
  374 	 -0.333333 	 -0.023014 	 -0.004762
  375 	 -0.333333 	 -0.023001 	 -0.004717
  376 	 -0.333333 	 -0.023014 	 -0.004762
  377 	 -0.333333 	 -0.023015 	 -0.004785
  378 	 -0.333333 	 -0.023014 	 -0.004762
  379 	 -0.333333 	 -0.023014 	 -0.004831
  380 	 -0.333333 	 -0.024951 	 -0.005952
  381 	 -0.333333 	 -0.023014 	 -0.004762
  382 	 -0.333333 	 -0.023014 	 -0.004762
  383 	 -0.333333 	 -0.023014 	 -0.004762
  384 	 -0.333333 	 -0.023014 	 -0.004762
  385 	 -0.333333 	 -0.023014 	 -0.004762
  386 	 -0.333333 	 -0.023014 	 -0.004762
  387 	 -0.333333 	 -0.022974 	 -0.004739
  388 	 -0.333333 	 -0.023014 	 -0.004762
  389 	 -0.333333 	 -0.023014 	 -0.004762
  390 	 -0.333333 	 -0.023014 	 -0.004762
  391 	 -0.333333 	 -0.023014 	 -0.004762
  392 	 -0.333333 	 -0.023014 	 -0.004762
  393 	 -0.333333 	 -0.023014 	 -0.004762
  394 	 -0.333333 	 -0.023014 	 -0.004762
  395 	 -0.333333 	 -0.023042 	 -0.004785
  396 	 -0.333333 	 -0.023014 	 -0.004762
  397 	 -0.333333 	 -0.023014 	 -0.004762
  398 	 -0.333333 	 -0.023014 	 -0.004762
  399 	 -0.333333 	 -0.023014 	 -0.004762
 