   0 	 0.015625 	 0.130170 	 2.441407
    1 	 0.018926 	 1.063665 	 9.765615
    2 	 0.040830 	 2.267387 	 7.596561
    3 	 0.097299 	 1.847477 	 8.085644
    4 	 0.129888 	 0.722761 	 6.981782
    5 	 0.117713 	 0.980245 	 2.206758
    6 	 0.135293 	 1.733244 	 4.201192
    7 	 0.036958 	 1.459416 	 4.543120
    8 	 0.232364 	 0.741701 	 4.207111
    9 	 0.215261 	 1.030638 	 7.175750
   10 	 0.232045 	 1.510159 	 2.987178
   11 	 0.132656 	 1.268231 	 3.148008
   12 	 0.323669 	 0.752389 	 2.990028
   13 	 0.307654 	 1.011679 	 4.254310
   14 	 0.323370 	 1.360718 	 2.347038
   15 	 0.229531 	 1.164065 	 2.438704
   16 	 0.408257 	 0.772257 	 2.348683
   17 	 0.393530 	 0.970021 	 3.012673
   18 	 0.407983 	 1.259318 	 1.958262
   19 	 0.321020 	 1.099633 	 2.016414
   20 	 0.485281 	 0.794435 	 1.959313
   21 	 0.471962 	 0.949890 	 2.361722
   22 	 0.485034 	 1.185174 	 1.701603
   23 	 0.405824 	 1.054294 	 1.741062
   24 	 0.554323 	 0.816144 	 1.702320
   25 	 0.542458 	 0.941211 	 1.967636
   26 	 0.554103 	 1.133771 	 1.522712
   27 	 0.134580 	 1.013822 	 1.550730
   28 	 0.108091 	 0.825771 	 1.523223
   29 	 0.110841 	 0.965752 	 4.219763
   30 	 0.615149 	 1.141663 	 4.750803
   31 	 0.231366 	 1.045031 	 4.689519
   32 	 0.206049 	 0.844883 	 1.393633
   33 	 0.208685 	 0.950555 	 2.996114
   34 	 0.668434 	 1.092637 	 3.242021
   35 	 0.322735 	 1.013751 	 3.214558
   36 	 0.299005 	 0.861658 	 1.297296
   37 	 0.301481 	 0.944090 	 2.352191
   38 	 0.714441 	 1.059934 	 2.491246
   39 	 0.407400 	 0.995387 	 2.475976
   40 	 0.385558 	 0.876162 	 1.224228
   41 	 0.387841 	 0.941492 	 1.961554
   42 	 0.753791 	 1.036204 	 2.049358
   43 	 0.484507 	 0.983362 	 2.039812
   44 	 0.464736 	 0.886151 	 1.167964
   45 	 0.466807 	 0.937473 	 1.703847
   46 	 0.787176 	 1.020889 	 1.763244
   47 	 0.553634 	 0.979062 	 1.756830
   48 	 0.536008 	 0.898061 	 1.124131
   49 	 0.041532 	 0.927848 	 1.524311
   50 	 0.815307 	 1.006425 	 1.566397
   51 	 0.614737 	 1.046351 	 6.947733
   52 	 0.599234 	 0.907026 	 1.089672
   53 	 0.141841 	 0.930137 	 1.394433
   54 	 0.838876 	 0.995158 	 1.425244
   55 	 0.668077 	 1.005843 	 4.094310
   56 	 0.654603 	 0.914544 	 1.062388
   57 	 0.238282 	 0.932524 	 1.297897
   58 	 0.858525 	 0.986288 	 1.320999
   59 	 0.714134 	 0.987734 	 2.935289
   60 	 0.702544 	 0.920815 	 1.040664
   61 	 0.329198 	 0.931241 	 1.224688
   62 	 0.699109 	 0.975746 	 1.242323
   63 	 0.753529 	 0.981312 	 2.316972
   64 	 0.743648 	 0.930069 	 1.247646
   65 	 0.413330 	 0.934011 	 1.168321
   66 	 0.740715 	 0.970723 	 1.181966
   67 	 0.108142 	 0.963159 	 1.938997
   68 	 0.107517 	 0.923627 	 1.186077
   69 	 0.489861 	 0.983948 	 4.749634
   70 	 0.776110 	 1.013824 	 4.763796
   71 	 0.206099 	 0.958968 	 1.688446
   72 	 0.205499 	 0.927659 	 1.138291
   73 	 0.558395 	 0.967265 	 3.241499
   74 	 0.806002 	 0.991786 	 3.247814
   75 	 0.299052 	 0.956152 	 1.513328
   76 	 0.298488 	 0.931158 	 1.100834
   77 	 0.618916 	 0.959759 	 2.490957
   78 	 0.831094 	 0.979892 	 2.494459
   79 	 0.385601 	 0.954236 	 1.386354
   80 	 0.385081 	 0.934177 	 1.071244
   81 	 0.671702 	 0.955842 	 2.049177
   82 	 0.852047 	 0.972362 	 2.051363
   83 	 0.464775 	 0.952925 	 1.291819
   84 	 0.464304 	 0.936767 	 1.047727
   85 	 0.131605 	 0.943311 	 1.763123
   86 	 0.869469 	 0.967172 	 1.764591
   87 	 0.536043 	 0.993645 	 4.273412
   88 	 0.535621 	 0.938977 	 1.028945
   89 	 0.228529 	 0.943226 	 1.566311
   90 	 0.883903 	 0.963410 	 1.567346
   91 	 0.599265 	 0.977370 	 3.021795
   92 	 0.598894 	 0.940851 	 1.013887
   93 	 0.320082 	 0.943581 	 1.425182
   94 	 0.895827 	 0.960593 	 1.425936
   95 	 0.654629 	 0.968753 	 2.366962
   96 	 0.654306 	 0.942432 	 1.001776
   97 	 0.404963 	 0.944151 	 1.320952
   98 	 0.905653 	 0.958438 	 1.321516
   99 	 0.702567 	 0.963508 	 1.970975
  100 	 0.036666 	 0.932415 	 0.992012
  101 	 0.482305 	 0.944809 	 1.242287
  102 	 0.913733 	 1.034708 	 7.190833
  103 	 0.743667 	 0.960047 	 1.710263
  104 	 0.137113 	 0.934768 	 0.984123
  105 	 0.551675 	 0.945479 	 1.181939
  106 	 0.920367 	 0.995709 	 4.175130
  107 	 0.778611 	 0.957642 	 1.528877
  108 	 0.233780 	 0.936890 	 0.977740
  109 	 0.613016 	 0.946120 	 1.135060
  110 	 0.925806 	 0.979671 	 2.974598
  111 	 0.808107 	 0.955909 	 1.397787
  112 	 0.324992 	 0.938789 	 0.972568
  113 	 0.666583 	 0.946708 	 1.098289
  114 	 0.930260 	 0.970914 	 2.339771
  115 	 0.832855 	 0.954628 	 1.300418
  116 	 0.409472 	 0.940474 	 0.968372
  117 	 0.712851 	 0.947235 	 1.069227
  118 	 0.933905 	 0.965430 	 1.953614
  119 	 0.853514 	 0.953662 	 1.226616
  120 	 0.486378 	 0.941954 	 0.964967
  121 	 0.752436 	 0.947696 	 1.046119
  122 	 0.936885 	 0.961712 	 1.698433
  123 	 0.870686 	 0.952922 	 1.169815
  124 	 0.555299 	 0.943242 	 0.962200
  125 	 0.786031 	 0.948094 	 1.027658
  126 	 0.939320 	 0.959062 	 1.520453
  127 	 0.884910 	 0.952349 	 1.125580
  128 	 0.616199 	 0.944355 	 0.959951
  129 	 0.814346 	 0.948435 	 1.012853
  130 	 0.941309 	 0.957108 	 1.391597
  131 	 0.896658 	 0.951901 	 1.090815
  132 	 0.669345 	 0.945308 	 0.958122
  133 	 0.838072 	 0.948722 	 1.000943
  134 	 0.942932 	 0.955632 	 1.295764
  135 	 0.906336 	 0.951547 	 1.063296
  136 	 0.715224 	 0.946117 	 0.956634
  137 	 0.684130 	 0.945635 	 0.991339
  138 	 0.684256 	 0.951168 	 1.223057
  139 	 0.914295 	 0.955287 	 1.271408
  140 	 0.754457 	 0.950822 	 1.271204
  141 	 0.727904 	 0.946385 	 0.983579
  142 	 0.728012 	 0.950833 	 1.167056
  143 	 0.920828 	 0.954225 	 1.204378
  144 	 0.787739 	 0.950558 	 1.204222
  145 	 0.765241 	 0.947020 	 0.977300
  146 	 0.036676 	 0.939179 	 1.123420
  147 	 0.041681 	 0.942058 	 1.152551
  148 	 0.815780 	 1.028402 	 7.190318
  149 	 0.796844 	 1.022420 	 6.940519
  150 	 0.137123 	 0.940283 	 1.089110
  151 	 0.141987 	 0.942659 	 1.112045
  152 	 0.839271 	 0.990601 	 4.174961
  153 	 0.823421 	 0.987262 	 4.091876
  154 	 0.131476 	 0.931153 	 1.061942
  155 	 0.131476 	 0.933111 	 1.080122
  156 	 0.858854 	 1.017098 	 4.275765
  157 	 0.845650 	 1.014738 	 4.275760
  158 	 0.228406 	 0.933435 	 1.040308
  159 	 0.228406 	 0.935048 	 1.054796
  160 	 0.371579 	 0.986230 	 3.022917
  161 	 0.534259 	 0.986468 	 3.022914
  162 	 0.319968 	 0.950081 	 2.109799
  163 	 0.319968 	 0.944671 	 1.570700
  164 	 0.452039 	 0.974188 	 2.367606
  165 	 0.597693 	 0.974605 	 2.367604
  166 	 0.404857 	 0.948244 	 1.803625
  167 	 0.404858 	 0.944645 	 1.428382
  168 	 0.524652 	 0.966935 	 1.971386
  169 	 0.653261 	 0.964746 	 1.971385
  170 	 0.482210 	 0.947439 	 1.594764
  171 	 0.482210 	 0.947985 	 1.323345
  172 	 0.589218 	 0.962246 	 1.710542
  173 	 0.701388 	 0.960526 	 1.710541
  174 	 0.551590 	 0.947191 	 1.445884
  175 	 0.551590 	 0.947829 	 1.244109
  176 	 0.645876 	 0.959068 	 1.529076
  177 	 0.742661 	 0.957713 	 1.529076
  178 	 0.612942 	 0.947243 	 1.336405
  179 	 0.612942 	 0.947873 	 1.183346
  180 	 0.695021 	 0.956841 	 1.397933
  181 	 0.777758 	 0.955770 	 1.397932
  182 	 0.666519 	 0.947449 	 1.254042
  183 	 0.666519 	 0.948028 	 1.136159
  184 	 0.737223 	 0.955240 	 1.300527
  185 	 0.807390 	 0.954391 	 1.300527
  186 	 0.712795 	 0.947724 	 1.191011
  187 	 0.712795 	 0.948236 	 1.099155
  188 	 0.773149 	 0.954065 	 1.226700
  189 	 0.832255 	 0.953389 	 1.226700
  190 	 0.752389 	 0.948021 	 1.142140
  191 	 0.752389 	 0.948462 	 1.069914
  192 	 0.803510 	 0.953188 	 1.169879
  193 	 0.853014 	 0.952649 	 1.169879
  194 	 0.785991 	 0.948310 	 1.103863
  195 	 0.785991 	 0.948685 	 1.046667
  196 	 0.829007 	 0.952525 	 1.125631
  197 	 0.870272 	 0.952094 	 1.125630
  198 	 0.814312 	 0.948578 	 1.073645
  199 	 0.814312 	 0.948893 	 1.028096
  200 	 0.284889 	 0.936471 	 1.090855
  201 	 0.884567 	 0.951671 	 1.090855
  202 	 0.838044 	 0.983710 	 2.582053
  203 	 0.838044 	 0.949081 	 1.013205
  204 	 0.372515 	 0.938179 	 1.063328
  205 	 0.896375 	 0.951346 	 1.063328
  206 	 0.857833 	 0.974139 	 2.105638
  207 	 0.857833 	 0.949246 	 1.001227
  208 	 0.452891 	 0.939785 	 1.041414
  209 	 0.108174 	 0.940568 	 1.041414
  210 	 0.874268 	 0.967899 	 1.800858
  211 	 0.874268 	 0.996875 	 4.748924
  212 	 0.371619 	 0.934027 	 1.023889
  213 	 0.206129 	 0.934364 	 1.023889
  214 	 0.371624 	 0.970855 	 2.109620
  215 	 0.887871 	 0.992644 	 3.241182
  216 	 0.452075 	 0.950850 	 2.109598
  217 	 0.299080 	 0.936376 	 1.009824
  218 	 0.452080 	 0.964941 	 1.803506
  219 	 0.899099 	 0.979541 	 2.490781
  220 	 0.524685 	 0.946418 	 1.803491
  221 	 0.385627 	 0.935559 	 0.998503
  222 	 0.524689 	 0.963996 	 1.594680
  223 	 0.908345 	 0.974538 	 2.049067
  224 	 0.589247 	 0.946087 	 1.594670
  225 	 0.464799 	 0.937710 	 0.989369
  226 	 0.589251 	 0.960601 	 1.445824
  227 	 0.915945 	 0.968557 	 1.763049
  228 	 0.645902 	 0.946196 	 1.445816
  229 	 0.536064 	 0.939613 	 0.981986
  230 	 0.645905 	 0.958136 	 1.336360
  231 	 0.922181 	 0.964305 	 1.566259
  232 	 0.695043 	 0.946513 	 1.336354
  233 	 0.599284 	 0.941276 	 0.976009
  234 	 0.695046 	 0.956313 	 1.254008
  235 	 0.865877 	 0.960126 	 1.425144
  236 	 0.534270 	 0.940664 	 1.254003
  237 	 0.654646 	 0.943747 	 1.032762
  238 	 0.737244 	 0.963737 	 1.570671
  239 	 0.880931 	 0.957962 	 1.320924
  240 	 0.597703 	 0.942063 	 1.190981
  241 	 0.702581 	 0.944780 	 1.016951
  242 	 0.284892 	 0.952406 	 1.428361
  243 	 0.285013 	 0.947984 	 1.242266
  244 	 0.284891 	 0.955397 	 2.582033
  245 	 0.743679 	 0.966070 	 2.581225
  246 	 0.372518 	 0.971632 	 2.582036
  247 	 0.371599 	 0.940582 	 1.181922
  248 	 0.372518 	 0.942747 	 2.105626
  249 	 0.371621 	 0.968132 	 2.109707
  250 	 0.371622 	 0.972582 	 2.105628
  251 	 0.365657 	 0.942036 	 2.109609
  252 	 0.371621 	 0.949507 	 2.109608
  253 	 0.452078 	 0.991016 	 2.136491
  254 	 0.452078 	 0.980117 	 2.109611
  255 	 0.446650 	 0.941177 	 1.803499
  256 	 0.452077 	 0.946980 	 1.803498
  257 	 0.524687 	 0.979563 	 1.821328
  258 	 0.524687 	 0.971746 	 1.803500
  259 	 0.519824 	 0.941314 	 1.594675
  260 	 0.524686 	 0.943247 	 1.594675
  261 	 0.589249 	 0.963830 	 1.607138
  262 	 0.565193 	 0.957612 	 1.594676
  263 	 0.565192 	 0.943574 	 1.445820
  264 	 0.563788 	 0.944217 	 1.497919
  265 	 0.565192 	 0.946361 	 1.497920
  266 	 0.624875 	 0.971733 	 1.501079
  267 	 0.624875 	 0.969671 	 1.497921
  268 	 0.623644 	 0.943971 	 1.374995
  269 	 0.624875 	 0.946612 	 1.374996
  270 	 0.676867 	 0.966350 	 1.377327
  271 	 0.676867 	 0.964649 	 1.374996
  272 	 0.675800 	 0.944227 	 1.283257
  273 	 0.676866 	 0.946288 	 1.283258
  274 	 0.721679 	 0.962472 	 1.285016
  275 	 0.721679 	 0.961063 	 1.283258
  276 	 0.720764 	 0.944732 	 1.213475
  277 	 0.366896 	 0.939444 	 1.213476
  278 	 0.759950 	 0.959624 	 1.214824
  279 	 0.759950 	 0.972866 	 2.130849
  280 	 0.759172 	 0.945339 	 1.159621
  281 	 0.447778 	 0.937330 	 1.159622
  282 	 0.036631 	 0.943109 	 1.160669
  283 	 0.683943 	 0.962344 	 1.817593
  284 	 0.791723 	 1.027686 	 7.192629
  285 	 0.520835 	 0.947339 	 1.271709
  286 	 0.137080 	 0.942191 	 1.118415
  287 	 0.727744 	 0.959097 	 1.604530
  288 	 0.819125 	 0.990826 	 4.175718
  289 	 0.585847 	 0.947377 	 1.204610
  290 	 0.233748 	 0.942776 	 1.085158
  291 	 0.765105 	 0.956837 	 1.452967
  292 	 0.842064 	 0.975561 	 2.974883
  293 	 0.642935 	 0.947562 	 1.152731
  294 	 0.324962 	 0.943478 	 1.058801
  295 	 0.036794 	 0.942708 	 1.341678
  296 	 0.036674 	 0.956061 	 2.339936
  297 	 0.692483 	 1.026655 	 7.184189
  298 	 0.409444 	 1.019815 	 7.190386
  299 	 0.137238 	 0.937710 	 1.258046
  300 	 0.137122 	 0.941999 	 1.953720
  301 	 0.735053 	 0.989837 	 4.172952
  302 	 0.486353 	 0.995521 	 4.174983
  303 	 0.233899 	 0.945179 	 1.194097
  304 	 0.233788 	 0.944687 	 1.698505
  305 	 0.771309 	 0.974648 	 2.973544
  306 	 0.555276 	 0.978973 	 2.974527
  307 	 0.325103 	 0.945307 	 1.144545
  308 	 0.325000 	 0.944411 	 1.520504
  309 	 0.801960 	 0.966659 	 2.339162
  310 	 0.616179 	 0.969977 	 2.339730
  311 	 0.371622 	 0.938400 	 1.105755
  312 	 0.409479 	 0.944605 	 1.391635
  313 	 0.827709 	 0.976347 	 2.109608
  314 	 0.669328 	 0.964416 	 1.953588
  315 	 0.452078 	 0.939831 	 1.075143
  316 	 0.486384 	 0.945038 	 1.295792
  317 	 0.849226 	 0.969391 	 1.803498
  318 	 0.715209 	 0.960717 	 1.698415
  319 	 0.524687 	 0.941202 	 1.050833
  320 	 0.555304 	 0.945576 	 1.223078
  321 	 0.867127 	 0.964635 	 1.594675
  322 	 0.041684 	 0.946782 	 1.520440
  323 	 0.589249 	 0.942471 	 1.031430
  324 	 0.616204 	 1.021020 	 6.940398
  325 	 0.881966 	 0.961247 	 1.445819
  326 	 0.141989 	 0.945122 	 1.391588
  327 	 0.645903 	 0.942564 	 1.015882
  328 	 0.669349 	 0.986993 	 4.091835
  329 	 0.894229 	 0.959795 	 1.336356
  330 	 0.238422 	 0.945142 	 1.295757
  331 	 0.695045 	 0.943767 	 1.003383
  332 	 0.715227 	 0.972829 	 2.934078
  333 	 0.904337 	 0.957734 	 1.254005
  334 	 0.329329 	 0.945401 	 1.223051
  335 	 0.737243 	 0.944806 	 0.993308
  336 	 0.131473 	 0.955168 	 2.316268
  337 	 0.912652 	 0.956154 	 1.190983
  338 	 0.413451 	 0.987362 	 4.275818
  339 	 0.741939 	 0.942957 	 0.985171
  340 	 0.228403 	 0.949243 	 1.938545
  341 	 0.735451 	 0.955294 	 1.184358
  342 	 0.489969 	 0.975196 	 3.022942
  343 	 0.777147 	 0.947219 	 1.193529
  344 	 0.319965 	 0.947949 	 1.688136
  345 	 0.771647 	 0.954171 	 1.136949
  346 	 0.558492 	 0.966854 	 2.367620
  347 	 0.806875 	 0.947628 	 1.144103
  348 	 0.036674 	 0.935996 	 1.513107
  349 	 0.802244 	 0.953312 	 1.099777
  350 	 0.619001 	 1.039874 	 7.190386
  351 	 0.831824 	 0.948004 	 1.105407
  352 	 0.137122 	 0.937132 	 1.386192
  353 	 0.827947 	 0.952649 	 1.070407
  354 	 0.671776 	 0.998961 	 4.174983
  355 	 0.852655 	 0.948338 	 1.074868
  356 	 0.233788 	 0.938447 	 1.291696
  357 	 0.036674 	 0.940714 	 1.047060
  358 	 0.717311 	 0.981765 	 2.974527
  359 	 0.869974 	 1.026633 	 7.190387
  360 	 0.325000 	 0.936418 	 1.219943
  361 	 0.137122 	 0.938241 	 1.028411
  362 	 0.682465 	 0.969677 	 2.339730
  363 	 0.683943 	 0.989882 	 4.174984
  364 	 0.409479 	 0.946345 	 1.274104
  365 	 0.233788 	 0.943697 	 1.271709
  366 	 0.726478 	 0.963988 	 1.953588
  367 	 0.727744 	 0.974797 	 2.974527
  368 	 0.486384 	 0.946388 	 1.206450
  369 	 0.325000 	 0.944211 	 1.204610
  370 	 0.764029 	 0.960255 	 1.698415
  371 	 0.534271 	 0.961660 	 2.339730
  372 	 0.555304 	 0.946627 	 1.154162
  373 	 0.131473 	 0.942335 	 1.570670
  374 	 0.795822 	 0.957690 	 1.520440
  375 	 0.597704 	 0.999235 	 4.275818
  376 	 0.036674 	 0.935546 	 1.113310
  377 	 0.228403 	 0.942393 	 1.428360
  378 	 0.822564 	 1.033871 	 7.190391
  379 	 0.653270 	 0.981135 	 3.022942
  380 	 0.137122 	 0.937172 	 1.081123
  381 	 0.319965 	 0.942834 	 1.323328
  382 	 0.844935 	 0.994852 	 4.174985
  383 	 0.701396 	 0.971384 	 2.367620
  384 	 0.233788 	 0.938750 	 1.055592
  385 	 0.404855 	 0.943476 	 1.244097
  386 	 0.863563 	 0.978862 	 2.974528
  387 	 0.742668 	 0.965400 	 1.971395
  388 	 0.324999 	 0.940237 	 1.035236
  389 	 0.482208 	 0.944203 	 1.183337
  390 	 0.879016 	 0.970183 	 2.339731
  391 	 0.777764 	 0.961439 	 1.710548
  392 	 0.409478 	 0.941607 	 1.018936
  393 	 0.041685 	 0.933581 	 1.136151
  394 	 0.891793 	 0.964788 	 1.953588
  395 	 0.807395 	 1.033569 	 6.940355
  396 	 0.486384 	 0.942847 	 1.005840
  397 	 0.141990 	 0.935544 	 1.099149
  398 	 0.902331 	 0.961159 	 1.698415
  399 	 0.832259 	 0.995980 	 4.091821
  400 	 0.555304 	 0.943949 	 0.995291
  401 	 0.238423 	 0.937402 	 1.069909
  402 	 0.911003 	 0.958592 	 1.520441
  403 	 0.853017 	 0.980044 	 2.934071
  404 	 0.616203 	 0.944917 	 0.986774
  405 	 0.329330 	 0.939124 	 1.046663
  406 	 0.918127 	 0.956712 	 1.391588
  407 	 0.870274 	 0.971219 	 2.316264
  408 	 0.669349 	 0.945756 	 0.979886
  409 	 0.413451 	 0.940690 	 1.028093
  410 	 0.371603 	 0.948071 	 1.295757
  411 	 0.371643 	 0.958422 	 1.938542
  412 	 0.368408 	 0.946718 	 2.109692
  413 	 0.371622 	 0.934849 	 2.109515
  414 	 0.452061 	 0.976930 	 2.124006
  415 	 0.452097 	 0.999139 	 2.109608
  416 	 0.131841 	 0.935001 	 1.803554
  417 	 0.452078 	 0.935286 	 1.803436
  418 	 0.524672 	 1.011038 	 4.269105
  419 	 0.524704 	 0.985873 	 1.803498
  420 	 0.228754 	 0.935948 	 1.594714
  421 	 0.524687 	 0.936485 	 1.594631
  422 	 0.534419 	 0.985112 	 3.019740
  423 	 0.589264 	 0.976862 	 1.594675
  424 	 0.320293 	 0.945049 	 1.570306
  425 	 0.589249 	 0.937982 	 1.445788
  426 	 0.131473 	 0.963943 	 2.365782
  427 	 0.645916 	 0.970488 	 1.445819
  428 	 0.405156 	 0.986322 	 4.275818
  429 	 0.645903 	 0.939539 	 1.336333
  430 	 0.228403 	 0.958354 	 1.970224
  431 	 0.695056 	 0.965846 	 1.336356
  432 	 0.482480 	 0.970824 	 3.022942
  433 	 0.695045 	 0.941031 	 1.253988
  434 	 0.319965 	 0.954973 	 1.709751
  435 	 0.737252 	 0.962389 	 1.254005
  436 	 0.551830 	 0.963033 	 2.367620
  437 	 0.737243 	 0.942398 	 1.190969
  438 	 0.404855 	 0.952886 	 1.528514
  439 	 0.773175 	 0.959772 	 1.190983
  440 	 0.284891 	 0.943052 	 1.971395
  441 	 0.773166 	 0.943613 	 1.142107
  442 	 0.482208 	 0.986484 	 2.582037
  443 	 0.803531 	 0.957763 	 1.142118
  444 	 0.372518 	 0.942425 	 1.710548
  445 	 0.803524 	 0.944673 	 1.103837
  446 	 0.551588 	 0.975909 	 2.105628
  447 	 0.829025 	 0.956204 	 1.103845
  448 	 0.452893 	 0.942587 	 1.529081
  449 	 0.829019 	 0.945583 	 1.073624
  450 	 0.612940 	 0.969014 	 1.800852
  451 	 0.850323 	 0.954983 	 1.073631
  452 	 0.525417 	 0.943139 	 1.397936
  453 	 0.131473 	 0.936123 	 1.049623
  454 	 0.666517 	 0.964280 	 1.592822
  455 	 0.868038 	 0.995592 	 4.275818
  456 	 0.589893 	 0.943865 	 1.300530
  457 	 0.228403 	 0.937986 	 1.030463
  458 	 0.712794 	 0.960911 	 1.444474
  459 	 0.882720 	 0.979168 	 3.022942
  460 	 0.646465 	 0.944638 	 1.226702
  461 	 0.319965 	 0.939676 	 1.015105
  462 	 0.752388 	 0.958450 	 1.335354
  463 	 0.866256 	 0.969313 	 2.367620
  464 	 0.685428 	 0.944746 	 1.169881
  465 	 0.404855 	 0.942224 	 1.032358
  466 	 0.785990 	 0.957593 	 1.269313
  467 	 0.881245 	 0.962895 	 1.971395
  468 	 0.729015 	 0.945540 	 1.125632
  469 	 0.482208 	 0.944414 	 1.016627
  470 	 0.814311 	 0.955982 	 1.202768
  471 	 0.893634 	 0.959616 	 1.710548
  472 	 0.766185 	 0.946250 	 1.090856
  473 	 0.551588 	 0.945240 	 1.003982
  474 	 0.838043 	 0.954751 	 1.151298
  475 	 0.903847 	 0.957338 	 1.529081
  476 	 0.797640 	 0.946873 	 1.063329
  477 	 0.612940 	 0.942651 	 0.993792
  478 	 0.683943 	 0.950472 	 1.111061
  479 	 0.912249 	 0.959714 	 1.397936
  480 	 0.824089 	 0.951431 	 1.271709
  481 	 0.666517 	 0.943848 	 0.985562
  482 	 0.727744 	 0.950276 	 1.079344
  483 	 0.919149 	 0.957656 	 1.300530
  484 	 0.846207 	 0.951050 	 1.204610
  485 	 0.712794 	 0.944878 	 0.978905
  486 	 0.765105 	 0.950159 	 1.054177
  487 	 0.924808 	 0.956084 	 1.226702
  488 	 0.864620 	 0.950788 	 1.152731
  489 	 0.752388 	 0.945757 	 0.973512
  490 	 0.796730 	 0.950091 	 1.034104
  491 	 0.929444 	 0.954868 	 1.169881
  492 	 0.879891 	 0.950606 	 1.112187
  493 	 0.785990 	 0.946501 	 0.969139
  494 	 0.823325 	 0.950055 	 1.018028
  495 	 0.933237 	 0.953917 	 1.125632
  496 	 0.892516 	 0.950477 	 1.080234
  497 	 0.814311 	 0.947127 	 0.965589
  498 	 0.845570 	 0.950039 	 1.005110
  499 	 0.865868 	 0.952114 	 1.090856
  500 	 0.036674 	 0.938967 	 1.054885
  501 	 0.838043 	 0.948684 	 1.032771
  502 	 0.864091 	 1.028038 	 7.190386
  503 	 0.041684 	 0.940352 	 1.063329
  504 	 0.137122 	 0.940156 	 1.034671
  505 	 0.371622 	 1.016570 	 6.940398
  506 	 0.879453 	 0.990347 	 4.174983
  507 	 0.141989 	 0.955780 	 2.109608
  508 	 0.233788 	 0.941315 	 1.018483
  509 	 0.452078 	 0.982171 	 4.091835
  510 	 0.892154 	 0.975347 	 2.974527
  511 	 0.238422 	 0.949580 	 1.803498
  512 	 0.325000 	 0.935765 	 1.005476
  513 	 0.371622 	 0.962239 	 2.934078
  514 	 0.683943 	 0.968805 	 2.339730
  515 	 0.329329 	 0.963640 	 2.109608
  516 	 0.409479 	 0.943839 	 1.271709
  517 	 0.452078 	 0.960201 	 2.316268
  518 	 0.727744 	 0.966146 	 1.953588
  519 	 0.413451 	 0.957968 	 1.803498
  520 	 0.486384 	 0.945356 	 1.204610
  521 	 0.524687 	 0.957227 	 1.938545
  522 	 0.765105 	 0.961867 	 1.698415
  523 	 0.489969 	 0.955220 	 1.594675
  524 	 0.555304 	 0.945759 	 1.152731
  525 	 0.589249 	 0.954660 	 1.688136
  526 	 0.796730 	 0.958919 	 1.520440
  527 	 0.558492 	 0.953460 	 1.445819
  528 	 0.616204 	 0.946234 	 1.112187
  529 	 0.645903 	 0.953056 	 1.513107
  530 	 0.371622 	 0.949588 	 1.391588
  531 	 0.619001 	 0.952317 	 1.336356
  532 	 0.669349 	 0.961218 	 2.109608
  533 	 0.695045 	 0.952034 	 1.386192
  534 	 0.452078 	 0.949060 	 1.295757
  535 	 0.671776 	 0.951568 	 1.254005
  536 	 0.715227 	 0.957862 	 1.803498
  537 	 0.737243 	 0.951374 	 1.291696
  538 	 0.524687 	 0.948826 	 1.223051
  539 	 0.717311 	 0.951075 	 1.190983
  540 	 0.754460 	 0.955685 	 1.594675
  541 	 0.773166 	 0.950944 	 1.219943
  542 	 0.589249 	 0.948769 	 1.167052
  543 	 0.756234 	 0.950749 	 1.142118
  544 	 0.787742 	 0.954211 	 1.445819
  545 	 0.803524 	 0.950662 	 1.164641
  546 	 0.371626 	 0.941583 	 1.123417
  547 	 0.789240 	 0.949480 	 1.103845
  548 	 0.284891 	 0.957254 	 2.109588
  549 	 0.829019 	 0.949403 	 1.121528
  550 	 0.452082 	 0.961997 	 2.582034
  551 	 0.036674 	 0.940174 	 1.073631
  552 	 0.372518 	 0.957262 	 1.803485
  553 	 0.850318 	 1.027462 	 7.190386
  554 	 0.524691 	 0.957245 	 2.105626
  555 	 0.137122 	 0.941095 	 1.049629
  556 	 0.452893 	 0.954835 	 1.594665
  557 	 0.868034 	 0.989841 	 4.174983
  558 	 0.589252 	 0.954525 	 1.800850
  559 	 0.036674 	 0.930633 	 1.030467
  560 	 0.525417 	 0.953260 	 1.445813
  561 	 0.882716 	 1.052913 	 7.190386
  562 	 0.645906 	 0.952891 	 1.592821
  563 	 0.137122 	 0.932836 	 1.015109
  564 	 0.589894 	 0.952223 	 1.336351
  565 	 0.894848 	 1.007357 	 4.174983
  566 	 0.695047 	 0.951880 	 1.444474
  567 	 0.233788 	 0.934953 	 1.002760
  568 	 0.646465 	 0.949097 	 1.254002
  569 	 0.904846 	 0.987591 	 2.974527
  570 	 0.737245 	 0.954253 	 1.335354
  571 	 0.325000 	 0.936940 	 0.992806
  572 	 0.695529 	 0.949031 	 1.190980
  573 	 0.913070 	 0.976525 	 2.339730
  574 	 0.773168 	 0.953216 	 1.253244
  575 	 0.409479 	 0.938768 	 0.984765
  576 	 0.036674 	 0.937643 	 1.142115
  577 	 0.919823 	 0.969524 	 1.953588
  578 	 0.803525 	 1.030471 	 7.190386
  579 	 0.486384 	 0.940420 	 0.978260
  580 	 0.137122 	 0.938978 	 1.103843
  581 	 0.925361 	 0.964767 	 1.698415
  582 	 0.131473 	 0.981998 	 4.174983
  583 	 0.555304 	 0.941891 	 0.972989
  584 	 0.233788 	 0.981860 	 4.275818
  585 	 0.929896 	 0.961382 	 1.520440
  586 	 0.228403 	 0.967796 	 2.974527
  587 	 0.131473 	 0.932949 	 0.968714
  588 	 0.131463 	 0.957222 	 3.022942
  589 	 0.933607 	 1.000465 	 4.275818
  590 	 0.319965 	 1.002266 	 4.276006
  591 	 0.228403 	 0.928049 	 0.965244
  592 	 0.228394 	 0.944172 	 2.367620
  593 	 0.371622 	 0.986867 	 3.022942
  594 	 0.404855 	 0.993773 	 3.023032
  595 	 0.319965 	 0.949674 	 2.109608
  596 	 0.041684 	 0.933978 	 1.971395
  597 	 0.452078 	 0.973917 	 2.367620
  598 	 0.482208 	 1.051590 	 6.940398
  599 	 0.404855 	 0.945670 	 1.803498
  600 	 0.141989 	 0.937334 	 1.710548
  601 	 0.524687 	 0.969906 	 1.971395
  602 	 0.551588 	 1.008985 	 4.091835
  603 	 0.482208 	 0.945244 	 1.594675
  604 	 0.238422 	 0.930597 	 1.529081
  605 	 0.589249 	 0.964679 	 1.710548
  606 	 0.612940 	 1.003590 	 2.934078
  607 	 0.551588 	 0.945340 	 1.445819
  608 	 0.329329 	 0.932548 	 1.397936
  609 	 0.645903 	 0.961047 	 1.529081
  610 	 0.666517 	 0.988349 	 2.316268
  611 	 0.612940 	 0.945695 	 1.336356
  612 	 0.413451 	 0.934623 	 1.300530
  613 	 0.683943 	 0.955119 	 1.397936
  614 	 0.712794 	 0.978420 	 1.938545
  615 	 0.666517 	 0.950183 	 1.271709
  616 	 0.489969 	 0.936660 	 1.226702
  617 	 0.727744 	 0.953761 	 1.300530
  618 	 0.752388 	 0.971557 	 1.688136
  619 	 0.712794 	 0.949842 	 1.204610
  620 	 0.558492 	 0.938568 	 1.169881
  621 	 0.765105 	 0.952806 	 1.226702
  622 	 0.785990 	 0.966625 	 1.513107
  623 	 0.752388 	 0.949676 	 1.152731
  624 	 0.619001 	 0.940299 	 1.125632
  625 	 0.796730 	 0.952125 	 1.169881
  626 	 0.814311 	 0.962981 	 1.386192
  627 	 0.785990 	 0.949614 	 1.112187
  628 	 0.671776 	 0.941834 	 1.090856
  629 	 0.823325 	 0.951633 	 1.125632
  630 	 0.838043 	 0.960233 	 1.291696
  631 	 0.814311 	 0.949612 	 1.080234
  632 	 0.717311 	 0.943172 	 1.063329
  633 	 0.845570 	 0.951272 	 1.090856
  634 	 0.857833 	 0.958129 	 1.219943
  635 	 0.838043 	 0.949642 	 1.054885
  636 	 0.756234 	 0.944324 	 1.041414
  637 	 0.864091 	 0.951005 	 1.063329
  638 	 0.874268 	 0.956497 	 1.164641
  639 	 0.857833 	 0.949687 	 1.034671
  640 	 0.789240 	 0.945305 	 1.023890
  641 	 0.879453 	 0.950805 	 1.041414
  642 	 0.887871 	 0.955220 	 1.121528
  643 	 0.874268 	 0.949738 	 1.018483
  644 	 0.041684 	 0.934777 	 1.009824
  645 	 0.892154 	 0.950654 	 1.023890
  646 	 0.899099 	 1.029091 	 6.940398
  647 	 0.887871 	 0.949789 	 1.005476
  648 	 0.141989 	 0.936726 	 0.998503
  649 	 0.902628 	 0.950538 	 1.009824
  650 	 0.908345 	 0.992685 	 4.091835
  651 	 0.899099 	 0.949836 	 0.994997
  652 	 0.238422 	 0.938511 	 0.989369
  653 	 0.911247 	 0.950449 	 0.998503
  654 	 0.915945 	 0.977575 	 2.934078
  655 	 0.908345 	 0.949879 	 0.986536
  656 	 0.329329 	 0.940129 	 0.981986
  657 	 0.918327 	 0.950379 	 0.989369
  658 	 0.922181 	 0.969342 	 2.316268
  659 	 0.915945 	 0.949916 	 0.979694
  660 	 0.413451 	 0.941579 	 0.976009
  661 	 0.924134 	 0.950325 	 0.981986
  662 	 0.927292 	 0.964210 	 1.938545
  663 	 0.922181 	 0.949948 	 0.974151
  664 	 0.489969 	 0.942864 	 0.971164
  665 	 0.928892 	 0.950282 	 0.976009
  666 	 0.735451 	 0.958066 	 1.688136
  667 	 0.735441 	 0.941926 	 0.969657
  668 	 0.558492 	 0.938974 	 1.193529
  669 	 0.735451 	 0.951325 	 1.193543
  670 	 0.735451 	 0.959827 	 1.513107
  671 	 0.623780 	 0.950587 	 1.193529
  672 	 0.619001 	 0.944097 	 1.193529
  673 	 0.735451 	 0.951031 	 1.377069
  674 	 0.736646 	 0.957809 	 1.386192
  675 	 0.675918 	 0.946810 	 1.193529
  676 	 0.671776 	 0.937133 	 1.191830
  677 	 0.735376 	 0.948627 	 1.284821
  678 	 0.772660 	 0.963510 	 1.193637
  679 	 0.720865 	 0.956255 	 1.193636
  680 	 0.771583 	 0.942246 	 1.142778
  681 	 0.771583 	 0.948485 	 1.214675
  682 	 0.803098 	 0.959568 	 1.144187
  683 	 0.759258 	 0.954758 	 1.144187
  684 	 0.802190 	 0.944455 	 1.104365
  685 	 0.802190 	 0.948510 	 1.160553
  686 	 0.683943 	 0.954219 	 1.105473
  687 	 0.683943 	 0.943680 	 1.105473
  688 	 0.679653 	 0.942722 	 1.271709
  689 	 0.827902 	 0.960683 	 1.271709
  690 	 0.727744 	 0.961245 	 1.278686
  691 	 0.727744 	 0.944510 	 1.074920
  692 	 0.724068 	 0.943726 	 1.204610
  693 	 0.849387 	 0.958321 	 1.204610
  694 	 0.765105 	 0.958827 	 1.209968
  695 	 0.765105 	 0.945302 	 1.050655
  696 	 0.761981 	 0.944665 	 1.152731
  697 	 0.867261 	 0.956541 	 1.152731
  698 	 0.796730 	 0.956982 	 1.156897
  699 	 0.796730 	 0.946026 	 1.031288
  700 	 0.794094 	 0.945510 	 1.112187
  701 	 0.882077 	 0.955183 	 1.112187
  702 	 0.823325 	 0.955560 	 1.115456
  703 	 0.823325 	 0.946670 	 1.015768
  704 	 0.821115 	 0.946253 	 1.080234
  705 	 0.894320 	 0.954136 	 1.080234
  706 	 0.845570 	 0.954453 	 1.082820
  707 	 0.845570 	 0.947231 	 1.003291
  708 	 0.843725 	 0.946894 	 1.054885
  709 	 0.904412 	 0.953319 	 1.054885
  710 	 0.864091 	 0.953584 	 1.056942
  711 	 0.864091 	 0.947714 	 0.993234
  712 	 0.862558 	 0.947441 	 1.034671
  713 	 0.912713 	 0.952679 	 1.034671
  714 	 0.879453 	 0.952899 	 1.036314
  715 	 0.879453 	 0.948123 	 0.985111
  716 	 0.878183 	 0.947902 	 1.018483
  717 	 0.919530 	 0.952173 	 1.018483
  718 	 0.892154 	 0.952354 	 1.019801
  719 	 0.892154 	 0.948468 	 0.978540
  720 	 0.891106 	 0.948289 	 1.005476
  721 	 0.925121 	 0.951771 	 1.005476
  722 	 0.902628 	 0.951920 	 1.006537
  723 	 0.902628 	 0.948757 	 0.973216
  724 	 0.371603 	 0.941382 	 0.994997
  725 	 0.371622 	 0.936988 	 0.994997
  726 	 0.373495 	 0.958704 	 2.109691
  727 	 0.911247 	 0.977984 	 2.109608
  728 	 0.452061 	 0.957183 	 2.101302
  729 	 0.452078 	 0.938742 	 0.986536
  730 	 0.453782 	 0.955631 	 1.803553
  731 	 0.918327 	 0.970531 	 1.803498
  732 	 0.524672 	 0.951811 	 1.797973
  733 	 0.524687 	 0.940351 	 0.979694
  734 	 0.526212 	 0.956768 	 1.594713
  735 	 0.924134 	 0.965475 	 1.594675
  736 	 0.589236 	 0.950643 	 1.590805
  737 	 0.589249 	 0.941799 	 0.974151
  738 	 0.590596 	 0.954932 	 1.445847
  739 	 0.928892 	 0.961889 	 1.445819
  740 	 0.036674 	 0.938601 	 1.443010
  741 	 0.645903 	 0.943081 	 0.969657
  742 	 0.647078 	 1.031659 	 7.190386
  743 	 0.932786 	 0.959264 	 1.336356
  744 	 0.137122 	 0.939542 	 1.334263
  745 	 0.695045 	 0.944202 	 0.966010
  746 	 0.696058 	 0.993061 	 4.174983
  747 	 0.935970 	 0.957297 	 1.254005
  748 	 0.041684 	 0.929258 	 1.252414
  749 	 0.737243 	 0.945169 	 0.963048
  750 	 0.738108 	 1.052283 	 6.940398
  751 	 0.938573 	 0.955796 	 1.190983
  752 	 0.141989 	 0.931615 	 1.189756
  753 	 0.773166 	 0.945996 	 0.960640
  754 	 0.773900 	 1.008266 	 4.091835
  755 	 0.940698 	 0.954636 	 1.142118
  756 	 0.238422 	 0.933893 	 1.141161
  757 	 0.803524 	 0.946697 	 0.958682
  758 	 0.804142 	 0.988617 	 2.934078
  759 	 0.942434 	 0.953730 	 1.103845
  760 	 0.329329 	 0.933353 	 1.103093
  761 	 0.660744 	 0.945184 	 0.957090
  762 	 0.829536 	 0.980485 	 2.316268
  763 	 0.943850 	 0.955975 	 1.310368
  764 	 0.108138 	 0.925284 	 1.073035
  765 	 0.707830 	 0.946001 	 0.955794
  766 	 0.850749 	 1.020188 	 4.749739
  767 	 0.945006 	 0.954756 	 1.234217
  768 	 0.206095 	 0.928662 	 1.049154
  769 	 0.748157 	 0.946695 	 0.954739
  770 	 0.868392 	 0.995966 	 3.241546
  771 	 0.945949 	 0.953813 	 1.175699
  772 	 0.299048 	 0.928392 	 1.030087
  773 	 0.782412 	 0.947282 	 0.953881
  774 	 0.883012 	 0.986725 	 2.490983
  775 	 0.946718 	 0.953074 	 1.130184
  776 	 0.385597 	 0.931667 	 1.014803
  777 	 0.811304 	 0.947774 	 0.953182
  778 	 0.895092 	 0.977479 	 2.049193
  779 	 0.947345 	 0.952491 	 1.094447
  780 	 0.464772 	 0.934541 	 1.002514
  781 	 0.835529 	 0.948185 	 0.952612
  782 	 0.905048 	 0.971065 	 1.763134
  783 	 0.947856 	 0.952029 	 1.066179
  784 	 0.536040 	 0.937035 	 0.992607
  785 	 0.855740 	 0.948527 	 0.952149
  786 	 0.913236 	 0.966409 	 1.566319
  787 	 0.948273 	 0.951659 	 1.043688
  788 	 0.599262 	 0.939180 	 0.984605
  789 	 0.872533 	 0.948810 	 0.951771
  790 	 0.919959 	 0.962928 	 1.425187
  791 	 0.948613 	 0.951363 	 1.025711
  792 	 0.654627 	 0.941010 	 0.978130
  793 	 0.886437 	 0.949044 	 0.951463
  794 	 0.925472 	 0.960271 	 1.320956
  795 	 0.948890 	 0.951125 	 1.011289
  796 	 0.702565 	 0.942560 	 0.972884
  797 	 0.897917 	 0.949237 	 0.951212
  798 	 0.929987 	 0.958212 	 1.242290
  799 	 0.949115 	 0.950933 	 0.999683
  800 	 0.743666 	 0.943864 	 0.968629
  801 	 0.907372 	 0.949396 	 0.951008
  802 	 0.933681 	 0.956600 	 1.181941
  803 	 0.949299 	 0.950778 	 0.990322
  804 	 0.778609 	 0.944956 	 0.965175
  805 	 0.915146 	 0.949526 	 0.950842
  806 	 0.936702 	 0.955327 	 1.135062
  807 	 0.949449 	 0.950653 	 0.982757
  808 	 0.808106 	 0.945867 	 0.962369
  809 	 0.921526 	 0.949633 	 0.950706
  810 	 0.939171 	 0.954315 	 1.098291
  811 	 0.949572 	 0.950551 	 0.976633
  812 	 0.832854 	 0.946622 	 0.960088
  813 	 0.926756 	 0.949720 	 0.950596
  814 	 0.941187 	 0.953507 	 1.069228
  815 	 0.949671 	 0.950469 	 0.971670
  816 	 0.853513 	 0.947248 	 0.958234
  817 	 0.931038 	 0.949792 	 0.950506
  818 	 0.942832 	 0.952859 	 1.046120
  819 	 0.949752 	 0.950402 	 0.967644
  820 	 0.870685 	 0.947764 	 0.956725
  821 	 0.934541 	 0.949850 	 0.950433
  822 	 0.944176 	 0.952337 	 1.027659
  823 	 0.949819 	 0.950347 	 0.964375
  824 	 0.884910 	 0.948189 	 0.955497
  825 	 0.937405 	 0.949898 	 0.950373
  826 	 0.945272 	 0.951916 	 1.012853
  827 	 0.949872 	 0.950303 	 0.961719
  828 	 0.896657 	 0.948539 	 0.954498
  829 	 0.939744 	 0.949937 	 0.950324
  830 	 0.683943 	 0.948249 	 1.000944
  831 	 0.949916 	 0.950267 	 0.959560
  832 	 0.906336 	 0.952845 	 1.271709
  833 	 0.941655 	 0.949969 	 0.950284
  834 	 0.727744 	 0.948522 	 0.991340
  835 	 0.949952 	 0.950238 	 0.957804
  836 	 0.914294 	 0.952242 	 1.204610
  837 	 0.943215 	 0.949995 	 0.950252
  838 	 0.765105 	 0.948766 	 0.983580
  839 	 0.949981 	 0.950214 	 0.956375
  840 	 0.920827 	 0.951786 	 1.152731
  841 	 0.944488 	 0.950016 	 0.950226
  842 	 0.796730 	 0.948980 	 0.977300
  843 	 0.950005 	 0.950195 	 0.955212
  844 	 0.926183 	 0.951436 	 1.112187
  845 	 0.945526 	 0.950033 	 0.950204
  846 	 0.823325 	 0.949166 	 0.972211
  847 	 0.950025 	 0.950179 	 0.954266
  848 	 0.930569 	 0.951166 	 1.080234
  849 	 0.946373 	 0.950048 	 0.950187
  850 	 0.845570 	 0.949325 	 0.968083
  851 	 0.950040 	 0.950166 	 0.953495
  852 	 0.371622 	 0.943723 	 1.054885
  853 	 0.371631 	 0.942827 	 0.950173
  854 	 0.371622 	 0.956722 	 2.109608
  855 	 0.950053 	 0.964650 	 2.109565
  856 	 0.452078 	 0.959055 	 2.109608
  857 	 0.452087 	 0.943843 	 0.950161
  858 	 0.452078 	 0.954014 	 1.803498
  859 	 0.950064 	 0.960815 	 1.803470
  860 	 0.524687 	 0.956004 	 1.803498
  861 	 0.524695 	 0.942075 	 0.950151
  862 	 0.524687 	 0.952406 	 1.594675
  863 	 0.950072 	 0.961240 	 1.594655
  864 	 0.589249 	 0.954096 	 1.594675
  865 	 0.589256 	 0.943340 	 0.950144
  866 	 0.589249 	 0.951431 	 1.445819
  867 	 0.950079 	 0.958756 	 1.445805
  868 	 0.645903 	 0.952859 	 1.445819
  869 	 0.645909 	 0.944436 	 0.950137
  870 	 0.645903 	 0.950836 	 1.336356
  871 	 0.131473 	 0.946667 	 1.336346
  872 	 0.695045 	 0.952037 	 1.336356
  873 	 0.695050 	 0.986947 	 4.275818
  874 	 0.695045 	 0.950475 	 1.254005
  875 	 0.228403 	 0.946463 	 1.253997
  876 	 0.737243 	 0.951481 	 1.254005
  877 	 0.371622 	 0.964855 	 3.022942
  878 	 0.737243 	 0.950259 	 1.190983
  879 	 0.319965 	 0.961008 	 2.109608
  880 	 0.773166 	 0.951098 	 1.190983
  881 	 0.452078 	 0.958344 	 2.367620
  882 	 0.041684 	 0.938779 	 1.142118
  883 	 0.404855 	 0.957387 	 1.803498
  884 	 0.803524 	 1.025710 	 6.940398
  885 	 0.524687 	 0.952182 	 1.971395
  886 	 0.141989 	 0.937280 	 1.103845
  887 	 0.482208 	 0.958112 	 1.594675
  888 	 0.829019 	 0.992957 	 4.091835
  889 	 0.589249 	 0.950655 	 1.710548
  890 	 0.238422 	 0.938904 	 1.073631
  891 	 0.551588 	 0.955965 	 1.445819
  892 	 0.850318 	 0.977732 	 2.934078
  893 	 0.645903 	 0.949871 	 1.529081
  894 	 0.329329 	 0.940409 	 1.049629
  895 	 0.612940 	 0.954453 	 1.336356
  896 	 0.868034 	 0.969428 	 2.316268
  897 	 0.695045 	 0.949494 	 1.397936
  898 	 0.413451 	 0.941780 	 1.030467
  899 	 0.666517 	 0.953370 	 1.254005
  900 	 0.882716 	 0.964254 	 1.938545
  901 	 0.737243 	 0.949342 	 1.300530
  902 	 0.489969 	 0.943010 	 1.015109
  903 	 0.712794 	 0.952582 	 1.190983
  904 	 0.894848 	 0.960768 	 1.688136
  905 	 0.773166 	 0.949314 	 1.226702
  906 	 0.558492 	 0.944098 	 1.002760
  907 	 0.752388 	 0.952003 	 1.142118
  908 	 0.904846 	 0.958298 	 1.513107
  909 	 0.803524 	 0.949351 	 1.169881
  910 	 0.619001 	 0.945049 	 0.992806
  911 	 0.785990 	 0.951572 	 1.103845
  912 	 0.913070 	 0.956488 	 1.386192
  913 	 0.829019 	 0.949419 	 1.125632
  914 	 0.671776 	 0.945871 	 0.984765
  915 	 0.814311 	 0.951247 	 1.073631
  916 	 0.919823 	 0.955128 	 1.291696
  917 	 0.850318 	 0.949500 	 1.090856
  918 	 0.717311 	 0.946576 	 0.978260
  919 	 0.838043 	 0.951001 	 1.049629
  920 	 0.925361 	 0.954088 	 1.219943
  921 	 0.868034 	 0.949582 	 1.063329
  922 	 0.756234 	 0.947174 	 0.972989
  923 	 0.108172 	 0.940288 	 1.030467
  924 	 0.929896 	 0.953282 	 1.164641
  925 	 0.882716 	 0.997145 	 4.748960
  926 	 0.683943 	 0.944352 	 0.968714
  927 	 0.206128 	 0.938039 	 1.015109
  928 	 0.683943 	 0.950016 	 1.271709
  929 	 0.894848 	 0.982388 	 3.241198
  930 	 0.727744 	 0.953363 	 1.271710
  931 	 0.299079 	 0.939635 	 1.002760
  932 	 0.039019 	 0.938385 	 1.204610
  933 	 0.904846 	 0.972231 	 2.490790
  934 	 0.765105 	 1.029020 	 7.071178
  935 	 0.385625 	 0.941095 	 0.992806
  936 	 0.139400 	 0.939529 	 1.152731
  937 	 0.913070 	 0.966114 	 2.049073
  938 	 0.796730 	 0.991718 	 4.135640
  939 	 0.464798 	 0.942410 	 0.984765
  940 	 0.235958 	 0.940703 	 1.112187
  941 	 0.919823 	 0.962077 	 1.763053
  942 	 0.823325 	 0.976528 	 2.955447
  943 	 0.536063 	 0.943577 	 0.978260
  944 	 0.327027 	 0.941853 	 1.080234
  945 	 0.925361 	 0.959256 	 1.566262
  946 	 0.845570 	 0.968373 	 2.328682
  947 	 0.599283 	 0.944601 	 0.972989
  948 	 0.411340 	 0.942942 	 1.054885
  949 	 0.683943 	 0.953880 	 1.425146
  950 	 0.683943 	 0.960033 	 1.946511
  951 	 0.654645 	 0.949510 	 1.271709
  952 	 0.488064 	 0.947967 	 1.271709
  953 	 0.727744 	 0.952899 	 1.320925
  954 	 0.727744 	 0.957241 	 1.693583
  955 	 0.702580 	 0.949434 	 1.204610
  956 	 0.556798 	 0.948036 	 1.204610
  957 	 0.765105 	 0.952202 	 1.242267
  958 	 0.765105 	 0.954314 	 1.516994
  959 	 0.743679 	 0.949435 	 1.152731
  960 	 0.617515 	 0.949227 	 1.152731
  961 	 0.735451 	 0.949016 	 1.181923
  962 	 0.796730 	 0.953196 	 1.389053
  963 	 0.778620 	 0.952520 	 1.193529
  964 	 0.670487 	 0.949229 	 1.112187
  965 	 0.771647 	 0.949099 	 1.135048
  966 	 0.823325 	 0.952414 	 1.293850
  967 	 0.808115 	 0.951964 	 1.144103
  968 	 0.716204 	 0.949281 	 1.080234
  969 	 0.802244 	 0.949207 	 1.098279
  970 	 0.845570 	 0.951856 	 1.221592
  971 	 0.041684 	 0.940194 	 1.105407
  972 	 0.755292 	 0.949359 	 1.054885
  973 	 0.827947 	 1.024199 	 6.940398
  974 	 0.864091 	 0.951449 	 1.165920
  975 	 0.141989 	 0.941135 	 1.074868
  976 	 0.788445 	 0.949446 	 1.034671
  977 	 0.849424 	 0.988703 	 4.091835
  978 	 0.879453 	 0.951147 	 1.122530
  979 	 0.238422 	 0.942101 	 1.050614
  980 	 0.816373 	 0.949534 	 1.018483
  981 	 0.867292 	 0.974333 	 2.934078
  982 	 0.892154 	 0.950920 	 1.088408
  983 	 0.329329 	 0.943053 	 1.031255
  984 	 0.839766 	 0.949617 	 1.005476
  985 	 0.882102 	 0.966701 	 2.316268
  986 	 0.902628 	 0.950747 	 1.061384
  987 	 0.371622 	 0.933403 	 1.015741
  988 	 0.371622 	 0.942461 	 0.994997
  989 	 0.894341 	 0.980573 	 2.109608
  990 	 0.911247 	 0.965108 	 2.109608
  991 	 0.108172 	 0.925276 	 1.003269
  992 	 0.452078 	 0.943534 	 0.986536
  993 	 0.904429 	 1.020332 	 4.748960
  994 	 0.918327 	 0.961179 	 1.803498
  995 	 0.206128 	 0.928643 	 0.993217
  996 	 0.371622 	 0.937268 	 0.979694
  997 	 0.912728 	 0.996096 	 3.241198
  998 	 0.371623 	 0.965750 	 2.109608
  999 	 0.299079 	 0.931693 	 0.985098
 