0	-0.648496	0.072504	4.468076
1	-0.360533	0.044247	1.458937
2	-0.269298	0.042508	2.004418
3	-0.267565	0.067177	1.729807
4	-0.294038	0.159117	1.730200
5	-0.247050	0.154220	2.048094
6	-0.310715	0.093376	1.749426
7	-0.382237	0.103577	2.031733
8	-0.363350	0.178762	3.294782
9	-0.302317	0.174040	1.707251
10	-0.252212	0.192068	1.710535
11	-0.235343	0.215537	2.633370
12	-0.289054	0.121872	2.099124
13	-0.334835	0.143129	2.387439
14	-0.224758	0.100554	2.397171
15	-0.289910	0.089164	1.806855
16	-0.299931	0.167374	1.791674
17	-0.288920	0.135266	2.675387
18	-0.339362	0.156812	2.304806
19	-0.256343	inf	inf
20	-0.368767	inf	inf
21	-0.336667	inf	inf
22	-0.368912	inf	inf
23	-0.334229	inf	inf
24	-0.233252	inf	inf
25	-0.376534	inf	inf
26	-0.300909	inf	inf
27	-0.319299	inf	inf
28	-0.373344	0.196391	2.295818
29	-0.319336	0.081158	1.656052
30	-0.359750	0.169309	1.964746
31	-0.277433	0.071042	1.010411
32	-0.335079	0.080212	0.994278
33	-0.359819	0.083584	1.286900
34	-0.403201	0.073528	0.996330
35	-0.371609	0.019526	0.996073
36	-0.324482	0.030963	1.045014
37	-0.308512	0.033317	0.697270
38	-0.340360	0.058475	1.335351
39	-0.374613	0.108088	1.642328
40	-0.386418	0.105673	1.335344
41	-0.368358	0.088085	1.044714
42	-0.393770	0.108008	1.641772
43	-0.372765	0.114950	1.964686
44	-0.358026	0.205470	2.282070
45	-0.303456	0.125130	2.303718
46	-0.303974	0.016791	1.411427
47	-0.364063	0.179453	1.660594
48	-0.316497	0.215802	2.321685
49	-0.355512	0.277577	2.643392
50	-0.227853	0.114688	1.387980
51	-0.327494	0.155974	1.990394
52	-0.286773	0.088964	2.917236
53	-0.289971	0.160398	2.899305
54	-0.381522	0.316113	3.546636
55	-0.335489	0.298753	3.546530
56	-0.293557	0.314129	2.966193
57	-0.337582	0.403022	3.223590
58	-0.270536	0.229188	2.621666
59	-0.428248	0.279117	3.546771
60	-0.363811	0.387772	3.546775
61	-0.265952	0.121998	2.584207
62	-0.431036	0.215733	2.944360
63	-0.350407	0.138805	3.008928
64	-0.382179	0.174916	2.652185
65	-0.295130	0.141177	2.384900
66	-0.244239	0.118774	2.401499
67	-0.257797	0.056507	1.124258
68	-0.205408	0.176952	2.016836
69	-0.237776	0.027132	2.041061
70	-0.254073	0.121118	1.991181
71	-0.298267	0.135164	1.990379
72	-0.313377	0.147570	1.666693
73	-0.317847	0.180493	1.962580
74	-0.317008	0.072588	1.680439
75	-0.329645	0.073039	1.366248
76	-0.304714	0.076280	1.388482
77	-0.399897	0.334694	1.979848
78	-0.339307	0.065138	1.682655
79	-0.342830	0.112896	2.599683
80	-0.362650	0.030477	2.325187
81	-0.298333	0.010167	1.712425
82	-0.214942	0.088416	1.404990
83	-0.330938	0.045386	1.050964
84	-0.299591	0.061355	1.421823
85	-0.304895	0.079963	1.663897
86	-0.238402	0.073311	1.105681
87	-0.312321	0.186918	2.036978
88	-0.250840	0.054611	1.121104
89	-0.285656	0.128101	1.683336
90	-0.348825	0.200009	2.290730
91	-0.337887	0.106389	2.292689
92	-0.318217	0.214252	1.986318
93	-0.291334	0.144872	2.292673
94	-0.244800	0.100606	2.302774
95	-0.435476	0.364758	2.593960
96	-0.374095	0.118888	2.384259
97	-0.291297	0.138167	2.368851
98	-0.413928	0.199116	2.665663
99	-0.376144	0.263233	2.982929
100	-0.384499	0.222766	2.637310
101	-0.329456	0.243212	2.955675
102	-0.374009	0.120948	2.077693
103	-0.336997	0.155016	2.322346
104	-0.349124	0.194389	2.084101
105	-0.340052	0.124985	2.408836
106	-0.454262	0.173436	3.342273
107	-0.391419	0.250774	3.309575
108	-0.421658	0.148028	2.679083
109	-0.327895	0.126948	3.643222
110	-0.373479	0.179529	3.287100
111	-0.427811	0.292396	2.959159
112	-0.380733	0.095345	2.977469
113	-0.382943	0.264469	3.562051
114	-0.447352	0.349523	2.599464
115	-0.411635	0.246740	2.001751
116	-0.394947	0.154671	1.679156
117	-0.407319	0.035280	1.751875
118	-0.377771	0.071115	2.407558
119	-0.377996	0.153936	2.025032
120	-0.342792	0.042574	2.297506
121	-0.434346	0.068733	1.649020
122	-0.349600	0.114393	1.709271
123	-0.319672	0.191724	2.680224
124	-0.370080	0.121334	1.741589
125	-0.354420	0.207280	1.453456
126	-0.385718	0.156177	2.631734
127	-0.283352	0.064707	2.332054
128	-0.327377	0.165142	2.971154
129	-0.268610	0.077971	2.113990
130	-0.345313	0.186272	2.401732
131	-0.429415	0.149541	2.153658
132	-0.426567	0.153988	3.327865
133	-0.282425	0.341142	3.365869
134	-0.391309	0.279653	4.255872
135	-0.393949	0.234673	2.980035
136	-0.484601	0.456698	3.594267
137	-0.488681	0.150739	3.351253
138	-0.454378	0.143050	3.319921
139	-0.360166	0.325016	2.438573
140	-0.382695	0.106503	2.357362
141	-0.278155	0.135256	2.400630
142	-0.467849	0.182874	3.296153
143	-0.411174	0.125048	2.635464
144	-0.445442	0.148732	3.231129
145	-0.350042	0.243808	3.237830
146	-0.314343	0.162554	2.358906
147	-0.346641	0.145112	2.616445
148	-0.360791	0.140289	1.969979
149	-0.309688	0.169439	1.635698
150	-0.333508	0.109061	1.340861
151	-0.368392	0.151718	1.346481
152	-0.313528	0.174231	1.991914
153	-0.358739	0.033372	1.351667
154	-0.330653	0.071902	1.350688
155	-0.287658	0.104337	1.683179
156	-0.278625	inf	inf
157	-0.329765	inf	inf
158	-0.399176	inf	inf
159	-0.330483	inf	inf
160	-0.307061	0.063320	1.733541
161	-0.240488	0.125187	1.766224
162	-0.260737	0.044554	1.396409
163	-0.335215	0.204620	2.347372
164	-0.368763	0.084435	2.035611
165	-0.290073	0.196788	1.742788
166	-0.412599	0.159462	2.638979
167	-0.360900	0.101498	2.382980
168	-0.279315	0.077685	1.370066
169	-0.292644	0.124826	2.624948
170	-0.343852	0.076666	2.045902
171	-0.232043	0.143574	1.736370
172	-0.251506	0.087016	2.043401
173	-0.303591	0.069502	1.678617
174	-0.259929	0.148797	1.664022
175	-0.288853	0.088262	1.352462
176	-0.328317	0.199441	1.683164
177	-0.226310	0.064832	1.658966
178	-0.371891	0.071610	1.376589
179	-0.331551	0.096805	2.004014
180	-0.292637	0.089348	1.692016
181	-0.345437	0.126275	2.303826
182	-0.336616	0.042028	1.691662
183	-0.162208	0.041450	0.767180
184	-0.224089	0.047018	1.050965
185	-0.244446	0.027734	1.084004
186	-0.238200	0.067410	0.740102
187	-0.306221	0.032093	1.345965
188	-0.291271	0.058641	1.941170
189	-0.269708	0.118296	1.650360
190	-0.331894	0.059488	2.296152
191	-0.304648	0.118807	1.059178
192	-0.308280	0.093409	1.696604
193	-0.286205	0.301374	2.309474
194	-0.254052	0.182692	2.021811
195	-0.294777	0.192550	2.344546
196	-0.437482	0.139286	2.647342
197	-0.315902	0.070575	1.760723
198	-0.238605	0.118217	1.748967
199	-0.302877	0.110391	1.438053
200	-0.335103	0.116475	2.000319
201	-0.256814	0.108115	1.712000
202	-0.259205	0.121719	1.729353
203	-0.235610	0.080874	1.436380
204	-0.262107	0.210531	2.056585
205	-0.356396	0.092122	1.411833
206	-0.253101	0.050743	1.367852
207	-0.380012	0.030570	1.665220
208	-0.244920	-0.012918	0.423949
209	-0.274918	0.110097	0.419964
210	-0.367587	0.099309	1.411570
211	-0.326825	0.070311	1.137181
212	-0.323821	0.048173	1.958815
213	-0.339085	0.069609	1.680211
214	-0.260650	0.166778	1.394544
215	-0.240848	0.130026	1.661761
216	-0.222528	0.183052	1.664628
217	-0.256888	0.070311	1.697313
218	-0.191736	0.237431	1.970214
219	-0.346707	0.234692	1.981542
220	-0.259000	0.141865	1.350689
221	-0.235686	0.025641	1.664575
222	-0.368514	0.161346	1.976102
223	-0.324436	inf	inf
224	-0.360509	inf	inf
225	-0.388580	inf	inf
226	-0.233427	inf	inf
227	-0.404846	inf	inf
228	-0.380898	0.200941	2.021836
229	-0.289849	0.167746	1.968649
230	-0.317384	0.088080	1.344509
231	-0.346439	0.086967	1.341228
232	-0.342956	0.001918	0.383502
233	-0.340319	0.034286	0.733124
234	-0.315645	0.037582	0.765454
235	-0.258320	0.038576	0.415405
236	-0.261852	0.012018	1.064727
237	-0.302298	0.032873	1.411905
238	-0.323353	0.102077	1.745687
239	-0.209626	0.051137	1.721179
240	-0.225893	0.026009	1.723169
241	-0.282578	0.073108	2.029917
242	-0.256032	0.125960	1.965016
243	-0.282849	0.212139	1.674585
244	-0.396569	0.093344	2.271474
245	-0.339095	0.108418	1.702047
246	-0.344034	0.089430	1.723630
247	-0.371526	0.117314	1.405919
248	-0.370792	0.199414	2.293983
249	-0.255641	0.093599	1.747984
250	-0.354429	0.126209	2.617439
251	-0.400640	0.128496	2.326393
252	-0.337242	0.112046	2.668678
253	-0.322137	0.076882	1.772623
254	-0.343758	0.102443	1.738549
255	-0.341073	0.168884	2.384924
256	-0.427319	0.219964	2.045419
257	-0.336777	0.088591	1.998638
258	-0.325265	0.142650	2.633629
259	-0.334978	0.131173	2.011581
260	-0.228760	0.108737	1.401943
261	-0.249150	0.135103	1.741189
262	-0.357188	0.180569	2.049458
263	-0.307841	0.211058	2.355697
264	-0.355864	0.164643	2.970475
265	-0.278612	0.230429	2.976063
266	-0.215637	0.127221	2.082879
267	-0.323265	0.209425	2.691504
268	-0.355097	0.211715	2.335602
269	-0.317148	0.378521	2.319092
270	-0.336953	0.089174	1.464506
271	-0.306931	0.248077	2.045257
272	-0.344676	0.127503	2.924987
273	-0.404485	0.167322	2.641584
274	-0.282295	0.123545	1.700997
275	-0.235312	0.319411	2.020334
276	-0.287664	0.219972	2.320035
277	-0.319264	0.139480	1.977919
278	-0.353546	0.266100	2.610350
279	-0.381618	0.161449	2.287437
280	-0.300778	0.133726	1.631017
281	-0.378882	0.222571	2.319638
282	-0.427745	0.253897	2.932723
283	-0.326222	0.292724	2.626204
284	-0.328461	0.105356	1.431606
285	-0.349206	0.351609	2.927578
286	-0.455859	0.391101	2.956144
287	-0.347165	0.250532	2.930416
288	-0.319926	0.230301	2.968407
289	-0.320799	0.099924	2.670213
290	-0.342415	0.407065	2.951867
291	-0.369704	0.167450	2.981771
292	-0.341726	0.331791	2.335298
293	-0.391629	0.241676	3.282751
294	-0.377557	0.173008	2.681962
295	-0.376023	0.262131	2.982939
296	-0.454599	0.207015	2.972495
297	-0.284511	0.054357	2.072931
298	-0.449822	0.108777	2.045949
299	-0.300973	0.234146	2.626672
300	-0.283502	0.182286	2.653635
301	-0.358148	0.348242	2.371629
302	-0.325721	0.257711	2.665612
303	-0.379851	0.250965	2.672250
304	-0.308606	0.204835	2.949261
305	-0.367358	0.274520	2.899823
306	-0.376001	0.236053	2.577316
307	-0.311951	0.059371	2.254384
308	-0.423453	0.226304	2.319999
309	-0.318857	0.212737	2.029165
310	-0.339895	0.222228	2.384778
311	-0.344748	0.200152	2.070181
312	-0.242260	0.083560	2.392990
313	-0.273586	0.075547	2.040795
314	-0.289640	0.153239	2.733382
315	-0.390395	0.403967	3.079139
316	-0.391777	0.311487	3.692200
317	-0.340120	0.282731	3.622147
318	-0.351061	0.182088	3.632624
319	-0.308275	0.267072	2.726736
320	-0.381107	0.192705	2.690240
321	-0.373650	0.454393	3.006117
322	-0.334828	0.215195	2.090295
323	-0.315393	0.182916	2.942436
324	-0.360380	0.258800	1.460118
325	-0.406521	0.073321	1.722966
326	-0.394561	0.069882	2.021435
327	-0.411930	0.183701	2.351874
328	-0.390710	0.095639	2.044591
329	-0.399834	0.191420	2.953580
330	-0.455461	0.178255	3.269340
331	-0.458082	0.122728	2.702031
332	-0.393511	0.164276	3.030465
333	-0.367919	0.085536	1.733957
334	-0.253020	0.081083	1.733718
335	-0.261122	0.088206	2.022566
336	-0.403911	0.197892	2.665289
337	-0.378443	0.120638	2.342474
338	-0.340200	0.082201	2.339826
339	-0.346945	0.136978	2.964212
340	-0.315084	0.177708	2.362931
341	-0.376692	0.133473	2.078760
342	-0.322110	0.147961	2.078133
343	-0.363933	0.198170	2.675111
344	-0.248894	0.072841	1.395363
345	-0.283054	0.120421	1.699441
346	-0.295539	0.192013	1.367787
347	-0.304332	0.097242	1.675159
348	-0.363886	0.093989	1.969204
349	-0.340062	0.055020	1.356889
350	-0.391972	0.084342	2.648350
351	-0.305223	0.103404	2.325641
352	-0.350041	0.078965	1.069219
353	-0.320465	0.133141	2.051348
354	-0.243011	0.110345	2.105917
355	-0.212290	0.028718	1.519338
356	-0.254630	0.192789	2.437019
357	-0.267923	0.138146	3.006355
358	-0.379240	0.162984	2.372901
359	-0.233048	0.082705	2.142991
360	-0.328556	0.207437	2.669712
361	-0.285894	0.161604	3.287673
362	-0.319898	0.103744	1.974285
363	-0.332478	0.088760	1.383530
364	-0.202794	0.105960	1.674229
365	-0.289448	0.185712	1.417234
366	-0.235168	0.057957	1.362518
367	-0.267344	0.081649	1.943517
368	-0.318136	0.152347	1.707055
369	-0.276713	0.154879	1.965168
370	-0.302668	0.146494	2.067210
371	-0.365868	0.201556	2.323365
372	-0.374525	0.108829	2.641809
373	-0.315998	0.142607	2.021660
374	-0.348871	0.261782	2.663534
375	-0.314072	0.233913	3.643316
376	-0.378883	0.200873	3.562318
377	-0.384928	0.236725	3.013771
378	-0.260265	0.176711	2.996984
379	-0.347461	0.247820	3.626854
380	-0.434693	0.230326	3.353055
381	-0.382958	0.216432	3.900173
382	-0.510171	0.131008	2.672804
383	-0.379921	0.150031	2.334213
384	-0.444553	0.085346	2.088482
385	-0.381973	0.146763	3.282152
386	-0.428033	0.218920	3.270482
387	-0.397429	0.061384	3.270252
388	-0.440844	0.247828	2.656560
389	-0.360956	0.137908	2.378675
390	-0.444282	0.161463	2.964710
391	-0.407631	0.121308	1.690988
392	-0.454548	0.119014	2.334953
393	-0.449405	0.038382	1.679561
394	-0.406260	0.066403	1.995788
395	-0.490563	0.189238	2.448614
396	-0.307164	0.098948	2.094435
397	-0.290582	0.181957	2.088420
398	-0.344298	0.188217	3.017000
399	-0.432134	0.203876	2.951441
