   0 	 -0.500000 	 0.120639 	 10.000000
    1 	 -0.250000 	 -0.015875 	 -0.003401
    2 	 -0.250000 	 -0.020303 	 -0.003344
    3 	 -0.333333 	 -0.019483 	 -0.003472
    4 	 -0.333333 	 -0.020475 	 -0.004167
    5 	 -0.333333 	 -0.023487 	 -0.005000
    6 	 -0.333333 	 -0.022736 	 -0.004608
    7 	 -0.333333 	 -0.022279 	 -0.004630
    8 	 -0.250000 	 -0.021046 	 -0.004717
    9 	 -0.250000 	 -0.017355 	 -0.003690
   10 	 -0.250000 	 -0.016890 	 -0.003731
   11 	 -0.250000 	 -0.016323 	 -0.003559
   12 	 -0.200000 	 0.126409 	 10.000000
   13 	 -1.000000 	 0.123600 	 10.000000
   14 	 -1.000000 	 0.406361 	 10.000000
   15 	 -1.000000 	 0.163436 	 1.000000
   16 	 -1.000000 	 -0.036715 	 10.000000
   17 	 -1.000000 	 0.794122 	 10.000000
   18 	 0.076923 	 0.885018 	 10.000000
   19 	 0.111111 	 0.864955 	 10.000000
   20 	 -1.000000 	 1.488333 	 10.000000
   21 	 -1.000000 	 0.496276 	 10.000000
   22 	 -0.250000 	 -0.084106 	 -0.047619
   23 	 -0.166667 	 -0.015181 	 -0.003663
   24 	 -0.166667 	 -0.012222 	 -0.002558
   25 	 -0.166667 	 -0.011752 	 -0.002358
   26 	 -0.166667 	 -0.011447 	 -0.002398
   27 	 -0.166667 	 -0.011473 	 -0.002404
   28 	 -0.166667 	 -0.011619 	 -0.002427
   29 	 -0.166667 	 -0.011737 	 -0.002392
   30 	 -0.166667 	 -0.011288 	 -0.002309
   31 	 -0.166667 	 -0.011207 	 -0.002331
   32 	 -0.250000 	 -0.013378 	 -0.002415
   33 	 -0.250000 	 -0.017352 	 -0.003175
   34 	 -1.000000 	 -0.030352 	 -0.003534
   35 	 -1.000000 	 -0.040428 	 -0.005682
   36 	 -1.000000 	 -0.053136 	 -0.008929
   37 	 -1.000000 	 -0.094574 	 -0.016667
   38 	 -1.000000 	 0.071089 	 10.000000
   39 	 -1.000000 	 0.141752 	 10.000000
   40 	 -1.000000 	 0.590714 	 10.000000
   41 	 -1.000000 	 0.679116 	 10.000000
   42 	 -1.000000 	 0.616742 	 10.000000
   43 	 -0.500000 	 0.739782 	 10.000000
   44 	 0.022222 	 0.196598 	 10.000000
   45 	 0.071429 	 0.727392 	 10.000000
   46 	 -0.500000 	 0.107279 	 1.000000
   47 	 -1.000000 	 -0.241497 	 -0.047619
   48 	 -0.200000 	 -0.013956 	 -0.002933
   49 	 -0.200000 	 -0.013729 	 -0.002786
   50 	 -0.200000 	 -0.013814 	 -0.002817
   51 	 -0.200000 	 -0.013840 	 -0.003040
   52 	 -0.200000 	 -0.013883 	 -0.002976
   53 	 -0.200000 	 -0.013802 	 -0.002825
   54 	 -0.200000 	 -0.014366 	 -0.002817
   55 	 -0.200000 	 -0.014197 	 -0.003040
   56 	 -0.200000 	 -0.016495 	 -0.003509
   57 	 -0.200000 	 -0.013977 	 -0.002907
   58 	 -0.200000 	 -0.013737 	 -0.002933
   59 	 -0.200000 	 -0.013929 	 -0.002907
   60 	 -0.250000 	 -0.014995 	 -0.002985
   61 	 -0.200000 	 -0.017512 	 -0.003484
   62 	 -0.125000 	 -0.012210 	 -0.002874
   63 	 -0.125000 	 -0.009116 	 -0.001923
   64 	 -0.125000 	 -0.008969 	 -0.001802
   65 	 -0.125000 	 -0.008809 	 -0.001855
   66 	 -0.125000 	 -0.008960 	 -0.001835
   67 	 -0.142857 	 -0.008840 	 -0.001776
   68 	 -0.125000 	 -0.009501 	 -0.002053
   69 	 -0.125000 	 -0.009080 	 -0.001855
   70 	 -0.125000 	 -0.008657 	 -0.001799
   71 	 -0.125000 	 -0.008737 	 -0.001866
   72 	 -0.125000 	 -0.008687 	 -0.001934
   73 	 -0.125000 	 -0.008964 	 -0.001866
   74 	 -0.125000 	 -0.008686 	 -0.001821
   75 	 -0.125000 	 -0.008826 	 -0.001855
   76 	 -0.125000 	 -0.008860 	 -0.001961
   77 	 -0.125000 	 -0.008468 	 -0.001792
   78 	 -0.125000 	 -0.008790 	 -0.001835
   79 	 -0.125000 	 -0.008905 	 -0.001905
   80 	 -0.125000 	 -0.008861 	 -0.001908
   81 	 -0.142857 	 -0.009036 	 -0.001832
   82 	 -0.142857 	 -0.009936 	 -0.002105
   83 	 -0.142857 	 -0.010127 	 -0.002169
   84 	 -0.142857 	 -0.010014 	 -0.002146
   85 	 -0.142857 	 -0.012645 	 -0.002410
   86 	 -0.142857 	 -0.010034 	 -0.002128
   87 	 -0.166667 	 -0.010766 	 -0.002088
   88 	 -0.166667 	 -0.011467 	 -0.002353
   89 	 -0.166667 	 -0.011810 	 -0.002463
   90 	 -0.166667 	 -0.012247 	 -0.002488
   91 	 -0.166667 	 -0.011553 	 -0.002410
   92 	 -0.166667 	 -0.011658 	 -0.002370
   93 	 -0.166667 	 -0.011719 	 -0.002433
   94 	 -0.166667 	 -0.011596 	 -0.002398
   95 	 -0.166667 	 -0.011323 	 -0.002336
   96 	 -0.166667 	 -0.011355 	 -0.002364
   97 	 -0.166667 	 -0.012074 	 -0.002404
   98 	 -0.166667 	 -0.011589 	 -0.002415
   99 	 -0.166667 	 -0.012089 	 -0.002457
  100 	 -0.166667 	 -0.013281 	 -0.002457
  101 	 -0.166667 	 -0.011457 	 -0.002404
  102 	 -0.166667 	 -0.011150 	 -0.002331
  103 	 -0.200000 	 -0.012039 	 -0.002331
  104 	 -0.166667 	 -0.013391 	 -0.003356
  105 	 -0.200000 	 -0.013724 	 -0.002597
  106 	 -0.200000 	 -0.014400 	 -0.002899
  107 	 -0.200000 	 -0.013838 	 -0.002825
  108 	 -0.200000 	 -0.014125 	 -0.002899
  109 	 -0.200000 	 -0.015133 	 -0.002825
  110 	 -0.200000 	 -0.013634 	 -0.002762
  111 	 -0.250000 	 -0.014953 	 -0.002874
  112 	 -0.250000 	 -0.016758 	 -0.003425
  113 	 -0.250000 	 -0.016064 	 -0.003497
  114 	 -0.250000 	 -0.017633 	 -0.003676
  115 	 -0.200000 	 -0.015387 	 -0.003390
  116 	 -0.200000 	 -0.015648 	 -0.002857
  117 	 -0.200000 	 -0.014693 	 -0.003077
  118 	 -0.250000 	 0.124199 	 10.000000
  119 	 -1.000000 	 0.933724 	 10.000000
  120 	 -1.000000 	 0.157993 	 10.000000
  121 	 -1.000000 	 0.104813 	 10.000000
  122 	 -1.000000 	 1.607279 	 10.000000
  123 	 -0.500000 	 0.707160 	 10.000000
  124 	 0.090909 	 1.561114 	 10.000000
  125 	 -1.000000 	 2.143519 	 10.000000
  126 	 -1.000000 	 0.864966 	 10.000000
  127 	 -1.000000 	 0.768503 	 10.000000
  128 	 -1.000000 	 -0.070665 	 -0.025000
  129 	 -1.000000 	 0.518962 	 10.000000
  130 	 -1.000000 	 -0.094885 	 -0.031250
  131 	 -1.000000 	 -0.059925 	 -0.017241
  132 	 -1.000000 	 -0.073152 	 -0.018868
  133 	 -1.000000 	 0.122963 	 10.000000
  134 	 -0.500000 	 -0.037041 	 -0.007937
  135 	 -0.500000 	 -0.036002 	 -0.009709
  136 	 -0.500000 	 -0.036247 	 -0.007407
  137 	 -1.000000 	 -0.044527 	 -0.007634
  138 	 -1.000000 	 -0.064862 	 -0.011494
  139 	 -1.000000 	 0.059064 	 10.000000
  140 	 0.003378 	 0.015704 	 0.200000
  141 	 0.003413 	 0.016648 	 0.250000
  142 	 0.003861 	 0.025908 	 0.250000
  143 	 0.004274 	 0.025602 	 0.333333
  144 	 0.006289 	 0.022891 	 0.250000
  145 	 -0.500000 	 0.147878 	 10.000000
  146 	 0.003236 	 0.016018 	 0.200000
  147 	 0.003195 	 0.014385 	 0.200000
  148 	 0.003058 	 0.013489 	 0.200000
  149 	 0.002695 	 0.016215 	 0.333333
  150 	 0.003356 	 0.019397 	 0.333333
  151 	 0.004132 	 0.019228 	 0.333333
  152 	 0.003906 	 0.017937 	 0.333333
  153 	 0.003717 	 0.017906 	 0.166667
  154 	 -1.000000 	 -0.001468 	 0.200000
  155 	 0.005291 	 0.021981 	 0.250000
  156 	 0.004762 	 0.163087 	 10.000000
  157 	 0.021277 	 0.275732 	 10.000000
  158 	 -1.000000 	 0.456514 	 10.000000
  159 	 0.014286 	 0.517694 	 10.000000
  160 	 -0.250000 	 0.092768 	 10.000000
  161 	 -0.500000 	 0.571224 	 10.000000
  162 	 -1.000000 	 -0.039046 	 10.000000
  163 	 -0.500000 	 0.667244 	 10.000000
  164 	 -1.000000 	 -0.189660 	 0.333333
  165 	 0.005236 	 0.022025 	 0.250000
  166 	 0.005814 	 0.018573 	 0.142857
  167 	 0.004878 	 0.018703 	 0.142857
  168 	 0.005051 	 0.022786 	 0.333333
  169 	 0.005376 	 0.029337 	 0.333333
  170 	 0.007042 	 0.030198 	 0.333333
  171 	 0.005181 	 0.018574 	 0.142857
  172 	 0.004367 	 0.160925 	 10.000000
  173 	 0.037037 	 0.660030 	 10.000000
  174 	 -1.000000 	 2.704697 	 10.000000
  175 	 -1.000000 	 1.092446 	 10.000000
  176 	 -1.000000 	 1.336673 	 10.000000
  177 	 0.142857 	 0.786735 	 10.000000
  178 	 -1.000000 	 0.042056 	 1.000000
  179 	 -1.000000 	 0.161667 	 10.000000
  180 	 -0.500000 	 1.173810 	 10.000000
  181 	 -0.333333 	 0.617149 	 10.000000
  182 	 -1.000000 	 0.226253 	 10.000000
  183 	 0.010870 	 0.037492 	 0.333333
  184 	 0.008403 	 0.024706 	 0.166667
  185 	 0.009174 	 0.028804 	 0.333333
  186 	 0.009174 	 0.022268 	 0.166667
  187 	 0.007194 	 0.035368 	 0.333333
  188 	 0.006944 	 0.312983 	 10.000000
  189 	 0.035714 	 0.227896 	 10.000000
  190 	 -1.000000 	 0.697080 	 10.000000
  191 	 -0.500000 	 0.077742 	 0.250000
  192 	 -1.000000 	 0.171377 	 10.000000
  193 	 -1.000000 	 3.690952 	 10.000000
  194 	 -0.500000 	 0.100866 	 10.000000
  195 	 -1.000000 	 1.048810 	 10.000000
  196 	 -1.000000 	 1.197619 	 10.000000
  197 	 -0.333333 	 -0.150614 	 -0.052632
  198 	 -0.142857 	 -0.010311 	 -0.002119
  199 	 -0.142857 	 -0.010902 	 -0.002387
  200 	 -0.142857 	 -0.010789 	 -0.002101
  201 	 -0.142857 	 -0.010434 	 -0.002119
  202 	 -0.142857 	 -0.009898 	 -0.002037
  203 	 -0.142857 	 -0.009587 	 -0.002033
  204 	 -0.142857 	 -0.010024 	 -0.002062
  205 	 -0.142857 	 -0.010228 	 -0.002049
  206 	 -0.142857 	 -0.010324 	 -0.002237
  207 	 -0.142857 	 -0.010863 	 -0.002320
  208 	 -0.142857 	 -0.009991 	 -0.002092
  209 	 -0.090909 	 -0.008407 	 -0.002008
  210 	 -0.090909 	 -0.006214 	 -0.001305
  211 	 -0.090909 	 -0.006401 	 -0.001332
  212 	 -0.090909 	 -0.006485 	 -0.001340
  213 	 -0.090909 	 -0.006255 	 -0.001330
  214 	 -0.090909 	 -0.006896 	 -0.001330
  215 	 -0.090909 	 -0.006419 	 -0.001332
  216 	 -0.090909 	 -0.006197 	 -0.001328
  217 	 -0.090909 	 -0.006245 	 -0.001312
  218 	 -0.142857 	 -0.007515 	 -0.001357
  219 	 -0.142857 	 -0.010330 	 -0.001898
  220 	 -0.142857 	 -0.009628 	 -0.001859
  221 	 -0.142857 	 -0.009826 	 -0.002092
  222 	 -0.142857 	 -0.010039 	 -0.002119
  223 	 -0.142857 	 -0.009634 	 -0.002075
  224 	 -0.142857 	 -0.009470 	 -0.002033
  225 	 -0.142857 	 -0.009765 	 -0.002137
  226 	 -0.142857 	 -0.009838 	 -0.002041
  227 	 -0.142857 	 -0.009814 	 -0.002075
  228 	 -0.200000 	 -0.011026 	 -0.002079
  229 	 -0.250000 	 -0.013063 	 -0.002611
  230 	 -0.250000 	 -0.017481 	 -0.003636
  231 	 -0.250000 	 -0.016616 	 -0.003390
  232 	 -0.333333 	 -0.023380 	 -0.004016
  233 	 -0.250000 	 -0.003287 	 1.000000
  234 	 0.015152 	 0.069549 	 1.000000
  235 	 0.012195 	 0.065530 	 1.000000
  236 	 0.015873 	 0.075854 	 1.000000
  237 	 0.013514 	 0.210979 	 10.000000
  238 	 -1.000000 	 2.208796 	 10.000000
  239 	 -0.500000 	 0.626026 	 10.000000
  240 	 -0.500000 	 0.079186 	 10.000000
  241 	 -0.500000 	 1.202860 	 10.000000
  242 	 -1.000000 	 -0.539524 	 0.500000
  243 	 0.007194 	 0.033547 	 0.500000
  244 	 0.007874 	 0.035026 	 0.500000
  245 	 0.007246 	 0.035937 	 0.500000
  246 	 0.007194 	 0.030886 	 0.500000
  247 	 0.006579 	 0.030058 	 0.333333
  248 	 -1.000000 	 0.763730 	 10.000000
  249 	 -1.000000 	 0.772534 	 10.000000
  250 	 -1.000000 	 0.541327 	 10.000000
  251 	 -0.500000 	 0.944858 	 10.000000
  252 	 -0.500000 	 0.098024 	 10.000000
  253 	 0.007299 	 0.032582 	 0.500000
  254 	 0.006135 	 0.029012 	 0.500000
  255 	 0.005917 	 0.038772 	 1.000000
  256 	 0.007463 	 0.047958 	 0.500000
  257 	 0.009009 	 0.043007 	 0.333333
  258 	 -1.000000 	 0.776495 	 10.000000
  259 	 -1.000000 	 0.946077 	 10.000000
  260 	 0.035714 	 0.777001 	 10.000000
  261 	 -1.000000 	 0.149186 	 10.000000
  262 	 -1.000000 	 1.848333 	 10.000000
  263 	 0.055556 	 0.969328 	 10.000000
  264 	 -1.000000 	 1.328810 	 10.000000
  265 	 0.066667 	 1.952967 	 10.000000
  266 	 -0.500000 	 -0.162648 	 -0.071429
  267 	 -0.500000 	 -0.035625 	 -0.007299
  268 	 -1.000000 	 -0.043069 	 -0.006897
  269 	 -1.000000 	 -0.050774 	 -0.010101
  270 	 -1.000000 	 0.240172 	 10.000000
  271 	 -1.000000 	 -0.047826 	 -0.017544
  272 	 -1.000000 	 -0.064062 	 -0.014706
  273 	 -1.000000 	 -0.047979 	 -0.009709
  274 	 -0.500000 	 -0.068170 	 -0.016667
  275 	 -1.000000 	 -0.030796 	 1.000000
  276 	 -1.000000 	 0.221437 	 10.000000
  277 	 -0.500000 	 -0.039034 	 -0.010417
  278 	 -0.500000 	 -0.038043 	 -0.008333
  279 	 -1.000000 	 -0.049752 	 -0.007092
  280 	 -0.500000 	 -0.035053 	 -0.007407
  281 	 -0.500000 	 -0.037081 	 -0.008333
  282 	 -0.500000 	 -0.035527 	 -0.007353
  283 	 -0.500000 	 -0.030990 	 -0.005405
  284 	 -0.500000 	 -0.031462 	 -0.007092
  285 	 -0.500000 	 -0.036531 	 -0.007407
  286 	 -0.500000 	 0.113200 	 10.000000
  287 	 -1.000000 	 3.876190 	 10.000000
  288 	 -0.500000 	 2.154626 	 10.000000
  289 	 -0.250000 	 1.026139 	 10.000000
  290 	 -0.142857 	 0.206118 	 10.000000
  291 	 -0.500000 	 -0.045238 	 -0.010309
  292 	 -1.000000 	 -0.049141 	 -0.007752
  293 	 -1.000000 	 -0.063218 	 -0.012821
  294 	 -1.000000 	 -0.060332 	 -0.010526
  295 	 -1.000000 	 -0.072131 	 -0.015625
  296 	 -1.000000 	 -0.068219 	 -0.012500
  297 	 -1.000000 	 0.067840 	 10.000000
  298 	 -1.000000 	 0.127381 	 1.000000
  299 	 -0.333333 	 1.138401 	 10.000000
  300 	 0.027027 	 0.878901 	 10.000000
  301 	 -1.000000 	 0.613539 	 10.000000
  302 	 0.034483 	 0.641153 	 10.000000
  303 	 -1.000000 	 2.011861 	 10.000000
  304 	 0.125000 	 0.836003 	 10.000000
  305 	 0.050000 	 0.946892 	 10.000000
  306 	 0.071429 	 0.721821 	 10.000000
  307 	 0.062500 	 0.218609 	 10.000000
  308 	 -0.500000 	 0.794736 	 10.000000
  309 	 -0.500000 	 0.328107 	 10.000000
  310 	 -0.500000 	 2.721429 	 10.000000
  311 	 0.052632 	 1.291449 	 10.000000
  312 	 0.050000 	 0.673414 	 10.000000
  313 	 0.100000 	 0.783010 	 10.000000
  314 	 -0.500000 	 0.005791 	 10.000000
  315 	 -1.000000 	 0.175241 	 10.000000
  316 	 -0.250000 	 1.485119 	 10.000000
  317 	 -0.333333 	 0.960169 	 10.000000
  318 	 0.025000 	 0.481675 	 10.000000
  319 	 -1.000000 	 1.956355 	 10.000000
  320 	 -1.000000 	 0.200170 	 10.000000
  321 	 -1.000000 	 1.408178 	 10.000000
  322 	 -1.000000 	 1.788095 	 10.000000
  323 	 0.071429 	 1.049474 	 10.000000
  324 	 -0.333333 	 -0.128369 	 1.000000
  325 	 -0.250000 	 -0.017368 	 -0.003774
  326 	 -1.000000 	 -0.027845 	 -0.002874
  327 	 -0.125000 	 -0.013696 	 -0.003247
  328 	 -1.000000 	 -0.022575 	 -0.001887
  329 	 -0.125000 	 -0.013278 	 -0.002674
  330 	 -0.125000 	 -0.010540 	 -0.002179
  331 	 -0.250000 	 -0.011221 	 -0.001866
  332 	 -1.000000 	 -0.028969 	 -0.003021
  333 	 -1.000000 	 -0.053089 	 0.333333
  334 	 -1.000000 	 0.057760 	 10.000000
  335 	 0.012658 	 0.224997 	 10.000000
  336 	 -1.000000 	 0.118916 	 10.000000
  337 	 0.016129 	 0.070716 	 1.000000
  338 	 -1.000000 	 0.440989 	 10.000000
  339 	 -1.000000 	 0.372414 	 10.000000
  340 	 -0.333333 	 -0.050119 	 -0.022222
  341 	 -0.250000 	 -0.020038 	 -0.004202
  342 	 -0.200000 	 -0.014419 	 -0.002950
  343 	 -0.200000 	 -0.014532 	 -0.003049
  344 	 -0.200000 	 -0.014497 	 -0.003086
  345 	 -0.200000 	 -0.013531 	 -0.002857
  346 	 -0.200000 	 -0.015707 	 -0.002976
  347 	 -0.200000 	 -0.014836 	 -0.003077
  348 	 -0.200000 	 -0.014587 	 -0.003030
  349 	 -0.200000 	 -0.013922 	 -0.002976
  350 	 -0.200000 	 -0.014063 	 -0.002950
  351 	 -0.200000 	 -0.013731 	 -0.002933
  352 	 -0.200000 	 -0.013674 	 -0.002890
  353 	 -0.200000 	 -0.012694 	 -0.002890
  354 	 -0.200000 	 -0.013110 	 -0.002882
  355 	 -0.200000 	 -0.014203 	 -0.003058
  356 	 -0.125000 	 -0.012532 	 -0.003215
  357 	 -0.083333 	 -0.008295 	 -0.002028
  358 	 -0.083333 	 -0.006024 	 -0.001311
  359 	 -0.083333 	 -0.005863 	 -0.001229
  360 	 -0.083333 	 -0.006288 	 -0.001325
  361 	 -0.083333 	 -0.005924 	 -0.001215
  362 	 -0.083333 	 -0.005713 	 -0.001199
  363 	 -0.083333 	 -0.005867 	 -0.001227
  364 	 -0.083333 	 -0.005970 	 -0.001215
  365 	 -0.083333 	 -0.005787 	 -0.001208
  366 	 -0.083333 	 -0.005760 	 -0.001214
  367 	 -0.076923 	 -0.005887 	 -0.001227
  368 	 -0.076923 	 -0.005438 	 -0.001142
  369 	 -0.076923 	 -0.005460 	 -0.001135
  370 	 -0.076923 	 -0.005402 	 -0.001117
  371 	 -0.076923 	 -0.005326 	 -0.001100
  372 	 -0.083333 	 -0.005474 	 -0.001119
  373 	 -0.083333 	 -0.005825 	 -0.001182
  374 	 -0.083333 	 -0.005791 	 -0.001214
  375 	 -0.083333 	 -0.005878 	 -0.001224
  376 	 -0.083333 	 -0.006007 	 -0.001232
  377 	 -0.083333 	 -0.005602 	 -0.001215
  378 	 -0.076923 	 -0.005734 	 -0.001229
  379 	 -0.076923 	 -0.005367 	 -0.001147
  380 	 -0.111111 	 -0.006073 	 -0.001121
  381 	 -0.111111 	 -0.007377 	 -0.001453
  382 	 -0.111111 	 -0.007383 	 -0.001493
  383 	 -0.111111 	 -0.007714 	 -0.001603
  384 	 -0.111111 	 -0.008367 	 -0.001664
  385 	 -0.125000 	 -0.008000 	 -0.001608
  386 	 -0.142857 	 -0.009289 	 -0.001770
  387 	 -0.142857 	 -0.009976 	 -0.002041
  388 	 -0.142857 	 -0.011673 	 -0.002053
  389 	 -0.142857 	 -0.010134 	 -0.002075
  390 	 -0.142857 	 -0.009671 	 -0.002049
  391 	 -0.142857 	 -0.009822 	 -0.002037
  392 	 -0.142857 	 -0.010309 	 -0.002045
  393 	 -0.142857 	 -0.011254 	 -0.002123
  394 	 -0.142857 	 -0.010222 	 -0.002119
  395 	 -0.142857 	 -0.010038 	 -0.002119
  396 	 -0.142857 	 -0.010037 	 -0.002096
  397 	 -0.142857 	 -0.009616 	 -0.002058
  398 	 -0.142857 	 -0.009967 	 -0.002075
  399 	 -0.142857 	 -0.010476 	 -0.002193
 