   0 	 -0.250000 	 0.017543 	 0.500000
    1 	 -1.000000 	 0.487796 	 10.000000
    2 	 -0.333333 	 -0.030791 	 0.500000
    3 	 0.006944 	 0.032788 	 0.500000
    4 	 0.008000 	 0.044156 	 0.500000
    5 	 0.009804 	 0.185260 	 10.000000
    6 	 0.034483 	 0.099789 	 1.000000
    7 	 -0.500000 	 0.349573 	 10.000000
    8 	 -0.500000 	 0.055056 	 10.000000
    9 	 0.006944 	 0.037226 	 0.500000
   10 	 0.006944 	 0.049848 	 1.000000
   11 	 -0.500000 	 0.182789 	 10.000000
   12 	 0.006849 	 0.033154 	 0.500000
   13 	 0.008065 	 0.035198 	 0.500000
   14 	 0.008772 	 0.056622 	 0.500000
   15 	 0.016667 	 0.059308 	 0.500000
   16 	 0.017857 	 0.063825 	 1.000000
   17 	 -1.000000 	 0.246030 	 10.000000
   18 	 -1.000000 	 0.294516 	 10.000000
   19 	 -0.500000 	 -0.045822 	 -0.009804
   20 	 -0.500000 	 -0.032600 	 -0.006757
   21 	 -1.000000 	 -0.061583 	 -0.007576
   22 	 -1.000000 	 -0.058570 	 -0.009091
   23 	 -1.000000 	 0.061543 	 10.000000
   24 	 -1.000000 	 0.112042 	 10.000000
   25 	 -1.000000 	 0.213268 	 10.000000
   26 	 -1.000000 	 -0.075777 	 -0.029412
   27 	 -1.000000 	 -0.073365 	 -0.016667
   28 	 -1.000000 	 -0.068726 	 -0.013889
   29 	 -0.200000 	 -0.049366 	 -0.015873
   30 	 -1.000000 	 -0.027756 	 -0.003175
   31 	 -0.200000 	 -0.016732 	 -0.003788
   32 	 -0.200000 	 -0.013227 	 -0.002786
   33 	 -0.200000 	 -0.015840 	 -0.002915
   34 	 -0.100000 	 -0.010427 	 -0.002833
   35 	 -0.100000 	 -0.007163 	 -0.001529
   36 	 -0.100000 	 -0.006900 	 -0.001439
   37 	 -0.100000 	 -0.006874 	 -0.001445
   38 	 -0.200000 	 -0.008972 	 -0.001506
   39 	 -0.200000 	 -0.011968 	 -0.002160
   40 	 -0.200000 	 -0.014150 	 -0.002959
   41 	 -0.200000 	 -0.013626 	 -0.002907
   42 	 -0.200000 	 -0.013641 	 -0.002915
   43 	 -0.200000 	 -0.013360 	 -0.002933
   44 	 -0.200000 	 -0.013863 	 -0.002801
   45 	 -0.200000 	 -0.013617 	 -0.002933
   46 	 -0.200000 	 -0.013968 	 -0.002857
   47 	 -0.250000 	 -0.015341 	 -0.002933
   48 	 -0.166667 	 -0.014547 	 -0.003236
   49 	 -0.100000 	 -0.010611 	 -0.002618
   50 	 -0.100000 	 -0.007638 	 -0.001531
   51 	 -0.100000 	 -0.006974 	 -0.001460
   52 	 -0.111111 	 -0.007167 	 -0.001466
   53 	 -0.111111 	 -0.007873 	 -0.001616
   54 	 -0.111111 	 -0.007645 	 -0.001608
   55 	 -0.083333 	 -0.006902 	 -0.001629
   56 	 -0.125000 	 -0.006947 	 -0.001274
   57 	 -0.125000 	 -0.007496 	 -0.001567
   58 	 -0.142857 	 -0.009124 	 -0.001828
   59 	 -0.166667 	 -0.010384 	 -0.002062
   60 	 -0.142857 	 -0.010790 	 -0.002309
   61 	 -0.142857 	 -0.010691 	 -0.002169
   62 	 -0.142857 	 -0.009868 	 -0.002070
   63 	 -0.142857 	 -0.010442 	 -0.002088
   64 	 -0.090909 	 -0.008616 	 -0.002075
   65 	 -0.062500 	 -0.005747 	 -0.001420
   66 	 -0.062500 	 -0.004396 	 -0.000958
   67 	 -0.062500 	 -0.004459 	 -0.000916
   68 	 -0.083333 	 -0.004822 	 -0.000929
   69 	 -0.083333 	 -0.005465 	 -0.001136
   70 	 -0.083333 	 -0.005789 	 -0.001239
   71 	 -0.083333 	 -0.005775 	 -0.001203
   72 	 -0.083333 	 -0.005750 	 -0.001198
   73 	 -0.083333 	 -0.005832 	 -0.001217
   74 	 -0.083333 	 -0.005903 	 -0.001199
   75 	 -0.083333 	 -0.005748 	 -0.001208
   76 	 -0.083333 	 -0.005825 	 -0.001209
   77 	 -0.083333 	 -0.005816 	 -0.001206
   78 	 -0.083333 	 -0.005966 	 -0.001248
   79 	 -0.083333 	 -0.005983 	 -0.001239
   80 	 -0.083333 	 -0.005803 	 -0.001229
   81 	 -0.071429 	 -0.005384 	 -0.001164
   82 	 -0.090909 	 -0.005619 	 -0.001078
   83 	 -0.090909 	 -0.006449 	 -0.001287
   84 	 -0.090909 	 -0.006418 	 -0.001332
   85 	 -0.111111 	 -0.006718 	 -0.001307
   86 	 -0.111111 	 -0.007495 	 -0.001504
   87 	 -0.111111 	 -0.007731 	 -0.001595
   88 	 -0.111111 	 -0.007673 	 -0.001577
   89 	 -0.111111 	 -0.007176 	 -0.001580
   90 	 -0.111111 	 -0.007678 	 -0.001616
   91 	 -0.200000 	 -0.010292 	 -0.001695
   92 	 -0.200000 	 -0.011170 	 -0.002304
   93 	 -0.333333 	 -0.016636 	 -0.002985
   94 	 -0.333333 	 -0.023684 	 -0.004525
   95 	 -0.200000 	 -0.017925 	 -0.004386
   96 	 -0.200000 	 -0.016331 	 -0.003311
   97 	 -0.200000 	 -0.013946 	 -0.002857
   98 	 -0.200000 	 -0.015025 	 -0.003390
   99 	 -0.200000 	 -0.014594 	 -0.003096
  100 	 -0.250000 	 -0.015158 	 -0.003012
  101 	 -0.200000 	 -0.015238 	 -0.003311
  102 	 -0.200000 	 -0.014074 	 -0.002882
  103 	 -0.200000 	 -0.013795 	 -0.002817
  104 	 -0.200000 	 -0.012557 	 -0.002488
  105 	 -0.200000 	 -0.013720 	 -0.002907
  106 	 -0.200000 	 -0.013914 	 -0.003003
  107 	 -0.200000 	 -0.013887 	 -0.002865
  108 	 -0.200000 	 -0.013868 	 -0.002941
  109 	 -0.200000 	 -0.012608 	 -0.002358
  110 	 -0.200000 	 -0.013932 	 -0.002924
  111 	 -0.200000 	 -0.015748 	 -0.003115
  112 	 -0.200000 	 -0.013444 	 -0.002933
  113 	 -0.333333 	 -0.016542 	 -0.002833
  114 	 -0.200000 	 -0.017762 	 -0.004149
  115 	 -0.200000 	 -0.015449 	 -0.003236
  116 	 -0.200000 	 -0.014251 	 -0.002882
  117 	 -0.200000 	 -0.013977 	 -0.002882
  118 	 -0.200000 	 -0.013561 	 -0.002695
  119 	 -0.166667 	 -0.013055 	 -0.002857
  120 	 -0.166667 	 -0.012482 	 -0.002865
  121 	 -0.166667 	 -0.011588 	 -0.002415
  122 	 -0.166667 	 -0.011619 	 -0.002439
  123 	 -0.166667 	 -0.011489 	 -0.002381
  124 	 -0.166667 	 -0.011476 	 -0.002381
  125 	 -0.166667 	 -0.011673 	 -0.002433
  126 	 -0.166667 	 -0.011600 	 -0.002481
  127 	 -0.166667 	 -0.011939 	 -0.002618
  128 	 -0.200000 	 -0.012665 	 -0.002538
  129 	 -0.200000 	 -0.013202 	 -0.002801
  130 	 -0.200000 	 -0.013853 	 -0.002755
  131 	 -0.200000 	 -0.012856 	 -0.002674
  132 	 -0.500000 	 -0.019216 	 -0.002941
  133 	 -0.333333 	 -0.022461 	 -0.004878
  134 	 -0.333333 	 -0.026612 	 -0.005181
  135 	 -0.333333 	 -0.028990 	 -0.005076
  136 	 -0.333333 	 -0.022062 	 -0.004808
  137 	 -1.000000 	 -0.009103 	 1.000000
  138 	 0.008065 	 0.036200 	 0.500000
  139 	 0.007634 	 0.035142 	 0.500000
  140 	 0.008264 	 0.040063 	 0.500000
  141 	 0.007576 	 0.044946 	 1.000000
  142 	 0.010638 	 0.057978 	 0.500000
  143 	 0.010753 	 0.185067 	 10.000000
  144 	 -0.500000 	 -0.032350 	 -0.009524
  145 	 -0.500000 	 -0.033135 	 -0.006803
  146 	 -0.500000 	 -0.035302 	 -0.006849
  147 	 -0.500000 	 -0.033558 	 -0.006623
  148 	 -0.500000 	 -0.035628 	 -0.008000
  149 	 -0.200000 	 -0.022457 	 -0.006098
  150 	 -0.500000 	 -0.024365 	 -0.003236
  151 	 -0.500000 	 -0.027807 	 -0.003690
  152 	 -0.500000 	 -0.035791 	 -0.007576
  153 	 -0.500000 	 -0.033902 	 -0.006250
  154 	 -0.200000 	 -0.026482 	 -0.007246
  155 	 -0.200000 	 -0.013591 	 -0.002890
  156 	 -0.200000 	 -0.013719 	 -0.002899
  157 	 -0.200000 	 -0.013889 	 -0.002899
  158 	 -0.333333 	 -0.015995 	 -0.002809
  159 	 -0.200000 	 -0.017364 	 -0.003968
  160 	 -0.333333 	 -0.017129 	 -0.002778
  161 	 -0.200000 	 -0.016747 	 -0.003774
  162 	 -0.200000 	 -0.014035 	 -0.002976
  163 	 -0.200000 	 -0.015963 	 -0.002967
  164 	 -0.200000 	 -0.015710 	 -0.003215
  165 	 -0.200000 	 -0.013574 	 -0.002841
  166 	 -0.200000 	 -0.017195 	 -0.003831
  167 	 -0.333333 	 -0.016575 	 -0.003021
  168 	 -0.333333 	 -0.018863 	 -0.003846
  169 	 -0.333333 	 -0.024029 	 -0.005263
  170 	 -0.333333 	 -0.023893 	 -0.004785
  171 	 -0.333333 	 -0.023939 	 -0.004950
  172 	 -0.333333 	 -0.022822 	 -0.004717
  173 	 -0.333333 	 -0.026217 	 -0.005051
  174 	 -0.250000 	 -0.021717 	 -0.005025
  175 	 -0.250000 	 -0.018256 	 -0.003676
  176 	 -0.250000 	 -0.018126 	 -0.003788
  177 	 -0.250000 	 -0.017208 	 -0.003623
  178 	 -0.250000 	 -0.017259 	 -0.003759
  179 	 -0.250000 	 -0.018903 	 -0.004184
  180 	 -0.250000 	 -0.016101 	 -0.003436
  181 	 -0.250000 	 -0.016999 	 -0.003559
  182 	 -0.250000 	 -0.018238 	 -0.003636
  183 	 -0.250000 	 -0.017211 	 -0.003484
  184 	 -0.250000 	 -0.017373 	 -0.003690
  185 	 -0.250000 	 -0.016919 	 -0.003559
  186 	 -0.333333 	 -0.018889 	 -0.003846
  187 	 -0.333333 	 -0.023279 	 -0.004878
  188 	 -0.333333 	 -0.020927 	 -0.004808
  189 	 -0.333333 	 -0.022850 	 -0.004739
  190 	 -0.333333 	 -0.023210 	 -0.004902
  191 	 -0.333333 	 -0.022278 	 -0.004505
  192 	 -0.333333 	 -0.020889 	 -0.004739
  193 	 -0.333333 	 -0.023054 	 -0.004566
  194 	 -0.333333 	 -0.022808 	 -0.004587
  195 	 -0.166667 	 -0.000080 	 1.000000
  196 	 -1.000000 	 0.189612 	 10.000000
  197 	 0.012500 	 0.059147 	 1.000000
  198 	 0.016667 	 0.078372 	 1.000000
  199 	 0.013514 	 0.045595 	 0.500000
  200 	 0.011765 	 0.058723 	 1.000000
  201 	 0.013158 	 0.064206 	 1.000000
  202 	 0.013889 	 0.048015 	 0.500000
  203 	 0.010989 	 0.057674 	 0.500000
  204 	 -1.000000 	 0.391483 	 10.000000
  205 	 -0.500000 	 -0.019904 	 1.000000
  206 	 0.014085 	 0.066277 	 1.000000
  207 	 0.012821 	 0.053026 	 1.000000
  208 	 0.012500 	 0.062172 	 1.000000
  209 	 0.012987 	 0.058712 	 1.000000
  210 	 -1.000000 	 0.211510 	 10.000000
  211 	 0.016129 	 0.070109 	 1.000000
  212 	 -1.000000 	 0.215185 	 10.000000
  213 	 -1.000000 	 0.010628 	 0.333333
  214 	 0.014286 	 0.066695 	 1.000000
  215 	 0.018868 	 0.069222 	 1.000000
  216 	 0.013158 	 0.061244 	 1.000000
  217 	 0.013158 	 0.038165 	 0.500000
  218 	 0.010526 	 0.041226 	 0.333333
  219 	 0.009709 	 0.185150 	 10.000000
  220 	 -0.333333 	 1.437842 	 10.000000
  221 	 -0.500000 	 0.163526 	 10.000000
  222 	 -1.000000 	 1.226190 	 10.000000
  223 	 0.142857 	 1.986565 	 10.000000
  224 	 -0.500000 	 1.798357 	 10.000000
  225 	 -1.000000 	 0.603333 	 10.000000
  226 	 -0.250000 	 0.434360 	 10.000000
  227 	 -0.250000 	 0.922124 	 10.000000
  228 	 -0.500000 	 0.839027 	 10.000000
  229 	 -0.500000 	 0.841429 	 10.000000
  230 	 -1.000000 	 0.846864 	 10.000000
  231 	 -1.000000 	 2.050102 	 10.000000
  232 	 -1.000000 	 -0.245233 	 -0.090909
  233 	 -1.000000 	 -0.091293 	 -0.017857
  234 	 -0.500000 	 -0.038632 	 1.000000
  235 	 0.007634 	 0.038323 	 0.500000
  236 	 -1.000000 	 0.167632 	 10.000000
  237 	 -1.000000 	 0.525551 	 10.000000
  238 	 -1.000000 	 0.200503 	 10.000000
  239 	 -1.000000 	 -0.080155 	 -0.016129
  240 	 -1.000000 	 -0.067859 	 -0.013514
  241 	 -1.000000 	 0.071874 	 10.000000
  242 	 -1.000000 	 -0.054922 	 -0.013333
  243 	 -1.000000 	 -0.066359 	 -0.018868
  244 	 -1.000000 	 -0.061051 	 -0.012987
  245 	 -1.000000 	 0.073645 	 10.000000
  246 	 -0.500000 	 1.015476 	 10.000000
  247 	 -1.000000 	 -0.128845 	 1.000000
  248 	 -1.000000 	 0.195401 	 10.000000
  249 	 0.014925 	 0.072992 	 1.000000
  250 	 -1.000000 	 0.190318 	 10.000000
  251 	 -1.000000 	 0.185292 	 10.000000
  252 	 -1.000000 	 0.217123 	 10.000000
  253 	 -1.000000 	 0.357725 	 10.000000
  254 	 0.011364 	 0.045696 	 0.500000
  255 	 0.013333 	 0.487624 	 10.000000
  256 	 -1.000000 	 -0.097176 	 -0.013699
  257 	 -0.500000 	 -0.034249 	 -0.006944
  258 	 -0.500000 	 -0.024563 	 -0.006711
  259 	 -0.333333 	 -0.028474 	 -0.007246
  260 	 -0.333333 	 -0.027676 	 -0.005000
  261 	 -0.333333 	 -0.023551 	 -0.004854
  262 	 -0.333333 	 -0.022955 	 -0.004808
  263 	 -0.333333 	 -0.021627 	 -0.004587
  264 	 -0.333333 	 -0.024950 	 -0.005076
  265 	 -1.000000 	 -0.036919 	 -0.005155
  266 	 -0.071429 	 -0.013617 	 -0.004525
  267 	 -1.000000 	 -0.020049 	 -0.001144
  268 	 -0.071429 	 -0.005790 	 -0.001513
  269 	 -0.071429 	 -0.007281 	 -0.001287
  270 	 -0.071429 	 -0.005335 	 -0.001120
  271 	 -0.083333 	 -0.005234 	 -0.001046
  272 	 -0.083333 	 -0.005471 	 -0.001185
  273 	 -0.083333 	 -0.005470 	 -0.001126
  274 	 -0.166667 	 -0.007481 	 -0.001220
  275 	 -0.166667 	 -0.008933 	 -0.001883
  276 	 -0.166667 	 -0.011143 	 -0.002294
  277 	 -0.166667 	 -0.011388 	 -0.002326
  278 	 -0.166667 	 -0.012094 	 -0.002331
  279 	 -0.166667 	 -0.011575 	 -0.002481
  280 	 -0.166667 	 -0.011483 	 -0.002326
  281 	 -0.166667 	 -0.011500 	 -0.002421
  282 	 -0.166667 	 -0.011846 	 -0.002463
  283 	 -0.166667 	 -0.011317 	 -0.002439
  284 	 -0.166667 	 -0.011651 	 -0.002421
  285 	 -0.166667 	 -0.011611 	 -0.002433
  286 	 -0.166667 	 -0.011279 	 -0.002283
  287 	 -0.166667 	 -0.011826 	 -0.002445
  288 	 -0.166667 	 -0.011287 	 -0.002404
  289 	 -0.166667 	 -0.011468 	 -0.002404
  290 	 -0.166667 	 -0.011426 	 -0.002404
  291 	 -0.166667 	 -0.012015 	 -0.002513
  292 	 -0.166667 	 -0.011325 	 -0.002410
  293 	 -0.142857 	 -0.010868 	 -0.002364
  294 	 -0.142857 	 -0.009877 	 -0.002092
  295 	 -0.250000 	 -0.012201 	 -0.002101
  296 	 -0.250000 	 -0.014936 	 -0.002732
  297 	 -0.250000 	 -0.017351 	 -0.003559
  298 	 -0.250000 	 -0.017463 	 -0.003663
  299 	 -0.250000 	 -0.017219 	 -0.003509
  300 	 -0.250000 	 -0.015246 	 -0.003472
  301 	 -0.250000 	 -0.018124 	 -0.004000
  302 	 -0.250000 	 -0.016888 	 -0.003401
  303 	 -0.200000 	 -0.016761 	 -0.003846
  304 	 -0.200000 	 -0.015365 	 -0.002976
  305 	 -0.200000 	 -0.013572 	 -0.002841
  306 	 -0.166667 	 -0.012825 	 -0.002762
  307 	 -0.166667 	 -0.011878 	 -0.002538
  308 	 -0.166667 	 -0.012257 	 -0.002500
  309 	 -0.166667 	 -0.011648 	 -0.002475
  310 	 -0.200000 	 -0.012349 	 -0.002439
  311 	 -0.166667 	 -0.012565 	 -0.002717
  312 	 -0.125000 	 -0.010025 	 -0.002299
  313 	 -0.166667 	 -0.009507 	 -0.001934
  314 	 -0.166667 	 -0.011512 	 -0.002268
  315 	 -0.166667 	 -0.011507 	 -0.002415
  316 	 -0.166667 	 -0.011305 	 -0.002326
  317 	 -0.166667 	 -0.011510 	 -0.002387
  318 	 -0.166667 	 -0.018408 	 -0.003086
  319 	 -0.166667 	 -0.011440 	 -0.002451
  320 	 -0.100000 	 -0.009741 	 -0.002525
  321 	 -0.100000 	 -0.007299 	 -0.001603
  322 	 -0.100000 	 -0.007013 	 -0.001490
  323 	 -0.100000 	 -0.007115 	 -0.001473
  324 	 -0.100000 	 -0.007057 	 -0.001481
  325 	 -0.100000 	 -0.006984 	 -0.001471
  326 	 -0.100000 	 -0.006728 	 -0.001433
  327 	 -0.100000 	 -0.007074 	 -0.001466
  328 	 -0.100000 	 -0.006901 	 -0.001453
  329 	 -0.100000 	 -0.006979 	 -0.001475
  330 	 -0.100000 	 -0.006990 	 -0.001477
  331 	 -0.142857 	 -0.007891 	 -0.001488
  332 	 -0.200000 	 -0.012502 	 -0.002320
  333 	 -0.200000 	 -0.013452 	 -0.002786
  334 	 -0.200000 	 -0.013737 	 -0.002849
  335 	 -0.200000 	 -0.014482 	 -0.002890
  336 	 -0.200000 	 -0.013940 	 -0.003021
  337 	 -0.200000 	 -0.014293 	 -0.002941
  338 	 -0.200000 	 -0.013447 	 -0.002890
  339 	 -0.125000 	 -0.011638 	 -0.002865
  340 	 -0.125000 	 -0.009276 	 -0.001984
  341 	 -0.125000 	 -0.009607 	 -0.001815
  342 	 -0.125000 	 -0.009011 	 -0.001855
  343 	 -0.125000 	 -0.008295 	 -0.001664
  344 	 -0.111111 	 -0.007878 	 -0.001689
  345 	 -0.111111 	 -0.007351 	 -0.001553
  346 	 -0.111111 	 -0.007773 	 -0.001595
  347 	 -0.125000 	 -0.008032 	 -0.001637
  348 	 -0.111111 	 -0.008004 	 -0.001754
  349 	 -0.166667 	 -0.009936 	 -0.001808
  350 	 -0.125000 	 -0.010533 	 -0.002342
  351 	 -0.125000 	 -0.008822 	 -0.001894
  352 	 -0.125000 	 -0.008604 	 -0.001825
  353 	 -0.125000 	 -0.008615 	 -0.001792
  354 	 -0.125000 	 -0.008227 	 -0.001789
  355 	 -0.125000 	 -0.008998 	 -0.001789
  356 	 -0.125000 	 -0.008767 	 -0.001818
  357 	 -0.125000 	 -0.008614 	 -0.001786
  358 	 -0.125000 	 -0.008684 	 -0.001761
  359 	 -0.166667 	 -0.009484 	 -0.001761
  360 	 -0.166667 	 -0.010606 	 -0.002188
  361 	 -0.166667 	 -0.011671 	 -0.002451
  362 	 -0.166667 	 -0.011816 	 -0.002506
  363 	 -0.166667 	 -0.012143 	 -0.002506
  364 	 -0.166667 	 -0.012103 	 -0.002353
  365 	 -0.166667 	 -0.011473 	 -0.002268
  366 	 -0.166667 	 -0.011685 	 -0.002463
  367 	 -0.166667 	 -0.011234 	 -0.002415
  368 	 -0.166667 	 -0.012570 	 -0.002445
  369 	 -0.166667 	 -0.012306 	 -0.002427
  370 	 -0.500000 	 -0.018197 	 -0.002924
  371 	 -0.500000 	 -0.029302 	 -0.003968
  372 	 -0.500000 	 -0.023917 	 -0.004525
  373 	 -0.500000 	 -0.032014 	 -0.005102
  374 	 -0.500000 	 -0.035572 	 -0.007143
  375 	 -0.200000 	 -0.013016 	 1.000000
  376 	 -1.000000 	 0.212663 	 10.000000
  377 	 0.011364 	 0.233548 	 10.000000
  378 	 -0.500000 	 -0.047675 	 -0.020408
  379 	 -0.333333 	 -0.034918 	 -0.011111
  380 	 -0.333333 	 -0.028328 	 -0.007463
  381 	 -0.333333 	 -0.021696 	 -0.004464
  382 	 -0.333333 	 -0.023061 	 -0.004785
  383 	 -0.333333 	 -0.023044 	 -0.004902
  384 	 -0.333333 	 -0.023433 	 -0.005155
  385 	 -0.200000 	 -0.019101 	 -0.004717
  386 	 -0.200000 	 -0.015677 	 -0.003086
  387 	 -0.200000 	 -0.014290 	 -0.003012
  388 	 -0.200000 	 -0.014985 	 -0.002985
  389 	 -0.200000 	 -0.013908 	 -0.002933
  390 	 -0.200000 	 -0.014069 	 -0.002985
  391 	 -0.200000 	 -0.013714 	 -0.002841
  392 	 -0.200000 	 -0.014216 	 -0.002786
  393 	 -0.200000 	 -0.014257 	 -0.002985
  394 	 -0.200000 	 -0.014653 	 -0.003279
  395 	 -0.200000 	 -0.014033 	 -0.002933
  396 	 -0.200000 	 -0.014573 	 -0.002849
  397 	 -0.200000 	 -0.013668 	 -0.002817
  398 	 -0.200000 	 -0.014032 	 -0.002874
  399 	 -0.200000 	 -0.014036 	 -0.002985
 