   0 	 -1.000000 	 0.268289 	 10.000000
    1 	 0.002392 	 0.014928 	 0.200000
    2 	 0.003676 	 0.011075 	 0.076923
    3 	 0.003831 	 0.012427 	 0.083333
    4 	 0.002597 	 0.009671 	 0.076923
    5 	 0.001718 	 0.006730 	 0.076923
    6 	 0.001550 	 0.005831 	 0.071429
    7 	 0.001193 	 0.005383 	 0.076923
    8 	 0.001109 	 0.005529 	 0.076923
    9 	 0.001157 	 0.006353 	 0.125000
   10 	 0.001239 	 0.005485 	 0.071429
   11 	 0.001203 	 0.005489 	 0.071429
   12 	 0.001117 	 0.005267 	 0.071429
   13 	 0.001134 	 0.005176 	 0.071429
   14 	 0.001085 	 0.005239 	 0.071429
   15 	 0.001106 	 0.005302 	 0.071429
   16 	 0.001086 	 0.005330 	 0.071429
   17 	 0.001205 	 0.005669 	 0.071429
   18 	 0.001179 	 0.005542 	 0.071429
   19 	 0.001199 	 0.005460 	 0.071429
   20 	 0.001185 	 0.006889 	 0.111111
   21 	 0.001414 	 0.006021 	 0.071429
   22 	 0.001299 	 0.006129 	 0.071429
   23 	 0.001366 	 0.017526 	 0.333333
   24 	 0.002950 	 0.028278 	 1.000000
   25 	 -1.000000 	 0.015939 	 1.000000
   26 	 0.013514 	 0.051962 	 1.000000
   27 	 0.010204 	 0.054832 	 1.000000
   28 	 0.009615 	 0.058587 	 1.000000
   29 	 0.014085 	 0.064605 	 1.000000
   30 	 0.019608 	 0.098085 	 1.000000
   31 	 0.013514 	 0.088385 	 1.000000
   32 	 0.022222 	 0.098414 	 1.000000
   33 	 -1.000000 	 0.570821 	 10.000000
   34 	 -1.000000 	 0.832123 	 10.000000
   35 	 -0.500000 	 -0.060594 	 1.000000
   36 	 0.014286 	 0.062509 	 1.000000
   37 	 0.026316 	 0.082986 	 1.000000
   38 	 -0.500000 	 0.323746 	 10.000000
   39 	 0.008130 	 0.039872 	 0.500000
   40 	 0.007937 	 0.036115 	 0.500000
   41 	 0.007937 	 0.043661 	 1.000000
   42 	 0.008929 	 0.047792 	 1.000000
   43 	 0.008403 	 0.044807 	 0.500000
   44 	 0.013333 	 0.043046 	 0.333333
   45 	 -0.333333 	 0.200073 	 10.000000
   46 	 0.006944 	 0.029678 	 0.333333
   47 	 0.005988 	 0.019954 	 0.142857
   48 	 0.005208 	 0.028293 	 0.333333
   49 	 0.006757 	 0.037221 	 0.500000
   50 	 0.011111 	 0.028992 	 0.333333
   51 	 -1.000000 	 0.051592 	 1.000000
   52 	 0.010309 	 0.196342 	 10.000000
   53 	 -0.500000 	 -0.056800 	 -0.012821
   54 	 -0.500000 	 -0.033746 	 -0.006757
   55 	 -0.250000 	 -0.027097 	 -0.006849
   56 	 -0.250000 	 -0.018604 	 -0.003876
   57 	 -0.250000 	 -0.017331 	 -0.003690
   58 	 -0.250000 	 -0.017301 	 -0.003704
   59 	 -0.250000 	 -0.017106 	 -0.003597
   60 	 -0.250000 	 -0.018951 	 -0.003731
   61 	 -0.250000 	 -0.017767 	 -0.003650
   62 	 -0.250000 	 -0.015373 	 -0.002976
   63 	 -0.250000 	 -0.017353 	 -0.003650
   64 	 -0.250000 	 -0.017604 	 -0.003401
   65 	 -0.250000 	 -0.016810 	 -0.002994
   66 	 -0.250000 	 -0.017087 	 -0.003891
   67 	 -0.250000 	 -0.017838 	 -0.003906
   68 	 -0.250000 	 -0.017177 	 -0.003559
   69 	 -0.200000 	 -0.015662 	 -0.003704
   70 	 -0.250000 	 -0.015285 	 -0.002967
   71 	 -0.250000 	 -0.018286 	 -0.003831
   72 	 -0.125000 	 -0.013950 	 -0.003472
   73 	 -0.125000 	 -0.009268 	 -0.001965
   74 	 -0.125000 	 -0.009487 	 -0.001842
   75 	 -0.125000 	 -0.009631 	 -0.001931
   76 	 -0.125000 	 -0.008679 	 -0.001838
   77 	 -0.125000 	 -0.008589 	 -0.001808
   78 	 -0.125000 	 -0.008744 	 -0.001838
   79 	 -0.125000 	 -0.008273 	 -0.001757
   80 	 -0.125000 	 -0.008618 	 -0.001754
   81 	 -0.125000 	 -0.010128 	 -0.002066
   82 	 -0.125000 	 -0.008513 	 -0.001802
   83 	 -0.166667 	 -0.009742 	 -0.001866
   84 	 -0.166667 	 -0.010621 	 -0.002212
   85 	 -0.166667 	 -0.011124 	 -0.002294
   86 	 -0.100000 	 -0.009107 	 -0.002114
   87 	 -0.090909 	 -0.007079 	 -0.001681
   88 	 -0.090909 	 -0.006397 	 -0.001370
   89 	 -0.090909 	 -0.006481 	 -0.001326
   90 	 -0.090909 	 -0.006452 	 -0.001337
   91 	 -0.090909 	 -0.006268 	 -0.001295
   92 	 -0.090909 	 -0.006292 	 -0.001316
   93 	 -0.142857 	 -0.007582 	 -0.001337
   94 	 -0.142857 	 -0.008769 	 -0.001751
   95 	 -0.250000 	 -0.012963 	 -0.002079
   96 	 -0.250000 	 -0.017415 	 -0.003846
   97 	 -0.250000 	 -0.018569 	 -0.003817
   98 	 -0.250000 	 -0.017390 	 -0.003623
   99 	 -0.250000 	 -0.017431 	 -0.003571
  100 	 -0.250000 	 -0.018083 	 -0.003610
  101 	 -0.250000 	 -0.017051 	 -0.003448
  102 	 -0.250000 	 -0.017586 	 -0.003704
  103 	 -0.250000 	 -0.017771 	 -0.003663
  104 	 -0.333333 	 -0.004573 	 1.000000
  105 	 0.014085 	 0.068859 	 1.000000
  106 	 -1.000000 	 0.250820 	 10.000000
  107 	 0.024390 	 0.243299 	 10.000000
  108 	 -1.000000 	 0.211157 	 10.000000
  109 	 -1.000000 	 0.487624 	 10.000000
  110 	 0.076923 	 0.980233 	 10.000000
  111 	 -0.500000 	 0.101007 	 10.000000
  112 	 -0.500000 	 -0.231820 	 -0.125000
  113 	 -0.333333 	 -0.027586 	 -0.005155
  114 	 -0.333333 	 -0.025917 	 -0.004902
  115 	 -0.333333 	 -0.023801 	 -0.004950
  116 	 -0.333333 	 -0.022287 	 -0.005102
  117 	 -0.500000 	 -0.032434 	 -0.005000
  118 	 -0.500000 	 -0.032197 	 -0.006944
  119 	 -0.500000 	 -0.034371 	 -0.006757
  120 	 -0.500000 	 -0.040169 	 -0.007194
  121 	 -0.500000 	 -0.035247 	 -0.007143
  122 	 -0.500000 	 -0.035997 	 -0.007576
  123 	 -0.500000 	 -0.036841 	 -0.007194
  124 	 -0.500000 	 -0.037549 	 -0.007634
  125 	 -0.500000 	 -0.034699 	 -0.006993
  126 	 -0.500000 	 -0.037744 	 -0.007519
  127 	 -0.333333 	 0.101889 	 10.000000
  128 	 0.071429 	 1.186087 	 10.000000
  129 	 0.090909 	 0.681452 	 10.000000
  130 	 -1.000000 	 1.200855 	 10.000000
  131 	 -1.000000 	 0.776119 	 10.000000
  132 	 -1.000000 	 0.495213 	 10.000000
  133 	 -0.200000 	 0.358716 	 10.000000
  134 	 -0.500000 	 1.111416 	 10.000000
  135 	 -1.000000 	 0.312810 	 10.000000
  136 	 -1.000000 	 1.808197 	 10.000000
  137 	 -1.000000 	 0.165215 	 10.000000
  138 	 -1.000000 	 -0.068066 	 -0.015625
  139 	 -1.000000 	 -0.066641 	 -0.019608
  140 	 -1.000000 	 -0.074907 	 -0.014706
  141 	 -1.000000 	 0.078599 	 10.000000
  142 	 -1.000000 	 0.235856 	 10.000000
  143 	 -1.000000 	 0.886224 	 10.000000
  144 	 0.030303 	 0.788816 	 10.000000
  145 	 -1.000000 	 0.575732 	 10.000000
  146 	 0.062500 	 0.472294 	 10.000000
  147 	 -0.333333 	 -0.054215 	 -0.016949
  148 	 -0.333333 	 -0.027754 	 -0.006024
  149 	 -0.333333 	 -0.024280 	 -0.004878
  150 	 -0.333333 	 -0.024591 	 -0.005435
  151 	 -0.333333 	 -0.021987 	 -0.004098
  152 	 -0.333333 	 -0.024863 	 -0.005076
  153 	 -0.500000 	 -0.030825 	 -0.005025
  154 	 -0.333333 	 -0.029864 	 -0.007042
  155 	 -0.333333 	 -0.024144 	 -0.005650
  156 	 -0.333333 	 -0.022120 	 -0.004739
  157 	 -0.500000 	 -0.023360 	 -0.004651
  158 	 -0.333333 	 -0.026112 	 -0.005747
  159 	 -0.200000 	 -0.019740 	 -0.004854
  160 	 -0.200000 	 -0.015209 	 -0.003195
  161 	 -0.166667 	 -0.013228 	 -0.002801
  162 	 -0.166667 	 -0.012119 	 -0.002500
  163 	 -0.166667 	 -0.011729 	 -0.002404
  164 	 -0.333333 	 -0.015785 	 -0.002433
  165 	 -0.333333 	 -0.019131 	 -0.004032
  166 	 -0.333333 	 -0.024763 	 -0.005464
  167 	 -0.333333 	 -0.024451 	 -0.004902
  168 	 -0.333333 	 -0.023714 	 -0.003984
  169 	 -0.500000 	 -0.010337 	 1.000000
  170 	 0.013158 	 0.038976 	 0.200000
  171 	 0.011628 	 0.056722 	 1.000000
  172 	 0.008000 	 0.027292 	 0.200000
  173 	 0.005435 	 0.313077 	 10.000000
  174 	 0.038462 	 0.566046 	 10.000000
  175 	 -1.000000 	 1.035952 	 10.000000
  176 	 -1.000000 	 3.398571 	 10.000000
  177 	 -1.000000 	 0.172840 	 10.000000
  178 	 -1.000000 	 0.287843 	 10.000000
  179 	 -1.000000 	 -0.005476 	 10.000000
  180 	 0.066667 	 0.150072 	 1.000000
  181 	 -1.000000 	 0.328436 	 10.000000
  182 	 0.030303 	 0.119177 	 1.000000
  183 	 0.024390 	 0.064155 	 0.333333
  184 	 -1.000000 	 0.295225 	 10.000000
  185 	 -0.500000 	 0.093252 	 10.000000
  186 	 -1.000000 	 0.251905 	 10.000000
  187 	 -0.250000 	 0.476495 	 10.000000
  188 	 -0.250000 	 -0.004603 	 10.000000
  189 	 -1.000000 	 1.705952 	 10.000000
  190 	 -1.000000 	 0.679298 	 10.000000
  191 	 0.031250 	 0.227287 	 10.000000
  192 	 -1.000000 	 1.181378 	 10.000000
  193 	 0.058824 	 0.993805 	 10.000000
  194 	 -1.000000 	 2.076429 	 10.000000
  195 	 -1.000000 	 2.235714 	 10.000000
  196 	 -1.000000 	 1.166525 	 10.000000
  197 	 -0.250000 	 0.620650 	 10.000000
  198 	 -0.333333 	 0.882200 	 10.000000
  199 	 -1.000000 	 0.821012 	 10.000000
  200 	 -1.000000 	 -0.170597 	 -0.076923
  201 	 -0.250000 	 0.125770 	 10.000000
  202 	 -1.000000 	 1.492619 	 10.000000
  203 	 -0.333333 	 0.278073 	 1.000000
  204 	 -1.000000 	 1.650595 	 10.000000
  205 	 -1.000000 	 0.051207 	 10.000000
  206 	 0.005618 	 0.033197 	 0.250000
  207 	 0.008403 	 0.027940 	 0.250000
  208 	 0.008264 	 0.029061 	 0.250000
  209 	 0.008850 	 0.029834 	 0.250000
  210 	 0.008000 	 0.611265 	 10.000000
  211 	 -0.500000 	 1.358220 	 10.000000
  212 	 -0.250000 	 -0.065720 	 -0.030303
  213 	 -0.166667 	 -0.013704 	 -0.003846
  214 	 -0.166667 	 -0.012200 	 -0.002500
  215 	 -0.166667 	 -0.011515 	 -0.002375
  216 	 -0.166667 	 -0.011449 	 -0.002421
  217 	 -0.166667 	 -0.011567 	 -0.002415
  218 	 -0.166667 	 -0.011894 	 -0.002469
  219 	 -0.166667 	 -0.012801 	 -0.002433
  220 	 -0.166667 	 -0.011488 	 -0.002309
  221 	 -0.142857 	 -0.010870 	 -0.002358
  222 	 -0.142857 	 -0.010210 	 -0.002151
  223 	 -0.142857 	 -0.009857 	 -0.002049
  224 	 -0.166667 	 -0.010502 	 -0.002088
  225 	 -0.166667 	 -0.011097 	 -0.002278
  226 	 -0.166667 	 -0.011237 	 -0.002381
  227 	 -0.166667 	 -0.012057 	 -0.002439
  228 	 -0.166667 	 -0.011297 	 -0.002427
  229 	 -0.166667 	 -0.011970 	 -0.002494
  230 	 -0.166667 	 -0.011688 	 -0.002410
  231 	 -0.166667 	 -0.011133 	 -0.002381
  232 	 -0.166667 	 -0.011452 	 -0.002315
  233 	 -0.166667 	 -0.011535 	 -0.002410
  234 	 -0.166667 	 -0.010664 	 -0.002410
  235 	 -0.166667 	 -0.010576 	 -0.002222
  236 	 -0.166667 	 -0.011400 	 -0.002336
  237 	 -0.166667 	 -0.011868 	 -0.002463
  238 	 -0.166667 	 -0.011685 	 -0.002398
  239 	 -0.166667 	 -0.011798 	 -0.002439
  240 	 -0.166667 	 -0.011729 	 -0.002710
  241 	 -0.166667 	 -0.012263 	 -0.002725
  242 	 -0.166667 	 -0.011734 	 -0.002695
  243 	 -0.166667 	 -0.011721 	 -0.002398
  244 	 -0.166667 	 -0.011520 	 -0.002342
  245 	 -0.166667 	 -0.012304 	 -0.002551
  246 	 -0.166667 	 -0.011624 	 -0.002488
  247 	 -0.500000 	 -0.015622 	 -0.002392
  248 	 -0.500000 	 -0.020335 	 -0.003344
  249 	 -0.166667 	 -0.018116 	 -0.004292
  250 	 -0.166667 	 -0.011503 	 -0.002451
  251 	 -0.166667 	 -0.011519 	 -0.002421
  252 	 -0.166667 	 -0.011537 	 -0.002469
  253 	 -0.500000 	 -0.017854 	 -0.002481
  254 	 -0.166667 	 -0.020663 	 -0.005025
  255 	 -0.166667 	 -0.012292 	 -0.002786
  256 	 -0.166667 	 -0.011479 	 -0.002364
  257 	 -0.166667 	 -0.011476 	 -0.002381
  258 	 -0.166667 	 -0.011608 	 -0.002326
  259 	 -0.166667 	 -0.011622 	 -0.002315
  260 	 -0.166667 	 -0.011686 	 -0.002427
  261 	 -0.166667 	 -0.011579 	 -0.002358
  262 	 -0.166667 	 -0.011570 	 -0.002387
  263 	 -0.166667 	 -0.012250 	 -0.002387
  264 	 -0.166667 	 -0.011642 	 -0.002469
  265 	 -0.166667 	 -0.011431 	 -0.002370
  266 	 -0.166667 	 -0.011314 	 -0.002421
  267 	 -0.166667 	 -0.011791 	 -0.002457
  268 	 -0.166667 	 -0.011641 	 -0.002421
  269 	 -0.166667 	 -0.011630 	 -0.002415
  270 	 -0.166667 	 -0.011495 	 -0.002364
  271 	 -0.166667 	 -0.011596 	 -0.002415
  272 	 -0.166667 	 -0.012188 	 -0.002500
  273 	 -0.200000 	 -0.012094 	 -0.002387
  274 	 -0.166667 	 -0.012537 	 -0.002732
  275 	 -0.166667 	 -0.011036 	 -0.002364
  276 	 -0.200000 	 -0.012181 	 -0.002353
  277 	 -0.200000 	 -0.013349 	 -0.002725
  278 	 -0.200000 	 -0.013990 	 -0.002967
  279 	 -0.200000 	 -0.013931 	 -0.003012
  280 	 -0.200000 	 -0.013557 	 -0.002890
  281 	 -0.200000 	 -0.016156 	 -0.003086
  282 	 -0.200000 	 -0.014915 	 -0.002825
  283 	 -0.200000 	 -0.015847 	 -0.003040
  284 	 -0.200000 	 -0.013743 	 -0.002874
  285 	 -0.200000 	 -0.014821 	 -0.002933
  286 	 -0.200000 	 -0.014428 	 -0.002976
  287 	 -0.200000 	 -0.013778 	 -0.002967
  288 	 -0.200000 	 -0.013723 	 -0.002933
  289 	 -0.200000 	 -0.012139 	 -0.002179
  290 	 -0.200000 	 -0.013429 	 -0.002786
  291 	 -0.200000 	 -0.014908 	 -0.002976
  292 	 -0.200000 	 -0.013010 	 -0.002778
  293 	 -0.200000 	 -0.013804 	 -0.002755
  294 	 -0.200000 	 -0.013837 	 -0.002976
  295 	 -0.200000 	 -0.013656 	 -0.002874
  296 	 -0.200000 	 -0.014029 	 -0.002882
  297 	 -0.200000 	 -0.016670 	 -0.002933
  298 	 -0.200000 	 -0.013939 	 -0.002976
  299 	 -0.200000 	 -0.013543 	 -0.002907
  300 	 -0.200000 	 -0.013958 	 -0.002857
  301 	 -0.250000 	 -0.019144 	 -0.002959
  302 	 -0.250000 	 -0.016779 	 -0.003460
  303 	 -0.200000 	 -0.015243 	 -0.003472
  304 	 -0.111111 	 -0.013012 	 -0.003289
  305 	 -0.111111 	 -0.007761 	 -0.001656
  306 	 -0.111111 	 -0.007802 	 -0.001653
  307 	 -0.111111 	 -0.008645 	 -0.001686
  308 	 -0.142857 	 -0.008387 	 -0.001585
  309 	 -0.142857 	 -0.009334 	 -0.001961
  310 	 -0.333333 	 -0.013483 	 -0.002075
  311 	 -1.000000 	 -0.027191 	 -0.003344
  312 	 -0.333333 	 -0.028282 	 -0.007143
  313 	 -0.333333 	 -0.021118 	 -0.004310
  314 	 -0.500000 	 -0.013319 	 1.000000
  315 	 0.012987 	 0.067495 	 1.000000
  316 	 -1.000000 	 0.197660 	 10.000000
  317 	 0.015873 	 0.071414 	 1.000000
  318 	 0.015152 	 0.078333 	 1.000000
  319 	 0.016949 	 0.057358 	 1.000000
  320 	 0.012987 	 0.045340 	 0.500000
  321 	 -1.000000 	 0.187146 	 10.000000
  322 	 0.014706 	 0.064929 	 1.000000
  323 	 0.018519 	 0.217781 	 10.000000
  324 	 -0.500000 	 -0.052537 	 -0.013514
  325 	 -0.500000 	 -0.035652 	 -0.006667
  326 	 -0.500000 	 0.118171 	 10.000000
  327 	 -0.500000 	 -0.035532 	 -0.008333
  328 	 -0.500000 	 -0.037902 	 -0.007299
  329 	 -1.000000 	 -0.030093 	 1.000000
  330 	 0.018519 	 0.055701 	 0.500000
  331 	 -0.500000 	 0.443591 	 10.000000
  332 	 -1.000000 	 0.541646 	 10.000000
  333 	 -0.250000 	 1.758194 	 10.000000
  334 	 -0.500000 	 0.281554 	 10.000000
  335 	 0.050000 	 0.233708 	 10.000000
  336 	 -1.000000 	 3.540476 	 10.000000
  337 	 -1.000000 	 1.173822 	 10.000000
  338 	 -0.500000 	 0.854439 	 10.000000
  339 	 -1.000000 	 2.245549 	 10.000000
  340 	 -0.250000 	 0.044167 	 10.000000
  341 	 -1.000000 	 0.233249 	 10.000000
  342 	 -0.500000 	 0.831817 	 10.000000
  343 	 -1.000000 	 -0.080870 	 -0.013333
  344 	 -0.500000 	 -0.030725 	 -0.007194
  345 	 -0.500000 	 -0.045294 	 -0.009615
  346 	 -1.000000 	 -0.044683 	 -0.008000
  347 	 -1.000000 	 -0.045425 	 -0.007143
  348 	 -1.000000 	 0.292364 	 10.000000
  349 	 -1.000000 	 -0.081119 	 -0.018182
  350 	 -1.000000 	 -0.077968 	 -0.014493
  351 	 -1.000000 	 -0.053981 	 -0.014706
  352 	 -1.000000 	 -0.045787 	 -0.007812
  353 	 -0.500000 	 -0.058702 	 -0.013699
  354 	 -0.333333 	 -0.028814 	 -0.005405
  355 	 -0.500000 	 -0.014197 	 1.000000
  356 	 0.013333 	 0.068306 	 1.000000
  357 	 0.013699 	 0.222808 	 10.000000
  358 	 -1.000000 	 0.340797 	 10.000000
  359 	 0.052632 	 0.316819 	 10.000000
  360 	 -1.000000 	 -0.080570 	 -0.009346
  361 	 -0.333333 	 -0.024632 	 -0.005155
  362 	 -0.333333 	 -0.024836 	 -0.005000
  363 	 -0.333333 	 -0.023724 	 -0.004854
  364 	 -0.333333 	 -0.023128 	 -0.004739
  365 	 -0.333333 	 -0.022412 	 -0.004566
  366 	 -0.200000 	 -0.016446 	 -0.004032
  367 	 -0.200000 	 -0.014846 	 -0.003195
  368 	 -1.000000 	 0.116354 	 10.000000
  369 	 0.125000 	 1.442381 	 10.000000
  370 	 -0.500000 	 0.186095 	 10.000000
  371 	 -1.000000 	 1.203881 	 10.000000
  372 	 -0.333333 	 0.175977 	 10.000000
  373 	 -1.000000 	 0.065585 	 10.000000
  374 	 -1.000000 	 3.521037 	 10.000000
  375 	 -1.000000 	 0.207415 	 10.000000
  376 	 -0.333333 	 -0.035691 	 -0.008000
  377 	 -0.333333 	 -0.027669 	 -0.004808
  378 	 -0.333333 	 -0.022099 	 -0.004762
  379 	 -0.333333 	 -0.024386 	 -0.004975
  380 	 -0.500000 	 -0.011499 	 1.000000
  381 	 0.015625 	 0.240987 	 10.000000
  382 	 -1.000000 	 0.182740 	 10.000000
  383 	 0.020833 	 0.221341 	 10.000000
  384 	 -1.000000 	 0.253369 	 10.000000
  385 	 -1.000000 	 0.736296 	 10.000000
  386 	 -1.000000 	 0.989641 	 10.000000
  387 	 -0.333333 	 0.389702 	 10.000000
  388 	 -1.000000 	 1.607619 	 10.000000
  389 	 -1.000000 	 1.162510 	 10.000000
  390 	 -1.000000 	 -0.007461 	 10.000000
  391 	 -0.500000 	 1.480484 	 10.000000
  392 	 -1.000000 	 0.823878 	 10.000000
  393 	 -0.250000 	 0.603054 	 10.000000
  394 	 -1.000000 	 1.837219 	 10.000000
  395 	 -1.000000 	 2.194488 	 10.000000
  396 	 -0.333333 	 0.691076 	 10.000000
  397 	 -1.000000 	 2.270445 	 10.000000
  398 	 -1.000000 	 -0.136905 	 10.000000
  399 	 -1.000000 	 0.056327 	 10.000000
 