0	-0.648496	0.072504	4.468076
1	-0.355950	0.013570	1.430367
2	-0.285186	0.035337	1.353860
3	-0.351132	0.263569	1.069712
4	0.071906	0.382957	0.744436
5	0.390993	0.635512	0.736366
6	0.423311	0.640721	1.042057
7	0.060299	0.407006	0.724700
8	0.076277	0.631386	1.044625
9	0.092441	0.384105	1.036559
10	0.415243	0.635406	0.727448
11	0.415265	0.635587	0.738170
12	0.415271	0.635524	0.730108
13	0.415250	0.635329	0.727433
14	0.076518	0.582128	0.730105
15	0.415193	0.635323	0.727419
16	0.124897	0.440396	0.730109
17	0.415220	0.635499	0.738178
18	0.414779	0.635429	0.730106
19	0.414777	0.635269	0.730100
20	0.414772	0.635258	0.727410
21	0.414753	0.635170	0.727408
22	0.414729	0.635143	0.727385
23	0.100221	0.541069	0.738165
24	0.414768	0.635562	0.738171
25	0.414801	0.640790	1.053141
26	0.414803	0.640337	1.061205
27	0.414826	0.635855	0.738181
28	0.414842	0.635693	0.738145
29	0.414848	0.635804	0.738166
30	0.084207	0.579023	1.044620
31	0.415867	0.674818	1.044617
32	0.124304	0.576406	1.044616
33	0.737207	0.957274	1.044614
34	0.382369	0.795071	1.044615
35	0.737244	0.957328	1.044623
36	0.737252	0.957347	1.048071
37	0.704493	0.961875	1.334934
38	0.421079	0.807592	1.044604
39	0.737208	0.957301	1.044617
40	0.735591	0.957244	1.044619
41	0.380749	0.693524	1.044604
42	0.445263	0.865846	1.044593
43	0.445245	0.724878	1.044593
44	0.735587	0.957147	1.044579
45	0.429142	0.891502	1.044594
46	0.380756	0.789934	1.044609
47	0.734829	0.957158	1.044594
48	0.734829	0.957103	1.044585
49	0.734826	0.957135	1.045351
50	0.734828	0.957137	1.045350
51	0.734830	0.957139	1.045350
52	0.401496	0.771399	1.044000
53	0.379989	0.860809	1.044007
54	0.734822	0.957099	1.044007
55	0.734825	0.957067	1.043992
56	0.760628	0.958031	1.044033
57	0.760625	0.958836	1.044366
58	0.760625	0.958864	1.044375
59	0.454174	0.766243	1.044374
60	0.454176	0.783770	1.044951
61	0.760630	0.958883	1.044383
62	0.760632	0.958878	1.044375
63	0.470305	0.942279	1.044952
64	0.759526	0.963465	1.367989
65	0.824043	1.130166	1.367981
66	0.824043	1.063808	1.367977
67	0.759528	0.954144	1.367979
68	1.114368	1.283630	1.367978
69	0.807917	1.090990	1.367401
70	0.806302	1.174138	1.367977
71	0.806301	1.064641	1.367959
72	0.757915	0.933574	1.367939
73	0.757914	1.014836	1.367954
74	0.798236	1.045379	1.367954
75	1.112755	1.283505	1.367953
76	1.112755	1.283496	1.367951
77	0.798237	1.256545	1.367378
78	0.755226	1.056736	1.367954
79	1.110065	1.283315	1.365070
80	1.110055	1.283336	1.367919
81	1.110064	1.283320	1.367907
82	1.110066	1.283333	1.367915
83	1.110067	1.283333	1.367915
84	0.819745	1.237713	1.367915
85	0.774046	1.278555	1.367909
86	0.757886	1.095873	1.367944
87	1.113204	1.283531	1.367954
88	0.822115	1.125907	1.367957
89	0.822886	1.047196	1.367954
90	1.113215	1.283599	1.367971
91	0.801376	1.265732	1.367960
92	1.113206	1.283551	1.367953
93	1.113205	1.283586	1.367973
94	0.774492	1.191619	1.367962
95	1.113206	1.283913	1.384091
96	1.113253	1.284191	1.384089
97	0.758456	1.025721	1.384095
98	0.492376	1.115834	1.384086
99	1.113339	1.284496	1.384092
100	1.113388	1.284409	1.384092
101	0.823091	1.127042	1.384089
102	1.113434	1.284667	1.384089
103	0.806983	1.060221	1.384053
104	1.097306	1.283922	1.383969
105	1.113434	1.284125	1.383958
106	1.113434	1.284665	1.384090
107	1.113434	1.284664	1.384089
108	1.113429	1.284664	1.384089
109	1.113434	1.284683	1.384092
110	0.823111	1.276364	1.384087
111	1.113426	1.284682	1.384097
112	0.798906	1.136356	1.384089
113	0.798913	1.158852	1.384086
114	1.113440	1.284574	1.384089
115	0.210213	0.967250	1.384089
116	0.806986	1.026411	1.384089
117	0.452153	0.819588	1.387543
118	0.516672	1.094584	1.387538
119	0.823133	1.147962	1.387539
120	1.113466	1.284782	1.384092
121	1.113489	1.284786	1.384089
122	1.113460	1.284837	1.387546
123	1.113474	1.284872	1.387545
124	0.494142	0.749593	1.387544
125	0.425316	0.916082	1.387545
126	0.807027	1.245554	1.387552
127	1.113479	1.284843	1.384090
128	1.113540	1.285117	1.387546
129	1.113502	1.284938	1.387546
130	1.113488	1.284894	1.387543
131	0.807031	1.249888	1.387546
132	1.113465	1.284902	1.387545
133	1.113477	1.284946	1.387547
134	0.807026	1.035328	1.387545
135	0.807024	1.206097	1.387546
136	0.494124	1.128400	1.387551
137	1.113484	1.285031	1.387611
138	1.113483	1.285103	1.387615
139	0.807001	1.166655	1.387546
140	1.113477	1.284877	1.387546
141	0.780157	0.975394	1.387545
142	1.113497	1.285043	1.387545
143	1.113512	1.285032	1.387545
144	1.113504	1.284956	1.387543
145	1.113483	1.284903	1.387546
146	0.427993	0.979947	1.387548
147	1.113483	1.284961	1.390234
148	1.113497	1.284950	1.387546
149	0.782853	1.015758	1.387545
150	1.113499	1.285019	1.390241
151	0.758667	0.996075	1.390234
152	1.113503	1.285078	1.390241
153	0.798978	1.199661	1.390232
154	0.798987	0.988488	1.390234
155	1.113514	1.285070	1.390233
156	1.113523	1.285053	1.390234
157	1.113518	1.285066	1.390227
158	1.113527	1.285095	1.390234
159	0.807057	1.210658	1.390232
160	1.113505	1.284957	1.390231
161	0.801676	0.978949	1.390237
162	0.801692	1.095380	1.390236
163	0.758678	1.158332	1.390232
164	1.113524	1.285016	1.390224
165	1.113522	1.285095	1.390238
166	1.113529	1.285084	1.390237
167	0.798998	0.993035	1.390233
168	1.113522	1.285110	1.390231
169	1.113528	1.285100	1.390228
170	0.774820	1.212550	1.390234
171	1.113527	1.285083	1.390233
172	1.113530	1.285212	1.390235
173	1.113537	1.285101	1.390231
174	1.113572	1.285151	1.390233
175	1.113511	1.285084	1.390233
176	0.758682	1.028008	1.390235
177	1.113521	1.285085	1.390227
178	0.758682	1.056979	1.390238
179	1.113516	1.285093	1.390238
180	1.113516	1.285086	1.390235
181	1.113522	1.285082	1.390232
182	0.758683	1.214123	1.390233
183	1.113536	1.285100	1.390231
184	1.113522	1.285089	1.390234
185	1.113516	1.285075	1.390234
186	1.113522	1.285079	1.390234
187	0.780188	1.056509	1.390232
188	1.113525	1.285094	1.390234
189	0.758682	0.955580	1.390236
190	1.113525	1.285087	1.390239
191	1.113556	1.285155	1.390238
192	1.113520	1.285116	1.390244
193	0.780192	1.232709	1.390234
194	0.758683	0.950528	1.390241
195	1.113522	1.285063	1.390229
196	1.113509	1.285089	1.390233
197	1.113522	1.285080	1.390235
198	0.807064	1.066196	1.390235
199	0.473726	0.924577	1.390239
200	0.823186	1.056898	1.390235
201	0.468927	0.948980	1.406367
202	0.823794	0.994894	1.099918
203	0.823834	1.264600	1.390241
204	1.114146	1.285184	1.390242
205	0.823828	1.040312	1.374114
206	0.447455	0.873112	1.374112
207	0.457410	0.736971	1.390239
208	0.799600	1.209063	1.411747
209	0.517353	1.095402	1.411757
210	0.807764	1.054485	1.411747
211	0.802504	1.090669	1.411747
212	0.824060	1.141957	1.427878
213	1.114459	1.287226	1.427871
214	0.429006	1.071004	1.427879
215	1.114480	1.287413	1.427876
216	1.114573	1.287240	1.416050
217	0.759716	1.125280	1.427876
218	1.114582	1.287217	1.411748
219	1.098388	1.286762	1.427872
220	0.824228	1.274985	1.427876
221	1.114650	1.287673	1.416015
222	1.081852	1.295565	1.718185
223	1.081873	1.288291	1.718202
224	1.114590	1.287291	1.427877
225	1.114521	1.286943	1.411745
226	1.114456	1.287020	1.416048
227	1.114469	1.287072	1.427879
228	0.808078	1.169417	1.437564
229	1.114580	1.287608	1.427995
230	0.800809	1.130284	1.427885
231	0.825011	0.997311	1.137563
232	0.798131	1.137227	1.427885
233	1.115347	1.287780	1.437519
234	1.115442	1.287978	1.432189
235	1.115466	1.288080	1.432187
236	1.115465	1.288203	1.437572
237	1.115498	1.288417	1.429585
238	1.115469	1.288103	1.432183
239	0.464927	0.875295	1.432189
240	1.115466	1.288090	1.432188
241	0.776764	1.230070	1.432188
242	1.115454	1.287756	1.427867
243	0.190696	0.838779	1.427878
244	0.760614	1.024559	1.432191
245	1.115473	1.288061	1.427889
246	0.803649	1.105309	1.427885
247	0.454145	0.831429	1.427886
248	1.115410	1.287680	1.432187
249	1.115366	1.287817	1.432188
250	1.115387	1.287968	1.432189
251	0.760607	1.227414	1.432188
252	0.534829	0.823590	1.432190
253	0.809035	1.034975	1.432182
254	0.809058	0.986204	1.427888
255	0.469892	0.920117	1.722508
256	0.502604	1.135324	1.432189
257	0.801094	1.072787	1.432192
258	1.115511	1.288253	1.432188
259	1.115529	1.288213	1.432188
260	1.115507	1.292709	1.722510
261	1.116086	1.340115	1.722511
262	1.098875	1.589076	1.722511
263	1.437585	1.608427	1.722510
264	1.437585	1.608430	1.722511
265	1.437585	1.608429	1.722513
266	1.437585	1.608429	1.722507
267	1.437579	1.608385	1.722509
268	1.147234	1.376157	1.722507
269	0.795093	1.128345	1.722508
270	1.437585	1.608431	1.722511
271	1.121456	1.540942	1.722510
272	1.437584	1.608429	1.722511
273	1.106933	1.570641	1.722511
274	1.437585	1.608431	1.722513
275	1.082747	1.415803	1.722510
276	1.437579	1.608418	1.722508
277	1.082749	1.456449	1.722511
278	1.437566	1.608729	1.722617
279	1.131133	1.319502	1.722513
280	1.123069	1.320874	1.722512
281	1.437585	1.608430	1.722508
282	1.437579	1.608419	1.722505
283	1.437579	1.608428	1.722508
284	0.507478	1.028399	1.722510
285	1.456947	1.609029	1.722519
286	1.456946	1.609728	1.722767
287	1.102108	1.371475	1.722779
288	0.833271	1.235356	1.722788
289	1.456953	1.609780	1.722787
290	1.456940	1.609761	1.722783
291	1.150463	1.412741	1.722787
292	1.166592	1.601470	1.722787
293	1.118237	1.459775	1.722790
294	1.102115	1.391851	1.722782
295	1.456927	1.609761	1.722787
296	0.790287	1.392570	1.722789
297	0.542961	1.032494	1.722784
298	1.456940	1.609762	1.722780
299	1.456940	1.609764	1.722786
300	1.139723	1.425491	1.722788
301	1.456927	1.609681	1.722766
302	1.142411	1.343589	1.722784
303	1.456934	1.609752	1.722786
304	1.127908	1.558061	1.722789
305	1.150488	1.583498	1.722788
306	1.456961	1.609947	1.722787
307	1.457017	1.610316	1.722785
308	1.457099	1.609997	1.722787
309	1.457040	1.609935	1.722786
310	1.456947	1.609918	1.722789
311	1.456991	1.609802	1.722797
312	1.456961	1.609769	1.722788
313	1.456927	1.609749	1.722785
314	1.456927	1.609757	1.722787
315	1.456940	1.609763	1.722787
316	1.150494	1.482807	1.722786
317	1.456947	1.609781	1.722787
318	1.456947	1.609771	1.722790
319	0.451564	1.124126	1.722786
320	1.456940	1.609766	1.722788
321	1.142424	1.524398	1.722788
322	0.790267	1.391620	1.722786
323	0.814467	1.118067	1.722797
324	1.456933	1.609740	1.722787
325	1.102077	1.442454	1.722788
326	1.150488	1.351473	1.722789
327	1.150463	1.456528	1.722785
328	1.456953	1.609800	1.722787
329	1.166624	1.369233	1.722788
330	1.118244	1.465061	1.722786
331	1.166715	1.378318	2.045461
332	1.495797	1.725614	2.045470
333	1.452725	1.790217	2.045459
334	1.786008	1.933187	2.045460
335	1.786040	1.937567	2.335785
336	1.787118	1.944157	2.335784
337	1.449734	1.683838	2.335772
338	1.454868	1.995332	2.335776
339	1.511692	2.134974	2.335788
340	1.479458	1.770050	2.335787
341	1.818156	2.166066	2.335785
342	2.108450	2.253171	2.335789
343	2.108457	2.253172	2.335790
344	1.447154	2.002810	2.335785
345	1.769741	2.137037	2.335781
346	1.131038	1.817409	2.335788
347	1.777819	2.158719	2.335787
348	1.753618	2.187316	2.335787
349	1.777819	2.149257	2.335788
350	1.503625	2.077240	2.335782
351	2.108450	2.253182	2.335788
352	1.779418	2.046348	2.335790
353	1.775117	2.086505	2.335788
354	1.414902	2.028904	2.335788
355	1.172967	1.733125	2.335788
356	2.076039	2.252815	2.341164
357	2.108464	2.253225	2.335785
358	2.108461	2.253265	2.335788
359	2.108448	2.253080	2.339238
360	2.108461	2.253284	2.339246
361	1.753602	2.172169	2.339241
362	2.108451	2.253343	2.339243
363	1.753656	1.898449	1.980369
364	1.753647	1.928421	2.012747
365	1.463307	1.762508	2.012747
366	1.463298	1.671280	2.012754
367	1.082655	1.615590	2.012742
368	1.447171	1.814546	2.012738
369	1.753617	1.928374	2.012738
370	1.753617	1.928361	2.012746
371	1.081571	1.256329	1.340703
372	1.081573	1.281360	1.367198
373	1.081573	1.281435	1.367178
374	0.108454	1.113346	1.373348
375	0.742879	1.145919	1.367198
376	1.081591	1.281542	1.373346
377	1.081603	1.285544	1.696385
378	1.114111	1.284865	1.383790
379	1.114100	1.285004	1.389939
380	0.823791	1.032032	1.389934
381	0.775423	1.227032	1.389937
382	0.823811	1.019662	1.389936
383	0.139927	0.628922	1.060902
384	0.115763	0.677833	1.067265
385	0.785144	0.962267	1.067265
386	0.752701	0.962071	1.072641
387	0.785188	0.962226	1.067263
388	0.752704	0.961848	1.072634
389	0.785142	0.962145	1.067264
390	0.478676	0.953742	1.072634
391	0.785223	0.962251	1.067261
392	0.768832	0.966528	1.379090
393	0.785129	0.962176	1.067269
394	0.785136	0.962189	1.067263
395	0.785129	0.962146	1.067263
396	0.785119	0.962089	1.067263
397	0.473288	0.944276	1.067271
398	0.785111	0.962078	1.067261
399	0.446406	0.836282	1.067264
