   0 	 -1.000000 	 -0.037045 	 0.500000
    1 	 -1.000000 	 -0.043382 	 -0.007463
    2 	 -1.000000 	 -0.109887 	 -0.020833
    3 	 -1.000000 	 -0.068190 	 -0.014085
    4 	 -1.000000 	 -0.069041 	 -0.014286
    5 	 -1.000000 	 -0.069041 	 -0.014286
    6 	 -1.000000 	 -0.069041 	 -0.014286
    7 	 -1.000000 	 -0.069041 	 -0.014286
    8 	 -1.000000 	 -0.069041 	 -0.014286
    9 	 -1.000000 	 -0.069041 	 -0.014286
   10 	 -1.000000 	 -0.069041 	 -0.014286
   11 	 -1.000000 	 -0.069041 	 -0.014286
   12 	 -1.000000 	 -0.069041 	 -0.014286
   13 	 -1.000000 	 -0.067151 	 -0.013889
   14 	 -1.000000 	 -0.069041 	 -0.014286
   15 	 -1.000000 	 -0.069041 	 -0.014286
   16 	 -1.000000 	 -0.069041 	 -0.014286
   17 	 -1.000000 	 -0.069041 	 -0.014286
   18 	 -1.000000 	 -0.069041 	 -0.014286
   19 	 -1.000000 	 -0.069041 	 -0.014286
   20 	 -1.000000 	 -0.069041 	 -0.014286
   21 	 -1.000000 	 -0.069041 	 -0.014286
   22 	 -1.000000 	 -0.069041 	 -0.014286
   23 	 -1.000000 	 -0.069041 	 -0.014286
   24 	 -1.000000 	 -0.069041 	 -0.014286
   25 	 -1.000000 	 0.095866 	 10.000000
   26 	 -1.000000 	 0.076427 	 10.000000
   27 	 -1.000000 	 -0.069041 	 -0.014286
   28 	 -1.000000 	 -0.069041 	 -0.014286
   29 	 -1.000000 	 -0.069041 	 -0.014286
   30 	 -1.000000 	 -0.069041 	 -0.014286
   31 	 -1.000000 	 -0.069041 	 -0.014286
   32 	 -1.000000 	 -0.069041 	 -0.014286
   33 	 -1.000000 	 -0.069041 	 -0.014286
   34 	 -1.000000 	 -0.069041 	 -0.014286
   35 	 -1.000000 	 -0.069041 	 -0.014286
   36 	 -1.000000 	 -0.069041 	 -0.014286
   37 	 -1.000000 	 -0.069458 	 -0.014706
   38 	 -1.000000 	 -0.069041 	 -0.014286
   39 	 -1.000000 	 -0.069041 	 -0.014286
   40 	 -1.000000 	 -0.069041 	 -0.014286
   41 	 -1.000000 	 -0.069041 	 -0.014286
   42 	 -1.000000 	 -0.069041 	 -0.014286
   43 	 -1.000000 	 -0.069041 	 -0.014286
   44 	 -1.000000 	 -0.069041 	 -0.014286
   45 	 -1.000000 	 -0.069041 	 -0.014286
   46 	 -1.000000 	 -0.069041 	 -0.014286
   47 	 -1.000000 	 -0.069041 	 -0.014286
   48 	 -1.000000 	 -0.069041 	 -0.014286
   49 	 -1.000000 	 -0.069041 	 -0.014286
   50 	 -1.000000 	 -0.069041 	 -0.014286
   51 	 -1.000000 	 -0.069041 	 -0.014286
   52 	 -1.000000 	 -0.069041 	 -0.014286
   53 	 -1.000000 	 -0.069041 	 -0.014286
   54 	 -1.000000 	 -0.069041 	 -0.014286
   55 	 -1.000000 	 -0.069041 	 -0.014286
   56 	 -0.200000 	 -0.040067 	 -0.013514
   57 	 -0.200000 	 -0.014617 	 -0.003058
   58 	 -0.200000 	 -0.013808 	 -0.002857
   59 	 -0.200000 	 -0.013808 	 -0.002857
   60 	 -0.200000 	 -0.013808 	 -0.002857
   61 	 -0.200000 	 -0.013762 	 -0.002849
   62 	 -0.200000 	 -0.013808 	 -0.002857
   63 	 -0.200000 	 -0.013808 	 -0.002857
   64 	 -0.200000 	 -0.013808 	 -0.002857
   65 	 -0.200000 	 -0.013808 	 -0.002857
   66 	 -0.200000 	 -0.013808 	 -0.002857
   67 	 -0.200000 	 -0.013808 	 -0.002857
   68 	 -0.200000 	 -0.013808 	 -0.002857
   69 	 -0.200000 	 -0.013808 	 -0.002857
   70 	 -0.200000 	 -0.013808 	 -0.002857
   71 	 -0.200000 	 -0.013808 	 -0.002857
   72 	 -0.200000 	 -0.013808 	 -0.002857
   73 	 -0.200000 	 -0.013808 	 -0.002857
   74 	 -0.200000 	 -0.013808 	 -0.002857
   75 	 -0.200000 	 -0.013808 	 -0.002857
   76 	 -0.200000 	 -0.013808 	 -0.002857
   77 	 -0.200000 	 -0.013808 	 -0.002857
   78 	 -0.200000 	 -0.013808 	 -0.002857
   79 	 -0.200000 	 -0.013808 	 -0.002857
   80 	 -0.200000 	 -0.013808 	 -0.002857
   81 	 -0.200000 	 -0.013808 	 -0.002857
   82 	 -0.200000 	 -0.013808 	 -0.002857
   83 	 -0.200000 	 -0.013808 	 -0.002857
   84 	 -0.200000 	 -0.013808 	 -0.002857
   85 	 -0.200000 	 -0.013808 	 -0.002857
   86 	 -0.200000 	 -0.013808 	 -0.002857
   87 	 -0.200000 	 -0.013806 	 -0.002849
   88 	 -0.200000 	 -0.013808 	 -0.002857
   89 	 -0.200000 	 -0.013808 	 -0.002857
   90 	 -0.200000 	 -0.013808 	 -0.002857
   91 	 -0.200000 	 -0.013808 	 -0.002857
   92 	 -0.200000 	 -0.013808 	 -0.002857
   93 	 -0.200000 	 -0.013808 	 -0.002857
   94 	 -0.200000 	 -0.013808 	 -0.002857
   95 	 -0.200000 	 -0.013808 	 -0.002857
   96 	 -0.200000 	 -0.013808 	 -0.002857
   97 	 -0.200000 	 -0.013808 	 -0.002857
   98 	 -0.200000 	 -0.013808 	 -0.002857
   99 	 -0.200000 	 -0.013808 	 -0.002857
  100 	 -0.200000 	 -0.013808 	 -0.002857
  101 	 -0.200000 	 -0.013808 	 -0.002857
  102 	 -0.200000 	 -0.013808 	 -0.002857
  103 	 -0.200000 	 -0.013810 	 -0.002890
  104 	 -0.200000 	 -0.013808 	 -0.002857
  105 	 -0.200000 	 -0.013808 	 -0.002857
  106 	 -0.200000 	 -0.013808 	 -0.002857
  107 	 -0.200000 	 -0.013808 	 -0.002857
  108 	 -0.200000 	 -0.013808 	 -0.002857
  109 	 -0.200000 	 -0.013808 	 -0.002857
  110 	 -0.200000 	 -0.013808 	 -0.002857
  111 	 -0.200000 	 -0.013644 	 -0.002817
  112 	 -0.200000 	 -0.013808 	 -0.002857
  113 	 -0.200000 	 -0.013808 	 -0.002857
  114 	 -0.200000 	 -0.013808 	 -0.002857
  115 	 -0.200000 	 -0.013808 	 -0.002857
  116 	 -0.200000 	 -0.013808 	 -0.002857
  117 	 -0.200000 	 -0.013808 	 -0.002857
  118 	 -0.200000 	 -0.013808 	 -0.002857
  119 	 -0.200000 	 -0.013808 	 -0.002857
  120 	 -0.200000 	 -0.013808 	 -0.002857
  121 	 -0.200000 	 -0.013808 	 -0.002857
  122 	 -0.200000 	 -0.013808 	 -0.002857
  123 	 -0.200000 	 -0.013808 	 -0.002857
  124 	 -0.200000 	 -0.013808 	 -0.002857
  125 	 -0.200000 	 -0.013808 	 -0.002857
  126 	 -0.200000 	 -0.013808 	 -0.002857
  127 	 -0.200000 	 -0.013808 	 -0.002857
  128 	 -0.200000 	 -0.013763 	 -0.002841
  129 	 -0.200000 	 -0.013808 	 -0.002857
  130 	 -0.200000 	 -0.013808 	 -0.002857
  131 	 -0.200000 	 -0.013807 	 -0.002849
  132 	 -0.200000 	 -0.013808 	 -0.002857
  133 	 -0.200000 	 -0.013843 	 -0.002865
  134 	 -0.200000 	 -0.013808 	 -0.002857
  135 	 -0.200000 	 -0.013808 	 -0.002857
  136 	 -0.200000 	 -0.013775 	 -0.002825
  137 	 -0.200000 	 -0.013808 	 -0.002857
  138 	 -0.200000 	 -0.013808 	 -0.002857
  139 	 -0.200000 	 -0.013808 	 -0.002857
  140 	 -0.200000 	 -0.013808 	 -0.002857
  141 	 -0.200000 	 -0.013808 	 -0.002857
  142 	 -0.200000 	 -0.013808 	 -0.002857
  143 	 -0.200000 	 -0.013808 	 -0.002857
  144 	 -0.200000 	 -0.013808 	 -0.002857
  145 	 -0.200000 	 -0.013808 	 -0.002857
  146 	 -0.200000 	 -0.013808 	 -0.002857
  147 	 -0.200000 	 -0.013808 	 -0.002857
  148 	 -0.200000 	 -0.013808 	 -0.002857
  149 	 -0.200000 	 -0.013808 	 -0.002857
  150 	 -0.200000 	 -0.013794 	 -0.002849
  151 	 -0.200000 	 -0.013808 	 -0.002857
  152 	 -0.200000 	 -0.013808 	 -0.002857
  153 	 -0.200000 	 -0.013808 	 -0.002857
  154 	 -0.200000 	 -0.013808 	 -0.002857
  155 	 -0.200000 	 -0.013808 	 -0.002857
  156 	 -0.200000 	 -0.013808 	 -0.002857
  157 	 -0.200000 	 -0.013808 	 -0.002857
  158 	 -0.200000 	 -0.013839 	 -0.002874
  159 	 -0.200000 	 -0.013808 	 -0.002857
  160 	 -0.200000 	 -0.013808 	 -0.002857
  161 	 -0.200000 	 -0.013822 	 -0.002865
  162 	 -0.200000 	 -0.013808 	 -0.002857
  163 	 -0.200000 	 -0.013808 	 -0.002857
  164 	 -0.200000 	 -0.013808 	 -0.002857
  165 	 -0.200000 	 -0.013808 	 -0.002857
  166 	 -0.200000 	 -0.013808 	 -0.002857
  167 	 -0.200000 	 -0.013808 	 -0.002857
  168 	 -0.200000 	 -0.013808 	 -0.002857
  169 	 -0.200000 	 -0.013808 	 -0.002857
  170 	 -0.200000 	 -0.013808 	 -0.002857
  171 	 -0.200000 	 -0.013823 	 -0.002882
  172 	 -0.200000 	 -0.013824 	 -0.002915
  173 	 -0.200000 	 -0.013808 	 -0.002857
  174 	 -0.200000 	 -0.013808 	 -0.002857
  175 	 -0.200000 	 -0.013808 	 -0.002857
  176 	 -0.200000 	 -0.013808 	 -0.002857
  177 	 -0.200000 	 -0.013808 	 -0.002857
  178 	 -0.200000 	 -0.013808 	 -0.002857
  179 	 -0.200000 	 -0.013798 	 -0.002841
  180 	 -0.200000 	 -0.013808 	 -0.002857
  181 	 -0.200000 	 -0.013808 	 -0.002857
  182 	 -0.200000 	 -0.013808 	 -0.002857
  183 	 -0.200000 	 -0.013808 	 -0.002857
  184 	 -0.200000 	 -0.013808 	 -0.002857
  185 	 -0.200000 	 -0.013808 	 -0.002857
  186 	 -0.200000 	 -0.013727 	 -0.002841
  187 	 -0.200000 	 -0.014097 	 -0.002890
  188 	 -0.200000 	 -0.013808 	 -0.002857
  189 	 -0.200000 	 -0.013808 	 -0.002857
  190 	 -0.200000 	 -0.013808 	 -0.002857
  191 	 -0.200000 	 -0.013808 	 -0.002857
  192 	 -0.200000 	 -0.013808 	 -0.002857
  193 	 -0.200000 	 -0.013808 	 -0.002857
  194 	 -0.200000 	 -0.013808 	 -0.002857
  195 	 -0.200000 	 -0.013808 	 -0.002857
  196 	 -0.200000 	 -0.013808 	 -0.002857
  197 	 -0.200000 	 -0.013808 	 -0.002857
  198 	 -0.200000 	 -0.013141 	 -0.002849
  199 	 -0.200000 	 -0.013808 	 -0.002857
  200 	 -0.200000 	 -0.013808 	 -0.002857
  201 	 -0.200000 	 -0.013808 	 -0.002857
  202 	 -0.200000 	 -0.013808 	 -0.002857
  203 	 -0.200000 	 -0.013808 	 -0.002857
  204 	 -0.200000 	 -0.013808 	 -0.002857
  205 	 -0.200000 	 -0.013808 	 -0.002857
  206 	 -0.200000 	 -0.014036 	 -0.002874
  207 	 -0.200000 	 -0.013794 	 -0.002849
  208 	 -0.200000 	 -0.013808 	 -0.002857
  209 	 -0.200000 	 -0.013808 	 -0.002857
  210 	 -0.200000 	 -0.013808 	 -0.002857
  211 	 -0.200000 	 -0.013808 	 -0.002857
  212 	 -0.200000 	 -0.013808 	 -0.002857
  213 	 -0.200000 	 -0.013808 	 -0.002857
  214 	 -0.200000 	 -0.013808 	 -0.002857
  215 	 -0.200000 	 -0.013808 	 -0.002857
  216 	 -0.200000 	 -0.013808 	 -0.002857
  217 	 -0.200000 	 -0.013808 	 -0.002857
  218 	 -0.200000 	 -0.013808 	 -0.002857
  219 	 -0.200000 	 -0.013808 	 -0.002857
  220 	 -0.200000 	 -0.013808 	 -0.002857
  221 	 -0.200000 	 -0.013808 	 -0.002857
  222 	 -0.200000 	 -0.013808 	 -0.002857
  223 	 -0.200000 	 -0.013808 	 -0.002857
  224 	 -0.200000 	 -0.013808 	 -0.002857
  225 	 -0.200000 	 -0.013808 	 -0.002857
  226 	 -0.200000 	 -0.013808 	 -0.002857
  227 	 -0.200000 	 -0.013808 	 -0.002857
  228 	 -0.200000 	 -0.013808 	 -0.002857
  229 	 -0.200000 	 -0.013808 	 -0.002857
  230 	 -0.200000 	 -0.013808 	 -0.002857
  231 	 -0.200000 	 -0.013808 	 -0.002857
  232 	 -0.200000 	 -0.013808 	 -0.002857
  233 	 -0.200000 	 -0.013808 	 -0.002857
  234 	 -0.200000 	 -0.013810 	 -0.002874
  235 	 -0.200000 	 -0.013814 	 -0.002890
  236 	 -0.200000 	 -0.013808 	 -0.002857
  237 	 -0.200000 	 -0.013808 	 -0.002857
  238 	 -0.200000 	 -0.013808 	 -0.002857
  239 	 -0.200000 	 -0.013808 	 -0.002857
  240 	 -0.200000 	 -0.013808 	 -0.002857
  241 	 -0.200000 	 -0.013808 	 -0.002857
  242 	 -0.200000 	 -0.013808 	 -0.002857
  243 	 -0.200000 	 -0.013808 	 -0.002857
  244 	 -0.200000 	 -0.013808 	 -0.002857
  245 	 -0.200000 	 -0.013808 	 -0.002857
  246 	 -0.200000 	 -0.013808 	 -0.002857
  247 	 -0.200000 	 -0.013808 	 -0.002857
  248 	 -0.200000 	 -0.013808 	 -0.002857
  249 	 -0.200000 	 -0.013808 	 -0.002857
  250 	 -0.200000 	 -0.013654 	 -0.002841
  251 	 -0.200000 	 -0.013808 	 -0.002857
  252 	 -0.200000 	 -0.013808 	 -0.002857
  253 	 -0.200000 	 -0.013851 	 -0.002890
  254 	 -0.200000 	 -0.013808 	 -0.002857
  255 	 -0.200000 	 -0.013808 	 -0.002857
  256 	 -0.200000 	 -0.013756 	 -0.002817
  257 	 -0.200000 	 -0.013808 	 -0.002857
  258 	 -0.200000 	 -0.013808 	 -0.002857
  259 	 -0.200000 	 -0.013808 	 -0.002857
  260 	 -0.200000 	 -0.013808 	 -0.002857
  261 	 -0.200000 	 -0.013808 	 -0.002857
  262 	 -0.200000 	 -0.013808 	 -0.002857
  263 	 -0.200000 	 -0.013808 	 -0.002857
  264 	 -0.200000 	 -0.013808 	 -0.002857
  265 	 -0.200000 	 -0.013808 	 -0.002857
  266 	 -0.200000 	 -0.013808 	 -0.002857
  267 	 -0.200000 	 -0.013895 	 -0.002890
  268 	 -0.200000 	 -0.013808 	 -0.002857
  269 	 -0.200000 	 -0.013808 	 -0.002857
  270 	 -0.200000 	 -0.013808 	 -0.002857
  271 	 -0.200000 	 -0.013813 	 -0.002890
  272 	 -0.200000 	 -0.013808 	 -0.002857
  273 	 -0.200000 	 -0.013808 	 -0.002857
  274 	 -0.200000 	 -0.013808 	 -0.002857
  275 	 -0.200000 	 -0.013808 	 -0.002857
  276 	 -0.200000 	 -0.013808 	 -0.002857
  277 	 -0.200000 	 -0.013808 	 -0.002857
  278 	 -0.200000 	 -0.013808 	 -0.002857
  279 	 -0.200000 	 -0.013808 	 -0.002857
  280 	 -0.200000 	 -0.013808 	 -0.002857
  281 	 -0.200000 	 -0.013808 	 -0.002857
  282 	 -0.200000 	 -0.013783 	 -0.002841
  283 	 -0.200000 	 -0.013808 	 -0.002857
  284 	 -0.200000 	 -0.013808 	 -0.002857
  285 	 -0.200000 	 -0.013808 	 -0.002857
  286 	 -0.200000 	 -0.013734 	 -0.002841
  287 	 -0.200000 	 -0.013658 	 -0.002817
  288 	 -0.200000 	 -0.013808 	 -0.002857
  289 	 -0.200000 	 -0.013808 	 -0.002857
  290 	 -0.200000 	 -0.013808 	 -0.002857
  291 	 -0.200000 	 -0.013808 	 -0.002857
  292 	 -0.200000 	 -0.013808 	 -0.002857
  293 	 -0.200000 	 -0.013808 	 -0.002857
  294 	 -0.200000 	 -0.013808 	 -0.002857
  295 	 -0.200000 	 -0.013808 	 -0.002857
  296 	 -0.200000 	 -0.013808 	 -0.002857
  297 	 -0.200000 	 -0.013808 	 -0.002857
  298 	 -0.200000 	 -0.013865 	 -0.002882
  299 	 -0.200000 	 -0.013808 	 -0.002857
  300 	 -0.200000 	 -0.013808 	 -0.002857
  301 	 -0.200000 	 -0.013808 	 -0.002857
  302 	 -0.200000 	 -0.013808 	 -0.002857
  303 	 -0.200000 	 -0.013808 	 -0.002857
  304 	 -0.200000 	 -0.013808 	 -0.002857
  305 	 -0.200000 	 -0.013808 	 -0.002857
  306 	 -0.200000 	 -0.013808 	 -0.002857
  307 	 -0.200000 	 -0.013808 	 -0.002857
  308 	 -0.200000 	 -0.013808 	 -0.002857
  309 	 -0.200000 	 -0.013808 	 -0.002857
  310 	 -0.200000 	 -0.013808 	 -0.002857
  311 	 -0.200000 	 -0.013762 	 -0.002817
  312 	 -0.200000 	 -0.013808 	 -0.002857
  313 	 -0.200000 	 -0.013808 	 -0.002857
  314 	 -0.200000 	 -0.013808 	 -0.002857
  315 	 -0.200000 	 -0.013831 	 -0.002874
  316 	 -0.200000 	 -0.013808 	 -0.002857
  317 	 -0.200000 	 -0.013808 	 -0.002857
  318 	 -0.200000 	 -0.013808 	 -0.002857
  319 	 -0.200000 	 -0.013808 	 -0.002857
  320 	 -0.200000 	 -0.013808 	 -0.002857
  321 	 -0.200000 	 -0.013808 	 -0.002857
  322 	 -0.200000 	 -0.013808 	 -0.002857
  323 	 -0.200000 	 -0.013808 	 -0.002857
  324 	 -0.200000 	 -0.013808 	 -0.002857
  325 	 -0.200000 	 -0.013808 	 -0.002857
  326 	 -0.200000 	 -0.013808 	 -0.002857
  327 	 -0.200000 	 -0.013808 	 -0.002857
  328 	 -0.200000 	 -0.013808 	 -0.002857
  329 	 -0.200000 	 -0.013808 	 -0.002857
  330 	 -0.200000 	 -0.013808 	 -0.002857
  331 	 -0.200000 	 -0.013803 	 -0.002841
  332 	 -0.200000 	 -0.013808 	 -0.002857
  333 	 -0.200000 	 -0.013808 	 -0.002857
  334 	 -0.200000 	 -0.013808 	 -0.002857
  335 	 -0.200000 	 -0.013808 	 -0.002857
  336 	 -0.200000 	 -0.013808 	 -0.002857
  337 	 -0.200000 	 -0.013813 	 -0.002865
  338 	 -0.200000 	 -0.013808 	 -0.002857
  339 	 -0.200000 	 -0.013808 	 -0.002857
  340 	 -0.200000 	 -0.013808 	 -0.002857
  341 	 -0.200000 	 -0.013808 	 -0.002857
  342 	 -0.200000 	 -0.013808 	 -0.002857
  343 	 -0.200000 	 -0.013808 	 -0.002857
  344 	 -0.200000 	 -0.013803 	 -0.002841
  345 	 -0.200000 	 -0.013808 	 -0.002857
  346 	 -0.200000 	 -0.013808 	 -0.002857
  347 	 -0.200000 	 -0.013808 	 -0.002857
  348 	 -0.200000 	 -0.013808 	 -0.002857
  349 	 -0.200000 	 -0.013808 	 -0.002857
  350 	 -0.200000 	 -0.013839 	 -0.002874
  351 	 -0.200000 	 -0.013808 	 -0.002857
  352 	 -0.200000 	 -0.013808 	 -0.002857
  353 	 -0.200000 	 -0.013808 	 -0.002857
  354 	 -0.200000 	 -0.013818 	 -0.002874
  355 	 -0.200000 	 -0.013808 	 -0.002857
  356 	 -0.200000 	 -0.013808 	 -0.002857
  357 	 -0.200000 	 -0.013808 	 -0.002857
  358 	 -0.200000 	 -0.013808 	 -0.002857
  359 	 -0.200000 	 -0.013808 	 -0.002857
  360 	 -0.200000 	 -0.013808 	 -0.002857
  361 	 -0.200000 	 -0.013808 	 -0.002857
  362 	 -0.200000 	 -0.013808 	 -0.002857
  363 	 -0.200000 	 -0.013808 	 -0.002857
  364 	 -0.200000 	 -0.013808 	 -0.002857
  365 	 -0.200000 	 -0.013808 	 -0.002857
  366 	 -0.200000 	 -0.013808 	 -0.002857
  367 	 -0.200000 	 -0.013834 	 -0.002874
  368 	 -0.200000 	 -0.013808 	 -0.002857
  369 	 -0.200000 	 -0.013808 	 -0.002857
  370 	 -0.200000 	 -0.013800 	 -0.002841
  371 	 -0.200000 	 -0.013808 	 -0.002857
  372 	 -0.200000 	 -0.013808 	 -0.002857
  373 	 -0.200000 	 -0.013808 	 -0.002857
  374 	 -0.200000 	 -0.013808 	 -0.002857
  375 	 -0.200000 	 -0.013808 	 -0.002857
  376 	 -0.200000 	 -0.013808 	 -0.002857
  377 	 -0.200000 	 -0.013807 	 -0.002849
  378 	 -0.200000 	 -0.013808 	 -0.002857
  379 	 -0.200000 	 -0.013808 	 -0.002857
  380 	 -0.200000 	 -0.013855 	 -0.002865
  381 	 -0.200000 	 -0.013787 	 -0.002841
  382 	 -0.200000 	 -0.013808 	 -0.002857
  383 	 -0.200000 	 -0.013808 	 -0.002857
  384 	 -0.200000 	 -0.013806 	 -0.002849
  385 	 -0.200000 	 -0.013808 	 -0.002857
  386 	 -0.200000 	 -0.013808 	 -0.002857
  387 	 -0.200000 	 -0.013808 	 -0.002857
  388 	 -0.200000 	 -0.013808 	 -0.002857
  389 	 -0.200000 	 -0.013808 	 -0.002857
  390 	 -0.200000 	 -0.013808 	 -0.002857
  391 	 -0.200000 	 -0.013808 	 -0.002857
  392 	 -0.200000 	 -0.013808 	 -0.002857
  393 	 -0.200000 	 -0.013808 	 -0.002857
  394 	 -0.200000 	 -0.013808 	 -0.002857
  395 	 -0.200000 	 -0.013808 	 -0.002857
  396 	 -0.200000 	 -0.013808 	 -0.002857
  397 	 -0.200000 	 -0.013788 	 -0.002825
  398 	 -0.200000 	 -0.013808 	 -0.002857
  399 	 -0.200000 	 -0.013808 	 -0.002857
 