   0 	 -0.500000 	 0.120639 	 10.000000
    1 	 -0.200000 	 -0.014517 	 -0.002933
    2 	 -0.200000 	 -0.013807 	 -0.002849
    3 	 -0.200000 	 -0.013783 	 -0.002825
    4 	 -0.200000 	 -0.013808 	 -0.002857
    5 	 -0.200000 	 -0.013808 	 -0.002857
    6 	 -0.200000 	 -0.013808 	 -0.002857
    7 	 -0.200000 	 -0.013808 	 -0.002857
    8 	 -0.200000 	 -0.013808 	 -0.002857
    9 	 -0.200000 	 -0.013808 	 -0.002857
   10 	 -0.200000 	 -0.013813 	 -0.002865
   11 	 -0.200000 	 -0.013808 	 -0.002857
   12 	 -0.200000 	 -0.013786 	 -0.002841
   13 	 -0.200000 	 -0.013808 	 -0.002857
   14 	 -0.200000 	 -0.013808 	 -0.002857
   15 	 -0.200000 	 -0.013808 	 -0.002857
   16 	 -0.200000 	 -0.013808 	 -0.002857
   17 	 -0.200000 	 -0.013808 	 -0.002857
   18 	 -0.200000 	 -0.013808 	 -0.002857
   19 	 -0.200000 	 -0.013808 	 -0.002857
   20 	 -0.200000 	 -0.013808 	 -0.002857
   21 	 -0.200000 	 -0.013808 	 -0.002857
   22 	 -0.200000 	 -0.013808 	 -0.002857
   23 	 -0.200000 	 -0.013808 	 -0.002857
   24 	 -0.200000 	 -0.013808 	 -0.002857
   25 	 -0.200000 	 -0.013808 	 -0.002857
   26 	 -0.200000 	 -0.013811 	 -0.002865
   27 	 -0.200000 	 -0.013819 	 -0.002882
   28 	 -0.200000 	 -0.013808 	 -0.002857
   29 	 -0.200000 	 -0.013808 	 -0.002857
   30 	 -0.200000 	 -0.013786 	 -0.002825
   31 	 -0.200000 	 -0.013808 	 -0.002857
   32 	 -0.200000 	 -0.013808 	 -0.002857
   33 	 -0.200000 	 -0.013808 	 -0.002857
   34 	 -0.200000 	 -0.013808 	 -0.002857
   35 	 -0.200000 	 -0.013808 	 -0.002857
   36 	 -0.200000 	 -0.013808 	 -0.002857
   37 	 -0.200000 	 -0.013808 	 -0.002857
   38 	 -0.200000 	 -0.013808 	 -0.002857
   39 	 -0.200000 	 -0.013808 	 -0.002857
   40 	 -0.200000 	 -0.013808 	 -0.002857
   41 	 -0.200000 	 -0.013808 	 -0.002857
   42 	 -0.200000 	 -0.013825 	 -0.002874
   43 	 -0.200000 	 -0.013808 	 -0.002857
   44 	 -0.200000 	 -0.013808 	 -0.002857
   45 	 -0.200000 	 -0.013808 	 -0.002857
   46 	 -0.200000 	 -0.013808 	 -0.002857
   47 	 -0.200000 	 -0.013808 	 -0.002857
   48 	 -0.200000 	 -0.013808 	 -0.002857
   49 	 -0.200000 	 -0.013808 	 -0.002857
   50 	 -0.200000 	 -0.013808 	 -0.002857
   51 	 -0.200000 	 -0.013808 	 -0.002857
   52 	 -0.200000 	 -0.013808 	 -0.002857
   53 	 -0.200000 	 -0.013808 	 -0.002857
   54 	 -0.200000 	 -0.013808 	 -0.002857
   55 	 -0.200000 	 -0.013808 	 -0.002857
   56 	 -0.200000 	 -0.013808 	 -0.002857
   57 	 -0.200000 	 -0.013808 	 -0.002857
   58 	 -0.200000 	 -0.013808 	 -0.002857
   59 	 -0.200000 	 -0.013808 	 -0.002857
   60 	 -0.200000 	 -0.013808 	 -0.002857
   61 	 -0.200000 	 -0.013808 	 -0.002857
   62 	 -0.200000 	 -0.013808 	 -0.002857
   63 	 -0.200000 	 -0.013808 	 -0.002857
   64 	 -0.200000 	 -0.013808 	 -0.002857
   65 	 -0.200000 	 -0.013808 	 -0.002857
   66 	 -0.200000 	 -0.013808 	 -0.002857
   67 	 -0.200000 	 -0.013808 	 -0.002857
   68 	 -0.200000 	 -0.013808 	 -0.002857
   69 	 -0.200000 	 -0.013808 	 -0.002857
   70 	 -0.250000 	 -0.014908 	 -0.002865
   71 	 -0.250000 	 -0.016465 	 -0.003401
   72 	 -0.250000 	 -0.017260 	 -0.003571
   73 	 -0.250000 	 -0.017260 	 -0.003571
   74 	 -0.250000 	 -0.017260 	 -0.003571
   75 	 -0.250000 	 -0.017260 	 -0.003571
   76 	 -0.250000 	 -0.017276 	 -0.003623
   77 	 -0.250000 	 -0.017260 	 -0.003571
   78 	 -0.250000 	 -0.017260 	 -0.003571
   79 	 -0.250000 	 -0.017260 	 -0.003571
   80 	 -0.250000 	 -0.017260 	 -0.003571
   81 	 -0.250000 	 -0.017260 	 -0.003571
   82 	 -0.250000 	 -0.017260 	 -0.003571
   83 	 -0.250000 	 -0.017260 	 -0.003571
   84 	 -0.250000 	 -0.017260 	 -0.003571
   85 	 -0.250000 	 -0.017260 	 -0.003571
   86 	 -0.250000 	 -0.017260 	 -0.003571
   87 	 -0.250000 	 -0.017260 	 -0.003571
   88 	 -0.250000 	 -0.017260 	 -0.003571
   89 	 -0.250000 	 -0.017260 	 -0.003571
   90 	 -0.250000 	 -0.017232 	 -0.003509
   91 	 -0.250000 	 -0.017260 	 -0.003571
   92 	 -0.250000 	 -0.017260 	 -0.003571
   93 	 -0.250000 	 -0.017260 	 -0.003571
   94 	 -0.250000 	 -0.017260 	 -0.003571
   95 	 -0.250000 	 -0.017260 	 -0.003571
   96 	 -0.250000 	 -0.017273 	 -0.003597
   97 	 -0.250000 	 -0.017227 	 -0.003546
   98 	 -0.250000 	 -0.017260 	 -0.003571
   99 	 -0.250000 	 -0.017261 	 -0.003584
  100 	 -0.250000 	 -0.017260 	 -0.003571
  101 	 -0.250000 	 -0.016953 	 -0.003521
  102 	 -0.250000 	 -0.017260 	 -0.003571
  103 	 -0.250000 	 -0.017256 	 -0.003559
  104 	 -0.250000 	 -0.017260 	 -0.003571
  105 	 -0.250000 	 -0.017260 	 -0.003571
  106 	 -0.250000 	 -0.017260 	 -0.003571
  107 	 -0.250000 	 -0.017260 	 -0.003571
  108 	 -0.250000 	 -0.017260 	 -0.003571
  109 	 -0.250000 	 -0.017260 	 -0.003571
  110 	 -0.250000 	 -0.017260 	 -0.003571
  111 	 -0.250000 	 -0.017260 	 -0.003571
  112 	 -0.250000 	 -0.017260 	 -0.003571
  113 	 -0.250000 	 -0.017260 	 -0.003571
  114 	 -0.250000 	 -0.017413 	 -0.003584
  115 	 -0.250000 	 -0.017260 	 -0.003571
  116 	 -0.250000 	 -0.017260 	 -0.003571
  117 	 -0.250000 	 -0.017260 	 -0.003571
  118 	 -0.250000 	 -0.017260 	 -0.003571
  119 	 -0.250000 	 -0.017260 	 -0.003571
  120 	 -0.250000 	 -0.017260 	 -0.003571
  121 	 -0.250000 	 -0.017297 	 -0.003584
  122 	 -0.250000 	 -0.017260 	 -0.003571
  123 	 -0.250000 	 -0.017260 	 -0.003571
  124 	 -0.250000 	 -0.017264 	 -0.003584
  125 	 -0.250000 	 -0.017260 	 -0.003571
  126 	 -0.250000 	 -0.017260 	 -0.003571
  127 	 -0.250000 	 -0.017260 	 -0.003571
  128 	 -0.250000 	 -0.017260 	 -0.003571
  129 	 -0.250000 	 -0.017260 	 -0.003571
  130 	 -0.250000 	 -0.017242 	 -0.003534
  131 	 -0.250000 	 -0.017260 	 -0.003571
  132 	 -0.250000 	 -0.017260 	 -0.003571
  133 	 -0.250000 	 -0.017264 	 -0.003610
  134 	 -0.250000 	 -0.017260 	 -0.003571
  135 	 -0.250000 	 -0.017260 	 -0.003571
  136 	 -0.250000 	 -0.017260 	 -0.003571
  137 	 -0.250000 	 -0.017260 	 -0.003571
  138 	 -0.250000 	 -0.017232 	 -0.003546
  139 	 -0.250000 	 -0.017260 	 -0.003571
  140 	 -0.250000 	 -0.017260 	 -0.003571
  141 	 -0.250000 	 -0.017260 	 -0.003571
  142 	 -0.250000 	 -0.017260 	 -0.003571
  143 	 -0.250000 	 -0.017260 	 -0.003571
  144 	 -0.250000 	 -0.017260 	 -0.003571
  145 	 -0.250000 	 -0.017260 	 -0.003571
  146 	 -0.250000 	 -0.017247 	 -0.003546
  147 	 -0.250000 	 -0.017260 	 -0.003571
  148 	 -0.250000 	 -0.017260 	 -0.003571
  149 	 -0.250000 	 -0.017260 	 -0.003571
  150 	 -0.250000 	 -0.017260 	 -0.003571
  151 	 -0.250000 	 -0.017260 	 -0.003571
  152 	 -0.250000 	 -0.017236 	 -0.003509
  153 	 -0.250000 	 -0.017260 	 -0.003571
  154 	 -0.250000 	 -0.017260 	 -0.003571
  155 	 -0.250000 	 -0.017260 	 -0.003571
  156 	 -0.250000 	 -0.017260 	 -0.003571
  157 	 -0.250000 	 -0.017260 	 -0.003571
  158 	 -0.250000 	 -0.017260 	 -0.003571
  159 	 -0.250000 	 -0.017260 	 -0.003571
  160 	 -0.250000 	 -0.017260 	 -0.003571
  161 	 -0.250000 	 -0.017260 	 -0.003571
  162 	 -0.250000 	 -0.017260 	 -0.003571
  163 	 -0.250000 	 -0.017260 	 -0.003571
  164 	 -0.250000 	 -0.017260 	 -0.003571
  165 	 -0.250000 	 -0.017345 	 -0.003597
  166 	 -0.250000 	 -0.017260 	 -0.003571
  167 	 -0.250000 	 -0.017260 	 -0.003571
  168 	 -0.250000 	 -0.017260 	 -0.003571
  169 	 -0.250000 	 -0.017234 	 -0.003534
  170 	 -0.250000 	 -0.017260 	 -0.003571
  171 	 -0.250000 	 -0.017260 	 -0.003571
  172 	 -0.250000 	 -0.017260 	 -0.003571
  173 	 -0.250000 	 -0.017260 	 -0.003571
  174 	 -0.250000 	 -0.017260 	 -0.003571
  175 	 -0.250000 	 -0.017260 	 -0.003571
  176 	 -0.250000 	 -0.017260 	 -0.003571
  177 	 -0.250000 	 -0.017260 	 -0.003571
  178 	 -0.250000 	 -0.017260 	 -0.003571
  179 	 -0.250000 	 -0.017260 	 -0.003571
  180 	 -0.250000 	 -0.017260 	 -0.003571
  181 	 -0.250000 	 -0.017464 	 -0.003623
  182 	 -0.250000 	 -0.017260 	 -0.003571
  183 	 -0.250000 	 -0.017260 	 -0.003571
  184 	 -0.250000 	 -0.017260 	 -0.003571
  185 	 -0.250000 	 -0.017260 	 -0.003571
  186 	 -0.250000 	 -0.017260 	 -0.003571
  187 	 -0.250000 	 -0.017272 	 -0.003623
  188 	 -0.250000 	 -0.017260 	 -0.003571
  189 	 -0.250000 	 -0.017231 	 -0.003534
  190 	 -0.250000 	 -0.017260 	 -0.003571
  191 	 -0.250000 	 -0.017260 	 -0.003571
  192 	 -0.250000 	 -0.017260 	 -0.003571
  193 	 -0.250000 	 -0.017260 	 -0.003571
  194 	 -0.250000 	 -0.017260 	 -0.003571
  195 	 -0.250000 	 -0.017260 	 -0.003571
  196 	 -0.250000 	 -0.017260 	 -0.003571
  197 	 -0.250000 	 -0.017260 	 -0.003571
  198 	 -0.250000 	 -0.017256 	 -0.003546
  199 	 -0.250000 	 -0.017260 	 -0.003571
  200 	 -0.250000 	 -0.017260 	 -0.003571
  201 	 -0.250000 	 -0.017260 	 -0.003571
  202 	 -0.250000 	 -0.017260 	 -0.003571
  203 	 -0.250000 	 -0.017260 	 -0.003571
  204 	 -0.250000 	 -0.017260 	 -0.003571
  205 	 -0.250000 	 -0.017260 	 -0.003571
  206 	 -0.250000 	 -0.017260 	 -0.003571
  207 	 -0.250000 	 -0.017260 	 -0.003571
  208 	 -0.250000 	 -0.017260 	 -0.003571
  209 	 -0.250000 	 -0.017260 	 -0.003571
  210 	 -0.250000 	 -0.017260 	 -0.003571
  211 	 -0.250000 	 -0.017260 	 -0.003571
  212 	 -0.250000 	 -0.017260 	 -0.003571
  213 	 -0.250000 	 -0.017606 	 -0.003623
  214 	 -0.250000 	 -0.017260 	 -0.003571
  215 	 -0.250000 	 -0.017260 	 -0.003571
  216 	 -0.250000 	 -0.017260 	 -0.003571
  217 	 -0.250000 	 -0.017260 	 -0.003571
  218 	 -0.250000 	 -0.017203 	 -0.003546
  219 	 -0.250000 	 -0.017119 	 -0.003546
  220 	 -0.250000 	 -0.017260 	 -0.003571
  221 	 -0.250000 	 -0.017260 	 -0.003571
  222 	 -0.250000 	 -0.017260 	 -0.003571
  223 	 -0.250000 	 -0.017260 	 -0.003571
  224 	 -0.250000 	 -0.017259 	 -0.003559
  225 	 -0.250000 	 -0.017260 	 -0.003571
  226 	 -0.250000 	 -0.017260 	 -0.003571
  227 	 -0.250000 	 -0.017260 	 -0.003571
  228 	 -0.250000 	 -0.017260 	 -0.003571
  229 	 -0.250000 	 -0.017260 	 -0.003571
  230 	 -0.250000 	 -0.017260 	 -0.003571
  231 	 -0.250000 	 -0.017259 	 -0.003559
  232 	 -0.250000 	 -0.017260 	 -0.003571
  233 	 -0.250000 	 -0.017260 	 -0.003571
  234 	 -0.250000 	 -0.017216 	 -0.003559
  235 	 -0.250000 	 -0.017260 	 -0.003571
  236 	 -0.250000 	 -0.017260 	 -0.003571
  237 	 -0.250000 	 -0.017260 	 -0.003571
  238 	 -0.250000 	 -0.017260 	 -0.003571
  239 	 -0.250000 	 -0.017260 	 -0.003571
  240 	 -0.250000 	 -0.017260 	 -0.003571
  241 	 -0.250000 	 -0.017260 	 -0.003597
  242 	 -0.250000 	 -0.019582 	 -0.004132
  243 	 -0.250000 	 -0.017260 	 -0.003571
  244 	 -0.250000 	 -0.017260 	 -0.003571
  245 	 -0.250000 	 -0.017194 	 -0.003509
  246 	 -0.250000 	 -0.017260 	 -0.003571
  247 	 -0.250000 	 -0.017394 	 -0.003610
  248 	 -0.250000 	 -0.017260 	 -0.003571
  249 	 -0.250000 	 -0.017260 	 -0.003571
  250 	 -0.250000 	 -0.017260 	 -0.003571
  251 	 -0.250000 	 -0.017260 	 -0.003571
  252 	 -0.250000 	 -0.017260 	 -0.003571
  253 	 -0.250000 	 -0.017260 	 -0.003571
  254 	 -0.250000 	 -0.017260 	 -0.003571
  255 	 -0.250000 	 -0.017260 	 -0.003571
  256 	 -0.250000 	 -0.017260 	 -0.003571
  257 	 -0.250000 	 -0.017260 	 -0.003571
  258 	 -0.250000 	 -0.017260 	 -0.003571
  259 	 -0.250000 	 -0.017260 	 -0.003571
  260 	 -0.250000 	 -0.017260 	 -0.003571
  261 	 -0.250000 	 -0.017260 	 -0.003571
  262 	 -0.250000 	 -0.017260 	 -0.003571
  263 	 -0.250000 	 -0.017260 	 -0.003571
  264 	 -0.250000 	 -0.017260 	 -0.003571
  265 	 -0.250000 	 -0.017260 	 -0.003571
  266 	 -0.250000 	 -0.017260 	 -0.003571
  267 	 -0.250000 	 -0.017260 	 -0.003571
  268 	 -0.250000 	 -0.017260 	 -0.003571
  269 	 -0.250000 	 -0.017260 	 -0.003571
  270 	 -0.250000 	 -0.017260 	 -0.003571
  271 	 -0.250000 	 -0.017260 	 -0.003571
  272 	 -0.250000 	 -0.017260 	 -0.003571
  273 	 -0.250000 	 -0.017260 	 -0.003571
  274 	 -0.250000 	 -0.017260 	 -0.003571
  275 	 -0.250000 	 -0.017260 	 -0.003571
  276 	 -0.250000 	 -0.017260 	 -0.003571
  277 	 -0.250000 	 -0.017255 	 -0.003559
  278 	 -0.250000 	 -0.017260 	 -0.003571
  279 	 -0.250000 	 -0.016921 	 -0.003509
  280 	 -0.250000 	 -0.017260 	 -0.003571
  281 	 -0.250000 	 -0.017260 	 -0.003571
  282 	 -0.250000 	 -0.017260 	 -0.003571
  283 	 -0.250000 	 -0.017260 	 -0.003571
  284 	 -0.250000 	 -0.017277 	 -0.003597
  285 	 -0.250000 	 -0.017178 	 -0.003521
  286 	 -0.250000 	 -0.017260 	 -0.003571
  287 	 -0.250000 	 -0.017298 	 -0.003623
  288 	 -0.250000 	 -0.017260 	 -0.003571
  289 	 -0.250000 	 -0.017260 	 -0.003571
  290 	 -0.250000 	 -0.017260 	 -0.003571
  291 	 -0.250000 	 -0.017294 	 -0.003584
  292 	 -0.250000 	 -0.017260 	 -0.003571
  293 	 -0.250000 	 -0.017260 	 -0.003571
  294 	 -0.250000 	 -0.017260 	 -0.003571
  295 	 -0.250000 	 -0.017260 	 -0.003571
  296 	 -0.250000 	 -0.017260 	 -0.003571
  297 	 -0.250000 	 -0.017298 	 -0.003623
  298 	 -0.250000 	 -0.017262 	 -0.003584
  299 	 -0.250000 	 -0.017260 	 -0.003571
  300 	 -0.250000 	 -0.017260 	 -0.003571
  301 	 -0.250000 	 -0.017260 	 -0.003571
  302 	 -0.250000 	 -0.017260 	 -0.003571
  303 	 -0.250000 	 -0.017260 	 -0.003571
  304 	 -0.250000 	 -0.017260 	 -0.003571
  305 	 -0.250000 	 -0.017290 	 -0.003597
  306 	 -0.250000 	 -0.017269 	 -0.003584
  307 	 -0.250000 	 -0.017260 	 -0.003571
  308 	 -0.250000 	 -0.017260 	 -0.003571
  309 	 -0.250000 	 -0.017443 	 -0.003610
  310 	 -0.250000 	 -0.017260 	 -0.003571
  311 	 -0.250000 	 -0.017260 	 -0.003571
  312 	 -0.250000 	 -0.017260 	 -0.003571
  313 	 -0.250000 	 -0.017260 	 -0.003571
  314 	 -0.250000 	 -0.017260 	 -0.003571
  315 	 -0.250000 	 -0.017260 	 -0.003571
  316 	 -0.250000 	 -0.017369 	 -0.003597
  317 	 -0.250000 	 -0.017260 	 -0.003571
  318 	 -0.250000 	 -0.017260 	 -0.003571
  319 	 -0.250000 	 -0.017260 	 -0.003571
  320 	 -0.250000 	 -0.017260 	 -0.003571
  321 	 -0.250000 	 -0.017260 	 -0.003571
  322 	 -0.250000 	 -0.017260 	 -0.003571
  323 	 -0.250000 	 -0.017260 	 -0.003571
  324 	 -0.250000 	 -0.017260 	 -0.003571
  325 	 -0.250000 	 -0.017260 	 -0.003571
  326 	 -0.250000 	 -0.017214 	 -0.003534
  327 	 -0.250000 	 -0.017260 	 -0.003571
  328 	 -0.250000 	 -0.017260 	 -0.003571
  329 	 -0.250000 	 -0.017260 	 -0.003571
  330 	 -0.250000 	 -0.017266 	 -0.003584
  331 	 -0.250000 	 -0.017260 	 -0.003571
  332 	 -0.250000 	 -0.017240 	 -0.003559
  333 	 -0.250000 	 -0.017260 	 -0.003571
  334 	 -0.250000 	 -0.017260 	 -0.003571
  335 	 -0.250000 	 -0.017260 	 -0.003571
  336 	 -0.250000 	 -0.017185 	 -0.003546
  337 	 -0.250000 	 -0.017242 	 -0.003559
  338 	 -0.250000 	 -0.017260 	 -0.003571
  339 	 -0.250000 	 -0.017260 	 -0.003571
  340 	 -0.250000 	 -0.017260 	 -0.003571
  341 	 -0.250000 	 -0.017510 	 -0.003584
  342 	 -0.250000 	 -0.017260 	 -0.003571
  343 	 -0.250000 	 -0.017260 	 -0.003571
  344 	 -0.250000 	 -0.017260 	 -0.003571
  345 	 -0.250000 	 -0.017260 	 -0.003571
  346 	 -0.250000 	 -0.017272 	 -0.003584
  347 	 -0.250000 	 -0.017260 	 -0.003571
  348 	 -0.250000 	 -0.017260 	 -0.003571
  349 	 -0.250000 	 -0.017260 	 -0.003571
  350 	 -0.250000 	 -0.017260 	 -0.003571
  351 	 -0.250000 	 -0.017260 	 -0.003571
  352 	 -0.250000 	 -0.017260 	 -0.003571
  353 	 -0.250000 	 -0.017260 	 -0.003571
  354 	 -0.250000 	 -0.017260 	 -0.003571
  355 	 -0.250000 	 -0.017260 	 -0.003571
  356 	 -0.250000 	 -0.017260 	 -0.003571
  357 	 -0.250000 	 -0.017260 	 -0.003571
  358 	 -0.250000 	 -0.017260 	 -0.003571
  359 	 -0.250000 	 -0.017260 	 -0.003571
  360 	 -0.250000 	 -0.017260 	 -0.003571
  361 	 -0.250000 	 -0.017260 	 -0.003571
  362 	 -0.250000 	 -0.017260 	 -0.003571
  363 	 -0.250000 	 -0.017260 	 -0.003571
  364 	 -0.250000 	 -0.017260 	 -0.003571
  365 	 -0.250000 	 -0.017260 	 -0.003571
  366 	 -0.250000 	 -0.017260 	 -0.003571
  367 	 -0.250000 	 -0.017260 	 -0.003571
  368 	 -0.250000 	 -0.017260 	 -0.003571
  369 	 -0.250000 	 -0.017260 	 -0.003571
  370 	 -0.250000 	 -0.017260 	 -0.003571
  371 	 -0.250000 	 -0.017260 	 -0.003571
  372 	 -0.250000 	 -0.017260 	 -0.003571
  373 	 -0.250000 	 -0.017260 	 -0.003571
  374 	 -0.250000 	 -0.017510 	 -0.003584
  375 	 -0.250000 	 -0.017260 	 -0.003571
  376 	 -0.250000 	 -0.017352 	 -0.003597
  377 	 -0.250000 	 -0.017260 	 -0.003571
  378 	 -0.250000 	 -0.017260 	 -0.003571
  379 	 -0.250000 	 -0.017260 	 -0.003571
  380 	 -0.250000 	 -0.017260 	 -0.003571
  381 	 -0.250000 	 -0.017260 	 -0.003571
  382 	 -0.250000 	 -0.017260 	 -0.003571
  383 	 -0.250000 	 -0.017262 	 -0.003623
  384 	 -0.250000 	 -0.017260 	 -0.003571
  385 	 -0.250000 	 -0.017260 	 -0.003571
  386 	 -0.250000 	 -0.017260 	 -0.003571
  387 	 -0.250000 	 -0.017260 	 -0.003571
  388 	 -0.250000 	 -0.017260 	 -0.003571
  389 	 -0.250000 	 -0.017260 	 -0.003571
  390 	 -0.250000 	 -0.017260 	 -0.003571
  391 	 -0.250000 	 -0.017260 	 -0.003571
  392 	 -0.250000 	 -0.017260 	 -0.003571
  393 	 -0.250000 	 -0.017260 	 -0.003571
  394 	 -0.250000 	 -0.017260 	 -0.003571
  395 	 -0.250000 	 -0.017260 	 -0.003571
  396 	 -0.250000 	 -0.017260 	 -0.003571
  397 	 -0.250000 	 -0.017260 	 -0.003571
  398 	 -0.250000 	 -0.017260 	 -0.003571
  399 	 -0.250000 	 -0.017260 	 -0.003571
 