   0 	 -1.000000 	 0.098398 	 10.000000
    1 	 -0.500000 	 0.038664 	 0.500000
    2 	 -0.500000 	 0.577144 	 10.000000
    3 	 -1.000000 	 0.048639 	 10.000000
    4 	 0.007143 	 0.034520 	 0.500000
    5 	 0.007143 	 0.034520 	 0.500000
    6 	 0.007143 	 0.034520 	 0.500000
    7 	 0.007143 	 0.034520 	 0.500000
    8 	 0.007143 	 0.034520 	 0.500000
    9 	 0.007194 	 0.034534 	 0.500000
   10 	 0.007143 	 0.034520 	 0.500000
   11 	 0.007143 	 0.034520 	 0.500000
   12 	 0.007143 	 0.034520 	 0.500000
   13 	 0.007092 	 0.034493 	 0.500000
   14 	 0.007143 	 0.034520 	 0.500000
   15 	 0.007143 	 0.034520 	 0.500000
   16 	 0.007194 	 0.034536 	 0.500000
   17 	 0.007143 	 0.034520 	 0.500000
   18 	 0.007143 	 0.034520 	 0.500000
   19 	 0.007092 	 0.032568 	 0.500000
   20 	 0.006849 	 0.033951 	 0.500000
   21 	 0.006993 	 0.034391 	 0.500000
   22 	 0.007092 	 0.034512 	 0.500000
   23 	 0.007143 	 0.034520 	 0.500000
   24 	 0.007143 	 0.034520 	 0.500000
   25 	 0.007143 	 0.034520 	 0.500000
   26 	 0.007143 	 0.034520 	 0.500000
   27 	 0.007143 	 0.034520 	 0.500000
   28 	 0.007143 	 0.034520 	 0.500000
   29 	 0.007143 	 0.034520 	 0.500000
   30 	 0.007092 	 0.034514 	 0.500000
   31 	 0.007143 	 0.034520 	 0.500000
   32 	 0.007143 	 0.034520 	 0.500000
   33 	 0.007143 	 0.034520 	 0.500000
   34 	 0.007143 	 0.034520 	 0.500000
   35 	 0.007143 	 0.034520 	 0.500000
   36 	 0.007143 	 0.034520 	 0.500000
   37 	 0.007143 	 0.034520 	 0.500000
   38 	 0.007143 	 0.034520 	 0.500000
   39 	 0.007143 	 0.034520 	 0.500000
   40 	 0.007143 	 0.034520 	 0.500000
   41 	 0.007143 	 0.034520 	 0.500000
   42 	 0.007194 	 0.034550 	 0.500000
   43 	 0.007143 	 0.034520 	 0.500000
   44 	 0.007092 	 0.034493 	 0.500000
   45 	 0.007092 	 0.034476 	 0.500000
   46 	 0.007092 	 0.034517 	 0.500000
   47 	 0.007143 	 0.034520 	 0.500000
   48 	 0.007143 	 0.034520 	 0.500000
   49 	 0.007143 	 0.034520 	 0.500000
   50 	 0.007143 	 0.034520 	 0.500000
   51 	 0.007143 	 0.034520 	 0.500000
   52 	 0.007143 	 0.034520 	 0.500000
   53 	 0.007143 	 0.034520 	 0.500000
   54 	 0.007143 	 0.034520 	 0.500000
   55 	 0.007143 	 0.034520 	 0.500000
   56 	 0.007143 	 0.034520 	 0.500000
   57 	 0.007143 	 0.034520 	 0.500000
   58 	 0.007143 	 0.034520 	 0.500000
   59 	 0.007143 	 0.034520 	 0.500000
   60 	 0.007143 	 0.034520 	 0.500000
   61 	 0.007143 	 0.034520 	 0.500000
   62 	 0.007143 	 0.034520 	 0.500000
   63 	 0.007143 	 0.034520 	 0.500000
   64 	 0.007143 	 0.034520 	 0.500000
   65 	 0.007143 	 0.034520 	 0.500000
   66 	 0.007143 	 0.034520 	 0.500000
   67 	 0.007143 	 0.034520 	 0.500000
   68 	 0.007143 	 0.034520 	 0.500000
   69 	 0.007143 	 0.034520 	 0.500000
   70 	 0.007143 	 0.034520 	 0.500000
   71 	 0.007143 	 0.034520 	 0.500000
   72 	 0.007143 	 0.034520 	 0.500000
   73 	 0.007143 	 0.034520 	 0.500000
   74 	 0.007143 	 0.034520 	 0.500000
   75 	 0.007143 	 0.034520 	 0.500000
   76 	 0.007143 	 0.034520 	 0.500000
   77 	 0.007143 	 0.034520 	 0.500000
   78 	 0.007143 	 0.034520 	 0.500000
   79 	 0.007143 	 0.034520 	 0.500000
   80 	 0.007143 	 0.034520 	 0.500000
   81 	 0.007143 	 0.034520 	 0.500000
   82 	 0.007143 	 0.034520 	 0.500000
   83 	 0.007143 	 0.034520 	 0.500000
   84 	 0.007143 	 0.034520 	 0.500000
   85 	 0.007143 	 0.034520 	 0.500000
   86 	 0.007143 	 0.034520 	 0.500000
   87 	 0.007143 	 0.034520 	 0.500000
   88 	 0.007194 	 0.034584 	 0.500000
   89 	 0.007299 	 0.036633 	 0.500000
   90 	 0.007463 	 0.035168 	 0.500000
   91 	 0.007143 	 0.034520 	 0.500000
   92 	 0.007194 	 0.034596 	 0.500000
   93 	 0.007194 	 0.034902 	 0.500000
   94 	 0.007299 	 0.034711 	 0.500000
   95 	 0.007194 	 0.044372 	 1.000000
   96 	 0.008621 	 0.054281 	 1.000000
   97 	 0.009901 	 0.055395 	 1.000000
   98 	 0.011364 	 0.054087 	 1.000000
   99 	 0.011364 	 0.063949 	 1.000000
  100 	 0.012987 	 0.060981 	 1.000000
  101 	 0.013699 	 0.068242 	 1.000000
  102 	 0.014286 	 0.069041 	 1.000000
  103 	 0.014286 	 0.069041 	 1.000000
  104 	 0.014286 	 0.069041 	 1.000000
  105 	 0.014286 	 0.069041 	 1.000000
  106 	 0.014286 	 0.069041 	 1.000000
  107 	 0.014286 	 0.069041 	 1.000000
  108 	 0.014085 	 0.069022 	 1.000000
  109 	 0.014286 	 0.069041 	 1.000000
  110 	 0.014286 	 0.069041 	 1.000000
  111 	 0.014286 	 0.069041 	 1.000000
  112 	 0.014286 	 0.069041 	 1.000000
  113 	 0.014286 	 0.069041 	 1.000000
  114 	 0.014286 	 0.069041 	 1.000000
  115 	 0.014286 	 0.069041 	 1.000000
  116 	 0.014085 	 0.068713 	 1.000000
  117 	 0.013889 	 0.068951 	 1.000000
  118 	 0.013889 	 0.068167 	 1.000000
  119 	 0.014085 	 0.068944 	 1.000000
  120 	 0.014286 	 0.069041 	 1.000000
  121 	 0.015152 	 0.069183 	 1.000000
  122 	 0.014286 	 0.069041 	 1.000000
  123 	 0.014286 	 0.069041 	 1.000000
  124 	 0.014286 	 0.069041 	 1.000000
  125 	 0.014286 	 0.069041 	 1.000000
  126 	 0.013514 	 0.064812 	 1.000000
  127 	 0.012821 	 0.068202 	 1.000000
  128 	 0.014286 	 0.069041 	 1.000000
  129 	 0.014286 	 0.069041 	 1.000000
  130 	 0.014493 	 0.069043 	 1.000000
  131 	 0.014286 	 0.069313 	 1.000000
  132 	 0.013699 	 0.068800 	 1.000000
  133 	 0.014085 	 0.068977 	 1.000000
  134 	 0.014085 	 0.068621 	 1.000000
  135 	 0.014085 	 0.068944 	 1.000000
  136 	 0.014286 	 0.069041 	 1.000000
  137 	 0.014286 	 0.069041 	 1.000000
  138 	 0.014286 	 0.069041 	 1.000000
  139 	 0.014286 	 0.069041 	 1.000000
  140 	 0.014085 	 0.068221 	 1.000000
  141 	 0.014493 	 0.069486 	 1.000000
  142 	 0.014706 	 0.073391 	 1.000000
  143 	 0.015152 	 0.073045 	 1.000000
  144 	 0.014925 	 0.070715 	 1.000000
  145 	 0.014286 	 0.069041 	 1.000000
  146 	 0.014085 	 0.068931 	 1.000000
  147 	 0.014286 	 0.069041 	 1.000000
  148 	 0.014493 	 0.069486 	 1.000000
  149 	 0.014493 	 0.070877 	 1.000000
  150 	 0.014493 	 0.069134 	 1.000000
  151 	 0.014286 	 0.069041 	 1.000000
  152 	 0.014286 	 0.069041 	 1.000000
  153 	 0.014286 	 0.069041 	 1.000000
  154 	 0.014286 	 0.069041 	 1.000000
  155 	 0.014286 	 0.069041 	 1.000000
  156 	 0.014493 	 0.069050 	 1.000000
  157 	 0.014286 	 0.069041 	 1.000000
  158 	 0.014286 	 0.069041 	 1.000000
  159 	 0.014085 	 0.068917 	 1.000000
  160 	 0.013889 	 0.068862 	 1.000000
  161 	 0.014085 	 0.068972 	 1.000000
  162 	 0.014286 	 0.069041 	 1.000000
  163 	 0.014286 	 0.069041 	 1.000000
  164 	 0.014286 	 0.069041 	 1.000000
  165 	 0.014286 	 0.069041 	 1.000000
  166 	 0.014286 	 0.069041 	 1.000000
  167 	 0.014085 	 0.069011 	 1.000000
  168 	 0.014286 	 0.069041 	 1.000000
  169 	 0.014286 	 0.069041 	 1.000000
  170 	 0.014286 	 0.069041 	 1.000000
  171 	 0.014085 	 0.067813 	 1.000000
  172 	 0.014493 	 0.072836 	 1.000000
  173 	 0.014706 	 0.069310 	 1.000000
  174 	 0.014925 	 0.069548 	 1.000000
  175 	 0.014286 	 0.069041 	 1.000000
  176 	 0.014286 	 0.069041 	 1.000000
  177 	 0.014286 	 0.069041 	 1.000000
  178 	 0.014286 	 0.069041 	 1.000000
  179 	 0.014085 	 0.068845 	 1.000000
  180 	 0.014286 	 0.069041 	 1.000000
  181 	 0.014286 	 0.069041 	 1.000000
  182 	 0.014286 	 0.069041 	 1.000000
  183 	 0.014286 	 0.069041 	 1.000000
  184 	 0.014286 	 0.069041 	 1.000000
  185 	 0.014286 	 0.069041 	 1.000000
  186 	 0.014493 	 0.069257 	 1.000000
  187 	 0.014286 	 0.069041 	 1.000000
  188 	 0.014286 	 0.069041 	 1.000000
  189 	 0.014286 	 0.069041 	 1.000000
  190 	 0.014286 	 0.069041 	 1.000000
  191 	 0.015385 	 0.070856 	 1.000000
  192 	 0.014286 	 0.069041 	 1.000000
  193 	 0.014286 	 0.069041 	 1.000000
  194 	 0.014286 	 0.069041 	 1.000000
  195 	 0.014286 	 0.069041 	 1.000000
  196 	 0.013889 	 0.068976 	 1.000000
  197 	 0.014286 	 0.069041 	 1.000000
  198 	 0.014286 	 0.069041 	 1.000000
  199 	 0.014286 	 0.069041 	 1.000000
  200 	 0.014286 	 0.069041 	 1.000000
  201 	 0.014286 	 0.069041 	 1.000000
  202 	 0.014286 	 0.069041 	 1.000000
  203 	 0.014286 	 0.069041 	 1.000000
  204 	 0.014286 	 0.069041 	 1.000000
  205 	 0.014286 	 0.069041 	 1.000000
  206 	 0.014493 	 0.069140 	 1.000000
  207 	 0.014286 	 0.069041 	 1.000000
  208 	 0.014085 	 0.068401 	 1.000000
  209 	 0.014286 	 0.069041 	 1.000000
  210 	 0.014286 	 0.069041 	 1.000000
  211 	 0.014286 	 0.069041 	 1.000000
  212 	 0.014286 	 0.069041 	 1.000000
  213 	 0.014085 	 0.068713 	 1.000000
  214 	 0.014286 	 0.069041 	 1.000000
  215 	 0.014286 	 0.069041 	 1.000000
  216 	 0.014286 	 0.069041 	 1.000000
  217 	 0.014286 	 0.069041 	 1.000000
  218 	 0.014286 	 0.069041 	 1.000000
  219 	 0.013514 	 0.068417 	 1.000000
  220 	 0.014286 	 0.069041 	 1.000000
  221 	 0.014286 	 0.069041 	 1.000000
  222 	 0.014286 	 0.069041 	 1.000000
  223 	 0.014286 	 0.069041 	 1.000000
  224 	 0.014286 	 0.069041 	 1.000000
  225 	 0.013514 	 0.065864 	 1.000000
  226 	 0.012195 	 0.067214 	 1.000000
  227 	 0.013514 	 0.064812 	 1.000000
  228 	 0.014286 	 0.069041 	 1.000000
  229 	 0.014286 	 0.069041 	 1.000000
  230 	 0.014286 	 0.069041 	 1.000000
  231 	 0.014286 	 0.069041 	 1.000000
  232 	 0.014286 	 0.069041 	 1.000000
  233 	 0.014286 	 0.069041 	 1.000000
  234 	 0.014286 	 0.069041 	 1.000000
  235 	 0.014286 	 0.069041 	 1.000000
  236 	 0.014286 	 0.069041 	 1.000000
  237 	 0.014286 	 0.069041 	 1.000000
  238 	 0.014286 	 0.069041 	 1.000000
  239 	 0.014286 	 0.069041 	 1.000000
  240 	 0.014085 	 0.068917 	 1.000000
  241 	 0.014286 	 0.069041 	 1.000000
  242 	 0.014286 	 0.069041 	 1.000000
  243 	 0.014493 	 0.069233 	 1.000000
  244 	 0.014286 	 0.069041 	 1.000000
  245 	 0.014286 	 0.069041 	 1.000000
  246 	 0.014286 	 0.069041 	 1.000000
  247 	 0.014286 	 0.069041 	 1.000000
  248 	 0.014286 	 0.069041 	 1.000000
  249 	 0.014286 	 0.069041 	 1.000000
  250 	 0.014286 	 0.069041 	 1.000000
  251 	 0.014286 	 0.069041 	 1.000000
  252 	 0.014286 	 0.069041 	 1.000000
  253 	 0.014286 	 0.069041 	 1.000000
  254 	 0.014286 	 0.069041 	 1.000000
  255 	 -1.000000 	 0.197201 	 10.000000
  256 	 0.014286 	 0.069041 	 1.000000
  257 	 0.014286 	 0.069041 	 1.000000
  258 	 0.014286 	 0.069041 	 1.000000
  259 	 0.014493 	 0.069067 	 1.000000
  260 	 0.014493 	 0.069857 	 1.000000
  261 	 0.014493 	 0.069347 	 1.000000
  262 	 0.014286 	 0.069041 	 1.000000
  263 	 0.014286 	 0.069041 	 1.000000
  264 	 0.014286 	 0.069041 	 1.000000
  265 	 0.014286 	 0.068956 	 1.000000
  266 	 0.014286 	 0.069041 	 1.000000
  267 	 0.014286 	 0.069041 	 1.000000
  268 	 0.014286 	 0.069041 	 1.000000
  269 	 0.014286 	 0.069041 	 1.000000
  270 	 0.014286 	 0.069041 	 1.000000
  271 	 0.014286 	 0.069041 	 1.000000
  272 	 0.014286 	 0.069041 	 1.000000
  273 	 0.014286 	 0.069041 	 1.000000
  274 	 0.014286 	 0.069041 	 1.000000
  275 	 0.014286 	 0.069041 	 1.000000
  276 	 0.014286 	 0.069041 	 1.000000
  277 	 0.014286 	 0.069041 	 1.000000
  278 	 0.014286 	 0.069041 	 1.000000
  279 	 0.014286 	 0.069041 	 1.000000
  280 	 0.014286 	 0.069041 	 1.000000
  281 	 0.014286 	 0.069041 	 1.000000
  282 	 0.014085 	 0.068795 	 1.000000
  283 	 0.014085 	 0.069011 	 1.000000
  284 	 0.014286 	 0.069041 	 1.000000
  285 	 0.014493 	 0.069366 	 1.000000
  286 	 0.014493 	 0.069486 	 1.000000
  287 	 0.014493 	 0.069458 	 1.000000
  288 	 0.013889 	 0.062296 	 1.000000
  289 	 0.014706 	 0.069612 	 1.000000
  290 	 0.014286 	 0.069041 	 1.000000
  291 	 0.014286 	 0.069041 	 1.000000
  292 	 0.014286 	 0.069041 	 1.000000
  293 	 0.014286 	 0.069041 	 1.000000
  294 	 0.014286 	 0.069041 	 1.000000
  295 	 0.013889 	 0.068401 	 1.000000
  296 	 0.014286 	 0.069041 	 1.000000
  297 	 0.014286 	 0.069041 	 1.000000
  298 	 0.014286 	 0.069041 	 1.000000
  299 	 0.014286 	 0.069041 	 1.000000
  300 	 0.013889 	 0.068997 	 1.000000
  301 	 0.013889 	 0.068717 	 1.000000
  302 	 0.013889 	 0.067806 	 1.000000
  303 	 0.013889 	 0.068863 	 1.000000
  304 	 0.014286 	 0.069041 	 1.000000
  305 	 0.014286 	 0.069041 	 1.000000
  306 	 0.014286 	 0.069041 	 1.000000
  307 	 0.014286 	 0.069041 	 1.000000
  308 	 0.014286 	 0.069041 	 1.000000
  309 	 0.014286 	 0.069041 	 1.000000
  310 	 0.014286 	 0.069041 	 1.000000
  311 	 0.014286 	 0.069041 	 1.000000
  312 	 0.014286 	 0.069041 	 1.000000
  313 	 0.014286 	 0.069041 	 1.000000
  314 	 0.014286 	 0.069041 	 1.000000
  315 	 0.014286 	 0.069041 	 1.000000
  316 	 0.014286 	 0.069041 	 1.000000
  317 	 0.014286 	 0.069041 	 1.000000
  318 	 0.014286 	 0.069041 	 1.000000
  319 	 0.014286 	 0.069041 	 1.000000
  320 	 0.014286 	 0.069041 	 1.000000
  321 	 0.014286 	 0.069041 	 1.000000
  322 	 0.014286 	 0.069041 	 1.000000
  323 	 0.014286 	 0.069041 	 1.000000
  324 	 0.014286 	 0.069041 	 1.000000
  325 	 0.014286 	 0.069041 	 1.000000
  326 	 0.014286 	 0.069041 	 1.000000
  327 	 0.013514 	 0.068835 	 1.000000
  328 	 0.014706 	 0.070111 	 1.000000
  329 	 0.014493 	 0.069630 	 1.000000
  330 	 0.014706 	 0.083166 	 1.000000
  331 	 0.018182 	 0.083101 	 1.000000
  332 	 0.018868 	 0.074693 	 1.000000
  333 	 0.016949 	 0.077777 	 1.000000
  334 	 0.015385 	 0.081379 	 1.000000
  335 	 0.016393 	 0.217027 	 10.000000
  336 	 0.050000 	 0.422486 	 10.000000
  337 	 0.090909 	 1.053980 	 10.000000
  338 	 0.250000 	 5.907143 	 10.000000
  339 	 1.000000 	 7.557143 	 10.000000
  340 	 1.000000 	 2.671429 	 10.000000
  341 	 10.000000 	 10.000000 	 10.000000
  342 	 10.000000 	 10.000000 	 10.000000
  343 	 10.000000 	 10.000000 	 10.000000
  344 	 10.000000 	 10.000000 	 10.000000
  345 	 10.000000 	 10.000000 	 10.000000
  346 	 -1.000000 	 2.771429 	 10.000000
  347 	 10.000000 	 10.000000 	 10.000000
  348 	 10.000000 	 10.000000 	 10.000000
  349 	 10.000000 	 10.000000 	 10.000000
  350 	 10.000000 	 10.000000 	 10.000000
  351 	 10.000000 	 10.000000 	 10.000000
  352 	 10.000000 	 10.000000 	 10.000000
  353 	 10.000000 	 10.000000 	 10.000000
  354 	 10.000000 	 10.000000 	 10.000000
  355 	 0.250000 	 1.085714 	 10.000000
  356 	 10.000000 	 10.000000 	 10.000000
  357 	 10.000000 	 10.000000 	 10.000000
  358 	 10.000000 	 10.000000 	 10.000000
  359 	 10.000000 	 10.000000 	 10.000000
  360 	 10.000000 	 10.000000 	 10.000000
  361 	 10.000000 	 10.000000 	 10.000000
  362 	 10.000000 	 10.000000 	 10.000000
  363 	 10.000000 	 10.000000 	 10.000000
  364 	 10.000000 	 10.000000 	 10.000000
  365 	 10.000000 	 10.000000 	 10.000000
  366 	 1.000000 	 2.028571 	 10.000000
  367 	 0.200000 	 4.388810 	 10.000000
  368 	 10.000000 	 10.000000 	 10.000000
  369 	 10.000000 	 10.000000 	 10.000000
  370 	 10.000000 	 10.000000 	 10.000000
  371 	 10.000000 	 10.000000 	 10.000000
  372 	 10.000000 	 10.000000 	 10.000000
  373 	 10.000000 	 10.000000 	 10.000000
  374 	 0.333333 	 8.895238 	 10.000000
  375 	 10.000000 	 10.000000 	 10.000000
  376 	 10.000000 	 10.000000 	 10.000000
  377 	 10.000000 	 10.000000 	 10.000000
  378 	 10.000000 	 10.000000 	 10.000000
  379 	 10.000000 	 10.000000 	 10.000000
  380 	 1.000000 	 2.157143 	 10.000000
  381 	 10.000000 	 10.000000 	 10.000000
  382 	 10.000000 	 10.000000 	 10.000000
  383 	 -1.000000 	 5.128571 	 10.000000
  384 	 0.250000 	 2.757143 	 10.000000
  385 	 10.000000 	 10.000000 	 10.000000
  386 	 10.000000 	 10.000000 	 10.000000
  387 	 10.000000 	 10.000000 	 10.000000
  388 	 10.000000 	 10.000000 	 10.000000
  389 	 10.000000 	 10.000000 	 10.000000
  390 	 0.500000 	 9.728571 	 10.000000
  391 	 10.000000 	 10.000000 	 10.000000
  392 	 10.000000 	 10.000000 	 10.000000
  393 	 10.000000 	 10.000000 	 10.000000
  394 	 10.000000 	 10.000000 	 10.000000
  395 	 10.000000 	 10.000000 	 10.000000
  396 	 10.000000 	 10.000000 	 10.000000
  397 	 0.333333 	 9.447619 	 10.000000
  398 	 10.000000 	 10.000000 	 10.000000
  399 	 -0.500000 	 6.100000 	 10.000000
 