   0 	 -0.500000 	 0.106552 	 10.000000
    1 	 -0.062500 	 -0.004624 	 -0.001117
    2 	 -0.062500 	 -0.004718 	 -0.001149
    3 	 -0.062500 	 -0.004318 	 -0.000895
    4 	 -0.062500 	 -0.004315 	 -0.000893
    5 	 -0.062500 	 -0.004315 	 -0.000893
    6 	 -0.062500 	 -0.004315 	 -0.000893
    7 	 -0.062500 	 -0.004315 	 -0.000893
    8 	 -0.062500 	 -0.004315 	 -0.000893
    9 	 -0.062500 	 -0.004315 	 -0.000893
   10 	 -0.062500 	 -0.004315 	 -0.000893
   11 	 -0.062500 	 -0.004315 	 -0.000893
   12 	 -0.062500 	 -0.004315 	 -0.000893
   13 	 -0.062500 	 -0.004315 	 -0.000893
   14 	 -0.062500 	 -0.004315 	 -0.000893
   15 	 -0.062500 	 -0.004317 	 -0.000894
   16 	 -0.062500 	 -0.004315 	 -0.000894
   17 	 -0.062500 	 -0.004315 	 -0.000893
   18 	 -0.076923 	 -0.004634 	 -0.000895
   19 	 -0.076923 	 -0.005146 	 -0.001038
   20 	 -0.076923 	 -0.005311 	 -0.001099
   21 	 -0.076923 	 -0.005311 	 -0.001099
   22 	 -0.076923 	 -0.005311 	 -0.001099
   23 	 -0.076923 	 -0.005311 	 -0.001099
   24 	 -0.076923 	 -0.005311 	 -0.001099
   25 	 -0.076923 	 -0.005311 	 -0.001099
   26 	 -0.076923 	 -0.005311 	 -0.001099
   27 	 -0.076923 	 -0.005311 	 -0.001099
   28 	 -0.076923 	 -0.005311 	 -0.001099
   29 	 -0.076923 	 -0.005311 	 -0.001099
   30 	 -0.076923 	 -0.005311 	 -0.001099
   31 	 -0.076923 	 -0.005311 	 -0.001099
   32 	 -0.076923 	 -0.005311 	 -0.001099
   33 	 -0.076923 	 -0.005311 	 -0.001099
   34 	 -0.076923 	 -0.005311 	 -0.001099
   35 	 -0.076923 	 -0.005311 	 -0.001099
   36 	 -0.076923 	 -0.005311 	 -0.001099
   37 	 -0.076923 	 -0.005311 	 -0.001099
   38 	 -0.076923 	 -0.005311 	 -0.001099
   39 	 -0.076923 	 -0.005311 	 -0.001099
   40 	 -0.076923 	 -0.005311 	 -0.001099
   41 	 -0.076923 	 -0.005311 	 -0.001099
   42 	 -0.076923 	 -0.005293 	 -0.001098
   43 	 -0.076923 	 -0.005311 	 -0.001099
   44 	 -0.076923 	 -0.005311 	 -0.001099
   45 	 -0.076923 	 -0.005311 	 -0.001099
   46 	 -0.076923 	 -0.005311 	 -0.001099
   47 	 -0.076923 	 -0.005311 	 -0.001099
   48 	 -0.076923 	 -0.005311 	 -0.001099
   49 	 -0.076923 	 -0.005311 	 -0.001099
   50 	 -0.076923 	 -0.005311 	 -0.001104
   51 	 -0.076923 	 -0.005311 	 -0.001099
   52 	 -0.076923 	 -0.005311 	 -0.001099
   53 	 -0.076923 	 -0.005311 	 -0.001099
   54 	 -0.076923 	 -0.005311 	 -0.001099
   55 	 -0.076923 	 -0.005311 	 -0.001099
   56 	 -0.076923 	 -0.005311 	 -0.001099
   57 	 -0.076923 	 -0.005311 	 -0.001099
   58 	 -0.076923 	 -0.005311 	 -0.001099
   59 	 -0.076923 	 -0.005311 	 -0.001099
   60 	 -0.076923 	 -0.005314 	 -0.001103
   61 	 -0.076923 	 -0.005311 	 -0.001099
   62 	 -0.076923 	 -0.005311 	 -0.001099
   63 	 -0.076923 	 -0.005311 	 -0.001103
   64 	 -0.111111 	 -0.006417 	 -0.001193
   65 	 -0.111111 	 -0.007444 	 -0.001445
   66 	 -0.111111 	 -0.007671 	 -0.001587
   67 	 -0.111111 	 -0.007690 	 -0.001590
   68 	 -0.111111 	 -0.007671 	 -0.001587
   69 	 -0.111111 	 -0.007671 	 -0.001587
   70 	 -0.111111 	 -0.007671 	 -0.001587
   71 	 -0.111111 	 -0.007671 	 -0.001587
   72 	 -0.111111 	 -0.007658 	 -0.001585
   73 	 -0.111111 	 -0.007655 	 -0.001580
   74 	 -0.111111 	 -0.007671 	 -0.001587
   75 	 -0.111111 	 -0.007671 	 -0.001587
   76 	 -0.111111 	 -0.007681 	 -0.001600
   77 	 -0.111111 	 -0.007671 	 -0.001587
   78 	 -0.111111 	 -0.007671 	 -0.001587
   79 	 -0.111111 	 -0.007671 	 -0.001587
   80 	 -0.111111 	 -0.007671 	 -0.001587
   81 	 -0.111111 	 -0.007671 	 -0.001587
   82 	 -0.111111 	 -0.007671 	 -0.001587
   83 	 -0.111111 	 -0.007671 	 -0.001587
   84 	 -0.111111 	 -0.007671 	 -0.001587
   85 	 -0.111111 	 -0.007671 	 -0.001587
   86 	 -0.111111 	 -0.007671 	 -0.001587
   87 	 -0.111111 	 -0.007671 	 -0.001587
   88 	 -0.111111 	 -0.007671 	 -0.001587
   89 	 -0.111111 	 -0.007671 	 -0.001587
   90 	 -0.111111 	 -0.007671 	 -0.001587
   91 	 -0.111111 	 -0.007671 	 -0.001587
   92 	 -0.111111 	 -0.007671 	 -0.001587
   93 	 -0.111111 	 -0.007671 	 -0.001587
   94 	 -0.111111 	 -0.007671 	 -0.001587
   95 	 -0.111111 	 -0.007671 	 -0.001587
   96 	 -0.111111 	 -0.007671 	 -0.001587
   97 	 -0.111111 	 -0.007671 	 -0.001587
   98 	 -0.111111 	 -0.007671 	 -0.001587
   99 	 -0.111111 	 -0.007671 	 -0.001587
  100 	 -0.111111 	 -0.007671 	 -0.001587
  101 	 -0.111111 	 -0.007671 	 -0.001587
  102 	 -0.111111 	 -0.007671 	 -0.001587
  103 	 -0.111111 	 -0.007671 	 -0.001587
  104 	 -0.111111 	 -0.007671 	 -0.001587
  105 	 -0.111111 	 -0.007671 	 -0.001587
  106 	 -0.111111 	 -0.007671 	 -0.001587
  107 	 -0.111111 	 -0.007671 	 -0.001587
  108 	 -0.111111 	 -0.007671 	 -0.001587
  109 	 -0.111111 	 -0.007671 	 -0.001587
  110 	 -0.111111 	 -0.007671 	 -0.001587
  111 	 -0.111111 	 -0.007671 	 -0.001587
  112 	 -0.111111 	 -0.007671 	 -0.001587
  113 	 -0.111111 	 -0.007671 	 -0.001587
  114 	 -0.111111 	 -0.007671 	 -0.001587
  115 	 -0.111111 	 -0.007671 	 -0.001587
  116 	 -0.111111 	 -0.007671 	 -0.001587
  117 	 -0.111111 	 -0.007671 	 -0.001587
  118 	 -0.111111 	 -0.007665 	 -0.001585
  119 	 -0.111111 	 -0.007671 	 -0.001587
  120 	 -0.111111 	 -0.007671 	 -0.001587
  121 	 -0.111111 	 -0.007671 	 -0.001587
  122 	 -0.111111 	 -0.007661 	 -0.001580
  123 	 -0.111111 	 -0.007671 	 -0.001587
  124 	 -0.111111 	 -0.007680 	 -0.001597
  125 	 -0.111111 	 -0.007671 	 -0.001587
  126 	 -0.111111 	 -0.007671 	 -0.001587
  127 	 -0.111111 	 -0.007671 	 -0.001587
  128 	 -0.111111 	 -0.007671 	 -0.001587
  129 	 -0.111111 	 -0.007671 	 -0.001587
  130 	 -0.111111 	 -0.007671 	 -0.001587
  131 	 -0.111111 	 -0.007671 	 -0.001587
  132 	 -0.111111 	 -0.007671 	 -0.001587
  133 	 -0.111111 	 -0.007669 	 -0.001585
  134 	 -0.111111 	 -0.007671 	 -0.001587
  135 	 -0.111111 	 -0.007671 	 -0.001587
  136 	 -0.111111 	 -0.007671 	 -0.001587
  137 	 -0.111111 	 -0.007671 	 -0.001587
  138 	 -0.111111 	 -0.007671 	 -0.001587
  139 	 -0.111111 	 -0.007671 	 -0.001587
  140 	 -0.111111 	 -0.007671 	 -0.001587
  141 	 -0.111111 	 -0.007671 	 -0.001587
  142 	 -0.111111 	 -0.007671 	 -0.001587
  143 	 -0.111111 	 -0.007671 	 -0.001587
  144 	 -0.111111 	 -0.007671 	 -0.001587
  145 	 -0.111111 	 -0.007671 	 -0.001587
  146 	 -0.111111 	 -0.007671 	 -0.001587
  147 	 -0.111111 	 -0.007671 	 -0.001587
  148 	 -0.111111 	 -0.007671 	 -0.001587
  149 	 -0.111111 	 -0.007671 	 -0.001587
  150 	 -0.111111 	 -0.007658 	 -0.001585
  151 	 -0.111111 	 -0.007671 	 -0.001587
  152 	 -0.111111 	 -0.007671 	 -0.001587
  153 	 -0.111111 	 -0.007671 	 -0.001587
  154 	 -0.111111 	 -0.007671 	 -0.001587
  155 	 -0.111111 	 -0.007671 	 -0.001587
  156 	 -0.111111 	 -0.007671 	 -0.001587
  157 	 -0.111111 	 -0.007671 	 -0.001587
  158 	 -0.111111 	 -0.007671 	 -0.001587
  159 	 -0.111111 	 -0.007671 	 -0.001587
  160 	 -0.111111 	 -0.007671 	 -0.001587
  161 	 -0.111111 	 -0.007671 	 -0.001587
  162 	 -0.111111 	 -0.007671 	 -0.001587
  163 	 -0.111111 	 -0.007671 	 -0.001587
  164 	 -0.111111 	 -0.007671 	 -0.001587
  165 	 -0.111111 	 -0.007671 	 -0.001587
  166 	 -0.111111 	 -0.007671 	 -0.001587
  167 	 -0.111111 	 -0.007671 	 -0.001587
  168 	 -0.111111 	 -0.007671 	 -0.001587
  169 	 -0.111111 	 -0.007671 	 -0.001587
  170 	 -0.111111 	 -0.007671 	 -0.001587
  171 	 -0.111111 	 -0.007671 	 -0.001587
  172 	 -0.111111 	 -0.007671 	 -0.001587
  173 	 -0.111111 	 -0.007671 	 -0.001587
  174 	 -0.111111 	 -0.007671 	 -0.001587
  175 	 -0.111111 	 -0.007671 	 -0.001587
  176 	 -0.111111 	 -0.007671 	 -0.001587
  177 	 -0.111111 	 -0.007673 	 -0.001590
  178 	 -0.111111 	 -0.007671 	 -0.001587
  179 	 -0.111111 	 -0.007671 	 -0.001587
  180 	 -0.111111 	 -0.007671 	 -0.001587
  181 	 -0.111111 	 -0.007671 	 -0.001587
  182 	 -0.111111 	 -0.007654 	 -0.001577
  183 	 -0.111111 	 -0.007671 	 -0.001587
  184 	 -0.111111 	 -0.007671 	 -0.001587
  185 	 -0.111111 	 -0.007618 	 -0.001580
  186 	 -0.111111 	 -0.007671 	 -0.001587
  187 	 -0.111111 	 -0.007671 	 -0.001587
  188 	 -0.111111 	 -0.007671 	 -0.001587
  189 	 -0.111111 	 -0.007671 	 -0.001587
  190 	 -0.111111 	 -0.007671 	 -0.001587
  191 	 -0.111111 	 -0.007671 	 -0.001587
  192 	 -0.111111 	 -0.007671 	 -0.001587
  193 	 -0.111111 	 -0.007676 	 -0.001590
  194 	 -0.111111 	 -0.007687 	 -0.001597
  195 	 -0.111111 	 -0.007671 	 -0.001587
  196 	 -0.111111 	 -0.007671 	 -0.001587
  197 	 -0.111111 	 -0.007671 	 -0.001587
  198 	 -0.111111 	 -0.007671 	 -0.001587
  199 	 -0.111111 	 -0.007671 	 -0.001587
  200 	 -0.111111 	 -0.007671 	 -0.001587
  201 	 -0.111111 	 -0.007671 	 -0.001587
  202 	 -0.111111 	 -0.007670 	 -0.001582
  203 	 -0.111111 	 -0.007671 	 -0.001587
  204 	 -0.111111 	 -0.007671 	 -0.001587
  205 	 -0.111111 	 -0.007671 	 -0.001587
  206 	 -0.111111 	 -0.007763 	 -0.001595
  207 	 -0.111111 	 -0.007671 	 -0.001587
  208 	 -0.111111 	 -0.007671 	 -0.001587
  209 	 -0.111111 	 -0.007671 	 -0.001587
  210 	 -0.111111 	 -0.007671 	 -0.001587
  211 	 -0.111111 	 -0.007671 	 -0.001587
  212 	 -0.111111 	 -0.007671 	 -0.001587
  213 	 -0.111111 	 -0.007821 	 -0.001595
  214 	 -0.111111 	 -0.007671 	 -0.001587
  215 	 -0.111111 	 -0.007671 	 -0.001587
  216 	 -0.111111 	 -0.007671 	 -0.001587
  217 	 -0.111111 	 -0.007671 	 -0.001587
  218 	 -0.111111 	 -0.007671 	 -0.001587
  219 	 -0.111111 	 -0.007671 	 -0.001587
  220 	 -0.111111 	 -0.007671 	 -0.001587
  221 	 -0.111111 	 -0.007671 	 -0.001587
  222 	 -0.111111 	 -0.007771 	 -0.001603
  223 	 -0.111111 	 -0.007671 	 -0.001587
  224 	 -0.111111 	 -0.007671 	 -0.001587
  225 	 -0.111111 	 -0.007671 	 -0.001587
  226 	 -0.111111 	 -0.007671 	 -0.001587
  227 	 -0.111111 	 -0.007671 	 -0.001587
  228 	 -0.111111 	 -0.007671 	 -0.001587
  229 	 -0.111111 	 -0.007671 	 -0.001587
  230 	 -0.111111 	 -0.007671 	 -0.001587
  231 	 -0.111111 	 -0.007671 	 -0.001587
  232 	 -0.111111 	 -0.007671 	 -0.001587
  233 	 -0.111111 	 -0.007671 	 -0.001587
  234 	 -0.111111 	 -0.007671 	 -0.001587
  235 	 -0.111111 	 -0.007787 	 -0.001590
  236 	 -0.111111 	 -0.007671 	 -0.001587
  237 	 -0.111111 	 -0.007671 	 -0.001587
  238 	 -0.111111 	 -0.007671 	 -0.001587
  239 	 -0.111111 	 -0.007671 	 -0.001587
  240 	 -0.111111 	 -0.007671 	 -0.001587
  241 	 -0.111111 	 -0.007671 	 -0.001587
  242 	 -0.111111 	 -0.007677 	 -0.001597
  243 	 -0.111111 	 -0.007671 	 -0.001587
  244 	 -0.111111 	 -0.007671 	 -0.001587
  245 	 -0.111111 	 -0.007671 	 -0.001587
  246 	 -0.111111 	 -0.007671 	 -0.001587
  247 	 -0.111111 	 -0.007671 	 -0.001587
  248 	 -0.111111 	 -0.007671 	 -0.001587
  249 	 -0.111111 	 -0.007671 	 -0.001587
  250 	 -0.111111 	 -0.007671 	 -0.001587
  251 	 -0.111111 	 -0.007671 	 -0.001587
  252 	 -0.111111 	 -0.007671 	 -0.001587
  253 	 -0.111111 	 -0.007671 	 -0.001587
  254 	 -0.111111 	 -0.007671 	 -0.001587
  255 	 -0.111111 	 -0.007737 	 -0.001597
  256 	 -0.111111 	 -0.007671 	 -0.001587
  257 	 -0.111111 	 -0.007671 	 -0.001587
  258 	 -0.111111 	 -0.007671 	 -0.001587
  259 	 -0.111111 	 -0.007671 	 -0.001587
  260 	 -0.111111 	 -0.007671 	 -0.001587
  261 	 -0.111111 	 -0.007671 	 -0.001587
  262 	 -0.111111 	 -0.007671 	 -0.001587
  263 	 -0.111111 	 -0.007671 	 -0.001587
  264 	 -0.111111 	 -0.007671 	 -0.001587
  265 	 -0.111111 	 -0.007669 	 -0.001585
  266 	 -0.111111 	 -0.007671 	 -0.001587
  267 	 -0.111111 	 -0.007671 	 -0.001587
  268 	 -0.111111 	 -0.007671 	 -0.001587
  269 	 -0.111111 	 -0.007671 	 -0.001587
  270 	 -0.111111 	 -0.007671 	 -0.001587
  271 	 -0.111111 	 -0.007671 	 -0.001587
  272 	 -0.111111 	 -0.007671 	 -0.001587
  273 	 -0.111111 	 -0.007671 	 -0.001587
  274 	 -0.111111 	 -0.007671 	 -0.001587
  275 	 -0.111111 	 -0.007671 	 -0.001587
  276 	 -0.111111 	 -0.007671 	 -0.001587
  277 	 -0.111111 	 -0.007671 	 -0.001587
  278 	 -0.111111 	 -0.007671 	 -0.001587
  279 	 -0.111111 	 -0.007671 	 -0.001587
  280 	 -0.111111 	 -0.007671 	 -0.001587
  281 	 -0.111111 	 -0.007671 	 -0.001587
  282 	 -0.111111 	 -0.007671 	 -0.001587
  283 	 -0.111111 	 -0.007671 	 -0.001587
  284 	 -0.111111 	 -0.007671 	 -0.001587
  285 	 -0.111111 	 -0.007280 	 -0.001577
  286 	 -0.111111 	 -0.007671 	 -0.001587
  287 	 -0.111111 	 -0.007671 	 -0.001587
  288 	 -0.111111 	 -0.007671 	 -0.001587
  289 	 -0.111111 	 -0.007671 	 -0.001587
  290 	 -0.111111 	 -0.007671 	 -0.001597
  291 	 -0.111111 	 -0.007671 	 -0.001587
  292 	 -0.111111 	 -0.007671 	 -0.001587
  293 	 -0.111111 	 -0.007671 	 -0.001587
  294 	 -0.111111 	 -0.007671 	 -0.001587
  295 	 -0.111111 	 -0.007671 	 -0.001587
  296 	 -0.111111 	 -0.007671 	 -0.001587
  297 	 -0.111111 	 -0.007671 	 -0.001587
  298 	 -0.111111 	 -0.007671 	 -0.001587
  299 	 -0.111111 	 -0.007671 	 -0.001587
  300 	 -0.111111 	 -0.007671 	 -0.001587
  301 	 -0.111111 	 -0.007671 	 -0.001587
  302 	 -0.111111 	 -0.007679 	 -0.001597
  303 	 -0.111111 	 -0.007671 	 -0.001587
  304 	 -0.111111 	 -0.007669 	 -0.001585
  305 	 -0.111111 	 -0.007671 	 -0.001587
  306 	 -0.111111 	 -0.007671 	 -0.001587
  307 	 -0.111111 	 -0.007671 	 -0.001587
  308 	 -0.111111 	 -0.007677 	 -0.001595
  309 	 -0.111111 	 -0.007671 	 -0.001587
  310 	 -0.111111 	 -0.007671 	 -0.001587
  311 	 -0.111111 	 -0.007671 	 -0.001587
  312 	 -0.111111 	 -0.007671 	 -0.001587
  313 	 -0.111111 	 -0.007671 	 -0.001587
  314 	 -0.111111 	 -0.007671 	 -0.001587
  315 	 -0.111111 	 -0.007671 	 -0.001587
  316 	 -0.111111 	 -0.007710 	 -0.001595
  317 	 -0.111111 	 -0.007671 	 -0.001587
  318 	 -0.111111 	 -0.007671 	 -0.001587
  319 	 -0.111111 	 -0.007671 	 -0.001587
  320 	 -0.111111 	 -0.007671 	 -0.001587
  321 	 -0.111111 	 -0.007671 	 -0.001587
  322 	 -0.111111 	 -0.007671 	 -0.001587
  323 	 -0.111111 	 -0.007671 	 -0.001587
  324 	 -0.111111 	 -0.007671 	 -0.001587
  325 	 -0.111111 	 -0.007671 	 -0.001587
  326 	 -0.111111 	 -0.007669 	 -0.001585
  327 	 -0.111111 	 -0.007671 	 -0.001587
  328 	 -0.111111 	 -0.007671 	 -0.001587
  329 	 -0.111111 	 -0.007671 	 -0.001587
  330 	 -0.111111 	 -0.007671 	 -0.001587
  331 	 -0.111111 	 -0.007671 	 -0.001587
  332 	 -0.111111 	 -0.007671 	 -0.001587
  333 	 -0.111111 	 -0.007671 	 -0.001587
  334 	 -0.111111 	 -0.007671 	 -0.001587
  335 	 -0.111111 	 -0.007671 	 -0.001587
  336 	 -0.111111 	 -0.007671 	 -0.001587
  337 	 -0.111111 	 -0.007671 	 -0.001587
  338 	 -0.111111 	 -0.007671 	 -0.001587
  339 	 -0.111111 	 -0.007671 	 -0.001587
  340 	 -0.111111 	 -0.007671 	 -0.001587
  341 	 -0.111111 	 -0.007671 	 -0.001587
  342 	 -0.111111 	 -0.007671 	 -0.001587
  343 	 -0.111111 	 -0.007672 	 -0.001590
  344 	 -0.111111 	 -0.007671 	 -0.001587
  345 	 -0.111111 	 -0.007671 	 -0.001587
  346 	 -0.111111 	 -0.007671 	 -0.001587
  347 	 -0.111111 	 -0.007671 	 -0.001587
  348 	 -0.111111 	 -0.007690 	 -0.001595
  349 	 -0.111111 	 -0.007671 	 -0.001587
  350 	 -0.111111 	 -0.007671 	 -0.001587
  351 	 -0.111111 	 -0.007671 	 -0.001587
  352 	 -0.111111 	 -0.007671 	 -0.001587
  353 	 -0.111111 	 -0.007671 	 -0.001587
  354 	 -0.111111 	 -0.007671 	 -0.001587
  355 	 -0.111111 	 -0.007671 	 -0.001587
  356 	 -0.111111 	 -0.007671 	 -0.001587
  357 	 -0.111111 	 -0.007671 	 -0.001587
  358 	 -0.111111 	 -0.007671 	 -0.001587
  359 	 -0.111111 	 -0.007671 	 -0.001587
  360 	 -0.111111 	 -0.007737 	 -0.001597
  361 	 -0.111111 	 -0.007671 	 -0.001587
  362 	 -0.111111 	 -0.007671 	 -0.001587
  363 	 -0.111111 	 -0.007671 	 -0.001587
  364 	 -0.111111 	 -0.007687 	 -0.001597
  365 	 -0.111111 	 -0.007671 	 -0.001587
  366 	 -0.111111 	 -0.007671 	 -0.001587
  367 	 -0.111111 	 -0.007671 	 -0.001587
  368 	 -0.111111 	 -0.007671 	 -0.001587
  369 	 -0.111111 	 -0.007671 	 -0.001587
  370 	 -0.111111 	 -0.007671 	 -0.001587
  371 	 -0.111111 	 -0.007671 	 -0.001587
  372 	 -0.111111 	 -0.007672 	 -0.001590
  373 	 -0.111111 	 -0.007671 	 -0.001587
  374 	 -0.111111 	 -0.007671 	 -0.001587
  375 	 -0.111111 	 -0.007671 	 -0.001587
  376 	 -0.111111 	 -0.007674 	 -0.001595
  377 	 -0.111111 	 -0.007671 	 -0.001587
  378 	 -0.111111 	 -0.007671 	 -0.001587
  379 	 -0.111111 	 -0.007671 	 -0.001587
  380 	 -0.111111 	 -0.007671 	 -0.001587
  381 	 -0.111111 	 -0.007671 	 -0.001587
  382 	 -0.111111 	 -0.007682 	 -0.001595
  383 	 -0.111111 	 -0.007671 	 -0.001587
  384 	 -0.111111 	 -0.007671 	 -0.001587
  385 	 -0.111111 	 -0.007671 	 -0.001587
  386 	 -0.111111 	 -0.007671 	 -0.001587
  387 	 -0.111111 	 -0.007671 	 -0.001587
  388 	 -0.111111 	 -0.007671 	 -0.001587
  389 	 -0.111111 	 -0.007671 	 -0.001587
  390 	 -0.111111 	 -0.007671 	 -0.001587
  391 	 -0.111111 	 -0.007671 	 -0.001587
  392 	 -0.111111 	 -0.007671 	 -0.001587
  393 	 -0.111111 	 -0.007671 	 -0.001587
  394 	 -0.111111 	 -0.007671 	 -0.001587
  395 	 -0.111111 	 -0.007671 	 -0.001587
  396 	 -0.111111 	 -0.007671 	 -0.001587
  397 	 -0.111111 	 -0.007671 	 -0.001587
  398 	 -0.111111 	 -0.007671 	 -0.001587
  399 	 -0.111111 	 -0.007671 	 -0.001587
 