   0 	 -0.250000 	 -0.033990 	 -0.015385
    1 	 -0.111111 	 -0.007858 	 -0.001730
    2 	 -0.111111 	 -0.007671 	 -0.001587
    3 	 -0.111111 	 -0.007708 	 -0.001590
    4 	 -0.111111 	 -0.007668 	 -0.001585
    5 	 -0.111111 	 -0.007671 	 -0.001587
    6 	 -0.111111 	 -0.007671 	 -0.001587
    7 	 -0.111111 	 -0.007671 	 -0.001587
    8 	 -0.111111 	 -0.007671 	 -0.001587
    9 	 -0.111111 	 -0.007671 	 -0.001587
   10 	 -0.111111 	 -0.007671 	 -0.001587
   11 	 -0.111111 	 -0.007665 	 -0.001585
   12 	 -0.111111 	 -0.007671 	 -0.001587
   13 	 -0.111111 	 -0.007671 	 -0.001587
   14 	 -0.111111 	 -0.007671 	 -0.001587
   15 	 -0.111111 	 -0.007671 	 -0.001587
   16 	 -0.111111 	 -0.007671 	 -0.001587
   17 	 -0.111111 	 -0.007671 	 -0.001587
   18 	 -0.111111 	 -0.007671 	 -0.001587
   19 	 -0.111111 	 -0.007671 	 -0.001587
   20 	 -0.111111 	 -0.007671 	 -0.001587
   21 	 -0.111111 	 -0.007671 	 -0.001587
   22 	 -0.111111 	 -0.007671 	 -0.001587
   23 	 -0.111111 	 -0.007671 	 -0.001587
   24 	 -0.111111 	 -0.007671 	 -0.001587
   25 	 -0.111111 	 -0.007671 	 -0.001587
   26 	 -0.111111 	 -0.007671 	 -0.001587
   27 	 -0.111111 	 -0.007671 	 -0.001587
   28 	 -0.111111 	 -0.007671 	 -0.001587
   29 	 -0.111111 	 -0.007671 	 -0.001587
   30 	 -0.111111 	 -0.007671 	 -0.001587
   31 	 -0.111111 	 -0.007671 	 -0.001587
   32 	 -0.111111 	 -0.007671 	 -0.001587
   33 	 -0.111111 	 -0.007671 	 -0.001587
   34 	 -0.111111 	 -0.007682 	 -0.001600
   35 	 -0.111111 	 -0.007674 	 -0.001592
   36 	 -0.111111 	 -0.007671 	 -0.001587
   37 	 -0.111111 	 -0.007671 	 -0.001587
   38 	 -0.111111 	 -0.007671 	 -0.001587
   39 	 -0.111111 	 -0.007671 	 -0.001587
   40 	 -0.111111 	 -0.007671 	 -0.001587
   41 	 -0.111111 	 -0.007671 	 -0.001587
   42 	 -0.111111 	 -0.007671 	 -0.001587
   43 	 -0.111111 	 -0.007671 	 -0.001587
   44 	 -0.111111 	 -0.007671 	 -0.001587
   45 	 -0.111111 	 -0.007671 	 -0.001587
   46 	 -0.111111 	 -0.007671 	 -0.001587
   47 	 -0.111111 	 -0.007671 	 -0.001587
   48 	 -0.111111 	 -0.007671 	 -0.001587
   49 	 -0.111111 	 -0.007672 	 -0.001585
   50 	 -0.111111 	 -0.007671 	 -0.001585
   51 	 -0.111111 	 -0.007671 	 -0.001587
   52 	 -0.111111 	 -0.007671 	 -0.001587
   53 	 -0.111111 	 -0.007671 	 -0.001587
   54 	 -0.111111 	 -0.007671 	 -0.001587
   55 	 -0.111111 	 -0.007673 	 -0.001592
   56 	 -0.111111 	 -0.007671 	 -0.001590
   57 	 -0.111111 	 -0.007792 	 -0.001626
   58 	 -0.111111 	 -0.007671 	 -0.001587
   59 	 -0.111111 	 -0.007671 	 -0.001587
   60 	 -0.111111 	 -0.007671 	 -0.001587
   61 	 -0.111111 	 -0.007636 	 -0.001577
   62 	 -0.111111 	 -0.007671 	 -0.001587
   63 	 -0.111111 	 -0.007671 	 -0.001587
   64 	 -0.111111 	 -0.007671 	 -0.001587
   65 	 -0.111111 	 -0.007671 	 -0.001587
   66 	 -0.111111 	 -0.007671 	 -0.001587
   67 	 -0.111111 	 -0.007664 	 -0.001577
   68 	 -0.111111 	 -0.007671 	 -0.001587
   69 	 -0.111111 	 -0.007671 	 -0.001587
   70 	 -0.111111 	 -0.007664 	 -0.001577
   71 	 -0.111111 	 -0.007671 	 -0.001587
   72 	 -0.111111 	 -0.007671 	 -0.001587
   73 	 -0.111111 	 -0.007671 	 -0.001587
   74 	 -0.111111 	 -0.007671 	 -0.001587
   75 	 -0.111111 	 -0.007671 	 -0.001587
   76 	 -0.111111 	 -0.007671 	 -0.001587
   77 	 -0.111111 	 -0.007671 	 -0.001587
   78 	 -0.111111 	 -0.007671 	 -0.001587
   79 	 -0.111111 	 -0.007671 	 -0.001587
   80 	 -0.111111 	 -0.007671 	 -0.001587
   81 	 -0.111111 	 -0.007671 	 -0.001587
   82 	 -0.111111 	 -0.007671 	 -0.001587
   83 	 -0.111111 	 -0.007672 	 -0.001590
   84 	 -0.111111 	 -0.007671 	 -0.001587
   85 	 -0.111111 	 -0.007677 	 -0.001592
   86 	 -0.111111 	 -0.007671 	 -0.001587
   87 	 -0.111111 	 -0.007671 	 -0.001587
   88 	 -0.111111 	 -0.007671 	 -0.001587
   89 	 -0.111111 	 -0.007671 	 -0.001587
   90 	 -0.111111 	 -0.007671 	 -0.001587
   91 	 -0.111111 	 -0.007672 	 -0.001592
   92 	 -0.111111 	 -0.007668 	 -0.001582
   93 	 -0.111111 	 -0.007671 	 -0.001587
   94 	 -0.111111 	 -0.007671 	 -0.001587
   95 	 -0.111111 	 -0.007671 	 -0.001587
   96 	 -0.111111 	 -0.007671 	 -0.001587
   97 	 -0.111111 	 -0.007671 	 -0.001587
   98 	 -0.111111 	 -0.007674 	 -0.001592
   99 	 -0.111111 	 -0.007671 	 -0.001587
  100 	 -0.111111 	 -0.007671 	 -0.001587
  101 	 -0.111111 	 -0.007671 	 -0.001587
  102 	 -0.111111 	 -0.007671 	 -0.001587
  103 	 -0.111111 	 -0.007671 	 -0.001587
  104 	 -0.111111 	 -0.007671 	 -0.001587
  105 	 -0.111111 	 -0.007671 	 -0.001587
  106 	 -0.111111 	 -0.007671 	 -0.001587
  107 	 -0.111111 	 -0.007671 	 -0.001587
  108 	 -0.111111 	 -0.007671 	 -0.001587
  109 	 -0.111111 	 -0.007671 	 -0.001587
  110 	 -0.111111 	 -0.007671 	 -0.001587
  111 	 -0.111111 	 -0.007671 	 -0.001587
  112 	 -0.111111 	 -0.007671 	 -0.001587
  113 	 -0.111111 	 -0.007679 	 -0.001590
  114 	 -0.111111 	 -0.007671 	 -0.001587
  115 	 -0.111111 	 -0.007671 	 -0.001587
  116 	 -0.111111 	 -0.007671 	 -0.001587
  117 	 -0.111111 	 -0.007671 	 -0.001587
  118 	 -0.111111 	 -0.007672 	 -0.001592
  119 	 -0.111111 	 -0.007671 	 -0.001587
  120 	 -0.111111 	 -0.007671 	 -0.001587
  121 	 -0.111111 	 -0.007671 	 -0.001587
  122 	 -0.111111 	 -0.007671 	 -0.001587
  123 	 -0.111111 	 -0.007671 	 -0.001587
  124 	 -0.111111 	 -0.007671 	 -0.001587
  125 	 -0.111111 	 -0.007671 	 -0.001587
  126 	 -0.111111 	 -0.007671 	 -0.001587
  127 	 -0.111111 	 -0.007671 	 -0.001587
  128 	 -0.111111 	 -0.007671 	 -0.001587
  129 	 -0.111111 	 -0.007671 	 -0.001587
  130 	 -0.111111 	 -0.007671 	 -0.001587
  131 	 -0.111111 	 -0.007669 	 -0.001585
  132 	 -0.111111 	 -0.007688 	 -0.001597
  133 	 -0.111111 	 -0.007671 	 -0.001587
  134 	 -0.111111 	 -0.007671 	 -0.001587
  135 	 -0.111111 	 -0.007671 	 -0.001587
  136 	 -0.111111 	 -0.007671 	 -0.001587
  137 	 -0.111111 	 -0.007671 	 -0.001587
  138 	 -0.111111 	 -0.007672 	 -0.001590
  139 	 -0.111111 	 -0.007671 	 -0.001587
  140 	 -0.111111 	 -0.007671 	 -0.001587
  141 	 -0.111111 	 -0.007682 	 -0.001590
  142 	 -0.111111 	 -0.007676 	 -0.001592
  143 	 -0.111111 	 -0.007682 	 -0.001590
  144 	 -0.111111 	 -0.007671 	 -0.001587
  145 	 -0.111111 	 -0.007671 	 -0.001587
  146 	 -0.111111 	 -0.007671 	 -0.001587
  147 	 -0.111111 	 -0.007671 	 -0.001587
  148 	 -0.111111 	 -0.007671 	 -0.001587
  149 	 -0.111111 	 -0.007695 	 -0.001595
  150 	 -0.111111 	 -0.007671 	 -0.001587
  151 	 -0.111111 	 -0.007671 	 -0.001587
  152 	 -0.111111 	 -0.007671 	 -0.001587
  153 	 -0.111111 	 -0.007671 	 -0.001587
  154 	 -0.111111 	 -0.007671 	 -0.001587
  155 	 -0.111111 	 -0.007671 	 -0.001587
  156 	 -0.111111 	 -0.007671 	 -0.001587
  157 	 -0.111111 	 -0.007671 	 -0.001587
  158 	 -0.111111 	 -0.007671 	 -0.001587
  159 	 -0.111111 	 -0.007671 	 -0.001587
  160 	 -0.111111 	 -0.007671 	 -0.001587
  161 	 -0.111111 	 -0.007671 	 -0.001587
  162 	 -0.111111 	 -0.007671 	 -0.001587
  163 	 -0.111111 	 -0.007671 	 -0.001587
  164 	 -0.111111 	 -0.007693 	 -0.001595
  165 	 -0.111111 	 -0.007671 	 -0.001587
  166 	 -0.111111 	 -0.007671 	 -0.001587
  167 	 -0.111111 	 -0.007671 	 -0.001587
  168 	 -0.111111 	 -0.007671 	 -0.001587
  169 	 -0.111111 	 -0.007671 	 -0.001587
  170 	 -0.111111 	 -0.007671 	 -0.001587
  171 	 -0.111111 	 -0.007671 	 -0.001587
  172 	 -0.111111 	 -0.007671 	 -0.001587
  173 	 -0.111111 	 -0.007671 	 -0.001587
  174 	 -0.111111 	 -0.007671 	 -0.001587
  175 	 -0.111111 	 -0.007671 	 -0.001587
  176 	 -0.111111 	 -0.007671 	 -0.001587
  177 	 -0.111111 	 -0.007670 	 -0.001585
  178 	 -0.111111 	 -0.007671 	 -0.001587
  179 	 -0.111111 	 -0.007684 	 -0.001592
  180 	 -0.111111 	 -0.007671 	 -0.001587
  181 	 -0.111111 	 -0.007671 	 -0.001587
  182 	 -0.111111 	 -0.007671 	 -0.001587
  183 	 -0.111111 	 -0.007671 	 -0.001587
  184 	 -0.111111 	 -0.007671 	 -0.001587
  185 	 -0.111111 	 -0.007668 	 -0.001577
  186 	 -0.111111 	 -0.007671 	 -0.001587
  187 	 -0.111111 	 -0.007671 	 -0.001587
  188 	 -0.111111 	 -0.007675 	 -0.001592
  189 	 -0.111111 	 -0.007671 	 -0.001587
  190 	 -0.111111 	 -0.007671 	 -0.001587
  191 	 -0.111111 	 -0.007671 	 -0.001587
  192 	 -0.111111 	 -0.007671 	 -0.001587
  193 	 -0.111111 	 -0.007671 	 -0.001587
  194 	 -0.111111 	 -0.007671 	 -0.001587
  195 	 -0.111111 	 -0.007671 	 -0.001587
  196 	 -0.111111 	 -0.007642 	 -0.001585
  197 	 -0.111111 	 -0.007671 	 -0.001587
  198 	 -0.111111 	 -0.007671 	 -0.001587
  199 	 -0.111111 	 -0.007671 	 -0.001587
  200 	 -0.111111 	 -0.007671 	 -0.001587
  201 	 -0.111111 	 -0.007671 	 -0.001587
  202 	 -0.111111 	 -0.007671 	 -0.001587
  203 	 -0.111111 	 -0.007671 	 -0.001587
  204 	 -0.111111 	 -0.007671 	 -0.001587
  205 	 -0.111111 	 -0.007671 	 -0.001587
  206 	 -0.111111 	 -0.007671 	 -0.001587
  207 	 -0.111111 	 -0.007671 	 -0.001587
  208 	 -0.111111 	 -0.007671 	 -0.001587
  209 	 -0.111111 	 -0.007671 	 -0.001587
  210 	 -0.111111 	 -0.007671 	 -0.001587
  211 	 -0.111111 	 -0.007671 	 -0.001587
  212 	 -0.111111 	 -0.007671 	 -0.001587
  213 	 -0.111111 	 -0.007671 	 -0.001587
  214 	 -0.111111 	 -0.007671 	 -0.001587
  215 	 -0.111111 	 -0.007671 	 -0.001587
  216 	 -0.111111 	 -0.007671 	 -0.001587
  217 	 -0.111111 	 -0.007677 	 -0.001590
  218 	 -0.111111 	 -0.007671 	 -0.001587
  219 	 -0.111111 	 -0.007671 	 -0.001587
  220 	 -0.111111 	 -0.007671 	 -0.001587
  221 	 -0.111111 	 -0.007671 	 -0.001587
  222 	 -0.111111 	 -0.007671 	 -0.001587
  223 	 -0.111111 	 -0.007672 	 -0.001595
  224 	 -0.111111 	 -0.007673 	 -0.001590
  225 	 -0.111111 	 -0.007671 	 -0.001587
  226 	 -0.111111 	 -0.007671 	 -0.001587
  227 	 -0.111111 	 -0.007672 	 -0.001597
  228 	 -0.111111 	 -0.007671 	 -0.001587
  229 	 -0.111111 	 -0.007671 	 -0.001587
  230 	 -0.111111 	 -0.007671 	 -0.001587
  231 	 -0.111111 	 -0.007671 	 -0.001587
  232 	 -0.111111 	 -0.007671 	 -0.001587
  233 	 -0.111111 	 -0.007671 	 -0.001587
  234 	 -0.111111 	 -0.007671 	 -0.001587
  235 	 -0.111111 	 -0.007671 	 -0.001587
  236 	 -0.111111 	 -0.007671 	 -0.001587
  237 	 -0.111111 	 -0.007671 	 -0.001587
  238 	 -0.111111 	 -0.007672 	 -0.001592
  239 	 -0.111111 	 -0.007639 	 -0.001577
  240 	 -0.111111 	 -0.007671 	 -0.001587
  241 	 -0.111111 	 -0.007671 	 -0.001587
  242 	 -0.111111 	 -0.007671 	 -0.001587
  243 	 -0.111111 	 -0.007671 	 -0.001587
  244 	 -0.111111 	 -0.007671 	 -0.001587
  245 	 -0.111111 	 -0.007671 	 -0.001587
  246 	 -0.111111 	 -0.007671 	 -0.001587
  247 	 -0.111111 	 -0.007671 	 -0.001587
  248 	 -0.111111 	 -0.007671 	 -0.001587
  249 	 -0.111111 	 -0.007682 	 -0.001597
  250 	 -0.111111 	 -0.007671 	 -0.001587
  251 	 -0.111111 	 -0.007671 	 -0.001587
  252 	 -0.111111 	 -0.007671 	 -0.001587
  253 	 -0.111111 	 -0.007671 	 -0.001587
  254 	 -0.111111 	 -0.007671 	 -0.001587
  255 	 -0.111111 	 -0.007671 	 -0.001587
  256 	 -0.111111 	 -0.007671 	 -0.001587
  257 	 -0.111111 	 -0.007671 	 -0.001587
  258 	 -0.111111 	 -0.007671 	 -0.001587
  259 	 -0.111111 	 -0.007674 	 -0.001592
  260 	 -0.111111 	 -0.007671 	 -0.001587
  261 	 -0.111111 	 -0.007671 	 -0.001587
  262 	 -0.111111 	 -0.007671 	 -0.001587
  263 	 -0.111111 	 -0.007671 	 -0.001587
  264 	 -0.111111 	 -0.007671 	 -0.001587
  265 	 -0.111111 	 -0.007671 	 -0.001587
  266 	 -0.111111 	 -0.007671 	 -0.001587
  267 	 -0.111111 	 -0.007695 	 -0.001592
  268 	 -0.111111 	 -0.007671 	 -0.001587
  269 	 -0.111111 	 -0.007671 	 -0.001587
  270 	 -0.111111 	 -0.007671 	 -0.001587
  271 	 -0.111111 	 -0.007671 	 -0.001587
  272 	 -0.111111 	 -0.007671 	 -0.001587
  273 	 -0.111111 	 -0.007671 	 -0.001587
  274 	 -0.111111 	 -0.007671 	 -0.001587
  275 	 -0.111111 	 -0.007671 	 -0.001587
  276 	 -0.111111 	 -0.007671 	 -0.001587
  277 	 -0.111111 	 -0.007674 	 -0.001590
  278 	 -0.111111 	 -0.007671 	 -0.001587
  279 	 -0.111111 	 -0.007671 	 -0.001587
  280 	 -0.111111 	 -0.007655 	 -0.001577
  281 	 -0.111111 	 -0.007655 	 -0.001577
  282 	 -0.111111 	 -0.007671 	 -0.001587
  283 	 -0.111111 	 -0.007671 	 -0.001587
  284 	 -0.111111 	 -0.007671 	 -0.001587
  285 	 -0.111111 	 -0.007671 	 -0.001587
  286 	 -0.111111 	 -0.007671 	 -0.001587
  287 	 -0.111111 	 -0.007671 	 -0.001587
  288 	 -0.111111 	 -0.007671 	 -0.001587
  289 	 -0.111111 	 -0.007671 	 -0.001587
  290 	 -0.111111 	 -0.007671 	 -0.001587
  291 	 -0.111111 	 -0.007671 	 -0.001587
  292 	 -0.111111 	 -0.007671 	 -0.001587
  293 	 -0.111111 	 -0.007671 	 -0.001587
  294 	 -0.111111 	 -0.007671 	 -0.001587
  295 	 -0.111111 	 -0.007671 	 -0.001587
  296 	 -0.111111 	 -0.007671 	 -0.001587
  297 	 -0.111111 	 -0.007671 	 -0.001587
  298 	 -0.111111 	 -0.007671 	 -0.001587
  299 	 -0.111111 	 -0.007671 	 -0.001587
  300 	 -0.111111 	 -0.007671 	 -0.001587
  301 	 -0.111111 	 -0.007671 	 -0.001587
  302 	 -0.111111 	 -0.007671 	 -0.001587
  303 	 -0.111111 	 -0.007671 	 -0.001587
  304 	 -0.111111 	 -0.007671 	 -0.001587
  305 	 -0.111111 	 -0.007671 	 -0.001587
  306 	 -0.111111 	 -0.007671 	 -0.001587
  307 	 -0.111111 	 -0.007671 	 -0.001587
  308 	 -0.111111 	 -0.007671 	 -0.001587
  309 	 -0.111111 	 -0.007671 	 -0.001587
  310 	 -0.111111 	 -0.007671 	 -0.001587
  311 	 -0.111111 	 -0.007671 	 -0.001587
  312 	 -0.111111 	 -0.007671 	 -0.001587
  313 	 -0.111111 	 -0.007671 	 -0.001587
  314 	 -0.111111 	 -0.007671 	 -0.001587
  315 	 -0.111111 	 -0.007641 	 -0.001577
  316 	 -0.111111 	 -0.007671 	 -0.001587
  317 	 -0.111111 	 -0.007758 	 -0.001597
  318 	 -0.111111 	 -0.007671 	 -0.001587
  319 	 -0.111111 	 -0.007671 	 -0.001590
  320 	 -0.111111 	 -0.007671 	 -0.001587
  321 	 -0.111111 	 -0.007671 	 -0.001587
  322 	 -0.111111 	 -0.007671 	 -0.001587
  323 	 -0.111111 	 -0.007671 	 -0.001587
  324 	 -0.111111 	 -0.007671 	 -0.001587
  325 	 -0.111111 	 -0.007671 	 -0.001587
  326 	 -0.111111 	 -0.007671 	 -0.001587
  327 	 -0.111111 	 -0.007671 	 -0.001587
  328 	 -0.111111 	 -0.007671 	 -0.001587
  329 	 -0.111111 	 -0.007671 	 -0.001587
  330 	 -0.111111 	 -0.007671 	 -0.001587
  331 	 -0.111111 	 -0.007671 	 -0.001587
  332 	 -0.111111 	 -0.007671 	 -0.001587
  333 	 -0.111111 	 -0.007671 	 -0.001587
  334 	 -0.111111 	 -0.007671 	 -0.001587
  335 	 -0.111111 	 -0.007671 	 -0.001587
  336 	 -0.111111 	 -0.007671 	 -0.001587
  337 	 -0.111111 	 -0.007671 	 -0.001587
  338 	 -0.111111 	 -0.007671 	 -0.001587
  339 	 -0.100000 	 -0.007405 	 -0.001585
  340 	 -0.100000 	 -0.006944 	 -0.001449
  341 	 -0.100000 	 -0.006988 	 -0.001468
  342 	 -0.100000 	 -0.006904 	 -0.001429
  343 	 -0.100000 	 -0.006904 	 -0.001429
  344 	 -0.100000 	 -0.006911 	 -0.001431
  345 	 -0.100000 	 -0.006904 	 -0.001429
  346 	 -0.100000 	 -0.006904 	 -0.001429
  347 	 -0.100000 	 -0.006904 	 -0.001429
  348 	 -0.100000 	 -0.006904 	 -0.001429
  349 	 -0.100000 	 -0.006904 	 -0.001429
  350 	 -0.100000 	 -0.006904 	 -0.001429
  351 	 -0.100000 	 -0.006904 	 -0.001429
  352 	 -0.100000 	 -0.006904 	 -0.001429
  353 	 -0.100000 	 -0.006904 	 -0.001429
  354 	 -0.100000 	 -0.006904 	 -0.001429
  355 	 -0.100000 	 -0.006904 	 -0.001429
  356 	 -0.100000 	 -0.006905 	 -0.001431
  357 	 -0.100000 	 -0.006904 	 -0.001429
  358 	 -0.100000 	 -0.006904 	 -0.001429
  359 	 -0.100000 	 -0.006904 	 -0.001429
  360 	 -0.100000 	 -0.006904 	 -0.001429
  361 	 -0.100000 	 -0.006904 	 -0.001429
  362 	 -0.100000 	 -0.006904 	 -0.001429
  363 	 -0.100000 	 -0.006904 	 -0.001429
  364 	 -0.100000 	 -0.006909 	 -0.001433
  365 	 -0.100000 	 -0.006904 	 -0.001429
  366 	 -0.100000 	 -0.006904 	 -0.001429
  367 	 -0.100000 	 -0.006904 	 -0.001429
  368 	 -0.100000 	 -0.006904 	 -0.001429
  369 	 -0.100000 	 -0.006904 	 -0.001429
  370 	 -0.100000 	 -0.006904 	 -0.001429
  371 	 -0.100000 	 -0.006904 	 -0.001429
  372 	 -0.100000 	 -0.006904 	 -0.001429
  373 	 -0.100000 	 -0.006904 	 -0.001429
  374 	 -0.100000 	 -0.006904 	 -0.001429
  375 	 -0.100000 	 -0.006904 	 -0.001429
  376 	 -0.100000 	 -0.006904 	 -0.001429
  377 	 -0.100000 	 -0.006904 	 -0.001429
  378 	 -0.100000 	 -0.006904 	 -0.001429
  379 	 -0.100000 	 -0.006904 	 -0.001429
  380 	 -0.100000 	 -0.006904 	 -0.001429
  381 	 -0.100000 	 -0.006904 	 -0.001429
  382 	 -0.100000 	 -0.006904 	 -0.001429
  383 	 -0.100000 	 -0.006904 	 -0.001429
  384 	 -0.100000 	 -0.006904 	 -0.001429
  385 	 -0.100000 	 -0.006904 	 -0.001429
  386 	 -0.100000 	 -0.006904 	 -0.001429
  387 	 -0.100000 	 -0.006904 	 -0.001429
  388 	 -0.100000 	 -0.006904 	 -0.001429
  389 	 -0.100000 	 -0.006913 	 -0.001431
  390 	 -0.100000 	 -0.007061 	 -0.001439
  391 	 -0.100000 	 -0.006904 	 -0.001429
  392 	 -0.100000 	 -0.006904 	 -0.001429
  393 	 -0.100000 	 -0.006904 	 -0.001429
  394 	 -0.100000 	 -0.006904 	 -0.001429
  395 	 -0.100000 	 -0.006904 	 -0.001429
  396 	 -0.100000 	 -0.006907 	 -0.001435
  397 	 -0.100000 	 -0.006904 	 -0.001429
  398 	 -0.100000 	 -0.006904 	 -0.001429
  399 	 -0.100000 	 -0.006904 	 -0.001429
 