0	0.001119	0.001817	0.003595
1	0.001170	0.001911	0.003610
2	0.001210	0.002046	0.003935
3	0.001244	0.002214	0.004519
4	0.001294	0.002424	0.005270
5	0.001374	0.002680	0.005878
6	0.001474	0.003043	0.006497
7	0.001565	0.003456	0.007142
8	0.001705	0.003988	0.008226
9	-0.021979	0.004209	0.010939
10	-0.021651	0.005330	0.013408
11	0.002522	0.006845	0.021889
12	-0.013516	0.008224	0.030528
13	0.003352	0.013070	0.077747
14	-0.012724	0.034198	0.086173
15	0.007158	0.056138	0.085965
16	0.019935	0.060734	0.107009
17	0.025167	0.062308	0.125318
18	-0.006454	0.076867	0.155251
19	0.030716	0.101527	0.159207
20	0.006385	0.120823	0.163684
21	0.036485	0.127404	0.175019
22	0.075574	0.130747	0.179650
23	0.044007	0.136442	0.187428
24	0.063075	0.142862	0.176230
25	0.057160	0.147202	0.181734
26	0.065927	0.152987	0.173800
27	0.095420	0.156353	0.178157
28	0.109438	0.158047	0.172629
29	0.092272	0.159009	0.172721
30	0.105786	0.159844	0.171404
31	0.098615	0.160664	0.171540
32	0.108492	0.161450	0.172270
33	0.090069	0.161677	0.182091
34	0.116584	0.162203	0.172063
35	0.125431	0.162943	0.184996
36	0.132144	0.163004	0.174491
37	0.126050	0.162990	0.174495
38	0.125930	0.163045	0.168806
39	0.109598	0.163085	0.176277
40	0.074479	0.162697	0.169105
41	0.100199	0.164616	0.181827
42	0.111485	0.165854	0.186912
43	0.131701	0.166636	0.169625
44	0.119054	0.166955	0.198806
45	0.149423	0.173968	0.198746
46	0.125783	0.186474	0.200238
47	0.100848	0.187082	0.197035
48	0.139484	0.183203	0.204354
49	0.161907	0.182943	0.211402
50	0.135797	0.183448	0.197100
51	0.120145	0.183499	0.190598
52	0.169693	0.184069	0.199807
53	0.097775	0.182907	0.204431
54	0.132632	0.183241	0.188228
55	0.131011	0.183794	0.213067
56	0.124996	0.183703	0.204627
57	0.165462	0.184489	0.201142
58	0.123849	0.184615	0.207557
59	0.136254	0.185695	0.190919
60	0.145164	0.186374	0.210203
61	0.136744	0.186305	0.203136
62	0.141857	0.186579	0.196723
63	0.128831	0.187022	0.202060
64	0.164120	0.187876	0.201649
65	0.167291	0.188141	0.203124
66	0.162115	0.188051	0.195135
67	0.149869	0.187928	0.190122
68	0.143293	0.187624	0.190316
69	0.146034	0.187641	0.196825
70	0.143215	0.188097	0.196211
71	0.157289	0.188219	0.202475
72	0.145519	0.188041	0.196471
73	0.142469	0.188076	0.196165
74	0.104785	0.187529	0.202821
75	0.089957	0.187494	0.203282
76	0.128593	0.188126	0.213086
77	0.138151	0.188393	0.230314
78	0.141273	0.188181	0.203499
79	0.143634	0.188078	0.196504
80	0.119872	0.187804	0.197875
81	0.154519	0.188283	0.198655
82	0.167452	0.188509	0.209948
83	0.172528	0.188386	0.189815
84	0.158509	0.188170	0.189816
85	0.121702	0.187727	0.189566
86	0.147226	0.188101	0.191362
87	0.145076	0.188177	0.202863
88	0.124890	0.187839	0.195929
89	0.149307	0.188171	0.196623
90	0.113329	0.187766	0.203756
91	0.148556	0.188133	0.197234
92	0.175769	0.188692	0.207439
93	0.158033	0.188305	0.196858
94	0.136209	0.187971	0.189955
95	0.136431	0.188031	0.196093
96	0.123040	0.187980	0.203525
97	0.171695	0.188693	0.209078
98	0.148213	0.188366	0.210016
99	0.118577	0.187616	0.188933
100	0.145931	0.188257	0.201711
101	0.147604	0.188357	0.204011
102	0.127624	0.188008	0.201986
103	0.113454	0.187657	0.202433
104	0.148466	0.188279	0.202862
105	0.166627	0.188653	0.210510
106	0.148707	0.188294	0.197180
107	0.151775	0.188186	0.190656
108	0.143188	0.188190	0.197200
109	0.113058	0.187856	0.196834
110	0.170752	0.188528	0.196635
111	0.168770	0.188616	0.209929
112	0.186470	0.188674	0.189609
113	0.160467	0.188328	0.189919
114	0.149832	0.188195	0.189301
115	0.131102	0.187786	0.197421
116	0.118386	0.187943	0.196340
117	0.160083	0.188682	0.207128
118	0.146464	0.188328	0.200855
119	0.109980	0.187595	0.197025
120	0.166014	0.188705	0.203226
121	0.108754	0.188026	0.217749
122	0.169135	0.188608	0.190752
123	0.159848	0.188950	0.222144
124	0.161428	0.188399	0.190703
125	0.158945	0.188651	0.197938
126	0.142797	0.188583	0.196485
127	0.098920	0.188016	0.199713
128	0.163636	0.188910	0.199670
129	0.160838	0.189378	0.218246
130	0.151650	0.189240	0.198501
131	0.149677	0.190153	0.198560
132	0.173654	0.191102	0.206208
133	0.172607	0.191176	0.200435
134	0.161938	0.190931	0.192179
135	0.155962	0.190944	0.192483
136	0.140450	0.190811	0.198545
137	0.142308	0.190786	0.199125
138	0.147170	0.190824	0.205325
139	0.130520	0.190828	0.205399
140	0.141812	0.191079	0.207399
141	0.156917	0.191130	0.201915
142	0.141786	0.190914	0.206082
143	0.161429	0.191032	0.199752
144	0.156436	0.191154	0.204889
145	0.147068	0.190889	0.199113
146	0.157033	0.190978	0.193154
147	0.173365	0.191317	0.205270
148	0.172766	0.191208	0.199244
149	0.135571	0.190678	0.192481
