   0 	 0.001031 	 0.001786 	 0.003282
    1 	 0.001094 	 0.001734 	 0.002969
    2 	 0.001094 	 0.001807 	 0.002690
    3 	 0.001192 	 0.001917 	 0.004258
    4 	 0.001291 	 0.001961 	 0.003707
    5 	 0.001342 	 0.002016 	 0.003707
    6 	 0.001338 	 0.002068 	 0.003744
    7 	 0.001319 	 0.002134 	 0.003707
    8 	 0.001398 	 0.002289 	 0.003821
    9 	 0.001452 	 0.002568 	 0.005961
   10 	 0.001452 	 0.002806 	 0.007527
   11 	 0.001630 	 0.003211 	 0.014613
   12 	 0.001645 	 0.004323 	 0.014613
   13 	 0.001645 	 0.005088 	 0.014613
   14 	 0.001966 	 0.006681 	 0.015210
   15 	 0.001966 	 0.008675 	 0.015210
   16 	 0.001966 	 0.011547 	 0.015210
   17 	 0.005285 	 0.012103 	 0.015210
   18 	 0.004686 	 0.013059 	 0.016560
   19 	 0.007096 	 0.013834 	 0.015856
   20 	 0.007096 	 0.014356 	 0.015857
   21 	 0.009935 	 0.014658 	 0.016560
   22 	 0.012215 	 0.014803 	 0.020141
   23 	 0.011463 	 0.014880 	 0.020141
   24 	 0.012215 	 0.015072 	 0.020140
   25 	 0.011463 	 0.015008 	 0.024039
   26 	 0.009199 	 0.014895 	 0.020140
   27 	 0.009199 	 0.014914 	 0.016560
   28 	 0.011827 	 0.014967 	 0.016560
   29 	 0.011827 	 0.015062 	 0.016560
   30 	 0.011122 	 0.015037 	 0.016559
   31 	 0.011121 	 0.015119 	 0.016560
   32 	 0.011121 	 0.015212 	 0.020140
   33 	 0.011121 	 0.015442 	 0.024039
   34 	 0.011121 	 0.015473 	 0.024038
   35 	 0.012629 	 0.015339 	 0.024039
   36 	 0.012629 	 0.015688 	 0.024039
   37 	 0.012215 	 0.015403 	 0.020140
   38 	 0.012215 	 0.015545 	 0.021291
   39 	 0.014609 	 0.015415 	 0.017329
   40 	 0.013548 	 0.015401 	 0.017329
   41 	 0.013548 	 0.015459 	 0.016559
   42 	 0.013548 	 0.015511 	 0.016559
   43 	 0.013548 	 0.015645 	 0.017329
   44 	 0.013548 	 0.015832 	 0.017329
   45 	 0.013548 	 0.015874 	 0.017329
   46 	 0.013548 	 0.015930 	 0.017329
   47 	 0.013548 	 0.016008 	 0.017329
   48 	 0.013548 	 0.016168 	 0.017329
   49 	 0.014610 	 0.016152 	 0.017329
   50 	 0.014610 	 0.016173 	 0.017329
   51 	 0.014610 	 0.016205 	 0.017329
   52 	 0.014610 	 0.016397 	 0.017329
   53 	 0.014610 	 0.016431 	 0.017329
   54 	 0.014610 	 0.016304 	 0.017329
   55 	 0.014610 	 0.016219 	 0.017329
   56 	 0.014610 	 0.016269 	 0.017329
   57 	 0.014610 	 0.016215 	 0.017329
   58 	 0.014610 	 0.016155 	 0.017329
   59 	 0.014610 	 0.016189 	 0.017329
   60 	 0.014610 	 0.016211 	 0.017329
   61 	 0.014610 	 0.016320 	 0.024037
   62 	 0.014610 	 0.016268 	 0.024037
   63 	 0.014610 	 0.016473 	 0.024039
   64 	 0.014610 	 0.016507 	 0.024037
   65 	 0.014609 	 0.017084 	 0.025697
   66 	 0.014609 	 0.017904 	 0.024039
   67 	 0.014609 	 0.018841 	 0.024039
   68 	 0.009677 	 0.019362 	 0.025693
   69 	 0.014609 	 0.020257 	 0.025695
   70 	 0.014610 	 0.020902 	 0.025695
   71 	 0.008976 	 0.021035 	 0.025695
   72 	 0.014609 	 0.021591 	 0.025697
   73 	 0.014609 	 0.022098 	 0.025695
   74 	 0.014608 	 0.023042 	 0.025695
   75 	 0.014609 	 0.023333 	 0.025695
   76 	 0.014609 	 0.023638 	 0.025691
   77 	 0.009676 	 0.023866 	 0.025695
   78 	 0.020135 	 0.024115 	 0.025691
   79 	 0.024032 	 0.024323 	 0.025693
   80 	 0.024032 	 0.024261 	 0.025691
   81 	 0.008564 	 0.023985 	 0.025691
   82 	 0.008564 	 0.024026 	 0.025691
   83 	 0.024032 	 0.024282 	 0.025691
   84 	 0.024032 	 0.024240 	 0.025691
   85 	 0.024032 	 0.024240 	 0.025691
   86 	 0.024032 	 0.024240 	 0.025691
   87 	 0.024032 	 0.024282 	 0.025691
   88 	 0.024032 	 0.024157 	 0.025691
   89 	 0.024032 	 0.024157 	 0.025691
   90 	 0.024032 	 0.024199 	 0.025691
   91 	 0.024032 	 0.024220 	 0.025691
   92 	 0.024032 	 0.024240 	 0.025691
   93 	 0.024032 	 0.024261 	 0.025691
   94 	 0.024032 	 0.024240 	 0.025691
   95 	 0.024032 	 0.024178 	 0.025691
   96 	 0.024032 	 0.024199 	 0.025691
   97 	 0.024032 	 0.024199 	 0.025691
   98 	 0.024032 	 0.024282 	 0.025691
   99 	 0.024032 	 0.024282 	 0.025691
  100 	 0.020136 	 0.024233 	 0.025691
  101 	 0.014608 	 0.024087 	 0.025691
  102 	 0.014608 	 0.024087 	 0.025691
  103 	 0.014609 	 0.024025 	 0.025691
  104 	 0.024032 	 0.024282 	 0.025697
  105 	 0.024032 	 0.024116 	 0.025691
  106 	 0.024032 	 0.024178 	 0.025691
  107 	 0.013071 	 0.024062 	 0.025691
  108 	 0.024032 	 0.024137 	 0.025691
  109 	 0.024032 	 0.024178 	 0.025691
  110 	 0.024032 	 0.024199 	 0.025691
  111 	 0.024032 	 0.024178 	 0.025691
  112 	 0.024032 	 0.024137 	 0.025691
  113 	 0.024032 	 0.024199 	 0.025691
  114 	 0.024032 	 0.024116 	 0.025691
  115 	 0.024032 	 0.024238 	 0.035477
  116 	 0.024032 	 0.025097 	 0.035477
  117 	 0.024027 	 0.025260 	 0.035477
  118 	 0.024027 	 0.025852 	 0.035477
  119 	 0.024027 	 0.026063 	 0.039193
  120 	 0.024027 	 0.027425 	 0.035477
  121 	 0.024024 	 0.026975 	 0.035477
  122 	 0.024027 	 0.028077 	 0.035477
  123 	 0.024027 	 0.029385 	 0.035477
  124 	 0.024027 	 0.031080 	 0.035477
  125 	 0.024027 	 0.032631 	 0.035477
  126 	 0.010798 	 0.032586 	 0.035477
  127 	 0.024027 	 0.033178 	 0.035477
  128 	 0.024027 	 0.034036 	 0.035493
  129 	 0.024027 	 0.034464 	 0.035477
  130 	 0.024027 	 0.034749 	 0.035477
  131 	 0.024027 	 0.034892 	 0.035477
  132 	 0.024027 	 0.035177 	 0.035477
  133 	 0.035462 	 0.035463 	 0.035477
  134 	 0.035462 	 0.035463 	 0.035477
  135 	 0.035462 	 0.035462 	 0.035462
  136 	 0.035462 	 0.035462 	 0.035462
  137 	 0.035462 	 0.035462 	 0.035462
  138 	 0.035462 	 0.035462 	 0.035462
  139 	 0.011119 	 0.035158 	 0.035462
  140 	 0.035462 	 0.035462 	 0.035462
  141 	 0.035462 	 0.035463 	 0.035493
  142 	 0.035462 	 0.035462 	 0.035462
  143 	 0.020131 	 0.035271 	 0.035462
  144 	 0.035462 	 0.035462 	 0.035462
  145 	 0.011824 	 0.035167 	 0.035482
  146 	 0.011824 	 0.034871 	 0.035462
  147 	 0.011824 	 0.034872 	 0.035492
  148 	 0.035462 	 0.035463 	 0.035492
  149 	 0.035462 	 0.035463 	 0.035492
 