   0 	 0.001107 	 0.001811 	 0.003402
    1 	 0.001088 	 0.001799 	 0.003254
    2 	 0.001159 	 0.001978 	 0.004409
    3 	 0.001347 	 0.002197 	 0.004516
    4 	 0.001265 	 0.002549 	 0.007097
    5 	 0.001124 	 0.002995 	 0.007097
    6 	 0.001124 	 0.003523 	 0.007097
    7 	 0.001323 	 0.003916 	 0.007097
    8 	 0.001915 	 0.004414 	 0.010496
    9 	 0.002030 	 0.005010 	 0.010496
   10 	 0.002945 	 0.005722 	 0.013074
   11 	 0.003466 	 0.006617 	 0.013074
   12 	 0.003901 	 0.007889 	 0.017332
   13 	 0.004072 	 0.009228 	 0.022584
   14 	 0.004163 	 0.010559 	 0.024039
   15 	 0.004571 	 0.013418 	 0.024043
   16 	 0.005001 	 0.015291 	 0.024044
   17 	 0.006479 	 0.018127 	 0.024044
   18 	 0.007096 	 0.020006 	 0.024044
   19 	 0.010799 	 0.021642 	 0.024043
   20 	 0.011464 	 0.022301 	 0.024042
   21 	 0.011462 	 0.022713 	 0.024040
   22 	 0.017326 	 0.023346 	 0.024040
   23 	 0.019104 	 0.023487 	 0.024040
   24 	 0.019103 	 0.023644 	 0.024037
   25 	 0.011120 	 0.023435 	 0.024035
   26 	 0.022577 	 0.023687 	 0.024036
   27 	 0.022577 	 0.023615 	 0.024041
   28 	 0.022577 	 0.023687 	 0.024034
   29 	 0.022577 	 0.023706 	 0.024034
   30 	 0.014057 	 0.023526 	 0.024034
   31 	 0.022577 	 0.023724 	 0.024034
   32 	 0.022577 	 0.023724 	 0.024039
   33 	 0.022577 	 0.023687 	 0.024034
   34 	 0.008765 	 0.023424 	 0.024034
   35 	 0.008765 	 0.023278 	 0.024034
   36 	 0.011120 	 0.023326 	 0.024042
   37 	 0.011120 	 0.023217 	 0.024034
   38 	 0.022577 	 0.023360 	 0.024034
   39 	 0.022577 	 0.023287 	 0.024041
   40 	 0.022577 	 0.023141 	 0.024034
   41 	 0.022577 	 0.023214 	 0.024034
   42 	 0.022577 	 0.023360 	 0.024034
   43 	 0.022577 	 0.023396 	 0.024034
   44 	 0.022577 	 0.023378 	 0.024034
   45 	 0.022577 	 0.023433 	 0.024034
   46 	 0.022577 	 0.023542 	 0.024034
   47 	 0.022577 	 0.023578 	 0.024034
   48 	 0.022577 	 0.023524 	 0.024034
   49 	 0.022577 	 0.023578 	 0.024034
   50 	 0.022577 	 0.023596 	 0.024034
   51 	 0.022577 	 0.023578 	 0.024034
   52 	 0.022577 	 0.023615 	 0.024034
   53 	 0.022577 	 0.023578 	 0.024034
   54 	 0.022577 	 0.024572 	 0.106434
   55 	 0.022577 	 0.025583 	 0.106417
   56 	 0.022577 	 0.029523 	 0.106434
   57 	 0.022577 	 0.040000 	 0.106434
   58 	 0.015852 	 0.062501 	 0.106434
   59 	 0.022535 	 0.091173 	 0.106434
   60 	 0.015186 	 0.098136 	 0.106510
   61 	 0.015186 	 0.102778 	 0.106434
   62 	 0.082212 	 0.103829 	 0.106518
   63 	 0.082212 	 0.104951 	 0.106518
   64 	 0.082218 	 0.103774 	 0.105763
   65 	 0.082218 	 0.104636 	 0.105763
   66 	 0.082218 	 0.104649 	 0.105763
   67 	 0.082218 	 0.105221 	 0.105763
   68 	 0.082218 	 0.105221 	 0.105763
   69 	 0.105500 	 0.105506 	 0.105763
   70 	 0.105500 	 0.105506 	 0.105763
   71 	 0.105500 	 0.105503 	 0.105503
   72 	 0.105500 	 0.105503 	 0.105503
   73 	 0.105503 	 0.105503 	 0.105503
   74 	 0.105503 	 0.105503 	 0.105503
   75 	 0.105503 	 0.105503 	 0.105503
   76 	 0.105503 	 0.105503 	 0.105503
   77 	 0.105503 	 0.105503 	 0.105503
   78 	 0.067353 	 0.105026 	 0.105503
   79 	 0.067353 	 0.104549 	 0.105503
   80 	 0.067353 	 0.104554 	 0.105929
   81 	 0.067353 	 0.104560 	 0.105929
   82 	 0.014599 	 0.103892 	 0.105503
   83 	 0.067353 	 0.105036 	 0.105929
   84 	 0.067353 	 0.105044 	 0.106524
   85 	 0.067353 	 0.105031 	 0.105929
   86 	 0.067353 	 0.105031 	 0.105929
   87 	 0.067353 	 0.105031 	 0.105929
   88 	 0.105498 	 0.105508 	 0.105929
   89 	 0.105498 	 0.105508 	 0.105929
   90 	 0.105498 	 0.105503 	 0.105503
   91 	 0.105498 	 0.105503 	 0.105503
   92 	 0.035375 	 0.104626 	 0.105503
   93 	 0.035375 	 0.104626 	 0.105503
   94 	 0.105503 	 0.105513 	 0.106289
   95 	 0.057040 	 0.104907 	 0.106289
   96 	 0.015831 	 0.104382 	 0.105503
   97 	 0.057040 	 0.104904 	 0.106045
   98 	 0.105503 	 0.105515 	 0.106510
   99 	 0.105497 	 0.105509 	 0.106045
  100 	 0.105492 	 0.105503 	 0.105503
  101 	 0.105497 	 0.105503 	 0.105503
  102 	 0.105503 	 0.105503 	 0.105503
  103 	 0.105503 	 0.105503 	 0.105503
  104 	 0.025637 	 0.104504 	 0.105503
  105 	 0.105503 	 0.105503 	 0.105503
  106 	 0.105503 	 0.105514 	 0.106399
  107 	 0.105503 	 0.105503 	 0.105503
  108 	 0.105493 	 0.105503 	 0.105503
  109 	 0.105503 	 0.105503 	 0.105503
  110 	 0.105503 	 0.105503 	 0.105503
  111 	 0.105503 	 0.105503 	 0.105503
  112 	 0.105503 	 0.105503 	 0.105503
  113 	 0.105503 	 0.105503 	 0.105503
  114 	 0.105503 	 0.105503 	 0.105503
  115 	 0.105503 	 0.105503 	 0.105503
  116 	 0.105503 	 0.105503 	 0.105503
  117 	 0.105503 	 0.105503 	 0.105503
  118 	 0.105503 	 0.105503 	 0.105503
  119 	 0.016534 	 0.104391 	 0.105503
  120 	 0.105503 	 0.105503 	 0.105503
  121 	 0.105503 	 0.105515 	 0.106502
  122 	 0.105503 	 0.105503 	 0.105503
  123 	 0.105492 	 0.105503 	 0.105503
  124 	 0.105503 	 0.105503 	 0.105503
  125 	 0.105503 	 0.105503 	 0.105503
  126 	 0.105503 	 0.105503 	 0.105503
  127 	 0.105503 	 0.105503 	 0.105503
  128 	 0.105503 	 0.105503 	 0.105503
  129 	 0.105503 	 0.105503 	 0.105503
  130 	 0.105503 	 0.105503 	 0.105503
  131 	 0.105503 	 0.105503 	 0.105503
  132 	 0.105503 	 0.105503 	 0.105503
  133 	 0.105503 	 0.105503 	 0.105503
  134 	 0.105503 	 0.105503 	 0.105503
  135 	 0.023986 	 0.104484 	 0.105503
  136 	 0.012202 	 0.104336 	 0.105503
  137 	 0.105503 	 0.105514 	 0.106418
  138 	 0.105503 	 0.105516 	 0.106552
  139 	 0.105493 	 0.105503 	 0.105503
  140 	 0.105491 	 0.105503 	 0.105503
  141 	 0.012202 	 0.104337 	 0.105503
  142 	 0.105503 	 0.105503 	 0.105503
  143 	 0.105503 	 0.105516 	 0.106552
  144 	 0.049466 	 0.104802 	 0.105503
  145 	 0.105491 	 0.105503 	 0.105503
  146 	 0.105503 	 0.105511 	 0.106130
  147 	 0.011815 	 0.104332 	 0.105503
  148 	 0.105496 	 0.105503 	 0.105503
  149 	 0.105503 	 0.105516 	 0.106556
 