   0 	 0.001120 	 0.001807 	 0.004746
    1 	 0.001057 	 0.002058 	 0.004746
    2 	 0.001057 	 0.002073 	 0.003565
    3 	 0.001057 	 0.002205 	 0.004163
    4 	 0.001414 	 0.002468 	 0.006480
    5 	 0.001414 	 0.002650 	 0.006158
    6 	 0.001562 	 0.003056 	 0.006964
    7 	 0.001753 	 0.003526 	 0.012631
    8 	 0.001795 	 0.003990 	 0.010496
    9 	 0.001840 	 0.004418 	 0.011829
   10 	 0.001858 	 0.005631 	 0.024045
   11 	 0.001998 	 0.007595 	 0.024046
   12 	 0.002211 	 0.011042 	 0.049716
   13 	 0.004686 	 0.020172 	 0.249287
   14 	 0.005519 	 0.051749 	 0.249366
   15 	 0.009199 	 0.127318 	 0.249425
   16 	 0.009199 	 0.197837 	 0.249393
   17 	 0.038869 	 0.211748 	 0.249165
   18 	 -0.263116 	 0.211832 	 0.249165
   19 	 0.081270 	 0.230218 	 0.247336
   20 	 0.081351 	 0.234199 	 0.267301
   21 	 0.235208 	 0.236170 	 0.244769
   22 	 0.234109 	 0.235943 	 0.244764
   23 	 0.235350 	 0.235828 	 0.235881
   24 	 0.038888 	 0.233378 	 0.235942
   25 	 0.235844 	 0.235847 	 0.235873
   26 	 0.235840 	 0.235990 	 0.247335
   27 	 0.019026 	 0.231022 	 0.235846
   28 	 0.235208 	 0.235838 	 0.235846
   29 	 0.235846 	 0.236127 	 0.248556
   30 	 0.014564 	 0.233080 	 0.235881
   31 	 0.018099 	 0.233115 	 0.235846
   32 	 0.023911 	 0.233359 	 0.248832
   33 	 0.012594 	 0.233215 	 0.248613
   34 	 0.021191 	 0.233309 	 0.248254
   35 	 0.235138 	 0.236001 	 0.248954
   36 	 0.235158 	 0.235995 	 0.248422
   37 	 0.235119 	 0.235837 	 0.235885
   38 	 0.021191 	 0.233154 	 0.235884
   39 	 0.235844 	 0.235846 	 0.235886
   40 	 0.235844 	 0.236003 	 0.248422
   41 	 0.235844 	 0.235846 	 0.235846
   42 	 0.235148 	 0.235837 	 0.235846
   43 	 0.235846 	 0.235846 	 0.235846
   44 	 0.235846 	 0.235846 	 0.235885
   45 	 0.235846 	 0.235846 	 0.235846
   46 	 0.235844 	 0.235846 	 0.235846
   47 	 0.235846 	 0.235846 	 0.235846
   48 	 0.235846 	 0.235846 	 0.235846
   49 	 0.235846 	 0.235846 	 0.235846
   50 	 0.235846 	 0.235846 	 0.235846
   51 	 0.235846 	 0.235846 	 0.235846
   52 	 0.235846 	 0.235846 	 0.235846
   53 	 0.235846 	 0.235846 	 0.235846
   54 	 0.235846 	 0.235846 	 0.235846
   55 	 0.235846 	 0.235846 	 0.235846
   56 	 0.235846 	 0.235846 	 0.235846
   57 	 0.235846 	 0.235846 	 0.235846
   58 	 0.235846 	 0.235846 	 0.235846
   59 	 0.235846 	 0.235846 	 0.235846
   60 	 0.235846 	 0.235846 	 0.235846
   61 	 0.235846 	 0.235846 	 0.235846
   62 	 0.235846 	 0.235846 	 0.235846
   63 	 0.235846 	 0.235846 	 0.235846
   64 	 0.235846 	 0.235846 	 0.235846
   65 	 0.235846 	 0.235846 	 0.235846
   66 	 0.235846 	 0.235846 	 0.235846
   67 	 0.235846 	 0.235846 	 0.235846
   68 	 0.235846 	 0.235846 	 0.235846
   69 	 0.235846 	 0.235846 	 0.235846
   70 	 0.015799 	 0.233095 	 0.235846
   71 	 0.235846 	 0.235846 	 0.235846
   72 	 0.235846 	 0.236007 	 0.248755
   73 	 0.235846 	 0.235846 	 0.235846
   74 	 0.235130 	 0.235837 	 0.235846
   75 	 0.144417 	 0.234703 	 0.235846
   76 	 0.235846 	 0.235846 	 0.235886
   77 	 0.235846 	 0.235911 	 0.241043
   78 	 0.235844 	 0.235846 	 0.235846
   79 	 0.235557 	 0.235842 	 0.235846
   80 	 0.235846 	 0.235846 	 0.235846
   81 	 0.235846 	 0.235846 	 0.235862
   82 	 0.021191 	 0.230655 	 0.235846
   83 	 0.235845 	 0.235846 	 0.235846
   84 	 0.235846 	 0.236149 	 0.248422
   85 	 0.235846 	 0.235846 	 0.235846
   86 	 0.235148 	 0.235829 	 0.235846
   87 	 0.015799 	 0.233095 	 0.235846
   88 	 0.014016 	 0.233074 	 0.235885
   89 	 0.014016 	 0.233234 	 0.248755
   90 	 0.014016 	 0.233236 	 0.248866
   91 	 0.017263 	 0.233267 	 0.248866
   92 	 0.235124 	 0.235999 	 0.248866
   93 	 0.235124 	 0.235997 	 0.248665
   94 	 0.017263 	 0.233105 	 0.235886
   95 	 0.235135 	 0.235837 	 0.235886
   96 	 0.235844 	 0.236006 	 0.248665
   97 	 0.235844 	 0.235846 	 0.235885
   98 	 0.235135 	 0.235837 	 0.235846
   99 	 0.235844 	 0.235846 	 0.235846
  100 	 0.049149 	 0.233513 	 0.235885
  101 	 0.235846 	 0.235846 	 0.235846
  102 	 0.235844 	 0.235982 	 0.246709
  103 	 0.020050 	 0.230543 	 0.235846
  104 	 0.235243 	 0.235838 	 0.235846
  105 	 0.019026 	 0.233446 	 0.248493
  106 	 0.235846 	 0.235846 	 0.235879
  107 	 0.235144 	 0.235987 	 0.248556
  108 	 0.235844 	 0.235846 	 0.235846
  109 	 0.235141 	 0.235838 	 0.235885
  110 	 0.235846 	 0.235846 	 0.235846
  111 	 0.235844 	 0.235846 	 0.235885
  112 	 0.235846 	 0.235846 	 0.235846
  113 	 0.235844 	 0.235846 	 0.235846
  114 	 0.235846 	 0.235846 	 0.235846
  115 	 0.235846 	 0.235846 	 0.235846
  116 	 0.049149 	 0.233512 	 0.235846
  117 	 0.235846 	 0.235846 	 0.235846
  118 	 0.235846 	 0.235982 	 0.246709
  119 	 0.235846 	 0.235846 	 0.235846
  120 	 0.235243 	 0.235838 	 0.235846
  121 	 0.235846 	 0.235846 	 0.235846
  122 	 0.235846 	 0.235846 	 0.235879
  123 	 0.235846 	 0.235846 	 0.235846
  124 	 0.235844 	 0.235846 	 0.235846
  125 	 0.235846 	 0.235846 	 0.235846
  126 	 -0.262260 	 0.229619 	 0.235846
  127 	 0.235846 	 0.235846 	 0.235846
  128 	 0.235846 	 0.236238 	 0.267240
  129 	 0.035212 	 0.233338 	 0.235846
  130 	 0.234112 	 0.235824 	 0.235846
  131 	 0.014564 	 0.233226 	 0.247560
  132 	 0.235846 	 0.235847 	 0.235942
  133 	 0.235196 	 0.236000 	 0.248832
  134 	 0.235840 	 0.235846 	 0.235846
  135 	 0.235126 	 0.235837 	 0.235882
  136 	 0.235846 	 0.235846 	 0.235846
  137 	 0.235844 	 0.235846 	 0.235886
  138 	 0.235846 	 0.235846 	 0.235846
  139 	 0.235844 	 0.235846 	 0.235846
  140 	 0.235846 	 0.235846 	 0.235846
  141 	 0.021191 	 0.233163 	 0.235846
  142 	 0.235846 	 0.235846 	 0.235846
  143 	 0.016499 	 0.230753 	 0.248422
  144 	 0.235846 	 0.235846 	 0.235846
  145 	 0.235148 	 0.236144 	 0.248712
  146 	 0.235846 	 0.235846 	 0.235846
  147 	 0.235132 	 0.235829 	 0.235885
  148 	 0.235846 	 0.235846 	 0.235846
  149 	 0.235844 	 0.235847 	 0.235885
 