   0 	 0.001033 	 0.001854 	 0.005776
    1 	 0.001227 	 0.001911 	 0.003466
    2 	 0.001227 	 0.002018 	 0.003466
    3 	 0.001269 	 0.002131 	 0.003466
    4 	 0.001269 	 0.002217 	 0.003041
    5 	 0.001589 	 0.002278 	 0.003901
    6 	 0.001505 	 0.002294 	 0.003707
    7 	 0.001278 	 0.002359 	 0.003466
    8 	 0.001458 	 0.002432 	 0.003707
    9 	 0.001464 	 0.002537 	 0.004462
   10 	 0.001575 	 0.002768 	 0.005439
   11 	 0.001582 	 0.003040 	 0.004746
   12 	 0.001645 	 0.003169 	 0.004746
   13 	 0.001886 	 0.003292 	 0.005139
   14 	 0.001737 	 0.003464 	 0.005776
   15 	 0.002321 	 0.003626 	 0.005776
   16 	 0.002135 	 0.003998 	 0.007527
   17 	 0.002877 	 0.004411 	 0.008565
   18 	 0.002877 	 0.004912 	 0.011829
   19 	 0.002945 	 0.005434 	 0.011829
   20 	 0.002945 	 0.006624 	 0.015856
   21 	 0.003144 	 0.007710 	 0.019110
   22 	 0.003171 	 0.009910 	 0.019109
   23 	 0.003171 	 0.011146 	 0.021289
   24 	 0.005139 	 0.013008 	 0.039235
   25 	 0.005139 	 0.015254 	 0.043847
   26 	 0.005776 	 0.019735 	 0.043853
   27 	 0.009199 	 0.026099 	 0.043847
   28 	 0.011464 	 0.032238 	 0.043858
   29 	 -0.741875 	 0.021997 	 0.043843
   30 	 0.016551 	 0.034891 	 0.043795
   31 	 0.016552 	 0.036324 	 0.043843
   32 	 0.024024 	 0.038267 	 0.043838
   33 	 0.024024 	 0.038509 	 0.043824
   34 	 0.024022 	 0.037964 	 0.043824
   35 	 0.024024 	 0.039186 	 0.043817
   36 	 0.027582 	 0.039604 	 0.043813
   37 	 0.029783 	 0.039697 	 0.043813
   38 	 0.029787 	 0.040054 	 0.043813
   39 	 0.029783 	 0.040594 	 0.043813
   40 	 -0.757174 	 0.030770 	 0.043813
   41 	 -0.249397 	 0.037688 	 0.043813
   42 	 0.019096 	 0.041656 	 0.043838
   43 	 0.039181 	 0.042184 	 0.043837
   44 	 0.029783 	 0.042348 	 0.043833
   45 	 0.039181 	 0.042637 	 0.043795
   46 	 0.039181 	 0.043040 	 0.043813
   47 	 0.039181 	 0.042694 	 0.043795
   48 	 0.039181 	 0.042981 	 0.043795
   49 	 0.039181 	 0.042636 	 0.043795
   50 	 0.025677 	 0.042525 	 0.043795
   51 	 0.039181 	 0.042867 	 0.043795
   52 	 0.039181 	 0.042867 	 0.043820
   53 	 0.014054 	 0.042218 	 0.043795
   54 	 0.035452 	 0.042762 	 0.043795
   55 	 0.035452 	 0.042763 	 0.043843
   56 	 0.035452 	 0.042878 	 0.043802
   57 	 0.035452 	 0.043165 	 0.043802
   58 	 0.035452 	 0.043395 	 0.043802
   59 	 0.012625 	 0.042890 	 0.043802
   60 	 0.035452 	 0.043279 	 0.043795
   61 	 0.010204 	 0.042965 	 0.043846
   62 	 0.010204 	 0.042964 	 0.043802
   63 	 0.039181 	 0.043615 	 0.043850
   64 	 0.039181 	 0.043615 	 0.043850
   65 	 0.039181 	 0.043613 	 0.043795
   66 	 0.039181 	 0.043671 	 0.043795
   67 	 0.039181 	 0.043556 	 0.043795
   68 	 0.039181 	 0.043613 	 0.043795
   69 	 0.039181 	 0.043556 	 0.043795
   70 	 0.039181 	 0.043556 	 0.043795
   71 	 0.039181 	 0.043556 	 0.043795
   72 	 0.039181 	 0.043498 	 0.043795
   73 	 0.039181 	 0.043498 	 0.043795
   74 	 0.017320 	 0.043283 	 0.043795
   75 	 0.039181 	 0.043556 	 0.043795
   76 	 0.039181 	 0.043729 	 0.043837
   77 	 0.039181 	 0.043671 	 0.043795
   78 	 0.039181 	 0.043728 	 0.043795
   79 	 0.043786 	 0.043786 	 0.043795
   80 	 0.035452 	 0.043682 	 0.043795
   81 	 0.035452 	 0.043682 	 0.043786
   82 	 0.035452 	 0.043682 	 0.043802
   83 	 0.035452 	 0.043682 	 0.043802
   84 	 0.012211 	 0.043391 	 0.043802
   85 	 0.012211 	 0.043391 	 0.043802
   86 	 0.043786 	 0.043787 	 0.043846
   87 	 0.043786 	 0.043787 	 0.043846
   88 	 0.043786 	 0.043786 	 0.043786
   89 	 0.043786 	 0.043786 	 0.043786
   90 	 0.013068 	 0.043037 	 0.043786
   91 	 0.043786 	 0.043786 	 0.043786
   92 	 0.043786 	 0.043787 	 0.043845
   93 	 0.043786 	 0.043786 	 0.043786
   94 	 0.043786 	 0.043786 	 0.043786
   95 	 0.043786 	 0.043786 	 0.043786
   96 	 0.043786 	 0.043786 	 0.043786
   97 	 0.043786 	 0.043786 	 0.043786
   98 	 0.043786 	 0.043786 	 0.043786
   99 	 -0.249684 	 0.040117 	 0.043786
  100 	 0.043786 	 0.043786 	 0.043786
  101 	 0.043786 	 0.043793 	 0.044356
  102 	 0.043786 	 0.043786 	 0.043786
  103 	 0.043785 	 0.043786 	 0.043786
  104 	 0.043786 	 0.043786 	 0.043786
  105 	 0.018165 	 0.043465 	 0.043786
  106 	 0.043786 	 0.043786 	 0.043786
  107 	 0.010795 	 0.043374 	 0.043835
  108 	 0.010795 	 0.043373 	 0.043786
  109 	 0.010795 	 0.043374 	 0.043849
  110 	 0.043786 	 0.043787 	 0.043849
  111 	 0.043786 	 0.043787 	 0.043849
  112 	 0.043786 	 0.043786 	 0.043786
  113 	 0.043786 	 0.043786 	 0.043786
  114 	 0.043786 	 0.043786 	 0.043786
  115 	 0.043786 	 0.043786 	 0.043786
  116 	 0.043786 	 0.043786 	 0.043786
  117 	 0.039181 	 0.043728 	 0.043786
  118 	 0.011823 	 0.043271 	 0.043786
  119 	 0.011823 	 0.043271 	 0.043795
  120 	 0.039181 	 0.043729 	 0.043847
  121 	 0.039181 	 0.043729 	 0.043847
  122 	 0.039181 	 0.043728 	 0.043795
  123 	 0.039181 	 0.043671 	 0.043795
  124 	 0.039181 	 0.043671 	 0.043795
  125 	 0.014053 	 0.043299 	 0.043795
  126 	 0.021278 	 0.043447 	 0.043795
  127 	 0.043786 	 0.043787 	 0.043843
  128 	 0.032371 	 0.043586 	 0.043829
  129 	 0.032371 	 0.043586 	 0.043786
  130 	 0.032371 	 0.043501 	 0.043795
  131 	 0.032371 	 0.043643 	 0.043808
  132 	 0.010795 	 0.043374 	 0.043808
  133 	 0.043786 	 0.043786 	 0.043808
  134 	 0.043786 	 0.043787 	 0.043849
  135 	 0.043786 	 0.043786 	 0.043786
  136 	 0.043786 	 0.043786 	 0.043786
  137 	 0.015200 	 0.043428 	 0.043786
  138 	 0.043786 	 0.043786 	 0.043786
  139 	 0.022567 	 0.043521 	 0.043841
  140 	 0.024022 	 0.043539 	 0.043786
  141 	 0.043786 	 0.043786 	 0.043826
  142 	 0.043786 	 0.043786 	 0.043824
  143 	 0.043786 	 0.043786 	 0.043786
  144 	 0.043786 	 0.043786 	 0.043786
  145 	 0.043786 	 0.043786 	 0.043786
  146 	 0.012211 	 0.043391 	 0.043786
  147 	 0.043786 	 0.043786 	 0.043786
  148 	 0.015847 	 0.043437 	 0.043846
  149 	 0.010491 	 0.043370 	 0.043786
 