   0 	 0.001204 	 0.001822 	 0.003282
    1 	 0.001278 	 0.001878 	 0.003372
    2 	 0.001342 	 0.002061 	 0.003531
    3 	 0.001342 	 0.002318 	 0.005867
    4 	 0.001300 	 0.002623 	 0.005867
    5 	 0.001452 	 0.002910 	 0.007527
    6 	 0.001452 	 0.003262 	 0.008373
    7 	 0.001616 	 0.003790 	 0.008373
    8 	 0.001849 	 0.004540 	 0.011829
    9 	 0.001966 	 0.005438 	 0.011829
   10 	 0.002075 	 0.005852 	 0.011465
   11 	 0.002075 	 0.006248 	 0.009936
   12 	 0.003498 	 0.006674 	 0.009677
   13 	 0.003466 	 0.007219 	 0.014613
   14 	 0.003861 	 0.007761 	 0.014061
   15 	 0.004870 	 0.008211 	 0.014060
   16 	 0.004628 	 0.008175 	 0.014061
   17 	 0.004571 	 0.008740 	 0.014061
   18 	 0.005602 	 0.008968 	 0.015856
   19 	 0.005961 	 0.009311 	 0.014612
   20 	 0.006594 	 0.009358 	 0.014612
   21 	 0.005284 	 0.009846 	 0.015856
   22 	 0.005519 	 0.010129 	 0.015856
   23 	 0.005519 	 0.010215 	 0.015855
   24 	 0.006594 	 0.011042 	 0.015856
   25 	 0.006594 	 0.011681 	 0.016559
   26 	 0.006713 	 0.012100 	 0.018176
   27 	 0.008188 	 0.012598 	 0.018177
   28 	 0.008188 	 0.013746 	 0.035496
   29 	 0.008188 	 0.015792 	 0.035492
   30 	 0.007682 	 0.016999 	 0.035496
   31 	 0.008188 	 0.020054 	 0.035497
   32 	 0.009432 	 0.024624 	 0.035497
   33 	 0.010207 	 0.027973 	 0.035497
   34 	 0.010796 	 0.031150 	 0.039232
   35 	 0.014606 	 0.033443 	 0.035494
   36 	 -0.249168 	 0.030720 	 0.106288
   37 	 0.015202 	 0.034671 	 0.106288
   38 	 -0.249166 	 0.033926 	 0.148720
   39 	 -0.249166 	 0.034946 	 0.148720
   40 	 -0.249167 	 0.039903 	 0.148846
   41 	 -0.822521 	 0.077353 	 0.155294
   42 	 -0.249166 	 0.116556 	 0.155294
   43 	 0.105021 	 0.142073 	 0.170473
   44 	 0.104951 	 0.142819 	 0.155294
   45 	 0.105041 	 0.143296 	 0.147198
   46 	 0.105024 	 0.145353 	 0.147199
   47 	 0.105050 	 0.145342 	 0.147197
   48 	 0.016523 	 0.143160 	 0.147198
   49 	 0.146289 	 0.146329 	 0.147197
   50 	 0.039024 	 0.145036 	 0.149140
   51 	 0.039024 	 0.144967 	 0.146309
   52 	 0.146248 	 0.146336 	 0.148642
   53 	 0.027501 	 0.144853 	 0.148642
   54 	 0.146259 	 0.146308 	 0.146310
   55 	 0.146259 	 0.146340 	 0.148897
   56 	 0.146308 	 0.146308 	 0.146310
   57 	 0.146253 	 0.146308 	 0.146310
   58 	 0.146308 	 0.146308 	 0.146308
   59 	 0.146308 	 0.146308 	 0.146310
   60 	 0.146308 	 0.146308 	 0.146308
   61 	 0.146308 	 0.146308 	 0.146308
   62 	 0.146308 	 0.146308 	 0.146308
   63 	 0.146308 	 0.146308 	 0.146308
   64 	 0.146308 	 0.146308 	 0.146308
   65 	 0.146308 	 0.146308 	 0.146308
   66 	 0.146308 	 0.146308 	 0.146308
   67 	 0.146308 	 0.146308 	 0.146308
   68 	 0.011809 	 0.144627 	 0.146308
   69 	 0.146308 	 0.146308 	 0.146308
   70 	 0.146308 	 0.146345 	 0.149245
   71 	 0.146308 	 0.146308 	 0.146308
   72 	 0.146246 	 0.146308 	 0.146308
   73 	 0.146308 	 0.146308 	 0.146308
   74 	 0.146308 	 0.146308 	 0.146310
   75 	 0.146308 	 0.146308 	 0.146308
   76 	 0.016523 	 0.144686 	 0.146308
   77 	 0.146308 	 0.146308 	 0.146308
   78 	 0.081943 	 0.145539 	 0.149140
   79 	 0.146308 	 0.146308 	 0.146308
   80 	 0.146248 	 0.146325 	 0.147699
   81 	 0.146308 	 0.146308 	 0.146308
   82 	 0.146279 	 0.146308 	 0.146310
   83 	 0.146308 	 0.146308 	 0.146308
   84 	 0.146308 	 0.146308 	 0.146309
   85 	 0.146308 	 0.146308 	 0.146308
   86 	 0.014033 	 0.144655 	 0.146308
   87 	 0.146308 	 0.146308 	 0.146308
   88 	 0.146308 	 0.146345 	 0.149196
   89 	 0.146308 	 0.146308 	 0.146308
   90 	 0.023963 	 0.143293 	 0.146308
   91 	 0.023963 	 0.143250 	 0.146308
   92 	 0.146308 	 0.146374 	 0.148975
   93 	 0.146308 	 0.146375 	 0.148975
   94 	 0.146251 	 0.146307 	 0.146308
   95 	 0.146251 	 0.146307 	 0.146308
   96 	 0.049367 	 0.145097 	 0.146310
   97 	 0.146308 	 0.146308 	 0.146310
   98 	 0.018131 	 0.144733 	 0.148413
   99 	 0.146308 	 0.146308 	 0.146308
  100 	 0.146263 	 0.146343 	 0.149105
  101 	 0.146308 	 0.146308 	 0.146308
  102 	 0.146249 	 0.146308 	 0.146309
  103 	 0.146308 	 0.146308 	 0.146308
  104 	 0.146308 	 0.146308 	 0.146310
  105 	 0.146308 	 0.146308 	 0.146308
  106 	 0.017290 	 0.144696 	 0.146308
  107 	 0.014033 	 0.144655 	 0.146308
  108 	 0.146308 	 0.146344 	 0.149123
  109 	 0.146308 	 0.146345 	 0.149196
  110 	 0.014033 	 0.144654 	 0.146308
  111 	 0.014033 	 0.143665 	 0.146308
  112 	 0.146308 	 0.146345 	 0.149196
  113 	 0.146308 	 0.146366 	 0.149196
  114 	 0.146247 	 0.146308 	 0.146308
  115 	 0.043590 	 0.145023 	 0.146308
  116 	 0.032264 	 0.144883 	 0.146310
  117 	 0.146308 	 0.146336 	 0.148541
  118 	 0.146308 	 0.146339 	 0.148791
  119 	 0.014033 	 0.143008 	 0.146308
  120 	 0.146255 	 0.146308 	 0.146308
  121 	 0.146308 	 0.146380 	 0.149196
  122 	 0.146308 	 0.146308 	 0.146310
  123 	 0.146247 	 0.146307 	 0.146308
  124 	 0.146308 	 0.146308 	 0.146308
  125 	 0.146308 	 0.146308 	 0.146310
  126 	 0.146308 	 0.146308 	 0.146308
  127 	 0.013050 	 0.144643 	 0.146308
  128 	 0.146308 	 0.146308 	 0.146308
  129 	 0.146308 	 0.146345 	 0.149218
  130 	 0.146308 	 0.146308 	 0.146308
  131 	 0.146246 	 0.146308 	 0.146308
  132 	 0.014033 	 0.144655 	 0.146308
  133 	 0.146308 	 0.146308 	 0.146310
  134 	 0.146308 	 0.146345 	 0.149196
  135 	 0.146308 	 0.146308 	 0.146308
  136 	 0.105051 	 0.145792 	 0.146308
  137 	 0.146308 	 0.146308 	 0.146308
  138 	 0.021231 	 0.144756 	 0.147197
  139 	 0.146308 	 0.146308 	 0.146308
  140 	 0.032264 	 0.144917 	 0.149036
  141 	 0.146308 	 0.146308 	 0.146308
  142 	 0.025610 	 0.144830 	 0.148791
  143 	 0.146308 	 0.146308 	 0.146308
  144 	 0.023963 	 0.144811 	 0.148939
  145 	 0.146308 	 0.146308 	 0.146308
  146 	 0.146252 	 0.146341 	 0.148975
  147 	 0.146308 	 0.146308 	 0.146308
  148 	 0.146251 	 0.146308 	 0.146310
  149 	 0.020087 	 0.144731 	 0.146308
 