   0 	 0.001212 	 0.001816 	 0.002992
    1 	 0.001265 	 0.001919 	 0.003017
    2 	 0.001252 	 0.002059 	 0.003635
    3 	 0.001352 	 0.002157 	 0.003498
    4 	 0.001333 	 0.002445 	 0.004258
    5 	 0.001419 	 0.002587 	 0.004935
    6 	 0.001721 	 0.002735 	 0.005001
    7 	 0.001602 	 0.003000 	 0.006369
    8 	 0.001753 	 0.003413 	 0.009200
    9 	 0.001935 	 0.004009 	 0.008373
   10 	 0.002087 	 0.004518 	 0.008373
   11 	 0.002475 	 0.004991 	 0.010800
   12 	 0.002596 	 0.005326 	 0.012631
   13 	 0.002596 	 0.005663 	 0.011465
   14 	 0.003144 	 0.006016 	 0.011465
   15 	 0.003226 	 0.006523 	 0.012217
   16 	 0.003226 	 0.007288 	 0.014061
   17 	 0.003226 	 0.008259 	 0.019110
   18 	 0.005360 	 0.010676 	 0.032410
   19 	 0.004870 	 0.013626 	 0.035500
   20 	 -0.247731 	 0.013209 	 0.039233
   21 	 0.006368 	 0.024151 	 0.249135
   22 	 0.008765 	 0.051514 	 0.249259
   23 	 -0.248816 	 0.130167 	 0.249340
   24 	 -0.263092 	 0.188173 	 0.249191
   25 	 0.029787 	 0.227031 	 0.266283
   26 	 0.029798 	 0.227477 	 0.267300
   27 	 0.144163 	 0.231807 	 0.247893
   28 	 0.144178 	 0.234054 	 0.247892
   29 	 0.146353 	 0.234892 	 0.241058
   30 	 0.144416 	 0.234805 	 0.241057
   31 	 0.235556 	 0.235900 	 0.240931
   32 	 0.235556 	 0.235905 	 0.241043
   33 	 0.235563 	 0.235843 	 0.235862
   34 	 0.235557 	 0.235842 	 0.235862
   35 	 0.235845 	 0.235846 	 0.235861
   36 	 0.066767 	 0.233732 	 0.235862
   37 	 0.235845 	 0.235846 	 0.235846
   38 	 0.027433 	 0.233363 	 0.245641
   39 	 0.235846 	 0.235846 	 0.235846
   40 	 0.235302 	 0.235991 	 0.248038
   41 	 0.235846 	 0.235846 	 0.235846
   42 	 0.235170 	 0.235838 	 0.235876
   43 	 0.235846 	 0.235846 	 0.235846
   44 	 0.235844 	 0.235846 	 0.235883
   45 	 0.235846 	 0.235846 	 0.235846
   46 	 0.235844 	 0.235846 	 0.235846
   47 	 0.235846 	 0.235846 	 0.235846
   48 	 0.235846 	 0.235846 	 0.235846
   49 	 0.235846 	 0.235846 	 0.235846
   50 	 0.235846 	 0.235846 	 0.235846
   51 	 0.235846 	 0.235846 	 0.235846
   52 	 0.235846 	 0.235846 	 0.235846
   53 	 0.043421 	 0.233440 	 0.235846
   54 	 0.235846 	 0.235846 	 0.235846
   55 	 0.235846 	 0.235986 	 0.247058
   56 	 0.235846 	 0.235846 	 0.235846
   57 	 0.235224 	 0.235838 	 0.235846
   58 	 0.235846 	 0.235846 	 0.235846
   59 	 0.235846 	 0.235846 	 0.235880
   60 	 0.038888 	 0.233384 	 0.235846
   61 	 0.038888 	 0.230922 	 0.235846
   62 	 0.235846 	 0.235989 	 0.247335
   63 	 0.235846 	 0.236133 	 0.247335
   64 	 0.235208 	 0.235838 	 0.235846
   65 	 0.019026 	 0.233120 	 0.235846
   66 	 0.012182 	 0.233050 	 0.235881
   67 	 0.012182 	 0.233210 	 0.248556
   68 	 0.012182 	 0.233214 	 0.248979
   69 	 0.235141 	 0.236001 	 0.248979
   70 	 0.235117 	 0.236001 	 0.248979
   71 	 0.235117 	 0.235837 	 0.235885
   72 	 0.235117 	 0.235837 	 0.235886
   73 	 0.235844 	 0.235846 	 0.235886
   74 	 0.019026 	 0.230426 	 0.235886
   75 	 0.235844 	 0.235846 	 0.235846
   76 	 0.235844 	 0.236163 	 0.248556
   77 	 0.235846 	 0.235846 	 0.235846
   78 	 0.235141 	 0.235828 	 0.235846
   79 	 0.029614 	 0.233268 	 0.235846
   80 	 0.235846 	 0.235847 	 0.235885
   81 	 0.235846 	 0.235996 	 0.247904
   82 	 0.235844 	 0.235846 	 0.235846
   83 	 0.235177 	 0.235837 	 0.235846
   84 	 0.013035 	 0.230947 	 0.235846
   85 	 0.066767 	 0.233733 	 0.235883
   86 	 0.235846 	 0.236132 	 0.248927
   87 	 0.022469 	 0.233301 	 0.245641
   88 	 0.020050 	 0.233132 	 0.235846
   89 	 0.235302 	 0.235995 	 0.248343
   90 	 0.038888 	 0.233543 	 0.248493
   91 	 0.235153 	 0.235837 	 0.235876
   92 	 0.235144 	 0.235981 	 0.247335
   93 	 0.235844 	 0.235846 	 0.235884
   94 	 0.235208 	 0.235838 	 0.235885
   95 	 0.235844 	 0.235846 	 0.235846
   96 	 0.235844 	 0.235846 	 0.235881
   97 	 0.235846 	 0.235846 	 0.235846
   98 	 0.235844 	 0.235846 	 0.235846
   99 	 0.022469 	 0.233179 	 0.235846
  100 	 0.235846 	 0.235846 	 0.235846
  101 	 0.235846 	 0.236002 	 0.248343
  102 	 0.235846 	 0.235846 	 0.235846
  103 	 0.235153 	 0.235837 	 0.235846
  104 	 0.235846 	 0.235846 	 0.235846
  105 	 0.012594 	 0.230276 	 0.235884
  106 	 0.235846 	 0.235846 	 0.235846
  107 	 0.235844 	 0.236173 	 0.248954
  108 	 0.022469 	 0.233179 	 0.235846
  109 	 0.235119 	 0.235828 	 0.235846
  110 	 0.235846 	 0.236002 	 0.248343
  111 	 0.235846 	 0.235847 	 0.235886
  112 	 0.235153 	 0.235837 	 0.235846
  113 	 0.235844 	 0.235846 	 0.235846
  114 	 0.021191 	 0.233163 	 0.235884
  115 	 0.235846 	 0.235846 	 0.235846
  116 	 0.015799 	 0.233252 	 0.248422
  117 	 0.235846 	 0.235846 	 0.235846
  118 	 0.235148 	 0.235998 	 0.248755
  119 	 0.235846 	 0.235846 	 0.235846
  120 	 0.013035 	 0.233052 	 0.235885
  121 	 0.235846 	 0.235846 	 0.235846
  122 	 0.235844 	 0.236010 	 0.248927
  123 	 0.235846 	 0.235846 	 0.235846
  124 	 0.235120 	 0.235837 	 0.235846
  125 	 0.235846 	 0.235846 	 0.235846
  126 	 0.235846 	 0.235846 	 0.235886
  127 	 0.235846 	 0.235846 	 0.235846
  128 	 0.013035 	 0.233061 	 0.235846
  129 	 0.235846 	 0.235846 	 0.235846
  130 	 0.235846 	 0.236009 	 0.248927
  131 	 0.235846 	 0.235846 	 0.235846
  132 	 0.235120 	 0.235837 	 0.235846
  133 	 0.029614 	 0.233268 	 0.235846
  134 	 0.235846 	 0.235846 	 0.235886
  135 	 0.235846 	 0.235996 	 0.247904
  136 	 0.235844 	 0.235846 	 0.235846
  137 	 0.235177 	 0.235837 	 0.235846
  138 	 0.235846 	 0.235846 	 0.235846
  139 	 0.235846 	 0.235846 	 0.235883
  140 	 0.235846 	 0.235846 	 0.235846
  141 	 0.235844 	 0.235846 	 0.235846
  142 	 0.235846 	 0.235846 	 0.235846
  143 	 0.235846 	 0.235846 	 0.235846
  144 	 0.012594 	 0.233055 	 0.235846
  145 	 0.235846 	 0.235846 	 0.235846
  146 	 0.235846 	 0.236010 	 0.248954
  147 	 0.235846 	 0.235846 	 0.235846
  148 	 0.029614 	 0.230713 	 0.235846
  149 	 0.029614 	 0.233268 	 0.235846
 