   0 	 0.001134 	 0.001712 	 0.003341
    1 	 0.001134 	 0.001878 	 0.003531
    2 	 0.001212 	 0.002083 	 0.003531
    3 	 0.001215 	 0.002258 	 0.004307
    4 	 0.001342 	 0.002520 	 0.005961
    5 	 0.001408 	 0.002872 	 0.005961
    6 	 0.001555 	 0.003113 	 0.008978
    7 	 0.001623 	 0.003654 	 0.008978
    8 	 0.001795 	 0.004631 	 0.018179
    9 	 0.001795 	 0.005498 	 0.013550
   10 	 0.001713 	 0.006277 	 0.014061
   11 	 0.002614 	 0.007214 	 0.022586
   12 	 0.003017 	 0.010880 	 0.149438
   13 	 0.003744 	 0.034718 	 0.149450
   14 	 0.006058 	 0.095495 	 0.149441
   15 	 0.015820 	 0.141081 	 0.149425
   16 	 0.049359 	 0.146206 	 0.149374
   17 	 0.146242 	 0.146423 	 0.149156
   18 	 0.146243 	 0.146311 	 0.148414
   19 	 0.146248 	 0.146306 	 0.146310
   20 	 0.146263 	 0.146308 	 0.146310
   21 	 0.146308 	 0.146308 	 0.146310
   22 	 0.013050 	 0.144643 	 0.146309
   23 	 0.146308 	 0.146308 	 0.146308
   24 	 0.015821 	 0.144714 	 0.149218
   25 	 0.146308 	 0.146308 	 0.146308
   26 	 0.146246 	 0.146343 	 0.149156
   27 	 0.146308 	 0.146308 	 0.146308
   28 	 0.146248 	 0.146308 	 0.146310
   29 	 0.146308 	 0.146308 	 0.146308
   30 	 0.146308 	 0.146308 	 0.146310
   31 	 0.146308 	 0.146308 	 0.146308
   32 	 0.016523 	 0.144686 	 0.146308
   33 	 0.146308 	 0.146308 	 0.146308
   34 	 0.146308 	 0.146344 	 0.149140
   35 	 0.146308 	 0.146308 	 0.146308
   36 	 0.146248 	 0.146308 	 0.146308
   37 	 0.146308 	 0.146308 	 0.146308
   38 	 0.146308 	 0.146308 	 0.146310
   39 	 0.146308 	 0.146308 	 0.146308
   40 	 0.146308 	 0.146308 	 0.146308
   41 	 0.146308 	 0.146308 	 0.146308
   42 	 0.146308 	 0.146308 	 0.146308
   43 	 0.146308 	 0.146308 	 0.146308
   44 	 0.146308 	 0.146308 	 0.146308
   45 	 0.146308 	 0.146308 	 0.146308
   46 	 0.146308 	 0.146308 	 0.146308
   47 	 0.146308 	 0.146308 	 0.146308
   48 	 0.020087 	 0.144731 	 0.146308
   49 	 0.146308 	 0.146308 	 0.146308
   50 	 0.022514 	 0.144280 	 0.149061
   51 	 0.146308 	 0.146308 	 0.146308
   52 	 0.146250 	 0.146353 	 0.149007
   53 	 0.146308 	 0.146308 	 0.146308
   54 	 0.018131 	 0.144705 	 0.146310
   55 	 0.146308 	 0.146308 	 0.146308
   56 	 0.014583 	 0.143239 	 0.149105
   57 	 0.146308 	 0.146308 	 0.146308
   58 	 0.146249 	 0.146375 	 0.149184
   59 	 0.146308 	 0.146308 	 0.146308
   60 	 0.146247 	 0.146307 	 0.146310
   61 	 0.146308 	 0.146308 	 0.146308
   62 	 0.023963 	 0.144779 	 0.146310
   63 	 0.146308 	 0.146308 	 0.146308
   64 	 0.146308 	 0.146342 	 0.148975
   65 	 0.146308 	 0.146308 	 0.146308
   66 	 0.146251 	 0.146308 	 0.146308
   67 	 0.146308 	 0.146308 	 0.146308
   68 	 0.146308 	 0.146308 	 0.146310
   69 	 0.021231 	 0.144745 	 0.146308
   70 	 0.146308 	 0.146308 	 0.146308
   71 	 0.146308 	 0.146343 	 0.149036
   72 	 0.146308 	 0.146308 	 0.146308
   73 	 0.146250 	 0.146308 	 0.146308
   74 	 0.011809 	 0.143005 	 0.146308
   75 	 0.146308 	 0.146308 	 0.146310
   76 	 0.146308 	 0.146381 	 0.149245
   77 	 0.015177 	 0.144669 	 0.146308
   78 	 0.015177 	 0.144668 	 0.146308
   79 	 0.105051 	 0.145828 	 0.149170
   80 	 0.146308 	 0.146344 	 0.149170
   81 	 0.146247 	 0.146319 	 0.147197
   82 	 0.146247 	 0.146308 	 0.146308
   83 	 0.146289 	 0.146308 	 0.146310
   84 	 0.105051 	 0.145793 	 0.146310
   85 	 0.105051 	 0.145793 	 0.146309
   86 	 0.105051 	 0.145288 	 0.147197
   87 	 0.049367 	 0.143561 	 0.147197
   88 	 0.105051 	 0.145299 	 0.147197
   89 	 0.105051 	 0.145852 	 0.148413
   90 	 0.105051 	 0.145299 	 0.147197
   91 	 0.014033 	 0.143633 	 0.147197
   92 	 0.105051 	 0.145814 	 0.147197
   93 	 0.017290 	 0.144238 	 0.149196
   94 	 0.105051 	 0.145803 	 0.147197
   95 	 0.105051 	 0.145322 	 0.149123
   96 	 0.105051 	 0.145288 	 0.147197
   97 	 0.022514 	 0.144782 	 0.147197
   98 	 0.146289 	 0.146330 	 0.147197
   99 	 0.146289 	 0.146342 	 0.149007
  100 	 0.146289 	 0.146308 	 0.146309
  101 	 0.146251 	 0.146308 	 0.146309
  102 	 0.146308 	 0.146308 	 0.146309
  103 	 0.146308 	 0.146308 	 0.146310
  104 	 0.023963 	 0.144779 	 0.146308
  105 	 0.146308 	 0.146308 	 0.146308
  106 	 0.146308 	 0.146342 	 0.148975
  107 	 0.146308 	 0.146308 	 0.146308
  108 	 0.146251 	 0.146308 	 0.146308
  109 	 0.019059 	 0.144718 	 0.146308
  110 	 0.146308 	 0.146308 	 0.146310
  111 	 0.146308 	 0.146343 	 0.149084
  112 	 0.146308 	 0.146308 	 0.146308
  113 	 0.146249 	 0.146308 	 0.146308
  114 	 0.146308 	 0.146308 	 0.146308
  115 	 0.146308 	 0.146308 	 0.146310
  116 	 0.022514 	 0.144761 	 0.146308
  117 	 0.146308 	 0.146308 	 0.146308
  118 	 0.146308 	 0.146342 	 0.149007
  119 	 0.146308 	 0.146308 	 0.146308
  120 	 0.146251 	 0.146308 	 0.146308
  121 	 0.146308 	 0.146308 	 0.146308
  122 	 0.146308 	 0.146308 	 0.146310
  123 	 0.146308 	 0.146308 	 0.146308
  124 	 0.146308 	 0.146308 	 0.146308
  125 	 0.146308 	 0.146308 	 0.146308
  126 	 0.146308 	 0.146308 	 0.146308
  127 	 0.146308 	 0.146308 	 0.146308
  128 	 0.146308 	 0.146308 	 0.146308
  129 	 0.146308 	 0.146308 	 0.146308
  130 	 0.146308 	 0.146308 	 0.146308
  131 	 0.029693 	 0.144851 	 0.146308
  132 	 0.146308 	 0.146308 	 0.146308
  133 	 0.146308 	 0.146340 	 0.148848
  134 	 0.146308 	 0.146308 	 0.146308
  135 	 0.146254 	 0.146308 	 0.146308
  136 	 0.014583 	 0.143378 	 0.146308
  137 	 0.146308 	 0.146308 	 0.146310
  138 	 0.013524 	 0.143135 	 0.149184
  139 	 0.146308 	 0.146308 	 0.146308
  140 	 0.146247 	 0.146378 	 0.149207
  141 	 0.146308 	 0.146308 	 0.146308
  142 	 0.146246 	 0.146307 	 0.146310
  143 	 0.146308 	 0.146308 	 0.146308
  144 	 0.146308 	 0.146308 	 0.146310
  145 	 0.105051 	 0.145793 	 0.146308
  146 	 0.146308 	 0.146308 	 0.146308
  147 	 0.146308 	 0.146320 	 0.147197
  148 	 0.146308 	 0.146308 	 0.146308
  149 	 0.146289 	 0.146308 	 0.146308
 