   0 	 0.001256 	 0.001828 	 0.002729
    1 	 0.001204 	 0.001830 	 0.002614
    2 	 0.001200 	 0.001936 	 0.002770
    3 	 0.001296 	 0.002126 	 0.005069
    4 	 0.001499 	 0.002289 	 0.004357
    5 	 0.001377 	 0.002516 	 0.004258
    6 	 0.001333 	 0.002773 	 0.005139
    7 	 0.001511 	 0.003088 	 0.005139
    8 	 0.001589 	 0.003285 	 0.005139
    9 	 0.001589 	 0.003446 	 0.005776
   10 	 0.002053 	 0.003562 	 0.005603
   11 	 0.002265 	 0.003766 	 0.006594
   12 	 0.002293 	 0.004163 	 0.007844
   13 	 0.002336 	 0.004312 	 0.007844
   14 	 0.002336 	 0.004604 	 0.006964
   15 	 0.002336 	 0.004952 	 0.009433
   16 	 0.002877 	 0.005413 	 0.010496
   17 	 0.003171 	 0.005478 	 0.009433
   18 	 0.003282 	 0.005864 	 0.010208
   19 	 0.003282 	 0.006797 	 0.021294
   20 	 0.003707 	 0.007761 	 0.021295
   21 	 0.003707 	 0.009455 	 0.021296
   22 	 0.005284 	 0.013060 	 0.035497
   23 	 0.005602 	 0.018703 	 0.106626
   24 	 0.008188 	 0.032154 	 0.106623
   25 	 -0.248816 	 0.037681 	 0.106621
   26 	 -0.248289 	 0.077175 	 0.106597
   27 	 -0.247685 	 0.093469 	 0.109600
   28 	 0.057288 	 0.105209 	 0.109593
   29 	 0.105457 	 0.105639 	 0.109586
   30 	 0.018144 	 0.104414 	 0.106042
   31 	 0.105457 	 0.105501 	 0.105503
   32 	 0.105497 	 0.105515 	 0.106484
   33 	 0.021250 	 0.104450 	 0.105503
   34 	 0.105492 	 0.105503 	 0.105503
   35 	 0.105503 	 0.105515 	 0.106449
   36 	 0.105503 	 0.105503 	 0.105503
   37 	 0.105492 	 0.105503 	 0.105503
   38 	 0.105503 	 0.105503 	 0.105503
   39 	 0.105503 	 0.105503 	 0.105503
   40 	 0.105503 	 0.105503 	 0.105503
   41 	 0.105503 	 0.105503 	 0.105503
   42 	 0.105503 	 0.105503 	 0.105503
   43 	 0.013057 	 0.104347 	 0.105503
   44 	 0.105503 	 0.105503 	 0.105503
   45 	 0.105503 	 0.105516 	 0.106542
   46 	 0.105503 	 0.105503 	 0.105503
   47 	 0.105491 	 0.105503 	 0.105503
   48 	 0.105503 	 0.105503 	 0.105503
   49 	 0.105503 	 0.105503 	 0.105503
   50 	 0.105503 	 0.105503 	 0.105503
   51 	 0.105503 	 0.105503 	 0.105503
   52 	 0.105503 	 0.105503 	 0.105503
   53 	 0.105503 	 0.105503 	 0.105503
   54 	 0.105503 	 0.105503 	 0.105503
   55 	 0.105503 	 0.105503 	 0.105503
   56 	 0.105503 	 0.105503 	 0.105503
   57 	 0.105503 	 0.105503 	 0.105503
   58 	 0.105503 	 0.105503 	 0.105503
   59 	 0.105503 	 0.105503 	 0.105503
   60 	 0.105503 	 0.105503 	 0.105503
   61 	 0.105503 	 0.105503 	 0.105503
   62 	 0.105503 	 0.105503 	 0.105503
   63 	 0.105503 	 0.105503 	 0.105503
   64 	 0.105503 	 0.105503 	 0.105503
   65 	 0.105503 	 0.105503 	 0.105503
   66 	 0.105503 	 0.105503 	 0.105503
   67 	 0.105503 	 0.105503 	 0.105503
   68 	 0.105503 	 0.105503 	 0.105503
   69 	 0.105503 	 0.105503 	 0.105503
   70 	 0.017302 	 0.104400 	 0.105503
   71 	 0.105503 	 0.105503 	 0.105503
   72 	 0.105503 	 0.105515 	 0.106494
   73 	 0.105503 	 0.105503 	 0.105503
   74 	 0.023986 	 0.104484 	 0.105503
   75 	 0.025637 	 0.104504 	 0.105503
   76 	 0.105503 	 0.105514 	 0.106418
   77 	 0.105503 	 0.105514 	 0.106399
   78 	 0.013531 	 0.104353 	 0.105503
   79 	 0.105493 	 0.105503 	 0.105503
   80 	 0.105503 	 0.105516 	 0.106537
   81 	 0.067353 	 0.105026 	 0.105503
   82 	 0.012202 	 0.104336 	 0.105503
   83 	 0.105503 	 0.105508 	 0.105929
   84 	 0.105503 	 0.105516 	 0.106552
   85 	 0.105498 	 0.105503 	 0.105503
   86 	 0.017302 	 0.104400 	 0.105503
   87 	 0.105503 	 0.105503 	 0.105503
   88 	 0.105503 	 0.105515 	 0.106494
   89 	 0.105503 	 0.105503 	 0.105503
   90 	 0.105492 	 0.105503 	 0.105503
   91 	 0.105503 	 0.105503 	 0.105503
   92 	 0.105503 	 0.105503 	 0.105503
   93 	 0.105503 	 0.105503 	 0.105503
   94 	 0.105503 	 0.105503 	 0.105503
   95 	 0.105503 	 0.105503 	 0.105503
   96 	 0.105503 	 0.105503 	 0.105503
   97 	 0.105503 	 0.105503 	 0.105503
   98 	 0.105503 	 0.105503 	 0.105503
   99 	 0.105503 	 0.105503 	 0.105503
  100 	 0.105503 	 0.105503 	 0.105503
  101 	 0.105503 	 0.105503 	 0.105503
  102 	 0.015186 	 0.103321 	 0.105503
  103 	 0.105503 	 0.105503 	 0.105503
  104 	 0.105503 	 0.105527 	 0.106518
  105 	 0.105503 	 0.105503 	 0.105503
  106 	 0.105491 	 0.105502 	 0.105503
  107 	 0.012615 	 0.104342 	 0.105503
  108 	 0.011815 	 0.104332 	 0.105503
  109 	 0.105503 	 0.105516 	 0.106547
  110 	 0.011815 	 0.104345 	 0.106556
  111 	 0.105491 	 0.105503 	 0.105503
  112 	 0.105491 	 0.105516 	 0.106556
  113 	 0.016534 	 0.103914 	 0.105503
  114 	 0.067353 	 0.105026 	 0.105503
  115 	 0.105503 	 0.105521 	 0.106502
  116 	 0.105503 	 0.105508 	 0.105929
  117 	 0.105492 	 0.105503 	 0.105503
  118 	 0.105498 	 0.105503 	 0.105503
  119 	 0.105503 	 0.105503 	 0.105503
  120 	 0.105503 	 0.105503 	 0.105503
  121 	 0.025637 	 0.104504 	 0.105503
  122 	 0.105503 	 0.105503 	 0.105503
  123 	 0.105503 	 0.105514 	 0.106399
  124 	 0.022535 	 0.104466 	 0.105503
  125 	 0.105493 	 0.105503 	 0.105503
  126 	 0.105503 	 0.105514 	 0.106434
  127 	 0.039086 	 0.104673 	 0.105503
  128 	 0.105492 	 0.105503 	 0.105503
  129 	 0.105503 	 0.105512 	 0.106247
  130 	 0.105503 	 0.105503 	 0.105503
  131 	 0.105494 	 0.105503 	 0.105503
  132 	 0.105503 	 0.105503 	 0.105503
  133 	 0.019074 	 0.104422 	 0.105503
  134 	 0.019074 	 0.103355 	 0.105503
  135 	 0.105503 	 0.105515 	 0.106474
  136 	 0.105503 	 0.105527 	 0.106474
  137 	 0.082218 	 0.105212 	 0.105503
  138 	 0.082218 	 0.105211 	 0.105503
  139 	 0.082218 	 0.105215 	 0.105763
  140 	 0.082376 	 0.105214 	 0.105503
  141 	 0.082218 	 0.105215 	 0.105763
  142 	 0.012202 	 0.104049 	 0.105761
  143 	 0.082218 	 0.105215 	 0.105763
  144 	 0.105500 	 0.105519 	 0.106552
  145 	 0.015186 	 0.104377 	 0.105763
  146 	 0.105491 	 0.105503 	 0.105503
  147 	 0.039086 	 0.104079 	 0.106518
  148 	 0.105503 	 0.105503 	 0.105503
  149 	 0.105491 	 0.105519 	 0.106247
 