   0 	 0.001039 	 0.001829 	 0.003671
    1 	 0.001088 	 0.001811 	 0.003671
    2 	 0.001045 	 0.001843 	 0.003341
    3 	 0.001008 	 0.001967 	 0.003635
    4 	 0.001120 	 0.002116 	 0.003744
    5 	 0.001274 	 0.002248 	 0.005069
    6 	 0.001291 	 0.002392 	 0.005211
    7 	 0.001398 	 0.002699 	 0.006713
    8 	 0.001481 	 0.003022 	 0.006713
    9 	 0.001481 	 0.003603 	 0.010800
   10 	 0.001481 	 0.004202 	 0.010800
   11 	 0.001761 	 0.004452 	 0.012631
   12 	 0.002008 	 0.004640 	 0.010800
   13 	 0.002509 	 0.005457 	 0.011122
   14 	 0.002350 	 0.006075 	 0.024044
   15 	 0.002443 	 0.007702 	 0.039244
   16 	 0.002922 	 0.012818 	 0.039243
   17 	 0.002992 	 0.019525 	 0.043862
   18 	 0.003225 	 0.025710 	 0.248952
   19 	 0.004870 	 0.053077 	 0.753526
   20 	 0.006963 	 0.226426 	 0.753445
   21 	 -0.247463 	 0.393297 	 0.751844
   22 	 0.011433 	 0.461078 	 0.753681
   23 	 0.013073 	 0.451791 	 0.932491
   24 	 -0.301838 	 0.374124 	 0.751150
   25 	 -0.282654 	 0.411833 	 0.750226
   26 	 0.012630 	 0.402358 	 0.982298
   27 	 -0.286104 	 0.424438 	 0.964129
   28 	 0.006928 	 0.425224 	 0.750475
   29 	 -0.303019 	 0.438382 	 0.753681
   30 	 -0.302178 	 0.450787 	 0.753700
   31 	 0.012137 	 0.445366 	 0.983439
   32 	 0.007651 	 0.456427 	 0.982626
   33 	 0.009385 	 0.430216 	 0.750295
   34 	 0.011393 	 0.457173 	 0.751709
   35 	 -0.248654 	 0.467476 	 0.750228
   36 	 0.009390 	 0.460350 	 0.750271
   37 	 -0.302529 	 0.449745 	 0.933528
   38 	 0.012993 	 0.443241 	 0.752305
   39 	 0.012981 	 0.477837 	 0.982965
   40 	 -0.284846 	 0.418088 	 0.750033
   41 	 -0.284848 	 0.370995 	 0.750278
   42 	 0.008526 	 0.420703 	 0.966171
   43 	 0.007982 	 0.485627 	 0.966173
   44 	 -0.302808 	 0.430468 	 0.750540
   45 	 0.007209 	 0.444206 	 0.753102
   46 	 0.009882 	 0.416835 	 0.983235
   47 	 -0.261185 	 0.412277 	 0.753541
   48 	 0.011401 	 0.473878 	 0.752026
   49 	 -0.284847 	 0.512814 	 0.753291
   50 	 -0.276652 	 0.414771 	 0.750276
   51 	 -0.286187 	 0.406929 	 0.752267
   52 	 -0.756429 	 0.456532 	 0.751842
   53 	 0.011055 	 0.410132 	 0.967425
   54 	 0.007651 	 0.435148 	 1.774843
   55 	 0.009889 	 0.476317 	 0.751363
   56 	 0.008335 	 0.471134 	 0.753290
   57 	 0.011755 	 0.450600 	 0.752022
   58 	 -0.284480 	 0.419116 	 0.752902
   59 	 -0.303322 	 0.409536 	 0.750968
   60 	 -0.284829 	 0.457202 	 0.965829
   61 	 -0.284848 	 0.450468 	 0.752307
   62 	 0.008936 	 0.426265 	 0.966156
   63 	 -0.280504 	 0.427108 	 0.934120
   64 	 0.007496 	 0.379221 	 0.752562
   65 	 -0.282319 	 0.392930 	 0.962135
   66 	 0.012993 	 0.426797 	 0.753378
   67 	 0.007497 	 0.466604 	 0.963818
   68 	 0.008526 	 0.433861 	 0.750271
   69 	 -0.247805 	 0.378854 	 0.753378
   70 	 0.008157 	 0.442245 	 0.752794
   71 	 -0.280748 	 0.452178 	 0.750227
   72 	 0.004447 	 0.419169 	 0.753003
   73 	 -0.302859 	 0.357932 	 0.962361
   74 	 -0.303020 	 0.415689 	 0.749728
   75 	 0.012547 	 0.463874 	 0.983284
   76 	 0.009628 	 0.442525 	 0.966275
   77 	 0.013923 	 0.428839 	 0.750522
   78 	 -0.284957 	 0.452276 	 0.752170
   79 	 -0.276654 	 0.474564 	 0.749748
   80 	 0.009677 	 0.437053 	 0.966275
   81 	 -0.280757 	 0.463351 	 0.958584
   82 	 -0.284815 	 0.413380 	 0.751362
   83 	 -0.284856 	 0.341772 	 0.752317
   84 	 -0.280972 	 0.414665 	 0.751883
   85 	 0.008012 	 0.457724 	 0.966181
   86 	 -0.248459 	 0.427392 	 0.962569
   87 	 0.007209 	 0.449434 	 0.750012
   88 	 0.010736 	 0.442642 	 0.933358
   89 	 -0.280556 	 0.411423 	 0.753541
   90 	 0.011032 	 0.449636 	 0.749093
   91 	 0.013956 	 0.487776 	 0.962183
   92 	 -0.280417 	 0.451845 	 0.751377
   93 	 0.012949 	 0.417690 	 0.749729
   94 	 -0.280478 	 0.473581 	 0.962055
   95 	 -0.280552 	 0.438414 	 0.750296
   96 	 -0.303161 	 0.416488 	 0.962111
   97 	 -0.280634 	 0.436041 	 0.962180
   98 	 -0.280554 	 0.466217 	 0.983577
   99 	 0.007349 	 0.492160 	 0.962256
  100 	 0.007639 	 0.398720 	 0.962083
  101 	 -0.247433 	 0.402309 	 0.753005
  102 	 -0.280526 	 0.438761 	 0.753297
  103 	 -0.280876 	 0.466620 	 0.932465
  104 	 -0.284958 	 0.454094 	 0.962156
  105 	 0.007207 	 0.415589 	 0.962479
  106 	 0.012546 	 0.441054 	 0.966276
  107 	 0.007841 	 0.443489 	 0.753446
  108 	 -0.302848 	 0.447662 	 0.750522
  109 	 -0.303205 	 0.392822 	 0.753182
  110 	 0.008370 	 0.452409 	 0.752802
  111 	 -0.284960 	 0.418228 	 0.983619
  112 	 0.007811 	 0.492862 	 0.752882
  113 	 -0.280434 	 0.405626 	 0.966278
  114 	 -0.284478 	 0.447603 	 0.753199
  115 	 0.006562 	 0.469658 	 0.962071
  116 	 0.005776 	 0.431452 	 0.749959
  117 	 0.009385 	 0.473630 	 0.753909
  118 	 0.009385 	 0.416958 	 0.749729
  119 	 0.008153 	 0.395350 	 0.752307
  120 	 0.008187 	 0.439725 	 0.752307
  121 	 0.010718 	 0.457256 	 0.753005
  122 	 -0.284856 	 0.433328 	 0.752281
  123 	 0.007798 	 0.431824 	 0.751167
  124 	 -0.303186 	 0.424092 	 0.752142
  125 	 0.006233 	 0.452417 	 0.753206
  126 	 -0.248353 	 0.449344 	 0.983600
  127 	 -0.248655 	 0.419978 	 0.754095
  128 	 0.012121 	 0.432529 	 0.752437
  129 	 -0.299907 	 0.443025 	 0.933529
  130 	 -0.248434 	 0.452649 	 0.750762
  131 	 -0.284955 	 0.444880 	 0.750296
  132 	 0.008936 	 0.453371 	 0.933336
  133 	 -0.249400 	 0.424385 	 0.754091
  134 	 0.010776 	 0.396342 	 0.752562
  135 	 0.015043 	 0.445083 	 0.934178
  136 	 0.007843 	 0.456787 	 0.751521
  137 	 -0.285912 	 0.471528 	 0.749119
  138 	 0.008710 	 0.457911 	 0.753181
  139 	 -0.280472 	 0.392509 	 0.967167
  140 	 0.007650 	 0.428309 	 0.752689
  141 	 -0.287208 	 0.428863 	 0.752571
  142 	 -0.248352 	 0.443565 	 0.753291
  143 	 -0.248974 	 0.454596 	 0.968381
  144 	 -1.234713 	 0.423969 	 0.933265
  145 	 0.008940 	 0.423693 	 0.933807
  146 	 -0.302794 	 0.576907 	 11.744492
  147 	 0.010159 	 0.459570 	 0.752560
  148 	 0.006241 	 0.391695 	 0.983221
  149 	 -0.284852 	 0.413865 	 0.751870
 