   0 	 0.001107 	 0.001805 	 0.003402
    1 	 0.001101 	 0.001928 	 0.003341
    2 	 0.001152 	 0.001981 	 0.003341
    3 	 0.001141 	 0.002072 	 0.003901
    4 	 0.001141 	 0.002123 	 0.003782
    5 	 0.001141 	 0.002313 	 0.003901
    6 	 0.001141 	 0.002594 	 0.010496
    7 	 0.001141 	 0.003050 	 0.011123
    8 	 0.001240 	 0.003757 	 0.011123
    9 	 0.001240 	 0.004557 	 0.011123
   10 	 0.001840 	 0.005815 	 0.015855
   11 	 0.002185 	 0.006531 	 0.019111
   12 	 0.002690 	 0.006962 	 0.021295
   13 	 0.002459 	 0.007662 	 0.017330
   14 	 0.003371 	 0.009224 	 0.022587
   15 	 0.003821 	 0.009884 	 0.022585
   16 	 0.004117 	 0.011171 	 0.035496
   17 	 0.003434 	 0.012301 	 0.067777
   18 	 0.004258 	 0.013841 	 0.035491
   19 	 0.004628 	 0.025871 	 0.743190
   20 	 -0.746941 	 0.211888 	 0.755009
   21 	 0.006964 	 0.486512 	 0.754592
   22 	 0.009935 	 0.533732 	 1.745451
   23 	 0.006562 	 0.400675 	 0.753680
   24 	 0.006814 	 0.420480 	 0.751134
   25 	 0.007352 	 0.466608 	 0.753908
   26 	 0.009153 	 0.446020 	 0.753528
   27 	 0.008730 	 0.450055 	 0.753460
   28 	 -0.286198 	 0.412240 	 0.750964
   29 	 -0.301652 	 0.401978 	 0.752678
   30 	 0.010796 	 0.402134 	 0.967435
   31 	 0.008725 	 0.480988 	 0.982119
   32 	 0.012514 	 0.456889 	 0.751509
   33 	 0.006811 	 0.462717 	 0.752681
   34 	 0.012547 	 0.440427 	 0.750541
   35 	 -0.286189 	 0.449106 	 0.752776
   36 	 0.012555 	 0.415188 	 0.750522
   37 	 0.008525 	 0.427901 	 0.967427
   38 	 0.010438 	 0.458730 	 0.750271
   39 	 -0.286203 	 0.403027 	 0.750278
   40 	 0.012616 	 0.416674 	 0.751712
   41 	 0.012514 	 0.452052 	 0.967440
   42 	 -0.303020 	 0.477688 	 0.750483
   43 	 -0.286162 	 0.432408 	 0.750540
   44 	 -0.284856 	 0.416700 	 0.983440
   45 	 -0.280495 	 0.386995 	 0.932791
   46 	 0.010739 	 0.430218 	 0.966181
   47 	 0.007207 	 0.461467 	 0.962126
   48 	 -0.284492 	 0.437105 	 0.751542
   49 	 -0.298930 	 0.427805 	 0.753542
   50 	 0.008977 	 0.446798 	 0.965841
   51 	 -0.280448 	 0.420946 	 0.751885
   52 	 -0.284815 	 0.444868 	 0.752538
   53 	 -0.302906 	 0.409118 	 0.962083
   54 	 0.007377 	 0.364542 	 0.966143
   55 	 0.012138 	 0.499149 	 0.983330
   56 	 0.012215 	 0.494989 	 0.753445
   57 	 0.006573 	 0.376614 	 0.750752
   58 	 0.013414 	 0.445233 	 0.750709
   59 	 -0.299771 	 0.462252 	 0.753902
   60 	 0.006479 	 0.413355 	 0.749121
   61 	 -0.286143 	 0.414604 	 0.980308
   62 	 0.007198 	 0.457459 	 0.753376
   63 	 -0.280423 	 0.360828 	 0.967384
   64 	 -0.248540 	 0.410051 	 0.751169
   65 	 0.011402 	 0.456901 	 0.962060
   66 	 0.009199 	 0.479216 	 0.933429
   67 	 0.007842 	 0.412988 	 0.751167
   68 	 0.008525 	 0.397825 	 0.752413
   69 	 0.012513 	 0.504427 	 0.753182
   70 	 -0.280503 	 0.370176 	 0.752794
   71 	 0.012619 	 0.403895 	 0.750541
   72 	 -0.284465 	 0.416693 	 0.962134
   73 	 -0.301380 	 0.432573 	 0.750481
   74 	 0.010776 	 0.432327 	 0.965816
   75 	 0.008561 	 0.444383 	 0.981856
   76 	 -0.248139 	 0.408597 	 0.751521
   77 	 -0.280539 	 0.394354 	 0.750273
   78 	 -0.302065 	 0.447419 	 0.933079
   79 	 -0.284847 	 0.470144 	 0.962167
   80 	 -0.302895 	 0.431214 	 0.750524
   81 	 0.008549 	 0.487617 	 0.966173
   82 	 0.013452 	 0.408885 	 0.983319
   83 	 0.008940 	 0.427554 	 0.752781
   84 	 -0.251842 	 0.421431 	 0.749959
   85 	 0.011730 	 0.503787 	 0.752559
   86 	 0.006594 	 0.461944 	 0.936315
   87 	 -0.284856 	 0.419252 	 0.750982
   88 	 -0.247807 	 0.444346 	 0.753890
   89 	 -0.247947 	 0.456607 	 0.966181
   90 	 -0.249676 	 0.467500 	 0.932791
   91 	 -0.286182 	 0.422922 	 0.932912
   92 	 -0.284847 	 0.404441 	 0.934420
   93 	 -0.284857 	 0.421019 	 0.967420
   94 	 -0.286020 	 0.438294 	 0.966172
   95 	 -0.284847 	 0.423741 	 0.752304
   96 	 0.008970 	 0.438940 	 0.967269
   97 	 0.011752 	 0.450622 	 0.966172
   98 	 -0.247751 	 0.444496 	 0.752542
   99 	 -0.284818 	 0.450911 	 0.750970
  100 	 -0.253295 	 0.431280 	 0.932742
  101 	 -0.302688 	 0.393627 	 0.753184
  102 	 0.008335 	 0.440842 	 0.937590
  103 	 -0.301657 	 0.412936 	 0.752437
  104 	 -0.294161 	 0.435762 	 0.752902
  105 	 0.012629 	 0.438395 	 0.982123
  106 	 0.009431 	 0.417911 	 0.974946
  107 	 -0.280526 	 0.407909 	 0.750476
  108 	 -0.284816 	 0.428887 	 0.752281
  109 	 0.010715 	 0.456911 	 0.962156
  110 	 -0.284956 	 0.409914 	 0.751362
  111 	 0.010153 	 0.440068 	 0.751555
  112 	 0.013072 	 0.431170 	 0.752690
  113 	 0.011761 	 0.465322 	 0.751873
  114 	 -0.284958 	 0.445724 	 0.750226
  115 	 -0.247703 	 0.396157 	 0.750476
  116 	 -0.284856 	 0.468974 	 0.966276
  117 	 0.011498 	 0.424679 	 0.752567
  118 	 0.010744 	 0.384205 	 0.750278
  119 	 0.008711 	 0.404820 	 0.750522
  120 	 0.009370 	 0.435032 	 0.750541
  121 	 0.011827 	 0.422537 	 0.749967
  122 	 0.009866 	 0.407522 	 0.752316
  123 	 -0.280636 	 0.387029 	 0.750928
  124 	 0.008512 	 0.452545 	 0.751362
  125 	 -0.286178 	 0.417561 	 0.752902
  126 	 0.011462 	 0.451103 	 0.752142
  127 	 -0.286162 	 0.428958 	 0.967416
  128 	 0.006347 	 0.475607 	 0.751134
  129 	 -0.282322 	 0.450579 	 0.967401
  130 	 0.008726 	 0.397209 	 0.754030
  131 	 -0.280800 	 0.423021 	 0.752025
  132 	 -0.248353 	 0.407672 	 0.752680
  133 	 0.014566 	 0.434140 	 0.962409
  134 	 0.007978 	 0.468994 	 0.933266
  135 	 0.008188 	 0.376217 	 0.748765
  136 	 -0.284958 	 0.393054 	 0.753104
  137 	 -0.286182 	 0.432428 	 0.750226
  138 	 -0.294063 	 0.427414 	 0.751712
  139 	 0.004988 	 0.463147 	 0.967420
  140 	 0.008766 	 0.425052 	 0.962196
  141 	 -0.284947 	 0.382608 	 0.754804
  142 	 0.012951 	 0.465304 	 0.752658
  143 	 0.011121 	 0.488685 	 0.966266
  144 	 -0.303052 	 0.405350 	 0.750295
  145 	 0.007798 	 0.394800 	 0.751326
  146 	 0.008565 	 0.449689 	 0.983471
  147 	 0.010738 	 0.389096 	 0.753206
  148 	 -0.284959 	 0.438559 	 0.752772
  149 	 -0.280466 	 0.397450 	 0.751542
 