   0 	 0.001155 	 0.001955 	 0.007378
    1 	 0.001134 	 0.002180 	 0.005439
    2 	 0.001278 	 0.002398 	 0.005439
    3 	 0.001425 	 0.002548 	 0.005961
    4 	 0.001430 	 0.002815 	 0.005961
    5 	 0.001393 	 0.002860 	 0.006058
    6 	 0.001493 	 0.003081 	 0.006262
    7 	 0.001487 	 0.003555 	 0.012631
    8 	 0.001787 	 0.004437 	 0.012631
    9 	 0.001925 	 0.005439 	 0.012631
   10 	 0.001822 	 0.006329 	 0.014062
   11 	 0.001831 	 0.007451 	 0.035504
   12 	 0.003144 	 0.010132 	 0.043857
   13 	 0.003341 	 0.017594 	 0.106633
   14 	 0.004072 	 0.025068 	 0.106646
   15 	 -0.247337 	 0.030629 	 0.106571
   16 	 -0.249168 	 0.034119 	 0.149140
   17 	 0.010799 	 0.060773 	 0.248551
   18 	 -0.256429 	 0.052792 	 0.246675
   19 	 -0.250047 	 0.075795 	 0.248147
   20 	 0.008562 	 0.091103 	 0.266345
   21 	 -0.740219 	 0.115119 	 0.266371
   22 	 0.006959 	 0.148075 	 0.249025
   23 	 -0.247784 	 0.129182 	 0.266626
   24 	 -0.262872 	 0.155318 	 0.249304
   25 	 -0.793333 	 0.168461 	 0.266210
   26 	 0.009411 	 0.177299 	 0.267284
   27 	 0.012182 	 0.178174 	 0.311441
   28 	 0.007998 	 0.151485 	 0.248980
   29 	 -0.262211 	 0.171082 	 0.248977
   30 	 -0.262262 	 0.170987 	 0.249239
   31 	 0.008366 	 0.180971 	 0.267237
   32 	 0.006584 	 0.199499 	 0.267240
   33 	 0.012211 	 0.177778 	 0.249216
   34 	 0.011828 	 0.171783 	 0.249327
   35 	 0.007084 	 0.183832 	 0.248978
   36 	 0.007085 	 0.166779 	 0.249001
   37 	 0.010494 	 0.168326 	 0.249296
   38 	 -0.263128 	 0.186220 	 0.249296
   39 	 0.012182 	 0.193711 	 0.249084
   40 	 -0.248213 	 0.163185 	 0.267302
   41 	 0.007365 	 0.171913 	 0.248979
   42 	 -0.262263 	 0.173622 	 0.266241
   43 	 0.011797 	 0.171417 	 0.249278
   44 	 -0.262260 	 0.176589 	 0.267240
   45 	 -0.262217 	 0.174557 	 0.249003
   46 	 0.011094 	 0.186838 	 0.267240
   47 	 0.009913 	 0.175304 	 0.267237
   48 	 -0.263109 	 0.169644 	 0.249047
   49 	 -0.262211 	 0.160993 	 0.248954
   50 	 0.007830 	 0.163052 	 0.248978
   51 	 0.010194 	 0.182561 	 0.267237
   52 	 0.006584 	 0.164813 	 0.249250
   53 	 0.007096 	 0.188759 	 0.249103
   54 	 -0.256104 	 0.183553 	 0.249327
   55 	 0.011464 	 0.192866 	 0.249295
   56 	 0.006702 	 0.173473 	 0.266801
   57 	 0.005512 	 0.157474 	 0.249024
   58 	 0.009412 	 0.162720 	 0.249320
   59 	 0.012209 	 0.183388 	 0.249394
   60 	 -0.247559 	 0.160365 	 0.249086
   61 	 -0.263174 	 0.169931 	 0.248954
   62 	 0.007998 	 0.178388 	 0.249193
   63 	 0.010207 	 0.189089 	 0.267305
   64 	 -0.263067 	 0.175896 	 0.249239
   65 	 0.007998 	 0.174131 	 0.249102
   66 	 -0.263137 	 0.161133 	 0.267298
   67 	 -0.262260 	 0.183209 	 0.248977
   68 	 0.007998 	 0.198419 	 0.267303
   69 	 -0.248044 	 0.185164 	 0.249340
   70 	 0.008188 	 0.181094 	 0.249239
   71 	 -0.263123 	 0.165090 	 0.266229
   72 	 -0.262260 	 0.180299 	 0.249227
   73 	 0.010773 	 0.186044 	 0.249228
   74 	 -0.262263 	 0.180909 	 0.267240
   75 	 0.005432 	 0.190854 	 0.249067
   76 	 0.006050 	 0.189699 	 0.267240
   77 	 0.013033 	 0.178771 	 0.249399
   78 	 -0.262260 	 0.183056 	 0.249360
   79 	 0.012214 	 0.195440 	 0.248927
   80 	 0.007085 	 0.178378 	 0.267240
   81 	 -0.262260 	 0.173913 	 0.248977
   82 	 -0.253592 	 0.191472 	 0.249296
   83 	 0.007222 	 0.195153 	 0.267240
   84 	 0.008958 	 0.156507 	 0.266622
   85 	 -0.262263 	 0.170037 	 0.249287
   86 	 0.012182 	 0.181587 	 0.249179
   87 	 0.012182 	 0.173012 	 0.267240
   88 	 0.006836 	 0.198989 	 0.248979
   89 	 -0.262260 	 0.173577 	 0.248979
   90 	 0.012181 	 0.182046 	 0.249311
   91 	 -0.262263 	 0.163025 	 0.267240
   92 	 0.012594 	 0.183731 	 0.248980
   93 	 0.012592 	 0.182054 	 0.267240
   94 	 0.007222 	 0.171698 	 0.248954
   95 	 -0.247951 	 0.186790 	 0.248954
   96 	 0.008749 	 0.158110 	 0.249287
   97 	 -0.262932 	 0.167842 	 0.266222
   98 	 -0.262263 	 0.177789 	 0.249192
   99 	 0.008356 	 0.169748 	 0.267288
  100 	 -0.262260 	 0.181876 	 0.267240
  101 	 -0.248041 	 0.178018 	 0.249217
  102 	 0.009199 	 0.189930 	 0.267240
  103 	 -0.263092 	 0.171879 	 0.249003
  104 	 0.008749 	 0.163944 	 0.249165
  105 	 0.007674 	 0.157495 	 0.267300
  106 	 -0.248041 	 0.180904 	 0.249192
  107 	 -0.248150 	 0.178382 	 0.248927
  108 	 -0.263123 	 0.187075 	 0.266228
  109 	 -0.262260 	 0.191048 	 0.266236
  110 	 0.009179 	 0.171548 	 0.267302
  111 	 0.009179 	 0.187141 	 0.267240
  112 	 -0.262260 	 0.177267 	 0.249166
  113 	 0.007998 	 0.190750 	 0.249166
  114 	 -0.263157 	 0.165518 	 0.267240
  115 	 0.008548 	 0.183847 	 0.249239
  116 	 0.013072 	 0.193932 	 0.267304
  117 	 -0.262260 	 0.183432 	 0.249205
  118 	 0.011797 	 0.177910 	 0.248897
  119 	 -0.263092 	 0.170755 	 0.267240
  120 	 -0.248552 	 0.172655 	 0.249003
  121 	 -0.262260 	 0.164766 	 0.249026
  122 	 0.008547 	 0.174009 	 0.266265
  123 	 0.006702 	 0.172474 	 0.249120
  124 	 0.006593 	 0.168281 	 0.249205
  125 	 -0.262260 	 0.173004 	 0.249320
  126 	 0.007830 	 0.167066 	 0.248980
  127 	 0.011464 	 0.195956 	 0.267240
  128 	 -0.262217 	 0.188049 	 0.249250
  129 	 0.009412 	 0.187535 	 0.249024
  130 	 -0.248552 	 0.175335 	 0.267237
  131 	 -0.262263 	 0.167788 	 0.249151
  132 	 0.007841 	 0.179213 	 0.266265
  133 	 -0.262260 	 0.173799 	 0.267240
  134 	 0.006702 	 0.156414 	 0.248954
  135 	 -0.263133 	 0.172429 	 0.267240
  136 	 -0.263133 	 0.173221 	 0.249320
  137 	 -0.263141 	 0.186306 	 0.267302
  138 	 0.012212 	 0.184657 	 0.267302
  139 	 -0.248803 	 0.164526 	 0.267303
  140 	 0.005068 	 0.177642 	 0.248954
  141 	 0.007526 	 0.178674 	 0.249312
  142 	 -0.262619 	 0.162537 	 0.249421
  143 	 -0.263109 	 0.191418 	 0.249268
  144 	 -0.262932 	 0.168998 	 0.267237
  145 	 0.006953 	 0.173461 	 0.267301
  146 	 -0.262260 	 0.172238 	 0.267288
  147 	 0.008548 	 0.172756 	 0.249205
  148 	 -0.263117 	 0.148460 	 0.249312
  149 	 0.006703 	 0.178652 	 0.249205
 