   0 	 -1.000000 	 -0.037045 	 0.500000
    1 	 -1.000000 	 -0.042016 	 -0.007634
    2 	 -0.166667 	 -0.022585 	 -0.006579
    3 	 -0.166667 	 -0.012239 	 -0.002513
    4 	 -0.166667 	 -0.011531 	 -0.002387
    5 	 -0.250000 	 -0.013178 	 -0.002375
    6 	 -0.250000 	 -0.016522 	 -0.003215
    7 	 -0.250000 	 -0.017286 	 -0.003610
    8 	 -0.250000 	 -0.016934 	 -0.003571
    9 	 -0.250000 	 -0.017028 	 -0.003676
   10 	 -0.250000 	 -0.017524 	 -0.003759
   11 	 -0.333333 	 -0.019111 	 -0.003497
   12 	 -0.333333 	 -0.025778 	 -0.004608
   13 	 -0.333333 	 -0.019304 	 -0.004202
   14 	 -0.333333 	 -0.024297 	 -0.005263
   15 	 -0.333333 	 -0.021114 	 -0.004630
   16 	 -0.333333 	 -0.023809 	 -0.004831
   17 	 -1.000000 	 -0.033906 	 -0.004484
   18 	 -1.000000 	 -0.054397 	 -0.008065
   19 	 -0.333333 	 -0.042696 	 -0.011905
   20 	 -0.200000 	 -0.014427 	 1.000000
   21 	 0.019231 	 0.079806 	 1.000000
   22 	 0.017241 	 0.041820 	 0.200000
   23 	 -1.000000 	 0.040536 	 1.000000
   24 	 0.016393 	 0.074705 	 1.000000
   25 	 0.012987 	 0.044455 	 0.250000
   26 	 0.011111 	 0.171161 	 10.000000
   27 	 0.038462 	 0.702760 	 10.000000
   28 	 0.090909 	 0.655795 	 10.000000
   29 	 0.058824 	 0.474028 	 10.000000
   30 	 -1.000000 	 3.272466 	 10.000000
   31 	 -0.250000 	 0.281447 	 10.000000
   32 	 -1.000000 	 2.166667 	 10.000000
   33 	 -1.000000 	 0.331003 	 10.000000
   34 	 -1.000000 	 0.738810 	 10.000000
   35 	 -0.500000 	 0.499874 	 10.000000
   36 	 0.028571 	 0.491410 	 10.000000
   37 	 -0.333333 	 0.199586 	 10.000000
   38 	 0.083333 	 1.512636 	 10.000000
   39 	 -1.000000 	 0.116003 	 10.000000
   40 	 0.062500 	 2.363431 	 10.000000
   41 	 -1.000000 	 0.519592 	 10.000000
   42 	 -1.000000 	 0.013957 	 10.000000
   43 	 -0.500000 	 -0.196088 	 1.000000
   44 	 -1.000000 	 0.349853 	 10.000000
   45 	 -1.000000 	 0.298341 	 10.000000
   46 	 0.009434 	 0.051477 	 1.000000
   47 	 0.010417 	 0.057136 	 1.000000
   48 	 0.014706 	 0.073057 	 1.000000
   49 	 0.016393 	 0.051252 	 0.333333
   50 	 -1.000000 	 0.194231 	 10.000000
   51 	 -0.500000 	 0.075352 	 1.000000
   52 	 -1.000000 	 0.216126 	 10.000000
   53 	 -1.000000 	 0.942756 	 10.000000
   54 	 0.020408 	 0.225880 	 10.000000
   55 	 -1.000000 	 -0.105354 	 1.000000
   56 	 -0.200000 	 -0.062959 	 -0.019608
   57 	 -0.200000 	 -0.015364 	 -0.003077
   58 	 -0.200000 	 -0.013551 	 -0.002907
   59 	 -0.200000 	 -0.014354 	 -0.002959
   60 	 -0.200000 	 -0.013855 	 -0.003003
   61 	 -0.200000 	 -0.014980 	 -0.002959
   62 	 -0.200000 	 -0.014053 	 -0.003077
   63 	 -0.200000 	 -0.014099 	 -0.003145
   64 	 -0.200000 	 -0.013954 	 -0.002915
   65 	 -0.200000 	 -0.014781 	 -0.003003
   66 	 -0.200000 	 -0.013837 	 -0.003012
   67 	 -0.200000 	 -0.014280 	 -0.003215
   68 	 -0.200000 	 -0.013886 	 -0.002976
   69 	 -0.200000 	 -0.015055 	 -0.002915
   70 	 -0.200000 	 -0.013721 	 -0.002941
   71 	 -0.200000 	 -0.013885 	 -0.002882
   72 	 -0.200000 	 -0.011704 	 -0.002591
   73 	 -0.200000 	 -0.014110 	 -0.002976
   74 	 -0.200000 	 -0.014247 	 -0.003021
   75 	 -1.000000 	 -0.028276 	 -0.003058
   76 	 -0.200000 	 -0.021290 	 -0.004292
   77 	 -0.111111 	 -0.014241 	 -0.003247
   78 	 -0.111111 	 -0.007892 	 -0.001658
   79 	 -0.111111 	 -0.008275 	 -0.001631
   80 	 -0.111111 	 -0.008257 	 -0.001650
   81 	 -0.111111 	 -0.007761 	 -0.001621
   82 	 -0.111111 	 -0.007734 	 -0.001642
   83 	 -0.111111 	 -0.007769 	 -0.001631
   84 	 -0.111111 	 -0.007752 	 -0.001621
   85 	 -0.111111 	 -0.007445 	 -0.001613
   86 	 -0.111111 	 -0.008010 	 -0.001610
   87 	 -0.111111 	 -0.007722 	 -0.001656
   88 	 -0.111111 	 -0.007487 	 -0.001582
   89 	 -0.166667 	 -0.008851 	 -0.001653
   90 	 -0.166667 	 -0.011418 	 -0.002212
   91 	 -0.166667 	 -0.011572 	 -0.002358
   92 	 -0.166667 	 -0.011491 	 -0.002439
   93 	 -0.166667 	 -0.011580 	 -0.002353
   94 	 -0.166667 	 -0.011887 	 -0.002457
   95 	 -0.111111 	 -0.009864 	 -0.002364
   96 	 -0.111111 	 -0.007873 	 -0.001721
   97 	 -0.111111 	 -0.008246 	 -0.001845
   98 	 -0.111111 	 -0.007795 	 -0.001634
   99 	 -0.111111 	 -0.008185 	 -0.001592
  100 	 -0.142857 	 -0.008351 	 -0.001603
  101 	 -0.142857 	 -0.009631 	 -0.001961
  102 	 -0.250000 	 -0.012084 	 -0.002079
  103 	 -0.142857 	 -0.012421 	 -0.002950
  104 	 -0.142857 	 -0.009950 	 -0.002217
  105 	 -0.142857 	 -0.013092 	 -0.002488
  106 	 -0.142857 	 -0.010190 	 -0.002058
  107 	 -0.142857 	 -0.010190 	 -0.002075
  108 	 -0.142857 	 -0.009892 	 -0.002114
  109 	 -0.142857 	 -0.009588 	 -0.002053
  110 	 -0.142857 	 -0.009941 	 -0.002083
  111 	 -0.111111 	 -0.009162 	 -0.002092
  112 	 -0.111111 	 -0.008885 	 -0.001773
  113 	 -0.111111 	 -0.007705 	 -0.001621
  114 	 -0.111111 	 -0.007749 	 -0.001653
  115 	 -0.111111 	 -0.007998 	 -0.001783
  116 	 -0.111111 	 -0.008313 	 -0.001887
  117 	 -0.111111 	 -0.007806 	 -0.001597
  118 	 -0.100000 	 -0.007416 	 -0.001629
  119 	 -0.100000 	 -0.006907 	 -0.001403
  120 	 -0.083333 	 -0.006855 	 -0.001414
  121 	 -0.100000 	 -0.006354 	 -0.001245
  122 	 -0.100000 	 -0.006808 	 -0.001403
  123 	 -0.111111 	 -0.007467 	 -0.001527
  124 	 -0.100000 	 -0.007650 	 -0.001592
  125 	 -0.100000 	 -0.007422 	 -0.001502
  126 	 -0.100000 	 -0.007020 	 -0.001511
  127 	 -0.100000 	 -0.006985 	 -0.001453
  128 	 -0.100000 	 -0.007385 	 -0.001661
  129 	 -0.100000 	 -0.006931 	 -0.001453
  130 	 -0.100000 	 -0.007195 	 -0.001495
  131 	 -0.100000 	 -0.007005 	 -0.001460
  132 	 -0.100000 	 -0.006973 	 -0.001449
  133 	 -0.100000 	 -0.007040 	 -0.001433
  134 	 -0.100000 	 -0.006992 	 -0.001481
  135 	 -0.100000 	 -0.007026 	 -0.001495
  136 	 -0.100000 	 -0.007541 	 -0.001488
  137 	 -0.100000 	 -0.007089 	 -0.001477
  138 	 -0.100000 	 -0.007086 	 -0.001484
  139 	 -0.090909 	 -0.006780 	 -0.001458
  140 	 -0.090909 	 -0.006340 	 -0.001357
  141 	 -0.090909 	 -0.006620 	 -0.001393
  142 	 -0.090909 	 -0.006448 	 -0.001383
  143 	 -0.076923 	 -0.005982 	 -0.001307
  144 	 -0.076923 	 -0.005548 	 -0.001168
  145 	 -0.090909 	 -0.005672 	 -0.001135
  146 	 -0.090909 	 -0.006031 	 -0.001259
  147 	 -0.090909 	 -0.006359 	 -0.001339
  148 	 -0.090909 	 -0.006284 	 -0.001314
  149 	 -0.090909 	 -0.006449 	 -0.001319
  150 	 -0.090909 	 -0.006427 	 -0.001339
  151 	 -0.090909 	 -0.006115 	 -0.001319
  152 	 -0.166667 	 -0.007898 	 -0.001330
  153 	 -0.100000 	 -0.008503 	 -0.001866
  154 	 -0.100000 	 -0.006713 	 -0.001397
  155 	 -0.066667 	 -0.005510 	 -0.001264
  156 	 -0.066667 	 -0.004747 	 -0.001020
  157 	 -0.066667 	 -0.004694 	 -0.000981
  158 	 -0.066667 	 -0.004647 	 -0.000967
  159 	 -0.066667 	 -0.004658 	 -0.000967
  160 	 -0.066667 	 -0.005160 	 -0.000979
  161 	 -0.066667 	 -0.004639 	 -0.000975
  162 	 -0.066667 	 -0.004611 	 -0.000968
  163 	 -0.066667 	 -0.004609 	 -0.000959
  164 	 -0.066667 	 -0.004637 	 -0.000961
  165 	 -0.071429 	 -0.004728 	 -0.000968
  166 	 -0.071429 	 -0.004911 	 -0.001026
  167 	 -0.071429 	 -0.004970 	 -0.001035
  168 	 -0.062500 	 -0.004812 	 -0.001027
  169 	 -0.062500 	 -0.004361 	 -0.000917
  170 	 -0.066667 	 -0.004443 	 -0.000907
  171 	 -0.071429 	 -0.004648 	 -0.000971
  172 	 -0.071429 	 -0.005011 	 -0.001025
  173 	 -0.066667 	 -0.004762 	 -0.001025
  174 	 -0.083333 	 -0.004976 	 -0.000981
  175 	 -0.066667 	 -0.005301 	 -0.001126
  176 	 -0.066667 	 -0.004702 	 -0.000990
  177 	 -0.066667 	 -0.004582 	 -0.000968
  178 	 -0.066667 	 -0.004799 	 -0.000966
  179 	 -0.066667 	 -0.004644 	 -0.000971
  180 	 -0.071429 	 -0.004775 	 -0.001000
  181 	 -0.066667 	 -0.004839 	 -0.001015
  182 	 -0.066667 	 -0.004630 	 -0.000978
  183 	 -0.071429 	 -0.004730 	 -0.000970
  184 	 -0.071429 	 -0.005217 	 -0.001032
  185 	 -0.066667 	 -0.004822 	 -0.001017
  186 	 -0.066667 	 -0.004984 	 -0.000996
  187 	 -0.062500 	 -0.004648 	 -0.000974
  188 	 -0.062500 	 -0.004388 	 -0.000927
  189 	 -0.062500 	 -0.004594 	 -0.000929
  190 	 -0.066667 	 -0.004552 	 -0.000963
  191 	 -0.062500 	 -0.004475 	 -0.000965
  192 	 -0.062500 	 -0.004346 	 -0.000912
  193 	 -0.062500 	 -0.004364 	 -0.000932
  194 	 -0.062500 	 -0.004412 	 -0.000909
  195 	 -0.071429 	 -0.004570 	 -0.000914
  196 	 -0.062500 	 -0.004668 	 -0.001004
  197 	 -0.062500 	 -0.004383 	 -0.000920
  198 	 -0.066667 	 -0.004690 	 -0.000924
  199 	 -0.052632 	 -0.004273 	 -0.000961
  200 	 -0.055556 	 -0.004060 	 -0.000824
  201 	 -0.055556 	 -0.003917 	 -0.000843
  202 	 -0.055556 	 -0.003890 	 -0.000806
  203 	 -0.055556 	 -0.003897 	 -0.000820
  204 	 -0.055556 	 -0.003976 	 -0.000814
  205 	 -0.055556 	 -0.003880 	 -0.000813
  206 	 -0.055556 	 -0.003905 	 -0.000812
  207 	 -0.055556 	 -0.003864 	 -0.000801
  208 	 -0.055556 	 -0.003899 	 -0.000807
  209 	 -0.062500 	 -0.004059 	 -0.000820
  210 	 -0.062500 	 -0.004205 	 -0.000873
  211 	 -0.062500 	 -0.004290 	 -0.000883
  212 	 -0.062500 	 -0.004404 	 -0.000933
  213 	 -0.062500 	 -0.004433 	 -0.000960
  214 	 -0.062500 	 -0.004343 	 -0.000913
  215 	 -0.062500 	 -0.004326 	 -0.000909
  216 	 -0.058824 	 -0.004275 	 -0.000907
  217 	 -0.071429 	 -0.004464 	 -0.000876
  218 	 -0.058824 	 -0.004533 	 -0.000988
  219 	 -0.058824 	 -0.004117 	 -0.000879
  220 	 -0.058824 	 -0.004073 	 -0.000854
  221 	 -0.066667 	 -0.004291 	 -0.000859
  222 	 -0.066667 	 -0.004762 	 -0.000962
  223 	 -0.066667 	 -0.004634 	 -0.000969
  224 	 -0.066667 	 -0.004848 	 -0.001005
  225 	 -0.066667 	 -0.004658 	 -0.000977
  226 	 -0.071429 	 -0.004753 	 -0.000966
  227 	 -0.083333 	 -0.005424 	 -0.001050
  228 	 -0.071429 	 -0.005331 	 -0.001190
  229 	 -0.071429 	 -0.005238 	 -0.001133
  230 	 -0.071429 	 -0.005132 	 -0.001098
  231 	 -0.071429 	 -0.005083 	 -0.001062
  232 	 -0.071429 	 -0.004935 	 -0.001026
  233 	 -0.071429 	 -0.004967 	 -0.001038
  234 	 -0.071429 	 -0.004787 	 -0.001010
  235 	 -0.100000 	 -0.005527 	 -0.000998
  236 	 -0.100000 	 -0.006592 	 -0.001350
  237 	 -0.100000 	 -0.006807 	 -0.001425
  238 	 -0.100000 	 -0.006893 	 -0.001458
  239 	 -0.100000 	 -0.006601 	 -0.001427
  240 	 -0.100000 	 -0.007077 	 -0.001451
  241 	 -0.166667 	 -0.008461 	 -0.001464
  242 	 -0.166667 	 -0.010564 	 -0.002066
  243 	 -0.166667 	 -0.011549 	 -0.002146
  244 	 -0.166667 	 -0.011481 	 -0.002083
  245 	 -0.166667 	 -0.011564 	 -0.002439
  246 	 -0.250000 	 -0.013414 	 -0.002370
  247 	 -0.250000 	 -0.016227 	 -0.003448
  248 	 -0.250000 	 -0.018220 	 -0.003731
  249 	 -0.250000 	 -0.017546 	 -0.003774
  250 	 -0.250000 	 -0.016889 	 -0.003584
  251 	 -0.250000 	 -0.017457 	 -0.003571
  252 	 -0.250000 	 -0.015167 	 -0.003096
  253 	 -0.250000 	 -0.019194 	 -0.004566
  254 	 -0.250000 	 -0.017021 	 -0.003610
  255 	 -0.250000 	 -0.017639 	 -0.003745
  256 	 -0.250000 	 -0.017048 	 -0.003436
  257 	 -0.250000 	 -0.018380 	 -0.003623
  258 	 -0.250000 	 -0.017427 	 -0.003636
  259 	 -0.250000 	 -0.017468 	 -0.003745
  260 	 -0.250000 	 -0.017482 	 -0.003774
  261 	 -0.250000 	 -0.016764 	 -0.003472
  262 	 -0.250000 	 -0.017455 	 -0.003846
  263 	 -0.250000 	 -0.017566 	 -0.003559
  264 	 -0.250000 	 -0.016881 	 -0.003521
  265 	 -0.250000 	 -0.021042 	 -0.004016
  266 	 -0.250000 	 -0.018043 	 -0.003623
  267 	 -0.250000 	 -0.017708 	 -0.003745
  268 	 -0.333333 	 -0.020791 	 -0.004000
  269 	 -0.333333 	 -0.022140 	 -0.004464
  270 	 -0.333333 	 -0.026785 	 -0.005319
  271 	 -0.333333 	 -0.020623 	 -0.004082
  272 	 -0.500000 	 -0.011077 	 1.000000
  273 	 -1.000000 	 0.190781 	 10.000000
  274 	 0.013333 	 0.064305 	 1.000000
  275 	 0.015385 	 0.072003 	 1.000000
  276 	 0.016393 	 0.061908 	 1.000000
  277 	 -1.000000 	 0.347656 	 10.000000
  278 	 0.018519 	 0.083984 	 1.000000
  279 	 0.020000 	 0.083659 	 1.000000
  280 	 0.013889 	 0.209912 	 10.000000
  281 	 -1.000000 	 0.306766 	 10.000000
  282 	 -1.000000 	 1.803447 	 10.000000
  283 	 -1.000000 	 1.880714 	 10.000000
  284 	 -1.000000 	 1.333311 	 10.000000
  285 	 0.062500 	 2.465224 	 10.000000
  286 	 -1.000000 	 0.495306 	 10.000000
  287 	 -0.333333 	 0.529122 	 10.000000
  288 	 -1.000000 	 0.141263 	 10.000000
  289 	 0.052632 	 0.510305 	 10.000000
  290 	 -1.000000 	 0.778832 	 10.000000
  291 	 -1.000000 	 0.620181 	 10.000000
  292 	 -0.500000 	 0.022279 	 10.000000
  293 	 -1.000000 	 1.888333 	 10.000000
  294 	 -1.000000 	 1.342517 	 10.000000
  295 	 -1.000000 	 1.571921 	 10.000000
  296 	 -1.000000 	 0.909641 	 10.000000
  297 	 0.055556 	 0.081792 	 0.500000
  298 	 0.014925 	 0.194394 	 10.000000
  299 	 -1.000000 	 -0.053259 	 -0.015385
  300 	 -1.000000 	 -0.064185 	 -0.012500
  301 	 -1.000000 	 0.049090 	 10.000000
  302 	 -1.000000 	 0.004594 	 0.333333
  303 	 0.003597 	 0.016674 	 0.250000
  304 	 0.003448 	 0.164927 	 10.000000
  305 	 -0.250000 	 -0.024877 	 -0.004831
  306 	 -0.250000 	 -0.018274 	 -0.003788
  307 	 -0.250000 	 -0.016896 	 -0.003460
  308 	 -0.250000 	 -0.017300 	 -0.003571
  309 	 -0.250000 	 -0.017397 	 -0.003704
  310 	 -0.250000 	 -0.017374 	 -0.003704
  311 	 -0.250000 	 -0.017287 	 -0.003584
  312 	 -0.250000 	 -0.017452 	 -0.003521
  313 	 -0.250000 	 -0.017173 	 -0.003571
  314 	 -0.250000 	 -0.016779 	 -0.003690
  315 	 -0.250000 	 -0.016380 	 -0.003534
  316 	 -0.250000 	 -0.017086 	 -0.003436
  317 	 -0.250000 	 -0.016197 	 -0.003610
  318 	 -0.250000 	 -0.017657 	 -0.003745
  319 	 -0.250000 	 -0.018963 	 -0.003571
  320 	 -0.250000 	 -0.016952 	 -0.003623
  321 	 -0.250000 	 -0.017151 	 -0.003676
  322 	 -0.250000 	 -0.017194 	 -0.003788
  323 	 -0.250000 	 -0.017284 	 -0.003891
  324 	 -0.250000 	 -0.017687 	 -0.003676
  325 	 -0.250000 	 -0.017742 	 -0.003559
  326 	 -0.250000 	 -0.018161 	 -0.003636
  327 	 -0.250000 	 -0.018608 	 -0.003610
  328 	 -0.250000 	 -0.017217 	 -0.003774
  329 	 -0.250000 	 -0.017692 	 -0.003717
  330 	 -0.250000 	 -0.018685 	 -0.003876
  331 	 -0.250000 	 -0.018486 	 -0.003534
  332 	 -0.250000 	 -0.016645 	 -0.003472
  333 	 -0.250000 	 -0.017461 	 -0.003731
  334 	 -0.250000 	 -0.016724 	 -0.003690
  335 	 -0.250000 	 -0.016988 	 -0.003559
  336 	 -0.250000 	 -0.015677 	 -0.003460
  337 	 -0.250000 	 -0.021955 	 -0.004237
  338 	 -0.250000 	 -0.018035 	 -0.003891
  339 	 -0.250000 	 -0.021517 	 -0.003876
  340 	 -0.250000 	 -0.014856 	 -0.003378
  341 	 -0.125000 	 -0.012810 	 -0.002924
  342 	 -0.083333 	 -0.008163 	 -0.001957
  343 	 -0.083333 	 -0.005904 	 -0.001256
  344 	 -0.125000 	 -0.006651 	 -0.001206
  345 	 -0.125000 	 -0.008108 	 -0.001616
  346 	 -0.125000 	 -0.008387 	 -0.001698
  347 	 -0.100000 	 -0.008608 	 -0.002053
  348 	 -0.100000 	 -0.007289 	 -0.001499
  349 	 -0.100000 	 -0.007388 	 -0.001462
  350 	 -0.100000 	 -0.007002 	 -0.001466
  351 	 -0.100000 	 -0.007168 	 -0.001441
  352 	 -0.100000 	 -0.007145 	 -0.001479
  353 	 -0.100000 	 -0.007013 	 -0.001504
  354 	 -0.100000 	 -0.007007 	 -0.001493
  355 	 -0.100000 	 -0.006998 	 -0.001458
  356 	 -0.100000 	 -0.007018 	 -0.001447
  357 	 -0.100000 	 -0.007190 	 -0.001517
  358 	 -0.125000 	 -0.007615 	 -0.001477
  359 	 -0.125000 	 -0.008403 	 -0.001718
  360 	 -0.200000 	 -0.010106 	 -0.001802
  361 	 -0.200000 	 -0.010991 	 -0.002273
  362 	 -0.200000 	 -0.012727 	 -0.002336
  363 	 -0.200000 	 -0.013939 	 -0.002976
  364 	 -0.200000 	 -0.015180 	 -0.003058
  365 	 -1.000000 	 -0.027665 	 -0.002915
  366 	 -0.200000 	 -0.014582 	 -0.004255
  367 	 -0.111111 	 -0.011655 	 -0.002976
  368 	 -0.200000 	 -0.010026 	 -0.001751
  369 	 -0.200000 	 -0.014271 	 -0.002976
  370 	 -0.200000 	 -0.013981 	 -0.002882
  371 	 -0.200000 	 -0.015841 	 -0.002967
  372 	 -0.200000 	 -0.013838 	 -0.002857
  373 	 -0.200000 	 -0.013205 	 -0.002793
  374 	 -0.200000 	 -0.014008 	 -0.002695
  375 	 -0.200000 	 -0.013940 	 -0.002994
  376 	 -0.200000 	 -0.014205 	 -0.002899
  377 	 -0.200000 	 -0.013707 	 -0.002907
  378 	 -0.200000 	 -0.013724 	 -0.002874
  379 	 -0.142857 	 -0.012625 	 -0.002924
  380 	 -0.200000 	 -0.011226 	 -0.002037
  381 	 -0.142857 	 -0.011968 	 -0.002597
  382 	 -0.142857 	 -0.010881 	 -0.002222
  383 	 -0.200000 	 -0.011312 	 -0.002299
  384 	 -0.142857 	 -0.012086 	 -0.002632
  385 	 -0.142857 	 -0.010042 	 -0.002066
  386 	 -0.142857 	 -0.010000 	 -0.002101
  387 	 -0.142857 	 -0.010078 	 -0.002004
  388 	 -0.142857 	 -0.009902 	 -0.002045
  389 	 -0.142857 	 -0.009799 	 -0.002049
  390 	 -0.142857 	 -0.009835 	 -0.002070
  391 	 -0.142857 	 -0.009976 	 -0.002079
  392 	 -0.142857 	 -0.009547 	 -0.002053
  393 	 -0.200000 	 -0.011044 	 -0.002075
  394 	 -0.200000 	 -0.012526 	 -0.002625
  395 	 -0.142857 	 -0.012357 	 -0.002786
  396 	 -0.142857 	 -0.009656 	 -0.002146
  397 	 -0.142857 	 -0.010335 	 -0.002132
  398 	 -0.142857 	 -0.010299 	 -0.002105
  399 	 -0.142857 	 -0.010032 	 -0.001996
 