   0 	 -1.000000 	 -0.071325 	 -0.008130
    1 	 -0.142857 	 -0.010069 	 -0.002096
    2 	 -0.142857 	 -0.011524 	 -0.002169
    3 	 -0.142857 	 -0.009819 	 -0.002062
    4 	 -0.111111 	 -0.008967 	 -0.002041
    5 	 -0.111111 	 -0.007801 	 -0.001681
    6 	 -0.111111 	 -0.007650 	 -0.001603
    7 	 -0.111111 	 -0.008055 	 -0.001855
    8 	 -0.111111 	 -0.008158 	 -0.001773
    9 	 -0.100000 	 -0.007385 	 -0.001587
   10 	 -0.100000 	 -0.006842 	 -0.001355
   11 	 -0.100000 	 -0.006905 	 -0.001427
   12 	 -0.142857 	 -0.008462 	 -0.001475
   13 	 -0.142857 	 -0.008604 	 -0.001934
   14 	 -0.142857 	 -0.009685 	 -0.002004
   15 	 -0.142857 	 -0.009440 	 -0.001789
   16 	 -0.142857 	 -0.009965 	 -0.002075
   17 	 -0.142857 	 -0.009847 	 -0.002278
   18 	 -0.142857 	 -0.010180 	 -0.002105
   19 	 -0.142857 	 -0.009923 	 -0.002088
   20 	 -0.142857 	 -0.009532 	 -0.002008
   21 	 -0.142857 	 -0.010111 	 -0.002105
   22 	 -0.142857 	 -0.009996 	 -0.002053
   23 	 -0.250000 	 -0.012086 	 -0.002114
   24 	 -0.250000 	 -0.018184 	 -0.003145
   25 	 -0.250000 	 -0.017224 	 -0.003460
   26 	 -0.200000 	 -0.015186 	 -0.003106
   27 	 -0.200000 	 -0.014405 	 -0.003077
   28 	 -0.200000 	 -0.013775 	 -0.002857
   29 	 -0.500000 	 -0.020126 	 -0.002874
   30 	 -0.200000 	 -0.021552 	 -0.004608
   31 	 -0.200000 	 -0.015066 	 -0.003115
   32 	 -0.200000 	 -0.014533 	 -0.002833
   33 	 -0.200000 	 -0.013998 	 -0.002825
   34 	 -0.200000 	 -0.013675 	 -0.002801
   35 	 -0.250000 	 -0.015237 	 -0.002874
   36 	 -0.333333 	 -0.018156 	 -0.003322
   37 	 -0.333333 	 -0.020193 	 -0.003922
   38 	 -0.333333 	 -0.021466 	 -0.004292
   39 	 -0.333333 	 -0.025237 	 -0.004785
   40 	 -0.166667 	 -0.020020 	 -0.004854
   41 	 -0.166667 	 -0.011992 	 -0.002558
   42 	 -0.166667 	 -0.011243 	 -0.002427
   43 	 -0.166667 	 -0.011771 	 -0.002392
   44 	 -0.166667 	 -0.011141 	 -0.002252
   45 	 -0.166667 	 -0.011551 	 -0.002160
   46 	 -0.100000 	 -0.009718 	 -0.002398
   47 	 -0.100000 	 -0.007621 	 -0.001567
   48 	 -0.100000 	 -0.007408 	 -0.001462
   49 	 -0.166667 	 -0.008383 	 -0.001464
   50 	 -0.166667 	 -0.010257 	 -0.001855
   51 	 -0.166667 	 -0.011790 	 -0.002242
   52 	 -0.166667 	 -0.012240 	 -0.002625
   53 	 -0.166667 	 -0.011676 	 -0.002475
   54 	 -0.166667 	 -0.011715 	 -0.002463
   55 	 -0.166667 	 -0.015132 	 -0.002710
   56 	 -0.166667 	 -0.011545 	 -0.002415
   57 	 -0.166667 	 -0.011611 	 -0.002457
   58 	 -0.166667 	 -0.011343 	 -0.002326
   59 	 -0.166667 	 -0.011289 	 -0.002392
   60 	 -0.166667 	 -0.011566 	 -0.002331
   61 	 -0.166667 	 -0.011635 	 -0.002421
   62 	 -0.166667 	 -0.012003 	 -0.002488
   63 	 -0.166667 	 -0.011872 	 -0.002427
   64 	 -0.333333 	 -0.015857 	 -0.002358
   65 	 -0.166667 	 -0.016087 	 -0.003623
   66 	 -0.166667 	 -0.012170 	 -0.002488
   67 	 -0.250000 	 -0.013020 	 -0.002364
   68 	 -0.250000 	 -0.016470 	 -0.003021
   69 	 -0.250000 	 -0.017412 	 -0.003676
   70 	 -0.250000 	 -0.016871 	 -0.003597
   71 	 -0.500000 	 -0.022087 	 -0.003559
   72 	 -0.500000 	 -0.027739 	 -0.005525
   73 	 -0.500000 	 -0.044992 	 -0.008000
   74 	 -0.500000 	 -0.033432 	 -0.007463
   75 	 -1.000000 	 -0.064601 	 -0.007519
   76 	 -1.000000 	 0.098996 	 10.000000
   77 	 -1.000000 	 -0.060302 	 -0.015385
   78 	 -1.000000 	 -0.068434 	 -0.012658
   79 	 -1.000000 	 -0.063068 	 -0.010417
   80 	 -1.000000 	 -0.069746 	 -0.012195
   81 	 -1.000000 	 -0.074176 	 -0.022727
   82 	 -1.000000 	 0.099287 	 10.000000
   83 	 -1.000000 	 0.073404 	 10.000000
   84 	 0.004926 	 0.024067 	 0.333333
   85 	 0.006494 	 0.032358 	 0.500000
   86 	 0.005848 	 0.032347 	 0.333333
   87 	 -1.000000 	 0.046591 	 1.000000
   88 	 -1.000000 	 0.180827 	 10.000000
   89 	 0.008929 	 0.035423 	 0.333333
   90 	 0.007407 	 0.069460 	 1.000000
   91 	 -1.000000 	 0.817414 	 10.000000
   92 	 -1.000000 	 0.494228 	 10.000000
   93 	 -1.000000 	 0.750351 	 10.000000
   94 	 -0.500000 	 0.095453 	 10.000000
   95 	 -1.000000 	 -0.059032 	 -0.010526
   96 	 -1.000000 	 0.093452 	 10.000000
   97 	 -1.000000 	 0.347591 	 10.000000
   98 	 -1.000000 	 -0.104486 	 -0.024390
   99 	 -1.000000 	 0.074028 	 10.000000
  100 	 -1.000000 	 -0.082203 	 -0.023256
  101 	 -1.000000 	 -0.093819 	 -0.014493
  102 	 -1.000000 	 -0.071032 	 -0.018519
  103 	 -1.000000 	 -0.060391 	 -0.019231
  104 	 -1.000000 	 -0.063178 	 -0.010638
  105 	 -0.250000 	 -0.033271 	 -0.009259
  106 	 -0.250000 	 -0.019275 	 -0.003876
  107 	 -0.250000 	 -0.017975 	 -0.003906
  108 	 -0.250000 	 -0.017009 	 -0.003460
  109 	 -0.250000 	 -0.019269 	 -0.003774
  110 	 -1.000000 	 -0.028845 	 -0.003704
  111 	 -1.000000 	 -0.045374 	 -0.005882
  112 	 -1.000000 	 -0.069729 	 -0.012048
  113 	 -1.000000 	 -0.079672 	 -0.015385
  114 	 -1.000000 	 -0.061958 	 -0.011494
  115 	 -1.000000 	 0.248360 	 10.000000
  116 	 -1.000000 	 -0.091187 	 -0.016667
  117 	 -1.000000 	 -0.057894 	 -0.010309
  118 	 -1.000000 	 -0.049705 	 -0.012195
  119 	 -1.000000 	 -0.078453 	 -0.021739
  120 	 -1.000000 	 -0.060140 	 -0.012658
  121 	 -1.000000 	 -0.068175 	 -0.013699
  122 	 -1.000000 	 -0.063539 	 -0.014925
  123 	 -1.000000 	 0.094941 	 10.000000
  124 	 -1.000000 	 0.187690 	 10.000000
  125 	 -1.000000 	 0.136888 	 10.000000
  126 	 -0.333333 	 0.198219 	 10.000000
  127 	 0.006173 	 0.043362 	 1.000000
  128 	 -0.500000 	 0.040611 	 0.500000
  129 	 -1.000000 	 0.286479 	 10.000000
  130 	 -1.000000 	 0.055777 	 1.000000
  131 	 -0.333333 	 0.363288 	 10.000000
  132 	 0.012195 	 0.350636 	 10.000000
  133 	 -0.333333 	 -0.185632 	 -0.071429
  134 	 -0.333333 	 -0.023533 	 -0.004717
  135 	 -0.333333 	 -0.022459 	 -0.004608
  136 	 -0.333333 	 -0.023111 	 -0.004425
  137 	 -0.333333 	 -0.022387 	 -0.004717
  138 	 -0.333333 	 -0.022710 	 -0.004608
  139 	 -0.333333 	 -0.025632 	 -0.004950
  140 	 -0.333333 	 -0.026267 	 -0.004950
  141 	 -0.333333 	 -0.022636 	 -0.004739
  142 	 -0.142857 	 -0.016429 	 -0.004505
  143 	 -0.333333 	 -0.014069 	 -0.002278
  144 	 -0.142857 	 -0.015802 	 -0.003584
  145 	 -0.333333 	 -0.015202 	 -0.002278
  146 	 -0.142857 	 -0.016579 	 -0.003759
  147 	 -0.166667 	 -0.010779 	 -0.002101
  148 	 -0.166667 	 -0.011003 	 -0.002237
  149 	 -0.166667 	 -0.011530 	 -0.002358
  150 	 -0.333333 	 -0.014531 	 -0.002410
  151 	 -0.333333 	 -0.020008 	 -0.003623
  152 	 -0.333333 	 -0.023319 	 -0.004831
  153 	 -0.333333 	 -0.022114 	 -0.004854
  154 	 -0.500000 	 0.002970 	 1.000000
  155 	 0.014286 	 0.065376 	 1.000000
  156 	 0.014706 	 0.046368 	 1.000000
  157 	 0.012821 	 0.053858 	 1.000000
  158 	 0.011765 	 0.207408 	 10.000000
  159 	 -1.000000 	 1.080037 	 10.000000
  160 	 -1.000000 	 0.829955 	 10.000000
  161 	 -1.000000 	 0.085118 	 10.000000
  162 	 0.019231 	 0.234896 	 10.000000
  163 	 -1.000000 	 0.765756 	 10.000000
  164 	 0.027778 	 0.530714 	 10.000000
  165 	 -0.333333 	 0.620267 	 10.000000
  166 	 0.034483 	 0.353037 	 10.000000
  167 	 -1.000000 	 0.347535 	 10.000000
  168 	 0.034483 	 0.092589 	 0.200000
  169 	 0.023810 	 0.211155 	 10.000000
  170 	 0.050000 	 0.876025 	 10.000000
  171 	 -1.000000 	 3.849299 	 10.000000
  172 	 0.050000 	 0.525958 	 10.000000
  173 	 -1.000000 	 0.782681 	 10.000000
  174 	 0.026316 	 1.217593 	 10.000000
  175 	 -1.000000 	 0.108216 	 10.000000
  176 	 -1.000000 	 3.859218 	 10.000000
  177 	 -1.000000 	 0.124478 	 10.000000
  178 	 -0.500000 	 1.097256 	 10.000000
  179 	 0.052632 	 0.298698 	 10.000000
  180 	 -1.000000 	 1.091667 	 10.000000
  181 	 0.076923 	 0.383785 	 10.000000
  182 	 -1.000000 	 0.707621 	 10.000000
  183 	 0.250000 	 3.348810 	 10.000000
  184 	 -1.000000 	 2.199524 	 10.000000
  185 	 0.166667 	 0.478333 	 1.000000
  186 	 -1.000000 	 0.331854 	 10.000000
  187 	 -1.000000 	 0.688300 	 10.000000
  188 	 0.055556 	 0.231804 	 10.000000
  189 	 0.111111 	 0.729127 	 10.000000
  190 	 -1.000000 	 1.751769 	 10.000000
  191 	 0.071429 	 0.512955 	 10.000000
  192 	 -0.250000 	 -0.028622 	 -0.006623
  193 	 -0.250000 	 -0.017787 	 -0.003745
  194 	 -0.125000 	 -0.013753 	 -0.003413
  195 	 -0.125000 	 -0.008641 	 -0.001802
  196 	 -0.125000 	 -0.010276 	 -0.001949
  197 	 -0.125000 	 -0.008833 	 -0.001876
  198 	 -0.125000 	 -0.008787 	 -0.001770
  199 	 -0.125000 	 -0.008640 	 -0.001799
  200 	 -0.250000 	 -0.012203 	 -0.002188
  201 	 -0.250000 	 -0.013870 	 -0.002793
  202 	 -0.250000 	 -0.016947 	 -0.003636
  203 	 -0.250000 	 -0.017310 	 -0.003571
  204 	 -0.250000 	 -0.017618 	 -0.003559
  205 	 -0.250000 	 -0.021199 	 -0.003817
  206 	 -1.000000 	 -0.025684 	 0.333333
  207 	 0.004651 	 0.021781 	 0.333333
  208 	 0.004717 	 0.020323 	 0.250000
  209 	 0.004237 	 0.026518 	 0.500000
  210 	 0.004926 	 0.025238 	 0.333333
  211 	 0.005714 	 0.028338 	 0.500000
  212 	 -1.000000 	 0.040206 	 1.000000
  213 	 0.009174 	 0.072558 	 1.000000
  214 	 0.018868 	 0.051991 	 0.333333
  215 	 0.010000 	 0.026527 	 0.250000
  216 	 0.006061 	 0.024852 	 0.333333
  217 	 0.006135 	 0.023474 	 0.333333
  218 	 -0.333333 	 0.176618 	 10.000000
  219 	 0.014925 	 0.340532 	 10.000000
  220 	 0.055556 	 1.656322 	 10.000000
  221 	 0.125000 	 1.182755 	 10.000000
  222 	 -1.000000 	 3.966905 	 10.000000
  223 	 -0.250000 	 0.052412 	 10.000000
  224 	 -1.000000 	 0.481769 	 10.000000
  225 	 -0.500000 	 1.006457 	 10.000000
  226 	 -1.000000 	 1.423452 	 10.000000
  227 	 -1.000000 	 1.120109 	 10.000000
  228 	 -0.250000 	 0.196361 	 10.000000
  229 	 -1.000000 	 3.389150 	 10.000000
  230 	 -1.000000 	 3.220238 	 10.000000
  231 	 -1.000000 	 0.242857 	 10.000000
  232 	 -1.000000 	 1.924660 	 10.000000
  233 	 0.111111 	 0.794297 	 10.000000
  234 	 -0.333333 	 1.447321 	 10.000000
  235 	 0.100000 	 1.737228 	 10.000000
  236 	 -1.000000 	 1.171587 	 10.000000
  237 	 -1.000000 	 1.150930 	 10.000000
  238 	 -1.000000 	 0.733109 	 10.000000
  239 	 -1.000000 	 0.557738 	 10.000000
  240 	 -0.333333 	 0.575965 	 10.000000
  241 	 0.083333 	 0.607650 	 10.000000
  242 	 -1.000000 	 0.182126 	 1.000000
  243 	 -1.000000 	 1.094476 	 10.000000
  244 	 -1.000000 	 -0.007139 	 10.000000
  245 	 -1.000000 	 0.710451 	 10.000000
  246 	 0.066667 	 0.156240 	 1.000000
  247 	 -0.500000 	 0.091183 	 10.000000
  248 	 -1.000000 	 -0.132689 	 10.000000
  249 	 -0.333333 	 1.748677 	 10.000000
  250 	 0.111111 	 1.661706 	 10.000000
  251 	 -0.500000 	 0.036320 	 1.000000
  252 	 -1.000000 	 0.541274 	 10.000000
  253 	 -0.500000 	 0.386931 	 10.000000
  254 	 -0.500000 	 -0.095097 	 -0.043478
  255 	 -0.500000 	 0.251971 	 10.000000
  256 	 -1.000000 	 0.051281 	 10.000000
  257 	 -1.000000 	 2.350000 	 10.000000
  258 	 -0.500000 	 0.132432 	 10.000000
  259 	 0.052632 	 1.258199 	 10.000000
  260 	 -0.500000 	 0.434252 	 10.000000
  261 	 -1.000000 	 2.247993 	 10.000000
  262 	 0.019231 	 0.065673 	 0.333333
  263 	 -1.000000 	 0.958238 	 10.000000
  264 	 -0.166667 	 1.403369 	 10.000000
  265 	 -0.333333 	 0.230278 	 10.000000
  266 	 -1.000000 	 0.796429 	 10.000000
  267 	 -0.125000 	 0.112283 	 10.000000
  268 	 0.090909 	 0.570126 	 10.000000
  269 	 -1.000000 	 0.393057 	 10.000000
  270 	 -1.000000 	 0.483177 	 10.000000
  271 	 -1.000000 	 2.716012 	 10.000000
  272 	 -0.500000 	 1.632653 	 10.000000
  273 	 -0.500000 	 2.102857 	 10.000000
  274 	 -1.000000 	 0.401185 	 10.000000
  275 	 -1.000000 	 0.236731 	 10.000000
  276 	 -1.000000 	 0.369886 	 10.000000
  277 	 0.008850 	 0.021036 	 0.142857
  278 	 -0.500000 	 0.165471 	 10.000000
  279 	 0.006803 	 0.028845 	 0.500000
  280 	 0.008000 	 0.173983 	 10.000000
  281 	 0.023810 	 0.106195 	 1.000000
  282 	 -1.000000 	 0.322754 	 10.000000
  283 	 -0.250000 	 -0.032625 	 -0.009434
  284 	 -0.250000 	 -0.026590 	 -0.004545
  285 	 -0.250000 	 -0.017982 	 -0.003690
  286 	 -0.250000 	 -0.017631 	 -0.003846
  287 	 -0.250000 	 -0.017478 	 -0.003731
  288 	 -0.250000 	 -0.017658 	 -0.003802
  289 	 -0.250000 	 -0.023636 	 -0.004444
  290 	 -0.250000 	 -0.017649 	 -0.003717
  291 	 -0.250000 	 -0.017412 	 -0.003650
  292 	 -0.250000 	 -0.017450 	 -0.003759
  293 	 -0.250000 	 -0.021142 	 -0.005000
  294 	 -0.250000 	 -0.017945 	 -0.003774
  295 	 -0.250000 	 -0.017001 	 -0.003690
  296 	 -0.250000 	 0.266928 	 10.000000
  297 	 -0.250000 	 -0.045066 	 -0.019231
  298 	 -0.250000 	 -0.015071 	 -0.003460
  299 	 -0.333333 	 -0.020001 	 -0.003906
  300 	 -0.250000 	 -0.020814 	 -0.004425
  301 	 -0.333333 	 -0.021942 	 -0.004274
  302 	 -0.333333 	 -0.023063 	 -0.004608
  303 	 -0.333333 	 -0.021785 	 -0.004878
  304 	 -0.200000 	 -0.017019 	 -0.004255
  305 	 -0.200000 	 -0.014742 	 -0.003058
  306 	 -0.200000 	 -0.013945 	 -0.002933
  307 	 -0.200000 	 -0.013870 	 -0.002809
  308 	 -0.500000 	 -0.019294 	 -0.002817
  309 	 -0.500000 	 -0.028764 	 -0.004292
  310 	 -0.125000 	 0.123314 	 10.000000
  311 	 -1.000000 	 0.989524 	 10.000000
  312 	 -1.000000 	 0.008571 	 1.000000
  313 	 0.006993 	 0.042174 	 0.250000
  314 	 0.009901 	 0.177917 	 10.000000
  315 	 0.023810 	 0.916674 	 10.000000
  316 	 0.045455 	 0.184816 	 0.333333
  317 	 -1.000000 	 0.200654 	 10.000000
  318 	 0.090909 	 1.880070 	 10.000000
  319 	 -1.000000 	 2.898741 	 10.000000
  320 	 -1.000000 	 1.266667 	 10.000000
  321 	 -1.000000 	 1.298410 	 10.000000
  322 	 -1.000000 	 -0.081216 	 -0.031250
  323 	 -1.000000 	 -0.052030 	 -0.010309
  324 	 -1.000000 	 -0.074081 	 -0.016129
  325 	 -1.000000 	 -0.066173 	 -0.012346
  326 	 -1.000000 	 -0.068310 	 -0.012987
  327 	 -1.000000 	 -0.069369 	 -0.012500
  328 	 -1.000000 	 0.071309 	 10.000000
  329 	 -1.000000 	 -0.066266 	 -0.012658
  330 	 -1.000000 	 -0.071349 	 -0.015625
  331 	 -1.000000 	 -0.071798 	 -0.015152
  332 	 -0.500000 	 -0.043829 	 -0.012048
  333 	 -0.500000 	 -0.035082 	 -0.007353
  334 	 -0.500000 	 -0.066874 	 -0.009434
  335 	 -1.000000 	 -0.034502 	 -0.004505
  336 	 -0.500000 	 -0.032061 	 -0.006452
  337 	 -0.500000 	 -0.036359 	 -0.007092
  338 	 -0.500000 	 -0.036026 	 -0.007519
  339 	 -0.500000 	 0.260596 	 10.000000
  340 	 -0.500000 	 0.095206 	 10.000000
  341 	 -0.333333 	 1.719986 	 10.000000
  342 	 -1.000000 	 0.399359 	 10.000000
  343 	 0.043478 	 1.850128 	 10.000000
  344 	 -1.000000 	 -0.155301 	 -0.027778
  345 	 -1.000000 	 -0.074273 	 -0.015873
  346 	 -1.000000 	 0.218538 	 10.000000
  347 	 -1.000000 	 2.433810 	 10.000000
  348 	 -1.000000 	 0.184057 	 10.000000
  349 	 0.033333 	 0.127612 	 1.000000
  350 	 -1.000000 	 1.419541 	 10.000000
  351 	 -0.333333 	 -0.051366 	 -0.021739
  352 	 -0.333333 	 -0.023971 	 -0.005102
  353 	 -0.333333 	 -0.025036 	 -0.004587
  354 	 -0.333333 	 0.120897 	 10.000000
  355 	 -0.500000 	 1.895238 	 10.000000
  356 	 -1.000000 	 5.120238 	 10.000000
  357 	 -1.000000 	 0.084361 	 10.000000
  358 	 -1.000000 	 0.961556 	 10.000000
  359 	 -1.000000 	 0.885374 	 10.000000
  360 	 -0.500000 	 0.024238 	 10.000000
  361 	 -1.000000 	 -0.028163 	 1.000000
  362 	 0.003717 	 0.017756 	 0.250000
  363 	 0.003497 	 0.017812 	 0.250000
  364 	 0.003663 	 0.015198 	 0.250000
  365 	 0.003497 	 0.031003 	 1.000000
  366 	 0.006944 	 0.177922 	 10.000000
  367 	 -1.000000 	 0.204756 	 10.000000
  368 	 -1.000000 	 0.950357 	 10.000000
  369 	 -1.000000 	 2.696020 	 10.000000
  370 	 -1.000000 	 -0.033690 	 10.000000
  371 	 -0.500000 	 0.345952 	 10.000000
  372 	 -1.000000 	 1.284271 	 10.000000
  373 	 -1.000000 	 0.299305 	 10.000000
  374 	 -1.000000 	 0.504299 	 10.000000
  375 	 -1.000000 	 0.721418 	 10.000000
  376 	 -0.500000 	 -0.039382 	 1.000000
  377 	 0.014085 	 0.082700 	 1.000000
  378 	 0.012048 	 0.214120 	 10.000000
  379 	 -0.500000 	 1.196671 	 10.000000
  380 	 -0.500000 	 0.725245 	 10.000000
  381 	 -1.000000 	 0.789949 	 10.000000
  382 	 -1.000000 	 0.236837 	 10.000000
  383 	 -1.000000 	 -0.093853 	 -0.023810
  384 	 -1.000000 	 -0.061978 	 -0.012500
  385 	 -1.000000 	 -0.058664 	 -0.016129
  386 	 -1.000000 	 -0.096925 	 -0.016667
  387 	 -1.000000 	 -0.063340 	 -0.016393
  388 	 -1.000000 	 -0.056359 	 1.000000
  389 	 -1.000000 	 0.755516 	 10.000000
  390 	 -1.000000 	 0.281887 	 10.000000
  391 	 -1.000000 	 -0.046525 	 -0.007937
  392 	 -0.250000 	 -0.029004 	 -0.008929
  393 	 -0.250000 	 -0.020338 	 -0.003891
  394 	 -0.333333 	 -0.018633 	 -0.003597
  395 	 -0.333333 	 -0.022638 	 -0.004587
  396 	 -0.333333 	 -0.023545 	 -0.005025
  397 	 -0.333333 	 -0.022653 	 -0.004695
  398 	 -0.333333 	 -0.023725 	 -0.005025
  399 	 -0.333333 	 -0.029049 	 -0.007042
 