   0 	 -1.000000 	 0.005444 	 1.000000
    1 	 -1.000000 	 -0.001832 	 0.200000
    2 	 0.001420 	 0.006379 	 0.090909
    3 	 0.001351 	 0.006003 	 0.083333
    4 	 0.001330 	 0.007289 	 0.142857
    5 	 0.001529 	 0.007253 	 0.083333
    6 	 0.001613 	 0.006459 	 0.083333
    7 	 0.001484 	 0.006378 	 0.090909
    8 	 0.001410 	 0.006825 	 0.083333
    9 	 0.001433 	 0.007909 	 0.125000
   10 	 0.001610 	 0.008607 	 0.166667
   11 	 0.001730 	 0.008964 	 0.125000
   12 	 0.001876 	 0.009305 	 0.111111
   13 	 0.001894 	 0.008875 	 0.142857
   14 	 0.001912 	 0.008090 	 0.111111
   15 	 0.001905 	 0.008627 	 0.111111
   16 	 0.001953 	 0.007844 	 0.100000
   17 	 -1.000000 	 -0.006024 	 0.125000
   18 	 0.001477 	 0.007491 	 0.125000
   19 	 0.001486 	 0.006892 	 0.100000
   20 	 0.001420 	 0.006570 	 0.090909
   21 	 0.001403 	 0.006606 	 0.090909
   22 	 0.001475 	 0.007006 	 0.100000
   23 	 0.001475 	 0.007451 	 0.100000
   24 	 0.001484 	 0.009257 	 0.166667
   25 	 0.001866 	 0.008613 	 0.100000
   26 	 0.001825 	 0.007809 	 0.071429
   27 	 0.001701 	 0.009822 	 0.166667
   28 	 0.001869 	 0.008570 	 0.166667
   29 	 0.001898 	 0.009244 	 0.100000
   30 	 0.002342 	 0.008948 	 0.083333
   31 	 0.001957 	 0.008566 	 0.083333
   32 	 0.002012 	 0.007761 	 0.071429
   33 	 -0.500000 	 0.003707 	 0.250000
   34 	 0.001727 	 0.007312 	 0.083333
   35 	 -1.000000 	 -0.004983 	 0.111111
   36 	 0.000912 	 0.004401 	 0.062500
   37 	 0.000913 	 0.004365 	 0.062500
   38 	 0.000931 	 0.004436 	 0.062500
   39 	 0.000964 	 0.004415 	 0.062500
   40 	 0.000937 	 0.004515 	 0.062500
   41 	 0.000990 	 0.004447 	 0.062500
   42 	 0.000940 	 0.004552 	 0.062500
   43 	 0.000946 	 0.004675 	 0.062500
   44 	 0.000987 	 0.004773 	 0.062500
   45 	 0.001027 	 0.005085 	 0.076923
   46 	 0.001065 	 0.006328 	 0.125000
   47 	 0.001156 	 0.004954 	 0.062500
   48 	 0.001091 	 0.005078 	 0.076923
   49 	 0.001045 	 0.004962 	 0.071429
   50 	 0.001038 	 0.004927 	 0.071429
   51 	 0.001049 	 0.004858 	 0.055556
   52 	 0.001042 	 0.004913 	 0.076923
   53 	 0.001011 	 0.004710 	 0.055556
   54 	 0.001041 	 0.005381 	 0.090909
   55 	 0.001075 	 0.005025 	 0.062500
   56 	 0.001116 	 0.005116 	 0.062500
   57 	 0.001107 	 0.005066 	 0.062500
   58 	 0.001080 	 0.005306 	 0.066667
   59 	 0.001091 	 0.005190 	 0.066667
   60 	 0.001093 	 0.005094 	 0.066667
   61 	 0.001025 	 0.004870 	 0.066667
   62 	 0.001014 	 0.004668 	 0.062500
   63 	 0.001048 	 0.004841 	 0.062500
   64 	 0.001040 	 0.005020 	 0.071429
   65 	 0.001070 	 0.005885 	 0.125000
   66 	 0.001274 	 0.005708 	 0.090909
   67 	 0.001209 	 0.005542 	 0.076923
   68 	 0.001166 	 0.005520 	 0.076923
   69 	 0.001198 	 0.006114 	 0.076923
   70 	 0.001471 	 0.006798 	 0.090909
   71 	 0.001408 	 0.008118 	 0.166667
   72 	 0.001590 	 0.006434 	 0.066667
   73 	 0.001408 	 0.007334 	 0.125000
   74 	 0.001475 	 0.006343 	 0.076923
   75 	 0.001340 	 0.008237 	 0.125000
   76 	 0.001812 	 0.007522 	 0.071429
   77 	 0.001786 	 0.008902 	 0.111111
   78 	 0.001984 	 0.013354 	 0.250000
   79 	 0.002591 	 0.029167 	 1.000000
   80 	 0.005780 	 0.047664 	 1.000000
   81 	 0.012346 	 0.066356 	 1.000000
   82 	 0.018868 	 0.086223 	 1.000000
   83 	 0.025000 	 0.247901 	 10.000000
   84 	 -0.250000 	 -0.030471 	 -0.009091
   85 	 -0.500000 	 -0.024903 	 -0.004545
   86 	 -0.125000 	 -0.008484 	 -0.001751
   87 	 -0.125000 	 -0.008938 	 -0.001805
   88 	 -0.125000 	 -0.008772 	 -0.001818
   89 	 -0.125000 	 -0.008824 	 -0.001838
   90 	 -0.125000 	 -0.009088 	 -0.001880
   91 	 -0.125000 	 -0.008884 	 -0.001805
   92 	 -0.125000 	 -0.008498 	 -0.001883
   93 	 -0.125000 	 -0.008303 	 -0.001773
   94 	 -0.125000 	 -0.008715 	 -0.001835
   95 	 -0.125000 	 -0.008882 	 -0.001779
   96 	 -0.125000 	 -0.008745 	 -0.001825
   97 	 -0.111111 	 -0.008785 	 -0.001835
   98 	 -0.125000 	 -0.008091 	 -0.001645
   99 	 -0.142857 	 -0.008761 	 -0.001742
  100 	 -0.142857 	 -0.009039 	 -0.002012
  101 	 -0.142857 	 -0.009714 	 -0.002024
  102 	 -0.142857 	 -0.009508 	 -0.002041
  103 	 -0.142857 	 -0.009981 	 -0.002062
  104 	 -0.142857 	 -0.009866 	 -0.002041
  105 	 -0.250000 	 -0.012484 	 -0.002137
  106 	 -0.250000 	 -0.014157 	 -0.002907
  107 	 -0.250000 	 -0.017972 	 -0.003460
  108 	 -0.250000 	 -0.017435 	 -0.003610
  109 	 -0.166667 	 -0.015571 	 -0.003650
  110 	 -0.166667 	 -0.012534 	 -0.002584
  111 	 -0.166667 	 -0.011992 	 -0.002469
  112 	 -0.166667 	 -0.012104 	 -0.002427
  113 	 -0.166667 	 -0.011459 	 -0.002445
  114 	 -0.166667 	 -0.011668 	 -0.002433
  115 	 -0.166667 	 -0.011518 	 -0.002398
  116 	 -0.166667 	 -0.011614 	 -0.002370
  117 	 -0.166667 	 -0.012767 	 -0.002857
  118 	 -0.166667 	 -0.011508 	 -0.002392
  119 	 -0.166667 	 -0.011522 	 -0.002326
  120 	 -0.166667 	 -0.011390 	 -0.002331
  121 	 -0.166667 	 -0.011765 	 -0.002331
  122 	 -0.166667 	 -0.011477 	 -0.002451
  123 	 -0.166667 	 -0.010963 	 -0.002268
  124 	 -0.166667 	 -0.010132 	 -0.002331
  125 	 -0.166667 	 -0.012160 	 -0.002387
  126 	 -0.166667 	 -0.011344 	 -0.002353
  127 	 -0.166667 	 -0.012413 	 -0.002427
  128 	 -0.500000 	 -0.017283 	 -0.002252
  129 	 -0.250000 	 -0.017157 	 -0.003802
  130 	 -0.250000 	 -0.016176 	 -0.003390
  131 	 -0.250000 	 -0.016909 	 -0.003436
  132 	 -0.250000 	 0.121272 	 10.000000
  133 	 -1.000000 	 1.457146 	 10.000000
  134 	 -0.500000 	 0.045068 	 10.000000
  135 	 -0.250000 	 1.448736 	 10.000000
  136 	 -0.500000 	 0.759286 	 10.000000
  137 	 -1.000000 	 -0.036113 	 10.000000
  138 	 -0.500000 	 0.242653 	 10.000000
  139 	 -1.000000 	 4.430238 	 10.000000
  140 	 -0.500000 	 -0.186393 	 -0.058824
  141 	 -0.500000 	 -0.034785 	 -0.006452
  142 	 -0.500000 	 -0.038126 	 -0.006452
  143 	 -0.500000 	 -0.033648 	 -0.006803
  144 	 -0.500000 	 -0.034367 	 -0.006757
  145 	 -0.500000 	 -0.033480 	 -0.006711
  146 	 -0.500000 	 -0.029267 	 -0.006623
  147 	 -0.500000 	 -0.033515 	 -0.006849
  148 	 -0.500000 	 0.237679 	 10.000000
  149 	 0.013333 	 0.074095 	 0.500000
  150 	 0.016667 	 0.207818 	 10.000000
  151 	 0.043478 	 0.350248 	 10.000000
  152 	 -1.000000 	 1.536044 	 10.000000
  153 	 -1.000000 	 0.112840 	 10.000000
  154 	 -1.000000 	 1.019802 	 10.000000
  155 	 -1.000000 	 0.643016 	 10.000000
  156 	 0.034483 	 0.166414 	 1.000000
  157 	 0.038462 	 0.279187 	 10.000000
  158 	 -1.000000 	 1.833333 	 10.000000
  159 	 -0.250000 	 -0.048789 	 1.000000
  160 	 0.017857 	 0.414752 	 10.000000
  161 	 -0.250000 	 -0.030393 	 -0.008197
  162 	 -0.250000 	 -0.019714 	 -0.004292
  163 	 -0.250000 	 -0.019619 	 -0.003521
  164 	 -0.250000 	 -0.018605 	 -0.003968
  165 	 -0.200000 	 -0.016501 	 -0.003690
  166 	 -0.200000 	 -0.014896 	 -0.003086
  167 	 -0.200000 	 -0.012702 	 -0.002890
  168 	 -0.200000 	 -0.014102 	 -0.002950
  169 	 -0.200000 	 -0.014284 	 -0.002959
  170 	 -0.200000 	 -0.013666 	 -0.002890
  171 	 -0.200000 	 -0.014320 	 -0.002849
  172 	 -0.200000 	 -0.013848 	 -0.002915
  173 	 -0.200000 	 -0.013744 	 -0.002513
  174 	 -0.200000 	 -0.014259 	 -0.003030
  175 	 -1.000000 	 -0.026942 	 -0.002857
  176 	 -0.200000 	 -0.015756 	 -0.004525
  177 	 -0.200000 	 -0.013209 	 -0.002882
  178 	 -0.200000 	 -0.013810 	 -0.002841
  179 	 -0.200000 	 -0.014446 	 -0.002967
  180 	 -0.111111 	 -0.011081 	 -0.002740
  181 	 -0.111111 	 -0.008033 	 -0.001745
  182 	 -0.111111 	 -0.008533 	 -0.001745
  183 	 -0.111111 	 -0.007315 	 -0.001603
  184 	 -0.111111 	 -0.007659 	 -0.001587
  185 	 -0.111111 	 -0.007720 	 -0.001582
  186 	 -0.142857 	 -0.008431 	 -0.001681
  187 	 -0.142857 	 -0.009888 	 -0.001984
  188 	 -0.142857 	 -0.009995 	 -0.002079
  189 	 -0.090909 	 -0.008450 	 -0.001984
  190 	 -0.100000 	 -0.006560 	 -0.001385
  191 	 -0.100000 	 -0.007076 	 -0.001443
  192 	 -0.100000 	 -0.006825 	 -0.001429
  193 	 -0.100000 	 -0.007263 	 -0.001418
  194 	 -0.100000 	 -0.006976 	 -0.001445
  195 	 -0.100000 	 -0.006901 	 -0.001466
  196 	 -0.100000 	 -0.006836 	 -0.001449
  197 	 -0.100000 	 -0.007021 	 -0.001433
  198 	 -0.100000 	 -0.007338 	 -0.001447
  199 	 -0.090909 	 -0.006883 	 -0.001449
  200 	 -0.090909 	 -0.006164 	 -0.001319
  201 	 -0.100000 	 -0.006566 	 -0.001335
  202 	 -0.100000 	 -0.006867 	 -0.001429
  203 	 -0.100000 	 -0.006881 	 -0.001431
  204 	 -0.100000 	 -0.006925 	 -0.001490
  205 	 -0.100000 	 -0.006975 	 -0.001464
  206 	 -0.100000 	 -0.007504 	 -0.001527
  207 	 -0.100000 	 -0.006865 	 -0.001443
  208 	 -0.100000 	 -0.006778 	 -0.001414
  209 	 -0.100000 	 -0.006829 	 -0.001437
  210 	 -0.100000 	 -0.006907 	 -0.001458
  211 	 -0.100000 	 -0.006782 	 -0.001447
  212 	 -0.100000 	 -0.006913 	 -0.001453
  213 	 -0.100000 	 -0.006923 	 -0.001435
  214 	 -0.076923 	 -0.006502 	 -0.001471
  215 	 -0.100000 	 -0.005898 	 -0.001164
  216 	 -0.100000 	 -0.006557 	 -0.001346
  217 	 -0.100000 	 -0.006923 	 -0.001456
  218 	 -0.100000 	 -0.007025 	 -0.001460
  219 	 -0.100000 	 -0.006851 	 -0.001441
  220 	 -0.100000 	 -0.006913 	 -0.001445
  221 	 -0.100000 	 -0.006896 	 -0.001439
  222 	 -0.100000 	 -0.006680 	 -0.001453
  223 	 -0.100000 	 -0.006892 	 -0.001473
  224 	 -0.100000 	 -0.007076 	 -0.001443
  225 	 -0.083333 	 -0.006495 	 -0.001439
  226 	 -0.083333 	 -0.005862 	 -0.001259
  227 	 -0.083333 	 -0.005750 	 -0.001199
  228 	 -0.083333 	 -0.005739 	 -0.001190
  229 	 -0.083333 	 -0.005811 	 -0.001214
  230 	 -0.083333 	 -0.005861 	 -0.001215
  231 	 -0.083333 	 -0.005761 	 -0.001195
  232 	 -0.083333 	 -0.005818 	 -0.001209
  233 	 -0.083333 	 -0.005906 	 -0.001218
  234 	 -0.083333 	 -0.005544 	 -0.001195
  235 	 -0.083333 	 -0.005882 	 -0.001224
  236 	 -0.083333 	 -0.005626 	 -0.001193
  237 	 -0.083333 	 -0.005804 	 -0.001208
  238 	 -0.083333 	 -0.005797 	 -0.001232
  239 	 -0.076923 	 -0.005876 	 -0.001218
  240 	 -0.083333 	 -0.005735 	 -0.001148
  241 	 -0.083333 	 -0.005766 	 -0.001203
  242 	 -0.083333 	 -0.005726 	 -0.001190
  243 	 -0.083333 	 -0.005783 	 -0.001208
  244 	 -0.083333 	 -0.005981 	 -0.001221
  245 	 -0.083333 	 -0.005854 	 -0.001209
  246 	 -0.083333 	 -0.005644 	 -0.001205
  247 	 -0.083333 	 -0.005786 	 -0.001225
  248 	 -0.083333 	 -0.005860 	 -0.001220
  249 	 -0.066667 	 -0.005483 	 -0.001214
  250 	 -0.066667 	 -0.004872 	 -0.001002
  251 	 -0.066667 	 -0.004971 	 -0.001026
  252 	 -0.066667 	 -0.004631 	 -0.000971
  253 	 -0.066667 	 -0.004588 	 -0.000954
  254 	 -0.066667 	 -0.004577 	 -0.000945
  255 	 -0.066667 	 -0.004669 	 -0.000973
  256 	 -0.066667 	 -0.004620 	 -0.000971
  257 	 -0.066667 	 -0.004618 	 -0.000966
  258 	 -0.066667 	 -0.004722 	 -0.000983
  259 	 -0.066667 	 -0.004653 	 -0.000967
  260 	 -0.066667 	 -0.004623 	 -0.000972
  261 	 -0.066667 	 -0.004631 	 -0.000960
  262 	 -0.066667 	 -0.004618 	 -0.000979
  263 	 -0.100000 	 -0.005323 	 -0.000978
  264 	 -0.100000 	 -0.006625 	 -0.001295
  265 	 -0.100000 	 -0.006888 	 -0.001437
  266 	 -0.100000 	 -0.007083 	 -0.001471
  267 	 -0.090909 	 -0.006691 	 -0.001439
  268 	 -0.090909 	 -0.006511 	 -0.001357
  269 	 -0.100000 	 -0.006558 	 -0.001340
  270 	 -0.166667 	 -0.008286 	 -0.001418
  271 	 -0.166667 	 -0.010761 	 -0.002096
  272 	 -0.166667 	 -0.011556 	 -0.002309
  273 	 -0.166667 	 -0.012360 	 -0.002488
  274 	 -0.166667 	 -0.011977 	 -0.002381
  275 	 -0.166667 	 -0.011584 	 -0.002481
  276 	 -0.166667 	 -0.011731 	 -0.002381
  277 	 -0.166667 	 -0.011747 	 -0.002558
  278 	 -0.200000 	 -0.012284 	 -0.002392
  279 	 -0.200000 	 -0.013866 	 -0.002874
  280 	 -1.000000 	 -0.027189 	 -0.002976
  281 	 -0.500000 	 -0.036117 	 -0.004975
  282 	 -0.500000 	 -0.031588 	 -0.006579
  283 	 -0.500000 	 -0.039461 	 -0.006897
  284 	 -0.500000 	 0.108542 	 10.000000
  285 	 -0.250000 	 0.159434 	 10.000000
  286 	 -0.500000 	 0.310931 	 10.000000
  287 	 -0.200000 	 2.340633 	 10.000000
  288 	 -1.000000 	 1.345595 	 10.000000
  289 	 -0.500000 	 -0.166006 	 0.333333
  290 	 -0.200000 	 -0.014067 	 -0.003125
  291 	 -0.200000 	 -0.013595 	 -0.002833
  292 	 -0.250000 	 -0.015586 	 -0.003003
  293 	 -0.250000 	 -0.015993 	 -0.003559
  294 	 -0.500000 	 0.117595 	 10.000000
  295 	 -1.000000 	 1.888265 	 10.000000
  296 	 -1.000000 	 1.624065 	 10.000000
  297 	 -1.000000 	 0.840000 	 10.000000
  298 	 -0.250000 	 0.231554 	 10.000000
  299 	 -1.000000 	 1.468492 	 10.000000
  300 	 -1.000000 	 -0.194630 	 10.000000
  301 	 -0.333333 	 0.554292 	 10.000000
  302 	 -1.000000 	 1.269524 	 10.000000
  303 	 -0.111111 	 -0.063662 	 -0.035714
  304 	 -0.090909 	 -0.007165 	 -0.001597
  305 	 -0.142857 	 -0.007692 	 -0.001383
  306 	 -0.090909 	 -0.007638 	 -0.001866
  307 	 -0.090909 	 -0.006622 	 -0.001506
  308 	 -0.066667 	 -0.006314 	 -0.001420
  309 	 -0.090909 	 -0.005203 	 -0.001003
  310 	 -0.090909 	 -0.005821 	 -0.001241
  311 	 -0.090909 	 -0.006220 	 -0.001280
  312 	 -0.090909 	 -0.006398 	 -0.001312
  313 	 -0.090909 	 -0.006309 	 -0.001346
  314 	 -0.090909 	 -0.006327 	 -0.001326
  315 	 -0.066667 	 -0.005927 	 -0.001353
  316 	 -0.090909 	 -0.005271 	 -0.001007
  317 	 -0.090909 	 -0.005764 	 -0.001263
  318 	 -0.100000 	 -0.006686 	 -0.001362
  319 	 -0.111111 	 -0.007643 	 -0.001524
  320 	 -0.100000 	 -0.007832 	 -0.001695
  321 	 -0.100000 	 -0.007103 	 -0.001517
  322 	 -0.125000 	 -0.007393 	 -0.001477
  323 	 -0.125000 	 -0.008296 	 -0.001718
  324 	 -0.125000 	 -0.008994 	 -0.001845
  325 	 -0.125000 	 -0.009361 	 -0.001923
  326 	 -0.125000 	 -0.008676 	 -0.001855
  327 	 -0.125000 	 -0.008932 	 -0.001845
  328 	 -0.250000 	 -0.011223 	 -0.001848
  329 	 -0.250000 	 -0.014973 	 -0.002825
  330 	 -0.250000 	 -0.017133 	 -0.003610
  331 	 -0.250000 	 -0.017111 	 -0.003509
  332 	 -1.000000 	 -0.031043 	 -0.004000
  333 	 -1.000000 	 -0.042772 	 -0.006711
  334 	 -0.250000 	 -0.022978 	 -0.006667
  335 	 -0.250000 	 -0.017195 	 -0.003534
  336 	 -0.250000 	 -0.018018 	 -0.003906
  337 	 -1.000000 	 -0.037401 	 -0.003906
  338 	 -0.111111 	 -0.021541 	 -0.006849
  339 	 -0.166667 	 -0.008990 	 -0.001721
  340 	 -0.111111 	 -0.010058 	 -0.002105
  341 	 -0.111111 	 -0.008228 	 -0.001613
  342 	 -0.111111 	 -0.007907 	 -0.001678
  343 	 -0.111111 	 -0.008025 	 -0.001658
  344 	 -0.111111 	 -0.007939 	 -0.001623
  345 	 -0.111111 	 -0.007779 	 -0.001629
  346 	 -0.142857 	 -0.008541 	 -0.001645
  347 	 -0.142857 	 -0.009551 	 -0.001916
  348 	 -0.142857 	 -0.009929 	 -0.002000
  349 	 -0.142857 	 -0.009790 	 -0.002041
  350 	 -0.142857 	 -0.009927 	 -0.002045
  351 	 -0.142857 	 -0.010824 	 -0.002114
  352 	 -0.142857 	 -0.009991 	 -0.002105
  353 	 -0.142857 	 -0.009822 	 -0.002049
  354 	 -0.142857 	 -0.010676 	 -0.002183
  355 	 -0.142857 	 -0.010224 	 -0.002128
  356 	 -0.090909 	 -0.008354 	 -0.002174
  357 	 -0.090909 	 -0.006379 	 -0.001391
  358 	 -0.090909 	 -0.006327 	 -0.001325
  359 	 -0.076923 	 -0.006048 	 -0.001326
  360 	 -0.076923 	 -0.005438 	 -0.001152
  361 	 -0.076923 	 -0.005953 	 -0.001211
  362 	 -0.076923 	 -0.005548 	 -0.001166
  363 	 -0.076923 	 -0.005361 	 -0.001130
  364 	 -0.076923 	 -0.005341 	 -0.001116
  365 	 -0.076923 	 -0.005368 	 -0.001116
  366 	 -0.076923 	 -0.005272 	 -0.001125
  367 	 -0.071429 	 -0.005282 	 -0.001152
  368 	 -0.090909 	 -0.005612 	 -0.001064
  369 	 -0.071429 	 -0.005876 	 -0.001272
  370 	 -0.071429 	 -0.005276 	 -0.001119
  371 	 -0.071429 	 -0.004948 	 -0.001047
  372 	 -0.100000 	 -0.005642 	 -0.001055
  373 	 -0.071429 	 -0.005746 	 -0.001299
  374 	 -0.071429 	 -0.005199 	 -0.001129
  375 	 -0.071429 	 -0.004984 	 -0.001058
  376 	 -0.071429 	 -0.005169 	 -0.001152
  377 	 -0.071429 	 -0.004959 	 -0.001045
  378 	 -0.200000 	 -0.008007 	 -0.001143
  379 	 -0.083333 	 -0.007551 	 -0.001942
  380 	 -0.083333 	 -0.006309 	 -0.001319
  381 	 -0.083333 	 -0.005793 	 -0.001221
  382 	 -0.083333 	 -0.005784 	 -0.001196
  383 	 -0.071429 	 -0.005522 	 -0.001224
  384 	 -0.071429 	 -0.004969 	 -0.001041
  385 	 -0.071429 	 -0.004954 	 -0.001032
  386 	 -0.071429 	 -0.005223 	 -0.001059
  387 	 -0.100000 	 -0.005570 	 -0.001050
  388 	 -0.100000 	 -0.006636 	 -0.001332
  389 	 -0.100000 	 -0.007036 	 -0.001445
  390 	 -0.100000 	 -0.006772 	 -0.001431
  391 	 -0.100000 	 -0.007276 	 -0.001502
  392 	 -0.100000 	 -0.006969 	 -0.001462
  393 	 -0.100000 	 -0.006771 	 -0.001418
  394 	 -0.090909 	 -0.006732 	 -0.001473
  395 	 -0.090909 	 -0.006446 	 -0.001389
  396 	 -0.066667 	 -0.005757 	 -0.001357
  397 	 -0.066667 	 -0.004764 	 -0.000994
  398 	 -0.066667 	 -0.004576 	 -0.000963
  399 	 -0.066667 	 -0.004708 	 -0.000970
 