   0 	 -0.200000 	 -0.049149 	 -0.016949
    1 	 -0.200000 	 -0.014511 	 -0.003236
    2 	 -0.200000 	 -0.014191 	 -0.003257
    3 	 -0.250000 	 -0.014812 	 -0.002933
    4 	 -0.500000 	 0.121487 	 10.000000
    5 	 -1.000000 	 3.159884 	 10.000000
    6 	 -1.000000 	 1.161630 	 10.000000
    7 	 -0.500000 	 1.065669 	 10.000000
    8 	 0.038462 	 0.082372 	 0.200000
    9 	 0.035714 	 0.123847 	 1.000000
   10 	 -1.000000 	 1.012568 	 10.000000
   11 	 0.017857 	 0.058505 	 0.333333
   12 	 -1.000000 	 0.539428 	 10.000000
   13 	 -0.333333 	 -0.056937 	 1.000000
   14 	 -0.333333 	 -0.024204 	 -0.006024
   15 	 -0.333333 	 -0.022449 	 -0.004717
   16 	 -0.333333 	 -0.022350 	 -0.004587
   17 	 -0.333333 	 -0.022770 	 -0.004878
   18 	 -0.333333 	 -0.021702 	 -0.004739
   19 	 -0.333333 	 -0.022961 	 -0.004926
   20 	 -0.333333 	 -0.022127 	 -0.004630
   21 	 -0.333333 	 -0.022851 	 -0.004608
   22 	 -0.333333 	 -0.025001 	 -0.005376
   23 	 -0.333333 	 -0.024436 	 -0.005000
   24 	 -0.500000 	 -0.012963 	 1.000000
   25 	 0.017857 	 0.076508 	 1.000000
   26 	 0.022727 	 0.081667 	 0.333333
   27 	 -1.000000 	 0.847622 	 10.000000
   28 	 -1.000000 	 0.342379 	 10.000000
   29 	 0.007143 	 0.032386 	 0.250000
   30 	 0.006849 	 0.025285 	 0.250000
   31 	 -0.500000 	 0.033694 	 1.000000
   32 	 -1.000000 	 0.025502 	 0.500000
   33 	 0.008000 	 0.031712 	 0.333333
   34 	 0.006250 	 0.045972 	 1.000000
   35 	 0.007246 	 0.041292 	 1.000000
   36 	 0.007143 	 0.030889 	 0.500000
   37 	 0.007634 	 0.036833 	 0.500000
   38 	 -1.000000 	 0.013574 	 1.000000
   39 	 0.009259 	 0.051021 	 0.500000
   40 	 0.010309 	 0.041177 	 0.500000
   41 	 0.007576 	 0.036775 	 0.500000
   42 	 0.007692 	 0.044713 	 1.000000
   43 	 0.009174 	 0.040309 	 0.500000
   44 	 0.008475 	 0.032083 	 0.333333
   45 	 0.006944 	 0.028372 	 0.333333
   46 	 0.006579 	 0.186163 	 10.000000
   47 	 -1.000000 	 0.366954 	 10.000000
   48 	 -1.000000 	 -0.077269 	 -0.015873
   49 	 -1.000000 	 -0.085282 	 -0.014706
   50 	 -1.000000 	 0.094590 	 10.000000
   51 	 -0.200000 	 -0.041164 	 -0.019608
   52 	 -0.200000 	 -0.014959 	 -0.003021
   53 	 -0.142857 	 -0.012339 	 -0.002825
   54 	 -0.500000 	 -0.016148 	 -0.002160
   55 	 -0.142857 	 -0.013477 	 -0.003906
   56 	 -0.142857 	 -0.009782 	 -0.002119
   57 	 -0.125000 	 -0.009371 	 -0.002028
   58 	 -0.125000 	 -0.008767 	 -0.001838
   59 	 -0.125000 	 -0.008388 	 -0.001848
   60 	 -0.125000 	 -0.009466 	 -0.002123
   61 	 -0.125000 	 -0.008845 	 -0.001808
   62 	 -0.125000 	 -0.008746 	 -0.001905
   63 	 -0.142857 	 -0.009191 	 -0.001828
   64 	 -0.142857 	 -0.010710 	 -0.002119
   65 	 -0.166667 	 -0.010559 	 -0.002141
   66 	 -0.166667 	 -0.011422 	 -0.002331
   67 	 -0.166667 	 -0.011933 	 -0.002494
   68 	 -0.166667 	 -0.011463 	 -0.002364
   69 	 -0.166667 	 -0.012044 	 -0.002457
   70 	 -0.166667 	 -0.011555 	 -0.002410
   71 	 -0.166667 	 -0.013631 	 -0.002433
   72 	 -0.500000 	 -0.018743 	 -0.002646
   73 	 -1.000000 	 -0.054520 	 -0.009091
   74 	 -1.000000 	 -0.022724 	 1.000000
   75 	 0.007937 	 0.032944 	 0.500000
   76 	 0.007299 	 0.038058 	 0.333333
   77 	 0.011765 	 0.039205 	 0.250000
   78 	 -1.000000 	 0.092767 	 10.000000
   79 	 -0.250000 	 -0.021436 	 -0.004831
   80 	 -0.250000 	 -0.017500 	 -0.003690
   81 	 -0.250000 	 -0.017126 	 -0.003731
   82 	 -0.250000 	 -0.017327 	 -0.003891
   83 	 -0.500000 	 -0.025177 	 -0.003610
   84 	 -0.166667 	 -0.011899 	 -0.002577
   85 	 -0.166667 	 -0.011496 	 -0.002632
   86 	 -0.250000 	 -0.012279 	 -0.002415
   87 	 -0.500000 	 -0.021306 	 -0.003300
   88 	 -0.500000 	 -0.033234 	 -0.006579
   89 	 -0.500000 	 -0.032952 	 -0.006369
   90 	 -0.500000 	 -0.034069 	 -0.006897
   91 	 -0.500000 	 -0.034303 	 -0.006944
   92 	 -0.500000 	 -0.037698 	 -0.007407
   93 	 -0.500000 	 -0.033061 	 -0.007246
   94 	 -0.500000 	 -0.035539 	 -0.007752
   95 	 -0.500000 	 -0.039671 	 -0.007576
   96 	 -0.500000 	 -0.037926 	 -0.007042
   97 	 -0.500000 	 -0.033431 	 -0.006849
   98 	 -0.500000 	 -0.033820 	 -0.006944
   99 	 -0.500000 	 -0.040640 	 -0.007752
  100 	 -0.250000 	 -0.029191 	 -0.006803
  101 	 -0.125000 	 -0.013917 	 -0.003610
  102 	 -0.125000 	 -0.009107 	 -0.001848
  103 	 -0.125000 	 -0.008691 	 -0.001848
  104 	 -0.083333 	 -0.007666 	 -0.001835
  105 	 -0.125000 	 -0.006676 	 -0.001372
  106 	 -0.333333 	 -0.012705 	 -0.002347
  107 	 -0.333333 	 -0.015465 	 -0.003226
  108 	 -0.333333 	 -0.022782 	 -0.004545
  109 	 -0.142857 	 -0.015160 	 -0.004049
  110 	 -0.200000 	 -0.011434 	 -0.002132
  111 	 -0.200000 	 -0.013350 	 -0.002538
  112 	 -0.142857 	 -0.012261 	 -0.002725
  113 	 -0.142857 	 -0.010029 	 -0.002174
  114 	 -0.166667 	 -0.010549 	 -0.002105
  115 	 -0.166667 	 -0.011393 	 -0.002342
  116 	 -0.166667 	 -0.011740 	 -0.002427
  117 	 -0.166667 	 -0.011530 	 -0.002421
  118 	 -0.166667 	 -0.011512 	 -0.002331
  119 	 -0.166667 	 -0.011177 	 -0.002283
  120 	 -0.125000 	 -0.010090 	 -0.002304
  121 	 -0.125000 	 -0.009068 	 -0.001919
  122 	 -0.125000 	 -0.008744 	 -0.001770
  123 	 -0.125000 	 -0.009628 	 -0.001842
  124 	 -0.125000 	 -0.008753 	 -0.001835
  125 	 -0.125000 	 -0.008668 	 -0.001799
  126 	 -0.125000 	 -0.008540 	 -0.001795
  127 	 -0.125000 	 -0.008521 	 -0.001818
  128 	 -0.125000 	 -0.008671 	 -0.001845
  129 	 -0.125000 	 -0.008976 	 -0.002016
  130 	 -0.125000 	 -0.008655 	 -0.001842
  131 	 -0.250000 	 -0.011040 	 -0.001825
  132 	 -0.250000 	 -0.018583 	 -0.003597
  133 	 -0.333333 	 -0.022091 	 -0.003704
  134 	 -0.333333 	 -0.021937 	 -0.004310
  135 	 -0.333333 	 -0.020496 	 -0.004717
  136 	 -0.333333 	 -0.023169 	 -0.004785
  137 	 -0.333333 	 -0.020987 	 -0.004762
  138 	 -0.333333 	 -0.023244 	 -0.004505
  139 	 -0.333333 	 -0.020565 	 -0.005025
  140 	 -0.125000 	 -0.014214 	 -0.004484
  141 	 -0.200000 	 -0.011133 	 -0.001957
  142 	 -0.200000 	 -0.013369 	 -0.002632
  143 	 -0.200000 	 -0.012111 	 -0.002577
  144 	 -0.200000 	 -0.013898 	 -0.002950
  145 	 -0.200000 	 -0.013646 	 -0.002825
  146 	 -0.250000 	 -0.013899 	 -0.002611
  147 	 -0.333333 	 -0.015797 	 -0.002959
  148 	 -0.250000 	 -0.018323 	 -0.003802
  149 	 -0.333333 	 -0.019887 	 -0.003984
  150 	 -0.333333 	 -0.021189 	 -0.004545
  151 	 -1.000000 	 -0.033166 	 -0.004878
  152 	 -0.500000 	 -0.032420 	 -0.006494
  153 	 -0.500000 	 -0.035373 	 -0.007634
  154 	 -0.166667 	 -0.022941 	 -0.007042
  155 	 -0.166667 	 -0.012063 	 -0.002667
  156 	 -0.142857 	 -0.011161 	 -0.002469
  157 	 -0.125000 	 -0.009537 	 -0.002008
  158 	 -0.125000 	 -0.009015 	 -0.001916
  159 	 -0.125000 	 -0.008642 	 -0.001795
  160 	 -0.125000 	 -0.009648 	 -0.001866
  161 	 -0.142857 	 -0.009005 	 -0.001789
  162 	 -0.125000 	 -0.009306 	 -0.002049
  163 	 -0.125000 	 -0.008751 	 -0.001855
  164 	 -0.125000 	 -0.008962 	 -0.001802
  165 	 -0.125000 	 -0.008670 	 -0.001818
  166 	 -0.250000 	 -0.011061 	 -0.001842
  167 	 -0.250000 	 -0.015422 	 -0.002809
  168 	 -0.125000 	 -0.012577 	 -0.003049
  169 	 -0.125000 	 -0.009278 	 -0.002008
  170 	 -0.142857 	 0.005256 	 1.000000
  171 	 0.014706 	 0.068565 	 1.000000
  172 	 -1.000000 	 0.153661 	 10.000000
  173 	 0.026316 	 0.085831 	 1.000000
  174 	 0.019231 	 0.117332 	 1.000000
  175 	 -1.000000 	 0.000134 	 0.500000
  176 	 0.011628 	 0.071065 	 1.000000
  177 	 0.016667 	 0.078798 	 1.000000
  178 	 0.021277 	 0.073553 	 1.000000
  179 	 0.011765 	 0.046926 	 1.000000
  180 	 0.011364 	 0.045248 	 0.333333
  181 	 -0.333333 	 0.190903 	 10.000000
  182 	 0.005236 	 0.036385 	 1.000000
  183 	 0.006667 	 0.029122 	 0.333333
  184 	 -0.500000 	 0.061521 	 1.000000
  185 	 -0.250000 	 0.221115 	 10.000000
  186 	 -0.250000 	 0.123449 	 10.000000
  187 	 -1.000000 	 1.089762 	 10.000000
  188 	 -0.200000 	 -0.051969 	 -0.026316
  189 	 -0.200000 	 -0.015547 	 -0.003268
  190 	 -0.200000 	 -0.013567 	 -0.002882
  191 	 -0.200000 	 -0.015288 	 -0.003155
  192 	 -0.250000 	 -0.015466 	 -0.002976
  193 	 -0.250000 	 -0.016691 	 -0.003460
  194 	 -0.250000 	 -0.016379 	 -0.003534
  195 	 -0.250000 	 -0.017292 	 -0.003571
  196 	 -0.250000 	 -0.017407 	 -0.003676
  197 	 -0.333333 	 -0.022438 	 -0.003436
  198 	 -0.125000 	 -0.014718 	 -0.003300
  199 	 -0.125000 	 -0.008558 	 -0.001761
  200 	 -0.125000 	 -0.008782 	 -0.001812
  201 	 -0.125000 	 -0.009131 	 -0.001786
  202 	 -0.125000 	 -0.008778 	 -0.001825
  203 	 -0.125000 	 -0.008787 	 -0.001808
  204 	 -0.125000 	 -0.008661 	 -0.001838
  205 	 -0.125000 	 -0.008791 	 -0.001808
  206 	 -0.125000 	 -0.008860 	 -0.001821
  207 	 -0.066667 	 -0.007150 	 -0.001754
  208 	 -0.125000 	 -0.006541 	 -0.001083
  209 	 -0.200000 	 -0.009158 	 -0.001531
  210 	 -0.250000 	 -0.014632 	 -0.002415
  211 	 -0.250000 	 -0.020458 	 -0.003546
  212 	 -0.250000 	 -0.017183 	 -0.003497
  213 	 -0.250000 	 -0.017496 	 -0.003546
  214 	 -0.250000 	 -0.018881 	 -0.003984
  215 	 -0.250000 	 -0.017184 	 -0.003610
  216 	 -0.250000 	 -0.018757 	 -0.004310
  217 	 -1.000000 	 -0.030234 	 -0.003788
  218 	 -1.000000 	 -0.117879 	 -0.030303
  219 	 -0.250000 	 -0.019882 	 -0.003831
  220 	 -0.142857 	 -0.014897 	 -0.003205
  221 	 -0.142857 	 -0.010570 	 -0.002336
  222 	 -0.142857 	 -0.009870 	 -0.002070
  223 	 -0.142857 	 -0.009906 	 -0.002058
  224 	 -0.142857 	 -0.009714 	 -0.002066
  225 	 -0.250000 	 -0.012956 	 -0.002114
  226 	 -0.250000 	 -0.015700 	 -0.003049
  227 	 -0.250000 	 -0.016616 	 -0.003546
  228 	 -0.333333 	 -0.021486 	 -0.003861
  229 	 -0.250000 	 -0.020304 	 -0.004310
  230 	 -0.250000 	 -0.018163 	 -0.003610
  231 	 -0.250000 	 -0.017188 	 -0.003509
  232 	 -0.250000 	 -0.017426 	 -0.003546
  233 	 -0.250000 	 0.123507 	 10.000000
  234 	 0.058824 	 0.437171 	 10.000000
  235 	 -1.000000 	 0.954303 	 10.000000
  236 	 -1.000000 	 0.134776 	 10.000000
  237 	 -0.500000 	 0.338635 	 10.000000
  238 	 -0.200000 	 -0.040038 	 -0.012658
  239 	 -0.200000 	 -0.014534 	 -0.003125
  240 	 -0.333333 	 -0.016857 	 -0.003030
  241 	 -0.166667 	 -0.014965 	 -0.003650
  242 	 -0.166667 	 -0.011468 	 -0.002370
  243 	 -0.166667 	 -0.011564 	 -0.002381
  244 	 -0.166667 	 -0.011539 	 -0.002342
  245 	 -0.166667 	 -0.012002 	 -0.002415
  246 	 -0.166667 	 -0.011715 	 -0.002571
  247 	 -0.166667 	 -0.011600 	 -0.002463
  248 	 -0.166667 	 -0.011140 	 -0.002342
  249 	 -0.166667 	 -0.011646 	 -0.002500
  250 	 -0.166667 	 -0.011808 	 -0.002538
  251 	 -0.166667 	 -0.011460 	 -0.002364
  252 	 -0.166667 	 -0.011527 	 -0.002421
  253 	 -0.166667 	 -0.011662 	 -0.002525
  254 	 -0.166667 	 -0.011950 	 -0.002475
  255 	 -0.166667 	 -0.011373 	 -0.002375
  256 	 -0.166667 	 -0.011622 	 -0.002433
  257 	 -0.166667 	 -0.011395 	 -0.002320
  258 	 -0.166667 	 -0.011601 	 -0.002451
  259 	 -0.166667 	 -0.011371 	 -0.002353
  260 	 -0.166667 	 -0.011735 	 -0.002457
  261 	 -0.166667 	 -0.012191 	 -0.002381
  262 	 -0.166667 	 -0.011475 	 -0.002410
  263 	 -0.166667 	 -0.010770 	 -0.002410
  264 	 -0.500000 	 -0.017648 	 -0.002475
  265 	 -0.250000 	 -0.021000 	 -0.005102
  266 	 -0.250000 	 -0.019500 	 -0.004016
  267 	 -0.250000 	 -0.017266 	 -0.003636
  268 	 -0.250000 	 -0.020832 	 -0.003546
  269 	 -0.250000 	 -0.017274 	 -0.003534
  270 	 -0.250000 	 -0.018254 	 -0.003802
  271 	 -0.250000 	 -0.017232 	 -0.003534
  272 	 -0.333333 	 -0.020941 	 -0.004673
  273 	 -0.333333 	 -0.022404 	 -0.004444
  274 	 -0.250000 	 -0.019804 	 -0.004566
  275 	 -0.250000 	 -0.018257 	 -0.004049
  276 	 -0.250000 	 -0.017399 	 -0.003717
  277 	 -0.333333 	 -0.020477 	 -0.003968
  278 	 -0.333333 	 -0.021020 	 -0.004673
  279 	 -0.333333 	 -0.022509 	 -0.005000
  280 	 -0.333333 	 -0.023297 	 -0.004762
  281 	 -0.333333 	 -0.023704 	 -0.004762
  282 	 -0.333333 	 -0.022994 	 -0.004785
  283 	 -0.333333 	 -0.021561 	 -0.004505
  284 	 -0.333333 	 -0.016378 	 -0.003521
  285 	 -0.333333 	 -0.022875 	 -0.004717
  286 	 -0.333333 	 -0.025032 	 -0.005348
  287 	 -0.333333 	 -0.027654 	 -0.005291
  288 	 -0.333333 	 -0.022505 	 -0.004651
  289 	 -0.250000 	 -0.019958 	 -0.004854
  290 	 -0.333333 	 -0.023731 	 -0.003922
  291 	 -0.250000 	 -0.018741 	 -0.003968
  292 	 -0.250000 	 -0.018691 	 -0.003731
  293 	 -0.250000 	 -0.017839 	 -0.003922
  294 	 -0.250000 	 -0.016087 	 -0.003623
  295 	 -0.250000 	 -0.020260 	 -0.004367
  296 	 -0.500000 	 -0.022828 	 -0.004032
  297 	 -0.500000 	 -0.034528 	 -0.005556
  298 	 -0.500000 	 -0.030350 	 -0.004329
  299 	 -0.500000 	 -0.030927 	 -0.005587
  300 	 -0.500000 	 -0.033089 	 -0.007353
  301 	 -0.500000 	 -0.032017 	 -0.006944
  302 	 -0.500000 	 -0.030583 	 -0.007874
  303 	 -0.500000 	 -0.033943 	 -0.007092
  304 	 -1.000000 	 -0.053871 	 -0.008403
  305 	 -0.500000 	 -0.054623 	 -0.012048
  306 	 -0.500000 	 -0.031190 	 -0.006667
  307 	 -0.500000 	 -0.034493 	 -0.007143
  308 	 -0.500000 	 -0.046999 	 -0.012048
  309 	 -0.500000 	 -0.032952 	 -0.007194
  310 	 -0.333333 	 -0.030952 	 -0.006757
  311 	 -0.333333 	 -0.023472 	 -0.005181
  312 	 -0.333333 	 -0.023636 	 -0.005208
  313 	 -0.500000 	 -0.028295 	 -0.005102
  314 	 -0.500000 	 -0.033291 	 -0.007092
  315 	 -0.500000 	 -0.033945 	 -0.007042
  316 	 -1.000000 	 -0.047002 	 -0.008197
  317 	 -0.500000 	 -0.049437 	 -0.012500
  318 	 -1.000000 	 -0.053312 	 -0.007463
  319 	 -1.000000 	 -0.055286 	 -0.011364
  320 	 -0.250000 	 -0.049964 	 -0.012346
  321 	 -0.125000 	 -0.014388 	 -0.003717
  322 	 -0.125000 	 -0.008807 	 -0.001957
  323 	 -0.125000 	 -0.008601 	 -0.001838
  324 	 -0.250000 	 -0.011417 	 -0.002045
  325 	 -0.250000 	 -0.017383 	 -0.003077
  326 	 -0.250000 	 -0.017399 	 -0.003717
  327 	 -0.250000 	 -0.018031 	 -0.004082
  328 	 -0.250000 	 -0.017600 	 -0.003663
  329 	 -0.125000 	 -0.012332 	 -0.003215
  330 	 -0.125000 	 -0.009119 	 -0.001818
  331 	 -0.200000 	 -0.014137 	 -0.001980
  332 	 -0.166667 	 -0.011318 	 -0.002273
  333 	 -0.333333 	 -0.015688 	 -0.002584
  334 	 -0.333333 	 -0.024818 	 -0.004405
  335 	 -0.333333 	 -0.022360 	 -0.004505
  336 	 -0.333333 	 -0.022880 	 -0.005128
  337 	 -0.333333 	 -0.020913 	 -0.004505
  338 	 -0.500000 	 -0.030751 	 -0.005025
  339 	 -0.500000 	 -0.032501 	 -0.006579
  340 	 -0.333333 	 -0.033075 	 -0.006667
  341 	 -0.333333 	 -0.023149 	 -0.004975
  342 	 -0.333333 	 -0.024642 	 -0.005155
  343 	 -0.333333 	 -0.023481 	 -0.004831
  344 	 -0.333333 	 -0.023552 	 -0.005291
  345 	 -0.333333 	 -0.023419 	 -0.005000
  346 	 -0.333333 	 -0.023012 	 -0.004808
  347 	 -0.333333 	 -0.023370 	 -0.005025
  348 	 -0.333333 	 -0.021844 	 -0.004545
  349 	 -0.333333 	 -0.023035 	 -0.004808
  350 	 -0.333333 	 -0.023070 	 -0.004651
  351 	 -0.333333 	 -0.022634 	 -0.004608
  352 	 -0.333333 	 -0.022293 	 -0.004854
  353 	 -0.166667 	 -0.006119 	 1.000000
  354 	 0.012987 	 0.050131 	 0.500000
  355 	 0.010753 	 0.204133 	 10.000000
  356 	 0.062500 	 0.278170 	 10.000000
  357 	 -0.333333 	 0.453174 	 10.000000
  358 	 -1.000000 	 0.448810 	 10.000000
  359 	 -1.000000 	 1.869473 	 10.000000
  360 	 -0.500000 	 -0.001680 	 10.000000
  361 	 -1.000000 	 2.545714 	 10.000000
  362 	 0.071429 	 2.551893 	 10.000000
  363 	 -0.250000 	 0.261004 	 10.000000
  364 	 0.005747 	 0.034150 	 0.500000
  365 	 0.008547 	 0.026871 	 0.166667
  366 	 -1.000000 	 0.018103 	 0.333333
  367 	 -0.500000 	 0.047032 	 1.000000
  368 	 0.006944 	 0.033837 	 0.333333
  369 	 0.009804 	 0.030534 	 0.142857
  370 	 -0.500000 	 0.158885 	 10.000000
  371 	 -0.333333 	 -0.023773 	 -0.006173
  372 	 -0.333333 	 -0.024061 	 -0.005348
  373 	 -0.500000 	 -0.024199 	 -0.004566
  374 	 -0.500000 	 -0.029847 	 -0.005917
  375 	 -0.333333 	 -0.024447 	 -0.006135
  376 	 -0.500000 	 -0.026426 	 -0.004878
  377 	 -0.500000 	 -0.029285 	 -0.005917
  378 	 -0.333333 	 -0.034212 	 -0.008000
  379 	 -0.500000 	 -0.036673 	 -0.005319
  380 	 -0.333333 	 -0.023308 	 -0.005076
  381 	 -0.333333 	 -0.023539 	 -0.004926
  382 	 -0.333333 	 -0.024433 	 -0.005076
  383 	 -0.142857 	 -0.017362 	 -0.004762
  384 	 -0.090909 	 -0.008800 	 -0.002198
  385 	 -0.090909 	 -0.006341 	 -0.001393
  386 	 -0.090909 	 -0.006285 	 -0.001311
  387 	 -0.090909 	 -0.006378 	 -0.001351
  388 	 -0.071429 	 -0.005979 	 -0.001330
  389 	 -0.071429 	 -0.005131 	 -0.001099
  390 	 -0.071429 	 -0.004956 	 -0.001025
  391 	 -0.071429 	 -0.004964 	 -0.001036
  392 	 -0.071429 	 -0.005027 	 -0.001049
  393 	 -0.142857 	 -0.006646 	 -0.001049
  394 	 -0.142857 	 -0.007336 	 -0.001626
  395 	 -0.142857 	 -0.008951 	 -0.001898
  396 	 -0.142857 	 -0.009592 	 -0.001938
  397 	 -0.142857 	 -0.009867 	 -0.002012
  398 	 -0.142857 	 -0.009914 	 -0.002024
  399 	 -0.142857 	 -0.010079 	 -0.002033
 