   0 	 -0.855776 	 0.227761 	 1.921595
    1 	 0.125363 	 0.468644 	 2.063613
    2 	 0.127578 	 1.084712 	 2.155699
    3 	 -3.772155 	 1.400300 	 2.164474
    4 	 0.136379 	 1.796148 	 2.224764
    5 	 0.138964 	 1.794970 	 2.224764
    6 	 0.134627 	 1.862511 	 8.857187
    7 	 0.136349 	 2.296154 	 8.940325
    8 	 0.136387 	 3.555557 	 17.799604
    9 	 0.165843 	 6.034911 	 17.799604
   10 	 0.134615 	 8.216527 	 23.926438
   11 	 0.135767 	 10.672489 	 26.342071
   12 	 0.134553 	 13.608523 	 26.342071
   13 	 0.134544 	 13.538329 	 38.330222
   14 	 0.134553 	 16.905560 	 38.330222
   15 	 0.165894 	 19.656714 	 84.641518
   16 	 0.134553 	 20.831761 	 98.070293
   17 	 0.134553 	 26.010535 	 98.070293
   18 	 0.134575 	 39.156512 	 121.706946
   19 	 0.134021 	 49.139525 	 121.706946
   20 	 0.211028 	 64.848776 	 121.706946
   21 	 0.133986 	 66.141128 	 121.706946
   22 	 0.210225 	 78.093315 	 121.706946
   23 	 0.211113 	 81.846706 	 160.467853
   24 	 0.133946 	 85.212575 	 204.456791
   25 	 0.165705 	 81.338517 	 204.456791
   26 	 0.133942 	 88.374996 	 212.131271
   27 	 0.133946 	 104.423516 	 1111.269051
   28 	 0.165691 	 160.654520 	 1111.269051
   29 	 0.134513 	 359.040033 	 1999.441599
   30 	 0.301998 	 771.480441 	 1999.441599
   31 	 0.165462 	 900.267596 	 3638.542481
   32 	 0.133841 	 974.606784 	 3638.542481
   33 	 0.157919 	 1120.889887 	 4002.448468
   34 	 0.211243 	 1434.960987 	 4002.448468
   35 	 0.133815 	 1791.063642 	 4002.448468
   36 	 0.133815 	 2344.069717 	 4002.448468
   37 	 0.133815 	 2560.009625 	 4002.448468
   38 	 0.133815 	 2944.753034 	 4002.448468
   39 	 0.165528 	 2895.962671 	 4002.448468
   40 	 0.133835 	 2741.426830 	 4002.448468
   41 	 0.214494 	 3287.623910 	 4002.448468
   42 	 0.133815 	 2975.954640 	 4002.448468
   43 	 0.165528 	 3148.777161 	 4002.448468
   44 	 0.133815 	 2882.531936 	 4002.448468
   45 	 0.165528 	 3012.011327 	 4002.448468
   46 	 0.165528 	 2849.661592 	 4002.448468
   47 	 0.211110 	 2891.927388 	 4002.448468
   48 	 0.133815 	 2747.120591 	 4002.448468
   49 	 0.133819 	 2989.609405 	 4002.448468
   50 	 0.133815 	 2703.978954 	 4002.448468
   51 	 0.138606 	 2804.495707 	 4002.448468
   52 	 0.133819 	 2769.670224 	 4002.448468
   53 	 0.133815 	 2908.004053 	 4002.448468
   54 	 0.211100 	 2853.853130 	 4002.448468
   55 	 0.211100 	 3123.682918 	 4002.448468
   56 	 0.133816 	 2942.397110 	 4002.448468
   57 	 0.165535 	 2914.261586 	 4002.448468
   58 	 0.165555 	 3078.590605 	 4002.448468
   59 	 0.133815 	 2663.230598 	 4002.448468
   60 	 0.165519 	 2893.252607 	 4002.448468
   61 	 0.133815 	 2952.229833 	 4002.448468
   62 	 0.165528 	 2824.692331 	 4002.448468
   63 	 0.133815 	 2966.722737 	 4002.448468
   64 	 0.302686 	 2991.854570 	 4002.448468
   65 	 0.134379 	 2977.123481 	 4002.448468
   66 	 0.133815 	 2877.779457 	 4002.448468
   67 	 0.211141 	 3241.044909 	 4002.448468
   68 	 0.165528 	 2942.206206 	 4002.448468
   69 	 0.133819 	 2866.439085 	 4002.448468
 