   0 	 0.125125 	 0.231473 	 0.745640
    1 	 0.132645 	 0.308955 	 0.745640
    2 	 0.132653 	 0.372842 	 1.588048
    3 	 0.141990 	 0.533318 	 1.774618
    4 	 -0.597045 	 0.738104 	 7.288730
    5 	 -2.105064 	 1.543878 	 18.330765
    6 	 -0.610766 	 5.509608 	 52.935780
    7 	 -1.805150 	 13.648480 	 52.935780
    8 	 -57.897986 	 23.977518 	 52.935780
    9 	 -57.897986 	 33.636732 	 122.728096
   10 	 -40.911978 	 40.790272 	 122.728096
   11 	 -40.911978 	 40.855369 	 122.728096
   12 	 -40.911978 	 41.333020 	 274.904899
   13 	 -40.911978 	 49.159024 	 274.904899
   14 	 -18.535299 	 90.877319 	 274.904899
   15 	 -24.988986 	 145.485635 	 274.904899
   16 	 -24.988986 	 179.666910 	 274.904899
   17 	 -2.053984 	 196.884568 	 274.904899
   18 	 -14.355475 	 182.027820 	 274.904899
   19 	 -24.988986 	 180.550440 	 274.904899
   20 	 -24.988986 	 202.459868 	 274.904899
   21 	 -1.555476 	 205.764383 	 274.904899
   22 	 -14.355475 	 200.898322 	 274.904899
   23 	 -24.988986 	 212.277703 	 274.904899
   24 	 -24.988986 	 204.040993 	 274.904899
   25 	 -24.988986 	 198.024620 	 274.904899
   26 	 -24.988986 	 210.829920 	 274.904899
   27 	 -24.988986 	 203.174443 	 274.904899
   28 	 -24.988986 	 182.256399 	 274.904899
   29 	 -24.988986 	 196.334144 	 274.904899
   30 	 -2.554538 	 185.009653 	 274.904899
   31 	 -14.355475 	 180.709975 	 274.904899
   32 	 -24.988986 	 189.131687 	 274.904899
   33 	 -24.988986 	 201.814028 	 274.904899
   34 	 -24.988986 	 195.614298 	 274.904899
   35 	 -24.988986 	 188.548204 	 274.904899
   36 	 -24.988986 	 212.354464 	 274.904899
   37 	 -1.555476 	 208.848300 	 274.904899
   38 	 -24.988986 	 196.711098 	 274.904899
   39 	 -24.988986 	 216.751901 	 274.904899
   40 	 -2.304465 	 192.581510 	 274.904899
   41 	 -14.355475 	 202.704432 	 274.904899
   42 	 -24.988986 	 197.300450 	 274.904899
   43 	 -24.988986 	 211.183072 	 274.904899
   44 	 -2.066488 	 213.739429 	 274.904899
   45 	 -14.355475 	 202.799582 	 274.904899
   46 	 -24.988986 	 220.609685 	 274.904899
   47 	 -24.988986 	 192.492611 	 274.904899
   48 	 -26.510777 	 185.521007 	 274.904899
   49 	 -24.988986 	 221.067424 	 274.904899
   50 	 -2.066488 	 201.362754 	 274.904899
   51 	 -24.988986 	 202.719666 	 274.904899
   52 	 -2.053984 	 208.960113 	 274.904899
   53 	 -24.988986 	 198.188074 	 274.904899
   54 	 -24.988986 	 207.648155 	 274.904899
   55 	 -2.066488 	 209.228372 	 274.904899
   56 	 -2.066488 	 232.467525 	 274.904899
   57 	 -24.988986 	 195.293215 	 274.904899
   58 	 -14.355475 	 175.071541 	 274.904899
   59 	 -24.988986 	 196.425138 	 274.904899
   60 	 -24.988986 	 210.577464 	 274.904899
   61 	 -55.334838 	 229.048529 	 274.904899
   62 	 -1.937249 	 211.493475 	 274.904899
   63 	 -14.355475 	 197.180254 	 274.904899
   64 	 -26.510777 	 220.013684 	 274.904899
   65 	 -24.988986 	 210.600235 	 274.904899
   66 	 -24.988986 	 192.784029 	 274.904899
   67 	 -14.355475 	 206.539928 	 274.904899
   68 	 -14.355475 	 223.792443 	 274.904899
   69 	 -14.355475 	 208.707396 	 274.904899
 