   0 	 -0.515135 	 0.214210 	 0.782446
    1 	 0.126907 	 0.262306 	 0.786193
    2 	 0.126907 	 0.313885 	 0.845302
    3 	 -2.601448 	 0.341337 	 0.845302
    4 	 0.142153 	 0.409056 	 0.868486
    5 	 -1.050626 	 0.504280 	 1.388673
    6 	 0.141417 	 0.671889 	 7.725426
    7 	 -6.007453 	 1.181380 	 7.725426
    8 	 -53.012462 	 2.316894 	 8.973863
    9 	 -53.012462 	 5.396520 	 12.348185
   10 	 -53.012462 	 5.296031 	 12.348185
   11 	 -3.251336 	 6.497818 	 11.084651
   12 	 -1.567150 	 6.290325 	 11.084651
   13 	 -45.278820 	 6.369217 	 11.084651
   14 	 -53.012462 	 6.081700 	 11.084651
   15 	 -3.462916 	 6.559641 	 11.084651
   16 	 -3.037467 	 7.983787 	 11.270900
   17 	 -42.269094 	 6.423935 	 11.675476
   18 	 -53.012462 	 7.278673 	 12.836712
   19 	 -53.012462 	 6.988613 	 11.675476
   20 	 -17.360166 	 8.007064 	 13.910435
   21 	 -22.414774 	 7.598462 	 13.910435
   22 	 -15.222578 	 7.711257 	 14.536576
   23 	 -1.382686 	 8.008358 	 15.223917
   24 	 -0.455066 	 9.238773 	 15.223917
   25 	 -2.909650 	 9.992965 	 15.978861
   26 	 -1.723006 	 9.151047 	 18.780913
   27 	 -15.810685 	 8.268468 	 18.780913
   28 	 -1.247220 	 9.874147 	 18.780913
   29 	 -42.269094 	 9.031044 	 18.780913
   30 	 -0.773522 	 10.925321 	 18.780913
   31 	 -1.625880 	 10.821031 	 20.576002
   32 	 -9.966769 	 11.153650 	 20.576002
   33 	 -12.955248 	 12.008716 	 20.576002
   34 	 -2.850479 	 12.280256 	 20.576002
   35 	 -9.966769 	 13.421848 	 20.576002
   36 	 -2.850479 	 12.941095 	 20.576002
   37 	 -2.689830 	 15.107719 	 20.576002
   38 	 -1.736032 	 14.743190 	 20.576002
   39 	 -2.619470 	 13.937608 	 20.576002
   40 	 -2.738611 	 12.844822 	 20.576002
   41 	 -1.775735 	 14.461856 	 20.576002
   42 	 -2.868186 	 14.290537 	 21.609350
   43 	 -9.496459 	 14.275146 	 21.609350
   44 	 -2.683852 	 14.805981 	 21.609350
   45 	 -9.496459 	 13.959464 	 21.609350
   46 	 -351.164299 	 12.479684 	 21.609350
   47 	 -1.826014 	 16.792797 	 21.609350
   48 	 -2.638644 	 14.793956 	 21.609350
   49 	 0.149853 	 15.493761 	 21.609350
   50 	 -9.276805 	 16.027781 	 21.609350
   51 	 -9.496459 	 15.034587 	 21.609350
   52 	 -10.052283 	 14.620392 	 21.609350
   53 	 -10.052283 	 15.270219 	 21.609350
   54 	 -1.834991 	 15.173970 	 20.576002
   55 	 -1.834991 	 16.530184 	 20.576002
   56 	 -2.658116 	 14.916880 	 20.576002
   57 	 -10.138668 	 15.405619 	 21.609350
   58 	 -9.726060 	 14.266816 	 20.576002
   59 	 -1.158395 	 15.381856 	 21.609350
   60 	 -9.496459 	 14.035180 	 21.609350
   61 	 -2154.205676 	 -9.330468 	 21.609350
   62 	 -12.414447 	 11.571234 	 18.780913
   63 	 -46.035284 	 10.795463 	 18.780913
   64 	 -12.414447 	 11.130372 	 18.780913
   65 	 -35.467182 	 9.640033 	 18.780913
   66 	 -12.414447 	 11.626048 	 18.780913
   67 	 -12.414447 	 11.158377 	 18.780913
   68 	 -11.488552 	 11.088153 	 20.576002
   69 	 -2.823738 	 12.331068 	 20.576002
 