   0 	 0.123229 	 0.313674 	 2.254037
    1 	 0.139927 	 0.706408 	 4.078163
    2 	 -4.656938 	 1.391643 	 29.132417
    3 	 0.138137 	 7.954925 	 31.956113
    4 	 -21.753679 	 19.391559 	 31.956113
    5 	 -13.419995 	 21.383574 	 31.956113
    6 	 -22.171569 	 21.502227 	 31.916304
    7 	 -26.423869 	 23.135988 	 33.516458
    8 	 -22.171569 	 25.309227 	 32.784181
    9 	 -16.754499 	 24.030902 	 32.784181
   10 	 -17.540663 	 23.554837 	 31.988479
   11 	 -15.986645 	 21.945138 	 33.169219
   12 	 -22.915855 	 23.599963 	 33.169219
   13 	 -22.762062 	 19.759629 	 35.364741
   14 	 -22.315574 	 22.742983 	 33.558555
   15 	 -21.593141 	 21.894042 	 32.784181
   16 	 -13.419995 	 23.476256 	 34.492149
   17 	 -14.051674 	 23.339639 	 34.492149
   18 	 -13.400573 	 25.102224 	 38.439565
   19 	 -23.772869 	 22.486460 	 38.439565
   20 	 -13.823663 	 23.987964 	 38.439565
   21 	 -22.171569 	 22.669112 	 34.492149
   22 	 -70.605381 	 21.026889 	 34.492149
   23 	 -29.889396 	 24.262798 	 34.439238
   24 	 -21.731204 	 22.938850 	 34.896729
   25 	 -21.807939 	 21.910417 	 34.439238
   26 	 -6.590667 	 26.270500 	 34.439238
   27 	 -22.171569 	 25.699997 	 36.336650
   28 	 -22.100518 	 24.676751 	 37.333337
   29 	 -15.465735 	 26.641546 	 36.812975
   30 	 -21.593141 	 24.730618 	 37.892361
   31 	 -24.270846 	 23.997742 	 38.439565
   32 	 -21.593141 	 25.838826 	 38.439565
   33 	 -22.014032 	 24.282629 	 37.892361
   34 	 -21.525006 	 24.407611 	 37.892361
   35 	 -13.419995 	 25.991289 	 38.439565
   36 	 -13.374824 	 24.645118 	 38.416328
   37 	 -24.782558 	 25.063572 	 38.416328
   38 	 -21.054797 	 22.747773 	 38.439565
   39 	 -22.014032 	 26.562810 	 39.560697
   40 	 -22.100518 	 28.979559 	 40.770597
   41 	 -30.140944 	 28.528424 	 39.560697
   42 	 -22.014032 	 25.639968 	 40.770597
   43 	 0.138270 	 27.528635 	 39.560697
   44 	 -16.361764 	 28.252795 	 39.560697
   45 	 -24.508164 	 26.193732 	 40.770597
   46 	 -22.014032 	 27.657358 	 40.770597
   47 	 -15.465735 	 27.717832 	 40.770597
   48 	 -21.943993 	 27.084535 	 40.770597
   49 	 -31.417767 	 27.811169 	 40.770597
   50 	 -21.943993 	 28.840188 	 40.770597
   51 	 -23.072428 	 29.358072 	 40.770597
   52 	 -6.658372 	 31.213636 	 40.770597
   53 	 -22.836674 	 27.034779 	 40.770597
   54 	 -18.128603 	 27.916427 	 40.770597
   55 	 -21.702792 	 29.686242 	 40.770597
   56 	 -22.915855 	 28.566596 	 40.770597
   57 	 -21.660064 	 27.390607 	 40.770597
   58 	 -22.915855 	 30.014923 	 40.770597
   59 	 -15.348380 	 29.866542 	 40.770597
   60 	 0.167253 	 31.870800 	 40.770597
   61 	 -23.642940 	 28.961321 	 40.770597
   62 	 -14.850816 	 29.192693 	 40.770597
   63 	 -14.565145 	 30.733174 	 40.770597
   64 	 -68.660090 	 29.329287 	 40.770597
   65 	 -22.014032 	 29.277918 	 40.770597
   66 	 -15.609794 	 29.722786 	 40.770597
   67 	 -14.998798 	 29.578996 	 40.770597
   68 	 -22.014032 	 30.200094 	 40.770597
   69 	 -16.328583 	 29.925389 	 40.770597
 