   0 	 -1.000000 	 0.218753 	 10.000000
    1 	 -1.000000 	 -0.058904 	 0.500000
    2 	 -0.333333 	 -0.037214 	 -0.007937
    3 	 -0.333333 	 -0.024021 	 -0.005682
    4 	 -0.333333 	 -0.023144 	 -0.004785
    5 	 -0.333333 	 -0.022927 	 -0.004695
    6 	 -0.333333 	 -0.022941 	 -0.004739
    7 	 -0.333333 	 -0.023014 	 -0.004762
    8 	 -0.333333 	 -0.023014 	 -0.004762
    9 	 -0.333333 	 -0.023391 	 -0.005000
   10 	 -0.333333 	 -0.023014 	 -0.004762
   11 	 -0.333333 	 -0.022852 	 -0.004695
   12 	 -0.200000 	 -0.018167 	 -0.004310
   13 	 -0.200000 	 -0.014233 	 -0.003067
   14 	 -0.200000 	 -0.013808 	 -0.002857
   15 	 -0.200000 	 -0.013808 	 -0.002857
   16 	 -0.200000 	 -0.013808 	 -0.002857
   17 	 -0.200000 	 -0.013468 	 -0.002874
   18 	 -0.200000 	 -0.013921 	 -0.002933
   19 	 -0.200000 	 -0.013808 	 -0.002857
   20 	 -0.200000 	 -0.013824 	 -0.002882
   21 	 -0.200000 	 -0.013808 	 -0.002857
   22 	 -0.200000 	 -0.013776 	 -0.002841
   23 	 -0.200000 	 -0.013868 	 -0.002924
   24 	 -0.200000 	 -0.013808 	 -0.002857
   25 	 -0.200000 	 -0.013808 	 -0.002857
   26 	 -0.200000 	 -0.013811 	 -0.002890
   27 	 -0.200000 	 -0.013808 	 -0.002857
   28 	 -0.200000 	 -0.013867 	 -0.002874
   29 	 -0.200000 	 -0.013808 	 -0.002857
   30 	 -0.200000 	 -0.013829 	 -0.002890
   31 	 -0.200000 	 -0.013798 	 -0.002841
   32 	 -0.200000 	 -0.013608 	 -0.002874
   33 	 -0.200000 	 -0.013800 	 -0.002849
   34 	 -0.200000 	 -0.013808 	 -0.002857
   35 	 -0.200000 	 -0.013808 	 -0.002857
   36 	 -0.200000 	 -0.013806 	 -0.002849
   37 	 -0.200000 	 -0.013810 	 -0.002841
   38 	 -0.200000 	 -0.013808 	 -0.002857
   39 	 -0.200000 	 -0.013808 	 -0.002857
   40 	 -0.200000 	 -0.013807 	 -0.002865
   41 	 -0.200000 	 -0.013808 	 -0.002857
   42 	 -0.200000 	 -0.013792 	 -0.002849
   43 	 -0.200000 	 -0.013795 	 -0.002849
   44 	 -0.200000 	 -0.013818 	 -0.002865
   45 	 -0.200000 	 -0.013805 	 -0.002849
   46 	 -0.200000 	 -0.013808 	 -0.002857
   47 	 -0.200000 	 -0.013807 	 -0.002849
   48 	 -0.200000 	 -0.013761 	 -0.002874
   49 	 -0.200000 	 -0.013852 	 -0.002857
   50 	 -0.200000 	 -0.013829 	 -0.002950
   51 	 -0.200000 	 -0.013808 	 -0.002857
   52 	 -0.200000 	 -0.013737 	 -0.002857
   53 	 -0.200000 	 -0.013767 	 -0.002849
   54 	 -0.166667 	 -0.012962 	 -0.002801
   55 	 -0.166667 	 -0.011810 	 -0.002506
   56 	 -0.166667 	 -0.011744 	 -0.002500
   57 	 -0.166667 	 0.130682 	 10.000000
   58 	 0.250000 	 6.935714 	 10.000000
   59 	 10.000000 	 10.000000 	 10.000000
   60 	 1.000000 	 9.871429 	 10.000000
   61 	 0.500000 	 7.692857 	 10.000000
   62 	 10.000000 	 10.000000 	 10.000000
   63 	 1.000000 	 3.185714 	 10.000000
   64 	 -0.500000 	 0.730952 	 10.000000
   65 	 10.000000 	 10.000000 	 10.000000
   66 	 0.250000 	 9.582143 	 10.000000
   67 	 -1.000000 	 0.885714 	 10.000000
   68 	 -1.000000 	 6.585714 	 10.000000
   69 	 10.000000 	 10.000000 	 10.000000
   70 	 -1.000000 	 5.214286 	 10.000000
   71 	 10.000000 	 10.000000 	 10.000000
   72 	 0.250000 	 8.746429 	 10.000000
   73 	 0.500000 	 4.164286 	 10.000000
   74 	 10.000000 	 10.000000 	 10.000000
   75 	 0.083333 	 1.560119 	 10.000000
   76 	 -1.000000 	 6.728571 	 10.000000
   77 	 -1.000000 	 1.828571 	 10.000000
   78 	 -1.000000 	 0.942857 	 10.000000
   79 	 1.000000 	 8.457143 	 10.000000
   80 	 10.000000 	 10.000000 	 10.000000
   81 	 1.000000 	 8.200000 	 10.000000
   82 	 -1.000000 	 9.214286 	 10.000000
   83 	 10.000000 	 10.000000 	 10.000000
   84 	 0.333333 	 2.433333 	 10.000000
   85 	 -1.000000 	 -0.457143 	 1.000000
   86 	 -1.000000 	 -0.069063 	 -0.014493
   87 	 -1.000000 	 -0.066356 	 -0.014706
   88 	 -1.000000 	 -0.062099 	 -0.014085
   89 	 -1.000000 	 -0.069135 	 -0.014706
   90 	 -1.000000 	 -0.069118 	 -0.014706
   91 	 -1.000000 	 -0.069041 	 -0.014286
   92 	 -1.000000 	 -0.069041 	 -0.014286
   93 	 -1.000000 	 -0.069041 	 -0.014286
   94 	 -1.000000 	 -0.066102 	 -0.013514
   95 	 -1.000000 	 -0.069335 	 -0.014286
   96 	 -1.000000 	 -0.070455 	 -0.014706
   97 	 -1.000000 	 -0.069075 	 -0.014493
   98 	 -1.000000 	 -0.071997 	 -0.014493
   99 	 -1.000000 	 -0.069041 	 -0.014286
  100 	 -1.000000 	 -0.069231 	 -0.014706
  101 	 -1.000000 	 -0.058207 	 -0.013699
  102 	 -1.000000 	 -0.069041 	 -0.014286
  103 	 -1.000000 	 -0.068552 	 -0.014706
  104 	 -1.000000 	 -0.069245 	 -0.014493
  105 	 -1.000000 	 -0.068658 	 -0.014085
  106 	 -1.000000 	 -0.074681 	 -0.016949
  107 	 -1.000000 	 -0.070622 	 -0.014493
  108 	 -1.000000 	 -0.070602 	 -0.014706
  109 	 -1.000000 	 -0.068645 	 -0.013333
  110 	 -0.500000 	 -0.058423 	 -0.013889
  111 	 -0.500000 	 -0.037247 	 -0.007519
  112 	 -0.500000 	 -0.034161 	 -0.006849
  113 	 -0.500000 	 -0.034520 	 -0.007143
  114 	 -0.500000 	 -0.034245 	 -0.007042
  115 	 -0.500000 	 -0.034520 	 -0.007143
  116 	 -0.500000 	 -0.034494 	 -0.007042
  117 	 -0.500000 	 -0.034520 	 -0.007143
  118 	 -0.500000 	 -0.034234 	 -0.007042
  119 	 -0.500000 	 -0.034520 	 -0.007143
  120 	 -0.333333 	 -0.030187 	 -0.007092
  121 	 -0.500000 	 -0.026995 	 -0.005025
  122 	 -0.333333 	 -0.027679 	 -0.006211
  123 	 -0.333333 	 -0.023042 	 -0.004785
  124 	 -0.333333 	 -0.023689 	 -0.004878
  125 	 -0.333333 	 -0.023014 	 -0.004762
  126 	 -0.333333 	 -0.022571 	 -0.004651
  127 	 -0.333333 	 -0.023229 	 -0.004902
  128 	 -0.333333 	 -0.022597 	 -0.004695
  129 	 -0.333333 	 -0.023020 	 -0.004785
  130 	 -0.333333 	 -0.023014 	 -0.004762
  131 	 -0.333333 	 -0.023014 	 -0.004762
  132 	 -0.333333 	 -0.022756 	 -0.004739
  133 	 -0.333333 	 -0.022809 	 -0.004608
  134 	 -0.333333 	 -0.023013 	 -0.004785
  135 	 -0.333333 	 -0.023893 	 -0.004808
  136 	 -0.333333 	 -0.023018 	 -0.004785
  137 	 -0.333333 	 -0.022983 	 -0.004717
  138 	 -0.333333 	 -0.023019 	 -0.004808
  139 	 -0.333333 	 -0.022904 	 -0.004695
  140 	 -0.333333 	 -0.022999 	 -0.004739
  141 	 -0.333333 	 -0.021871 	 -0.004695
  142 	 -0.333333 	 -0.023034 	 -0.004831
  143 	 -0.333333 	 -0.022996 	 -0.004717
  144 	 -0.333333 	 -0.023016 	 -0.004739
  145 	 -0.333333 	 -0.022990 	 -0.004739
  146 	 -0.333333 	 -0.023213 	 -0.004854
  147 	 -0.333333 	 -0.023014 	 -0.004762
  148 	 -0.333333 	 -0.024139 	 -0.004785
  149 	 -0.333333 	 -0.023014 	 -0.004762
  150 	 -0.333333 	 -0.022447 	 -0.004739
  151 	 -0.333333 	 -0.022667 	 -0.004651
  152 	 -0.333333 	 -0.023020 	 -0.004762
  153 	 -0.333333 	 -0.022894 	 -0.004673
  154 	 -0.333333 	 -0.023064 	 -0.004808
  155 	 -0.333333 	 -0.023014 	 -0.004762
  156 	 -0.333333 	 -0.022889 	 -0.004762
  157 	 -0.333333 	 -0.023011 	 -0.004739
  158 	 -0.333333 	 -0.023014 	 -0.004762
  159 	 -0.333333 	 -0.023654 	 -0.004950
  160 	 -1.000000 	 -0.035134 	 -0.004808
  161 	 -0.333333 	 -0.030119 	 -0.007692
  162 	 -0.333333 	 -0.025110 	 -0.005319
  163 	 -0.333333 	 -0.024182 	 -0.004785
  164 	 -0.333333 	 -0.023175 	 -0.004808
  165 	 -0.333333 	 -0.023014 	 -0.004762
  166 	 -0.333333 	 -0.022893 	 -0.004651
  167 	 -0.333333 	 -0.023018 	 -0.004785
  168 	 -0.333333 	 -0.023014 	 -0.004762
  169 	 -0.333333 	 -0.022976 	 -0.004739
  170 	 -0.500000 	 -0.026092 	 -0.004651
  171 	 -0.500000 	 -0.033039 	 -0.006410
  172 	 -0.333333 	 -0.028892 	 -0.006494
  173 	 -0.333333 	 -0.025443 	 -0.005435
  174 	 -0.333333 	 -0.023118 	 -0.004785
  175 	 -0.333333 	 -0.023143 	 -0.004854
  176 	 -0.333333 	 -0.023032 	 -0.004808
  177 	 -0.333333 	 -0.023110 	 -0.004785
  178 	 -0.333333 	 -0.023093 	 -0.004902
  179 	 -0.333333 	 -0.023003 	 -0.004739
  180 	 -0.333333 	 -0.022969 	 -0.004739
  181 	 -0.333333 	 -0.023014 	 -0.004762
  182 	 -0.333333 	 -0.022969 	 -0.004739
  183 	 -0.333333 	 -0.022973 	 -0.004673
  184 	 -0.333333 	 -0.023071 	 -0.004808
  185 	 -0.333333 	 -0.022926 	 -0.004717
  186 	 -0.333333 	 -0.025086 	 -0.004854
  187 	 -0.333333 	 -0.023129 	 -0.004831
  188 	 -0.500000 	 -0.011952 	 1.000000
  189 	 0.013333 	 0.057510 	 1.000000
  190 	 0.013514 	 0.067251 	 1.000000
  191 	 0.013889 	 0.068936 	 1.000000
  192 	 0.015625 	 0.087616 	 1.000000
  193 	 0.018868 	 0.073038 	 1.000000
  194 	 0.014925 	 0.069564 	 1.000000
  195 	 0.015152 	 0.071275 	 1.000000
  196 	 0.015873 	 0.084500 	 1.000000
  197 	 0.017241 	 0.085643 	 1.000000
  198 	 -1.000000 	 0.282676 	 10.000000
  199 	 0.019608 	 0.070922 	 1.000000
  200 	 0.015625 	 0.069476 	 1.000000
  201 	 0.014493 	 0.071213 	 1.000000
  202 	 0.014085 	 0.068582 	 1.000000
  203 	 0.013514 	 0.068400 	 1.000000
  204 	 0.012987 	 0.067369 	 1.000000
  205 	 0.013889 	 0.067980 	 1.000000
  206 	 0.013889 	 0.064126 	 1.000000
  207 	 0.012987 	 0.065998 	 1.000000
  208 	 0.013889 	 0.071370 	 1.000000
  209 	 0.014706 	 0.239528 	 10.000000
  210 	 -0.333333 	 -0.013425 	 1.000000
  211 	 0.013333 	 0.068974 	 1.000000
  212 	 0.013889 	 0.068874 	 1.000000
  213 	 0.014286 	 0.069145 	 1.000000
  214 	 0.015385 	 0.070931 	 1.000000
  215 	 0.013889 	 0.058821 	 1.000000
  216 	 0.013889 	 0.043488 	 0.250000
  217 	 0.011905 	 0.063879 	 1.000000
  218 	 0.014085 	 0.064570 	 1.000000
  219 	 0.013514 	 0.076397 	 1.000000
  220 	 0.018519 	 0.084110 	 1.000000
  221 	 0.022727 	 0.087629 	 1.000000
  222 	 0.025641 	 0.245418 	 10.000000
  223 	 0.045455 	 0.717766 	 10.000000
  224 	 0.200000 	 3.904524 	 10.000000
  225 	 0.166667 	 0.830000 	 10.000000
  226 	 0.200000 	 0.997857 	 10.000000
  227 	 -0.200000 	 1.271818 	 10.000000
  228 	 -1.000000 	 4.500000 	 10.000000
  229 	 0.500000 	 8.235714 	 10.000000
  230 	 -0.333333 	 4.242857 	 10.000000
  231 	 1.000000 	 2.414286 	 10.000000
  232 	 -0.200000 	 1.704286 	 10.000000
  233 	 -0.333333 	 4.004762 	 10.000000
  234 	 -1.000000 	 2.537143 	 10.000000
  235 	 10.000000 	 10.000000 	 10.000000
  236 	 -1.000000 	 6.385714 	 10.000000
  237 	 -1.000000 	 2.259524 	 10.000000
  238 	 -0.333333 	 4.011905 	 10.000000
  239 	 -0.250000 	 0.929286 	 10.000000
  240 	 -1.000000 	 6.071429 	 10.000000
  241 	 -1.000000 	 3.185714 	 10.000000
  242 	 -0.333333 	 5.727211 	 10.000000
  243 	 10.000000 	 10.000000 	 10.000000
  244 	 1.000000 	 4.342857 	 10.000000
  245 	 0.333333 	 5.428571 	 10.000000
  246 	 -0.333333 	 2.409080 	 10.000000
  247 	 -1.000000 	 7.328571 	 10.000000
  248 	 10.000000 	 10.000000 	 10.000000
  249 	 -1.000000 	 0.000000 	 10.000000
  250 	 10.000000 	 10.000000 	 10.000000
  251 	 -1.000000 	 6.564286 	 10.000000
  252 	 10.000000 	 10.000000 	 10.000000
  253 	 10.000000 	 10.000000 	 10.000000
  254 	 1.000000 	 4.471429 	 10.000000
  255 	 -1.000000 	 -0.685714 	 10.000000
  256 	 10.000000 	 10.000000 	 10.000000
  257 	 0.333333 	 0.461905 	 1.000000
  258 	 0.333333 	 4.333333 	 10.000000
  259 	 -1.000000 	 -0.042857 	 10.000000
  260 	 -1.000000 	 -0.214286 	 10.000000
  261 	 -0.500000 	 2.521429 	 10.000000
  262 	 10.000000 	 10.000000 	 10.000000
  263 	 0.200000 	 2.580000 	 10.000000
  264 	 1.000000 	 3.700000 	 10.000000
  265 	 1.000000 	 7.814286 	 10.000000
  266 	 1.000000 	 8.328571 	 10.000000
  267 	 0.500000 	 0.592857 	 1.000000
  268 	 1.000000 	 4.985714 	 10.000000
  269 	 -1.000000 	 3.013095 	 10.000000
  270 	 -1.000000 	 5.442857 	 10.000000
  271 	 1.000000 	 2.671429 	 10.000000
  272 	 0.500000 	 9.050000 	 10.000000
  273 	 -0.250000 	 0.646905 	 10.000000
  274 	 -1.000000 	 2.728571 	 10.000000
  275 	 -0.250000 	 6.492143 	 10.000000
  276 	 -1.000000 	 0.217857 	 10.000000
  277 	 0.333333 	 1.435714 	 10.000000
  278 	 10.000000 	 10.000000 	 10.000000
  279 	 -1.000000 	 8.900000 	 10.000000
  280 	 -0.250000 	 3.790000 	 10.000000
  281 	 0.333333 	 6.414286 	 10.000000
  282 	 10.000000 	 10.000000 	 10.000000
  283 	 0.333333 	 0.928571 	 10.000000
  284 	 -1.000000 	 0.859740 	 10.000000
  285 	 0.500000 	 3.100000 	 10.000000
  286 	 0.250000 	 2.066667 	 10.000000
  287 	 0.500000 	 3.950000 	 10.000000
  288 	 0.200000 	 0.838571 	 10.000000
  289 	 -1.000000 	 4.842857 	 10.000000
  290 	 0.500000 	 1.178571 	 10.000000
  291 	 0.166667 	 2.478333 	 10.000000
  292 	 -1.000000 	 2.387415 	 10.000000
  293 	 -1.000000 	 6.085714 	 10.000000
  294 	 -1.000000 	 0.665714 	 10.000000
  295 	 0.250000 	 0.540476 	 10.000000
  296 	 0.166667 	 2.301905 	 10.000000
  297 	 -0.333333 	 2.469048 	 10.000000
  298 	 -0.333333 	 9.852381 	 10.000000
  299 	 1.000000 	 5.500000 	 10.000000
  300 	 -1.000000 	 0.728571 	 10.000000
  301 	 0.333333 	 3.371429 	 10.000000
  302 	 1.000000 	 5.628571 	 10.000000
  303 	 -0.500000 	 0.769048 	 10.000000
  304 	 10.000000 	 10.000000 	 10.000000
  305 	 1.000000 	 5.242857 	 10.000000
  306 	 0.166667 	 0.244286 	 0.333333
  307 	 0.100000 	 0.520000 	 10.000000
  308 	 0.111111 	 2.729563 	 10.000000
  309 	 0.142857 	 2.868878 	 10.000000
  310 	 1.000000 	 8.071429 	 10.000000
  311 	 10.000000 	 10.000000 	 10.000000
  312 	 -0.250000 	 2.010714 	 10.000000
  313 	 -1.000000 	 2.142857 	 10.000000
  314 	 0.166667 	 6.348571 	 10.000000
  315 	 0.333333 	 3.842857 	 10.000000
  316 	 1.000000 	 6.271429 	 10.000000
  317 	 10.000000 	 10.000000 	 10.000000
  318 	 1.000000 	 1.514286 	 10.000000
  319 	 0.166667 	 3.778571 	 10.000000
  320 	 0.125000 	 1.164796 	 10.000000
  321 	 -0.500000 	 0.392857 	 10.000000
  322 	 10.000000 	 10.000000 	 10.000000
  323 	 10.000000 	 10.000000 	 10.000000
  324 	 0.142857 	 0.537755 	 10.000000
  325 	 0.250000 	 2.177381 	 10.000000
  326 	 0.333333 	 7.514286 	 10.000000
  327 	 -1.000000 	 3.421429 	 10.000000
  328 	 -1.000000 	 -0.214286 	 10.000000
  329 	 -0.200000 	 -0.015714 	 10.000000
  330 	 -1.000000 	 8.061905 	 10.000000
  331 	 -0.200000 	 6.940000 	 10.000000
  332 	 10.000000 	 10.000000 	 10.000000
  333 	 -0.333333 	 6.309524 	 10.000000
  334 	 1.000000 	 1.771429 	 10.000000
  335 	 -1.000000 	 8.088571 	 10.000000
  336 	 0.200000 	 1.768571 	 10.000000
  337 	 -1.000000 	 1.358333 	 10.000000
  338 	 -0.200000 	 4.025714 	 10.000000
  339 	 -1.000000 	 6.228571 	 10.000000
  340 	 -0.200000 	 3.734286 	 10.000000
  341 	 -1.000000 	 4.500000 	 10.000000
  342 	 -1.000000 	 2.064286 	 10.000000
  343 	 0.333333 	 0.952381 	 10.000000
  344 	 0.250000 	 1.965476 	 10.000000
  345 	 0.250000 	 2.071429 	 10.000000
  346 	 1.000000 	 1.514286 	 10.000000
  347 	 -1.000000 	 0.042857 	 10.000000
  348 	 -0.200000 	 0.690952 	 10.000000
  349 	 -0.333333 	 8.376190 	 10.000000
  350 	 -0.200000 	 2.422857 	 10.000000
  351 	 0.333333 	 6.409524 	 10.000000
  352 	 -1.000000 	 3.797143 	 10.000000
  353 	 10.000000 	 10.000000 	 10.000000
  354 	 0.333333 	 6.480952 	 10.000000
  355 	 -0.250000 	 3.264286 	 10.000000
  356 	 -0.250000 	 1.588254 	 10.000000
  357 	 10.000000 	 10.000000 	 10.000000
  358 	 0.250000 	 0.909524 	 10.000000
  359 	 0.250000 	 1.627381 	 10.000000
  360 	 -0.333333 	 5.138095 	 10.000000
  361 	 0.200000 	 0.207143 	 0.250000
  362 	 0.090909 	 0.977393 	 10.000000
  363 	 0.500000 	 6.350000 	 10.000000
  364 	 -0.500000 	 4.385238 	 10.000000
  365 	 0.250000 	 0.517857 	 10.000000
  366 	 0.111111 	 0.548696 	 1.000000
  367 	 0.166667 	 1.429762 	 10.000000
  368 	 0.142857 	 5.507755 	 10.000000
  369 	 -1.000000 	 -0.057143 	 10.000000
  370 	 10.000000 	 10.000000 	 10.000000
  371 	 -0.200000 	 5.428571 	 10.000000
  372 	 -1.000000 	 2.377381 	 10.000000
  373 	 -0.250000 	 0.672857 	 10.000000
  374 	 -1.000000 	 0.295238 	 10.000000
  375 	 -0.333333 	 1.475000 	 10.000000
  376 	 10.000000 	 10.000000 	 10.000000
  377 	 1.000000 	 6.400000 	 10.000000
  378 	 -1.000000 	 6.235714 	 10.000000
  379 	 0.100000 	 0.777540 	 10.000000
  380 	 10.000000 	 10.000000 	 10.000000
  381 	 1.000000 	 3.314286 	 10.000000
  382 	 1.000000 	 9.871429 	 10.000000
  383 	 0.333333 	 0.885714 	 10.000000
  384 	 0.500000 	 2.700000 	 10.000000
  385 	 -0.250000 	 5.189286 	 10.000000
  386 	 1.000000 	 6.657143 	 10.000000
  387 	 -1.000000 	 5.678571 	 10.000000
  388 	 -0.500000 	 2.614286 	 10.000000
  389 	 -0.500000 	 3.123810 	 10.000000
  390 	 -1.000000 	 3.738157 	 10.000000
  391 	 0.142857 	 0.804660 	 10.000000
  392 	 0.166667 	 6.303571 	 10.000000
  393 	 -1.000000 	 5.442857 	 10.000000
  394 	 -0.500000 	 0.819048 	 10.000000
  395 	 1.000000 	 5.500000 	 10.000000
  396 	 -1.000000 	 -0.773810 	 -0.166667
  397 	 -1.000000 	 -0.067395 	 -0.012500
  398 	 -1.000000 	 -0.069288 	 -0.014706
  399 	 -1.000000 	 -0.068644 	 -0.013889
 