   0 	 -1.000000 	 -0.037045 	 0.500000
    1 	 -1.000000 	 -0.044631 	 -0.009346
    2 	 -1.000000 	 0.222915 	 10.000000
    3 	 0.018182 	 0.214066 	 10.000000
    4 	 -1.000000 	 0.159309 	 10.000000
    5 	 -1.000000 	 0.040741 	 1.000000
    6 	 -0.500000 	 0.190656 	 10.000000
    7 	 0.007812 	 0.034742 	 0.500000
    8 	 0.007353 	 0.035660 	 0.500000
    9 	 0.007194 	 0.033278 	 0.500000
   10 	 0.006757 	 0.032845 	 0.500000
   11 	 0.006211 	 0.032010 	 0.500000
   12 	 0.006250 	 0.028666 	 0.333333
   13 	 0.006289 	 0.029863 	 0.500000
   14 	 0.005848 	 0.027973 	 0.333333
   15 	 0.005917 	 0.030397 	 0.500000
   16 	 0.005952 	 0.025096 	 0.250000
   17 	 0.005556 	 0.027126 	 0.333333
   18 	 0.005236 	 0.026107 	 0.333333
   19 	 0.005464 	 0.023522 	 0.333333
   20 	 0.004902 	 0.022244 	 0.333333
   21 	 0.004566 	 0.021978 	 0.333333
   22 	 0.004464 	 0.022091 	 0.333333
   23 	 0.004484 	 0.022548 	 0.333333
   24 	 0.004587 	 0.022690 	 0.333333
   25 	 0.004545 	 0.022535 	 0.333333
   26 	 0.004651 	 0.022480 	 0.333333
   27 	 0.004630 	 0.022522 	 0.333333
   28 	 0.004608 	 0.022521 	 0.333333
   29 	 0.004545 	 0.022574 	 0.333333
   30 	 0.004545 	 0.022673 	 0.333333
   31 	 0.004926 	 0.022456 	 0.333333
   32 	 0.004762 	 0.023012 	 0.333333
   33 	 0.004902 	 0.023835 	 0.333333
   34 	 0.004926 	 0.030056 	 0.500000
   35 	 -1.000000 	 0.156413 	 10.000000
   36 	 -0.500000 	 -0.039478 	 -0.010204
   37 	 -0.500000 	 -0.034166 	 -0.006944
   38 	 -0.500000 	 -0.034128 	 -0.006897
   39 	 -0.500000 	 -0.034585 	 -0.007299
   40 	 -0.500000 	 -0.034520 	 -0.007143
   41 	 -0.500000 	 -0.033032 	 -0.007143
   42 	 -0.500000 	 -0.034528 	 -0.007194
   43 	 -0.500000 	 -0.034346 	 -0.007042
   44 	 -0.500000 	 -0.034496 	 -0.007092
   45 	 -0.500000 	 -0.035439 	 -0.007246
   46 	 -0.500000 	 -0.035212 	 -0.007246
   47 	 -0.500000 	 -0.034600 	 -0.007194
   48 	 -0.500000 	 -0.034520 	 -0.007143
   49 	 -0.500000 	 -0.034459 	 -0.007194
   50 	 -0.500000 	 -0.034520 	 -0.007143
   51 	 -0.500000 	 -0.034313 	 -0.007092
   52 	 -0.500000 	 -0.033864 	 -0.006897
   53 	 -0.500000 	 -0.034399 	 -0.006944
   54 	 -0.500000 	 -0.036228 	 -0.007353
   55 	 -0.500000 	 -0.034741 	 -0.007353
   56 	 -0.500000 	 -0.034487 	 -0.007092
   57 	 -0.500000 	 -0.034025 	 -0.006711
   58 	 -0.500000 	 -0.035075 	 -0.007463
   59 	 -0.500000 	 -0.034520 	 -0.007143
   60 	 -0.500000 	 -0.034751 	 -0.007463
   61 	 -0.500000 	 -0.034605 	 -0.007194
   62 	 -0.500000 	 -0.034267 	 -0.006897
   63 	 -0.500000 	 -0.034535 	 -0.007194
   64 	 -0.500000 	 -0.034400 	 -0.006944
   65 	 -0.500000 	 -0.034520 	 -0.007143
   66 	 -0.500000 	 -0.035678 	 -0.007353
   67 	 -0.500000 	 -0.035836 	 -0.007519
   68 	 -0.500000 	 -0.034544 	 -0.007246
   69 	 -0.500000 	 -0.034520 	 -0.007143
   70 	 -0.500000 	 -0.034520 	 -0.007143
   71 	 -0.500000 	 -0.033559 	 -0.007463
   72 	 -0.500000 	 -0.034759 	 -0.007519
   73 	 -0.500000 	 -0.034385 	 -0.007353
   74 	 -0.500000 	 -0.033757 	 -0.006993
   75 	 -0.500000 	 -0.034520 	 -0.007143
   76 	 -0.500000 	 -0.034474 	 -0.006803
   77 	 -0.500000 	 -0.034227 	 -0.006993
   78 	 -0.500000 	 -0.037374 	 -0.007463
   79 	 -0.500000 	 -0.036554 	 -0.007407
   80 	 -0.500000 	 -0.034505 	 -0.006944
   81 	 -0.500000 	 -0.030936 	 -0.006993
   82 	 -0.500000 	 -0.034520 	 -0.007143
   83 	 -0.500000 	 -0.034520 	 -0.007143
   84 	 -0.500000 	 0.108349 	 10.000000
   85 	 0.250000 	 6.517857 	 10.000000
   86 	 -1.000000 	 -0.214286 	 10.000000
   87 	 10.000000 	 10.000000 	 10.000000
   88 	 -0.500000 	 4.066667 	 10.000000
   89 	 0.250000 	 5.542857 	 10.000000
   90 	 -0.500000 	 4.685714 	 10.000000
   91 	 1.000000 	 6.785714 	 10.000000
   92 	 0.250000 	 2.390476 	 10.000000
   93 	 0.500000 	 2.400000 	 10.000000
   94 	 -0.200000 	 4.180952 	 10.000000
   95 	 10.000000 	 10.000000 	 10.000000
   96 	 0.166667 	 2.102381 	 10.000000
   97 	 0.250000 	 0.432143 	 0.500000
   98 	 -0.500000 	 0.839626 	 10.000000
   99 	 10.000000 	 10.000000 	 10.000000
  100 	 0.250000 	 1.921429 	 10.000000
  101 	 -0.500000 	 0.250000 	 10.000000
  102 	 -1.000000 	 2.451429 	 10.000000
  103 	 -1.000000 	 3.085714 	 10.000000
  104 	 -0.500000 	 6.725000 	 10.000000
  105 	 1.000000 	 8.585714 	 10.000000
  106 	 -1.000000 	 4.028571 	 10.000000
  107 	 -0.250000 	 7.217857 	 10.000000
  108 	 -1.000000 	 9.057143 	 10.000000
  109 	 0.200000 	 4.565714 	 10.000000
  110 	 0.250000 	 1.607143 	 10.000000
  111 	 -0.200000 	 4.486531 	 10.000000
  112 	 -1.000000 	 -0.271429 	 10.000000
  113 	 10.000000 	 10.000000 	 10.000000
  114 	 -1.000000 	 5.200000 	 10.000000
  115 	 0.500000 	 6.064286 	 10.000000
  116 	 -0.500000 	 0.728571 	 10.000000
  117 	 -1.000000 	 8.428571 	 10.000000
  118 	 -1.000000 	 0.788095 	 10.000000
  119 	 0.111111 	 1.416071 	 10.000000
  120 	 0.166667 	 1.928571 	 10.000000
  121 	 -1.000000 	 6.550000 	 10.000000
  122 	 0.250000 	 4.846429 	 10.000000
  123 	 0.125000 	 2.116071 	 10.000000
  124 	 0.200000 	 7.851429 	 10.000000
  125 	 -1.000000 	 1.650000 	 10.000000
  126 	 -0.200000 	 4.317143 	 10.000000
  127 	 10.000000 	 10.000000 	 10.000000
  128 	 10.000000 	 10.000000 	 10.000000
  129 	 10.000000 	 10.000000 	 10.000000
  130 	 -1.000000 	 4.927381 	 10.000000
  131 	 0.250000 	 1.901190 	 10.000000
  132 	 -1.000000 	 0.392857 	 1.000000
  133 	 -1.000000 	 0.400000 	 10.000000
  134 	 -1.000000 	 -0.114286 	 10.000000
  135 	 -1.000000 	 3.342857 	 10.000000
  136 	 0.333333 	 3.735714 	 10.000000
  137 	 0.333333 	 0.907143 	 10.000000
  138 	 0.333333 	 0.461905 	 1.000000
  139 	 1.000000 	 1.771429 	 10.000000
  140 	 0.333333 	 5.497619 	 10.000000
  141 	 -0.500000 	 0.639286 	 10.000000
  142 	 -0.200000 	 7.522857 	 10.000000
  143 	 0.200000 	 7.034286 	 10.000000
  144 	 -0.500000 	 3.828571 	 10.000000
  145 	 -1.000000 	 1.845238 	 10.000000
  146 	 -1.000000 	 0.169048 	 10.000000
  147 	 10.000000 	 10.000000 	 10.000000
  148 	 -1.000000 	 1.114286 	 10.000000
  149 	 -0.333333 	 3.573639 	 10.000000
  150 	 -0.200000 	 4.608571 	 10.000000
  151 	 10.000000 	 10.000000 	 10.000000
  152 	 -0.200000 	 8.542857 	 10.000000
  153 	 -1.000000 	 1.200000 	 10.000000
  154 	 -1.000000 	 6.485714 	 10.000000
  155 	 0.250000 	 0.667857 	 10.000000
  156 	 0.500000 	 8.371429 	 10.000000
  157 	 -0.250000 	 0.143175 	 10.000000
  158 	 0.250000 	 6.100000 	 10.000000
  159 	 -1.000000 	 8.114286 	 10.000000
  160 	 10.000000 	 10.000000 	 10.000000
  161 	 -1.000000 	 1.188571 	 10.000000
  162 	 -0.250000 	 2.532143 	 10.000000
  163 	 -0.250000 	 -0.250000 	 -0.250000
  164 	 -0.250000 	 -0.017338 	 -0.003584
  165 	 -0.250000 	 -0.017260 	 -0.003571
  166 	 -0.250000 	 -0.017260 	 -0.003571
  167 	 -0.250000 	 -0.017216 	 -0.003623
  168 	 -0.250000 	 -0.017260 	 -0.003571
  169 	 -0.250000 	 -0.017260 	 -0.003559
  170 	 -0.250000 	 -0.017249 	 -0.003534
  171 	 -0.250000 	 -0.017439 	 -0.003597
  172 	 -0.250000 	 -0.017299 	 -0.003584
  173 	 -0.200000 	 -0.015970 	 -0.003597
  174 	 -0.200000 	 -0.014858 	 -0.003096
  175 	 -0.200000 	 -0.013777 	 -0.002849
  176 	 -0.200000 	 -0.013808 	 -0.002857
  177 	 -0.200000 	 -0.013807 	 -0.002849
  178 	 -0.200000 	 -0.013808 	 -0.002857
  179 	 -0.200000 	 -0.013808 	 -0.002857
  180 	 -0.200000 	 -0.013815 	 -0.002882
  181 	 -0.200000 	 -0.013893 	 -0.002874
  182 	 -0.200000 	 -0.013896 	 -0.002899
  183 	 -0.200000 	 -0.013793 	 -0.002841
  184 	 -0.200000 	 -0.013816 	 -0.002865
  185 	 -0.200000 	 -0.013736 	 -0.002874
  186 	 -0.200000 	 -0.013808 	 -0.002857
  187 	 -0.200000 	 -0.013816 	 -0.002865
  188 	 -0.200000 	 -0.013808 	 -0.002857
  189 	 -0.200000 	 -0.013804 	 -0.002882
  190 	 -0.200000 	 -0.013825 	 -0.002899
  191 	 -0.200000 	 -0.013820 	 -0.002924
  192 	 -0.200000 	 -0.013810 	 -0.002874
  193 	 -0.200000 	 -0.013813 	 -0.002874
  194 	 -0.200000 	 -0.013827 	 -0.002874
  195 	 -0.200000 	 -0.013762 	 -0.002825
  196 	 -0.200000 	 -0.013890 	 -0.002882
  197 	 -0.200000 	 -0.013804 	 -0.002841
  198 	 -0.200000 	 -0.013830 	 -0.002874
  199 	 -0.200000 	 -0.013808 	 -0.002857
  200 	 -0.200000 	 -0.013806 	 -0.002849
  201 	 -0.200000 	 -0.013772 	 -0.002817
  202 	 -0.200000 	 -0.013462 	 -0.002825
  203 	 -0.200000 	 -0.013808 	 -0.002857
  204 	 -0.200000 	 -0.013063 	 -0.002833
  205 	 -0.200000 	 -0.013823 	 -0.002865
  206 	 -0.200000 	 -0.013808 	 -0.002857
  207 	 -0.200000 	 -0.013808 	 -0.002857
  208 	 -0.200000 	 -0.013830 	 -0.002874
  209 	 -0.200000 	 -0.013401 	 -0.002833
  210 	 -0.200000 	 -0.013812 	 -0.002865
  211 	 -0.200000 	 -0.013824 	 -0.002841
  212 	 -0.200000 	 -0.013808 	 -0.002857
  213 	 -0.200000 	 -0.013813 	 -0.002874
  214 	 -0.200000 	 -0.013712 	 -0.002817
  215 	 -0.200000 	 -0.013930 	 -0.002874
  216 	 -0.200000 	 -0.013705 	 -0.002841
  217 	 -0.200000 	 -0.013816 	 -0.002890
  218 	 -0.200000 	 -0.013831 	 -0.002882
  219 	 -0.200000 	 -0.013808 	 -0.002857
  220 	 -0.200000 	 -0.013928 	 -0.002924
  221 	 -0.200000 	 -0.013823 	 -0.002890
  222 	 -0.200000 	 -0.015116 	 -0.003125
  223 	 -0.333333 	 -0.016893 	 -0.002994
  224 	 -0.200000 	 -0.016475 	 -0.003953
  225 	 -0.200000 	 -0.014186 	 -0.003049
  226 	 -0.200000 	 -0.013836 	 -0.002907
  227 	 -0.200000 	 -0.013817 	 -0.002874
  228 	 -0.200000 	 -0.013940 	 -0.002915
  229 	 -0.200000 	 -0.013746 	 -0.002849
  230 	 -0.200000 	 -0.013808 	 -0.002857
  231 	 -0.200000 	 -0.013851 	 -0.002882
  232 	 -0.200000 	 -0.013802 	 -0.002849
  233 	 -0.200000 	 -0.013821 	 -0.002874
  234 	 -0.200000 	 -0.014100 	 -0.002882
  235 	 -0.200000 	 -0.013801 	 -0.002817
  236 	 -0.200000 	 -0.013953 	 -0.002907
  237 	 -0.200000 	 -0.013821 	 -0.002857
  238 	 -0.200000 	 -0.013466 	 -0.002841
  239 	 -0.200000 	 -0.013761 	 -0.002890
  240 	 -0.200000 	 -0.013798 	 -0.002849
  241 	 -0.200000 	 -0.013841 	 -0.002874
  242 	 -0.200000 	 -0.013967 	 -0.002865
  243 	 -0.200000 	 -0.013803 	 -0.002849
  244 	 -0.200000 	 -0.013808 	 -0.002849
  245 	 -0.200000 	 -0.013564 	 -0.002740
  246 	 -0.200000 	 -0.013808 	 -0.002857
  247 	 -0.200000 	 -0.013832 	 -0.002907
  248 	 -0.200000 	 -0.013808 	 -0.002857
  249 	 -0.200000 	 -0.013469 	 -0.002849
  250 	 -0.200000 	 -0.013808 	 -0.002857
  251 	 -0.200000 	 -0.013837 	 -0.002874
  252 	 -0.200000 	 -0.013808 	 -0.002857
  253 	 -0.200000 	 -0.013832 	 -0.002833
  254 	 -0.200000 	 -0.013808 	 -0.002857
  255 	 -0.200000 	 -0.013811 	 -0.002874
  256 	 -0.200000 	 -0.013718 	 -0.002817
  257 	 -0.200000 	 -0.013823 	 -0.002865
  258 	 -0.200000 	 -0.013828 	 -0.002874
  259 	 -0.200000 	 -0.014357 	 -0.002857
  260 	 -0.200000 	 -0.013893 	 -0.002874
  261 	 -0.200000 	 -0.013810 	 -0.002865
  262 	 -0.200000 	 -0.013808 	 -0.002857
  263 	 -0.200000 	 -0.013813 	 -0.002865
  264 	 -0.200000 	 -0.013811 	 -0.002849
  265 	 -0.200000 	 -0.013916 	 -0.002933
  266 	 -0.200000 	 -0.013851 	 -0.002865
  267 	 -0.200000 	 -0.014150 	 -0.002890
  268 	 -0.200000 	 -0.013809 	 -0.002865
  269 	 -0.200000 	 -0.014608 	 -0.002865
  270 	 -0.200000 	 -0.013808 	 -0.002857
  271 	 -0.200000 	 -0.016650 	 -0.002941
  272 	 -0.200000 	 -0.013809 	 -0.002865
  273 	 -0.200000 	 -0.013777 	 -0.002849
  274 	 -0.200000 	 -0.013784 	 -0.002849
  275 	 -0.200000 	 -0.013924 	 -0.002890
  276 	 -0.200000 	 -0.013836 	 -0.002890
  277 	 -0.200000 	 -0.013809 	 -0.002833
  278 	 -0.200000 	 -0.013803 	 -0.002841
  279 	 -0.200000 	 -0.014075 	 -0.002924
  280 	 -0.200000 	 -0.013818 	 -0.002874
  281 	 -0.200000 	 -0.013848 	 -0.002874
  282 	 -0.200000 	 -0.013806 	 -0.002849
  283 	 -0.200000 	 -0.013887 	 -0.002924
  284 	 -0.142857 	 -0.012185 	 -0.002849
  285 	 -0.142857 	 -0.009961 	 -0.002101
  286 	 -0.142857 	 -0.009847 	 -0.002033
  287 	 -0.142857 	 -0.009861 	 -0.002037
  288 	 -0.142857 	 -0.009894 	 -0.002049
  289 	 -0.142857 	 -0.009863 	 -0.002041
  290 	 -0.142857 	 -0.009866 	 -0.002045
  291 	 -0.142857 	 -0.009971 	 -0.002079
  292 	 -0.142857 	 -0.009935 	 -0.002062
  293 	 -0.142857 	 -0.009867 	 -0.002049
  294 	 -0.142857 	 -0.009863 	 -0.002041
  295 	 -0.142857 	 -0.009616 	 -0.002016
  296 	 -0.111111 	 -0.009119 	 -0.002053
  297 	 -0.142857 	 -0.008888 	 -0.001686
  298 	 -0.142857 	 -0.009861 	 -0.002037
  299 	 -0.142857 	 -0.009859 	 -0.002028
  300 	 -0.142857 	 -0.009863 	 -0.002045
  301 	 -0.142857 	 -0.009992 	 -0.002114
  302 	 -0.142857 	 -0.009863 	 -0.002041
  303 	 -0.142857 	 -0.010022 	 -0.002070
  304 	 -0.142857 	 -0.009864 	 -0.002037
  305 	 -0.142857 	 -0.009843 	 -0.002028
  306 	 -0.142857 	 -0.009704 	 -0.001984
  307 	 -0.142857 	 -0.009906 	 -0.002049
  308 	 -0.142857 	 -0.009863 	 -0.002041
  309 	 -0.142857 	 -0.009769 	 -0.002016
  310 	 -0.142857 	 -0.009863 	 -0.002041
  311 	 -0.142857 	 -0.009849 	 -0.002037
  312 	 -0.142857 	 -0.009928 	 -0.002045
  313 	 -0.142857 	 -0.009878 	 -0.002028
  314 	 -0.142857 	 -0.009863 	 -0.002041
  315 	 -0.142857 	 -0.009856 	 -0.002037
  316 	 -0.125000 	 -0.009432 	 -0.002037
  317 	 -0.125000 	 -0.008711 	 -0.001825
  318 	 -0.142857 	 -0.009099 	 -0.001821
  319 	 -0.142857 	 -0.009504 	 -0.001980
  320 	 -0.142857 	 -0.009896 	 -0.002053
  321 	 -0.142857 	 -0.009845 	 -0.002033
  322 	 -0.142857 	 -0.009910 	 -0.002058
  323 	 -0.142857 	 -0.009882 	 -0.002075
  324 	 -0.142857 	 -0.009863 	 -0.002041
  325 	 -0.142857 	 -0.009880 	 -0.002058
  326 	 -0.142857 	 -0.009858 	 -0.002045
  327 	 -0.142857 	 -0.009847 	 -0.002020
  328 	 -0.142857 	 -0.009933 	 -0.002045
  329 	 -0.142857 	 -0.009833 	 -0.002033
  330 	 -0.142857 	 -0.009681 	 -0.002016
  331 	 -0.142857 	 -0.009908 	 -0.002062
  332 	 -0.142857 	 -0.009866 	 -0.002037
  333 	 -0.142857 	 -0.009880 	 -0.002049
  334 	 -0.142857 	 -0.009869 	 -0.002041
  335 	 -0.142857 	 -0.009833 	 -0.002045
  336 	 -0.142857 	 -0.009908 	 -0.002041
  337 	 -0.142857 	 -0.010099 	 -0.002049
  338 	 -0.142857 	 -0.009863 	 -0.002045
  339 	 -0.142857 	 -0.009828 	 -0.002033
  340 	 -0.142857 	 -0.009838 	 -0.002012
  341 	 -0.142857 	 -0.009840 	 -0.002024
  342 	 -0.142857 	 -0.009873 	 -0.002058
  343 	 -0.142857 	 -0.009864 	 -0.002049
  344 	 -0.142857 	 -0.009863 	 -0.002041
  345 	 -0.142857 	 -0.009787 	 -0.002041
  346 	 -0.142857 	 -0.009863 	 -0.002041
  347 	 -0.142857 	 -0.009863 	 -0.002041
  348 	 -0.142857 	 -0.009863 	 -0.002041
  349 	 -0.142857 	 -0.009870 	 -0.002049
  350 	 -0.142857 	 -0.009862 	 -0.002020
  351 	 -0.142857 	 -0.009887 	 -0.002053
  352 	 -0.142857 	 -0.009863 	 -0.002041
  353 	 -0.142857 	 -0.009859 	 -0.002024
  354 	 -0.142857 	 -0.010093 	 -0.002028
  355 	 -0.142857 	 -0.009867 	 -0.002045
  356 	 -0.142857 	 -0.009856 	 -0.002028
  357 	 -0.142857 	 -0.009863 	 -0.002041
  358 	 -0.142857 	 -0.009867 	 -0.002049
  359 	 -0.142857 	 -0.009863 	 -0.002058
  360 	 -0.142857 	 -0.009810 	 -0.002004
  361 	 -0.142857 	 -0.009863 	 -0.002041
  362 	 -0.142857 	 -0.009863 	 -0.002041
  363 	 -0.142857 	 -0.009862 	 -0.002037
  364 	 -0.142857 	 -0.009867 	 -0.002049
  365 	 -0.142857 	 -0.009931 	 -0.002045
  366 	 -0.142857 	 -0.009866 	 -0.002049
  367 	 -0.142857 	 -0.010072 	 -0.002083
  368 	 -0.142857 	 -0.009865 	 -0.002041
  369 	 -0.142857 	 -0.009881 	 -0.002058
  370 	 -0.142857 	 -0.009863 	 -0.002041
  371 	 -0.142857 	 -0.009858 	 -0.002041
  372 	 -0.142857 	 -0.009863 	 -0.002041
  373 	 -0.142857 	 -0.009863 	 -0.002041
  374 	 -0.142857 	 -0.009875 	 -0.002045
  375 	 -0.142857 	 -0.009746 	 -0.002012
  376 	 -0.142857 	 -0.010101 	 -0.002058
  377 	 -0.142857 	 -0.009974 	 -0.002049
  378 	 -0.142857 	 -0.009754 	 -0.002033
  379 	 -0.142857 	 -0.009896 	 -0.002049
  380 	 -0.142857 	 -0.009863 	 -0.002041
  381 	 -0.142857 	 -0.009858 	 -0.002033
  382 	 -0.142857 	 -0.009864 	 -0.002045
  383 	 -0.142857 	 -0.009863 	 -0.002041
  384 	 -0.142857 	 -0.009859 	 -0.002033
  385 	 -0.142857 	 -0.009796 	 -0.002020
  386 	 -0.142857 	 -0.009868 	 -0.002049
  387 	 -0.142857 	 -0.010080 	 -0.002070
  388 	 -0.142857 	 -0.009869 	 -0.002058
  389 	 -0.142857 	 -0.009863 	 -0.002041
  390 	 -0.142857 	 -0.010116 	 -0.002062
  391 	 -0.142857 	 -0.009866 	 -0.002045
  392 	 -0.142857 	 -0.009863 	 -0.002037
  393 	 -0.142857 	 -0.009862 	 -0.002037
  394 	 -0.142857 	 -0.009863 	 -0.002041
  395 	 -0.142857 	 -0.009879 	 -0.002045
  396 	 -0.142857 	 -0.009863 	 -0.002041
  397 	 -0.142857 	 -0.009760 	 -0.002004
  398 	 -0.142857 	 -0.009862 	 -0.002053
  399 	 -0.142857 	 -0.009855 	 -0.002037
 