   0 	 -1.000000 	 0.335656 	 10.000000
    1 	 0.004049 	 0.157112 	 10.000000
    2 	 0.033333 	 1.935346 	 10.000000
    3 	 0.500000 	 8.100000 	 10.000000
    4 	 10.000000 	 10.000000 	 10.000000
    5 	 10.000000 	 10.000000 	 10.000000
    6 	 -0.500000 	 7.610714 	 10.000000
    7 	 1.000000 	 2.157143 	 10.000000
    8 	 0.333333 	 1.588095 	 10.000000
    9 	 -0.500000 	 0.257143 	 10.000000
   10 	 1.000000 	 6.657143 	 10.000000
   11 	 -0.333333 	 5.440476 	 10.000000
   12 	 -0.500000 	 0.700000 	 10.000000
   13 	 0.166667 	 1.388095 	 10.000000
   14 	 0.250000 	 2.617857 	 10.000000
   15 	 -1.000000 	 -0.057143 	 10.000000
   16 	 -0.500000 	 1.805952 	 10.000000
   17 	 -1.000000 	 0.752381 	 10.000000
   18 	 10.000000 	 10.000000 	 10.000000
   19 	 0.250000 	 9.164286 	 10.000000
   20 	 1.000000 	 8.971429 	 10.000000
   21 	 0.500000 	 1.042857 	 10.000000
   22 	 0.333333 	 4.814286 	 10.000000
   23 	 -0.333333 	 2.980952 	 10.000000
   24 	 0.200000 	 4.002857 	 10.000000
   25 	 0.250000 	 4.846429 	 10.000000
   26 	 10.000000 	 10.000000 	 10.000000
   27 	 -1.000000 	 0.223810 	 10.000000
   28 	 0.142857 	 1.504898 	 10.000000
   29 	 1.000000 	 4.600000 	 10.000000
   30 	 10.000000 	 10.000000 	 10.000000
   31 	 -0.250000 	 5.933929 	 10.000000
   32 	 0.125000 	 2.132143 	 10.000000
   33 	 1.000000 	 5.371429 	 10.000000
   34 	 1.000000 	 8.071429 	 10.000000
   35 	 -0.500000 	 1.459524 	 10.000000
   36 	 0.200000 	 4.620000 	 10.000000
   37 	 10.000000 	 10.000000 	 10.000000
   38 	 1.000000 	 5.885714 	 10.000000
   39 	 0.250000 	 4.796429 	 10.000000
   40 	 0.500000 	 5.385714 	 10.000000
   41 	 10.000000 	 10.000000 	 10.000000
   42 	 -0.500000 	 9.550000 	 10.000000
   43 	 10.000000 	 10.000000 	 10.000000
   44 	 0.500000 	 7.421429 	 10.000000
   45 	 0.500000 	 4.028571 	 10.000000
   46 	 -1.000000 	 6.700000 	 10.000000
   47 	 0.250000 	 4.567857 	 10.000000
   48 	 10.000000 	 10.000000 	 10.000000
   49 	 -0.500000 	 0.176190 	 10.000000
   50 	 -1.000000 	 -0.057143 	 10.000000
   51 	 0.500000 	 9.864286 	 10.000000
   52 	 10.000000 	 10.000000 	 10.000000
   53 	 10.000000 	 10.000000 	 10.000000
   54 	 10.000000 	 10.000000 	 10.000000
   55 	 0.166667 	 5.101190 	 10.000000
   56 	 0.500000 	 0.635714 	 10.000000
   57 	 -0.250000 	 6.046429 	 10.000000
   58 	 10.000000 	 10.000000 	 10.000000
   59 	 -0.500000 	 0.339286 	 10.000000
   60 	 1.000000 	 2.285714 	 10.000000
   61 	 -0.500000 	 6.482143 	 10.000000
   62 	 -0.500000 	 0.642857 	 10.000000
   63 	 0.142857 	 7.910884 	 10.000000
   64 	 0.166667 	 1.063095 	 10.000000
   65 	 10.000000 	 10.000000 	 10.000000
   66 	 10.000000 	 10.000000 	 10.000000
   67 	 1.000000 	 7.942857 	 10.000000
   68 	 -0.500000 	 1.900000 	 10.000000
   69 	 10.000000 	 10.000000 	 10.000000
   70 	 0.200000 	 2.195000 	 10.000000
   71 	 -0.250000 	 3.003571 	 10.000000
   72 	 -1.000000 	 4.028571 	 10.000000
   73 	 -1.000000 	 7.957143 	 10.000000
   74 	 0.500000 	 9.728571 	 10.000000
   75 	 0.500000 	 6.200000 	 10.000000
   76 	 -1.000000 	 9.057143 	 10.000000
   77 	 10.000000 	 10.000000 	 10.000000
   78 	 0.500000 	 3.892857 	 10.000000
   79 	 10.000000 	 10.000000 	 10.000000
   80 	 0.250000 	 0.753571 	 10.000000
   81 	 -0.500000 	 2.150000 	 10.000000
   82 	 10.000000 	 10.000000 	 10.000000
   83 	 0.500000 	 5.385714 	 10.000000
   84 	 0.500000 	 0.771429 	 10.000000
   85 	 -0.500000 	 2.235714 	 10.000000
   86 	 -0.250000 	 7.950000 	 10.000000
   87 	 -1.000000 	 0.128571 	 10.000000
   88 	 -1.000000 	 3.858095 	 10.000000
   89 	 -0.250000 	 0.049286 	 10.000000
   90 	 0.500000 	 1.314286 	 10.000000
   91 	 0.333333 	 2.561905 	 10.000000
   92 	 1.000000 	 7.814286 	 10.000000
   93 	 10.000000 	 10.000000 	 10.000000
   94 	 10.000000 	 10.000000 	 10.000000
   95 	 10.000000 	 10.000000 	 10.000000
   96 	 0.500000 	 5.385714 	 10.000000
   97 	 -1.000000 	 1.528571 	 10.000000
   98 	 -1.000000 	 6.071429 	 10.000000
   99 	 1.000000 	 4.600000 	 10.000000
  100 	 -1.000000 	 3.109524 	 10.000000
  101 	 10.000000 	 10.000000 	 10.000000
  102 	 -0.250000 	 2.023810 	 10.000000
  103 	 10.000000 	 10.000000 	 10.000000
  104 	 0.500000 	 2.264286 	 10.000000
  105 	 -0.250000 	 1.800000 	 10.000000
  106 	 10.000000 	 10.000000 	 10.000000
  107 	 10.000000 	 10.000000 	 10.000000
  108 	 -0.250000 	 1.896429 	 10.000000
  109 	 -1.000000 	 0.330952 	 10.000000
  110 	 10.000000 	 10.000000 	 10.000000
  111 	 0.500000 	 5.114286 	 10.000000
  112 	 0.333333 	 8.566667 	 10.000000
  113 	 -0.250000 	 2.128571 	 10.000000
  114 	 -0.200000 	 8.542857 	 10.000000
  115 	 -0.250000 	 1.805000 	 10.000000
  116 	 0.200000 	 2.664286 	 10.000000
  117 	 -0.250000 	 0.961905 	 10.000000
  118 	 10.000000 	 10.000000 	 10.000000
  119 	 -0.500000 	 5.050000 	 10.000000
  120 	 0.250000 	 0.767857 	 10.000000
  121 	 0.142857 	 4.027075 	 10.000000
  122 	 10.000000 	 10.000000 	 10.000000
  123 	 0.500000 	 2.942857 	 10.000000
  124 	 0.250000 	 5.569048 	 10.000000
  125 	 0.333333 	 0.585714 	 10.000000
  126 	 -0.250000 	 3.214286 	 10.000000
  127 	 -0.500000 	 0.765595 	 10.000000
  128 	 0.250000 	 2.478571 	 10.000000
  129 	 10.000000 	 10.000000 	 10.000000
  130 	 -0.500000 	 1.392857 	 10.000000
  131 	 10.000000 	 10.000000 	 10.000000
  132 	 1.000000 	 3.442857 	 10.000000
  133 	 1.000000 	 4.728571 	 10.000000
  134 	 -1.000000 	 0.428571 	 10.000000
  135 	 -1.000000 	 6.228571 	 10.000000
  136 	 10.000000 	 10.000000 	 10.000000
  137 	 10.000000 	 10.000000 	 10.000000
  138 	 -1.000000 	 5.285714 	 10.000000
  139 	 1.000000 	 9.100000 	 10.000000
  140 	 0.500000 	 5.014286 	 10.000000
  141 	 0.500000 	 5.385714 	 10.000000
  142 	 -0.500000 	 0.472619 	 10.000000
  143 	 0.500000 	 3.757143 	 10.000000
  144 	 10.000000 	 10.000000 	 10.000000
  145 	 -0.500000 	 3.590476 	 10.000000
  146 	 0.250000 	 6.435714 	 10.000000
  147 	 -0.500000 	 2.650000 	 10.000000
  148 	 10.000000 	 10.000000 	 10.000000
  149 	 -0.333333 	 -0.125340 	 10.000000
  150 	 10.000000 	 10.000000 	 10.000000
  151 	 1.000000 	 4.342857 	 10.000000
  152 	 0.500000 	 1.828571 	 10.000000
  153 	 1.000000 	 2.928571 	 10.000000
  154 	 -0.250000 	 5.319286 	 10.000000
  155 	 -0.500000 	 8.800000 	 10.000000
  156 	 10.000000 	 10.000000 	 10.000000
  157 	 -0.500000 	 5.757143 	 10.000000
  158 	 0.250000 	 2.196429 	 10.000000
  159 	 1.000000 	 8.200000 	 10.000000
  160 	 -1.000000 	 8.328571 	 10.000000
  161 	 0.500000 	 1.178571 	 10.000000
  162 	 10.000000 	 10.000000 	 10.000000
  163 	 10.000000 	 10.000000 	 10.000000
  164 	 -0.333333 	 7.609524 	 10.000000
  165 	 10.000000 	 10.000000 	 10.000000
  166 	 1.000000 	 1.900000 	 10.000000
  167 	 0.142857 	 2.934694 	 10.000000
  168 	 10.000000 	 10.000000 	 10.000000
  169 	 -1.000000 	 2.573810 	 10.000000
  170 	 0.200000 	 1.788571 	 10.000000
  171 	 0.200000 	 1.502857 	 10.000000
  172 	 -0.250000 	 0.292857 	 10.000000
  173 	 -0.200000 	 2.348571 	 10.000000
  174 	 0.500000 	 6.742857 	 10.000000
  175 	 -0.250000 	 6.485714 	 10.000000
  176 	 10.000000 	 10.000000 	 10.000000
  177 	 10.000000 	 10.000000 	 10.000000
  178 	 -1.000000 	 -0.464286 	 10.000000
  179 	 -1.000000 	 0.728571 	 10.000000
  180 	 0.500000 	 9.592857 	 10.000000
  181 	 -0.500000 	 -0.288265 	 10.000000
  182 	 -0.250000 	 5.753571 	 10.000000
  183 	 0.333333 	 4.911905 	 10.000000
  184 	 0.500000 	 9.214286 	 10.000000
  185 	 10.000000 	 10.000000 	 10.000000
  186 	 10.000000 	 10.000000 	 10.000000
  187 	 1.000000 	 2.414286 	 10.000000
  188 	 0.200000 	 2.887143 	 10.000000
  189 	 1.000000 	 6.142857 	 10.000000
  190 	 -0.500000 	 2.800000 	 10.000000
  191 	 1.000000 	 2.028571 	 10.000000
  192 	 -1.000000 	 1.885714 	 10.000000
  193 	 -1.000000 	 7.642857 	 10.000000
  194 	 -1.000000 	 3.389286 	 10.000000
  195 	 -1.000000 	 3.281905 	 10.000000
  196 	 0.500000 	 7.964286 	 10.000000
  197 	 -0.250000 	 5.753571 	 10.000000
  198 	 -0.250000 	 5.460714 	 10.000000
  199 	 1.000000 	 9.228571 	 10.000000
  200 	 1.000000 	 6.914286 	 10.000000
  201 	 10.000000 	 10.000000 	 10.000000
  202 	 0.500000 	 0.500000 	 0.500000
  203 	 0.500000 	 3.892857 	 10.000000
  204 	 10.000000 	 10.000000 	 10.000000
  205 	 0.250000 	 5.682143 	 10.000000
  206 	 -1.000000 	 1.042857 	 10.000000
  207 	 0.500000 	 9.592857 	 10.000000
  208 	 0.200000 	 4.260000 	 10.000000
  209 	 -1.000000 	 8.114286 	 10.000000
  210 	 10.000000 	 10.000000 	 10.000000
  211 	 -1.000000 	 2.771429 	 10.000000
  212 	 0.142857 	 4.293197 	 10.000000
  213 	 10.000000 	 10.000000 	 10.000000
  214 	 10.000000 	 10.000000 	 10.000000
  215 	 -0.500000 	 2.357143 	 10.000000
  216 	 0.142857 	 3.310204 	 10.000000
  217 	 10.000000 	 10.000000 	 10.000000
  218 	 10.000000 	 10.000000 	 10.000000
  219 	 0.333333 	 2.047619 	 10.000000
  220 	 10.000000 	 10.000000 	 10.000000
  221 	 -1.000000 	 0.400000 	 10.000000
  222 	 10.000000 	 10.000000 	 10.000000
  223 	 10.000000 	 10.000000 	 10.000000
  224 	 1.000000 	 1.771429 	 10.000000
  225 	 10.000000 	 10.000000 	 10.000000
  226 	 -0.500000 	 3.550000 	 10.000000
  227 	 -1.000000 	 2.564286 	 10.000000
  228 	 1.000000 	 1.128571 	 10.000000
  229 	 -1.000000 	 1.447619 	 10.000000
  230 	 0.500000 	 1.257143 	 10.000000
  231 	 0.500000 	 7.557143 	 10.000000
  232 	 -0.333333 	 2.221429 	 10.000000
  233 	 -0.500000 	 1.061905 	 10.000000
  234 	 0.500000 	 8.100000 	 10.000000
  235 	 -0.500000 	 1.135714 	 10.000000
  236 	 0.200000 	 0.642857 	 10.000000
  237 	 -1.000000 	 4.228571 	 10.000000
  238 	 -0.250000 	 3.557143 	 10.000000
  239 	 10.000000 	 10.000000 	 10.000000
  240 	 10.000000 	 10.000000 	 10.000000
  241 	 0.500000 	 1.585714 	 10.000000
  242 	 0.166667 	 1.530952 	 10.000000
  243 	 0.250000 	 9.721429 	 10.000000
  244 	 -0.333333 	 1.433333 	 10.000000
  245 	 -0.333333 	 2.552381 	 10.000000
  246 	 1.000000 	 1.514286 	 10.000000
  247 	 -0.500000 	 3.692857 	 10.000000
  248 	 0.500000 	 5.728571 	 10.000000
  249 	 -1.000000 	 4.185714 	 10.000000
  250 	 10.000000 	 10.000000 	 10.000000
  251 	 10.000000 	 10.000000 	 10.000000
  252 	 -0.500000 	 6.907143 	 10.000000
  253 	 0.250000 	 1.532143 	 10.000000
  254 	 -0.250000 	 0.482143 	 10.000000
  255 	 0.500000 	 3.214286 	 10.000000
  256 	 10.000000 	 10.000000 	 10.000000
  257 	 0.500000 	 7.557143 	 10.000000
  258 	 -1.000000 	 1.564286 	 10.000000
  259 	 -0.500000 	 2.414286 	 10.000000
  260 	 -0.250000 	 3.557143 	 10.000000
  261 	 0.200000 	 7.205000 	 10.000000
  262 	 -0.250000 	 5.753571 	 10.000000
  263 	 -0.500000 	 1.554762 	 10.000000
  264 	 0.333333 	 4.011905 	 10.000000
  265 	 10.000000 	 10.000000 	 10.000000
  266 	 -0.333333 	 4.116190 	 10.000000
  267 	 0.166667 	 5.242857 	 10.000000
  268 	 -0.333333 	 2.218507 	 10.000000
  269 	 0.200000 	 3.644286 	 10.000000
  270 	 -0.500000 	 3.100000 	 10.000000
  271 	 -0.500000 	 6.732143 	 10.000000
  272 	 -0.250000 	 4.396429 	 10.000000
  273 	 -1.000000 	 7.914286 	 10.000000
  274 	 -1.000000 	 5.185714 	 10.000000
  275 	 -1.000000 	 6.322857 	 10.000000
  276 	 1.000000 	 6.528571 	 10.000000
  277 	 0.200000 	 2.218571 	 10.000000
  278 	 -1.000000 	 5.871429 	 10.000000
  279 	 10.000000 	 10.000000 	 10.000000
  280 	 0.333333 	 0.942857 	 10.000000
  281 	 -1.000000 	 6.583333 	 10.000000
  282 	 10.000000 	 10.000000 	 10.000000
  283 	 10.000000 	 10.000000 	 10.000000
  284 	 0.500000 	 7.421429 	 10.000000
  285 	 1.000000 	 1.000000 	 1.000000
  286 	 -1.000000 	 -0.094048 	 10.000000
  287 	 10.000000 	 10.000000 	 10.000000
  288 	 10.000000 	 10.000000 	 10.000000
  289 	 10.000000 	 10.000000 	 10.000000
  290 	 -0.250000 	 9.267857 	 10.000000
  291 	 10.000000 	 10.000000 	 10.000000
  292 	 0.500000 	 4.571429 	 10.000000
  293 	 0.333333 	 4.947619 	 10.000000
  294 	 -1.000000 	 9.842857 	 10.000000
  295 	 0.250000 	 3.300000 	 10.000000
  296 	 -1.000000 	 1.671429 	 10.000000
  297 	 10.000000 	 10.000000 	 10.000000
  298 	 0.500000 	 9.728571 	 10.000000
  299 	 0.250000 	 7.223810 	 10.000000
  300 	 -0.333333 	 0.595238 	 10.000000
  301 	 -0.500000 	 0.447619 	 10.000000
  302 	 10.000000 	 10.000000 	 10.000000
  303 	 0.500000 	 3.621429 	 10.000000
  304 	 0.333333 	 2.590476 	 10.000000
  305 	 0.333333 	 3.409524 	 10.000000
  306 	 0.333333 	 4.304762 	 10.000000
  307 	 10.000000 	 10.000000 	 10.000000
  308 	 -0.250000 	 1.214286 	 10.000000
  309 	 1.000000 	 6.400000 	 10.000000
  310 	 1.000000 	 5.885714 	 10.000000
  311 	 10.000000 	 10.000000 	 10.000000
  312 	 0.250000 	 3.478571 	 10.000000
  313 	 0.250000 	 0.707143 	 10.000000
  314 	 -1.000000 	 6.721429 	 10.000000
  315 	 10.000000 	 10.000000 	 10.000000
  316 	 -1.000000 	 4.657143 	 10.000000
  317 	 10.000000 	 10.000000 	 10.000000
  318 	 -1.000000 	 7.957143 	 10.000000
  319 	 10.000000 	 10.000000 	 10.000000
  320 	 0.250000 	 2.371429 	 10.000000
  321 	 -1.000000 	 0.050000 	 1.000000
  322 	 0.125000 	 0.971922 	 10.000000
  323 	 -0.200000 	 0.531026 	 10.000000
  324 	 10.000000 	 10.000000 	 10.000000
  325 	 10.000000 	 10.000000 	 10.000000
  326 	 1.000000 	 1.257143 	 10.000000
  327 	 0.333333 	 4.940476 	 10.000000
  328 	 -0.500000 	 3.850000 	 10.000000
  329 	 10.000000 	 10.000000 	 10.000000
  330 	 10.000000 	 10.000000 	 10.000000
  331 	 0.500000 	 8.914286 	 10.000000
  332 	 -0.500000 	 8.078571 	 10.000000
  333 	 10.000000 	 10.000000 	 10.000000
  334 	 0.333333 	 3.785714 	 10.000000
  335 	 -0.250000 	 9.267857 	 10.000000
  336 	 10.000000 	 10.000000 	 10.000000
  337 	 -0.250000 	 5.186905 	 10.000000
  338 	 -1.000000 	 6.100000 	 10.000000
  339 	 10.000000 	 10.000000 	 10.000000
  340 	 -1.000000 	 1.357143 	 10.000000
  341 	 -0.500000 	 5.625000 	 10.000000
  342 	 0.500000 	 6.200000 	 10.000000
  343 	 -0.333333 	 1.582738 	 10.000000
  344 	 0.333333 	 2.257143 	 10.000000
  345 	 -0.500000 	 4.000000 	 10.000000
  346 	 -1.000000 	 1.290476 	 10.000000
  347 	 -1.000000 	 7.328571 	 10.000000
  348 	 -0.500000 	 6.550000 	 10.000000
  349 	 0.250000 	 4.428571 	 10.000000
  350 	 10.000000 	 10.000000 	 10.000000
  351 	 -1.000000 	 2.219048 	 10.000000
  352 	 10.000000 	 10.000000 	 10.000000
  353 	 -0.250000 	 8.830357 	 10.000000
  354 	 -0.250000 	 1.692857 	 10.000000
  355 	 0.500000 	 2.628571 	 10.000000
  356 	 0.500000 	 4.300000 	 10.000000
  357 	 -0.500000 	 2.639286 	 10.000000
  358 	 10.000000 	 10.000000 	 10.000000
  359 	 0.500000 	 5.385714 	 10.000000
  360 	 0.500000 	 7.692857 	 10.000000
  361 	 0.500000 	 4.164286 	 10.000000
  362 	 0.500000 	 5.521429 	 10.000000
  363 	 1.000000 	 7.428571 	 10.000000
  364 	 1.000000 	 4.085714 	 10.000000
  365 	 0.333333 	 2.604762 	 10.000000
  366 	 10.000000 	 10.000000 	 10.000000
  367 	 -1.000000 	 2.680952 	 10.000000
  368 	 10.000000 	 10.000000 	 10.000000
  369 	 10.000000 	 10.000000 	 10.000000
  370 	 -1.000000 	 7.957143 	 10.000000
  371 	 10.000000 	 10.000000 	 10.000000
  372 	 10.000000 	 10.000000 	 10.000000
  373 	 -1.000000 	 3.664286 	 10.000000
  374 	 -0.200000 	 2.568571 	 10.000000
  375 	 0.250000 	 6.935714 	 10.000000
  376 	 -0.250000 	 0.921429 	 10.000000
  377 	 -0.250000 	 1.390714 	 10.000000
  378 	 10.000000 	 10.000000 	 10.000000
  379 	 -0.250000 	 4.582143 	 10.000000
  380 	 -0.500000 	 6.850000 	 10.000000
  381 	 -0.500000 	 2.660714 	 10.000000
  382 	 10.000000 	 10.000000 	 10.000000
  383 	 10.000000 	 10.000000 	 10.000000
  384 	 0.250000 	 2.339286 	 10.000000
  385 	 10.000000 	 10.000000 	 10.000000
  386 	 -1.000000 	 -0.685714 	 10.000000
  387 	 -0.333333 	 4.110714 	 10.000000
  388 	 10.000000 	 10.000000 	 10.000000
  389 	 -0.500000 	 2.599048 	 10.000000
  390 	 1.000000 	 2.285714 	 10.000000
  391 	 -1.000000 	 3.692857 	 10.000000
  392 	 1.000000 	 5.114286 	 10.000000
  393 	 -0.500000 	 3.760204 	 10.000000
  394 	 0.500000 	 3.350000 	 10.000000
  395 	 0.166667 	 1.092857 	 10.000000
  396 	 -0.500000 	 0.957143 	 10.000000
  397 	 10.000000 	 10.000000 	 10.000000
  398 	 -0.200000 	 9.854286 	 10.000000
  399 	 10.000000 	 10.000000 	 10.000000
 