   0 	 0.014340 	 0.059923 	 0.574449
    1 	 0.019300 	 0.160519 	 0.574449
    2 	 0.021174 	 0.366340 	 0.800185
    3 	 0.037611 	 0.432322 	 1.154834
    4 	 0.038168 	 0.447718 	 1.112412
    5 	 0.036098 	 0.501232 	 1.165310
    6 	 0.207257 	 0.584544 	 1.186598
    7 	 0.220162 	 0.629773 	 2.227677
    8 	 0.225391 	 0.692605 	 1.621123
    9 	 0.280988 	 0.753187 	 1.523255
   10 	 0.239074 	 0.756033 	 1.574827
   11 	 0.363365 	 0.763952 	 1.239384
   12 	 0.385054 	 0.770207 	 1.132693
   13 	 0.345827 	 0.773845 	 1.293720
   14 	 0.373081 	 0.796820 	 1.258409
   15 	 0.527636 	 0.802120 	 1.323755
   16 	 0.481727 	 0.812877 	 1.529828
   17 	 0.553652 	 0.887574 	 1.895247
   18 	 0.515616 	 0.931532 	 2.075864
   19 	 0.458604 	 0.958267 	 1.806189
   20 	 0.481727 	 0.973121 	 1.893861
   21 	 0.424599 	 1.047761 	 2.124170
   22 	 0.434129 	 1.044040 	 2.075864
   23 	 0.270135 	 1.005447 	 2.355165
   24 	 0.420569 	 0.990195 	 2.303461
   25 	 0.424599 	 1.090746 	 3.701849
   26 	 0.434129 	 1.093126 	 2.377733
   27 	 0.270135 	 1.045302 	 2.355165
   28 	 0.036138 	 1.021671 	 2.303461
   29 	 0.424599 	 1.100144 	 3.701849
   30 	 0.368587 	 1.413739 	 27.671852
   31 	 0.270135 	 1.063950 	 2.355165
   32 	 0.036138 	 1.042534 	 2.713061
   33 	 0.424599 	 1.102450 	 3.701849
   34 	 0.320240 	 1.432143 	 27.671852
   35 	 0.270135 	 1.061797 	 2.355165
   36 	 0.036138 	 1.039758 	 2.506460
   37 	 0.424599 	 1.102235 	 3.701849
   38 	 0.398969 	 1.429169 	 27.671852
   39 	 0.270135 	 1.082277 	 2.355165
   40 	 0.036138 	 1.044878 	 2.506460
   41 	 0.136185 	 1.088102 	 3.701849
   42 	 0.398969 	 1.429169 	 27.671852
   43 	 0.037077 	 1.148135 	 7.342954
   44 	 0.036138 	 1.044878 	 2.506460
   45 	 0.136185 	 1.415782 	 26.970843
   46 	 0.398969 	 1.429169 	 27.671852
   47 	 0.036516 	 1.129233 	 7.342954
   48 	 0.036138 	 1.035483 	 2.506460
   49 	 0.136185 	 1.758083 	 27.385615
   50 	 0.398969 	 1.470129 	 27.671852
   51 	 0.036516 	 1.149713 	 7.342954
   52 	 0.036138 	 1.035483 	 2.506460
   53 	 0.136185 	 1.758083 	 27.385615
   54 	 0.398969 	 1.470129 	 27.671852
   55 	 0.036516 	 1.149713 	 7.342954
   56 	 0.036138 	 1.035483 	 2.506460
   57 	 0.136185 	 1.755765 	 27.385615
   58 	 0.398969 	 1.470129 	 27.671852
   59 	 0.036516 	 1.154833 	 7.342954
   60 	 0.036138 	 1.035483 	 2.506460
   61 	 0.128181 	 1.747351 	 27.385615
   62 	 0.398969 	 1.470129 	 27.671852
   63 	 0.036516 	 1.236753 	 7.801462
   64 	 0.036138 	 1.022412 	 2.506460
   65 	 0.128181 	 1.747351 	 27.385615
   66 	 0.398969 	 1.797809 	 27.671852
   67 	 0.036516 	 1.236753 	 7.801462
   68 	 0.036138 	 1.022412 	 2.506460
   69 	 0.128181 	 1.747351 	 27.385615
   70 	 0.398969 	 1.797809 	 27.671852
   71 	 0.036516 	 1.236753 	 7.801462
   72 	 0.036138 	 1.022412 	 2.506460
   73 	 0.128181 	 1.747351 	 27.385615
   74 	 0.398969 	 1.797809 	 27.671852
   75 	 0.036516 	 1.231170 	 7.801462
   76 	 0.036138 	 1.017305 	 2.506460
   77 	 0.128181 	 1.823585 	 27.385615
   78 	 0.398969 	 1.879729 	 27.671852
   79 	 0.036516 	 1.236290 	 7.801462
   80 	 0.036138 	 1.017305 	 2.506460
   81 	 0.128181 	 1.823585 	 27.385615
   82 	 0.398969 	 1.879729 	 27.671852
   83 	 0.036516 	 1.221972 	 7.801462
   84 	 0.036138 	 0.987749 	 2.506460
   85 	 0.036561 	 1.894970 	 27.385615
   86 	 0.398969 	 2.043569 	 27.671852
   87 	 0.036516 	 1.548795 	 27.351522
   88 	 0.036138 	 0.987749 	 2.506460
   89 	 0.036561 	 1.896250 	 27.385615
   90 	 0.398969 	 2.043569 	 27.671852
   91 	 0.036516 	 1.548795 	 27.351522
   92 	 0.036138 	 0.987749 	 2.506460
   93 	 0.036561 	 1.896250 	 27.385615
   94 	 0.398969 	 2.043569 	 27.671852
   95 	 0.036516 	 1.548795 	 27.351522
   96 	 0.036138 	 0.987749 	 2.506460
   97 	 0.036561 	 1.896250 	 27.385615
   98 	 0.398969 	 2.043569 	 27.671852
   99 	 0.036516 	 1.548795 	 27.351522
  100 	 0.036138 	 0.987749 	 2.506460
  101 	 0.036561 	 1.887643 	 27.385615
  102 	 0.398969 	 2.043569 	 27.671852
  103 	 0.036516 	 1.569275 	 27.351522
  104 	 0.036138 	 0.987749 	 2.506460
  105 	 0.036561 	 1.876824 	 27.385615
  106 	 0.398969 	 2.022484 	 27.671852
  107 	 0.036516 	 1.589755 	 27.351522
  108 	 0.029218 	 1.007822 	 2.506460
  109 	 0.036561 	 1.862201 	 27.385615
  110 	 0.398969 	 2.124884 	 34.225451
  111 	 0.036516 	 1.604220 	 27.351522
  112 	 0.029218 	 1.007822 	 2.506460
  113 	 0.036561 	 1.882681 	 27.385615
  114 	 0.398969 	 2.124884 	 34.225451
  115 	 0.036516 	 1.604220 	 27.351522
  116 	 0.029218 	 0.999614 	 2.506460
  117 	 0.036561 	 1.868681 	 27.385615
  118 	 0.398969 	 2.145364 	 34.225451
  119 	 0.036516 	 1.624700 	 27.351522
  120 	 0.029218 	 0.999614 	 2.506460
  121 	 0.036561 	 1.868681 	 27.385615
  122 	 0.398969 	 2.145364 	 34.225451
  123 	 0.036516 	 1.624700 	 27.351522
  124 	 0.029218 	 0.999614 	 2.506460
  125 	 0.036561 	 1.868681 	 27.385615
  126 	 0.398969 	 2.145364 	 34.225451
  127 	 0.036516 	 1.624700 	 27.351522
  128 	 0.029218 	 0.999614 	 2.506460
  129 	 0.036561 	 1.868681 	 27.385615
  130 	 0.398969 	 2.145364 	 34.225451
  131 	 0.036516 	 1.624700 	 27.351522
  132 	 0.029218 	 0.999614 	 2.506460
  133 	 0.036561 	 1.868681 	 27.385615
  134 	 0.398969 	 2.145364 	 34.225451
  135 	 0.036516 	 1.624700 	 27.351522
  136 	 0.029218 	 0.999614 	 2.506460
  137 	 0.036561 	 1.868681 	 27.385615
  138 	 0.398969 	 2.145364 	 34.225451
  139 	 0.036516 	 1.590969 	 27.351522
  140 	 0.029218 	 0.996838 	 2.506460
  141 	 0.036561 	 2.209651 	 27.385615
  142 	 0.398969 	 2.137873 	 34.225451
  143 	 0.036516 	 1.594103 	 27.351522
  144 	 0.029218 	 0.997314 	 2.506460
  145 	 0.036561 	 2.210485 	 27.385615
  146 	 0.398969 	 2.139153 	 34.225451
  147 	 0.036516 	 1.595383 	 27.351522
  148 	 0.029218 	 0.997314 	 2.506460
  149 	 0.036561 	 2.210485 	 27.385615
  150 	 0.036517 	 2.128927 	 34.225451
  151 	 0.036516 	 1.595383 	 27.351522
  152 	 0.029218 	 1.324994 	 27.384564
  153 	 0.036561 	 2.210485 	 27.385615
  154 	 0.036517 	 2.128927 	 34.225451
  155 	 0.036516 	 1.595383 	 27.351522
  156 	 0.029218 	 1.324994 	 27.384564
  157 	 0.036561 	 2.210485 	 27.385615
  158 	 0.036517 	 2.128927 	 34.225451
  159 	 0.036516 	 1.595383 	 27.351522
  160 	 0.029218 	 1.324994 	 27.384564
  161 	 0.036561 	 2.210485 	 27.385615
  162 	 0.036517 	 2.128927 	 34.225451
  163 	 0.036516 	 1.595383 	 27.351522
  164 	 0.029218 	 1.324994 	 27.384564
  165 	 0.036561 	 2.210485 	 27.385615
  166 	 0.036517 	 2.128927 	 34.225451
  167 	 0.036516 	 1.595383 	 27.351522
  168 	 0.029218 	 1.324994 	 27.384564
  169 	 0.036561 	 2.210485 	 27.385615
  170 	 0.036517 	 2.128927 	 34.225451
  171 	 0.036516 	 1.595383 	 27.351522
  172 	 0.029218 	 1.324994 	 27.384564
  173 	 0.036561 	 2.210485 	 27.385615
  174 	 0.036517 	 2.128927 	 34.225451
  175 	 0.018802 	 1.595155 	 27.351522
  176 	 0.029218 	 1.324994 	 27.384564
  177 	 0.036561 	 2.538165 	 53.185242
  178 	 0.036517 	 2.112179 	 34.225451
  179 	 0.018802 	 1.594373 	 27.351522
  180 	 0.029218 	 1.330114 	 27.384564
  181 	 0.036561 	 2.543285 	 53.185242
  182 	 0.036339 	 2.103051 	 34.225451
  183 	 0.018802 	 1.594373 	 27.351522
  184 	 0.029218 	 1.657794 	 27.518899
  185 	 0.036561 	 2.531936 	 53.185242
  186 	 0.036339 	 2.103051 	 34.225451
  187 	 0.018802 	 1.922053 	 27.351522
  188 	 0.029218 	 1.657794 	 27.518899
  189 	 0.036561 	 2.531936 	 53.185242
  190 	 0.036339 	 2.103051 	 34.225451
  191 	 0.018802 	 1.922053 	 27.351522
  192 	 0.029218 	 1.657794 	 27.518899
  193 	 0.036561 	 2.531936 	 53.185242
  194 	 0.036339 	 2.084680 	 34.225451
  195 	 0.018802 	 1.922053 	 27.351522
  196 	 0.029218 	 1.985474 	 27.518899
  197 	 0.036561 	 2.531936 	 53.185242
  198 	 0.036339 	 2.084680 	 34.225451
  199 	 0.018802 	 1.922053 	 27.351522
  200 	 0.029218 	 1.985474 	 27.518899
  201 	 0.036561 	 2.531936 	 53.185242
  202 	 0.036339 	 2.084680 	 34.225451
  203 	 0.018802 	 1.922053 	 27.351522
  204 	 0.029218 	 1.985474 	 27.518899
  205 	 0.036561 	 2.531936 	 53.185242
  206 	 0.036339 	 2.084680 	 34.225451
  207 	 0.018802 	 1.922053 	 27.351522
  208 	 0.029218 	 1.985474 	 27.518899
  209 	 0.036561 	 2.531936 	 53.185242
  210 	 0.036339 	 2.084680 	 34.225451
  211 	 0.018802 	 1.922053 	 27.351522
  212 	 0.029218 	 1.985474 	 27.518899
  213 	 0.036561 	 2.531936 	 53.185242
  214 	 0.036339 	 2.084680 	 34.225451
  215 	 0.018802 	 1.922053 	 27.351522
  216 	 0.029218 	 1.985474 	 27.518899
  217 	 0.036561 	 2.531936 	 53.185242
  218 	 0.036339 	 2.084680 	 34.225451
  219 	 0.018802 	 1.922053 	 27.351522
  220 	 0.029218 	 1.985474 	 27.518899
  221 	 0.036561 	 2.531936 	 53.185242
  222 	 0.036339 	 2.077135 	 34.225451
  223 	 0.018802 	 1.922053 	 27.351522
  224 	 0.029218 	 2.051161 	 27.518899
  225 	 0.036561 	 2.531936 	 53.185242
  226 	 0.036339 	 2.102735 	 34.225451
  227 	 0.018802 	 1.922053 	 27.351522
  228 	 0.029218 	 2.051161 	 27.518899
  229 	 0.036561 	 2.531936 	 53.185242
  230 	 0.036339 	 2.102735 	 34.225451
  231 	 0.018802 	 1.922053 	 27.351522
  232 	 0.029218 	 2.051161 	 27.518899
  233 	 0.036561 	 2.531936 	 53.185242
  234 	 0.036339 	 2.102735 	 34.225451
  235 	 0.018802 	 1.583036 	 27.351522
  236 	 0.029218 	 2.051161 	 27.518899
  237 	 0.036561 	 2.613856 	 53.185242
  238 	 0.036339 	 2.102735 	 34.225451
  239 	 0.018802 	 1.583036 	 27.351522
  240 	 0.029218 	 2.051161 	 27.518899
  241 	 0.036561 	 2.613856 	 53.185242
  242 	 0.036339 	 2.102735 	 34.225451
  243 	 0.018802 	 1.583036 	 27.351522
  244 	 0.029218 	 2.051161 	 27.518899
  245 	 0.036561 	 2.580663 	 53.185242
  246 	 0.036339 	 2.098567 	 34.225451
  247 	 0.018802 	 1.580679 	 27.351522
  248 	 0.029218 	 2.051737 	 27.518899
  249 	 0.036561 	 2.582349 	 53.185242
  250 	 0.036339 	 2.102407 	 34.225451
  251 	 0.018802 	 1.581959 	 27.351522
  252 	 0.029218 	 2.051737 	 27.518899
  253 	 0.036561 	 2.582349 	 53.185242
  254 	 0.036339 	 2.102407 	 34.225451
  255 	 0.018802 	 1.581959 	 27.351522
  256 	 0.029218 	 2.051737 	 27.518899
  257 	 0.036561 	 2.582349 	 53.185242
  258 	 0.036339 	 2.102407 	 34.225451
  259 	 0.018802 	 1.581959 	 27.351522
  260 	 0.029218 	 2.051737 	 27.518899
  261 	 0.036561 	 2.582349 	 53.185242
  262 	 0.036339 	 2.102407 	 34.225451
  263 	 0.018802 	 1.581959 	 27.351522
  264 	 0.029218 	 2.051737 	 27.518899
  265 	 0.036561 	 2.582349 	 53.185242
  266 	 0.036339 	 2.100563 	 34.225451
  267 	 0.018802 	 1.578670 	 27.351522
  268 	 0.029218 	 1.799128 	 27.384564
  269 	 0.036561 	 2.571670 	 53.185242
  270 	 0.036517 	 2.099803 	 34.225451
  271 	 0.018802 	 1.586350 	 27.351522
  272 	 0.029218 	 1.789883 	 27.384564
  273 	 0.036561 	 2.571670 	 53.185242
  274 	 0.036517 	 2.427483 	 34.225451
  275 	 0.018802 	 1.586350 	 27.351522
  276 	 0.029218 	 1.789883 	 27.384564
  277 	 0.036561 	 2.571670 	 53.185242
  278 	 0.036517 	 2.427483 	 34.225451
  279 	 0.018802 	 1.586350 	 27.351522
  280 	 0.029218 	 1.789883 	 27.384564
  281 	 0.036561 	 2.571670 	 53.185242
  282 	 0.036517 	 2.406362 	 34.225451
  283 	 0.018802 	 1.586350 	 27.351522
  284 	 0.029218 	 1.867298 	 27.384564
  285 	 0.036561 	 2.559615 	 53.185242
  286 	 0.036517 	 2.409288 	 34.225451
  287 	 0.018802 	 1.591470 	 27.351522
  288 	 0.029218 	 1.872418 	 27.384564
  289 	 0.036561 	 2.559615 	 53.185242
  290 	 0.036517 	 2.409288 	 34.225451
  291 	 0.018802 	 1.591470 	 27.351522
  292 	 0.029218 	 1.872418 	 27.384564
  293 	 0.036561 	 2.559615 	 53.185242
  294 	 0.036517 	 2.409288 	 34.225451
  295 	 0.018802 	 1.591470 	 27.351522
  296 	 0.029218 	 1.872418 	 27.384564
  297 	 0.036561 	 2.559615 	 53.185242
  298 	 0.036517 	 2.409288 	 34.225451
  299 	 0.018802 	 1.591470 	 27.351522
  300 	 0.029218 	 1.872418 	 27.384564
  301 	 0.036561 	 2.559615 	 53.185242
  302 	 0.036517 	 2.409288 	 34.225451
  303 	 0.018802 	 1.591470 	 27.351522
  304 	 0.029218 	 1.872418 	 27.384564
  305 	 0.036561 	 2.559615 	 53.185242
  306 	 0.036517 	 2.409288 	 34.225451
  307 	 0.018802 	 1.591470 	 27.351522
  308 	 0.029218 	 1.872418 	 27.384564
  309 	 0.036561 	 2.559615 	 53.185242
  310 	 0.036517 	 2.409288 	 34.225451
  311 	 0.018802 	 1.591470 	 27.351522
  312 	 0.029218 	 1.872418 	 27.384564
  313 	 0.036561 	 2.559615 	 53.185242
  314 	 0.036517 	 2.392368 	 34.225451
  315 	 0.018802 	 1.591470 	 27.351522
  316 	 0.029218 	 1.892898 	 27.384564
  317 	 0.034394 	 2.555675 	 53.185242
  318 	 0.036517 	 2.392368 	 34.225451
  319 	 0.018802 	 1.919150 	 29.074777
  320 	 0.029218 	 1.883793 	 27.384564
  321 	 0.034394 	 2.541761 	 53.185242
  322 	 0.034455 	 2.412822 	 34.225451
  323 	 0.018802 	 1.929724 	 29.074777
  324 	 0.029218 	 1.904273 	 29.022964
  325 	 0.034394 	 2.869441 	 53.185242
  326 	 0.034455 	 2.412822 	 34.225451
  327 	 0.018802 	 1.929724 	 29.074777
  328 	 0.029218 	 1.904273 	 29.022964
  329 	 0.034394 	 2.869441 	 53.185242
  330 	 0.034455 	 2.412822 	 34.225451
  331 	 0.018802 	 1.929644 	 29.074777
  332 	 0.029218 	 1.904273 	 29.022964
  333 	 0.034394 	 2.870721 	 53.185242
  334 	 0.034455 	 2.412822 	 34.225451
  335 	 0.018802 	 1.929644 	 29.074777
  336 	 0.029218 	 1.904273 	 29.022964
  337 	 0.034394 	 2.870721 	 53.185242
  338 	 0.034455 	 2.398373 	 34.225451
  339 	 0.018802 	 1.918824 	 29.074777
  340 	 0.029218 	 1.986193 	 29.022964
  341 	 0.034394 	 2.939597 	 53.185242
  342 	 0.034455 	 2.398373 	 34.225451
  343 	 0.018802 	 1.939304 	 29.074777
  344 	 0.029218 	 1.983545 	 29.022964
  345 	 0.034394 	 2.939597 	 53.185242
  346 	 0.034455 	 2.402834 	 34.225451
  347 	 0.018802 	 1.939304 	 29.074777
  348 	 0.029218 	 1.984825 	 29.022964
  349 	 0.034394 	 2.934003 	 53.185242
  350 	 0.034455 	 2.402834 	 34.225451
  351 	 0.018802 	 1.959784 	 29.074777
  352 	 0.029218 	 1.984825 	 29.022964
  353 	 0.034394 	 2.934003 	 53.185242
  354 	 0.034455 	 2.402834 	 34.225451
  355 	 0.018802 	 1.959784 	 29.074777
  356 	 0.029218 	 1.984825 	 29.022964
  357 	 0.034394 	 2.934003 	 53.185242
  358 	 0.034455 	 2.402834 	 34.225451
  359 	 0.018802 	 1.959784 	 29.074777
  360 	 0.029218 	 1.984825 	 29.022964
  361 	 0.034394 	 2.932155 	 53.185242
  362 	 0.034455 	 2.398859 	 34.225451
  363 	 0.018802 	 1.962204 	 29.074777
  364 	 0.029218 	 1.989945 	 29.022964
  365 	 0.034394 	 2.928260 	 53.185242
  366 	 0.034455 	 2.398859 	 34.225451
  367 	 0.018802 	 2.044124 	 29.074777
  368 	 0.029218 	 1.989945 	 29.022964
  369 	 0.034394 	 2.928260 	 53.185242
  370 	 0.034455 	 2.398859 	 34.225451
  371 	 0.018802 	 2.044124 	 29.074777
  372 	 0.029218 	 1.989945 	 29.022964
  373 	 0.034394 	 2.928260 	 53.185242
  374 	 0.034455 	 2.398859 	 34.225451
  375 	 0.018802 	 2.044124 	 29.074777
  376 	 0.029218 	 1.989945 	 29.022964
  377 	 0.034394 	 2.928260 	 53.185242
  378 	 0.034455 	 2.398859 	 34.225451
  379 	 0.018802 	 2.044124 	 29.074777
  380 	 0.029218 	 1.987036 	 29.022964
  381 	 0.034394 	 2.928003 	 53.185242
  382 	 0.034455 	 2.400139 	 34.225451
  383 	 0.018802 	 2.045404 	 29.074777
  384 	 0.029218 	 1.987036 	 29.022964
  385 	 0.034394 	 2.928003 	 53.185242
  386 	 0.034455 	 2.400139 	 34.225451
  387 	 0.018802 	 2.045404 	 29.074777
  388 	 0.029218 	 1.987036 	 29.022964
  389 	 0.034394 	 2.928003 	 53.185242
  390 	 0.034455 	 2.400139 	 34.225451
  391 	 0.018802 	 2.045404 	 29.074777
  392 	 0.029218 	 1.987036 	 29.022964
  393 	 0.034394 	 2.928003 	 53.185242
  394 	 0.034455 	 2.400139 	 34.225451
  395 	 0.018802 	 2.045404 	 29.074777
  396 	 0.029218 	 1.987036 	 29.022964
  397 	 0.034394 	 2.928003 	 53.185242
  398 	 0.034455 	 2.400139 	 34.225451
  399 	 0.018802 	 2.045404 	 29.074777
  400 	 0.029218 	 1.987036 	 29.022964
  401 	 0.034394 	 2.928003 	 53.185242
  402 	 0.034455 	 2.400139 	 34.225451
  403 	 0.018802 	 2.045404 	 29.074777
  404 	 0.029218 	 1.975085 	 29.022964
  405 	 0.034394 	 2.928003 	 53.185242
  406 	 0.034455 	 2.727819 	 34.225451
  407 	 0.018802 	 2.045404 	 29.074777
  408 	 0.029218 	 1.975085 	 29.022964
  409 	 0.034394 	 2.928003 	 53.185242
  410 	 0.034455 	 2.720737 	 34.225451
  411 	 0.018802 	 2.045404 	 29.074777
  412 	 0.029218 	 2.057004 	 29.022964
  413 	 0.034394 	 2.928003 	 53.185242
  414 	 0.034455 	 2.720737 	 34.225451
  415 	 0.018802 	 2.045404 	 29.074777
  416 	 0.029218 	 2.057004 	 29.022964
  417 	 0.034394 	 2.928003 	 53.185242
  418 	 0.034455 	 2.720737 	 34.225451
  419 	 0.018802 	 2.045404 	 29.074777
  420 	 0.029218 	 2.057004 	 29.022964
  421 	 0.034394 	 2.928003 	 53.185242
  422 	 0.034455 	 2.717065 	 34.225451
  423 	 0.018802 	 2.045403 	 29.074777
  424 	 0.029218 	 2.058284 	 29.022964
  425 	 0.034394 	 2.929283 	 53.185242
  426 	 0.034455 	 2.717065 	 34.225451
  427 	 0.018802 	 2.045403 	 29.074777
  428 	 0.029218 	 2.058284 	 29.022964
  429 	 0.034394 	 2.929283 	 53.185242
  430 	 0.034455 	 2.717065 	 34.225451
  431 	 0.018802 	 2.045403 	 29.074777
  432 	 0.029218 	 2.045676 	 29.022964
  433 	 0.034394 	 2.921379 	 53.185242
  434 	 0.034455 	 2.798985 	 34.225451
  435 	 0.018802 	 2.127323 	 29.074777
  436 	 0.029218 	 2.045676 	 29.022964
  437 	 0.034394 	 2.921379 	 53.185242
  438 	 0.034455 	 2.798985 	 34.225451
  439 	 0.018802 	 2.127323 	 29.074777
  440 	 0.029218 	 2.045676 	 29.022964
  441 	 0.034394 	 2.921379 	 53.185242
  442 	 0.034455 	 2.798985 	 34.225451
  443 	 0.018802 	 1.855266 	 27.351522
  444 	 0.029218 	 2.043208 	 29.022964
  445 	 0.036561 	 2.922659 	 53.185242
  446 	 0.034455 	 2.805385 	 34.225451
  447 	 0.018802 	 1.855266 	 27.351522
  448 	 0.029218 	 2.043208 	 29.022964
  449 	 0.036561 	 2.922659 	 53.185242
  450 	 0.034455 	 2.805385 	 34.225451
  451 	 0.018802 	 1.855266 	 27.351522
  452 	 0.029218 	 2.043208 	 29.022964
  453 	 0.036561 	 2.922659 	 53.185242
  454 	 0.034455 	 2.805385 	 34.225451
  455 	 0.018802 	 1.855266 	 27.351522
  456 	 0.029218 	 2.043208 	 29.022964
  457 	 0.036561 	 2.922659 	 53.185242
  458 	 0.034455 	 2.805385 	 34.225451
  459 	 0.018802 	 1.855266 	 27.351522
  460 	 0.029218 	 2.043208 	 29.022964
  461 	 0.036561 	 2.922659 	 53.185242
  462 	 0.034455 	 2.805385 	 34.225451
  463 	 0.018802 	 1.855266 	 27.351522
  464 	 0.029218 	 2.043208 	 29.022964
  465 	 0.036561 	 2.922659 	 53.185242
  466 	 0.034455 	 2.805385 	 34.225451
  467 	 0.018802 	 1.855266 	 27.351522
  468 	 0.029218 	 2.043208 	 29.022964
  469 	 0.036561 	 2.919158 	 53.185242
  470 	 0.034455 	 2.805385 	 34.225451
  471 	 0.018802 	 1.937186 	 27.351522
  472 	 0.029218 	 2.043208 	 29.022964
  473 	 0.036561 	 2.919158 	 53.185242
  474 	 0.034455 	 2.805385 	 34.225451
  475 	 0.018802 	 1.937186 	 27.351522
  476 	 0.029218 	 2.043208 	 29.022964
  477 	 0.036561 	 2.904836 	 53.185242
  478 	 0.034455 	 2.805385 	 34.225451
  479 	 0.018802 	 2.019106 	 27.351522
  480 	 0.029218 	 2.043208 	 29.022964
  481 	 0.036561 	 2.904836 	 53.185242
  482 	 0.034455 	 2.805385 	 34.225451
  483 	 0.018802 	 2.019106 	 27.351522
  484 	 0.029218 	 2.043208 	 29.022964
  485 	 0.036561 	 2.904836 	 53.185242
  486 	 0.034455 	 2.805385 	 34.225451
  487 	 0.018802 	 2.019106 	 27.351522
  488 	 0.029218 	 2.043208 	 29.022964
  489 	 0.036561 	 2.904836 	 53.185242
  490 	 0.034455 	 2.805385 	 34.225451
  491 	 0.018240 	 2.019099 	 27.351522
  492 	 0.029218 	 2.043208 	 29.022964
  493 	 0.036561 	 2.925316 	 54.823641
  494 	 0.034455 	 2.805385 	 34.225451
  495 	 0.018240 	 2.019099 	 27.351522
  496 	 0.029218 	 2.043208 	 29.022964
  497 	 0.036561 	 2.925316 	 54.823641
  498 	 0.034455 	 2.805385 	 34.225451
  499 	 0.018240 	 2.019099 	 27.351522
  500 	 0.029218 	 2.043208 	 29.022964
  501 	 0.036561 	 2.925316 	 54.823641
  502 	 0.034455 	 2.713006 	 34.225451
  503 	 0.018240 	 2.019099 	 27.351522
  504 	 0.029218 	 2.370888 	 29.022964
  505 	 0.036561 	 2.925316 	 54.823641
  506 	 0.034455 	 2.713006 	 34.225451
  507 	 0.018240 	 2.005599 	 27.351522
  508 	 0.029218 	 2.370659 	 29.022964
  509 	 0.036561 	 2.945796 	 54.823641
  510 	 0.034455 	 2.714286 	 34.225451
  511 	 0.018240 	 2.005599 	 27.351522
  512 	 0.029218 	 2.370659 	 29.022964
  513 	 0.036561 	 2.945796 	 54.823641
  514 	 0.034455 	 2.714286 	 34.225451
  515 	 0.018240 	 2.005599 	 27.351522
  516 	 0.029218 	 2.370659 	 29.022964
  517 	 0.036561 	 2.934785 	 54.823641
  518 	 0.034455 	 2.615757 	 34.225451
  519 	 0.018240 	 2.087519 	 27.351522
  520 	 0.029218 	 2.391139 	 29.022964
  521 	 0.036561 	 2.934785 	 54.823641
  522 	 0.034455 	 2.615757 	 34.225451
  523 	 0.018240 	 2.087519 	 27.351522
  524 	 0.029218 	 2.391139 	 29.022964
  525 	 0.036561 	 2.934785 	 54.823641
  526 	 0.034455 	 2.615757 	 34.225451
  527 	 0.018240 	 2.087519 	 27.351522
  528 	 0.029218 	 2.391139 	 29.022964
  529 	 0.036561 	 2.934785 	 54.823641
  530 	 0.034455 	 2.615757 	 34.225451
  531 	 0.018240 	 2.087519 	 27.351522
  532 	 0.029218 	 2.381214 	 29.022964
  533 	 0.036561 	 2.906389 	 54.823641
  534 	 0.034455 	 2.532703 	 34.225451
  535 	 0.018240 	 2.107999 	 27.351522
  536 	 0.029218 	 2.100261 	 29.022964
  537 	 0.036561 	 2.906389 	 54.823641
  538 	 0.034455 	 2.537823 	 34.225451
  539 	 0.018240 	 2.107999 	 27.351522
  540 	 0.029218 	 2.100261 	 29.022964
  541 	 0.036561 	 2.906389 	 54.823641
  542 	 0.034455 	 2.537823 	 34.225451
  543 	 0.018240 	 2.107999 	 27.351522
  544 	 0.029218 	 2.100261 	 29.022964
  545 	 0.036561 	 2.906389 	 54.823641
  546 	 0.034455 	 2.537823 	 34.225451
  547 	 0.018240 	 2.107999 	 27.351522
  548 	 0.029218 	 2.100261 	 29.022964
  549 	 0.036561 	 2.904426 	 54.823641
  550 	 0.034455 	 2.537823 	 34.225451
  551 	 0.018240 	 2.113119 	 27.351522
  552 	 0.029218 	 2.100261 	 29.022964
  553 	 0.036561 	 2.904405 	 54.823641
  554 	 0.034455 	 2.537823 	 34.225451
  555 	 0.018240 	 2.088441 	 27.351522
  556 	 0.029218 	 2.100261 	 29.022964
  557 	 0.036561 	 3.232085 	 54.823641
  558 	 0.034455 	 2.537823 	 34.225451
  559 	 0.018240 	 2.088441 	 27.351522
  560 	 0.029218 	 2.055235 	 29.022964
  561 	 0.036561 	 3.232085 	 54.823641
  562 	 0.034455 	 2.199092 	 34.225451
  563 	 0.018240 	 2.088441 	 27.351522
  564 	 0.029218 	 2.137155 	 29.022964
  565 	 0.036561 	 3.206250 	 54.823641
  566 	 0.034455 	 2.199092 	 34.225451
  567 	 0.018240 	 2.108921 	 27.351522
  568 	 0.029218 	 2.137155 	 29.022964
  569 	 0.035050 	 3.201292 	 54.823641
  570 	 0.034455 	 2.199092 	 34.225451
  571 	 0.018240 	 2.436601 	 28.530648
  572 	 0.029218 	 2.137155 	 29.022964
  573 	 0.035050 	 3.201292 	 54.823641
  574 	 0.034455 	 2.199092 	 34.225451
  575 	 0.018240 	 2.436601 	 28.530648
  576 	 0.029218 	 2.137155 	 29.022964
  577 	 0.035050 	 3.201292 	 54.823641
  578 	 0.034455 	 2.199092 	 34.225451
  579 	 0.018240 	 2.436601 	 28.530648
  580 	 0.029218 	 2.137155 	 29.022964
  581 	 0.035050 	 3.201292 	 54.823641
  582 	 0.034455 	 2.199092 	 34.225451
  583 	 0.018240 	 2.436601 	 28.530648
  584 	 0.029218 	 2.137155 	 29.022964
  585 	 0.035050 	 3.201292 	 54.823641
  586 	 0.034455 	 2.199092 	 34.225451
  587 	 0.018240 	 2.436601 	 28.530648
  588 	 0.029218 	 2.137155 	 29.022964
  589 	 0.035050 	 3.201292 	 54.823641
  590 	 0.030017 	 2.197707 	 34.225451
  591 	 0.018240 	 2.436601 	 28.530648
  592 	 0.029218 	 2.464835 	 33.314295
  593 	 0.035050 	 3.201292 	 54.823641
  594 	 0.030017 	 2.197707 	 34.225451
  595 	 0.018240 	 2.436601 	 28.530648
  596 	 0.029218 	 2.464835 	 33.314295
  597 	 0.035050 	 3.201292 	 54.823641
  598 	 0.030017 	 2.183374 	 34.225451
  599 	 0.018240 	 2.436601 	 28.530648
  600 	 0.029218 	 2.792515 	 33.314295
  601 	 0.035050 	 3.201292 	 54.823641
  602 	 0.030017 	 2.183374 	 34.225451
  603 	 0.018240 	 2.436601 	 28.530648
  604 	 0.029218 	 2.792515 	 33.314295
  605 	 0.035050 	 3.201292 	 54.823641
  606 	 0.030017 	 2.183374 	 34.225451
  607 	 0.018240 	 2.436601 	 28.530648
  608 	 0.029218 	 2.792515 	 33.314295
  609 	 0.035050 	 3.201292 	 54.823641
  610 	 0.030017 	 2.176331 	 34.225451
  611 	 0.018240 	 2.436601 	 28.530648
  612 	 0.029218 	 2.797635 	 33.314295
  613 	 0.035050 	 3.201292 	 54.823641
  614 	 0.030017 	 2.176331 	 34.225451
  615 	 0.018240 	 2.436601 	 28.530648
  616 	 0.029218 	 2.797635 	 33.314295
  617 	 0.035050 	 3.201292 	 54.823641
  618 	 0.030017 	 2.176331 	 34.225451
  619 	 0.018240 	 2.436601 	 28.530648
  620 	 0.029218 	 2.797635 	 33.314295
  621 	 0.035050 	 3.201292 	 54.823641
  622 	 0.030017 	 2.176331 	 34.225451
  623 	 0.018240 	 2.436601 	 28.530648
  624 	 0.029218 	 2.797635 	 33.314295
  625 	 0.035050 	 3.197611 	 54.823641
  626 	 0.030017 	 2.171398 	 34.225451
  627 	 0.018240 	 2.457081 	 28.530648
  628 	 0.029218 	 2.879555 	 33.314295
  629 	 0.035050 	 3.197611 	 54.823641
  630 	 0.030017 	 2.171398 	 34.225451
  631 	 0.018240 	 2.457081 	 28.530648
  632 	 0.029218 	 2.875800 	 33.314295
  633 	 0.035050 	 3.197611 	 54.823641
  634 	 0.030017 	 2.253318 	 34.225451
  635 	 0.018240 	 2.446439 	 28.530648
  636 	 0.029218 	 2.875800 	 33.314295
  637 	 0.035050 	 3.525291 	 54.823641
  638 	 0.030017 	 2.248163 	 34.225451
  639 	 0.018240 	 2.440288 	 28.530648
  640 	 0.029218 	 3.203480 	 33.314295
  641 	 0.035050 	 3.852970 	 54.823641
  642 	 0.030017 	 2.248163 	 34.225451
  643 	 0.018240 	 2.440288 	 28.530648
  644 	 0.029218 	 3.203480 	 33.314295
  645 	 0.035050 	 3.852970 	 54.823641
  646 	 0.030017 	 2.248163 	 34.225451
  647 	 0.018240 	 2.440288 	 28.530648
  648 	 0.029218 	 3.203480 	 33.314295
  649 	 0.035050 	 3.852970 	 54.823641
  650 	 0.030017 	 2.248163 	 34.225451
  651 	 0.018240 	 2.440288 	 28.530648
  652 	 0.029218 	 3.203480 	 33.314295
  653 	 0.035050 	 3.852950 	 54.823641
  654 	 0.030017 	 2.248163 	 34.225451
  655 	 0.018240 	 2.441568 	 28.530648
  656 	 0.029218 	 3.203480 	 33.314295
  657 	 0.035050 	 3.852950 	 54.823641
  658 	 0.030017 	 2.248163 	 34.225451
  659 	 0.018240 	 2.441568 	 28.530648
  660 	 0.029218 	 3.203480 	 33.314295
  661 	 0.035050 	 3.196871 	 28.109646
  662 	 0.030017 	 2.248163 	 34.225451
  663 	 0.035575 	 2.446688 	 28.530648
  664 	 0.029218 	 3.203480 	 33.314295
  665 	 0.035050 	 3.196871 	 28.109646
  666 	 0.030017 	 2.248163 	 34.225451
  667 	 0.035575 	 2.405708 	 28.530648
  668 	 0.029218 	 3.203480 	 33.314295
  669 	 0.035050 	 3.524551 	 28.109646
  670 	 0.030017 	 2.230002 	 34.225451
  671 	 0.035575 	 2.405708 	 28.530648
  672 	 0.029218 	 3.285400 	 33.314295
  673 	 0.035050 	 3.524551 	 28.109646
  674 	 0.030017 	 2.230002 	 34.225451
  675 	 0.035575 	 2.401628 	 28.530648
  676 	 0.029218 	 2.941271 	 33.314295
  677 	 0.035050 	 3.196859 	 28.109646
  678 	 0.030017 	 2.245362 	 34.225451
  679 	 0.035575 	 2.411868 	 28.530648
  680 	 0.029218 	 2.941271 	 33.314295
  681 	 0.035050 	 3.196859 	 28.109646
  682 	 0.030017 	 2.245362 	 34.225451
  683 	 0.035575 	 2.411868 	 28.530648
  684 	 0.029218 	 2.941271 	 33.314295
  685 	 0.035050 	 3.196859 	 28.109646
  686 	 0.030017 	 2.245362 	 34.225451
  687 	 0.035575 	 2.411868 	 28.530648
  688 	 0.029218 	 2.748918 	 33.314295
  689 	 0.035050 	 3.196859 	 28.109646
  690 	 0.030017 	 2.409202 	 34.225451
  691 	 0.035575 	 2.370802 	 28.530648
  692 	 0.029218 	 2.747270 	 33.314295
  693 	 0.035050 	 3.196455 	 28.109646
  694 	 0.030017 	 2.413040 	 34.225451
  695 	 0.035575 	 2.368119 	 28.530648
  696 	 0.029218 	 2.400409 	 33.314295
  697 	 0.035050 	 3.216935 	 28.109646
  698 	 0.030017 	 2.433520 	 34.225451
  699 	 0.035575 	 2.332324 	 28.530648
  700 	 0.029218 	 2.400409 	 33.314295
  701 	 0.035050 	 3.547013 	 28.109646
  702 	 0.030017 	 2.433520 	 34.225451
  703 	 0.035575 	 2.337444 	 28.530648
  704 	 0.029218 	 2.400409 	 33.314295
  705 	 0.035050 	 3.547013 	 28.109646
  706 	 0.030017 	 2.433520 	 34.225451
  707 	 0.035575 	 2.337444 	 28.530648
  708 	 0.029218 	 2.062644 	 33.314295
  709 	 0.035050 	 3.547013 	 28.109646
  710 	 0.030017 	 2.761200 	 34.225451
  711 	 0.035575 	 2.337444 	 28.530648
  712 	 0.029218 	 2.062644 	 33.314295
  713 	 0.035050 	 3.547013 	 28.109646
  714 	 0.030017 	 2.761200 	 34.225451
  715 	 0.035575 	 2.327812 	 28.530648
  716 	 0.029218 	 1.646692 	 26.980414
  717 	 0.035050 	 3.874693 	 28.109646
  718 	 0.037064 	 3.088880 	 34.225451
  719 	 0.035575 	 2.327812 	 28.530648
  720 	 0.029218 	 1.646692 	 26.980414
  721 	 0.035050 	 3.874693 	 28.109646
  722 	 0.037064 	 3.088880 	 34.225451
  723 	 0.035575 	 2.327812 	 28.530648
  724 	 0.029218 	 1.646692 	 26.980414
  725 	 0.035050 	 3.874693 	 28.109646
  726 	 0.037064 	 3.088880 	 34.225451
  727 	 0.035575 	 2.321148 	 28.530648
  728 	 0.029218 	 1.646692 	 26.980414
  729 	 0.035050 	 3.895173 	 28.109646
  730 	 0.037064 	 3.088880 	 34.225451
  731 	 0.035064 	 2.321141 	 28.530648
  732 	 0.029218 	 1.646692 	 26.980414
  733 	 0.035050 	 3.900293 	 28.519246
  734 	 0.037064 	 3.088880 	 34.225451
  735 	 0.018833 	 2.320912 	 28.530648
  736 	 0.029218 	 1.646692 	 26.980414
  737 	 0.035050 	 4.227973 	 53.098604
  738 	 0.037064 	 3.088880 	 34.225451
  739 	 0.018833 	 2.320912 	 28.530648
  740 	 0.029218 	 1.646692 	 26.980414
  741 	 0.035050 	 4.227973 	 53.098604
  742 	 0.037064 	 3.088880 	 34.225451
  743 	 0.018833 	 2.320912 	 28.530648
  744 	 0.029218 	 1.646692 	 26.980414
  745 	 0.035050 	 4.227973 	 53.098604
  746 	 0.037064 	 3.088880 	 34.225451
  747 	 0.018833 	 2.320912 	 28.530648
  748 	 0.029218 	 1.646692 	 26.980414
  749 	 0.035050 	 4.212491 	 53.098604
  750 	 0.037064 	 3.088880 	 34.225451
  751 	 0.018833 	 2.402832 	 28.530648
  752 	 0.029218 	 1.646692 	 26.980414
  753 	 0.035050 	 4.212491 	 53.098604
  754 	 0.037064 	 3.088880 	 34.225451
  755 	 0.018833 	 2.402832 	 28.530648
  756 	 0.029218 	 1.646692 	 26.980414
  757 	 0.035050 	 4.212491 	 53.098604
  758 	 0.037064 	 3.088880 	 34.225451
  759 	 0.018833 	 2.402832 	 28.530648
  760 	 0.029218 	 1.646692 	 26.980414
  761 	 0.035050 	 4.212491 	 53.098604
  762 	 0.037064 	 3.088880 	 34.225451
  763 	 0.018833 	 2.402832 	 28.530648
  764 	 0.029218 	 1.646692 	 26.980414
  765 	 0.035050 	 4.212491 	 53.098604
  766 	 0.037064 	 3.088880 	 34.225451
  767 	 0.018833 	 2.402832 	 28.530648
  768 	 0.029218 	 1.646692 	 26.980414
  769 	 0.035050 	 4.212491 	 53.098604
  770 	 0.037064 	 3.088880 	 34.225451
  771 	 0.018833 	 2.402832 	 28.530648
  772 	 0.029218 	 1.646692 	 26.980414
  773 	 0.035050 	 4.212491 	 53.098604
  774 	 0.037064 	 3.088880 	 34.225451
  775 	 0.018833 	 2.402832 	 28.530648
  776 	 0.029218 	 1.646692 	 26.980414
  777 	 0.035050 	 4.212491 	 53.098604
  778 	 0.037064 	 3.088880 	 34.225451
  779 	 0.018833 	 2.402832 	 28.530648
  780 	 0.029218 	 1.646692 	 26.980414
  781 	 0.035050 	 4.212491 	 53.098604
  782 	 0.037064 	 3.088880 	 34.225451
  783 	 0.018833 	 2.402832 	 28.530648
  784 	 0.029218 	 1.646692 	 26.980414
  785 	 0.035050 	 4.212491 	 53.098604
  786 	 0.037064 	 3.088880 	 34.225451
  787 	 0.018833 	 2.402832 	 28.530648
  788 	 0.029218 	 1.646692 	 26.980414
  789 	 0.035050 	 4.212491 	 53.098604
  790 	 0.037064 	 3.088880 	 34.225451
  791 	 0.018833 	 2.402832 	 28.530648
  792 	 0.029218 	 1.646692 	 26.980414
  793 	 0.035050 	 4.212491 	 53.098604
  794 	 0.037064 	 3.088880 	 34.225451
  795 	 0.018833 	 2.402832 	 28.530648
  796 	 0.029218 	 1.646692 	 26.980414
  797 	 0.035050 	 4.212491 	 53.098604
  798 	 0.037064 	 3.088880 	 34.225451
  799 	 0.018833 	 2.402832 	 28.530648
  800 	 0.029218 	 1.646692 	 26.980414
  801 	 0.035050 	 4.212491 	 53.098604
  802 	 0.037064 	 3.088880 	 34.225451
  803 	 0.018833 	 2.402832 	 28.530648
  804 	 0.029218 	 1.646692 	 26.980414
  805 	 0.035050 	 4.132114 	 53.098604
  806 	 0.037064 	 3.088880 	 34.225451
  807 	 0.018833 	 2.407952 	 28.530648
  808 	 0.029218 	 1.646692 	 26.980414
  809 	 0.035050 	 4.132114 	 53.098604
  810 	 0.037064 	 3.088880 	 34.225451
  811 	 0.018833 	 2.407952 	 28.530648
  812 	 0.029218 	 1.646692 	 26.980414
  813 	 0.035050 	 4.132114 	 53.098604
  814 	 0.037064 	 3.088880 	 34.225451
  815 	 0.018833 	 2.407952 	 28.530648
  816 	 0.029218 	 1.629752 	 26.980414
  817 	 0.035050 	 4.132114 	 53.098604
  818 	 0.037064 	 3.416560 	 34.225451
  819 	 0.018833 	 2.407952 	 28.530648
  820 	 0.029218 	 1.629752 	 26.980414
  821 	 0.035050 	 4.132114 	 53.098604
  822 	 0.037064 	 3.416560 	 34.225451
  823 	 0.018833 	 2.407952 	 28.530648
  824 	 0.029218 	 1.629752 	 26.980414
  825 	 0.035050 	 4.132114 	 53.098604
  826 	 0.037064 	 3.416560 	 34.225451
  827 	 0.018833 	 2.407952 	 28.530648
  828 	 0.029218 	 1.629752 	 26.980414
  829 	 0.035050 	 4.127071 	 53.098604
  830 	 0.037064 	 3.416560 	 34.225451
  831 	 0.018833 	 2.727528 	 28.530648
  832 	 0.029218 	 1.629752 	 26.980414
  833 	 0.035050 	 4.454751 	 53.098604
  834 	 0.037064 	 3.416560 	 34.225451
  835 	 0.018833 	 2.727528 	 28.530648
  836 	 0.029218 	 1.629752 	 26.980414
  837 	 0.035050 	 4.454751 	 53.098604
  838 	 0.037064 	 3.410061 	 34.225451
  839 	 0.018833 	 2.727528 	 28.530648
  840 	 0.029218 	 1.631032 	 26.980414
  841 	 0.035050 	 4.454751 	 53.098604
  842 	 0.037064 	 3.410061 	 34.225451
  843 	 0.018833 	 2.727528 	 28.530648
  844 	 0.029218 	 1.629404 	 26.980414
  845 	 0.035050 	 4.454751 	 53.098604
  846 	 0.037064 	 3.411341 	 34.225451
  847 	 0.018833 	 2.727528 	 28.530648
  848 	 0.029218 	 1.629404 	 26.980414
  849 	 0.035050 	 4.454751 	 53.098604
  850 	 0.037064 	 3.411341 	 34.225451
  851 	 0.018833 	 2.651689 	 28.530648
  852 	 0.029218 	 1.629404 	 26.980414
  853 	 0.035050 	 4.459871 	 53.098604
  854 	 0.037064 	 3.411341 	 34.225451
  855 	 0.018833 	 2.651689 	 28.530648
  856 	 0.029218 	 1.629404 	 26.980414
  857 	 0.035050 	 4.459871 	 53.098604
  858 	 0.037064 	 3.411341 	 34.225451
  859 	 0.018833 	 2.651689 	 28.530648
  860 	 0.029218 	 1.629404 	 26.980414
  861 	 0.035050 	 4.459871 	 53.098604
  862 	 0.037064 	 3.411341 	 34.225451
  863 	 0.018833 	 2.651689 	 28.530648
  864 	 0.029218 	 1.629404 	 26.980414
  865 	 0.035050 	 4.459871 	 53.098604
  866 	 0.037064 	 3.411341 	 34.225451
  867 	 0.018833 	 2.651689 	 28.530648
  868 	 0.029218 	 1.629404 	 26.980414
  869 	 0.035050 	 4.447211 	 53.098604
  870 	 0.037064 	 3.072968 	 34.225451
  871 	 0.018833 	 2.733609 	 28.530648
  872 	 0.029218 	 1.711324 	 26.980414
  873 	 0.035050 	 4.447211 	 53.098604
  874 	 0.037064 	 3.072968 	 34.225451
  875 	 0.018833 	 2.733609 	 28.530648
  876 	 0.029218 	 1.711324 	 26.980414
  877 	 0.035050 	 4.447211 	 53.098604
  878 	 0.037064 	 3.072968 	 34.225451
  879 	 0.018833 	 2.733609 	 28.530648
  880 	 0.029218 	 1.711324 	 26.980414
  881 	 0.035050 	 4.447211 	 53.098604
  882 	 0.037064 	 3.072968 	 34.225451
  883 	 0.018833 	 2.733609 	 28.530648
  884 	 0.029218 	 1.711324 	 26.980414
  885 	 0.035050 	 4.435665 	 53.098604
  886 	 0.037064 	 3.072968 	 34.225451
  887 	 0.018833 	 2.754089 	 28.530648
  888 	 0.029218 	 1.711324 	 26.980414
  889 	 0.035050 	 4.435665 	 53.098604
  890 	 0.037064 	 3.072968 	 34.225451
  891 	 0.018833 	 2.754089 	 28.530648
  892 	 0.029218 	 1.711324 	 26.980414
  893 	 0.035050 	 4.435665 	 53.098604
  894 	 0.037064 	 3.072968 	 34.225451
  895 	 0.018833 	 2.754089 	 28.530648
  896 	 0.029218 	 1.711324 	 26.980414
  897 	 0.035050 	 4.435665 	 53.098604
  898 	 0.037064 	 3.072968 	 34.225451
  899 	 0.018833 	 2.754089 	 28.530648
  900 	 0.029218 	 1.711324 	 26.980414
  901 	 0.035050 	 4.435665 	 53.098604
  902 	 0.037064 	 3.067203 	 34.225451
  903 	 0.018833 	 2.754089 	 28.530648
  904 	 0.029218 	 1.716444 	 26.980414
  905 	 0.035050 	 4.435665 	 53.098604
  906 	 0.037064 	 3.067203 	 34.225451
  907 	 0.018833 	 2.754089 	 28.530648
  908 	 0.029218 	 1.716444 	 26.980414
  909 	 0.035050 	 4.435665 	 53.098604
  910 	 0.037064 	 3.067203 	 34.225451
  911 	 0.018833 	 2.751885 	 28.530648
  912 	 0.029218 	 1.716444 	 26.980414
  913 	 0.035050 	 4.456145 	 53.098604
  914 	 0.037064 	 3.067203 	 34.225451
  915 	 0.018833 	 2.751885 	 28.530648
  916 	 0.029218 	 1.716444 	 26.980414
  917 	 0.035050 	 4.456145 	 53.098604
  918 	 0.037064 	 3.067203 	 34.225451
  919 	 0.018833 	 2.742768 	 28.530648
  920 	 0.029218 	 1.716444 	 26.980414
  921 	 0.035050 	 4.538065 	 53.098604
  922 	 0.037064 	 3.067203 	 34.225451
  923 	 0.018833 	 2.742768 	 28.530648
  924 	 0.029218 	 1.716444 	 26.980414
  925 	 0.035050 	 4.538065 	 53.098604
  926 	 0.037064 	 3.054999 	 34.225451
  927 	 0.018833 	 2.742768 	 28.530648
  928 	 0.029218 	 1.798364 	 26.980414
  929 	 0.035050 	 4.538065 	 53.098604
  930 	 0.037064 	 3.054999 	 34.225451
  931 	 0.018833 	 2.742768 	 28.530648
  932 	 0.029218 	 1.798364 	 26.980414
  933 	 0.035050 	 4.538065 	 53.098604
  934 	 0.037064 	 3.053340 	 34.225451
  935 	 0.018833 	 2.742768 	 28.530648
  936 	 0.029218 	 1.803484 	 26.980414
  937 	 0.035050 	 4.538065 	 53.098604
  938 	 0.037064 	 3.053340 	 34.225451
  939 	 0.018833 	 2.742768 	 28.530648
  940 	 0.029218 	 1.803484 	 26.980414
  941 	 0.035050 	 4.538065 	 53.098604
  942 	 0.037064 	 3.053340 	 34.225451
  943 	 0.018833 	 2.742768 	 28.530648
  944 	 0.029218 	 1.803484 	 26.980414
  945 	 0.035050 	 4.538065 	 53.098604
  946 	 0.037064 	 3.053340 	 34.225451
  947 	 0.018833 	 2.742768 	 28.530648
  948 	 0.029218 	 1.803484 	 26.980414
  949 	 0.035050 	 4.538065 	 53.098604
  950 	 0.037064 	 3.053340 	 34.225451
  951 	 0.018833 	 2.742768 	 28.530648
  952 	 0.029218 	 1.803484 	 26.980414
  953 	 0.035050 	 4.538065 	 53.098604
  954 	 0.037064 	 3.053340 	 34.225451
  955 	 0.018833 	 2.742768 	 28.530648
  956 	 0.029218 	 1.803484 	 26.980414
  957 	 0.035050 	 4.538065 	 53.098604
  958 	 0.037064 	 3.042548 	 34.225451
  959 	 0.018833 	 2.742768 	 28.530648
  960 	 0.029218 	 1.885404 	 26.980414
  961 	 0.035050 	 4.538065 	 53.098604
  962 	 0.037064 	 3.042548 	 34.225451
  963 	 0.018833 	 2.742768 	 28.530648
  964 	 0.029218 	 1.885404 	 26.980414
  965 	 0.035050 	 4.538065 	 53.098604
  966 	 0.037064 	 3.042528 	 34.225451
  967 	 0.018833 	 2.742768 	 28.530648
  968 	 0.029218 	 1.886684 	 26.980414
  969 	 0.035050 	 4.538065 	 53.098604
  970 	 0.037064 	 3.042528 	 34.225451
  971 	 0.018833 	 2.742768 	 28.530648
  972 	 0.029218 	 1.886684 	 26.980414
  973 	 0.035050 	 4.538065 	 53.098604
  974 	 0.037064 	 3.042528 	 34.225451
  975 	 0.018833 	 2.742768 	 28.530648
  976 	 0.029218 	 1.886684 	 26.980414
  977 	 0.035050 	 4.536877 	 53.098604
  978 	 0.037064 	 2.981228 	 34.225451
  979 	 0.018833 	 2.747888 	 28.530648
  980 	 0.029218 	 1.891804 	 26.980414
  981 	 0.035050 	 4.536877 	 53.098604
  982 	 0.037064 	 2.981228 	 34.225451
  983 	 0.018833 	 2.747888 	 28.530648
  984 	 0.029218 	 1.891804 	 26.980414
  985 	 0.035050 	 4.536877 	 53.098604
  986 	 0.037064 	 2.981228 	 34.225451
  987 	 0.018833 	 2.747888 	 28.530648
  988 	 0.029218 	 1.891804 	 26.980414
  989 	 0.035050 	 4.536877 	 53.098604
  990 	 0.037064 	 2.981228 	 34.225451
  991 	 0.018833 	 2.747888 	 28.530648
  992 	 0.029218 	 1.891804 	 26.980414
  993 	 0.035050 	 4.536877 	 53.098604
  994 	 0.037064 	 2.981228 	 34.225451
  995 	 0.018833 	 2.747888 	 28.530648
  996 	 0.029218 	 1.879861 	 26.980414
  997 	 0.035050 	 4.536877 	 53.098604
  998 	 0.037064 	 3.308908 	 34.225451
  999 	 0.018833 	 2.747888 	 28.530648
 