   0 	 0.001159 	 0.001841 	 0.003092
    1 	 0.001269 	 0.001961 	 0.003118
    2 	 0.001269 	 0.001970 	 0.003092
    3 	 0.001269 	 0.002013 	 0.003092
    4 	 0.001291 	 0.002106 	 0.003092
    5 	 0.001291 	 0.002249 	 0.003254
    6 	 0.001387 	 0.002426 	 0.003092
    7 	 0.001645 	 0.002509 	 0.003402
    8 	 0.001517 	 0.002654 	 0.004807
    9 	 0.001645 	 0.002658 	 0.003402
   10 	 0.001645 	 0.002730 	 0.003821
   11 	 0.001778 	 0.002822 	 0.003821
   12 	 0.001778 	 0.002860 	 0.003821
   13 	 0.001795 	 0.002891 	 0.003821
   14 	 0.001795 	 0.002914 	 0.003821
   15 	 0.001795 	 0.002925 	 0.003821
   16 	 0.002147 	 0.002991 	 0.003821
   17 	 0.002160 	 0.003072 	 0.003821
   18 	 0.002543 	 0.003118 	 0.003782
   19 	 0.002509 	 0.003128 	 0.004072
   20 	 0.002475 	 0.003226 	 0.004072
   21 	 0.002543 	 0.003257 	 0.004628
   22 	 0.002307 	 0.003213 	 0.004072
   23 	 0.002336 	 0.003379 	 0.004807
   24 	 0.002543 	 0.003480 	 0.004807
   25 	 0.002427 	 0.003522 	 0.004807
   26 	 0.002543 	 0.003537 	 0.004807
   27 	 0.002321 	 0.003578 	 0.004807
   28 	 0.002543 	 0.003571 	 0.004807
   29 	 0.002543 	 0.003590 	 0.004807
   30 	 0.002543 	 0.003619 	 0.005069
   31 	 0.002969 	 0.003653 	 0.005069
   32 	 0.002969 	 0.003594 	 0.005069
   33 	 0.002969 	 0.003685 	 0.005069
   34 	 0.002969 	 0.003645 	 0.004571
   35 	 0.002969 	 0.003707 	 0.004072
   36 	 0.002812 	 0.003715 	 0.004072
   37 	 0.002812 	 0.003702 	 0.004117
   38 	 0.002812 	 0.003774 	 0.004117
   39 	 0.002969 	 0.003804 	 0.005139
   40 	 0.002992 	 0.003854 	 0.005361
   41 	 0.002992 	 0.003816 	 0.005361
   42 	 0.002992 	 0.003845 	 0.005361
   43 	 0.002992 	 0.003921 	 0.005361
   44 	 0.003118 	 0.004042 	 0.005688
   45 	 0.003118 	 0.004166 	 0.005688
   46 	 0.003118 	 0.004310 	 0.005688
   47 	 0.003118 	 0.004263 	 0.005688
   48 	 0.003041 	 0.004372 	 0.005688
   49 	 0.003041 	 0.004426 	 0.005688
   50 	 0.003041 	 0.004704 	 0.005688
   51 	 0.003092 	 0.004892 	 0.008373
   52 	 0.003744 	 0.005162 	 0.008373
   53 	 0.003744 	 0.005308 	 0.008373
   54 	 0.003744 	 0.005387 	 0.008373
   55 	 0.003744 	 0.005560 	 0.008373
   56 	 0.004072 	 0.005665 	 0.008373
   57 	 0.004072 	 0.005779 	 0.008373
   58 	 0.004072 	 0.006010 	 0.008373
   59 	 0.004870 	 0.006178 	 0.008373
   60 	 0.004870 	 0.006481 	 0.008373
   61 	 0.004870 	 0.007055 	 0.008373
   62 	 0.004870 	 0.007477 	 0.008373
   63 	 0.005361 	 0.007974 	 0.008373
   64 	 0.005361 	 0.008151 	 0.008373
   65 	 0.005361 	 0.008254 	 0.008373
   66 	 0.005361 	 0.008292 	 0.008373
   67 	 0.005361 	 0.008292 	 0.008373
   68 	 0.007234 	 0.008344 	 0.008373
   69 	 0.005688 	 0.008296 	 0.008373
   70 	 0.005688 	 0.008325 	 0.008372
   71 	 0.005361 	 0.008321 	 0.008373
   72 	 0.005361 	 0.008321 	 0.008373
   73 	 0.007234 	 0.008358 	 0.008373
   74 	 0.008372 	 0.008372 	 0.008373
   75 	 0.008372 	 0.008372 	 0.008372
   76 	 0.008372 	 0.008372 	 0.008372
   77 	 0.006479 	 0.008349 	 0.008372
   78 	 0.008372 	 0.008372 	 0.008372
   79 	 0.008372 	 0.008372 	 0.008373
   80 	 0.008372 	 0.008372 	 0.008372
   81 	 0.008372 	 0.008372 	 0.008372
   82 	 0.008372 	 0.008372 	 0.008372
   83 	 0.008372 	 0.008372 	 0.008372
   84 	 0.008372 	 0.008372 	 0.008372
   85 	 0.008372 	 0.008372 	 0.008372
   86 	 0.008372 	 0.008372 	 0.008372
   87 	 0.005961 	 0.008342 	 0.008372
   88 	 0.005961 	 0.008342 	 0.008372
   89 	 0.005961 	 0.008312 	 0.008373
   90 	 0.008372 	 0.008372 	 0.008373
   91 	 0.008372 	 0.008372 	 0.008373
   92 	 0.008372 	 0.008372 	 0.008372
   93 	 0.008372 	 0.008372 	 0.008372
   94 	 0.008372 	 0.008372 	 0.008372
   95 	 0.008372 	 0.008372 	 0.008372
   96 	 0.008372 	 0.008372 	 0.008372
   97 	 0.008372 	 0.008372 	 0.008372
   98 	 0.005776 	 0.008340 	 0.008372
   99 	 0.008372 	 0.008372 	 0.008372
  100 	 0.008372 	 0.008403 	 0.010800
  101 	 0.008372 	 0.008433 	 0.010800
  102 	 0.008372 	 0.008433 	 0.010800
  103 	 0.008372 	 0.008494 	 0.010800
  104 	 0.008372 	 0.008494 	 0.010800
  105 	 0.008372 	 0.008463 	 0.010800
  106 	 0.008372 	 0.008403 	 0.010800
  107 	 0.008372 	 0.008372 	 0.008372
  108 	 0.008372 	 0.008372 	 0.008372
  109 	 0.008372 	 0.008372 	 0.008372
  110 	 0.008372 	 0.008372 	 0.008372
  111 	 0.008372 	 0.008377 	 0.008766
  112 	 0.008372 	 0.008377 	 0.008766
  113 	 0.006058 	 0.008343 	 0.008372
  114 	 0.006058 	 0.008343 	 0.008372
  115 	 0.006058 	 0.008343 	 0.008373
  116 	 0.008372 	 0.008372 	 0.008373
  117 	 0.008372 	 0.008372 	 0.008373
  118 	 0.008372 	 0.008372 	 0.008372
  119 	 0.008372 	 0.008372 	 0.008372
  120 	 0.006158 	 0.008345 	 0.008372
  121 	 0.008372 	 0.008372 	 0.008372
  122 	 0.008372 	 0.008372 	 0.008373
  123 	 0.008372 	 0.008372 	 0.008372
  124 	 0.008372 	 0.008372 	 0.008372
  125 	 0.008372 	 0.008372 	 0.008372
  126 	 0.008372 	 0.008372 	 0.008372
  127 	 0.007096 	 0.008356 	 0.008372
  128 	 0.008372 	 0.008372 	 0.008372
  129 	 0.008372 	 0.008372 	 0.008373
  130 	 0.008372 	 0.008372 	 0.008372
  131 	 0.008372 	 0.008372 	 0.008372
  132 	 0.008372 	 0.008372 	 0.008372
  133 	 0.008372 	 0.008372 	 0.008372
  134 	 0.008372 	 0.008372 	 0.008372
  135 	 0.005284 	 0.008334 	 0.008372
  136 	 0.008372 	 0.008372 	 0.008372
  137 	 0.008372 	 0.008372 	 0.008373
  138 	 0.008372 	 0.008372 	 0.008372
  139 	 0.008372 	 0.008372 	 0.008372
  140 	 0.007682 	 0.008364 	 0.008372
  141 	 0.006964 	 0.008346 	 0.008372
  142 	 0.008372 	 0.008372 	 0.008372
  143 	 0.006262 	 0.008346 	 0.008373
  144 	 0.008372 	 0.008407 	 0.011122
  145 	 0.008372 	 0.008407 	 0.011122
  146 	 0.005519 	 0.008371 	 0.011122
  147 	 0.008372 	 0.008441 	 0.011122
  148 	 0.008372 	 0.008613 	 0.011122
  149 	 0.008372 	 0.008819 	 0.011122
 