   0 	 0.001031 	 0.001786 	 0.003282
    1 	 0.001269 	 0.001838 	 0.003282
    2 	 0.001232 	 0.001966 	 0.003282
    3 	 0.001232 	 0.002079 	 0.003282
    4 	 0.001274 	 0.002177 	 0.003282
    5 	 0.001274 	 0.002374 	 0.004072
    6 	 0.001296 	 0.002554 	 0.004072
    7 	 0.001682 	 0.002598 	 0.004072
    8 	 0.001659 	 0.002733 	 0.004072
    9 	 0.001659 	 0.002789 	 0.004072
   10 	 0.001761 	 0.002857 	 0.004072
   11 	 0.001761 	 0.003016 	 0.004357
   12 	 0.001770 	 0.003159 	 0.004357
   13 	 0.002380 	 0.003283 	 0.005603
   14 	 0.002380 	 0.003341 	 0.005603
   15 	 0.002365 	 0.003438 	 0.005603
   16 	 0.002380 	 0.003556 	 0.005603
   17 	 0.002099 	 0.003724 	 0.005776
   18 	 0.002099 	 0.003956 	 0.008189
   19 	 0.002492 	 0.004315 	 0.008978
   20 	 0.002922 	 0.004635 	 0.008978
   21 	 0.002922 	 0.005156 	 0.008978
   22 	 0.003144 	 0.005802 	 0.008978
   23 	 0.002969 	 0.006505 	 0.008978
   24 	 0.004028 	 0.007595 	 0.008978
   25 	 0.004163 	 0.008024 	 0.008978
   26 	 0.004462 	 0.008489 	 0.008978
   27 	 0.004462 	 0.008724 	 0.008978
   28 	 0.004746 	 0.008725 	 0.008978
   29 	 0.006369 	 0.008856 	 0.008978
   30 	 0.006369 	 0.008785 	 0.008978
   31 	 0.005867 	 0.008746 	 0.008978
   32 	 0.005867 	 0.008672 	 0.008978
   33 	 0.007844 	 0.008864 	 0.008978
   34 	 0.007844 	 0.008878 	 0.008978
   35 	 0.007844 	 0.008893 	 0.008978
   36 	 0.007844 	 0.008935 	 0.008978
   37 	 0.007844 	 0.008949 	 0.008978
   38 	 0.007844 	 0.008949 	 0.008978
   39 	 0.007844 	 0.008949 	 0.008978
   40 	 0.007844 	 0.008964 	 0.008978
   41 	 0.007527 	 0.008945 	 0.008978
   42 	 0.007527 	 0.008927 	 0.008978
   43 	 0.007844 	 0.008964 	 0.008978
   44 	 0.008978 	 0.008978 	 0.008978
   45 	 0.008978 	 0.008978 	 0.008978
   46 	 0.008978 	 0.008978 	 0.008978
   47 	 0.008978 	 0.008978 	 0.008978
   48 	 0.008978 	 0.008978 	 0.008978
   49 	 0.008978 	 0.008978 	 0.008978
   50 	 0.008978 	 0.008993 	 0.010208
   51 	 0.008978 	 0.009008 	 0.010208
   52 	 0.008978 	 0.008978 	 0.008978
   53 	 0.008978 	 0.008978 	 0.008978
   54 	 0.008978 	 0.008978 	 0.008978
   55 	 0.008978 	 0.008978 	 0.008978
   56 	 0.008978 	 0.008978 	 0.008978
   57 	 0.008978 	 0.008978 	 0.008978
   58 	 0.008978 	 0.008978 	 0.008978
   59 	 0.008978 	 0.009009 	 0.011464
   60 	 0.008978 	 0.009009 	 0.011464
   61 	 0.008977 	 0.009040 	 0.011464
   62 	 0.005776 	 0.009031 	 0.011464
   63 	 0.005776 	 0.009062 	 0.011464
   64 	 0.008977 	 0.009195 	 0.011464
   65 	 0.008977 	 0.009351 	 0.011464
   66 	 0.008977 	 0.009320 	 0.011464
   67 	 0.008977 	 0.009257 	 0.011464
   68 	 0.008977 	 0.009351 	 0.011464
   69 	 0.008977 	 0.009506 	 0.011464
   70 	 0.008977 	 0.009661 	 0.011464
   71 	 0.008977 	 0.009755 	 0.011464
   72 	 0.008977 	 0.009820 	 0.011464
   73 	 0.008188 	 0.010058 	 0.011464
   74 	 0.008977 	 0.010255 	 0.011464
   75 	 0.008977 	 0.010259 	 0.011828
   76 	 0.008977 	 0.010233 	 0.011828
   77 	 0.008977 	 0.010548 	 0.011828
   78 	 0.008977 	 0.011011 	 0.016561
   79 	 0.008977 	 0.011290 	 0.016561
   80 	 0.008977 	 0.011569 	 0.016560
   81 	 0.008977 	 0.011566 	 0.016560
   82 	 0.006479 	 0.011728 	 0.016561
   83 	 0.006479 	 0.012076 	 0.016561
   84 	 0.006261 	 0.012328 	 0.016561
   85 	 0.006261 	 0.012294 	 0.016561
   86 	 0.006261 	 0.012707 	 0.016561
   87 	 0.008977 	 0.013313 	 0.016561
   88 	 0.008977 	 0.013949 	 0.016561
   89 	 0.011463 	 0.014967 	 0.016561
   90 	 0.011463 	 0.015604 	 0.016561
   91 	 0.011463 	 0.015795 	 0.016560
   92 	 0.011463 	 0.015985 	 0.016560
   93 	 0.011463 	 0.016240 	 0.016560
   94 	 0.011463 	 0.016782 	 0.049685
   95 	 0.011463 	 0.017259 	 0.049697
   96 	 0.011463 	 0.018852 	 0.049685
   97 	 0.011463 	 0.023056 	 0.049697
   98 	 0.016549 	 0.030633 	 0.049697
   99 	 0.016549 	 0.040563 	 0.049697
  100 	 0.016549 	 0.047167 	 0.049685
  101 	 0.016549 	 0.048386 	 0.049685
  102 	 0.016558 	 0.049608 	 0.082598
  103 	 0.020126 	 0.049238 	 0.049685
  104 	 0.020126 	 0.049235 	 0.049685
  105 	 0.020126 	 0.049236 	 0.049676
  106 	 0.049603 	 0.049604 	 0.049676
  107 	 0.049603 	 0.049604 	 0.049676
  108 	 0.049603 	 0.049603 	 0.049603
  109 	 0.019094 	 0.049222 	 0.049603
  110 	 0.049603 	 0.049603 	 0.049603
  111 	 0.049603 	 0.049604 	 0.049678
  112 	 0.049603 	 0.049603 	 0.049603
  113 	 0.049603 	 0.049603 	 0.049603
  114 	 0.049603 	 0.049603 	 0.049603
  115 	 0.049603 	 0.049603 	 0.049603
  116 	 0.049603 	 0.049603 	 0.049603
  117 	 0.012624 	 0.049141 	 0.049603
  118 	 0.049603 	 0.049603 	 0.049603
  119 	 0.049603 	 0.049604 	 0.049694
  120 	 0.049603 	 0.049603 	 0.049603
  121 	 0.049603 	 0.049603 	 0.049603
  122 	 0.049603 	 0.049603 	 0.049603
  123 	 0.014603 	 0.049166 	 0.049603
  124 	 0.049603 	 0.049603 	 0.049603
  125 	 0.049603 	 0.049604 	 0.049690
  126 	 0.049603 	 0.049603 	 0.049603
  127 	 0.049603 	 0.049603 	 0.049603
  128 	 0.019094 	 0.049222 	 0.049603
  129 	 0.049603 	 0.049603 	 0.049603
  130 	 0.049603 	 0.049604 	 0.049678
  131 	 0.049603 	 0.049603 	 0.049603
  132 	 0.018163 	 0.049210 	 0.049603
  133 	 0.049603 	 0.049603 	 0.049603
  134 	 0.049603 	 0.049604 	 0.049681
  135 	 0.049603 	 0.049603 	 0.049603
  136 	 0.015199 	 0.049173 	 0.049603
  137 	 0.049603 	 0.049603 	 0.049603
  138 	 0.049603 	 0.049604 	 0.049688
  139 	 0.049603 	 0.049603 	 0.049603
  140 	 0.049603 	 0.049603 	 0.049603
  141 	 0.018163 	 0.049210 	 0.049603
  142 	 0.049603 	 0.049603 	 0.049603
  143 	 0.049603 	 0.049604 	 0.049681
  144 	 0.049603 	 0.049603 	 0.049603
  145 	 0.012624 	 0.049141 	 0.049603
  146 	 0.012624 	 0.049141 	 0.049603
  147 	 0.010491 	 0.049116 	 0.049694
  148 	 0.049603 	 0.049604 	 0.049694
  149 	 0.049603 	 0.049605 	 0.049700
 