   0 	 0.001008 	 0.001817 	 0.003066
    1 	 0.001008 	 0.001884 	 0.003066
    2 	 0.001232 	 0.002022 	 0.003066
    3 	 0.001357 	 0.002132 	 0.003066
    4 	 0.001458 	 0.002204 	 0.003942
    5 	 0.001458 	 0.002235 	 0.003942
    6 	 0.001530 	 0.002331 	 0.003942
    7 	 0.001645 	 0.002475 	 0.003942
    8 	 0.001729 	 0.002703 	 0.003942
    9 	 0.001682 	 0.002849 	 0.003942
   10 	 0.001849 	 0.002941 	 0.003942
   11 	 0.001849 	 0.003128 	 0.004870
   12 	 0.001896 	 0.003310 	 0.004028
   13 	 0.001966 	 0.003501 	 0.005285
   14 	 0.001966 	 0.003628 	 0.004746
   15 	 0.002475 	 0.003680 	 0.005520
   16 	 0.002614 	 0.003865 	 0.005520
   17 	 0.002992 	 0.004016 	 0.005520
   18 	 0.002992 	 0.003991 	 0.005520
   19 	 0.002992 	 0.004056 	 0.005520
   20 	 0.002922 	 0.004066 	 0.006836
   21 	 0.002922 	 0.004219 	 0.006836
   22 	 0.002922 	 0.004364 	 0.006836
   23 	 0.002992 	 0.004747 	 0.006836
   24 	 0.003226 	 0.005002 	 0.006836
   25 	 0.003635 	 0.005270 	 0.006836
   26 	 0.003635 	 0.005461 	 0.006836
   27 	 0.003635 	 0.005659 	 0.006836
   28 	 0.003635 	 0.005888 	 0.006836
   29 	 0.003942 	 0.006022 	 0.006836
   30 	 0.004357 	 0.006108 	 0.006836
   31 	 0.004746 	 0.006211 	 0.006836
   32 	 0.004935 	 0.006355 	 0.006836
   33 	 0.004935 	 0.006414 	 0.007097
   34 	 0.004163 	 0.006561 	 0.011122
   35 	 0.005285 	 0.006734 	 0.011122
   36 	 0.005285 	 0.006806 	 0.011122
   37 	 0.005361 	 0.006924 	 0.011122
   38 	 0.005361 	 0.007272 	 0.011122
   39 	 0.005519 	 0.007428 	 0.011122
   40 	 0.005285 	 0.007987 	 0.011122
   41 	 0.005519 	 0.008484 	 0.011122
   42 	 0.005519 	 0.009224 	 0.011122
   43 	 0.005139 	 0.009674 	 0.011465
   44 	 0.005519 	 0.010316 	 0.011464
   45 	 0.006836 	 0.010724 	 0.011464
   46 	 0.006836 	 0.010856 	 0.011464
   47 	 0.006836 	 0.010825 	 0.011464
   48 	 0.009432 	 0.010909 	 0.011464
   49 	 0.009432 	 0.011009 	 0.022583
   50 	 0.010207 	 0.011254 	 0.022583
   51 	 0.010207 	 0.011312 	 0.022583
   52 	 0.010207 	 0.011902 	 0.022584
   53 	 0.010207 	 0.012833 	 0.022584
   54 	 0.010206 	 0.014391 	 0.022584
   55 	 0.010206 	 0.017263 	 0.022584
   56 	 0.010208 	 0.018875 	 0.022584
   57 	 0.010799 	 0.020776 	 0.022584
   58 	 0.011120 	 0.021473 	 0.024034
   59 	 0.011120 	 0.022015 	 0.025691
   60 	 0.011120 	 0.022043 	 0.024034
   61 	 0.019104 	 0.022199 	 0.024034
   62 	 0.011462 	 0.022115 	 0.022583
   63 	 0.011462 	 0.022205 	 0.027596
   64 	 0.019104 	 0.022210 	 0.022579
   65 	 0.019104 	 0.022300 	 0.025691
   66 	 0.019104 	 0.022501 	 0.025691
   67 	 0.021286 	 0.022547 	 0.025691
   68 	 0.008564 	 0.022326 	 0.027595
   69 	 0.019104 	 0.022567 	 0.027595
   70 	 0.019104 	 0.022796 	 0.027595
   71 	 0.019104 	 0.022765 	 0.027595
   72 	 0.019104 	 0.022717 	 0.027595
   73 	 0.019104 	 0.022682 	 0.027595
   74 	 0.011826 	 0.022781 	 0.027595
   75 	 0.011120 	 0.022619 	 0.027595
   76 	 0.011120 	 0.022589 	 0.027595
   77 	 0.011120 	 0.022245 	 0.027595
   78 	 0.011120 	 0.022527 	 0.027595
   79 	 0.011120 	 0.022740 	 0.027596
   80 	 0.019104 	 0.023218 	 0.027595
   81 	 0.014060 	 0.023213 	 0.067731
   82 	 0.019103 	 0.025718 	 0.067731
   83 	 0.019104 	 0.033243 	 0.067770
   84 	 0.019104 	 0.042999 	 0.149006
   85 	 0.022554 	 0.056707 	 0.149006
   86 	 0.022554 	 0.065130 	 0.149006
   87 	 0.022554 	 0.075763 	 0.149006
   88 	 0.022513 	 0.093493 	 0.149006
   89 	 0.043740 	 0.110370 	 0.149006
   90 	 0.067156 	 0.114466 	 0.149007
   91 	 0.014049 	 0.127457 	 0.148537
   92 	 0.067161 	 0.133032 	 0.148023
   93 	 0.067161 	 0.139794 	 0.149195
   94 	 0.067168 	 0.142622 	 0.148023
   95 	 0.146247 	 0.146450 	 0.148023
   96 	 0.017290 	 0.144776 	 0.148022
   97 	 0.146272 	 0.146305 	 0.146310
   98 	 0.146272 	 0.146342 	 0.149123
   99 	 0.146308 	 0.146308 	 0.146309
  100 	 0.035324 	 0.144920 	 0.146309
  101 	 0.035324 	 0.144921 	 0.146308
  102 	 0.146308 	 0.146339 	 0.148723
  103 	 0.146308 	 0.146339 	 0.148723
  104 	 0.014033 	 0.144654 	 0.146308
  105 	 0.027501 	 0.144823 	 0.146308
  106 	 0.146308 	 0.146345 	 0.149196
  107 	 0.146308 	 0.146341 	 0.148897
  108 	 0.025610 	 0.144799 	 0.146308
  109 	 0.146253 	 0.146308 	 0.146308
  110 	 0.146308 	 0.146341 	 0.148939
  111 	 0.146308 	 0.146308 	 0.146310
  112 	 0.146252 	 0.146308 	 0.146308
  113 	 0.146308 	 0.146308 	 0.146308
  114 	 0.146308 	 0.146308 	 0.146310
  115 	 0.146308 	 0.146308 	 0.146308
  116 	 -0.256243 	 0.141277 	 0.146308
  117 	 0.012608 	 0.143212 	 0.146308
  118 	 0.146308 	 0.146423 	 0.155465
  119 	 0.146308 	 0.146376 	 0.149228
  120 	 0.146113 	 0.146306 	 0.146308
  121 	 0.146246 	 0.146307 	 0.146308
  122 	 0.017290 	 0.143132 	 0.146313
  123 	 0.146308 	 0.146308 	 0.146310
  124 	 0.146308 	 0.146378 	 0.149123
  125 	 0.146308 	 0.146308 	 0.146308
  126 	 0.018131 	 0.143900 	 0.146308
  127 	 0.146308 	 0.146308 	 0.146308
  128 	 0.146308 	 0.146361 	 0.149105
  129 	 0.146308 	 0.146308 	 0.146308
  130 	 0.146249 	 0.146307 	 0.146308
  131 	 0.146308 	 0.146308 	 0.146308
  132 	 0.017290 	 0.143166 	 0.146310
  133 	 0.146308 	 0.146308 	 0.146308
  134 	 0.146308 	 0.146377 	 0.149123
  135 	 0.146308 	 0.146308 	 0.146308
  136 	 0.146248 	 0.146307 	 0.146308
  137 	 0.146308 	 0.146308 	 0.146308
  138 	 0.146308 	 0.146308 	 0.146310
  139 	 0.146308 	 0.146308 	 0.146308
  140 	 0.146308 	 0.146308 	 0.146308
  141 	 0.146308 	 0.146308 	 0.146308
  142 	 0.146308 	 0.146308 	 0.146308
  143 	 0.146308 	 0.146308 	 0.146308
  144 	 0.146308 	 0.146308 	 0.146308
  145 	 0.014583 	 0.144662 	 0.146308
  146 	 0.146308 	 0.146308 	 0.146308
  147 	 0.146308 	 0.146344 	 0.149184
  148 	 0.146308 	 0.146308 	 0.146308
  149 	 0.146247 	 0.146308 	 0.146308
 