   0 	 0.001003 	 0.001782 	 0.002770
    1 	 0.001042 	 0.001890 	 0.002709
    2 	 0.001204 	 0.001935 	 0.002992
    3 	 0.001282 	 0.001985 	 0.002992
    4 	 0.001173 	 0.002052 	 0.003041
    5 	 0.001338 	 0.002085 	 0.002992
    6 	 0.001338 	 0.002162 	 0.002992
    7 	 0.001630 	 0.002222 	 0.003434
    8 	 0.001630 	 0.002264 	 0.003434
    9 	 0.001630 	 0.002318 	 0.003434
   10 	 0.001682 	 0.002355 	 0.003466
   11 	 0.001690 	 0.002395 	 0.003466
   12 	 0.001804 	 0.002522 	 0.003466
   13 	 0.001804 	 0.002559 	 0.004210
   14 	 0.001804 	 0.002546 	 0.003671
   15 	 0.001530 	 0.002602 	 0.003671
   16 	 0.001804 	 0.002734 	 0.004870
   17 	 0.001925 	 0.002873 	 0.003861
   18 	 0.001945 	 0.002958 	 0.003985
   19 	 0.001945 	 0.003034 	 0.003985
   20 	 0.001813 	 0.003068 	 0.003744
   21 	 0.001813 	 0.003127 	 0.004870
   22 	 0.001813 	 0.003169 	 0.004870
   23 	 0.001813 	 0.003297 	 0.005961
   24 	 0.001945 	 0.003524 	 0.004870
   25 	 0.001886 	 0.003774 	 0.007844
   26 	 0.002833 	 0.003927 	 0.007844
   27 	 0.003041 	 0.003999 	 0.007844
   28 	 0.002855 	 0.004398 	 0.008189
   29 	 0.002833 	 0.004653 	 0.008189
   30 	 0.002812 	 0.004930 	 0.008565
   31 	 0.002833 	 0.005280 	 0.008978
   32 	 0.002833 	 0.005868 	 0.008978
   33 	 0.003565 	 0.006303 	 0.013074
   34 	 0.003565 	 0.006744 	 0.013074
   35 	 0.003565 	 0.007267 	 0.013074
   36 	 0.004870 	 0.008452 	 0.013550
   37 	 0.004870 	 0.009385 	 0.013550
   38 	 0.004870 	 0.010553 	 0.013550
   39 	 0.004870 	 0.011584 	 0.013550
   40 	 0.007682 	 0.012384 	 0.017330
   41 	 0.007682 	 0.012835 	 0.025697
   42 	 0.007682 	 0.013726 	 0.025700
   43 	 0.007682 	 0.014139 	 0.025701
   44 	 0.007843 	 0.015412 	 0.025698
   45 	 0.013071 	 0.016654 	 0.049693
   46 	 0.013071 	 0.019153 	 0.049693
   47 	 0.008564 	 0.022070 	 0.049692
   48 	 0.013071 	 0.027243 	 0.049693
   49 	 0.013071 	 0.032105 	 0.049693
   50 	 0.013067 	 0.038905 	 0.049693
   51 	 0.021275 	 0.045298 	 0.049693
   52 	 0.025674 	 0.046649 	 0.049693
   53 	 0.011120 	 0.047578 	 0.049673
   54 	 0.025688 	 0.048947 	 0.049662
   55 	 0.043774 	 0.049171 	 0.049698
   56 	 0.043775 	 0.049611 	 0.067608
   57 	 0.043775 	 0.049982 	 0.067608
   58 	 0.043775 	 0.050431 	 0.067608
   59 	 0.049559 	 0.050278 	 0.067608
   60 	 0.049559 	 0.050051 	 0.067608
   61 	 0.049559 	 0.050502 	 0.067608
   62 	 0.049559 	 0.050277 	 0.067608
   63 	 0.049559 	 0.050501 	 0.067608
   64 	 0.049559 	 0.050277 	 0.067608
   65 	 0.049559 	 0.050051 	 0.067608
   66 	 0.049559 	 0.049827 	 0.067608
   67 	 0.049559 	 0.049827 	 0.067608
   68 	 0.049559 	 0.049828 	 0.067608
   69 	 0.049559 	 0.049603 	 0.049603
   70 	 0.049559 	 0.049603 	 0.049603
   71 	 0.020126 	 0.049235 	 0.049603
   72 	 0.049603 	 0.049603 	 0.049603
   73 	 0.049603 	 0.049604 	 0.049676
   74 	 0.049603 	 0.049603 	 0.049603
   75 	 0.049603 	 0.049603 	 0.049603
   76 	 0.049603 	 0.049603 	 0.049603
   77 	 0.049603 	 0.049603 	 0.049603
   78 	 0.020126 	 0.049235 	 0.049603
   79 	 0.049603 	 0.049603 	 0.049603
   80 	 0.049603 	 0.049604 	 0.049676
   81 	 0.049603 	 0.049603 	 0.049603
   82 	 0.049603 	 0.049603 	 0.049603
   83 	 0.049603 	 0.049603 	 0.049603
   84 	 0.049603 	 0.049603 	 0.049603
   85 	 0.049603 	 0.049603 	 0.049603
   86 	 0.049603 	 0.049603 	 0.049603
   87 	 0.029778 	 0.049356 	 0.049603
   88 	 0.029778 	 0.049356 	 0.049603
   89 	 0.029778 	 0.049581 	 0.067608
   90 	 0.029778 	 0.049108 	 0.049652
   91 	 0.049559 	 0.049603 	 0.049652
   92 	 0.049603 	 0.049605 	 0.049652
   93 	 0.049603 	 0.049603 	 0.049603
   94 	 0.049603 	 0.049603 	 0.049603
   95 	 0.049603 	 0.049603 	 0.049603
   96 	 0.049603 	 0.049603 	 0.049603
   97 	 0.049603 	 0.049603 	 0.049603
   98 	 0.049603 	 0.049603 	 0.049603
   99 	 0.049603 	 0.049603 	 0.049603
  100 	 0.011117 	 0.049122 	 0.049603
  101 	 0.018163 	 0.049210 	 0.049603
  102 	 0.018163 	 0.048818 	 0.049698
  103 	 0.049603 	 0.049604 	 0.049681
  104 	 0.020126 	 0.049237 	 0.049681
  105 	 0.049603 	 0.049603 	 0.049603
  106 	 0.049603 	 0.049604 	 0.049676
  107 	 0.049603 	 0.049603 	 0.049603
  108 	 0.049603 	 0.049603 	 0.049603
  109 	 0.049603 	 0.049603 	 0.049603
  110 	 0.049603 	 0.049603 	 0.049603
  111 	 0.019094 	 0.049222 	 0.049603
  112 	 0.019094 	 0.048841 	 0.049603
  113 	 0.049603 	 0.049604 	 0.049678
  114 	 0.049603 	 0.049605 	 0.049678
  115 	 0.049603 	 0.049603 	 0.049603
  116 	 0.049603 	 0.049603 	 0.049603
  117 	 0.049603 	 0.049603 	 0.049603
  118 	 0.049603 	 0.049603 	 0.049603
  119 	 0.018163 	 0.049210 	 0.049603
  120 	 0.049603 	 0.049603 	 0.049603
  121 	 0.049603 	 0.049604 	 0.049681
  122 	 0.049603 	 0.049603 	 0.049603
  123 	 0.049603 	 0.049603 	 0.049603
  124 	 0.027574 	 0.049328 	 0.049603
  125 	 0.027574 	 0.049053 	 0.049603
  126 	 0.027574 	 0.049053 	 0.049658
  127 	 0.027574 	 0.049329 	 0.049658
  128 	 0.049603 	 0.049605 	 0.049658
  129 	 0.049603 	 0.049604 	 0.049658
  130 	 0.049603 	 0.049603 	 0.049603
  131 	 0.014603 	 0.049166 	 0.049603
  132 	 0.014603 	 0.049166 	 0.049603
  133 	 0.049603 	 0.049604 	 0.049690
  134 	 0.049603 	 0.049604 	 0.049690
  135 	 0.049603 	 0.049603 	 0.049603
  136 	 0.049603 	 0.049603 	 0.049603
  137 	 0.049603 	 0.049603 	 0.049603
  138 	 0.049603 	 0.049603 	 0.049603
  139 	 0.049603 	 0.049603 	 0.049603
  140 	 0.049603 	 0.049603 	 0.049603
  141 	 0.049603 	 0.049603 	 0.049603
  142 	 0.011823 	 0.049131 	 0.049603
  143 	 0.011823 	 0.049131 	 0.049603
  144 	 0.011823 	 0.048659 	 0.049603
  145 	 0.049603 	 0.049604 	 0.049696
  146 	 0.049603 	 0.049606 	 0.049696
  147 	 0.049603 	 0.049603 	 0.049603
  148 	 0.049603 	 0.049603 	 0.049603
  149 	 0.049603 	 0.049603 	 0.049603
 