   0 	 0.001204 	 0.001822 	 0.003282
    1 	 0.001204 	 0.001888 	 0.003282
    2 	 0.001204 	 0.002033 	 0.003282
    3 	 0.001252 	 0.002216 	 0.003821
    4 	 0.001252 	 0.002312 	 0.003821
    5 	 0.001252 	 0.002528 	 0.003942
    6 	 0.001452 	 0.002752 	 0.004117
    7 	 0.001452 	 0.002919 	 0.005211
    8 	 0.001906 	 0.002932 	 0.005211
    9 	 0.001925 	 0.003056 	 0.005211
   10 	 0.001935 	 0.003237 	 0.004357
   11 	 0.001956 	 0.003412 	 0.005139
   12 	 0.002087 	 0.003612 	 0.005688
   13 	 0.002087 	 0.003725 	 0.005867
   14 	 0.002198 	 0.003826 	 0.005867
   15 	 0.002350 	 0.003884 	 0.005867
   16 	 0.002350 	 0.004004 	 0.005867
   17 	 0.002543 	 0.004245 	 0.005867
   18 	 0.002690 	 0.004303 	 0.006964
   19 	 0.002690 	 0.004334 	 0.007378
   20 	 0.002899 	 0.004715 	 0.010800
   21 	 0.002899 	 0.004971 	 0.010800
   22 	 0.002899 	 0.005194 	 0.010800
   23 	 0.002899 	 0.005448 	 0.010800
   24 	 0.003371 	 0.005847 	 0.010800
   25 	 0.004117 	 0.005827 	 0.010800
   26 	 0.004117 	 0.006250 	 0.013549
   27 	 0.004117 	 0.006508 	 0.013550
   28 	 0.004516 	 0.006773 	 0.013550
   29 	 0.004571 	 0.007755 	 0.013550
   30 	 0.004571 	 0.008687 	 0.013550
   31 	 0.004571 	 0.009915 	 0.013550
   32 	 0.004571 	 0.010977 	 0.013550
   33 	 0.005688 	 0.011676 	 0.024043
   34 	 0.004686 	 0.012694 	 0.057350
   35 	 -0.739493 	 0.004830 	 0.057363
   36 	 0.010490 	 0.023746 	 0.057367
   37 	 -0.740222 	 0.021220 	 0.059929
   38 	 0.010495 	 0.047719 	 0.057351
   39 	 0.010799 	 0.053954 	 0.059931
   40 	 0.010794 	 0.056101 	 0.057351
   41 	 -0.764937 	 0.045770 	 0.057350
   42 	 0.057197 	 0.057201 	 0.057350
   43 	 0.057197 	 0.057237 	 0.060020
   44 	 0.057197 	 0.057198 	 0.057198
   45 	 0.057189 	 0.057198 	 0.057198
   46 	 0.057198 	 0.057198 	 0.057198
   47 	 0.057198 	 0.057198 	 0.057198
   48 	 0.057198 	 0.057198 	 0.057198
   49 	 0.012623 	 0.056641 	 0.057198
   50 	 0.057198 	 0.057198 	 0.057198
   51 	 0.010490 	 0.056616 	 0.057344
   52 	 0.057198 	 0.057198 	 0.057198
   53 	 0.057197 	 0.057329 	 0.067573
   54 	 0.057198 	 0.057198 	 0.057198
   55 	 0.057164 	 0.057197 	 0.057198
   56 	 0.057198 	 0.057198 	 0.057198
   57 	 0.057198 	 0.057198 	 0.057198
   58 	 0.057198 	 0.057198 	 0.057198
   59 	 0.057198 	 0.057198 	 0.057198
   60 	 0.057198 	 0.057198 	 0.057198
   61 	 0.057198 	 0.057198 	 0.057198
   62 	 0.057198 	 0.057198 	 0.057198
   63 	 0.057198 	 0.057198 	 0.057198
   64 	 0.057198 	 0.057198 	 0.057198
   65 	 0.057198 	 0.057198 	 0.057198
   66 	 0.057198 	 0.057198 	 0.057198
   67 	 0.057198 	 0.057198 	 0.057198
   68 	 0.057198 	 0.057198 	 0.057198
   69 	 0.022560 	 0.056765 	 0.057198
   70 	 0.057198 	 0.057198 	 0.057198
   71 	 0.057198 	 0.057199 	 0.057311
   72 	 0.057198 	 0.057198 	 0.057198
   73 	 0.057197 	 0.057198 	 0.057198
   74 	 0.057198 	 0.057198 	 0.057198
   75 	 0.057198 	 0.057198 	 0.057198
   76 	 0.057198 	 0.057198 	 0.057198
   77 	 0.011458 	 0.056626 	 0.057198
   78 	 0.057198 	 0.057198 	 0.057198
   79 	 0.010794 	 0.056620 	 0.057348
   80 	 0.057198 	 0.057198 	 0.057198
   81 	 0.057197 	 0.057200 	 0.057350
   82 	 0.057198 	 0.057198 	 0.057198
   83 	 0.057197 	 0.057198 	 0.057198
   84 	 0.057198 	 0.057198 	 0.057198
   85 	 0.057198 	 0.057198 	 0.057198
   86 	 0.057198 	 0.057198 	 0.057198
   87 	 0.057198 	 0.057198 	 0.057198
   88 	 0.035435 	 0.056926 	 0.057198
   89 	 0.035435 	 0.056654 	 0.057198
   90 	 0.035435 	 0.056655 	 0.057269
   91 	 0.010794 	 0.055803 	 0.057269
   92 	 0.035435 	 0.056928 	 0.057269
   93 	 0.015844 	 0.056685 	 0.057350
   94 	 0.057198 	 0.057199 	 0.057269
   95 	 0.057197 	 0.057200 	 0.057333
   96 	 0.057198 	 0.057198 	 0.057198
   97 	 0.057197 	 0.057198 	 0.057198
   98 	 0.024014 	 0.056783 	 0.057198
   99 	 0.024014 	 0.056783 	 0.057198
  100 	 0.014051 	 0.056245 	 0.057307
  101 	 0.024014 	 0.056784 	 0.057307
  102 	 0.057197 	 0.057201 	 0.057339
  103 	 0.057197 	 0.057199 	 0.057307
  104 	 0.057197 	 0.057198 	 0.057198
  105 	 0.057197 	 0.057198 	 0.057198
  106 	 0.057198 	 0.057198 	 0.057198
  107 	 0.057198 	 0.057198 	 0.057198
  108 	 0.010490 	 0.056192 	 0.067573
  109 	 0.057198 	 0.057846 	 0.067573
  110 	 0.057164 	 0.057979 	 0.067573
  111 	 0.039160 	 0.057878 	 0.067573
  112 	 0.039160 	 0.057427 	 0.067573
  113 	 0.014051 	 0.056499 	 0.067573
  114 	 0.039160 	 0.057361 	 0.067573
  115 	 0.057164 	 0.057589 	 0.067655
  116 	 0.017316 	 0.057218 	 0.067573
  117 	 0.014602 	 0.057053 	 0.067573
  118 	 0.057164 	 0.058106 	 0.067573
  119 	 0.057164 	 0.058106 	 0.067573
  120 	 0.017316 	 0.057400 	 0.067573
  121 	 0.017316 	 0.058512 	 0.067573
  122 	 0.017328 	 0.059031 	 0.067573
  123 	 0.057164 	 0.059268 	 0.067573
  124 	 0.057164 	 0.058618 	 0.067573
  125 	 0.057164 	 0.058877 	 0.067573
  126 	 0.057164 	 0.058749 	 0.067573
  127 	 0.057164 	 0.059008 	 0.067573
  128 	 0.057164 	 0.058878 	 0.067573
  129 	 0.022560 	 0.057926 	 0.067573
  130 	 0.057164 	 0.058619 	 0.067573
  131 	 0.057164 	 0.058233 	 0.067573
  132 	 0.057164 	 0.058490 	 0.067573
  133 	 0.025669 	 0.058356 	 0.067573
  134 	 0.012623 	 0.058711 	 0.067573
  135 	 0.057164 	 0.058750 	 0.067573
  136 	 0.057164 	 0.059138 	 0.067573
  137 	 0.057164 	 0.059397 	 0.067573
  138 	 0.024014 	 0.058852 	 0.067573
  139 	 0.024014 	 0.059239 	 0.067573
  140 	 0.018161 	 0.059383 	 0.067573
  141 	 0.057164 	 0.060692 	 0.067725
  142 	 0.039144 	 0.061632 	 0.067573
  143 	 0.039160 	 0.063054 	 0.067573
  144 	 0.024008 	 0.062991 	 0.067573
  145 	 0.022560 	 0.062447 	 0.067655
  146 	 0.022554 	 0.063096 	 0.067573
  147 	 0.019091 	 0.063055 	 0.067731
  148 	 0.057164 	 0.063400 	 0.067731
  149 	 0.057164 	 0.063270 	 0.067747
 