   0 	 0.017377 	 0.078355 	 0.697545
    1 	 0.022144 	 0.221139 	 0.697545
    2 	 0.023157 	 0.408668 	 0.689191
    3 	 0.022891 	 0.514240 	 1.508329
    4 	 0.041999 	 0.544261 	 1.455410
    5 	 0.225302 	 0.699304 	 5.913828
    6 	 0.037920 	 0.721682 	 2.909316
    7 	 0.131733 	 0.806234 	 3.051548
    8 	 0.036792 	 1.127827 	 7.126543
    9 	 0.274700 	 1.170621 	 4.192834
   10 	 0.035206 	 1.253553 	 7.184312
   11 	 0.230225 	 1.016692 	 2.651814
   12 	 0.065611 	 1.280529 	 7.267126
   13 	 0.363080 	 1.127376 	 3.006384
   14 	 0.135694 	 1.120058 	 5.951987
   15 	 0.321669 	 0.981471 	 2.148320
   16 	 0.165169 	 1.138671 	 4.200021
   17 	 0.444302 	 1.071437 	 2.358105
   18 	 0.232427 	 1.038132 	 3.737345
   19 	 0.406421 	 0.961937 	 1.829149
   20 	 0.037050 	 1.054209 	 2.986614
   21 	 0.517719 	 1.035679 	 1.965329
   22 	 0.323728 	 1.078768 	 7.171043
   23 	 0.483622 	 0.951174 	 1.612593
   24 	 0.137486 	 1.016472 	 2.346713
   25 	 0.583093 	 1.011788 	 1.706419
   26 	 0.408311 	 1.018843 	 4.168637
   27 	 0.552847 	 0.945490 	 1.458804
   28 	 0.041706 	 0.981874 	 1.958054
   29 	 0.640531 	 0.995343 	 1.526142
   30 	 0.485330 	 1.065908 	 6.939313
   31 	 0.614046 	 0.942780 	 1.346020
   32 	 0.142011 	 0.968472 	 1.701461
   33 	 0.690408 	 0.983769 	 1.395778
   34 	 0.554366 	 1.014728 	 4.091469
   35 	 0.667477 	 0.941798 	 1.261340
   36 	 0.238443 	 0.960158 	 1.522611
   37 	 0.733278 	 0.975474 	 1.298908
   38 	 0.615380 	 0.990932 	 2.933899
   39 	 0.713619 	 0.941794 	 1.196634
   40 	 0.329348 	 0.955029 	 1.393184
   41 	 0.769803 	 0.969436 	 1.225462
   42 	 0.668635 	 0.977424 	 2.316163
   43 	 0.753090 	 0.942312 	 1.146522
   44 	 0.413469 	 0.951923 	 1.296957
   45 	 0.800690 	 0.964980 	 1.168920
   46 	 0.714614 	 0.969041 	 1.938478
   47 	 0.786584 	 0.943078 	 1.107309
   48 	 0.489985 	 0.950106 	 1.223970
   49 	 0.826645 	 0.961650 	 1.124880
   50 	 0.753938 	 0.963566 	 1.688090
   51 	 0.814810 	 0.943930 	 1.076374
   52 	 0.558506 	 0.949105 	 1.167764
   53 	 0.848339 	 0.959133 	 1.090263
   54 	 0.109140 	 0.948353 	 1.513074
   55 	 0.838460 	 0.944775 	 1.051813
   56 	 0.619013 	 0.996668 	 4.727243
   57 	 0.866391 	 0.957212 	 1.062857
   58 	 0.207055 	 0.947205 	 1.386168
   59 	 0.858180 	 0.945564 	 1.032214
   60 	 0.671787 	 0.977639 	 3.231490
   61 	 0.881357 	 0.955731 	 1.041038
   62 	 0.299950 	 0.946707 	 1.291678
   63 	 0.874555 	 0.946273 	 1.016511
   64 	 0.717320 	 0.968190 	 2.485398
   65 	 0.893726 	 0.954581 	 1.023588
   66 	 0.386429 	 0.946606 	 1.219929
   67 	 0.888109 	 0.946896 	 1.003889
   68 	 0.756242 	 0.962693 	 2.045705
   69 	 0.903923 	 0.953680 	 1.009582
   70 	 0.372036 	 0.939480 	 1.164630
   71 	 0.372025 	 0.940173 	 0.993717
   72 	 0.789247 	 0.973700 	 2.107765
   73 	 0.868201 	 0.966413 	 2.107814
   74 	 0.452455 	 0.938746 	 1.121520
   75 	 0.452445 	 0.940662 	 1.030289
   76 	 0.817047 	 0.969580 	 1.802273
   77 	 0.882855 	 0.964274 	 1.802305
   78 	 0.525025 	 0.940334 	 1.087610
   79 	 0.525016 	 0.942115 	 1.014966
   80 	 0.840329 	 0.964924 	 1.593817
   81 	 0.894962 	 0.960974 	 1.593839
   82 	 0.041660 	 0.930574 	 1.060750
   83 	 0.589539 	 0.943384 	 1.002645
   84 	 0.859734 	 1.036311 	 6.941532
   85 	 0.904940 	 0.958565 	 1.445213
   86 	 0.141966 	 0.933086 	 1.039356
   87 	 0.646156 	 0.944480 	 0.992713
   88 	 0.875844 	 0.998220 	 4.092218
   89 	 0.913148 	 0.956760 	 1.335905
   90 	 0.238401 	 0.935395 	 1.022240
   91 	 0.695263 	 0.945417 	 0.984690
   92 	 0.036682 	 0.963259 	 2.934265
   93 	 0.919887 	 0.955381 	 1.253662
   94 	 0.329309 	 1.030008 	 7.190005
   95 	 0.737429 	 0.946213 	 0.978199
   96 	 0.137129 	 0.956350 	 2.316377
   97 	 0.925413 	 0.954312 	 1.190718
   98 	 0.413432 	 0.990342 	 4.174858
   99 	 0.773324 	 0.946885 	 0.972940
  100 	 0.233795 	 0.952620 	 1.938615
  101 	 0.929938 	 0.953475 	 1.141911
  102 	 0.489952 	 0.974367 	 2.974467
  103 	 0.803657 	 0.947447 	 0.968674
  104 	 0.325006 	 0.950555 	 1.688184
  105 	 0.933642 	 0.952815 	 1.103683
  106 	 0.558477 	 0.966006 	 2.339695
  107 	 0.829130 	 0.947917 	 0.965212
  108 	 0.409484 	 0.949435 	 1.513141
  109 	 0.936670 	 0.952289 	 1.073502
  110 	 0.618988 	 0.961053 	 1.953566
  111 	 0.371117 	 0.941110 	 0.962399
  112 	 0.486389 	 0.948871 	 1.386217
  113 	 0.939144 	 0.966355 	 2.111857
  114 	 0.671764 	 0.957898 	 1.698400
  115 	 0.451619 	 0.942432 	 0.960113
  116 	 0.555309 	 0.948636 	 1.291715
  117 	 0.941165 	 0.962190 	 1.804993
  118 	 0.717301 	 0.955791 	 1.520430
  119 	 0.524276 	 0.943601 	 0.958254
  120 	 0.616208 	 0.948595 	 1.219957
  121 	 0.942815 	 0.959309 	 1.595721
  122 	 0.756225 	 0.954334 	 1.391580
  123 	 0.588886 	 0.944623 	 0.956741
  124 	 0.669353 	 0.948663 	 1.164652
  125 	 0.944161 	 0.957231 	 1.446579
  126 	 0.789233 	 0.953300 	 1.295751
  127 	 0.645587 	 0.945509 	 0.955510
  128 	 0.715230 	 0.948787 	 1.121537
  129 	 0.945260 	 0.955688 	 1.336922
  130 	 0.817035 	 0.952550 	 1.223047
  131 	 0.694771 	 0.946268 	 0.954508
  132 	 0.754463 	 0.948934 	 1.087624
  133 	 0.946156 	 0.954518 	 1.254435
  134 	 0.840319 	 0.951996 	 1.167048
  135 	 0.737009 	 0.946915 	 0.953693
  136 	 0.787744 	 0.949086 	 1.060761
  137 	 0.946887 	 0.953616 	 1.191314
  138 	 0.859726 	 0.951581 	 1.123414
  139 	 0.772968 	 0.947462 	 0.953028
  140 	 0.815785 	 0.949231 	 1.039365
  141 	 0.947482 	 0.952912 	 1.142376
  142 	 0.875837 	 0.951266 	 1.089106
  143 	 0.803357 	 0.947921 	 0.952487
  144 	 0.839274 	 0.949364 	 1.022247
  145 	 0.947968 	 0.952359 	 1.104048
  146 	 0.889168 	 0.951024 	 1.061938
  147 	 0.828879 	 0.948305 	 0.952047
  148 	 0.735205 	 0.946801 	 1.008504
  149 	 0.948364 	 0.951920 	 1.073792
  150 	 0.900168 	 0.953879 	 1.193880
  151 	 0.850201 	 0.948625 	 0.951688
  152 	 0.771438 	 0.947355 	 0.997439
  153 	 0.948687 	 0.951570 	 1.049757
  154 	 0.909224 	 0.953115 	 1.144376
  155 	 0.867937 	 0.948890 	 0.951396
  156 	 0.802068 	 0.947826 	 0.988509
  157 	 0.948950 	 0.951291 	 1.030569
  158 	 0.916666 	 0.952516 	 1.105622
  159 	 0.683935 	 0.945783 	 0.951158
  160 	 0.683832 	 0.944896 	 0.981290
  161 	 0.683722 	 0.951761 	 1.271722
  162 	 0.922773 	 0.956062 	 1.271889
  163 	 0.108170 	 0.940009 	 1.272067
  164 	 0.727649 	 0.945774 	 0.975445
  165 	 0.727555 	 0.998773 	 4.749014
  166 	 0.927777 	 0.954848 	 1.204748
  167 	 0.206125 	 0.941009 	 1.204885
  168 	 0.765024 	 0.945464 	 0.970707
  169 	 0.764944 	 0.979598 	 3.241222
  170 	 0.368799 	 0.947894 	 1.152838
  171 	 0.299077 	 0.942040 	 1.152945
  172 	 0.796661 	 0.960718 	 2.122246
  173 	 0.284898 	 0.961672 	 2.490803
  174 	 0.036674 	 0.936499 	 1.112271
  175 	 0.385623 	 0.963447 	 2.581990
  176 	 0.823268 	 1.035558 	 7.190391
  177 	 0.372524 	 0.957083 	 2.049081
  178 	 0.137122 	 0.937880 	 1.080301
  179 	 0.464796 	 0.958442 	 2.105599
  180 	 0.845522 	 0.995817 	 4.174985
  181 	 0.452899 	 0.954396 	 1.763059
  182 	 0.233788 	 0.939270 	 1.054939
  183 	 0.536061 	 0.955505 	 1.800832
  184 	 0.864051 	 0.979422 	 2.974528
  185 	 0.525422 	 0.952759 	 1.566266
  186 	 0.324999 	 0.940617 	 1.034713
  187 	 0.599281 	 0.953689 	 1.592808
  188 	 0.879420 	 0.970510 	 2.339731
  189 	 0.036674 	 0.940322 	 1.425148
  190 	 0.409478 	 0.941884 	 1.018517
  191 	 0.654644 	 1.030530 	 7.190391
  192 	 0.036675 	 0.953559 	 1.953588
  193 	 0.137122 	 0.940937 	 1.320928
  194 	 0.486384 	 1.021051 	 7.190381
  195 	 0.702579 	 0.992078 	 4.174985
  196 	 0.137122 	 0.951105 	 1.698415
  197 	 0.233788 	 0.941741 	 1.242268
  198 	 0.555304 	 0.984407 	 4.174982
  199 	 0.743678 	 0.976566 	 2.974528
  200 	 0.233788 	 0.949697 	 1.520441
  201 	 0.324999 	 0.942628 	 1.181924
  202 	 0.616203 	 0.970329 	 2.974526
  203 	 0.683941 	 0.964963 	 2.339731
  204 	 0.325000 	 0.942274 	 1.391588
  205 	 0.409478 	 0.940892 	 1.271714
  206 	 0.669349 	 0.964410 	 2.339730
  207 	 0.727742 	 0.957635 	 1.271674
  208 	 0.409479 	 0.944419 	 1.295757
  209 	 0.683953 	 0.943133 	 1.204613
  210 	 0.715227 	 0.967781 	 1.953588
  211 	 0.765103 	 0.959954 	 1.271694
  212 	 0.486384 	 0.944651 	 1.223051
  213 	 0.727752 	 0.944148 	 1.152733
  214 	 0.754460 	 0.963180 	 1.698415
  215 	 0.683943 	 0.954511 	 1.204598
  216 	 0.555304 	 0.939323 	 1.167052
  217 	 0.683958 	 0.945758 	 1.271710
  218 	 0.683938 	 0.964536 	 1.520440
  219 	 0.727744 	 0.953108 	 1.271684
  220 	 0.616204 	 0.941465 	 1.271718
  221 	 0.727757 	 0.950409 	 1.204611
  222 	 0.041684 	 0.953702 	 1.391588
  223 	 0.765105 	 0.952280 	 1.204591
  224 	 0.669350 	 1.017404 	 6.940398
  225 	 0.108172 	 0.939615 	 1.152731
  226 	 0.141989 	 0.951573 	 1.295757
  227 	 0.796729 	 0.999185 	 4.748963
  228 	 0.715227 	 0.982835 	 4.091835
  229 	 0.206128 	 0.940692 	 1.112187
  230 	 0.238422 	 0.950246 	 1.223051
  231 	 0.534270 	 0.972551 	 3.241200
  232 	 0.754460 	 0.969327 	 2.934078
  233 	 0.299079 	 0.952510 	 1.570672
  234 	 0.329329 	 0.949458 	 1.167052
  235 	 0.597703 	 0.964006 	 2.490790
  236 	 0.787742 	 0.962471 	 2.316268
  237 	 0.385625 	 0.951139 	 1.428362
  238 	 0.413451 	 0.949031 	 1.123417
  239 	 0.653270 	 0.959260 	 2.049073
  240 	 0.815783 	 0.958510 	 1.938545
  241 	 0.464798 	 0.950324 	 1.323330
  242 	 0.489969 	 0.948839 	 1.089108
  243 	 0.701395 	 0.956383 	 1.763053
  244 	 0.131473 	 0.945804 	 1.688136
  245 	 0.131473 	 0.939626 	 1.244098
  246 	 0.558492 	 0.990368 	 4.275816
  247 	 0.742667 	 0.996110 	 4.275818
  248 	 0.228404 	 0.945388 	 1.513107
  249 	 0.228403 	 0.940595 	 1.183337
  250 	 0.619001 	 0.974755 	 3.022941
  251 	 0.777764 	 0.979220 	 3.022942
  252 	 0.319965 	 0.945419 	 1.386192
  253 	 0.319965 	 0.941633 	 1.136152
  254 	 0.671776 	 0.966661 	 2.367619
  255 	 0.807394 	 0.970184 	 2.367620
  256 	 0.404855 	 0.945695 	 1.291696
  257 	 0.404855 	 0.942670 	 1.099149
  258 	 0.717311 	 0.961830 	 1.971394
  259 	 0.832259 	 0.964637 	 1.971395
  260 	 0.482208 	 0.946096 	 1.219943
  261 	 0.482208 	 0.943661 	 1.069909
  262 	 0.756234 	 0.958698 	 1.710548
  263 	 0.735451 	 0.958267 	 1.710548
  264 	 0.551588 	 0.943863 	 1.164641
  265 	 0.551588 	 0.947620 	 1.193530
  266 	 0.789240 	 0.959597 	 1.529080
  267 	 0.771646 	 0.956140 	 1.529081
  268 	 0.612940 	 0.944771 	 1.121528
  269 	 0.612940 	 0.947829 	 1.144104
  270 	 0.817041 	 0.957456 	 1.397936
  271 	 0.802244 	 0.954652 	 1.397936
  272 	 0.666517 	 0.945587 	 1.087617
  273 	 0.666517 	 0.948077 	 1.105407
  274 	 0.840324 	 0.955860 	 1.300530
  275 	 0.827947 	 0.953581 	 1.300530
  276 	 0.712794 	 0.946305 	 1.060756
  277 	 0.712794 	 0.948334 	 1.074868
  278 	 0.859730 	 0.954647 	 1.226702
  279 	 0.849424 	 0.952795 	 1.226702
  280 	 0.752388 	 0.946927 	 1.039360
  281 	 0.752388 	 0.948582 	 1.050614
  282 	 0.875840 	 0.953713 	 1.169881
  283 	 0.867292 	 0.952206 	 1.169881
  284 	 0.785990 	 0.946407 	 1.022243
  285 	 0.727441 	 0.948077 	 1.031255
  286 	 0.865869 	 0.952966 	 1.125632
  287 	 0.865868 	 0.951699 	 1.205049
  288 	 0.751636 	 0.946245 	 1.032771
  289 	 0.764848 	 0.947321 	 1.032772
  290 	 0.865868 	 0.951250 	 1.170911
  291 	 0.865868 	 0.950231 	 1.153073
  292 	 0.785354 	 0.948772 	 1.032772
  293 	 0.796513 	 0.947540 	 1.032772
  294 	 0.880924 	 0.950802 	 1.126438
  295 	 0.865868 	 0.952190 	 1.112455
  296 	 0.813777 	 0.947904 	 1.016959
  297 	 0.823143 	 0.947929 	 1.032771
  298 	 0.371622 	 0.937261 	 1.091492
  299 	 0.370090 	 0.936384 	 1.080446
  300 	 0.371622 	 0.966876 	 2.109608
  301 	 0.371622 	 0.969955 	 2.116446
  302 	 0.371622 	 0.949001 	 2.109608
  303 	 0.371622 	 0.945229 	 2.109608
  304 	 0.452078 	 0.974665 	 2.109608
  305 	 0.452078 	 0.977003 	 2.109608
  306 	 0.452078 	 0.947123 	 1.803498
  307 	 0.452078 	 0.945093 	 1.803498
  308 	 0.524687 	 0.967355 	 1.803498
  309 	 0.524687 	 0.969291 	 1.803498
  310 	 0.524687 	 0.947383 	 1.594675
  311 	 0.524687 	 0.943395 	 1.594675
  312 	 0.589249 	 0.960535 	 1.594675
  313 	 0.589249 	 0.964074 	 1.594675
  314 	 0.555718 	 0.941550 	 1.445819
  315 	 0.589249 	 0.941669 	 1.445819
  316 	 0.645903 	 0.960400 	 1.519485
  317 	 0.313812 	 0.954282 	 1.445819
  318 	 0.371622 	 0.937253 	 1.336356
  319 	 0.371622 	 0.949634 	 2.402620
  320 	 0.385124 	 0.961586 	 2.109608
  321 	 0.371622 	 0.960944 	 2.109608
  322 	 0.452078 	 0.953412 	 2.051182
  323 	 0.452078 	 0.963181 	 2.109608
  324 	 0.464343 	 0.956443 	 1.522352
  325 	 0.452078 	 0.957605 	 1.803498
  326 	 0.615478 	 0.948337 	 1.764469
  327 	 0.524687 	 0.951774 	 1.803498
  328 	 0.535656 	 0.951543 	 1.392993
  329 	 0.524687 	 0.958560 	 1.594675
  330 	 0.668720 	 0.952734 	 1.567260
  331 	 0.589249 	 0.951915 	 1.594675
  332 	 0.598924 	 0.951048 	 1.296814
  333 	 0.589249 	 0.954721 	 1.445819
  334 	 0.714687 	 0.953439 	 1.425874
  335 	 0.645903 	 0.952429 	 1.445819
  336 	 0.654333 	 0.949308 	 1.223860
  337 	 0.645903 	 0.949892 	 1.336356
  338 	 0.754000 	 0.945665 	 1.321470
  339 	 0.695045 	 0.946087 	 1.306437
  340 	 0.702311 	 0.952459 	 1.049629
  341 	 0.709805 	 0.953455 	 1.254005
  342 	 0.811780 	 0.940650 	 1.242681
  343 	 0.737243 	 0.943287 	 1.231216
  344 	 0.743449 	 0.955794 	 1.093876
  345 	 0.749841 	 0.953703 	 1.190983
  346 	 0.777095 	 0.940887 	 1.182243
  347 	 0.773166 	 0.943513 	 1.173377
  348 	 0.041648 	 0.942201 	 1.137017
  349 	 0.783836 	 0.946883 	 1.142118
  350 	 0.806831 	 1.021041 	 6.942121
  351 	 0.803524 	 0.950706 	 1.128367
  352 	 0.141954 	 0.941537 	 1.099830
  353 	 0.750093 	 0.948659 	 1.103845
  354 	 0.830488 	 0.989012 	 4.092417
  355 	 0.825918 	 0.953361 	 1.173030
  356 	 0.238389 	 0.943248 	 1.071940
  357 	 0.784049 	 0.950643 	 1.077217
  358 	 0.851542 	 0.975393 	 2.934362
  359 	 0.847733 	 0.952448 	 1.128096
  360 	 0.329298 	 0.943807 	 1.048281
  361 	 0.108172 	 0.939775 	 1.052484
  362 	 0.107757 	 0.953892 	 2.316433
  363 	 0.865888 	 0.999296 	 4.748960
  364 	 0.413422 	 0.990434 	 4.758344
  365 	 0.206128 	 0.935653 	 1.032751
  366 	 0.205730 	 0.951200 	 1.938651
  367 	 0.880940 	 0.987747 	 3.241198
  368 	 0.489944 	 0.986752 	 3.245384
  369 	 0.299079 	 0.937490 	 1.016942
  370 	 0.298705 	 0.948810 	 1.688209
  371 	 0.893382 	 0.976263 	 2.490790
  372 	 0.558469 	 0.974299 	 2.493112
  373 	 0.385625 	 0.939208 	 1.004236
  374 	 0.385280 	 0.947620 	 1.513159
  375 	 0.903640 	 0.969197 	 2.049073
  376 	 0.618981 	 0.966919 	 2.050523
  377 	 0.464798 	 0.940775 	 0.993997
  378 	 0.464485 	 0.947126 	 1.386230
  379 	 0.912079 	 0.964463 	 1.763053
  380 	 0.671759 	 0.962192 	 1.764026
  381 	 0.536063 	 0.942179 	 0.985728
  382 	 0.535783 	 0.947034 	 1.291725
  383 	 0.919009 	 0.961121 	 1.566262
  384 	 0.717296 	 0.959007 	 1.566948
  385 	 0.599283 	 0.943417 	 0.979039
  386 	 0.599036 	 0.947166 	 1.219965
  387 	 0.924694 	 0.958676 	 1.425146
  388 	 0.756221 	 0.956785 	 1.425646
  389 	 0.654645 	 0.944493 	 0.973621
  390 	 0.654431 	 0.947414 	 1.164658
  391 	 0.036687 	 0.945322 	 1.320925
  392 	 0.535044 	 0.949974 	 1.321300
  393 	 0.108172 	 1.012984 	 7.189751
  394 	 0.702395 	 0.955473 	 1.568765
  395 	 0.137134 	 0.992682 	 4.748960
  396 	 0.371207 	 0.942402 	 1.242552
  397 	 0.206128 	 0.977293 	 4.174775
  398 	 0.743521 	 0.968489 	 2.111455
  399 	 0.233799 	 0.973975 	 3.241198
  400 	 0.451701 	 0.940531 	 1.182143
  401 	 0.299079 	 0.961394 	 2.974426
  402 	 0.778487 	 0.966687 	 1.804725
  403 	 0.325010 	 0.967945 	 2.490790
  404 	 0.524349 	 0.941838 	 1.135220
  405 	 0.385625 	 0.955551 	 2.339672
  406 	 0.808003 	 0.962739 	 1.595534
  407 	 0.409488 	 0.962205 	 2.049073
  408 	 0.588951 	 0.943042 	 1.098415
  409 	 0.464798 	 0.949236 	 1.953551
  410 	 0.760082 	 0.955581 	 1.446443
  411 	 0.486393 	 0.962604 	 1.763053
  412 	 0.645643 	 0.948251 	 1.159445
  413 	 0.536063 	 0.948192 	 1.698390
  414 	 0.792490 	 0.954234 	 1.336821
  415 	 0.555312 	 0.959368 	 1.566262
  416 	 0.694820 	 0.948411 	 1.117455
  417 	 0.108205 	 0.937258 	 1.520422
  418 	 0.819769 	 0.953260 	 1.254358
  419 	 0.616210 	 1.004584 	 4.748223
  420 	 0.737051 	 0.948601 	 1.084399
  421 	 0.206159 	 0.938453 	 1.391574
  422 	 0.842602 	 0.952543 	 1.191255
  423 	 0.669355 	 0.984081 	 3.240869
  424 	 0.284784 	 0.940494 	 1.058198
  425 	 0.284901 	 0.931440 	 1.295747
  426 	 0.861624 	 0.972401 	 2.582751
  427 	 0.715232 	 0.993878 	 2.581970
  428 	 0.372419 	 0.941773 	 1.037318
  429 	 0.372527 	 0.933836 	 1.223044
  430 	 0.877410 	 0.966038 	 2.106067
  431 	 0.754464 	 0.981487 	 2.105587
  432 	 0.452803 	 0.942945 	 1.020606
  433 	 0.452901 	 0.936076 	 1.167046
  434 	 0.890467 	 0.961916 	 1.801144
  435 	 0.787745 	 0.973409 	 1.800824
  436 	 0.525336 	 0.944002 	 1.007184
  437 	 0.525424 	 0.938115 	 1.123412
  438 	 0.901239 	 0.959074 	 1.593026
  439 	 0.815786 	 0.967819 	 1.592802
  440 	 0.589822 	 0.944938 	 0.996375
  441 	 0.589900 	 0.939937 	 1.089104
  442 	 0.910105 	 0.957032 	 1.444623
  443 	 0.839275 	 0.963792 	 1.444460
  444 	 0.646403 	 0.945758 	 0.987650
  445 	 0.646471 	 0.941538 	 1.061937
  446 	 0.917389 	 0.955520 	 1.335465
  447 	 0.858858 	 0.960806 	 1.335344
  448 	 0.695476 	 0.946466 	 0.980595
  449 	 0.695534 	 0.942928 	 1.040304
  450 	 0.923366 	 0.954377 	 1.253328
  451 	 0.875117 	 0.958547 	 1.253236
  452 	 0.737611 	 0.947073 	 0.974881
  453 	 0.737661 	 0.944120 	 1.022999
  454 	 0.928262 	 0.953498 	 1.190460
  455 	 0.888573 	 0.956810 	 1.190389
  456 	 0.773479 	 0.947588 	 0.970250
  457 	 0.773521 	 0.945134 	 1.009109
  458 	 0.932271 	 0.952815 	 1.141710
  459 	 0.899678 	 0.955458 	 1.141655
  460 	 0.803787 	 0.948023 	 0.966491
  461 	 0.803823 	 0.945990 	 0.997926
  462 	 0.935549 	 0.952278 	 1.103525
  463 	 0.908821 	 0.954397 	 1.103481
  464 	 0.829239 	 0.948387 	 0.963438
  465 	 0.829269 	 0.946709 	 0.988903
  466 	 0.938228 	 0.951854 	 1.073377
  467 	 0.916336 	 0.953557 	 1.073342
  468 	 0.850501 	 0.948691 	 0.960958
  469 	 0.850526 	 0.947308 	 0.981609
  470 	 0.940417 	 0.951516 	 1.049426
  471 	 0.922502 	 0.952889 	 1.049399
  472 	 0.868186 	 0.948944 	 0.958941
  473 	 0.868207 	 0.947807 	 0.975703
  474 	 0.533251 	 0.946075 	 1.030305
  475 	 0.534240 	 0.941959 	 1.030283
  476 	 0.882842 	 0.956905 	 1.573191
  477 	 0.534261 	 0.958536 	 1.570747
  478 	 0.596804 	 0.946646 	 1.014979
  479 	 0.597676 	 0.950874 	 1.570694
  480 	 0.894952 	 0.955297 	 1.430197
  481 	 0.597695 	 0.956111 	 1.428416
  482 	 0.652487 	 0.947161 	 1.002655
  483 	 0.036675 	 0.928195 	 1.428378
  484 	 0.904932 	 0.954126 	 1.324701
  485 	 0.653263 	 1.079951 	 7.190380
  486 	 0.131475 	 0.937385 	 0.992721
  487 	 0.137122 	 0.930288 	 1.323342
  488 	 0.913141 	 0.994824 	 4.275792
  489 	 0.683952 	 1.018936 	 4.174981
  490 	 0.228405 	 0.938996 	 0.984697
  491 	 0.233788 	 0.936495 	 1.271694
  492 	 0.919881 	 0.978500 	 3.022930
  493 	 0.727752 	 0.994284 	 2.974526
  494 	 0.319966 	 0.940485 	 0.978204
  495 	 0.325000 	 0.937814 	 1.204598
  496 	 0.925408 	 0.969798 	 2.367613
  497 	 0.765112 	 0.980709 	 2.339730
  498 	 0.404856 	 0.941840 	 0.972944
  499 	 0.409479 	 0.939215 	 1.152722
  500 	 0.929935 	 0.964448 	 1.971390
  501 	 0.796735 	 0.972274 	 1.953588
  502 	 0.482209 	 0.943056 	 0.968678
  503 	 0.486384 	 0.940600 	 1.112180
  504 	 0.933639 	 0.960875 	 1.710545
  505 	 0.823330 	 0.966641 	 1.698415
  506 	 0.551589 	 0.944133 	 0.965215
  507 	 0.555304 	 0.941909 	 1.080228
  508 	 0.936667 	 0.958360 	 1.529078
  509 	 0.845574 	 0.962694 	 1.520440
  510 	 0.612941 	 0.945075 	 0.962401
  511 	 0.616204 	 0.943108 	 1.054881
  512 	 0.939142 	 0.956524 	 1.397934
  513 	 0.864094 	 0.959832 	 1.391588
  514 	 0.666518 	 0.945890 	 0.960115
  515 	 0.669350 	 0.944180 	 1.034667
  516 	 0.941163 	 0.955150 	 1.300529
  517 	 0.879455 	 0.957706 	 1.295757
  518 	 0.036674 	 0.935171 	 0.958255
  519 	 0.715227 	 0.945122 	 1.018480
  520 	 0.942813 	 1.032104 	 7.190385
  521 	 0.892156 	 0.956097 	 1.223051
  522 	 0.137122 	 0.937022 	 0.956742
  523 	 0.754460 	 0.945937 	 1.005473
  524 	 0.944160 	 0.993600 	 4.174983
  525 	 0.902630 	 0.954859 	 1.167052
  526 	 0.233788 	 0.938732 	 0.955511
  527 	 0.787742 	 0.946636 	 0.994995
  528 	 0.945259 	 0.977960 	 2.974527
  529 	 0.911249 	 0.953898 	 1.123417
  530 	 0.325000 	 0.940294 	 0.954509
  531 	 0.815783 	 0.947228 	 0.986535
  532 	 0.946155 	 0.969524 	 2.339730
  533 	 0.918329 	 0.953144 	 1.089108
  534 	 0.284887 	 0.933387 	 0.953693
  535 	 0.839273 	 0.947728 	 0.979692
  536 	 0.946886 	 0.984699 	 2.582062
  537 	 0.924135 	 0.952548 	 1.061940
  538 	 0.372514 	 0.935737 	 0.953029
  539 	 0.284891 	 0.939830 	 0.974150
  540 	 0.947482 	 0.975237 	 2.105643
  541 	 0.928893 	 0.972473 	 2.582034
  542 	 0.452890 	 0.937846 	 0.952488
  543 	 0.372518 	 0.941273 	 0.969657
  544 	 0.947968 	 0.968948 	 1.800862
  545 	 0.735451 	 0.963456 	 2.105626
  546 	 0.525414 	 0.939714 	 0.952047
  547 	 0.452893 	 0.945610 	 1.193530
  548 	 0.948364 	 0.964533 	 1.592829
  549 	 0.036674 	 0.927621 	 1.800850
  550 	 0.534270 	 0.936152 	 0.951688
  551 	 0.525417 	 1.113197 	 7.190386
  552 	 0.948687 	 0.969073 	 1.570671
  553 	 0.137122 	 0.928851 	 1.592821
  554 	 0.597703 	 0.938361 	 0.951396
  555 	 0.589894 	 1.041516 	 4.174983
  556 	 0.948950 	 0.964888 	 1.428361
  557 	 0.233788 	 0.930636 	 1.444474
  558 	 0.108172 	 0.929747 	 0.951158
  559 	 0.646465 	 1.009426 	 2.974527
  560 	 0.949165 	 1.009227 	 4.748960
  561 	 0.325000 	 0.932665 	 1.335354
  562 	 0.206128 	 0.932607 	 0.950964
  563 	 0.695529 	 0.991460 	 2.339730
  564 	 0.683942 	 0.984644 	 3.241198
  565 	 0.409479 	 0.934746 	 1.253244
  566 	 0.299079 	 0.939178 	 1.271711
  567 	 0.737657 	 0.980191 	 1.953588
  568 	 0.727743 	 0.973943 	 2.490790
  569 	 0.486384 	 0.936761 	 1.190395
  570 	 0.284543 	 0.928995 	 1.204611
  571 	 0.284891 	 0.954293 	 1.698415
  572 	 0.036674 	 0.966406 	 2.584358
  573 	 0.371622 	 0.960544 	 2.582034
  574 	 0.372196 	 0.959022 	 1.822574
  575 	 0.372518 	 0.970219 	 2.109607
  576 	 0.519487 	 0.963665 	 2.107056
  577 	 0.452078 	 0.955331 	 2.105626
  578 	 0.452600 	 0.955690 	 1.608008
  579 	 0.452893 	 0.964085 	 1.803497
  580 	 0.584656 	 0.958968 	 1.801801
  581 	 0.108172 	 0.941940 	 1.800850
  582 	 0.525155 	 0.953569 	 1.455486
  583 	 0.042100 	 0.992710 	 4.748960
  584 	 0.641896 	 0.956032 	 1.593487
  585 	 0.206128 	 1.018668 	 6.920395
  586 	 0.589662 	 0.952214 	 1.343552
  587 	 0.036674 	 0.959059 	 3.241198
  588 	 0.691586 	 0.954142 	 1.444957
  589 	 0.299079 	 1.065004 	 7.190391
  590 	 0.646263 	 0.951350 	 1.259468
  591 	 0.137122 	 0.951165 	 2.490790
  592 	 0.734285 	 0.952898 	 1.335714
  593 	 0.385625 	 1.012279 	 4.174985
  594 	 0.284891 	 0.942489 	 1.195192
  595 	 0.233788 	 0.939098 	 2.049073
  596 	 0.770658 	 0.972464 	 2.582034
  597 	 0.464798 	 1.009800 	 2.974528
  598 	 0.371622 	 0.936013 	 1.145399
  599 	 0.324999 	 0.924020 	 1.763053
  600 	 0.801411 	 0.980437 	 2.109608
  601 	 0.536063 	 1.020271 	 2.339731
  602 	 0.452078 	 0.937816 	 1.106426
  603 	 0.409478 	 0.926415 	 1.566262
  604 	 0.827249 	 0.972411 	 1.803498
  605 	 0.599283 	 1.001077 	 1.953588
  606 	 0.524687 	 0.936181 	 1.075675
  607 	 0.486384 	 0.919129 	 1.425146
  608 	 0.658989 	 0.964576 	 1.594675
  609 	 0.654645 	 0.990245 	 1.698415
  610 	 0.474682 	 0.941515 	 1.313389
  611 	 0.555304 	 0.922233 	 1.320925
  612 	 0.670379 	 0.961972 	 1.732856
  613 	 0.630664 	 0.980317 	 1.520441
  614 	 0.544883 	 0.930442 	 1.294031
  615 	 0.582544 	 0.928387 	 1.364137
  616 	 0.667319 	 0.972908 	 1.544919
  617 	 0.560630 	 0.984541 	 1.459974
  618 	 0.607047 	 0.945012 	 1.299175
  619 	 0.640052 	 0.938657 	 1.508228
  620 	 0.713483 	 0.967163 	 1.409549
  621 	 0.285021 	 0.967945 	 1.346889
  622 	 0.284891 	 0.936593 	 1.225666
  623 	 0.284891 	 0.943182 	 2.581173
  624 	 0.284891 	 0.966784 	 2.582034
  625 	 0.284913 	 0.984813 	 2.582034
  626 	 0.372518 	 0.978759 	 2.582034
  627 	 0.372518 	 0.981947 	 2.581889
  628 	 0.372518 	 0.959998 	 2.105626
  629 	 0.372538 	 0.972081 	 2.105626
  630 	 0.452893 	 0.968306 	 2.105626
  631 	 0.452893 	 0.969571 	 2.105537
  632 	 0.452893 	 0.955956 	 1.800850
  633 	 0.452911 	 0.964360 	 1.800850
  634 	 0.525417 	 0.962116 	 1.800850
  635 	 0.106960 	 0.952849 	 1.800791
  636 	 0.525417 	 0.953485 	 1.592821
  637 	 0.525433 	 1.006256 	 4.776458
  638 	 0.589894 	 0.958249 	 1.592821
  639 	 0.204966 	 0.945005 	 1.592779
  640 	 0.589894 	 0.951962 	 1.444474
  641 	 0.589908 	 0.991875 	 3.253449
  642 	 0.646465 	 0.955745 	 1.444474
  643 	 0.297987 	 0.943864 	 1.444443
  644 	 0.646465 	 0.951029 	 1.335354
  645 	 0.646478 	 0.978691 	 2.497582
  646 	 0.284891 	 0.945767 	 1.335354
  647 	 0.384618 	 0.943616 	 1.335331
  648 	 0.036674 	 0.959450 	 2.582034
  649 	 0.695540 	 0.970581 	 2.053312
  650 	 0.372518 	 1.023737 	 7.190386
  651 	 0.463884 	 0.943865 	 1.253226
  652 	 0.137122 	 0.954424 	 2.105626
  653 	 0.737666 	 0.965206 	 1.765898
  654 	 0.452893 	 0.986271 	 4.174983
  655 	 0.535246 	 0.944371 	 1.190382
  656 	 0.233788 	 0.951643 	 1.800850
  657 	 0.773526 	 0.961475 	 1.568267
  658 	 0.525417 	 0.971627 	 2.974527
  659 	 0.598563 	 0.944991 	 1.141649
  660 	 0.325000 	 0.950094 	 1.592821
  661 	 0.706295 	 0.955205 	 1.426608
  662 	 0.589894 	 0.957709 	 2.339730
  663 	 0.654019 	 0.946363 	 1.236561
  664 	 0.409479 	 0.957266 	 1.444474
  665 	 0.746848 	 0.957869 	 1.322019
  666 	 0.646465 	 0.954348 	 1.953588
  667 	 0.702041 	 0.946710 	 1.177512
  668 	 0.486384 	 0.955169 	 1.335354
  669 	 0.781303 	 0.956073 	 1.243100
  670 	 0.695529 	 0.952458 	 1.698415
  671 	 0.743218 	 0.947106 	 1.131601
  672 	 0.555304 	 0.953720 	 1.253244
  673 	 0.810372 	 0.954738 	 1.182567
  674 	 0.737657 	 0.951367 	 1.520440
  675 	 0.778230 	 0.947505 	 1.095564
  676 	 0.616204 	 0.952708 	 1.190395
  677 	 0.834750 	 0.953732 	 1.135550
  678 	 0.773518 	 0.950732 	 1.391588
  679 	 0.807787 	 0.947882 	 1.067065
  680 	 0.036674 	 0.940578 	 1.141660
  681 	 0.855092 	 0.952964 	 1.098675
  682 	 0.736900 	 1.025672 	 7.190386
  683 	 0.284891 	 0.937009 	 1.044396
  684 	 0.137122 	 0.941691 	 1.191469
  685 	 0.871995 	 0.975839 	 2.582034
  686 	 0.534113 	 0.986076 	 4.174983
  687 	 0.372518 	 0.938910 	 1.026278
  688 	 0.233788 	 0.950130 	 1.571059
  689 	 0.885992 	 0.968816 	 2.105626
  690 	 0.597565 	 0.971517 	 2.974527
  691 	 0.452893 	 0.940598 	 1.011744
  692 	 0.325000 	 0.949131 	 1.428643
  693 	 0.897550 	 0.964165 	 1.800850
  694 	 0.653149 	 0.964061 	 2.339730
  695 	 0.525417 	 0.942078 	 1.000050
  696 	 0.409479 	 0.948625 	 1.323540
  697 	 0.907071 	 0.960897 	 1.592821
  698 	 0.701292 	 0.959701 	 1.953588
  699 	 0.589894 	 0.943364 	 0.990618
  700 	 0.486384 	 0.948424 	 1.244258
  701 	 0.914898 	 0.958511 	 1.444474
  702 	 0.534271 	 0.951748 	 1.698415
  703 	 0.646465 	 0.944470 	 0.982996
  704 	 0.555304 	 0.956162 	 1.570670
  705 	 0.921323 	 0.956721 	 1.335354
  706 	 0.597704 	 0.950706 	 1.520440
  707 	 0.695529 	 0.945413 	 0.976827
  708 	 0.616204 	 0.954469 	 1.428360
  709 	 0.926589 	 0.955352 	 1.253244
  710 	 0.653270 	 0.950133 	 1.391588
  711 	 0.737657 	 0.946213 	 0.971828
  712 	 0.669349 	 0.953298 	 1.323328
  713 	 0.930901 	 0.954291 	 1.190395
  714 	 0.701396 	 0.949832 	 1.295757
  715 	 0.773518 	 0.946886 	 0.967772
  716 	 0.715227 	 0.952472 	 1.244097
  717 	 0.934429 	 0.953460 	 1.141660
  718 	 0.742668 	 0.949692 	 1.223051
  719 	 0.803820 	 0.947450 	 0.964479
  720 	 0.754460 	 0.951881 	 1.183337
  721 	 0.683943 	 0.949476 	 1.103485
  722 	 0.683943 	 0.946317 	 1.167052
  723 	 0.829266 	 0.951940 	 1.271709
  724 	 0.787742 	 0.955473 	 1.271709
  725 	 0.727744 	 0.949501 	 1.073345
  726 	 0.727744 	 0.946868 	 1.123417
  727 	 0.850524 	 0.951491 	 1.204610
  728 	 0.815783 	 0.954319 	 1.204610
  729 	 0.765105 	 0.949551 	 1.049401
  730 	 0.735055 	 0.944687 	 1.089108
  731 	 0.868205 	 0.951165 	 1.152731
  732 	 0.839273 	 0.956479 	 1.194093
  733 	 0.796730 	 0.949612 	 1.030285
  734 	 0.771311 	 0.945578 	 1.061940
  735 	 0.882858 	 0.950925 	 1.112187
  736 	 0.858856 	 0.955178 	 1.144543
  737 	 0.823325 	 0.949675 	 1.014962
  738 	 0.801961 	 0.946340 	 1.040306
  739 	 0.894965 	 0.950745 	 1.080234
  740 	 0.875116 	 0.954161 	 1.105753
  741 	 0.845570 	 0.949736 	 1.002642
  742 	 0.827710 	 0.946986 	 1.023001
  743 	 0.904943 	 0.950608 	 1.054885
  744 	 0.888572 	 0.953360 	 1.075142
  745 	 0.864091 	 0.949792 	 0.992711
  746 	 0.849227 	 0.947529 	 1.009110
  747 	 0.913150 	 0.950504 	 1.034671
  748 	 0.899677 	 0.952725 	 1.050832
  749 	 0.879453 	 0.949842 	 0.984688
  750 	 0.867128 	 0.947983 	 0.997928
  751 	 0.919888 	 0.950423 	 1.018483
  752 	 0.908820 	 0.952219 	 1.031429
  753 	 0.892154 	 0.949885 	 0.978198
  754 	 0.881967 	 0.948361 	 0.988904
  755 	 0.925414 	 0.950360 	 1.005476
  756 	 0.916335 	 0.951814 	 1.015881
  757 	 0.902628 	 0.949923 	 0.972939
  758 	 0.894229 	 0.948674 	 0.981610
  759 	 0.929939 	 0.950310 	 0.994997
  760 	 0.922501 	 0.951490 	 1.003382
  761 	 0.911247 	 0.949955 	 0.968674
  762 	 0.904337 	 0.948933 	 0.975704
  763 	 0.933643 	 0.950270 	 0.986536
  764 	 0.927554 	 0.951228 	 0.993308
  765 	 0.918327 	 0.949982 	 0.965211
  766 	 0.912652 	 0.949146 	 0.970917
  767 	 0.936671 	 0.950239 	 0.979694
  768 	 0.931691 	 0.951017 	 0.985171
  769 	 0.924134 	 0.950004 	 0.962398
  770 	 0.919480 	 0.949321 	 0.967033
  771 	 0.534271 	 0.945016 	 0.974151
  772 	 0.371622 	 0.933219 	 0.978588
  773 	 0.041684 	 0.936029 	 1.570670
  774 	 0.530107 	 0.969189 	 2.109608
  775 	 0.534268 	 1.030984 	 6.940398
  776 	 0.452078 	 0.951166 	 1.581009
  777 	 0.141989 	 0.944862 	 1.570677
  778 	 0.594033 	 0.963485 	 1.803498
  779 	 0.036674 	 0.981873 	 4.091835
  780 	 0.524687 	 0.949786 	 1.435889
  781 	 0.238422 	 1.022381 	 7.190386
  782 	 0.650073 	 0.959715 	 1.594675
  783 	 0.137122 	 0.967314 	 2.934078
  784 	 0.589249 	 0.949078 	 1.328951
  785 	 0.329329 	 0.984735 	 4.174983
  786 	 0.698640 	 0.957141 	 1.445819
  787 	 0.233788 	 0.959925 	 2.316268
  788 	 0.645903 	 0.948765 	 1.248376
  789 	 0.413451 	 0.970072 	 2.974527
  790 	 0.534259 	 0.950142 	 1.336356
  791 	 0.325000 	 0.955771 	 1.938545
  792 	 0.695045 	 0.956438 	 1.570699
  793 	 0.489969 	 0.962629 	 2.339730
  794 	 0.371754 	 0.942406 	 1.254005
  795 	 0.409479 	 0.953320 	 1.688136
  796 	 0.737243 	 0.969198 	 2.109021
  797 	 0.558492 	 0.958353 	 1.953588
  798 	 0.452198 	 0.943172 	 1.190983
  799 	 0.486384 	 0.951844 	 1.513107
  800 	 0.773166 	 0.964169 	 1.803107
  801 	 0.619001 	 0.955718 	 1.698415
  802 	 0.524795 	 0.943993 	 1.142118
  803 	 0.555304 	 0.950954 	 1.386192
  804 	 0.803524 	 0.960706 	 1.594401
  805 	 0.671776 	 0.954019 	 1.520440
  806 	 0.589344 	 0.943747 	 1.103845
  807 	 0.616204 	 0.950424 	 1.291696
  808 	 0.829019 	 0.959264 	 1.445621
  809 	 0.717311 	 0.952890 	 1.391588
  810 	 0.645986 	 0.944693 	 1.073631
  811 	 0.669349 	 0.950119 	 1.219943
  812 	 0.850318 	 0.957248 	 1.336209
  813 	 0.756234 	 0.952120 	 1.295757
  814 	 0.695116 	 0.945535 	 1.049629
  815 	 0.715227 	 0.949952 	 1.164641
  816 	 0.036751 	 0.943632 	 1.253893
  817 	 0.789240 	 0.951586 	 1.223051
  818 	 0.737304 	 1.024807 	 7.186434
  819 	 0.041684 	 0.938516 	 1.121528
  820 	 0.137196 	 0.935534 	 1.190896
  821 	 0.284891 	 1.017771 	 6.940397
  822 	 0.773218 	 1.008076 	 4.173688
  823 	 0.141989 	 0.960140 	 2.582034
  824 	 0.233859 	 0.937035 	 1.142050
  825 	 0.372518 	 0.982988 	 4.091835
  826 	 0.803568 	 0.987579 	 2.973901
  827 	 0.238423 	 0.955391 	 2.105626
  828 	 0.325066 	 0.938555 	 1.103792
  829 	 0.452893 	 0.969323 	 2.934078
  830 	 0.829055 	 0.976224 	 2.339368
  831 	 0.329329 	 0.952734 	 1.800850
  832 	 0.409539 	 0.940026 	 1.073589
  833 	 0.525417 	 0.962362 	 2.316268
  834 	 0.850348 	 0.969125 	 1.953356
  835 	 0.413451 	 0.951210 	 1.592821
  836 	 0.486439 	 0.941405 	 1.049595
  837 	 0.589894 	 0.958337 	 1.938545
  838 	 0.041684 	 0.953001 	 1.698257
  839 	 0.489969 	 0.950339 	 1.444474
  840 	 0.555353 	 1.017542 	 6.940406
  841 	 0.646465 	 0.955832 	 1.688136
  842 	 0.141989 	 0.950894 	 1.520328
  843 	 0.558492 	 0.949858 	 1.335354
  844 	 0.616246 	 0.983062 	 4.091838
  845 	 0.695529 	 0.954195 	 1.513107
  846 	 0.238422 	 0.949652 	 1.391505
  847 	 0.619001 	 0.946287 	 1.253244
  848 	 0.669387 	 0.969583 	 2.934079
  849 	 0.737657 	 0.957107 	 1.386192
  850 	 0.329329 	 0.948961 	 1.295695
  851 	 0.671776 	 0.946731 	 1.190395
  852 	 0.715259 	 0.962723 	 2.316268
  853 	 0.773518 	 0.955498 	 1.291696
  854 	 0.413451 	 0.948624 	 1.223003
  855 	 0.717311 	 0.947178 	 1.141660
  856 	 0.534271 	 0.953544 	 1.938545
  857 	 0.534271 	 0.943906 	 1.219943
  858 	 0.371622 	 0.949035 	 1.570671
  859 	 0.392986 	 0.954233 	 1.570670
  860 	 0.371622 	 0.959100 	 2.109608
  861 	 0.597704 	 0.959456 	 2.018627
  862 	 0.452078 	 0.962777 	 2.109608
  863 	 0.471470 	 0.952416 	 1.428360
  864 	 0.452078 	 0.955318 	 1.803498
  865 	 0.653270 	 0.956438 	 1.742556
  866 	 0.524687 	 0.958645 	 1.803498
  867 	 0.542018 	 0.951310 	 1.323328
  868 	 0.524687 	 0.953077 	 1.594675
  869 	 0.041684 	 0.943146 	 1.551786
  870 	 0.589249 	 0.955991 	 1.594675
  871 	 0.604527 	 1.025522 	 6.940398
  872 	 0.589249 	 0.951731 	 1.445819
  873 	 0.141989 	 0.943116 	 1.414574
  874 	 0.645903 	 0.954234 	 1.445819
  875 	 0.659207 	 0.989523 	 4.091835
  876 	 0.645903 	 0.950923 	 1.336356
  877 	 0.238422 	 0.943451 	 1.313013
  878 	 0.695045 	 0.953046 	 1.336356
  879 	 0.706508 	 0.974830 	 2.934078
  880 	 0.695045 	 0.950443 	 1.254005
  881 	 0.329329 	 0.943984 	 1.236235
  882 	 0.737243 	 0.952228 	 1.254005
  883 	 0.747030 	 0.966992 	 2.316268
  884 	 0.737243 	 0.950166 	 1.190983
  885 	 0.413451 	 0.944611 	 1.177260
  886 	 0.773166 	 0.951657 	 1.190983
  887 	 0.781457 	 0.962220 	 1.938545
  888 	 0.773166 	 0.950015 	 1.142118
  889 	 0.489969 	 0.945265 	 1.131404
  890 	 0.803524 	 0.951254 	 1.142118
  891 	 0.810501 	 0.959077 	 1.688136
  892 	 0.129825 	 0.940684 	 1.103845
  893 	 0.558492 	 0.945902 	 1.095409
  894 	 0.036873 	 0.973406 	 4.306162
  895 	 0.534271 	 0.951701 	 1.513107
  896 	 0.226831 	 1.028834 	 7.180152
  897 	 0.619001 	 0.954254 	 1.570670
  898 	 0.137315 	 0.959949 	 3.037377
  899 	 0.597704 	 0.950927 	 1.386192
  900 	 0.318494 	 0.990176 	 4.171627
  901 	 0.671776 	 0.953015 	 1.428360
  902 	 0.233971 	 0.953880 	 2.375895
  903 	 0.653270 	 0.950466 	 1.291696
  904 	 0.403503 	 0.974610 	 2.972904
  905 	 0.717311 	 0.952181 	 1.323328
  906 	 0.325171 	 0.950878 	 1.976662
  907 	 0.701396 	 0.950197 	 1.219943
  908 	 0.480986 	 0.966396 	 2.338792
  909 	 0.756234 	 0.951609 	 1.244097
  910 	 0.409636 	 0.949372 	 1.714130
  911 	 0.742668 	 0.950047 	 1.164641
  912 	 0.550500 	 0.961470 	 1.952987
  913 	 0.789240 	 0.951210 	 1.183337
  914 	 0.284891 	 0.940345 	 1.531628
  915 	 0.284891 	 0.941654 	 1.121528
  916 	 0.611985 	 0.978689 	 2.582034
  917 	 0.817041 	 0.971326 	 2.582034
  918 	 0.372518 	 0.941163 	 1.399806
  919 	 0.372518 	 0.942716 	 1.087617
  920 	 0.665688 	 0.970581 	 2.105626
  921 	 0.840324 	 0.965168 	 2.105626
  922 	 0.452893 	 0.942131 	 1.301935
  923 	 0.452893 	 0.943714 	 1.060756
  924 	 0.712081 	 0.965264 	 1.800850
  925 	 0.859730 	 0.961211 	 1.800850
  926 	 0.371622 	 0.935897 	 1.227776
  927 	 0.525417 	 0.944628 	 1.039360
  928 	 0.751780 	 0.976075 	 2.109608
  929 	 0.875840 	 0.958502 	 1.592821
  930 	 0.452078 	 0.937862 	 1.170713
  931 	 0.589894 	 0.945448 	 1.022243
  932 	 0.785476 	 0.969602 	 1.803498
  933 	 0.889171 	 0.956566 	 1.444474
  934 	 0.524687 	 0.939653 	 1.126283
  935 	 0.646465 	 0.946173 	 1.008501
  936 	 0.683943 	 0.961711 	 1.594675
  937 	 0.900170 	 0.955141 	 1.335354
  938 	 0.589249 	 0.945272 	 1.271709
  939 	 0.695529 	 0.946805 	 0.997436
  940 	 0.727744 	 0.958925 	 1.445819
  941 	 0.909226 	 0.954068 	 1.253244
  942 	 0.645903 	 0.945837 	 1.204610
  943 	 0.534271 	 0.942151 	 0.988507
  944 	 0.131473 	 0.943982 	 1.336356
  945 	 0.916668 	 0.961004 	 1.570670
  946 	 0.131473 	 0.980785 	 4.275818
  947 	 0.597704 	 0.943408 	 0.981289
  948 	 0.228403 	 0.985712 	 4.275818
  949 	 0.922774 	 0.958589 	 1.428360
  950 	 0.228403 	 0.966253 	 3.022942
  951 	 0.653270 	 0.944496 	 0.975444
  952 	 0.319965 	 0.970440 	 3.022942
  953 	 0.927778 	 0.956777 	 1.323328
  954 	 0.319965 	 0.959207 	 2.367620
  955 	 0.701396 	 0.945428 	 0.970706
  956 	 0.404855 	 0.962761 	 2.367620
  957 	 0.931874 	 0.955393 	 1.244097
  958 	 0.404855 	 0.955362 	 1.971395
  959 	 0.742668 	 0.946220 	 0.966861
  960 	 0.482208 	 0.958371 	 1.971395
  961 	 0.036674 	 0.942903 	 1.183337
  962 	 0.482208 	 0.953136 	 1.710548
  963 	 0.777764 	 1.024892 	 7.190386
  964 	 0.551588 	 0.955676 	 1.710548
  965 	 0.137122 	 0.943319 	 1.136152
  966 	 0.551588 	 0.951811 	 1.529081
  967 	 0.807395 	 0.987761 	 4.174983
  968 	 0.612940 	 0.953946 	 1.529081
  969 	 0.233788 	 0.943865 	 1.099149
  970 	 0.612940 	 0.951015 	 1.397936
  971 	 0.832259 	 0.973223 	 2.974527
  972 	 0.666517 	 0.952803 	 1.397936
  973 	 0.325000 	 0.944479 	 1.069909
  974 	 0.666517 	 0.950537 	 1.300530
  975 	 0.853017 	 0.965678 	 2.339730
  976 	 0.712794 	 0.952030 	 1.300530
  977 	 0.409479 	 0.945114 	 1.046663
  978 	 0.712794 	 0.950256 	 1.226702
  979 	 0.870274 	 0.961174 	 1.953588
  980 	 0.752388 	 0.951498 	 1.226702
  981 	 0.486384 	 0.945739 	 1.028093
  982 	 0.752388 	 0.950097 	 1.169881
  983 	 0.884570 	 0.958251 	 1.698415
  984 	 0.785990 	 0.951127 	 1.169881
  985 	 0.555304 	 0.946330 	 1.013202
  986 	 0.785990 	 0.950012 	 1.125632
  987 	 0.896377 	 0.956245 	 1.520440
  988 	 0.814311 	 0.950864 	 1.125632
  989 	 0.616204 	 0.946873 	 1.001225
  990 	 0.814311 	 0.949972 	 1.090856
  991 	 0.906105 	 0.954815 	 1.391588
  992 	 0.838043 	 0.950675 	 1.090856
  993 	 0.131473 	 0.937128 	 0.991567
  994 	 0.735434 	 0.947276 	 1.063329
  995 	 0.371622 	 0.985423 	 4.275818
  996 	 0.371596 	 0.943079 	 1.193554
  997 	 0.228403 	 0.956306 	 2.109608
  998 	 0.771632 	 0.965330 	 2.109722
  999 	 0.452078 	 0.970433 	 3.022942
 