   0 	 0.017775 	 0.080147 	 1.297522
    1 	 0.019730 	 0.296583 	 1.326436
    2 	 0.036535 	 0.691691 	 2.414737
    3 	 0.040370 	 0.724327 	 3.394774
    4 	 0.038333 	 0.623994 	 1.761325
    5 	 0.039015 	 0.687185 	 2.921911
    6 	 0.021250 	 0.732641 	 2.931424
    7 	 0.037567 	 0.614561 	 2.851820
    8 	 0.039063 	 0.644386 	 2.097910
    9 	 0.032963 	 0.813500 	 2.889653
   10 	 0.036054 	 0.777834 	 2.696965
   11 	 0.038303 	 0.764672 	 2.515587
   12 	 0.042775 	 0.880850 	 3.546685
   13 	 0.201207 	 0.831511 	 3.948082
   14 	 0.038286 	 0.723026 	 3.727101
   15 	 0.037256 	 0.801333 	 2.173413
   16 	 0.038769 	 0.958571 	 3.313603
   17 	 0.036922 	 1.021157 	 3.945989
   18 	 0.037685 	 0.926911 	 4.905119
   19 	 0.031905 	 0.902694 	 4.493209
   20 	 0.038398 	 0.892332 	 3.526283
   21 	 0.038012 	 1.092095 	 4.386073
   22 	 0.269558 	 1.025863 	 4.837974
   23 	 0.141286 	 0.965227 	 4.514428
   24 	 0.038118 	 0.853885 	 1.951000
   25 	 0.040326 	 0.904217 	 2.387829
   26 	 0.434707 	 1.069624 	 3.950724
   27 	 0.344894 	 1.174403 	 5.626630
   28 	 0.040306 	 0.829189 	 1.500125
   29 	 0.172057 	 0.881025 	 1.885746
   30 	 0.037983 	 1.014203 	 3.879028
   31 	 0.038545 	 0.985809 	 2.797540
   32 	 0.246152 	 0.959510 	 3.624726
   33 	 0.318579 	 0.946079 	 4.463597
   34 	 0.253176 	 0.953801 	 2.527088
   35 	 0.213826 	 0.949846 	 2.193084
   36 	 0.357183 	 0.928044 	 2.207624
   37 	 0.410495 	 0.925675 	 2.504847
   38 	 0.418213 	 0.935943 	 1.905645
   39 	 0.367668 	 0.939715 	 1.731618
   40 	 0.489466 	 0.923760 	 1.730490
   41 	 0.521644 	 0.920323 	 1.987409
   42 	 0.522469 	 0.933719 	 1.595239
   43 	 0.447386 	 0.934930 	 1.343990
   44 	 0.557091 	 0.923344 	 1.457285
   45 	 0.673382 	 0.919223 	 1.715603
   46 	 0.597984 	 0.931883 	 1.439903
   47 	 0.539665 	 0.935919 	 1.186023
   48 	 0.633993 	 0.925754 	 1.359833
   49 	 0.755616 	 0.923055 	 1.481120
   50 	 0.647948 	 0.932631 	 1.296355
   51 	 0.617848 	 0.930545 	 1.119800
   52 	 0.683361 	 0.920386 	 1.273321
   53 	 0.796622 	 0.924617 	 1.324068
   54 	 0.693605 	 0.934145 	 1.132296
   55 	 0.670660 	 0.927636 	 1.059463
   56 	 0.787590 	 0.921467 	 1.203362
   57 	 0.784645 	 0.924234 	 1.237531
   58 	 0.746903 	 0.932283 	 1.083318
   59 	 0.728315 	 0.931982 	 1.084546
   60 	 0.789379 	 0.927411 	 1.108789
   61 	 0.809586 	 0.925867 	 1.157655
   62 	 0.793523 	 0.931397 	 1.055210
   63 	 0.773303 	 0.934861 	 1.058105
   64 	 0.806055 	 0.931256 	 1.076400
   65 	 0.812700 	 0.927979 	 1.100349
   66 	 0.824009 	 0.930330 	 1.022350
   67 	 0.800237 	 0.932557 	 1.054629
   68 	 0.842804 	 0.934336 	 1.042199
   69 	 0.787547 	 0.930916 	 1.057298
   70 	 0.124655 	 0.924483 	 1.022177
   71 	 0.106502 	 0.924507 	 1.083331
   72 	 0.842545 	 0.965776 	 3.843865
   73 	 0.819181 	 0.970465 	 4.132200
   74 	 0.251176 	 0.928323 	 1.022448
   75 	 0.234214 	 0.925469 	 1.045389
   76 	 0.106025 	 0.935167 	 2.586141
   77 	 0.105783 	 0.945355 	 2.704794
   78 	 0.105644 	 0.968287 	 4.140357
   79 	 0.351841 	 0.961721 	 4.112127
   80 	 0.233871 	 0.967890 	 4.146897
   81 	 0.235426 	 0.940329 	 2.043983
   82 	 0.233411 	 0.950046 	 2.693449
   83 	 0.458425 	 0.947393 	 2.695959
   84 	 0.353251 	 0.950394 	 2.696796
   85 	 0.352938 	 0.937012 	 1.678346
   86 	 0.352834 	 0.942182 	 2.038109
   87 	 0.550738 	 0.941276 	 2.039410
   88 	 0.037654 	 0.932940 	 2.039843
   89 	 0.459388 	 0.935643 	 1.453197
   90 	 0.459698 	 0.991537 	 5.712533
   91 	 0.628695 	 0.938226 	 1.680989
   92 	 0.170998 	 0.930604 	 1.674768
   93 	 0.550513 	 0.934607 	 1.308567
   94 	 0.551825 	 0.962020 	 3.242567
   95 	 0.691579 	 0.936561 	 1.453673
   96 	 0.295861 	 0.929632 	 1.454916
   97 	 0.106315 	 0.924621 	 1.206304
   98 	 0.628016 	 0.950544 	 2.308079
   99 	 0.745265 	 0.971273 	 4.135395
  100 	 0.408918 	 0.929599 	 1.306479
  101 	 0.234143 	 0.925235 	 1.132932
  102 	 0.693491 	 0.943540 	 1.830436
  103 	 0.787196 	 0.953691 	 2.705313
  104 	 0.501118 	 0.929120 	 1.203527
  105 	 0.351777 	 0.927588 	 1.081554
  106 	 0.745753 	 0.941450 	 1.570800
  107 	 0.820376 	 0.944437 	 2.044252
  108 	 0.586064 	 0.927527 	 1.132307
  109 	 0.458368 	 0.927790 	 1.044086
  110 	 0.787583 	 0.938387 	 1.382240
  111 	 0.842255 	 0.940065 	 1.678505
  112 	 0.658051 	 0.928880 	 1.081100
  113 	 0.551266 	 0.929466 	 1.022751
  114 	 0.821963 	 0.938161 	 1.260159
  115 	 0.841857 	 0.939558 	 1.456099
  116 	 0.716507 	 0.931535 	 1.042359
  117 	 0.627550 	 0.931044 	 1.021183
  118 	 0.848998 	 0.937028 	 1.173699
  119 	 0.863124 	 0.937265 	 1.307276
  120 	 0.763826 	 0.931847 	 1.015746
  121 	 0.692197 	 0.932260 	 1.001378
  122 	 0.868624 	 0.936316 	 1.109600
  123 	 0.879602 	 0.936364 	 1.208172
  124 	 0.801925 	 0.932410 	 0.995893
  125 	 0.743179 	 0.932972 	 0.985123
  126 	 0.883866 	 0.936172 	 1.064594
  127 	 0.890850 	 0.936091 	 1.138073
  128 	 0.833268 	 0.932957 	 0.981002
  129 	 0.784023 	 0.933215 	 0.972526
  130 	 0.894133 	 0.935867 	 1.032239
  131 	 0.902506 	 0.935605 	 1.087520
  132 	 0.856356 	 0.933114 	 0.971220
  133 	 0.816380 	 0.933433 	 0.963386
  134 	 0.903571 	 0.935444 	 1.008211
  135 	 0.910013 	 0.935252 	 1.050553
  136 	 0.874347 	 0.933347 	 0.962398
  137 	 0.843133 	 0.933608 	 0.956468
  138 	 0.909258 	 0.935219 	 0.990249
  139 	 0.915777 	 0.935123 	 1.019854
  140 	 0.886800 	 0.933686 	 0.957159
  141 	 0.865536 	 0.933793 	 0.951224
  142 	 0.915198 	 0.934949 	 0.978186
  143 	 0.920197 	 0.934839 	 0.998965
  144 	 0.897919 	 0.933785 	 0.951748
  145 	 0.881472 	 0.933947 	 0.947241
  146 	 0.919753 	 0.934881 	 0.967662
  147 	 0.923582 	 0.934715 	 0.983311
  148 	 0.904927 	 0.933754 	 0.946066
  149 	 0.278017 	 0.926596 	 0.944214
  150 	 0.922964 	 0.934624 	 0.961144
  151 	 0.926171 	 0.951050 	 2.418279
  152 	 0.340310 	 0.925886 	 0.944765
  153 	 0.336832 	 0.921244 	 0.941911
  154 	 0.337031 	 0.942215 	 2.101677
  155 	 0.926517 	 0.959630 	 2.117156
  156 	 0.446613 	 0.943154 	 2.116262
  157 	 0.443546 	 0.927749 	 1.061119
  158 	 0.443722 	 0.944291 	 1.712292
  159 	 0.835688 	 0.960232 	 1.721329
  160 	 0.540631 	 0.950040 	 1.720808
  161 	 0.576293 	 0.939720 	 1.177041
  162 	 0.538153 	 0.954098 	 1.803327
  163 	 0.760780 	 0.959224 	 1.401163
  164 	 0.515271 	 0.955526 	 1.480269
  165 	 0.649957 	 0.945407 	 1.174106
  166 	 0.618173 	 0.945415 	 1.536639
  167 	 0.763588 	 0.952296 	 1.504214
  168 	 0.597358 	 0.959881 	 1.326835
  169 	 0.609862 	 0.957418 	 1.173914
  170 	 0.683838 	 0.950558 	 1.364522
  171 	 0.764946 	 0.956063 	 1.341629
  172 	 0.665814 	 0.959837 	 1.433203
  173 	 0.676989 	 0.963176 	 1.277637
  174 	 0.637469 	 0.955859 	 1.471207
  175 	 0.734843 	 0.955936 	 1.227915
  176 	 0.655432 	 0.975138 	 1.535227
  177 	 0.701294 	 0.976406 	 1.176735
  178 	 0.606745 	 0.955934 	 1.452873
  179 	 0.764983 	 0.968612 	 1.394517
  180 	 0.681769 	 1.011839 	 1.606310
  181 	 0.666414 	 0.982996 	 1.283890
  182 	 0.573490 	 0.948039 	 1.223588
  183 	 0.737568 	 0.975854 	 1.469910
  184 	 0.762000 	 1.022967 	 1.702447
  185 	 0.673941 	 0.999830 	 1.327373
  186 	 0.581989 	 0.970579 	 1.285677
  187 	 0.721470 	 0.988541 	 1.449820
  188 	 0.768358 	 1.030145 	 1.672832
  189 	 0.630032 	 1.011809 	 1.356355
  190 	 0.592195 	 0.971083 	 1.275254
  191 	 0.728781 	 0.990745 	 1.552958
  192 	 0.775703 	 1.031897 	 1.649905
  193 	 0.637447 	 1.011546 	 1.343038
  194 	 0.600346 	 0.964635 	 1.266460
  195 	 0.730833 	 0.984817 	 1.535280
  196 	 0.773791 	 1.028000 	 1.474115
  197 	 0.644712 	 1.016114 	 1.342763
  198 	 0.634129 	 0.971523 	 1.266478
  199 	 0.675601 	 0.980288 	 1.518344
  200 	 0.121066 	 1.022306 	 1.538629
  201 	 0.651829 	 1.019822 	 1.450323
  202 	 0.643323 	 1.041771 	 7.306417
  203 	 0.682956 	 0.983729 	 1.497837
  204 	 0.134374 	 1.021107 	 1.521554
  205 	 0.611532 	 1.018903 	 1.431115
  206 	 0.593629 	 1.032648 	 6.658943
  207 	 0.654999 	 0.983863 	 1.594052
  208 	 0.149819 	 1.021845 	 1.640880
  209 	 0.621909 	 1.020990 	 1.494994
  210 	 0.604310 	 1.028712 	 6.108043
  211 	 0.661903 	 0.980201 	 1.568113
  212 	 0.163296 	 1.020789 	 1.617573
  213 	 0.632106 	 1.024559 	 1.475572
  214 	 0.612230 	 1.024928 	 5.643461
  215 	 0.670524 	 0.982688 	 1.543434
  216 	 0.176702 	 1.022025 	 1.597112
  217 	 0.037457 	 1.014453 	 1.457038
  218 	 0.619996 	 1.020331 	 5.194764
  219 	 0.679838 	 1.178175 	 18.776979
  220 	 0.191918 	 1.020589 	 1.572830
  221 	 0.053212 	 1.013293 	 1.441466
  222 	 0.629473 	 1.016571 	 4.814223
  223 	 0.686216 	 1.130744 	 14.490245
  224 	 0.207038 	 1.019239 	 1.555517
  225 	 0.068937 	 1.012157 	 1.428334
  226 	 0.636409 	 1.013282 	 4.487558
  227 	 0.692457 	 1.100934 	 11.801249
  228 	 0.222057 	 1.017891 	 1.533251
  229 	 0.084623 	 1.010823 	 1.411917
  230 	 0.645556 	 1.010249 	 4.204215
  231 	 0.700419 	 1.080435 	 9.957827
  232 	 0.236966 	 1.016678 	 1.512044
  233 	 0.100264 	 1.009820 	 1.396222
  234 	 0.037494 	 0.998772 	 3.956228
  235 	 0.708204 	 1.065626 	 8.615903
  236 	 0.251761 	 1.211233 	 18.763969
  237 	 0.115852 	 1.008872 	 1.381207
  238 	 0.053249 	 0.996803 	 3.737471
  239 	 0.715816 	 1.054406 	 7.595782
  240 	 0.266434 	 1.162648 	 14.482509
  241 	 0.131379 	 1.007974 	 1.366837
  242 	 0.068974 	 0.995109 	 3.543156
  243 	 0.723256 	 1.045628 	 6.794459
  244 	 0.280981 	 1.131837 	 11.796128
  245 	 0.146837 	 1.007126 	 1.353078
  246 	 0.084660 	 0.993646 	 3.369485
  247 	 0.730525 	 1.038588 	 6.148651
  248 	 0.295396 	 1.110503 	 9.954191
  249 	 0.162220 	 1.006322 	 1.339898
  250 	 0.100301 	 0.992336 	 3.213407
  251 	 0.737129 	 1.031832 	 5.617332
  252 	 0.309674 	 1.094734 	 8.613189
  253 	 0.177521 	 1.007134 	 1.328147
  254 	 0.115888 	 0.991238 	 3.072446
  255 	 0.744077 	 1.027169 	 5.172739
  256 	 0.323808 	 1.082581 	 7.593681
  257 	 0.192732 	 1.006250 	 1.316003
  258 	 0.131415 	 0.990286 	 2.944568
  259 	 0.750862 	 1.021691 	 4.795416
  260 	 0.337796 	 1.072824 	 6.792785
  261 	 0.207848 	 1.007112 	 1.304356
  262 	 0.146873 	 0.989487 	 2.828088
  263 	 0.757486 	 1.018317 	 4.471318
  264 	 0.351631 	 1.064956 	 6.147286
  265 	 0.222860 	 1.006363 	 1.293182
  266 	 0.162256 	 0.988769 	 2.721597
  267 	 0.763952 	 1.015423 	 4.190058
  268 	 0.365311 	 1.058349 	 5.616198
  269 	 0.237764 	 1.005664 	 1.282458
  270 	 0.177557 	 0.988146 	 2.623910
  271 	 0.770263 	 1.012912 	 3.943783
  272 	 0.378829 	 1.052739 	 5.171783
  273 	 0.252552 	 1.004990 	 1.272163
  274 	 0.192768 	 0.987607 	 2.534023
  275 	 0.776420 	 1.010186 	 3.726451
  276 	 0.392184 	 1.047910 	 4.794599
  277 	 0.267219 	 1.004868 	 1.262276
  278 	 0.207883 	 0.985864 	 2.451076
  279 	 0.782426 	 1.006915 	 3.533333
  280 	 0.405371 	 1.043494 	 4.470613
  281 	 0.281759 	 1.002943 	 1.252778
  282 	 0.222895 	 0.983660 	 2.374332
  283 	 0.657152 	 1.006732 	 3.360679
  284 	 0.418474 	 1.044047 	 4.189443
  285 	 0.296167 	 1.006797 	 1.485990
  286 	 0.237798 	 0.983246 	 2.302691
  287 	 0.665872 	 1.005113 	 3.205472
  288 	 0.431315 	 1.040786 	 3.943242
  289 	 0.310436 	 1.005719 	 1.466981
  290 	 0.252586 	 0.983257 	 2.236561
  291 	 0.337689 	 0.996703 	 3.065262
  292 	 0.327651 	 1.021875 	 3.725972
  293 	 0.324563 	 1.018673 	 2.828939
  294 	 0.267253 	 1.023953 	 2.911622
  295 	 0.351526 	 1.015122 	 2.938036
  296 	 0.341597 	 1.019382 	 3.532906
  297 	 0.338543 	 1.017227 	 2.722376
  298 	 0.281793 	 1.020505 	 2.798005
  299 	 0.365207 	 1.011566 	 2.822125
  300 	 0.354521 	 1.018216 	 3.360296
  301 	 0.352606 	 1.017313 	 2.637780
  302 	 0.296200 	 1.018715 	 2.704009
  303 	 0.376849 	 1.009858 	 2.728467
  304 	 0.367673 	 1.016445 	 3.210272
  305 	 0.364396 	 1.016288 	 2.550049
  306 	 0.309103 	 1.017063 	 2.611151
  307 	 0.390099 	 1.008135 	 2.643432
  308 	 0.380670 	 1.014721 	 3.077845
  309 	 0.376048 	 1.015305 	 2.463664
  310 	 0.323243 	 1.015298 	 2.522262
  311 	 0.403313 	 1.006700 	 2.564441
  312 	 0.394297 	 1.011812 	 2.872381
  313 	 0.387561 	 1.013338 	 2.385992
  314 	 0.346239 	 1.012725 	 2.438450
  315 	 0.416685 	 1.004811 	 2.479171
  316 	 0.407539 	 1.010305 	 2.762135
  317 	 0.400806 	 1.013039 	 2.322419
  318 	 0.359980 	 1.011765 	 2.324287
  319 	 0.428024 	 1.003509 	 2.400347
  320 	 0.427335 	 1.008564 	 2.661134
  321 	 0.413882 	 1.008251 	 2.218654
  322 	 0.373827 	 1.007365 	 2.256650
  323 	 0.447637 	 0.996099 	 2.330014
  324 	 0.440054 	 1.009346 	 2.566557
  325 	 0.426291 	 1.026208 	 2.166674
  326 	 0.387528 	 1.012611 	 2.196096
  327 	 0.458196 	 0.995284 	 2.261976
  328 	 0.452101 	 1.008049 	 2.482448
  329 	 0.439025 	 1.024527 	 2.109724
  330 	 0.400361 	 1.011116 	 2.137205
  331 	 0.125287 	 0.975407 	 2.201069
  332 	 0.464575 	 1.006953 	 2.405809
  333 	 0.451188 	 1.155401 	 7.087803
  334 	 0.412949 	 1.009904 	 2.081707
  335 	 0.140774 	 0.974943 	 2.141381
  336 	 0.476870 	 1.005892 	 2.335092
  337 	 0.463676 	 1.139378 	 6.407232
  338 	 0.425461 	 1.008798 	 2.029755
  339 	 0.155702 	 0.974687 	 2.087789
  340 	 0.488865 	 1.004925 	 2.266233
  341 	 0.475491 	 1.125793 	 5.847890
  342 	 0.438206 	 1.007678 	 1.983478
  343 	 0.170556 	 0.974412 	 2.037527
  344 	 0.368225 	 0.996888 	 2.205043
  345 	 0.487133 	 1.114043 	 5.366084
  346 	 0.036842 	 1.015581 	 2.607390
  347 	 0.185809 	 0.974406 	 1.988336
  348 	 0.381215 	 1.197079 	 19.178347
  349 	 0.365950 	 1.097455 	 4.972439
  350 	 0.052099 	 1.013875 	 2.518795
  351 	 0.200492 	 0.992303 	 2.619517
  352 	 0.394836 	 1.147138 	 14.727707
  353 	 0.379461 	 1.089698 	 4.675264
  354 	 0.067826 	 1.008471 	 2.449561
  355 	 0.213280 	 0.991258 	 2.545429
  356 	 0.037006 	 1.110992 	 11.957934
  357 	 0.390438 	 1.081155 	 4.411497
  358 	 0.083516 	 1.214271 	 19.644174
  359 	 0.225897 	 0.992548 	 2.476243
  360 	 0.050871 	 1.089808 	 10.068855
  361 	 0.401277 	 1.074464 	 4.145989
  362 	 0.099161 	 1.165918 	 15.438999
  363 	 0.240281 	 0.991800 	 2.397638
  364 	 0.064713 	 1.074784 	 8.736634
  365 	 0.414433 	 1.068937 	 3.912649
  366 	 0.114254 	 1.131403 	 12.420386
  367 	 0.254553 	 0.990782 	 2.324324
  368 	 0.080411 	 1.062293 	 7.689117
  369 	 0.427328 	 1.063549 	 3.698863
  370 	 0.129819 	 1.107975 	 10.393873
  371 	 0.269341 	 0.990003 	 2.256685
  372 	 0.096064 	 1.052734 	 6.867222
  373 	 0.440047 	 1.058651 	 3.507034
  374 	 0.145325 	 1.090903 	 8.939386
  375 	 0.283862 	 0.989478 	 2.193719
  376 	 0.111667 	 1.046105 	 6.280413
  377 	 0.452977 	 1.055037 	 3.358382
  378 	 0.158874 	 1.079439 	 7.963863
  379 	 0.296535 	 0.989108 	 2.141893
  380 	 0.125348 	 1.039837 	 5.724964
  381 	 0.463866 	 1.051488 	 3.221285
  382 	 0.174193 	 1.069901 	 7.181406
  383 	 0.308920 	 0.988660 	 2.093073
  384 	 0.138943 	 1.035076 	 5.316522
  385 	 0.474615 	 1.047954 	 3.079577
  386 	 0.187602 	 1.061134 	 6.462336
  387 	 0.323261 	 0.987958 	 2.047022
  388 	 0.125889 	 1.014391 	 4.962718
  389 	 0.484773 	 1.044679 	 2.949323
  390 	 0.200940 	 1.140340 	 7.057691
  391 	 0.337470 	 0.987432 	 2.005322
  392 	 0.141411 	 1.010552 	 4.613830
  393 	 0.494775 	 1.041939 	 2.845999
  394 	 0.216000 	 1.126024 	 6.360881
  395 	 0.349431 	 0.987069 	 1.958578
  396 	 0.156821 	 1.007118 	 4.314064
  397 	 0.506489 	 1.038973 	 2.737996
  398 	 0.230954 	 1.106806 	 5.793024
  399 	 0.363386 	 0.983772 	 1.914650
 