   0 	 0.015913 	 0.055583 	 0.333979
    1 	 0.018187 	 0.097566 	 0.455685
    2 	 0.021935 	 0.192808 	 0.572647
    3 	 0.028239 	 0.307604 	 1.433474
    4 	 0.037766 	 0.403956 	 1.270911
    5 	 0.034018 	 0.487577 	 1.762372
    6 	 0.133656 	 0.683848 	 8.199277
    7 	 0.041132 	 0.836296 	 5.046977
    8 	 0.040194 	 0.980634 	 6.082126
    9 	 0.148383 	 1.121738 	 6.098532
   10 	 0.163179 	 1.092473 	 5.250620
   11 	 0.155806 	 1.117483 	 4.936256
   12 	 0.184941 	 1.066347 	 3.134898
   13 	 0.192368 	 1.069569 	 4.366069
   14 	 0.302206 	 1.040786 	 3.714771
   15 	 0.220455 	 1.062045 	 3.427655
   16 	 0.267489 	 1.091545 	 2.883454
   17 	 0.240283 	 1.073168 	 2.652834
   18 	 0.326035 	 1.020623 	 3.231133
   19 	 0.372949 	 1.056150 	 3.692990
   20 	 0.304244 	 1.098394 	 2.687196
   21 	 0.258887 	 1.076960 	 2.499484
   22 	 0.365124 	 1.008008 	 2.539054
   23 	 0.393471 	 1.043754 	 3.796696
   24 	 0.391121 	 1.081620 	 2.456255
   25 	 0.262254 	 1.063843 	 2.342247
   26 	 0.400279 	 1.005549 	 2.258760
   27 	 0.419420 	 1.039251 	 3.761462
   28 	 0.411100 	 1.077486 	 2.399927
   29 	 0.262635 	 1.060213 	 2.313103
   30 	 0.403368 	 1.006380 	 2.142245
   31 	 0.424610 	 1.029363 	 3.239021
   32 	 0.454970 	 1.067722 	 2.178327
   33 	 0.303626 	 1.044017 	 2.124451
   34 	 0.449554 	 1.000124 	 2.036325
   35 	 0.458684 	 1.019768 	 3.147361
   36 	 0.478006 	 1.055904 	 2.017537
   37 	 0.267332 	 1.042044 	 2.052613
   38 	 0.482617 	 1.000179 	 1.873692
   39 	 0.475508 	 1.018211 	 3.190480
   40 	 0.526401 	 1.051246 	 1.857642
   41 	 0.312141 	 1.035327 	 1.917148
   42 	 0.530183 	 0.995936 	 1.848761
   43 	 0.516516 	 1.016655 	 3.065219
   44 	 0.525083 	 1.047468 	 1.735259
   45 	 0.324242 	 1.037213 	 1.919326
   46 	 0.574792 	 0.996819 	 1.725379
   47 	 0.517217 	 1.010601 	 2.631982
   48 	 0.565390 	 1.036983 	 1.694441
   49 	 0.373401 	 1.030609 	 1.758036
   50 	 0.585603 	 0.998532 	 1.725656
   51 	 0.539451 	 1.006108 	 2.488172
   52 	 0.561370 	 1.036088 	 1.628391
   53 	 0.397350 	 1.029887 	 1.680246
   54 	 0.608831 	 0.999347 	 1.695288
   55 	 0.576055 	 1.004675 	 2.435756
   56 	 0.585005 	 1.036199 	 1.605313
   57 	 0.408337 	 1.031394 	 1.697058
   58 	 0.621538 	 1.003411 	 1.669158
   59 	 0.584399 	 0.999167 	 2.367215
   60 	 0.594086 	 1.028049 	 1.538373
   61 	 0.421636 	 1.035075 	 1.670845
   62 	 0.384539 	 0.999791 	 1.646670
   63 	 0.593491 	 0.996795 	 2.221552
   64 	 0.602130 	 1.043504 	 2.508538
   65 	 0.444434 	 1.032911 	 1.607740
   66 	 0.396410 	 0.997382 	 1.650900
   67 	 0.620601 	 0.994033 	 2.231973
   68 	 0.115827 	 1.025160 	 2.353437
   69 	 0.442385 	 1.028178 	 1.577781
   70 	 0.420267 	 1.072571 	 6.829361
   71 	 0.332283 	 0.987078 	 2.123659
   72 	 0.145818 	 1.008071 	 2.302198
   73 	 0.395276 	 1.030367 	 2.894498
   74 	 0.430831 	 1.097731 	 5.736640
   75 	 0.342407 	 1.008915 	 2.348100
   76 	 0.173891 	 1.004849 	 2.177082
   77 	 0.420398 	 1.024988 	 2.714387
   78 	 0.453395 	 1.088304 	 5.319413
   79 	 0.364300 	 1.007296 	 2.301508
   80 	 0.187494 	 1.002997 	 2.075140
   81 	 0.429183 	 1.022254 	 2.628117
   82 	 0.475366 	 1.080511 	 4.960473
   83 	 0.378470 	 1.006203 	 2.245258
   84 	 0.200442 	 1.002958 	 2.043041
   85 	 0.442193 	 1.019921 	 2.539553
   86 	 0.485616 	 1.072217 	 4.661091
   87 	 0.391412 	 1.005758 	 2.133139
   88 	 0.213238 	 0.997627 	 1.992763
   89 	 0.356806 	 1.011120 	 2.369601
   90 	 0.494740 	 1.070311 	 4.358471
   91 	 0.419146 	 1.022251 	 2.680919
   92 	 0.227839 	 0.997962 	 1.957176
   93 	 0.370766 	 1.010081 	 2.297021
   94 	 0.506746 	 1.061648 	 4.097711
   95 	 0.432298 	 1.016727 	 2.584206
   96 	 0.243078 	 1.002056 	 1.912244
   97 	 0.384866 	 1.013667 	 2.229666
   98 	 0.518553 	 1.057725 	 3.856868
   99 	 0.445679 	 1.014981 	 2.406935
  100 	 0.258193 	 1.000732 	 1.870023
  101 	 0.124110 	 1.002002 	 2.165068
  102 	 0.530160 	 1.053167 	 3.644404
  103 	 0.458449 	 1.082092 	 7.127085
  104 	 0.273336 	 0.999448 	 1.783294
  105 	 0.139992 	 1.001791 	 2.116183
  106 	 0.556361 	 1.049867 	 3.453804
  107 	 0.469421 	 1.071987 	 6.402391
  108 	 0.288184 	 0.998153 	 1.746538
  109 	 0.155848 	 1.001289 	 2.059218
  110 	 0.567299 	 1.047016 	 3.308146
  111 	 0.482319 	 1.065180 	 5.812315
  112 	 0.300811 	 0.997809 	 1.713798
  113 	 0.171632 	 1.000564 	 2.014428
  114 	 0.552639 	 1.041570 	 3.175500
  115 	 0.492458 	 1.058912 	 5.323902
  116 	 0.313519 	 1.003110 	 1.757967
  117 	 0.187336 	 0.997038 	 1.974106
  118 	 0.564313 	 1.038370 	 3.032886
  119 	 0.502966 	 1.059030 	 4.964356
  120 	 0.328193 	 1.002384 	 1.722615
  121 	 0.200866 	 0.996475 	 1.933989
  122 	 0.361871 	 1.028865 	 2.921472
  123 	 0.513324 	 1.054268 	 4.651909
  124 	 0.340649 	 1.019979 	 2.659781
  125 	 0.127497 	 0.987053 	 1.888490
  126 	 0.373988 	 1.026559 	 2.818894
  127 	 0.128370 	 1.106442 	 7.062315
  128 	 0.352983 	 1.018167 	 2.576734
  129 	 0.141314 	 1.053824 	 7.019046
  130 	 0.385976 	 1.024480 	 2.708680
  131 	 0.142184 	 1.096022 	 6.434406
  132 	 0.367272 	 1.015522 	 2.499524
  133 	 0.155075 	 1.040396 	 6.398612
  134 	 0.397832 	 1.024301 	 2.622114
  135 	 0.155940 	 1.105291 	 5.911051
  136 	 0.379332 	 1.014033 	 2.427586
  137 	 0.168712 	 1.034487 	 5.880961
  138 	 0.409553 	 1.021953 	 2.541736
  139 	 0.169634 	 1.096670 	 5.470092
  140 	 0.391261 	 1.013366 	 2.360422
  141 	 0.182342 	 1.029465 	 5.442664
  142 	 0.421137 	 1.020247 	 2.466934
  143 	 0.183259 	 1.088854 	 5.090554
  144 	 0.403058 	 1.011962 	 2.297596
  145 	 0.195900 	 1.025016 	 5.066914
  146 	 0.432583 	 1.018593 	 2.397175
  147 	 0.196811 	 1.081867 	 4.761913
  148 	 0.414718 	 1.010546 	 2.238725
  149 	 0.209380 	 1.021213 	 4.741334
  150 	 0.443887 	 1.017111 	 2.331990
  151 	 0.210286 	 1.075810 	 4.474680
  152 	 0.426241 	 1.009415 	 2.183468
  153 	 0.222674 	 1.017899 	 4.456611
  154 	 0.455049 	 1.015833 	 2.270967
  155 	 0.223678 	 1.070462 	 4.223445
  156 	 0.384033 	 0.996471 	 2.122022
  157 	 0.235986 	 1.014968 	 4.205603
  158 	 0.468138 	 1.034749 	 2.511726
  159 	 0.236984 	 1.065283 	 3.998630
  160 	 0.395910 	 0.995691 	 2.073665
  161 	 0.249207 	 1.012301 	 3.982738
  162 	 0.478981 	 1.032704 	 2.438964
  163 	 0.250066 	 1.060858 	 3.797849
  164 	 0.407653 	 0.995130 	 2.028064
  165 	 0.038035 	 1.000466 	 3.785493
  166 	 0.489677 	 1.030984 	 2.371054
  167 	 0.263186 	 1.257925 	 19.180851
  168 	 0.419260 	 0.994498 	 1.985007
  169 	 0.052097 	 0.998576 	 3.606384
  170 	 0.500223 	 1.029124 	 2.307549
  171 	 0.276206 	 1.208907 	 15.106418
  172 	 0.430728 	 0.994041 	 1.944302
  173 	 0.066135 	 0.996900 	 3.444639
  174 	 0.510620 	 1.027398 	 2.248059
  175 	 0.289123 	 1.176099 	 12.463342
  176 	 0.442056 	 0.993522 	 1.905777
  177 	 0.080145 	 0.995359 	 3.297906
  178 	 0.520867 	 1.025728 	 2.192234
  179 	 0.301932 	 1.152283 	 10.610684
  180 	 0.453241 	 0.993098 	 1.869275
  181 	 0.094120 	 0.994086 	 3.164239
  182 	 0.530962 	 1.024180 	 2.139767
  183 	 0.314630 	 1.134109 	 9.240474
  184 	 0.464281 	 0.992710 	 1.834655
  185 	 0.108055 	 0.992903 	 3.042012
  186 	 0.371771 	 1.015145 	 2.090383
  187 	 0.327213 	 1.118327 	 8.186343
  188 	 0.475176 	 1.009430 	 2.591538
  189 	 0.121945 	 0.990418 	 2.929861
  190 	 0.383783 	 1.013218 	 2.043836
  191 	 0.339678 	 1.108307 	 7.350529
  192 	 0.485924 	 1.008618 	 2.513301
  193 	 0.135784 	 0.990959 	 2.826628
  194 	 0.369271 	 1.007743 	 1.999905
  195 	 0.352022 	 1.085034 	 6.671819
  196 	 0.496523 	 1.025882 	 2.608440
  197 	 0.149568 	 1.026794 	 2.731327
  198 	 0.381310 	 1.006726 	 1.958392
  199 	 0.364242 	 1.076826 	 6.109927
  200 	 0.506973 	 1.022529 	 2.529022
  201 	 0.163291 	 1.023586 	 2.643111
  202 	 0.393217 	 1.007227 	 1.919117
  203 	 0.376334 	 1.069747 	 5.637257
  204 	 0.517272 	 1.020776 	 2.455088
  205 	 0.176949 	 1.018073 	 2.561249
  206 	 0.129438 	 0.996249 	 1.881919
  207 	 0.388297 	 1.081788 	 5.234269
  208 	 0.527421 	 1.085962 	 6.966801
  209 	 0.190535 	 1.015906 	 2.485109
  210 	 0.143248 	 0.995534 	 1.846651
  211 	 0.400127 	 1.075268 	 4.886740
  212 	 0.537417 	 1.077639 	 6.355340
  213 	 0.204047 	 1.013915 	 2.414138
  214 	 0.157000 	 0.994884 	 1.813179
  215 	 0.411821 	 1.069458 	 4.584073
  216 	 0.547262 	 1.067418 	 5.844547
  217 	 0.217478 	 1.008641 	 2.347851
  218 	 0.170688 	 0.999355 	 1.781383
  219 	 0.359962 	 1.062606 	 4.318205
  220 	 0.364487 	 1.054315 	 5.411611
  221 	 0.225638 	 1.023757 	 2.673357
  222 	 0.184308 	 1.016981 	 2.641399
  223 	 0.372099 	 1.075381 	 4.171212
  224 	 0.376577 	 1.049185 	 5.040128
  225 	 0.238931 	 1.021369 	 2.589339
  226 	 0.197854 	 1.010854 	 2.559659
  227 	 0.384107 	 1.067203 	 3.952088
  228 	 0.388537 	 1.050421 	 4.718002
  229 	 0.252131 	 1.024874 	 2.511254
  230 	 0.211323 	 1.009308 	 2.483628
  231 	 0.395984 	 1.061403 	 3.756133
  232 	 0.400364 	 1.041886 	 4.436113
  233 	 0.130150 	 1.008219 	 2.438525
  234 	 0.224708 	 1.009203 	 2.412756
  235 	 0.407726 	 1.128281 	 6.932415
  236 	 0.412056 	 1.043264 	 4.187458
  237 	 0.143957 	 1.006030 	 2.370643
  238 	 0.238007 	 1.008149 	 2.346560
  239 	 0.419332 	 1.117652 	 6.326828
  240 	 0.423610 	 1.040444 	 3.966571
  241 	 0.157706 	 1.004530 	 2.307165
  242 	 0.251214 	 1.007006 	 2.284615
  243 	 0.430800 	 1.107929 	 5.820532
  244 	 0.435026 	 1.037296 	 3.769120
  245 	 0.171390 	 1.002966 	 2.247698
  246 	 0.264325 	 1.005913 	 2.226549
  247 	 0.442126 	 1.099381 	 5.391114
  248 	 0.446299 	 1.034444 	 3.591630
  249 	 0.185007 	 1.001557 	 2.191896
  250 	 0.277336 	 1.004904 	 2.172028
  251 	 0.453310 	 1.091812 	 5.022437
  252 	 0.457430 	 1.031840 	 3.431281
  253 	 0.198549 	 1.000262 	 2.139449
  254 	 0.290244 	 1.003965 	 2.120757
  255 	 0.464350 	 1.085058 	 4.702582
  256 	 0.331107 	 1.024448 	 3.285759
  257 	 0.212013 	 0.992710 	 2.090084
  258 	 0.303043 	 1.014298 	 2.896810
  259 	 0.475244 	 1.097468 	 4.422559
  260 	 0.343535 	 1.040857 	 3.153149
  261 	 0.225395 	 0.991722 	 2.043553
  262 	 0.315731 	 1.012718 	 2.796145
  263 	 0.485990 	 1.091030 	 4.175455
  264 	 0.355841 	 1.037888 	 3.031852
  265 	 0.238689 	 0.990832 	 1.999638
  266 	 0.328305 	 1.011145 	 2.703135
  267 	 0.496589 	 1.085172 	 3.955871
  268 	 0.368021 	 1.035243 	 2.920522
  269 	 0.251891 	 0.989942 	 1.958139
  270 	 0.340759 	 1.009695 	 2.616971
  271 	 0.507038 	 1.079944 	 3.759526
  272 	 0.380073 	 1.032795 	 2.818018
  273 	 0.264997 	 0.989209 	 1.918878
  274 	 0.128810 	 0.998140 	 2.536955
  275 	 0.517336 	 1.074871 	 3.582982
  276 	 0.391995 	 1.097691 	 6.997430
  277 	 0.278003 	 0.988701 	 1.881693
  278 	 0.142622 	 0.997231 	 2.462480
  279 	 0.527484 	 1.070334 	 3.423449
  280 	 0.403783 	 1.088716 	 6.380716
  281 	 0.290905 	 0.988096 	 1.846436
  282 	 0.156377 	 0.996266 	 2.393016
  283 	 0.537479 	 1.066142 	 3.278635
  284 	 0.415435 	 1.081006 	 5.865906
  285 	 0.303699 	 0.987550 	 1.812975
  286 	 0.170068 	 0.995374 	 2.328100
  287 	 0.547323 	 1.062260 	 3.146644
  288 	 0.125359 	 1.057086 	 5.429829
  289 	 0.038258 	 0.975763 	 1.781189
  290 	 0.183691 	 1.082577 	 7.170548
  291 	 0.557013 	 1.260527 	 19.099299
  292 	 0.139186 	 1.051563 	 5.055845
  293 	 0.052319 	 0.975495 	 1.750966
  294 	 0.197241 	 1.072204 	 6.523767
  295 	 0.566551 	 1.209188 	 15.055861
  296 	 0.152955 	 1.048479 	 4.731695
  297 	 0.066357 	 0.978877 	 1.722204
  298 	 0.210713 	 1.064656 	 5.986050
  299 	 0.575936 	 1.176937 	 12.428974
  300 	 0.166663 	 1.044162 	 4.448144
  301 	 0.080382 	 0.978616 	 1.694812
  302 	 0.224102 	 1.058139 	 5.532121
  303 	 0.585168 	 1.153528 	 10.584083
  304 	 0.180303 	 1.040142 	 4.198109
  305 	 0.094356 	 0.978326 	 1.668704
  306 	 0.237405 	 1.052500 	 5.143955
  307 	 0.594246 	 1.135286 	 9.220346
  308 	 0.193872 	 1.036118 	 3.976062
  309 	 0.108290 	 0.978559 	 1.643800
  310 	 0.250616 	 1.048003 	 4.808350
  311 	 0.603173 	 1.121131 	 8.170589
  312 	 0.207363 	 1.032923 	 3.777628
  313 	 0.122179 	 0.978380 	 1.620030
  314 	 0.263732 	 1.043630 	 4.515418
  315 	 0.611946 	 1.109544 	 7.337869
  316 	 0.220774 	 1.029992 	 3.599297
  317 	 0.136018 	 0.978235 	 1.597326
  318 	 0.276748 	 1.039726 	 4.257601
  319 	 0.620569 	 1.099784 	 6.661427
  320 	 0.234099 	 1.027258 	 3.438224
  321 	 0.149801 	 0.977884 	 1.570429
  322 	 0.289660 	 1.036070 	 4.029029
  323 	 0.631102 	 1.091354 	 6.101248
  324 	 0.247040 	 1.024731 	 3.292073
  325 	 0.163523 	 0.977804 	 1.549902
  326 	 0.302465 	 1.033110 	 3.829365
  327 	 0.639386 	 1.084386 	 5.629902
  328 	 0.038203 	 1.011822 	 3.158914
  329 	 0.177179 	 0.977813 	 1.530256
  330 	 0.315158 	 1.231950 	 19.119501
  331 	 0.647519 	 1.076914 	 5.227959
  332 	 0.052264 	 1.008668 	 3.037134
  333 	 0.190765 	 0.976747 	 1.511443
  334 	 0.327736 	 1.185777 	 15.068394
  335 	 0.655504 	 1.074267 	 4.881269
  336 	 0.066302 	 1.006899 	 2.925377
  337 	 0.204275 	 0.976604 	 1.493420
  338 	 0.340197 	 1.154077 	 12.437497
  339 	 0.663341 	 1.069084 	 4.579286
  340 	 0.080311 	 1.004146 	 2.712258
  341 	 0.217704 	 0.975699 	 1.445418
  342 	 0.366790 	 1.130793 	 10.591988
  343 	 0.685158 	 1.064959 	 4.313983
  344 	 0.094285 	 1.002995 	 2.625432
  345 	 0.231049 	 0.975992 	 1.430088
  346 	 0.378855 	 1.114402 	 9.226329
  347 	 0.692431 	 1.061659 	 4.079149
  348 	 0.108220 	 1.002384 	 2.544820
  349 	 0.244305 	 0.976202 	 1.415367
  350 	 0.390790 	 1.100751 	 8.175273
  351 	 0.699561 	 1.057852 	 3.869899
  352 	 0.122109 	 1.001660 	 2.529789
  353 	 0.257467 	 0.976147 	 1.401225
  354 	 0.393099 	 1.089627 	 7.341633
  355 	 0.706552 	 1.054175 	 3.682338
  356 	 0.135948 	 1.000572 	 2.455802
  357 	 0.270531 	 0.976376 	 1.387633
  358 	 0.404874 	 1.080720 	 6.664518
  359 	 0.713403 	 1.051393 	 3.513324
  360 	 0.149732 	 0.999404 	 2.386781
  361 	 0.283493 	 0.976209 	 1.374565
  362 	 0.416514 	 1.072792 	 6.103829
  363 	 0.720116 	 1.048437 	 3.360294
  364 	 0.038163 	 0.987964 	 2.322267
  365 	 0.296349 	 0.976217 	 1.361997
  366 	 0.428015 	 1.267715 	 19.133943
  367 	 0.726693 	 1.045917 	 3.221136
  368 	 0.052225 	 0.987325 	 2.261855
  369 	 0.309096 	 0.976406 	 1.349905
  370 	 0.439376 	 1.216667 	 15.077349
  371 	 0.733135 	 1.042920 	 3.094093
  372 	 0.066263 	 0.986531 	 2.205188
  373 	 0.321730 	 0.977034 	 1.338267
  374 	 0.450595 	 1.182782 	 12.443586
  375 	 0.739444 	 1.040516 	 2.977694
  376 	 0.080272 	 0.985950 	 2.151950
  377 	 0.334248 	 0.977165 	 1.327062
  378 	 0.461670 	 1.157785 	 10.596394
  379 	 0.745622 	 1.038357 	 2.870696
  380 	 0.094246 	 0.985492 	 2.101856
  381 	 0.346645 	 0.976917 	 1.316271
  382 	 0.472600 	 1.137249 	 9.229663
  383 	 0.751670 	 1.035600 	 2.772042
  384 	 0.108181 	 0.986307 	 2.054656
  385 	 0.358919 	 0.971337 	 1.305875
  386 	 0.483382 	 1.121607 	 8.177882
  387 	 0.757590 	 1.051639 	 2.680826
  388 	 0.122071 	 0.985481 	 2.010122
  389 	 0.371068 	 0.971098 	 1.295857
  390 	 0.358610 	 1.100495 	 7.343731
  391 	 0.428708 	 1.035952 	 2.596272
  392 	 0.135910 	 1.005984 	 2.683053
  393 	 0.383087 	 0.989743 	 2.258315
  394 	 0.370761 	 1.090107 	 6.666239
  395 	 0.440060 	 1.033930 	 2.517705
  396 	 0.149693 	 1.003596 	 2.598339
  397 	 0.394975 	 0.988207 	 2.201865
  398 	 0.382784 	 1.082976 	 6.105267
  399 	 0.451271 	 1.033312 	 2.444539
 