   0 	 0.016064 	 0.074310 	 2.214841
    1 	 0.016603 	 0.673622 	 3.527338
    2 	 0.066589 	 1.745305 	 3.295187
    3 	 0.037864 	 1.406183 	 3.162447
    4 	 0.266902 	 0.560296 	 1.930171
    5 	 0.275304 	 0.690229 	 2.036932
    6 	 0.384519 	 1.074687 	 1.738472
    7 	 0.411759 	 0.974423 	 1.384941
    8 	 0.041906 	 0.672929 	 1.703391
    9 	 0.108257 	 0.721694 	 1.249034
   10 	 0.323699 	 0.913125 	 2.026730
   11 	 0.524973 	 0.888271 	 2.767351
   12 	 0.267507 	 0.745470 	 1.289992
   13 	 0.251041 	 0.762644 	 1.024095
   14 	 0.267449 	 0.849015 	 1.390808
   15 	 0.677693 	 0.841626 	 1.423406
   16 	 0.542798 	 0.782789 	 1.390920
   17 	 0.250434 	 0.770946 	 0.930412
   18 	 0.542764 	 0.818266 	 1.005735
   19 	 0.150617 	 0.801734 	 1.424635
   20 	 0.686231 	 0.795652 	 1.063984
   21 	 0.039954 	 0.801712 	 1.660807
   22 	 0.043048 	 0.768824 	 0.881969
   23 	 0.254525 	 0.815379 	 2.034778
   24 	 0.253383 	 0.837579 	 2.022051
   25 	 0.402208 	 0.808418 	 1.416380
   26 	 0.404277 	 0.789470 	 1.418676
   27 	 0.535366 	 0.800891 	 1.171362
   28 	 0.534709 	 0.810738 	 1.168529
   29 	 0.616196 	 0.801153 	 1.013309
   30 	 0.617273 	 0.794146 	 1.013984
   31 	 0.682683 	 0.799263 	 0.936597
   32 	 0.682368 	 0.803386 	 0.931209
   33 	 0.720411 	 0.799856 	 0.881692
   34 	 0.723218 	 0.797092 	 0.881937
   35 	 0.750080 	 0.799073 	 0.853307
   36 	 0.699618 	 0.799766 	 0.851268
   37 	 0.700531 	 0.797375 	 0.832238
   38 	 0.110080 	 0.790408 	 0.868721
   39 	 0.701016 	 0.798529 	 0.868032
   40 	 0.700509 	 0.805622 	 1.780692
   41 	 0.668658 	 0.790271 	 0.867667
   42 	 0.447990 	 0.787880 	 0.868049
   43 	 0.694352 	 0.795442 	 0.869744
   44 	 0.700429 	 0.801903 	 1.111741
   45 	 0.668783 	 0.792310 	 0.867680
   46 	 0.639697 	 0.789219 	 0.868109
   47 	 0.699089 	 0.801235 	 0.892632
   48 	 0.668782 	 0.804667 	 0.916425
   49 	 0.743975 	 0.798670 	 0.869121
   50 	 0.731034 	 0.796565 	 0.892633
   51 	 0.757220 	 0.800062 	 0.836488
   52 	 0.743974 	 0.801442 	 0.845642
   53 	 0.776405 	 0.799071 	 0.827322
   54 	 0.761501 	 0.797976 	 0.836488
   55 	 0.781970 	 0.799663 	 0.814395
   56 	 0.254330 	 0.795572 	 0.916646
   57 	 0.253886 	 0.794508 	 0.916657
   58 	 0.730916 	 0.804948 	 1.416772
   59 	 0.730911 	 0.805623 	 1.417663
   60 	 0.097934 	 0.789568 	 0.845726
   61 	 0.534999 	 0.796930 	 0.845730
   62 	 0.044145 	 0.804192 	 1.820055
   63 	 0.660803 	 0.799979 	 1.013686
   64 	 0.440227 	 0.808019 	 2.017574
   65 	 0.682507 	 0.799668 	 0.899036
   66 	 0.405010 	 0.800088 	 1.121420
   67 	 0.740447 	 0.800186 	 0.881829
   68 	 0.650652 	 0.801744 	 1.167529
   69 	 0.750003 	 0.799507 	 0.838964
   70 	 0.617654 	 0.799218 	 0.907316
   71 	 0.774915 	 0.799411 	 0.832291
   72 	 0.735935 	 0.800127 	 0.935319
   73 	 0.042979 	 0.792337 	 0.823103
   74 	 0.721075 	 0.800674 	 0.842152
   75 	 0.784558 	 0.812701 	 2.022330
   76 	 0.773006 	 0.799726 	 0.852824
   77 	 0.410201 	 0.796349 	 0.823103
   78 	 0.766681 	 0.800307 	 0.823103
   79 	 0.459788 	 0.799647 	 1.160496
   80 	 0.784558 	 0.799918 	 0.827216
   81 	 0.620349 	 0.802069 	 1.097348
   82 	 0.782035 	 0.800693 	 0.823794
   83 	 0.457600 	 0.796142 	 0.932967
   84 	 0.456782 	 0.794099 	 0.823103
   85 	 0.660801 	 0.801678 	 1.099990
   86 	 0.660797 	 0.799516 	 1.100980
   87 	 0.644542 	 0.793990 	 0.899037
   88 	 0.644131 	 0.798658 	 0.899040
   89 	 0.740446 	 0.803501 	 0.912374
   90 	 0.740444 	 0.800360 	 0.912717
   91 	 0.733206 	 0.797065 	 0.838964
   92 	 0.733022 	 0.799003 	 0.838965
   93 	 0.774915 	 0.801021 	 0.844092
   94 	 0.774914 	 0.799756 	 0.844223
   95 	 0.771848 	 0.798432 	 0.815385
   96 	 0.771770 	 0.799229 	 0.815385
   97 	 0.789338 	 0.800061 	 0.817429
   98 	 0.789338 	 0.799547 	 0.817481
   99 	 0.788066 	 0.799010 	 0.805907
  100 	 0.788034 	 0.799336 	 0.805907
  101 	 0.044164 	 0.791215 	 0.806734
  102 	 0.795287 	 0.799468 	 0.806755
  103 	 0.794765 	 0.812828 	 2.017495
  104 	 0.794752 	 0.799382 	 0.802062
  105 	 0.405023 	 0.795111 	 0.802398
  106 	 0.797727 	 0.799436 	 0.802406
  107 	 0.797513 	 0.803455 	 1.167511
  108 	 0.797508 	 0.799402 	 0.800495
  109 	 0.617661 	 0.797427 	 0.800632
  110 	 0.798725 	 0.799424 	 0.800636
  111 	 0.798638 	 0.800905 	 0.935313
  112 	 0.798636 	 0.799410 	 0.799856
  113 	 0.721078 	 0.798558 	 0.799912
  114 	 0.799133 	 0.799419 	 0.799913
  115 	 0.799098 	 0.800000 	 0.852822
  116 	 0.040152 	 0.790976 	 0.799595
  117 	 0.766682 	 0.799057 	 0.799618
  118 	 0.799300 	 0.813134 	 2.033960
  119 	 0.799285 	 0.800953 	 0.916662
  120 	 0.402340 	 0.797608 	 0.916662
  121 	 0.730908 	 0.798506 	 0.799498
  122 	 0.730908 	 0.802024 	 1.171180
  123 	 0.799362 	 0.800025 	 0.845732
  124 	 0.616265 	 0.799712 	 0.916662
  125 	 0.770872 	 0.799037 	 0.799449
  126 	 0.730908 	 0.799543 	 0.936536
  127 	 0.799393 	 0.799661 	 0.818082
  128 	 0.720442 	 0.799467 	 0.845732
  129 	 0.244349 	 0.793092 	 0.799429
  130 	 0.770872 	 0.799435 	 0.853284
  131 	 0.799406 	 0.806600 	 1.437095
  132 	 0.766410 	 0.799424 	 0.818082
  133 	 0.529494 	 0.796352 	 0.799421
  134 	 0.787661 	 0.799418 	 0.821079
  135 	 0.785846 	 0.801749 	 1.019374
  136 	 0.778020 	 0.798727 	 0.806998
  137 	 0.679868 	 0.797230 	 0.808182
  138 	 0.778020 	 0.799022 	 0.813326
  139 	 0.778020 	 0.799526 	 0.883886
  140 	 0.785846 	 0.798621 	 0.813326
  141 	 0.748847 	 0.798190 	 0.813326
  142 	 0.785845 	 0.798723 	 0.808182
  143 	 0.777348 	 0.798726 	 0.833092
  144 	 0.713190 	 0.797966 	 0.808182
  145 	 0.778457 	 0.799129 	 0.813771
  146 	 0.783336 	 0.799795 	 0.858598
  147 	 0.779593 	 0.799315 	 0.813037
  148 	 0.763302 	 0.799046 	 0.809825
  149 	 0.110034 	 0.791703 	 0.812287
  150 	 0.785846 	 0.799208 	 0.823180
  151 	 0.785846 	 0.810207 	 1.780837
  152 	 0.784511 	 0.799404 	 0.808182
  153 	 0.447961 	 0.795585 	 0.808182
  154 	 0.777495 	 0.799189 	 0.809055
  155 	 0.777139 	 0.802364 	 1.111777
  156 	 0.777139 	 0.799071 	 0.813673
  157 	 0.639682 	 0.797829 	 0.813909
  158 	 0.783646 	 0.799494 	 0.813909
  159 	 0.790258 	 0.800598 	 0.916438
  160 	 0.705974 	 0.798393 	 0.809621
  161 	 0.710371 	 0.797624 	 0.805310
  162 	 0.788821 	 0.800006 	 0.863950
  163 	 0.785170 	 0.800403 	 0.860681
  164 	 0.760196 	 0.798942 	 0.803571
  165 	 0.762090 	 0.798465 	 0.808623
  166 	 0.042979 	 0.790969 	 0.825290
  167 	 0.100972 	 0.792348 	 0.830365
  168 	 0.783215 	 0.813035 	 2.022330
  169 	 0.780114 	 0.810210 	 1.810046
  170 	 0.404232 	 0.795006 	 0.809904
  171 	 0.442175 	 0.795727 	 0.811943
  172 	 0.792768 	 0.803530 	 1.168591
  173 	 0.791488 	 0.802787 	 1.118975
  174 	 0.617249 	 0.797450 	 0.805403
  175 	 0.636750 	 0.797789 	 0.805410
  176 	 0.795607 	 0.800892 	 0.935673
  177 	 0.795602 	 0.800627 	 0.918907
  178 	 0.720891 	 0.799008 	 0.839115
  179 	 0.729711 	 0.798714 	 0.801859
  180 	 0.774824 	 0.800238 	 0.852958
  181 	 0.797856 	 0.800991 	 0.898949
  182 	 0.710371 	 0.798447 	 0.845942
  183 	 0.042979 	 0.791887 	 0.916662
  184 	 0.770748 	 0.805566 	 0.916666
  185 	 0.730908 	 0.821919 	 2.022330
  186 	 0.730906 	 0.805760 	 0.978364
  187 	 0.404232 	 0.799538 	 0.978364
  188 	 0.699368 	 0.812344 	 0.935768
  189 	 0.699368 	 0.817073 	 1.168591
  190 	 0.730894 	 0.812192 	 0.916677
  191 	 0.617249 	 0.803791 	 0.916774
  192 	 0.730900 	 0.804406 	 0.916662
  193 	 0.730848 	 0.812450 	 1.000051
  194 	 0.730908 	 0.815454 	 0.931761
  195 	 0.688918 	 0.808587 	 0.978383
  196 	 0.722929 	 0.820327 	 0.978364
  197 	 0.699358 	 0.829345 	 0.987206
  198 	 0.699368 	 0.829467 	 1.048649
  199 	 0.699368 	 0.832367 	 1.011702
  200 	 0.666601 	 0.825603 	 1.006595
  201 	 0.100417 	 0.824964 	 1.009217
  202 	 0.685826 	 0.836651 	 1.041508
  203 	 0.684596 	 0.852541 	 2.069895
  204 	 0.669789 	 0.833127 	 1.071199
  205 	 0.407731 	 0.837962 	 1.102177
  206 	 0.687806 	 0.851870 	 1.081960
  207 	 0.663661 	 0.851972 	 1.163831
  208 	 0.706946 	 0.848413 	 1.082972
  209 	 0.040417 	 0.854523 	 1.099923
  210 	 0.702054 	 0.867061 	 1.055363
  211 	 0.692575 	 0.878586 	 3.012802
  212 	 0.695380 	 0.855231 	 1.081369
  213 	 0.294507 	 0.860153 	 1.090984
  214 	 0.652371 	 0.869099 	 1.045931
  215 	 0.665074 	 0.871683 	 1.476653
  216 	 0.667811 	 0.873797 	 1.142764
  217 	 0.565562 	 0.869219 	 1.098918
  218 	 0.688510 	 0.866422 	 1.122951
  219 	 0.686776 	 0.874051 	 1.268614
  220 	 0.671185 	 0.884104 	 1.097442
  221 	 0.670550 	 0.873738 	 1.066000
  222 	 0.675611 	 0.866689 	 1.065010
  223 	 0.709070 	 0.875722 	 1.070518
  224 	 0.672819 	 0.883014 	 1.113200
  225 	 0.707431 	 0.880281 	 1.073226
  226 	 0.725403 	 0.878281 	 1.116671
  227 	 0.686848 	 0.881754 	 1.021213
  228 	 0.732366 	 0.886522 	 1.052333
  229 	 0.717765 	 0.891201 	 1.099447
  230 	 0.741762 	 0.894598 	 1.047048
  231 	 0.272727 	 0.884836 	 1.063304
  232 	 0.770130 	 0.889092 	 1.036848
  233 	 0.764957 	 0.904635 	 2.018463
  234 	 0.793936 	 0.895990 	 1.007222
  235 	 0.446197 	 0.891618 	 1.012498
  236 	 0.813060 	 0.891372 	 0.983636
  237 	 0.703910 	 0.898345 	 1.494999
  238 	 0.805817 	 0.897008 	 0.965475
  239 	 0.582174 	 0.893676 	 1.079202
  240 	 0.769034 	 0.890961 	 0.972274
  241 	 0.768107 	 0.894358 	 1.242430
  242 	 0.757141 	 0.892327 	 1.008335
  243 	 0.682533 	 0.893252 	 1.009279
  244 	 0.769207 	 0.892636 	 1.020574
  245 	 0.811702 	 0.896646 	 1.104688
  246 	 0.804328 	 0.897155 	 1.008159
  247 	 0.753359 	 0.894530 	 0.966742
  248 	 0.812441 	 0.893725 	 0.973684
  249 	 0.840731 	 0.895801 	 1.024528
  250 	 0.835852 	 0.896200 	 0.966052
  251 	 0.801778 	 0.894525 	 0.940353
  252 	 0.841218 	 0.893917 	 0.944686
  253 	 0.859806 	 0.895206 	 0.976107
  254 	 0.856614 	 0.895546 	 0.939922
  255 	 0.834163 	 0.894507 	 0.923782
  256 	 0.860125 	 0.894084 	 0.926514
  257 	 0.865589 	 0.894953 	 0.946197
  258 	 0.870160 	 0.895267 	 0.923510
  259 	 0.855508 	 0.894486 	 0.918873
  260 	 0.872440 	 0.894290 	 0.915030
  261 	 0.875984 	 0.895111 	 0.927465
  262 	 0.878943 	 0.895254 	 0.913125
  263 	 0.869440 	 0.894593 	 0.910180
  264 	 0.880417 	 0.894424 	 0.907735
  265 	 0.882706 	 0.894906 	 0.915633
  266 	 0.884615 	 0.895035 	 0.906522
  267 	 0.878477 	 0.894512 	 0.904645
  268 	 0.882754 	 0.894315 	 0.903085
  269 	 0.885970 	 0.894734 	 0.908119
  270 	 0.885071 	 0.894754 	 0.904606
  271 	 0.884315 	 0.894553 	 0.901981
  272 	 0.887071 	 0.894627 	 0.902714
  273 	 0.889141 	 0.895195 	 0.916603
  274 	 0.888533 	 0.894863 	 0.901087
  275 	 0.877730 	 0.894682 	 0.921242
  276 	 0.889848 	 0.895034 	 0.920620
  277 	 0.608474 	 0.892058 	 0.917995
  278 	 0.874646 	 0.894946 	 0.920119
  279 	 0.876659 	 0.898209 	 1.203118
  280 	 0.790371 	 0.893834 	 0.920849
  281 	 0.701352 	 0.889191 	 0.909621
  282 	 0.788497 	 0.894556 	 0.987097
  283 	 0.788502 	 0.898832 	 1.082191
  284 	 0.826585 	 0.895288 	 0.988927
  285 	 0.766348 	 0.892164 	 0.988922
  286 	 0.493597 	 0.890112 	 0.953030
  287 	 0.104190 	 0.887855 	 1.011074
  288 	 0.850535 	 0.900678 	 1.396070
  289 	 0.810522 	 0.917432 	 3.059138
  290 	 0.617753 	 0.892114 	 0.931762
  291 	 0.304707 	 0.890385 	 0.967847
  292 	 0.294473 	 0.891725 	 1.189834
  293 	 0.839950 	 0.904606 	 1.896068
  294 	 0.620058 	 0.900957 	 1.933589
  295 	 0.471972 	 0.886883 	 0.941043
  296 	 0.463760 	 0.894663 	 1.186581
  297 	 0.831677 	 0.903244 	 1.439528
  298 	 0.709582 	 0.896813 	 1.324048
  299 	 0.601602 	 0.888620 	 0.948428
  300 	 0.646518 	 0.892663 	 1.072637
  301 	 0.040368 	 0.891170 	 1.213147
  302 	 0.772000 	 0.896465 	 1.150460
  303 	 0.696453 	 0.923744 	 3.801300
  304 	 0.728247 	 0.894562 	 1.005328
  305 	 0.248509 	 0.885360 	 1.087958
  306 	 0.334872 	 0.889289 	 1.051583
  307 	 0.762975 	 0.915778 	 2.122201
  308 	 0.784755 	 0.904635 	 1.793490
  309 	 0.426457 	 0.887740 	 1.014533
  310 	 0.495985 	 0.891011 	 0.992600
  311 	 0.808255 	 0.905796 	 1.540459
  312 	 0.822842 	 0.900122 	 1.391430
  313 	 0.567164 	 0.889901 	 0.969974
  314 	 0.619529 	 0.892298 	 0.956442
  315 	 0.266360 	 0.894018 	 1.266041
  316 	 0.266358 	 0.890979 	 1.187326
  317 	 0.242392 	 0.899599 	 2.044741
  318 	 0.266358 	 0.898825 	 2.044746
  319 	 0.441026 	 0.904717 	 2.150111
  320 	 0.042848 	 0.894889 	 2.044748
  321 	 0.421441 	 0.895829 	 1.506646
  322 	 0.103435 	 0.918490 	 3.765800
  323 	 0.578253 	 0.899205 	 1.552455
  324 	 0.250721 	 0.916188 	 3.066216
  325 	 0.563331 	 0.894519 	 1.248513
  326 	 0.304052 	 0.900949 	 2.112286
  327 	 0.679711 	 0.897145 	 1.272214
  328 	 0.428268 	 0.903415 	 1.898428
  329 	 0.668935 	 0.894323 	 1.108142
  330 	 0.471447 	 0.896416 	 1.536174
  331 	 0.751404 	 0.896077 	 1.121536
  332 	 0.568546 	 0.898729 	 1.440617
  333 	 0.743917 	 0.894378 	 1.026584
  334 	 0.601208 	 0.895010 	 1.263830
  335 	 0.122977 	 0.886958 	 1.034536
  336 	 0.672708 	 0.896756 	 1.213727
  337 	 0.795396 	 0.916690 	 2.892876
  338 	 0.696172 	 0.894617 	 1.116810
  339 	 0.320968 	 0.888869 	 0.982226
  340 	 0.746542 	 0.895843 	 1.088291
  341 	 0.829927 	 0.905084 	 1.839358
  342 	 0.762782 	 0.894561 	 1.031734
  343 	 0.484952 	 0.890527 	 0.950005
  344 	 0.040369 	 0.885891 	 1.014732
  345 	 0.852730 	 0.901935 	 1.413123
  346 	 0.808125 	 0.926902 	 3.801280
  347 	 0.611313 	 0.890758 	 0.929861
  348 	 0.248510 	 0.887969 	 0.970097
  349 	 0.867633 	 0.899046 	 1.199022
  350 	 0.838366 	 0.908303 	 2.122195
  351 	 0.703372 	 0.892097 	 0.917151
  352 	 0.426458 	 0.889817 	 0.942449
  353 	 0.877308 	 0.897411 	 1.079829
  354 	 0.858260 	 0.901889 	 1.540457
  355 	 0.767737 	 0.893024 	 0.909085
  356 	 0.567165 	 0.891306 	 0.925104
  357 	 0.883560 	 0.896439 	 1.009655
  358 	 0.871229 	 0.898877 	 1.266040
  359 	 0.811454 	 0.893648 	 0.903946
  360 	 0.671709 	 0.892423 	 0.914136
  361 	 0.887590 	 0.895843 	 0.966974
  362 	 0.879634 	 0.897259 	 1.118057
  363 	 0.840567 	 0.894062 	 0.900666
  364 	 0.745847 	 0.893220 	 0.907166
  365 	 0.890182 	 0.895473 	 0.940498
  366 	 0.885061 	 0.896326 	 1.032474
  367 	 0.782760 	 0.893089 	 0.898568
  368 	 0.796702 	 0.893769 	 0.902722
  369 	 0.891848 	 0.896347 	 0.994569
  370 	 0.266359 	 0.888783 	 0.980967
  371 	 0.111718 	 0.884994 	 0.897225
  372 	 0.830795 	 0.906914 	 2.044743
  373 	 0.892917 	 0.919072 	 2.990271
  374 	 0.441025 	 0.890378 	 0.949222
  375 	 0.311238 	 0.887611 	 0.896365
  376 	 0.853299 	 0.901178 	 1.506647
  377 	 0.893603 	 0.906307 	 1.872875
  378 	 0.578253 	 0.891688 	 0.929369
  379 	 0.477196 	 0.889715 	 0.895814
  380 	 0.868004 	 0.898469 	 1.248513
  381 	 0.894043 	 0.901152 	 1.428784
  382 	 0.679711 	 0.892679 	 0.916839
  383 	 0.605516 	 0.891310 	 0.895461
  384 	 0.877548 	 0.897013 	 1.108142
  385 	 0.894326 	 0.898552 	 1.207415
  386 	 0.751404 	 0.893389 	 0.908886
  387 	 0.699245 	 0.892461 	 0.895235
  388 	 0.883715 	 0.896174 	 1.026585
  389 	 0.894507 	 0.897098 	 1.084664
  390 	 0.800458 	 0.893879 	 0.903820
  391 	 0.764898 	 0.893260 	 0.895090
  392 	 0.334790 	 0.889453 	 0.977366
  393 	 0.894623 	 0.896240 	 1.012558
  394 	 0.833287 	 0.904193 	 1.793755
  395 	 0.809548 	 0.893873 	 0.901282
  396 	 0.495920 	 0.890931 	 0.946981
  397 	 0.889694 	 0.895660 	 0.968760
  398 	 0.854934 	 0.899943 	 1.391556
  399 	 0.839307 	 0.894207 	 0.898962
 