   0 	 0.019616 	 0.056090 	 0.289721
    1 	 0.025974 	 0.107946 	 0.712454
    2 	 0.026077 	 0.232447 	 1.274984
    3 	 0.028206 	 0.410924 	 3.003807
    4 	 0.038724 	 0.779290 	 4.492399
    5 	 0.039747 	 1.094341 	 5.268076
    6 	 0.196533 	 1.151716 	 5.631306
    7 	 0.039306 	 0.916467 	 3.207867
    8 	 0.166256 	 0.979984 	 3.549461
    9 	 0.267618 	 1.324710 	 9.056197
   10 	 0.259097 	 1.089473 	 2.476591
   11 	 0.107142 	 0.946498 	 3.073517
   12 	 0.355810 	 0.963898 	 2.473756
   13 	 0.310259 	 1.143308 	 4.774944
   14 	 0.375016 	 1.035113 	 2.134872
   15 	 0.205755 	 0.924218 	 2.528710
   16 	 0.405437 	 0.951907 	 2.077209
   17 	 0.380704 	 1.113771 	 3.455962
   18 	 0.254063 	 1.033773 	 2.188005
   19 	 0.274698 	 0.941107 	 2.262461
   20 	 0.446507 	 0.983787 	 3.104987
   21 	 0.420794 	 1.095256 	 3.273345
   22 	 0.310657 	 1.032482 	 1.915315
   23 	 0.285637 	 0.946394 	 1.796876
   24 	 0.505123 	 0.969436 	 2.928629
   25 	 0.534052 	 1.055287 	 2.340620
   26 	 0.332864 	 1.016506 	 1.684109
   27 	 0.413049 	 0.937166 	 1.640280
   28 	 0.308016 	 0.955202 	 2.713969
   29 	 0.596132 	 1.042566 	 2.253019
   30 	 0.356841 	 1.036033 	 2.961946
   31 	 0.427676 	 0.943903 	 1.563397
   32 	 0.333606 	 0.961297 	 2.245976
   33 	 0.596162 	 1.040226 	 1.949790
   34 	 0.413843 	 1.028219 	 2.431870
   35 	 0.493732 	 0.944670 	 1.488623
   36 	 0.401369 	 0.956842 	 2.170879
   37 	 0.641922 	 1.024040 	 1.756444
   38 	 0.454199 	 1.022696 	 2.207655
   39 	 0.559521 	 0.950945 	 1.405173
   40 	 0.442624 	 0.960579 	 2.008844
   41 	 0.675323 	 1.024266 	 1.658043
   42 	 0.476816 	 1.012718 	 1.883155
   43 	 0.592121 	 0.944593 	 1.312909
   44 	 0.521171 	 0.960020 	 1.909796
   45 	 0.683337 	 1.021795 	 1.459740
   46 	 0.378839 	 1.001595 	 1.770629
   47 	 0.620736 	 0.944410 	 1.400291
   48 	 0.530609 	 0.976814 	 2.441175
   49 	 0.696432 	 1.019843 	 1.534834
   50 	 0.404535 	 1.005384 	 1.781234
   51 	 0.620951 	 0.954315 	 1.322696
   52 	 0.551866 	 0.974171 	 2.082749
   53 	 0.715156 	 1.011825 	 1.435646
   54 	 0.473138 	 1.002452 	 1.670381
   55 	 0.656148 	 0.957881 	 1.312412
   56 	 0.578041 	 0.971985 	 1.935218
   57 	 0.735721 	 1.007207 	 1.429086
   58 	 0.497310 	 0.998577 	 1.500508
   59 	 0.658985 	 0.959967 	 1.259754
   60 	 0.038943 	 0.962816 	 1.745475
   61 	 0.775582 	 1.006073 	 1.449727
   62 	 0.545294 	 1.112670 	 11.662742
   63 	 0.668750 	 0.959250 	 1.223131
   64 	 0.085098 	 0.963554 	 1.735829
   65 	 0.787444 	 0.999619 	 1.361581
   66 	 0.552050 	 1.064124 	 7.581615
   67 	 0.347508 	 0.959805 	 1.222129
   68 	 0.129324 	 0.951828 	 1.719246
   69 	 0.791449 	 1.011181 	 2.643351
   70 	 0.557151 	 1.070194 	 4.592982
   71 	 0.374118 	 0.955718 	 1.192962
   72 	 0.213612 	 0.952387 	 1.700823
   73 	 0.780419 	 1.002678 	 2.229564
   74 	 0.558902 	 1.036813 	 3.413120
   75 	 0.432234 	 0.952542 	 1.169838
   76 	 0.286638 	 0.951166 	 1.579026
   77 	 0.802931 	 0.993716 	 1.973813
   78 	 0.604366 	 1.020695 	 3.150221
   79 	 0.324662 	 0.946016 	 1.175914
   80 	 0.309999 	 0.933044 	 1.543290
   81 	 0.817853 	 1.003954 	 2.498367
   82 	 0.617707 	 1.041835 	 2.510050
   83 	 0.388687 	 0.948032 	 1.134326
   84 	 0.386750 	 0.935364 	 1.444863
   85 	 0.836923 	 0.998861 	 2.096056
   86 	 0.657694 	 1.032662 	 2.354307
   87 	 0.460478 	 0.951728 	 1.152442
   88 	 0.417797 	 0.942055 	 1.434938
   89 	 0.814305 	 0.999837 	 1.865401
   90 	 0.682809 	 1.021712 	 2.031708
   91 	 0.527370 	 0.950572 	 1.171640
   92 	 0.474810 	 0.942407 	 1.318550
   93 	 0.529262 	 0.993645 	 1.658457
   94 	 0.040026 	 0.995273 	 1.977811
   95 	 0.331554 	 0.952200 	 1.785516
   96 	 0.485011 	 1.110558 	 14.119208
   97 	 0.537312 	 1.008218 	 2.381216
   98 	 0.070607 	 0.995029 	 1.783770
   99 	 0.414797 	 0.954860 	 1.734569
  100 	 0.551459 	 1.034921 	 6.896203
  101 	 0.552435 	 1.006427 	 2.039164
  102 	 0.144363 	 0.988705 	 1.616606
  103 	 0.483100 	 0.954417 	 1.690233
  104 	 0.301172 	 1.009605 	 5.320210
  105 	 0.578224 	 1.005413 	 1.749781
  106 	 0.184890 	 1.009074 	 3.012305
  107 	 0.548191 	 0.958688 	 1.645212
  108 	 0.327235 	 1.001844 	 3.856682
  109 	 0.593679 	 1.004006 	 1.603101
  110 	 0.256392 	 1.005270 	 2.793021
  111 	 0.612482 	 0.963181 	 1.569172
  112 	 0.347582 	 0.992207 	 3.023052
  113 	 0.608431 	 0.996059 	 1.554528
  114 	 0.327584 	 0.998517 	 2.642834
  115 	 0.040071 	 0.952972 	 1.533670
  116 	 0.374023 	 0.988612 	 2.726400
  117 	 0.616496 	 1.116707 	 11.951594
  118 	 0.362845 	 0.996689 	 2.470217
  119 	 0.083397 	 0.954858 	 1.514930
  120 	 0.392987 	 0.982002 	 2.216094
  121 	 0.369024 	 1.037554 	 5.820818
  122 	 0.445059 	 0.991871 	 2.139557
  123 	 0.169227 	 0.975279 	 2.508628
  124 	 0.448842 	 0.986629 	 2.065011
  125 	 0.039039 	 1.008952 	 4.030193
  126 	 0.477142 	 0.987650 	 1.911163
  127 	 0.125488 	 1.052440 	 8.815298
  128 	 0.515261 	 0.985448 	 1.813098
  129 	 0.113044 	 1.064932 	 6.447936
  130 	 0.542682 	 0.988871 	 1.695890
  131 	 0.131102 	 1.027098 	 7.010453
  132 	 0.129529 	 0.969340 	 1.747389
  133 	 0.128130 	 1.078722 	 5.400162
  134 	 0.127555 	 1.052808 	 6.284221
  135 	 0.182663 	 1.073503 	 6.339947
  136 	 0.158353 	 1.032288 	 6.363148
  137 	 0.118454 	 1.054428 	 4.711137
  138 	 0.155339 	 1.032008 	 4.296410
  139 	 0.208963 	 1.115599 	 6.699982
  140 	 0.231096 	 1.022355 	 5.407200
  141 	 0.148598 	 1.033263 	 4.191767
  142 	 0.037002 	 1.003192 	 3.260562
  143 	 0.234337 	 1.088195 	 5.574211
  144 	 0.303826 	 1.105721 	 8.976477
  145 	 0.178450 	 1.018844 	 3.453796
  146 	 0.105333 	 0.992560 	 2.643925
  147 	 0.283431 	 1.062432 	 4.778974
  148 	 0.374038 	 1.071805 	 7.345746
  149 	 0.205991 	 1.016158 	 3.194573
  150 	 0.135096 	 0.988268 	 2.224012
  151 	 0.311898 	 1.044039 	 3.640037
  152 	 0.435083 	 1.045852 	 5.222045
  153 	 0.272507 	 1.006579 	 2.928272
  154 	 0.191071 	 0.987527 	 2.146462
  155 	 0.337944 	 1.027137 	 3.310091
  156 	 0.453955 	 1.023445 	 3.766886
  157 	 0.299321 	 0.997105 	 2.418125
  158 	 0.263401 	 0.979946 	 2.062898
  159 	 0.119803 	 1.009633 	 2.923847
  160 	 0.477898 	 1.034317 	 3.399032
  161 	 0.338450 	 1.040745 	 5.117620
  162 	 0.291559 	 0.976888 	 1.965804
  163 	 0.194234 	 0.999360 	 2.532608
  164 	 0.500850 	 1.026393 	 3.102127
  165 	 0.390106 	 1.030306 	 4.443768
  166 	 0.321159 	 0.976956 	 1.880936
  167 	 0.223485 	 0.997963 	 2.375830
  168 	 0.523085 	 1.021205 	 2.841245
  169 	 0.407925 	 1.022747 	 3.951238
  170 	 0.350527 	 0.977611 	 1.670328
  171 	 0.251128 	 0.998218 	 2.383647
  172 	 0.587845 	 1.013112 	 2.622419
  173 	 0.414174 	 1.017191 	 3.547010
  174 	 0.376901 	 0.977909 	 1.518857
  175 	 0.279501 	 0.992669 	 2.247325
  176 	 0.127728 	 0.997301 	 2.307867
  177 	 0.129020 	 0.998650 	 3.222682
  178 	 0.427594 	 1.034192 	 6.308034
  179 	 0.307363 	 1.039711 	 5.393163
  180 	 0.039129 	 0.983331 	 2.181530
  181 	 0.184367 	 0.987742 	 2.749043
  182 	 0.446842 	 1.116900 	 8.716177
  183 	 0.354027 	 1.024202 	 3.846644
  184 	 0.113743 	 0.983682 	 2.181303
  185 	 0.256210 	 0.992897 	 2.436487
  186 	 0.446887 	 1.072052 	 5.877425
  187 	 0.401141 	 1.026861 	 3.733987
  188 	 0.169256 	 0.977555 	 1.913924
  189 	 0.266981 	 0.991578 	 2.422825
  190 	 0.507531 	 1.063569 	 5.529274
  191 	 0.410775 	 1.010062 	 2.919020
  192 	 0.129417 	 0.961474 	 1.857594
  193 	 0.126859 	 0.974287 	 2.056029
  194 	 0.517279 	 1.078432 	 4.877647
  195 	 0.479196 	 1.059978 	 6.342787
  196 	 0.202673 	 0.955965 	 1.686686
  197 	 0.156270 	 0.974937 	 1.960800
  198 	 0.588829 	 1.056936 	 3.859912
  199 	 0.495737 	 1.035157 	 4.312767
  200 	 0.255342 	 0.969286 	 1.665476
  201 	 0.227875 	 0.978605 	 1.811146
  202 	 0.596276 	 1.045791 	 3.431358
  203 	 0.538229 	 1.030125 	 3.295164
  204 	 0.288837 	 0.966269 	 1.555027
  205 	 0.300665 	 0.981867 	 1.709318
  206 	 0.613261 	 1.041827 	 2.979408
  207 	 0.574674 	 1.021401 	 2.800613
  208 	 0.327331 	 0.962386 	 1.552648
  209 	 0.353181 	 0.979365 	 1.660375
  210 	 0.631533 	 1.039281 	 2.792272
  211 	 0.598095 	 1.020751 	 2.441523
  212 	 0.352228 	 0.968875 	 1.554888
  213 	 0.407644 	 0.985127 	 1.640164
  214 	 0.624341 	 1.039049 	 2.632772
  215 	 0.605413 	 1.018786 	 2.200493
  216 	 0.373194 	 0.970748 	 1.526388
  217 	 0.444980 	 0.986310 	 1.571800
  218 	 0.642183 	 1.036487 	 2.598794
  219 	 0.631552 	 1.012044 	 2.101813
  220 	 0.377987 	 0.968648 	 1.393179
  221 	 0.473168 	 0.978581 	 1.554842
  222 	 0.702258 	 1.025859 	 2.465563
  223 	 0.631935 	 1.026203 	 2.062841
  224 	 0.403688 	 0.976185 	 1.400839
  225 	 0.474014 	 0.978107 	 1.452781
  226 	 0.707995 	 1.020935 	 2.219817
  227 	 0.664950 	 1.023997 	 2.059248
  228 	 0.444955 	 0.974638 	 1.353555
  229 	 0.312143 	 0.974741 	 1.443939
  230 	 0.724032 	 1.020336 	 2.101921
  231 	 0.687031 	 1.038565 	 2.943398
  232 	 0.451779 	 0.973005 	 1.324799
  233 	 0.336587 	 0.974429 	 1.399324
  234 	 0.748279 	 1.018517 	 2.086034
  235 	 0.699240 	 1.037867 	 2.872018
  236 	 0.127218 	 0.967339 	 1.315998
  237 	 0.344493 	 0.974436 	 1.406786
  238 	 0.716950 	 1.087312 	 7.203698
  239 	 0.037948 	 1.029968 	 2.808256
  240 	 0.138594 	 0.970911 	 1.309329
  241 	 0.354628 	 1.190232 	 20.182420
  242 	 0.037858 	 1.073537 	 6.658038
  243 	 0.049520 	 1.030360 	 2.730540
  244 	 0.149933 	 1.186168 	 20.219061
  245 	 0.364679 	 1.152084 	 16.361367
  246 	 0.049430 	 1.070082 	 6.190679
  247 	 0.061005 	 1.029192 	 2.657605
  248 	 0.161231 	 1.143742 	 16.385411
  249 	 0.374643 	 1.123261 	 13.773208
  250 	 0.060987 	 1.064571 	 5.785998
  251 	 0.072544 	 1.028116 	 2.589041
  252 	 0.172485 	 1.113933 	 13.776628
  253 	 0.384521 	 1.051498 	 7.388607
  254 	 0.072425 	 1.054949 	 5.432267
  255 	 0.135131 	 1.019942 	 2.524484
  256 	 0.183693 	 1.093155 	 11.901254
  257 	 0.394309 	 1.044851 	 6.815177
  258 	 0.040236 	 1.038215 	 5.120513
  259 	 0.146482 	 1.017022 	 2.463608
  260 	 0.194852 	 1.281244 	 19.291514
  261 	 0.404006 	 1.023667 	 4.778244
  262 	 0.051668 	 1.036592 	 4.843753
  263 	 0.208775 	 1.012348 	 2.406123
  264 	 0.205958 	 1.072227 	 9.342553
  265 	 0.405035 	 1.009266 	 4.537719
  266 	 0.106904 	 1.046825 	 4.596471
  267 	 0.219813 	 1.039595 	 2.400183
  268 	 0.217011 	 1.065451 	 8.438507
  269 	 0.037444 	 0.995825 	 4.321277
  270 	 0.118342 	 1.042633 	 4.374252
  271 	 0.230794 	 1.138192 	 9.975677
  272 	 0.228006 	 1.050610 	 7.695761
  273 	 0.100127 	 0.984708 	 4.125523
  274 	 0.129746 	 1.037293 	 4.173520
  275 	 0.241714 	 1.133921 	 8.950359
  276 	 0.238942 	 1.054799 	 7.074834
  277 	 0.111583 	 0.976555 	 3.283924
  278 	 0.141115 	 1.033257 	 3.991351
  279 	 0.303442 	 1.123726 	 8.118021
  280 	 0.246661 	 1.032472 	 4.904014
  281 	 0.123007 	 0.976239 	 3.174181
  282 	 0.203433 	 1.032530 	 3.872056
  283 	 0.313895 	 1.117221 	 7.429037
  284 	 0.037518 	 1.020850 	 4.650441
  285 	 0.134397 	 0.977353 	 3.072246
  286 	 0.214498 	 1.246236 	 20.359133
  287 	 0.324270 	 1.109614 	 6.849453
  288 	 0.049090 	 1.018759 	 4.478314
  289 	 0.145810 	 0.976956 	 2.977339
  290 	 0.222860 	 1.201270 	 16.477175
  291 	 0.334567 	 1.102527 	 6.352848
  292 	 0.037635 	 0.997371 	 4.265113
  293 	 0.157123 	 0.976688 	 2.905568
  294 	 0.233824 	 1.403717 	 20.310717
  295 	 0.038402 	 1.079465 	 5.926882
  296 	 0.049212 	 0.995442 	 4.074575
  297 	 0.168393 	 1.191307 	 19.999207
  298 	 0.244728 	 1.337011 	 16.444174
  299 	 0.049973 	 1.074054 	 5.555766
  300 	 0.060769 	 0.993681 	 3.901257
  301 	 0.179618 	 1.149119 	 16.240892
  302 	 0.255568 	 1.289332 	 13.818087
  303 	 0.061529 	 1.069181 	 5.229629
  304 	 0.072308 	 0.992133 	 3.742967
  305 	 0.190795 	 1.119852 	 13.674465
  306 	 0.266342 	 1.253021 	 11.917787
  307 	 0.073067 	 1.064004 	 4.940836
  308 	 0.083827 	 0.991192 	 3.597869
  309 	 0.201921 	 1.099743 	 11.810977
  310 	 0.277049 	 1.224892 	 10.479260
  311 	 0.084584 	 1.060086 	 4.683384
  312 	 0.095321 	 0.989966 	 3.464415
  313 	 0.212993 	 1.083814 	 10.396750
  314 	 0.287686 	 1.202157 	 9.352696
  315 	 0.096077 	 1.056510 	 4.452493
  316 	 0.106789 	 0.988887 	 3.341289
  317 	 0.224010 	 1.071308 	 9.287061
  318 	 0.298250 	 1.183327 	 8.446761
  319 	 0.107542 	 1.053229 	 4.244309
  320 	 0.118226 	 0.987898 	 3.227365
  321 	 0.234967 	 1.061237 	 8.393322
  322 	 0.308741 	 1.167475 	 7.702606
  323 	 0.118978 	 1.049987 	 4.055686
  324 	 0.129631 	 0.986782 	 3.121678
  325 	 0.245864 	 1.052991 	 7.658265
  326 	 0.319155 	 1.153951 	 7.080601
  327 	 0.130380 	 1.041173 	 3.884035
  328 	 0.141000 	 0.979539 	 3.023390
  329 	 0.256698 	 1.059098 	 7.043227
  330 	 0.329490 	 1.160703 	 6.553083
  331 	 0.141747 	 1.057120 	 3.727206
  332 	 0.152330 	 0.972738 	 2.931774
  333 	 0.267465 	 1.052519 	 6.521162
  334 	 0.339746 	 1.169166 	 6.100155
  335 	 0.153075 	 1.053964 	 3.583394
  336 	 0.163619 	 0.972286 	 2.846196
  337 	 0.278165 	 1.046830 	 6.072582
  338 	 0.349920 	 1.158449 	 5.707140
  339 	 0.164361 	 1.051024 	 3.451077
  340 	 0.174864 	 0.971901 	 2.766099
  341 	 0.288794 	 1.041864 	 5.683090
  342 	 0.360010 	 1.148821 	 5.362975
  343 	 0.175602 	 1.048278 	 3.328963
  344 	 0.186061 	 0.971576 	 2.690992
  345 	 0.299351 	 1.037494 	 5.341819
  346 	 0.038134 	 1.127119 	 5.059162
  347 	 0.186797 	 1.045709 	 3.215944
  348 	 0.197209 	 1.185603 	 20.106886
  349 	 0.309833 	 1.033622 	 5.040412
  350 	 0.049706 	 1.119391 	 4.789066
  351 	 0.197941 	 1.043301 	 3.111067
  352 	 0.208304 	 1.143174 	 16.311748
  353 	 0.320239 	 1.029774 	 4.772337
  354 	 0.061262 	 1.112344 	 4.547430
  355 	 0.209033 	 1.041456 	 3.013509
  356 	 0.219345 	 1.114212 	 13.724591
  357 	 0.330567 	 1.026692 	 4.532417
  358 	 0.072800 	 1.105889 	 4.330038
  359 	 0.220070 	 1.039319 	 2.922553
  360 	 0.230328 	 1.093191 	 11.848290
  361 	 0.340814 	 1.023920 	 4.316493
  362 	 0.084318 	 1.099955 	 4.133464
  363 	 0.231049 	 1.037307 	 2.837573
  364 	 0.241251 	 1.077249 	 10.425594
  365 	 0.350979 	 1.021417 	 4.121185
  366 	 0.095811 	 1.094480 	 3.954902
  367 	 0.241968 	 1.035409 	 2.758020
  368 	 0.252111 	 1.064754 	 9.310019
  369 	 0.361060 	 1.019148 	 3.943723
  370 	 0.107278 	 1.089413 	 3.792026
  371 	 0.252824 	 1.033616 	 2.683408
  372 	 0.262907 	 1.054710 	 8.412022
  373 	 0.371056 	 1.017086 	 3.781807
  374 	 0.118714 	 1.084711 	 3.642894
  375 	 0.263615 	 1.031922 	 2.613311
  376 	 0.273636 	 1.046482 	 7.673787
  377 	 0.380965 	 1.014736 	 3.633520
  378 	 0.130117 	 1.080328 	 3.505873
  379 	 0.274339 	 1.030804 	 2.547347
  380 	 0.284295 	 1.039611 	 7.056314
  381 	 0.390786 	 1.013028 	 3.497244
  382 	 0.037884 	 1.065227 	 3.379577
  383 	 0.284994 	 1.029149 	 2.485178
  384 	 0.294883 	 1.247799 	 20.208430
  385 	 0.400516 	 1.012030 	 3.371611
  386 	 0.049456 	 1.055637 	 3.262826
  387 	 0.295577 	 1.027782 	 2.426500
  388 	 0.305397 	 1.218793 	 16.378437
  389 	 0.410155 	 1.011136 	 3.285398
  390 	 0.061013 	 1.052503 	 3.154604
  391 	 0.303306 	 1.026659 	 2.371042
  392 	 0.316155 	 1.185004 	 13.771704
  393 	 0.419702 	 1.009615 	 3.175549
  394 	 0.072552 	 1.049251 	 3.051058
  395 	 0.314075 	 1.025263 	 2.318560
  396 	 0.326514 	 1.159613 	 11.883326
  397 	 0.429155 	 1.008542 	 3.070542
  398 	 0.084069 	 1.046922 	 3.011016
  399 	 0.324450 	 1.024197 	 2.283340
 