0	0.004738	0.017899
1	0.009359	0.018886
2	0.016713	0.020098
3	0.018276	0.020802
4	0.018992	0.021207
5	0.019596	0.021407
6	0.020183	0.021865
7	0.020588	0.022402
8	0.021018	0.022714
9	0.021447	0.022873
10	0.021872	0.023246
11	0.022193	0.023475
12	0.022541	0.023834
13	0.022733	0.024063
14	0.023001	0.024178
15	0.023253	0.024480
16	0.023490	0.024765
17	0.023759	0.024948
18	0.024028	0.025120
19	0.024273	0.025283
20	0.024397	0.025429
21	0.024579	0.025529
22	0.024764	0.025679
23	0.024888	0.025748
24	0.024977	0.025883
25	0.025104	0.026055
26	0.025191	0.026302
27	0.025407	0.026354
28	0.025440	0.026495
29	0.025556	0.026569
30	0.025697	0.026735
31	0.025838	0.026910
32	0.025986	0.027049
33	0.026129	0.027129
34	0.026192	0.027220
35	0.026347	0.027278
36	0.026555	0.027398
37	0.026514	0.027451
38	0.026652	0.027461
39	0.026744	0.027631
40	0.026755	0.027687
41	0.026868	0.027839
42	0.027033	0.027885
43	0.027072	0.027969
44	0.027104	0.028133
45	0.027249	0.028221
46	0.027312	0.028221
47	0.027411	0.028258
48	0.027423	0.028289
49	0.027497	0.028297
50	0.027648	0.028331
51	0.027615	0.028337
52	0.027675	0.028387
53	0.027760	0.028396
54	0.027670	0.028456
55	0.027670	0.028485
56	0.027829	0.028566
57	0.027716	0.028577
58	0.027832	0.028698
59	0.027853	0.028701
60	0.027959	0.028731
61	0.027910	0.028731
62	0.028071	0.028731
63	0.028036	0.028741
64	0.028029	0.028741
65	0.028117	0.028754
66	0.028065	0.028754
67	0.028124	0.028765
68	0.028195	0.028770
69	0.028191	0.028831
70	0.028029	0.028831
71	0.028091	0.028831
72	0.028145	0.028852
73	0.028261	0.028891
74	0.028224	0.028891
75	0.028170	0.028891
76	0.028215	0.028909
77	0.028279	0.028925
78	0.028248	0.028925
79	0.028252	0.028940
80	0.028240	0.028940
81	0.028225	0.028942
82	0.028308	0.028965
83	0.028359	0.028965
84	0.028181	0.028992
85	0.028223	0.028992
86	0.028360	0.028992
87	0.028334	0.028994
88	0.028336	0.029000
89	0.028370	0.029025
90	0.028313	0.029028
91	0.028350	0.029032
92	0.028361	0.029072
93	0.028289	0.029080
94	0.028361	0.029081
95	0.028390	0.029081
96	0.028404	0.029081
97	0.028378	0.029081
98	0.028306	0.029081
99	0.028449	0.029081
100	0.028465	0.029081
101	0.028401	0.029081
102	0.028310	0.029081
103	0.028489	0.029081
104	0.028454	0.029083
105	0.028369	0.029083
106	0.028416	0.029088
107	0.028450	0.029088
108	0.028343	0.029096
109	0.028447	0.029096
110	0.028372	0.029096
111	0.028408	0.029137
112	0.028468	0.029143
113	0.028404	0.029143
114	0.028581	0.029143
115	0.028522	0.029143
116	0.028512	0.029143
117	0.028529	0.029143
118	0.028384	0.029143
119	0.028561	0.029143
120	0.028437	0.029143
121	0.028478	0.029143
122	0.028396	0.029143
123	0.028474	0.029143
124	0.028475	0.029149
125	0.028478	0.029149
126	0.028477	0.029149
127	0.028547	0.029159
128	0.028378	0.029159
129	0.028502	0.029159
130	0.028463	0.029159
131	0.028571	0.029159
132	0.028481	0.029159
133	0.028531	0.029159
134	0.028451	0.029159
135	0.028490	0.029159
136	0.028481	0.029159
137	0.028486	0.029159
138	0.028487	0.029159
139	0.028525	0.029159
140	0.028518	0.029159
141	0.028473	0.029159
142	0.028542	0.029159
143	0.028472	0.029159
144	0.028497	0.029159
145	0.028450	0.029159
146	0.028549	0.029159
147	0.028576	0.029159
148	0.028490	0.029159
149	0.028526	0.029159
150	0.028520	0.029159
151	0.028563	0.029159
152	0.028510	0.029159
153	0.028438	0.029159
154	0.028472	0.029159
155	0.028477	0.029177
156	0.028416	0.029177
157	0.028561	0.029177
158	0.028556	0.029177
159	0.028497	0.029177
160	0.028497	0.029177
161	0.028476	0.029177
162	0.028557	0.029177
163	0.028525	0.029177
164	0.028512	0.029177
165	0.028511	0.029177
166	0.028495	0.029177
167	0.028474	0.029177
168	0.028454	0.029177
169	0.028497	0.029177
170	0.028482	0.029177
171	0.028519	0.029177
172	0.028497	0.029177
173	0.028406	0.029177
174	0.028424	0.029177
175	0.028514	0.029177
176	0.028462	0.029177
177	0.028528	0.029177
178	0.028549	0.029177
179	0.028414	0.029177
180	0.028479	0.029177
181	0.028604	0.029177
182	0.028474	0.029177
183	0.028455	0.029177
184	0.028448	0.029177
185	0.028549	0.029177
186	0.028551	0.029177
187	0.028611	0.029177
188	0.028481	0.029177
189	0.028471	0.029177
190	0.028638	0.029177
191	0.028460	0.029177
192	0.028448	0.029177
193	0.028424	0.029177
194	0.028438	0.029177
195	0.028524	0.029177
196	0.028596	0.029177
197	0.028489	0.029177
198	0.028542	0.029177
199	0.028480	0.029177
200	0.028543	0.029177
201	0.028448	0.029177
202	0.028577	0.029177
203	0.028530	0.029177
204	0.028519	0.029177
205	0.028472	0.029177
206	0.028480	0.029177
207	0.028528	0.029177
208	0.028526	0.029177
209	0.028467	0.029177
210	0.028411	0.029177
211	0.028443	0.029177
212	0.028440	0.029177
213	0.028530	0.029177
214	0.028517	0.029177
215	0.028525	0.029177
216	0.028584	0.029177
217	0.028589	0.029177
218	0.028426	0.029177
219	0.028527	0.029177
220	0.028486	0.029177
221	0.028577	0.029177
222	0.028487	0.029177
223	0.028462	0.029177
224	0.028521	0.029177
225	0.028527	0.029177
226	0.028538	0.029177
227	0.028522	0.029177
228	0.028590	0.029177
229	0.028489	0.029177
230	0.028653	0.029177
231	0.028513	0.029177
232	0.028504	0.029177
233	0.028543	0.029177
234	0.028528	0.029177
235	0.028480	0.029177
236	0.028529	0.029177
237	0.028579	0.029177
238	0.028451	0.029177
239	0.028478	0.029177
240	0.028530	0.029177
241	0.028547	0.029177
242	0.028548	0.029177
243	0.028447	0.029177
244	0.028557	0.029177
245	0.028584	0.029177
246	0.028511	0.029177
247	0.028448	0.029177
248	0.028504	0.029177
249	0.028484	0.029177
250	0.028532	0.029177
251	0.028496	0.029177
252	0.028498	0.029177
253	0.028397	0.029177
254	0.028423	0.029177
255	0.028520	0.029177
256	0.028550	0.029177
257	0.028453	0.029177
258	0.028528	0.029177
259	0.028429	0.029177
260	0.028565	0.029177
261	0.028394	0.029177
262	0.028521	0.029177
263	0.028487	0.029177
264	0.028486	0.029177
265	0.028561	0.029177
266	0.028468	0.029177
267	0.028529	0.029177
268	0.028508	0.029177
269	0.028549	0.029177
270	0.028572	0.029177
271	0.028579	0.029177
272	0.028466	0.029177
273	0.028490	0.029177
274	0.028548	0.029177
275	0.028535	0.029177
276	0.028527	0.029177
277	0.028553	0.029177
278	0.028500	0.029177
279	0.028427	0.029177
280	0.028470	0.029177
281	0.028498	0.029177
282	0.028557	0.029177
283	0.028534	0.029177
284	0.028574	0.029177
285	0.028456	0.029177
286	0.028470	0.029177
287	0.028538	0.029177
288	0.028514	0.029177
289	0.028528	0.029177
290	0.028519	0.029177
291	0.028595	0.029177
292	0.028521	0.029177
293	0.028467	0.029177
294	0.028518	0.029177
295	0.028531	0.029177
296	0.028575	0.029177
297	0.028446	0.029177
298	0.028397	0.029177
299	0.028540	0.029177
