   0 	 0.001300 	 0.001869 	 0.004028
    1 	 0.001357 	 0.002015 	 0.004028
    2 	 0.001323 	 0.002367 	 0.004117
    3 	 0.001323 	 0.002505 	 0.004117
    4 	 0.001323 	 0.003024 	 0.005776
    5 	 0.001393 	 0.003146 	 0.005776
    6 	 0.001505 	 0.003434 	 0.005776
    7 	 0.001505 	 0.003553 	 0.005867
    8 	 0.001877 	 0.003713 	 0.006836
    9 	 0.001877 	 0.003742 	 0.005519
   10 	 0.001877 	 0.003727 	 0.005867
   11 	 0.002560 	 0.003888 	 0.007235
   12 	 0.002560 	 0.004124 	 0.011829
   13 	 0.002336 	 0.004186 	 0.008565
   14 	 0.002459 	 0.004161 	 0.008565
   15 	 0.002336 	 0.004386 	 0.010496
   16 	 0.002099 	 0.004570 	 0.013550
   17 	 0.002251 	 0.005143 	 0.013549
   18 	 0.002560 	 0.005332 	 0.013550
   19 	 0.002543 	 0.005530 	 0.013550
   20 	 0.002749 	 0.006165 	 0.013550
   21 	 0.002749 	 0.006463 	 0.013550
   22 	 0.002749 	 0.006538 	 0.015209
   23 	 0.003341 	 0.007567 	 0.015209
   24 	 0.003118 	 0.009009 	 0.049710
   25 	 0.003092 	 0.015854 	 0.248792
   26 	 0.004462 	 0.037981 	 0.249472
   27 	 0.005601 	 0.093742 	 0.249544
   28 	 -0.760570 	 0.157367 	 0.749958
   29 	 -0.746939 	 0.186652 	 0.749958
   30 	 -0.251189 	 0.224629 	 0.746893
   31 	 0.009609 	 0.304963 	 0.752282
   32 	 0.006050 	 0.410141 	 0.935742
   33 	 -0.293212 	 0.413951 	 0.752180
   34 	 0.013434 	 0.459408 	 0.754200
   35 	 -0.282533 	 0.409367 	 0.974045
   36 	 0.009873 	 0.412145 	 0.750023
   37 	 -0.285504 	 0.426726 	 0.964017
   38 	 -0.285536 	 0.456795 	 0.752031
   39 	 -0.280399 	 0.414885 	 0.966786
   40 	 0.007196 	 0.426563 	 0.966816
   41 	 -0.248459 	 0.417479 	 0.751998
   42 	 0.007485 	 0.423169 	 0.751362
   43 	 -0.247955 	 0.432035 	 0.933358
   44 	 0.009386 	 0.466716 	 0.753384
   45 	 0.008935 	 0.418831 	 0.753273
   46 	 -0.303184 	 0.404568 	 0.752307
   47 	 -0.284817 	 0.470653 	 0.752562
   48 	 0.014500 	 0.476298 	 0.983598
   49 	 0.013452 	 0.416552 	 0.966144
   50 	 -0.286178 	 0.443805 	 0.749424
   51 	 0.011823 	 0.473463 	 0.750012
   52 	 -0.280995 	 0.435794 	 0.753305
   53 	 0.010738 	 0.414771 	 0.749729
   54 	 0.006802 	 0.444960 	 0.753620
   55 	 0.007497 	 0.415568 	 0.750276
   56 	 -0.248085 	 0.426906 	 0.753772
   57 	 0.007527 	 0.444176 	 0.752910
   58 	 0.009882 	 0.419256 	 0.933032
   59 	 -0.286165 	 0.401838 	 0.753361
   60 	 -0.286209 	 0.418290 	 0.752026
   61 	 -0.284856 	 0.441076 	 0.966275
   62 	 -0.303020 	 0.438599 	 0.967445
   63 	 -0.302596 	 0.416930 	 0.966181
   64 	 0.006571 	 0.404860 	 0.753767
   65 	 -0.280876 	 0.462503 	 0.754150
   66 	 -0.303083 	 0.408474 	 0.753086
   67 	 -0.303161 	 0.408977 	 0.751360
   68 	 -0.284857 	 0.425559 	 0.983501
   69 	 -0.285895 	 0.420288 	 0.983576
   70 	 0.012628 	 0.411211 	 0.966181
   71 	 0.008511 	 0.426826 	 0.967151
   72 	 0.009889 	 0.460301 	 0.750296
   73 	 0.006833 	 0.404881 	 0.751326
   74 	 0.007096 	 0.442652 	 0.752022
   75 	 0.006825 	 0.433614 	 0.753755
   76 	 -0.284847 	 0.419607 	 0.753376
   77 	 -0.280444 	 0.407500 	 0.753759
   78 	 0.009676 	 0.436184 	 0.966173
   79 	 -0.280389 	 0.430127 	 0.962079
   80 	 0.006938 	 0.458263 	 0.752143
   81 	 -0.286051 	 0.430107 	 0.752317
   82 	 -0.303161 	 0.440477 	 0.753695
   83 	 0.008335 	 0.483050 	 0.967298
   84 	 -0.284464 	 0.455842 	 0.983576
   85 	 -0.284960 	 0.447325 	 0.750517
   86 	 -0.301037 	 0.420461 	 0.965815
   87 	 -0.284847 	 0.456604 	 0.966278
   88 	 0.005417 	 0.428552 	 0.981526
   89 	 0.006593 	 0.393489 	 0.966173
   90 	 0.013064 	 0.466606 	 0.754560
   91 	 -0.247387 	 0.471206 	 0.751171
   92 	 0.012555 	 0.463700 	 0.750231
   93 	 -1.203407 	 0.386306 	 0.932425
   94 	 -0.284476 	 0.454653 	 0.750517
   95 	 0.008977 	 0.510696 	 0.751539
   96 	 -0.250046 	 0.405587 	 0.965826
   97 	 -0.303277 	 0.410189 	 0.752538
   98 	 -0.301660 	 0.475986 	 0.934743
   99 	 -0.280553 	 0.452970 	 0.983689
  100 	 -0.280816 	 0.418184 	 0.982126
  101 	 -0.286169 	 0.411218 	 0.934377
  102 	 0.009676 	 0.362043 	 0.962424
  103 	 0.010799 	 0.415562 	 0.967408
  104 	 -0.284958 	 0.460507 	 0.752143
  105 	 0.005210 	 0.439974 	 0.751508
  106 	 -0.280747 	 0.426106 	 0.966276
  107 	 -0.303157 	 0.416332 	 0.754677
  108 	 0.015202 	 0.477218 	 0.962361
  109 	 0.005191 	 0.384954 	 0.983572
  110 	 0.007977 	 0.381478 	 0.749030
  111 	 -0.284467 	 0.449629 	 0.752563
  112 	 0.005752 	 0.467991 	 0.753105
  113 	 0.008725 	 0.408643 	 0.965817
  114 	 0.010495 	 0.411697 	 0.754261
  115 	 -0.286163 	 0.400154 	 0.752681
  116 	 -0.280478 	 0.456768 	 0.750524
  117 	 -0.303383 	 0.458539 	 0.967402
  118 	 0.007196 	 0.444049 	 0.962111
  119 	 -0.284466 	 0.461632 	 0.983791
  120 	 -0.284469 	 0.422696 	 0.753548
  121 	 -0.280460 	 0.438291 	 0.965817
  122 	 0.010443 	 0.487730 	 0.965820
  123 	 0.009627 	 0.435319 	 0.753376
  124 	 -0.301067 	 0.415136 	 0.751709
  125 	 -0.302735 	 0.378940 	 0.752171
  126 	 -0.280478 	 0.441954 	 0.981554
  127 	 0.009677 	 0.482487 	 0.983164
  128 	 0.010494 	 0.441272 	 0.962111
  129 	 -0.284856 	 0.413617 	 0.752142
  130 	 -0.284847 	 0.440227 	 0.749741
  131 	 0.007654 	 0.409966 	 0.752037
  132 	 -0.284504 	 0.422483 	 0.966173
  133 	 0.005961 	 0.436818 	 0.753288
  134 	 0.012546 	 0.452468 	 0.932878
  135 	 0.007843 	 0.442206 	 0.754250
  136 	 -0.302610 	 0.420899 	 0.750522
  137 	 0.008139 	 0.413040 	 0.753181
  138 	 0.012514 	 0.445627 	 0.983044
  139 	 0.007978 	 0.405329 	 0.753013
  140 	 0.008764 	 0.437366 	 0.750540
  141 	 0.007497 	 0.402991 	 0.753104
  142 	 0.007679 	 0.418200 	 0.752659
  143 	 0.006803 	 0.401557 	 0.753377
  144 	 -0.302436 	 0.431193 	 0.753274
  145 	 0.010437 	 0.434414 	 0.753181
  146 	 -0.284848 	 0.471670 	 0.982875
  147 	 -0.302735 	 0.387025 	 0.751712
  148 	 -0.303403 	 0.427984 	 0.966173
  149 	 0.014611 	 0.487566 	 0.983164
 