   0 	 0.001107 	 0.001805 	 0.003402
    1 	 0.001107 	 0.001841 	 0.004462
    2 	 0.001166 	 0.001988 	 0.004935
    3 	 0.001261 	 0.002226 	 0.004935
    4 	 0.001261 	 0.002351 	 0.004462
    5 	 0.001240 	 0.002550 	 0.005139
    6 	 0.001470 	 0.002926 	 0.005139
    7 	 0.001524 	 0.003146 	 0.005139
    8 	 0.001609 	 0.003378 	 0.005961
    9 	 0.001813 	 0.003586 	 0.006836
   10 	 0.001925 	 0.003786 	 0.006964
   11 	 0.002075 	 0.003901 	 0.006964
   12 	 0.002075 	 0.004140 	 0.008767
   13 	 0.002075 	 0.004424 	 0.008767
   14 	 0.002321 	 0.004508 	 0.008767
   15 	 0.002321 	 0.004567 	 0.008565
   16 	 0.002560 	 0.004888 	 0.008565
   17 	 0.002411 	 0.005468 	 0.014061
   18 	 0.002459 	 0.006280 	 0.011829
   19 	 0.002459 	 0.007147 	 0.032412
   20 	 0.003744 	 0.007791 	 0.032413
   21 	 0.003531 	 0.010818 	 0.032413
   22 	 0.002770 	 0.016106 	 0.067806
   23 	 0.002690 	 0.019707 	 0.067779
   24 	 0.002690 	 0.024840 	 0.067803
   25 	 0.002690 	 0.030982 	 0.067822
   26 	 0.002690 	 0.034429 	 0.067802
   27 	 0.006057 	 0.040047 	 0.106323
   28 	 0.006158 	 0.047193 	 0.247733
   29 	 0.007231 	 0.056947 	 0.249084
   30 	 0.009672 	 0.084703 	 0.248978
   31 	 0.009427 	 0.114848 	 0.249259
   32 	 0.011093 	 0.166769 	 0.249135
   33 	 0.008008 	 0.168215 	 0.249150
   34 	 0.012593 	 0.185281 	 0.248978
   35 	 0.007829 	 0.182477 	 0.249238
   36 	 0.012593 	 0.196447 	 0.248954
   37 	 0.008762 	 0.177937 	 0.249250
   38 	 0.004353 	 0.185357 	 0.248954
   39 	 0.010184 	 0.202172 	 0.249067
   40 	 -0.248552 	 0.165111 	 0.249466
   41 	 0.012594 	 0.190511 	 0.643087
   42 	 0.010773 	 0.223252 	 0.747875
   43 	 0.012182 	 0.291668 	 0.750247
   44 	 0.009655 	 0.281601 	 0.751523
   45 	 -0.262263 	 0.383494 	 0.750728
   46 	 0.012630 	 0.380227 	 0.751150
   47 	 -0.249945 	 0.430334 	 0.945541
   48 	 0.009146 	 0.435076 	 0.750248
   49 	 -0.293595 	 0.423318 	 0.934655
   50 	 -0.300958 	 0.407616 	 0.752443
   51 	 0.011753 	 0.435016 	 0.974408
   52 	 0.008139 	 0.445791 	 0.752910
   53 	 -0.302977 	 0.419372 	 0.750970
   54 	 -0.249350 	 0.374023 	 0.753013
   55 	 -0.303111 	 0.408658 	 0.752685
   56 	 -0.248352 	 0.522471 	 0.753013
   57 	 -0.247838 	 0.461937 	 0.983528
   58 	 0.011394 	 0.380153 	 0.933265
   59 	 0.006689 	 0.454241 	 0.932818
   60 	 -0.280636 	 0.469394 	 0.751172
   61 	 -0.302735 	 0.459318 	 0.753836
   62 	 0.008321 	 0.404352 	 0.962234
   63 	 -0.284954 	 0.412259 	 0.983164
   64 	 -0.280478 	 0.384101 	 0.752910
   65 	 0.010131 	 0.426701 	 0.965852
   66 	 0.008725 	 0.465042 	 0.962111
   67 	 0.007326 	 0.494981 	 0.751885
   68 	 -0.284845 	 0.381914 	 0.751328
   69 	 0.008157 	 0.396644 	 0.752690
   70 	 -0.280458 	 0.453652 	 0.946315
   71 	 -0.280757 	 0.379808 	 0.753003
   72 	 0.007349 	 0.445666 	 0.962093
   73 	 -0.249626 	 0.447443 	 0.944028
   74 	 0.007811 	 0.448363 	 0.752794
   75 	 -0.284489 	 0.401211 	 0.754600
   76 	 -0.286127 	 0.442042 	 0.753199
   77 	 -0.301386 	 0.407126 	 0.965838
   78 	 0.010495 	 0.401599 	 0.967369
   79 	 0.008011 	 0.470058 	 0.981862
   80 	 0.012949 	 0.478416 	 0.750971
   81 	 0.011031 	 0.466921 	 0.753086
   82 	 0.012984 	 0.469891 	 0.750296
   83 	 0.012544 	 0.436050 	 0.751377
   84 	 0.005685 	 0.417327 	 0.750276
   85 	 -0.303082 	 0.387173 	 0.750524
   86 	 0.008936 	 0.492078 	 0.751362
   87 	 0.009627 	 0.494824 	 0.983500
   88 	 0.010437 	 0.470143 	 0.752562
   89 	 -0.284957 	 0.369651 	 0.751713
   90 	 0.010443 	 0.450612 	 0.749731
   91 	 0.012516 	 0.475168 	 0.965818
   92 	 0.012949 	 0.449380 	 0.751709
   93 	 0.007951 	 0.405999 	 0.750539
   94 	 -0.303293 	 0.420351 	 0.749965
   95 	 0.011115 	 0.434816 	 0.753120
   96 	 0.012984 	 0.455303 	 0.983704
   97 	 -0.247808 	 0.389456 	 0.750522
   98 	 -0.284815 	 0.448493 	 0.750033
   99 	 -0.293188 	 0.452679 	 0.752170
  100 	 -0.247575 	 0.405550 	 0.966143
  101 	 -0.286105 	 0.440569 	 0.750276
  102 	 0.007377 	 0.436036 	 0.932589
  103 	 0.011063 	 0.450824 	 0.749958
  104 	 -0.302527 	 0.406729 	 0.753445
  105 	 0.005935 	 0.436742 	 0.751359
  106 	 0.007656 	 0.462549 	 0.752791
  107 	 0.007377 	 0.437781 	 0.754265
  108 	 0.008725 	 0.373227 	 0.752170
  109 	 -0.284957 	 0.469341 	 0.750540
  110 	 -0.303083 	 0.436981 	 0.752681
  111 	 0.008321 	 0.401223 	 0.966275
  112 	 -0.284847 	 0.462286 	 0.983501
  113 	 0.012629 	 0.440754 	 0.752900
  114 	 0.008935 	 0.438110 	 0.966173
  115 	 0.004924 	 0.472963 	 0.750476
  116 	 -0.284848 	 0.459782 	 0.752562
  117 	 -0.284958 	 0.426008 	 0.750522
  118 	 0.007206 	 0.454466 	 0.751709
  119 	 -0.284503 	 0.382548 	 0.753767
  120 	 0.005942 	 0.410761 	 0.753543
  121 	 0.010713 	 0.461123 	 0.962494
  122 	 -0.247989 	 0.454197 	 0.754261
  123 	 0.008726 	 0.431261 	 0.751556
  124 	 -0.301657 	 0.374146 	 0.932949
  125 	 -0.280558 	 0.446982 	 0.752680
  126 	 -0.284816 	 0.450700 	 0.982123
  127 	 -0.280465 	 0.445784 	 0.962185
  128 	 -0.284958 	 0.443893 	 0.933428
  129 	 0.006928 	 0.414107 	 0.754841
  130 	 -0.280506 	 0.425854 	 0.966276
  131 	 0.010798 	 0.522046 	 0.753198
  132 	 -0.280454 	 0.445485 	 0.962137
  133 	 -0.302747 	 0.413148 	 0.749729
  134 	 -0.284470 	 0.422591 	 0.962088
  135 	 -0.253168 	 0.505056 	 0.983176
  136 	 -0.284815 	 0.432847 	 0.751871
  137 	 -0.284958 	 0.379737 	 0.937478
  138 	 0.010437 	 0.454629 	 0.966143
  139 	 0.012546 	 0.435374 	 0.750278
  140 	 -0.284857 	 0.405047 	 0.751362
  141 	 -0.302199 	 0.427822 	 0.750518
  142 	 -0.301386 	 0.415808 	 0.966181
  143 	 0.012623 	 0.432090 	 0.982646
  144 	 -0.302053 	 0.436563 	 0.966173
  145 	 -0.296898 	 0.456149 	 0.749361
  146 	 -0.301379 	 0.430151 	 0.750475
  147 	 -0.284848 	 0.425877 	 0.977555
  148 	 0.008525 	 0.440543 	 0.981856
  149 	 0.007654 	 0.391811 	 0.966173
 