   0 	 0.001036 	 0.001825 	 0.003565
    1 	 0.001173 	 0.001996 	 0.003565
    2 	 0.001282 	 0.002127 	 0.003985
    3 	 0.001296 	 0.002204 	 0.003861
    4 	 0.001393 	 0.002347 	 0.004163
    5 	 0.001393 	 0.002435 	 0.004163
    6 	 0.001393 	 0.002620 	 0.004307
    7 	 0.001645 	 0.002741 	 0.005285
    8 	 0.001659 	 0.002852 	 0.005285
    9 	 0.001721 	 0.002989 	 0.005285
   10 	 0.001822 	 0.003163 	 0.007097
   11 	 0.001721 	 0.003283 	 0.007097
   12 	 0.001867 	 0.003525 	 0.007097
   13 	 0.001813 	 0.003668 	 0.007097
   14 	 0.001987 	 0.003782 	 0.007097
   15 	 0.002008 	 0.003913 	 0.007097
   16 	 0.002008 	 0.004013 	 0.007097
   17 	 0.002279 	 0.004040 	 0.007097
   18 	 0.002307 	 0.004075 	 0.007235
   19 	 0.002279 	 0.004246 	 0.007682
   20 	 0.002279 	 0.004315 	 0.008565
   21 	 0.002198 	 0.004458 	 0.014613
   22 	 0.002053 	 0.004764 	 0.014613
   23 	 0.002475 	 0.005653 	 0.014613
   24 	 0.002596 	 0.006384 	 0.014613
   25 	 0.002459 	 0.008523 	 0.039242
   26 	 0.002492 	 0.010383 	 0.039242
   27 	 0.003466 	 0.012419 	 0.039240
   28 	 0.003198 	 0.016525 	 0.057372
   29 	 0.004807 	 0.025401 	 0.057365
   30 	 0.004746 	 0.028167 	 0.057360
   31 	 0.006478 	 0.033181 	 0.057370
   32 	 0.005687 	 0.031974 	 0.247314
   33 	 0.007526 	 0.047590 	 0.248863
   34 	 0.004307 	 0.099067 	 0.249383
   35 	 0.008977 	 0.157458 	 0.249150
   36 	 -0.247813 	 0.180142 	 0.249469
   37 	 -0.247998 	 0.171815 	 0.249024
   38 	 -0.262217 	 0.159333 	 0.266212
   39 	 0.011433 	 0.185701 	 0.266225
   40 	 -0.264366 	 0.166655 	 0.249320
   41 	 0.005865 	 0.177835 	 0.249003
   42 	 0.007998 	 0.172164 	 0.267391
   43 	 -0.248679 	 0.170256 	 0.249166
   44 	 0.008366 	 0.186587 	 0.249239
   45 	 0.009935 	 0.169105 	 0.266274
   46 	 -0.250014 	 0.150678 	 0.249216
   47 	 -0.262216 	 0.176360 	 0.248954
   48 	 0.013505 	 0.196613 	 0.266368
   49 	 -0.262262 	 0.154948 	 0.267237
   50 	 0.008564 	 0.171972 	 0.248895
   51 	 0.004516 	 0.172739 	 0.267240
   52 	 0.008959 	 0.157889 	 0.248954
   53 	 -0.248804 	 0.169914 	 0.248927
   54 	 -0.262263 	 0.157623 	 0.249179
   55 	 0.008548 	 0.186597 	 0.266283
   56 	 -0.247878 	 0.183373 	 0.267240
   57 	 0.005595 	 0.180777 	 0.249205
   58 	 0.007365 	 0.188237 	 0.266217
   59 	 -0.262936 	 0.179043 	 0.249388
   60 	 0.009432 	 0.180541 	 0.249278
   61 	 -0.262978 	 0.171853 	 0.248980
   62 	 0.009197 	 0.182865 	 0.249047
   63 	 0.010184 	 0.177664 	 0.267291
   64 	 0.008012 	 0.184659 	 0.249165
   65 	 -0.262260 	 0.197499 	 0.249103
   66 	 0.008977 	 0.163655 	 0.249238
   67 	 0.007222 	 0.182469 	 0.267240
   68 	 0.009432 	 0.200281 	 0.248954
   69 	 0.007085 	 0.176675 	 0.249287
   70 	 -0.262263 	 0.163565 	 0.249150
   71 	 0.004746 	 0.174991 	 0.249086
   72 	 0.007513 	 0.165502 	 0.267240
   73 	 -0.262260 	 0.170688 	 0.249441
   74 	 0.012182 	 0.181842 	 0.249269
   75 	 0.009656 	 0.184115 	 0.249136
   76 	 -0.263133 	 0.170716 	 0.248927
   77 	 0.009656 	 0.180782 	 0.249136
   78 	 0.006359 	 0.179961 	 0.248980
   79 	 0.007222 	 0.168079 	 0.249067
   80 	 0.006584 	 0.174303 	 0.249341
   81 	 0.012180 	 0.189507 	 0.248954
   82 	 0.006584 	 0.178903 	 0.249327
   83 	 0.008173 	 0.176827 	 0.248977
   84 	 -0.250039 	 0.173237 	 0.249217
   85 	 0.012592 	 0.192443 	 0.249217
   86 	 -0.247912 	 0.181724 	 0.266370
   87 	 0.007830 	 0.198358 	 0.248954
   88 	 -0.262260 	 0.176346 	 0.249103
   89 	 -0.262217 	 0.174006 	 0.249250
   90 	 0.011828 	 0.185904 	 0.267240
   91 	 0.008172 	 0.185254 	 0.267237
   92 	 0.009677 	 0.172663 	 0.248795
   93 	 0.006049 	 0.173251 	 0.249228
   94 	 0.008357 	 0.167487 	 0.249135
   95 	 0.007830 	 0.182899 	 0.249119
   96 	 0.009677 	 0.186774 	 0.249103
   97 	 0.011094 	 0.190287 	 0.249250
   98 	 -0.262263 	 0.170457 	 0.249135
   99 	 -0.262214 	 0.156299 	 0.248980
  100 	 0.007830 	 0.168471 	 0.248979
  101 	 0.007085 	 0.181959 	 0.267237
  102 	 0.010772 	 0.185109 	 0.249250
  103 	 0.009913 	 0.187048 	 0.249151
  104 	 -0.263102 	 0.177190 	 0.249067
  105 	 -0.247783 	 0.174301 	 0.249120
  106 	 0.009656 	 0.181807 	 0.248927
  107 	 -0.262262 	 0.193636 	 0.642795
  108 	 0.007668 	 0.195721 	 0.730455
  109 	 0.007668 	 0.212733 	 0.746845
  110 	 -0.248669 	 0.292496 	 0.746845
  111 	 -0.262260 	 0.379216 	 0.753280
  112 	 -0.262260 	 0.450021 	 0.752415
  113 	 -0.282650 	 0.406364 	 0.945538
  114 	 -0.293618 	 0.415649 	 0.945538
  115 	 0.008961 	 0.406839 	 0.964125
  116 	 -0.293619 	 0.362814 	 0.974430
  117 	 0.011367 	 0.431502 	 0.750034
  118 	 -0.299954 	 0.407164 	 0.974431
  119 	 0.009677 	 0.460359 	 0.751187
  120 	 0.013072 	 0.506486 	 0.980483
  121 	 -0.284472 	 0.402902 	 0.752142
  122 	 0.012992 	 0.425012 	 0.750227
  123 	 0.006571 	 0.465841 	 0.965823
  124 	 0.009152 	 0.443016 	 0.750272
  125 	 -0.284472 	 0.450606 	 0.753903
  126 	 -0.247813 	 0.394061 	 0.752439
  127 	 0.007070 	 0.434097 	 0.965822
  128 	 0.009197 	 0.437537 	 0.932796
  129 	 0.007978 	 0.409379 	 0.753620
  130 	 0.009155 	 0.387514 	 0.752414
  131 	 0.009198 	 0.467892 	 0.750524
  132 	 0.006157 	 0.513855 	 0.752437
  133 	 0.007485 	 0.434031 	 0.752413
  134 	 0.007096 	 0.415503 	 0.754139
  135 	 0.014612 	 0.425965 	 0.753378
  136 	 0.007982 	 0.422723 	 0.752413
  137 	 0.011118 	 0.446133 	 0.747959
  138 	 -0.249351 	 0.461074 	 0.753102
  139 	 0.013073 	 0.469554 	 0.751328
  140 	 0.012984 	 0.407817 	 0.751556
  141 	 -0.284908 	 0.385947 	 0.750226
  142 	 0.008339 	 0.409481 	 0.750276
  143 	 -0.280478 	 0.409548 	 0.966229
  144 	 -0.280471 	 0.474871 	 0.752900
  145 	 0.008012 	 0.391988 	 0.933976
  146 	 -0.285577 	 0.455598 	 0.962105
  147 	 0.006038 	 0.486246 	 0.753085
  148 	 0.012544 	 0.444563 	 0.966854
  149 	 0.014455 	 0.434819 	 0.754206
 