   0 	 0.001031 	 0.001786 	 0.003282
    1 	 0.001236 	 0.001848 	 0.003565
    2 	 0.001296 	 0.002035 	 0.003565
    3 	 0.001296 	 0.002026 	 0.003312
    4 	 0.001248 	 0.002078 	 0.003531
    5 	 0.001430 	 0.002206 	 0.003707
    6 	 0.001452 	 0.002300 	 0.005139
    7 	 0.001452 	 0.002443 	 0.003821
    8 	 0.001543 	 0.002490 	 0.004807
    9 	 0.001414 	 0.002670 	 0.008373
   10 	 0.001505 	 0.002714 	 0.008373
   11 	 0.001659 	 0.002967 	 0.008373
   12 	 0.001493 	 0.003195 	 0.008373
   13 	 0.001493 	 0.003789 	 0.009200
   14 	 0.001778 	 0.004190 	 0.009200
   15 	 0.001831 	 0.004758 	 0.009200
   16 	 0.001858 	 0.004992 	 0.011829
   17 	 0.002578 	 0.014695 	 0.754592
   18 	 -0.247171 	 0.271342 	 0.756592
   19 	 -0.247496 	 0.480199 	 0.756180
   20 	 -0.247844 	 0.444398 	 0.932237
   21 	 0.011826 	 0.448824 	 0.752412
   22 	 -0.280380 	 0.435755 	 0.932823
   23 	 0.013463 	 0.449034 	 0.750034
   24 	 0.012993 	 0.460589 	 0.933358
   25 	 0.012544 	 0.425547 	 0.750007
   26 	 0.012598 	 0.434036 	 0.750271
   27 	 0.010414 	 0.437272 	 0.750524
   28 	 -0.284961 	 0.406488 	 0.750493
   29 	 0.005423 	 0.428206 	 0.751725
   30 	 -0.286175 	 0.410774 	 0.753527
   31 	 0.009628 	 0.405312 	 0.754557
   32 	 0.007339 	 0.447296 	 0.750497
   33 	 -0.248786 	 0.429784 	 0.752170
   34 	 0.013548 	 0.452658 	 0.753467
   35 	 0.011055 	 0.475362 	 0.933644
   36 	 0.006570 	 0.429494 	 0.749731
   37 	 -0.284958 	 0.423994 	 0.751363
   38 	 0.008527 	 0.411441 	 0.753904
   39 	 0.008789 	 0.434955 	 0.752658
   40 	 0.012546 	 0.421645 	 0.752794
   41 	 -0.247876 	 0.395421 	 0.752645
   42 	 0.013418 	 0.437503 	 0.749417
   43 	 0.012547 	 0.446791 	 0.932850
   44 	 0.012546 	 0.455593 	 0.750032
   45 	 -0.302529 	 0.491921 	 0.750522
   46 	 0.005960 	 0.416854 	 0.750522
   47 	 0.010153 	 0.418758 	 0.982965
   48 	 -0.280973 	 0.475470 	 0.754251
   49 	 -0.249332 	 0.416391 	 0.751873
   50 	 0.011055 	 0.376120 	 0.750537
   51 	 0.013071 	 0.455523 	 0.934120
   52 	 0.013414 	 0.421301 	 0.751363
   53 	 0.008139 	 0.443430 	 0.750227
   54 	 0.006802 	 0.452213 	 0.749723
   55 	 -0.286182 	 0.396723 	 0.753013
   56 	 -0.303047 	 0.418665 	 0.753772
   57 	 0.008526 	 0.470459 	 0.967420
   58 	 0.009669 	 0.444093 	 0.983466
   59 	 -0.302746 	 0.404744 	 0.752794
   60 	 0.011395 	 0.439477 	 0.752147
   61 	 0.007206 	 0.437673 	 0.983175
   62 	 -0.284638 	 0.405982 	 0.751172
   63 	 0.009889 	 0.495370 	 0.753543
   64 	 -0.284958 	 0.439009 	 0.965978
   65 	 0.007978 	 0.398038 	 0.752022
   66 	 0.006941 	 0.436484 	 0.752437
   67 	 -0.284514 	 0.435069 	 0.753104
   68 	 -0.301871 	 0.416346 	 0.753693
   69 	 0.007798 	 0.465185 	 0.965862
   70 	 -0.286189 	 0.429969 	 0.982330
   71 	 0.012546 	 0.454660 	 0.753206
   72 	 0.005585 	 0.417344 	 0.749361
   73 	 0.012544 	 0.430413 	 0.750522
   74 	 0.011057 	 0.462631 	 0.754464
   75 	 0.009159 	 0.455730 	 0.750524
   76 	 0.007096 	 0.380515 	 0.751362
   77 	 -1.624019 	 0.402293 	 0.752435
   78 	 0.009673 	 0.457538 	 0.753605
   79 	 -3.287739 	 0.428675 	 0.983472
   80 	 0.007800 	 0.432309 	 0.751362
   81 	 -0.508161 	 0.433867 	 0.752025
   82 	 -0.248679 	 0.455174 	 0.753205
   83 	 0.008339 	 0.439714 	 1.231985
   84 	 -0.248787 	 0.355622 	 0.933550
   85 	 -0.284956 	 0.461950 	 0.752900
   86 	 0.008321 	 0.447712 	 0.933644
   87 	 0.012513 	 0.405600 	 0.966274
   88 	 -0.280453 	 0.404848 	 0.752910
   89 	 -0.284848 	 0.417358 	 0.750524
   90 	 -0.284815 	 0.396476 	 0.962088
   91 	 0.008012 	 0.432400 	 0.932740
   92 	 -0.250386 	 0.466936 	 0.966143
   93 	 -0.284848 	 0.424647 	 0.753085
   94 	 0.009675 	 0.437204 	 0.935040
   95 	 0.008010 	 0.443017 	 0.966173
   96 	 -0.284847 	 0.398587 	 0.752143
   97 	 0.012546 	 0.447753 	 0.753086
   98 	 0.007999 	 0.465489 	 0.966172
   99 	 -0.286051 	 0.419976 	 0.750522
  100 	 -0.284955 	 0.477953 	 0.753093
  101 	 -0.302804 	 0.419951 	 0.967298
  102 	 -0.286191 	 0.385730 	 0.966273
  103 	 0.012146 	 0.444120 	 0.751542
  104 	 0.012146 	 0.456027 	 0.751543
  105 	 -0.280666 	 0.450810 	 0.750518
  106 	 -0.302949 	 0.422345 	 0.750748
  107 	 -0.303020 	 0.442527 	 0.962286
  108 	 0.012546 	 0.435924 	 0.983371
  109 	 -0.302903 	 0.457614 	 0.983440
  110 	 -0.301328 	 0.416631 	 0.750523
  111 	 -0.284845 	 0.471316 	 0.983327
  112 	 -0.280798 	 0.421230 	 0.981806
  113 	 -0.284847 	 0.420431 	 0.966170
  114 	 -0.280553 	 0.417386 	 0.962408
  115 	 0.009589 	 0.399828 	 0.966173
  116 	 -0.250388 	 0.405109 	 0.750540
  117 	 -0.248036 	 0.456451 	 0.752192
  118 	 -0.247659 	 0.386039 	 0.750228
  119 	 -0.232727 	 0.486819 	 0.750770
  120 	 -0.250987 	 0.442349 	 0.932662
  121 	 0.006941 	 0.429044 	 0.919851
  122 	 0.007207 	 0.479866 	 0.935566
  123 	 -0.301836 	 0.461791 	 0.753290
  124 	 -0.249332 	 0.431934 	 0.753542
  125 	 -0.303047 	 0.431299 	 0.982296
  126 	 0.006835 	 0.399915 	 0.934119
  127 	 -0.280439 	 0.470259 	 0.983466
  128 	 -0.284958 	 0.480155 	 0.753754
  129 	 -0.284816 	 0.416025 	 0.962075
  130 	 -0.284956 	 0.460010 	 0.966276
  131 	 0.008157 	 0.452322 	 0.966143
  132 	 -0.286159 	 0.452124 	 0.966275
  133 	 -0.284953 	 0.464220 	 0.753003
  134 	 0.012514 	 0.464366 	 0.967398
  135 	 0.009155 	 0.454972 	 0.966271
  136 	 -0.284947 	 0.412886 	 0.750541
  137 	 0.007234 	 0.438362 	 0.750518
  138 	 0.008371 	 0.453264 	 0.966266
  139 	 -0.286093 	 0.382899 	 0.750770
  140 	 0.009431 	 0.449706 	 0.752881
  141 	 -0.284847 	 0.369821 	 0.750753
  142 	 0.007349 	 0.448122 	 0.752022
  143 	 0.006253 	 0.468229 	 0.749723
  144 	 0.012520 	 0.465767 	 0.753461
  145 	 0.012547 	 0.437418 	 0.754084
  146 	 -0.302945 	 0.420894 	 0.750537
  147 	 0.008977 	 0.420021 	 0.750522
  148 	 -0.302328 	 0.377746 	 0.750517
  149 	 0.009628 	 0.450485 	 0.752538
 