0	0.016258	0.078406	1.545314
1	0.019205	0.610286	2.750133
2	0.030708	1.009513	3.702203
3	0.050098	0.965541	4.357387
4	0.072560	0.802457	4.257425
5	0.066291	0.995086	4.245172
6	0.080452	1.163842	4.301974
7	0.092225	1.109306	4.626489
8	0.107180	0.976461	5.047643
9	0.109368	1.049408	4.831638
10	0.137665	1.147740	5.143753
11	0.131168	1.072603	4.368486
12	0.106950	0.989681	4.375265
13	0.152285	1.073057	4.880101
14	0.135865	1.134528	4.939845
15	0.141096	1.052907	4.621314
16	0.135101	1.039826	5.016162
17	0.187404	1.095616	5.137849
18	0.145609	1.156884	5.936088
19	0.149705	1.051612	4.907189
20	0.163088	1.044796	5.025168
21	0.178429	1.122521	5.685107
22	0.177721	1.161347	5.611620
23	0.188476	1.069714	5.225077
24	0.157769	1.066046	5.860849
25	0.218056	1.112580	5.105485
26	0.144338	1.145236	6.545964
27	0.137029	1.051664	4.868372
28	0.155124	1.061453	5.433512
29	0.232305	1.122653	6.056005
30	0.214616	1.133932	6.263055
31	0.173670	1.064672	4.603698
32	0.138895	1.056151	5.229931
33	0.193903	1.096781	5.243746
34	0.159469	1.122091	6.180707
35	0.133231	1.067108	5.113913
36	0.142293	1.084787	6.623334
37	0.201269	1.143375	7.671853
38	0.168032	1.130361	6.359556
39	0.158266	1.088439	5.974113
40	0.168281	1.098191	6.485628
41	0.148953	1.133286	6.508871
42	0.146248	1.120918	6.184452
43	0.156762	1.095679	7.340440
44	0.147997	1.116016	6.871145
45	0.167817	1.135950	6.074360
46	0.141548	1.130054	6.690351
47	0.134936	1.099815	6.857529
48	0.138871	1.112124	6.395602
49	0.151467	1.145869	7.110909
50	0.127533	1.121129	6.836657
51	0.132477	1.118364	7.119911
52	0.176395	1.109783	6.461058
53	0.124013	1.150443	7.019957
54	0.125295	1.106004	6.033631
55	0.129619	1.116545	7.053047
56	0.161459	1.116399	6.808782
57	0.145437	1.159098	7.107863
58	0.125044	1.133613	6.608911
59	0.149967	1.121467	7.681244
60	0.181665	1.143966	7.982338
61	0.128053	1.156730	6.703700
62	0.123548	1.134304	6.396872
63	0.148413	1.121400	7.958361
64	0.169376	1.149768	7.386034
65	0.135037	1.155255	6.751117
66	0.118568	1.136377	6.812218
67	0.142718	1.111876	7.400682
68	0.135009	1.166069	8.179271
69	0.129704	1.169263	7.355323
70	0.100359	1.140060	7.300865
71	0.137276	1.110288	6.865852
72	0.135411	1.177905	8.386605
73	0.145411	1.162537	7.335180
74	0.130423	1.135736	7.091769
75	0.133280	1.120107	6.793859
76	0.141789	1.196755	8.105775
77	0.158918	1.165169	7.758057
78	0.107342	1.160204	8.108816
79	0.106056	1.128305	7.060379
80	0.150177	1.219739	9.232017
81	0.142292	1.195193	9.264992
82	0.106962	1.170136	8.104852
83	0.124751	1.160278	8.102229
84	0.129047	1.224863	9.400165
85	0.119147	1.199011	8.734239
86	0.096812	1.203070	9.495816
87	0.111253	1.180407	8.601536
88	0.133867	1.245842	10.130638
89	0.141580	1.226608	9.784640
90	0.124844	1.176435	8.786808
91	0.112569	1.165961	7.572571
92	0.138328	1.234205	9.339745
93	0.105875	1.250266	9.846799
94	0.139034	1.182763	8.279975
95	0.109372	1.189243	8.761790
96	0.128341	1.220818	8.461097
97	0.111682	1.258260	10.239299
98	0.136046	1.195542	9.691284
99	0.128620	1.185454	8.838320
100	0.134819	1.209906	7.799764
101	0.093454	1.230318	8.846169
102	0.159039	1.204507	9.887846
103	0.136722	1.218761	9.784891
104	0.113639	1.204300	7.954534
105	0.096028	1.228718	8.907188
106	0.142839	1.211654	9.963115
107	0.123262	1.226404	9.728487
108	0.113613	1.212177	8.588329
109	0.104850	1.245045	9.271402
110	0.127058	1.202603	9.890204
111	0.108227	1.216761	8.598765
112	0.132235	1.235171	9.063559
113	0.107285	1.252598	9.206694
114	0.125335	1.190017	8.579235
115	0.129733	1.243607	8.985614
116	0.109337	1.237279	9.130417
117	0.114466	1.268303	9.387221
118	0.101447	1.182490	8.546190
119	0.129212	1.240046	8.887198
120	0.102730	1.269869	9.535506
121	0.117433	1.270987	9.365299
122	0.118973	1.234713	10.128638
123	0.141055	1.220505	8.188347
124	0.094004	1.254239	8.696618
125	0.123146	1.279195	9.496050
126	0.123368	1.239086	9.248167
127	0.102550	1.215621	8.496930
128	0.097346	1.252641	8.866645
129	0.127999	1.306339	10.569871
130	0.115975	1.237950	9.247791
131	0.121615	1.229054	9.249239
132	0.109229	1.256286	8.944039
133	0.129689	1.297131	9.843753
134	0.114880	1.233111	8.381336
135	0.116303	1.218373	8.149899
136	0.121887	1.246782	9.113812
137	0.112764	1.300071	9.801772
138	0.117806	1.230490	8.553006
139	0.109668	1.213632	8.091994
140	0.112454	1.242339	9.392057
141	0.101245	1.343613	10.189540
142	0.107775	1.238236	9.634093
143	0.111175	1.245724	10.409354
144	0.112115	1.268406	10.618276
145	0.100029	1.340495	10.469333
146	0.105891	1.237034	9.153092
147	0.120534	1.254160	10.392231
148	0.128494	1.267079	10.053562
149	0.106133	1.307337	9.360462
150	0.113255	1.248133	8.701202
151	0.136461	1.273481	10.298238
152	0.120881	1.271217	9.735178
153	0.099515	1.290096	8.575219
154	0.096700	1.264059	9.823069
155	0.120834	1.268651	10.400944
156	0.090011	1.300942	11.328559
157	0.114352	1.302642	9.662905
158	0.096463	1.304782	11.217831
159	0.108272	1.264386	9.348408
160	0.095371	1.303446	11.406554
161	0.092664	1.377716	11.643955
162	0.078161	1.312823	11.713096
163	0.091577	1.310370	11.455544
164	0.102016	1.320945	12.157677
165	0.105462	1.390249	11.840597
166	0.089900	1.321085	11.615379
167	0.097224	1.308793	11.033188
168	0.084172	1.334461	11.685558
169	0.103713	1.394728	11.301162
170	0.092393	1.368148	12.993932
171	0.070596	1.329390	10.355919
172	0.074900	1.335430	11.333135
173	0.092323	1.398537	11.822945
174	0.099360	1.386505	12.267272
175	0.086173	1.335843	10.916203
176	0.086494	1.323262	11.087881
177	0.077386	1.403136	11.154733
178	0.096122	1.357114	11.254848
179	0.089106	1.356194	12.931933
180	0.074742	1.332173	11.618281
181	0.078719	1.422975	11.272948
182	0.109436	1.375591	11.888907
183	0.101824	1.366533	13.049010
184	0.086733	1.331687	12.443872
185	0.077095	1.403312	11.589483
186	0.116131	1.387711	11.203012
187	0.092448	1.411940	13.733766
188	0.103169	1.338038	11.879631
189	0.083773	1.421826	11.960806
190	0.100729	1.375152	10.561049
191	0.092978	1.399863	13.368424
192	0.109213	1.340685	12.473104
193	0.081701	1.442045	12.633782
194	0.106835	1.359304	9.942912
195	0.077496	1.389534	12.777430
196	0.100773	1.355496	13.190509
197	0.098534	1.444828	12.623283
198	0.078516	1.374675	11.131566
199	0.093307	1.383502	11.763557
200	0.094823	1.385029	13.447235
201	0.089879	1.441474	11.737511
202	0.087868	1.377336	12.035076
203	0.089911	1.408662	12.853460
204	0.089878	1.409679	13.404710
205	0.102500	1.441545	12.168727
206	0.094497	1.408157	13.114081
207	0.101124	1.397507	12.627710
208	0.084341	1.408083	12.963912
209	0.118345	1.428582	11.237868
210	0.098897	1.448922	13.968883
211	0.107567	1.400209	12.167514
212	0.088146	1.432317	13.510570
213	0.087878	1.423023	10.430670
214	0.100730	1.453511	13.818553
215	0.097165	1.432762	13.499971
216	0.082278	1.459009	13.513238
217	0.085936	1.438333	11.506849
218	0.095753	1.477282	13.704015
219	0.103469	1.438269	13.659674
220	0.071247	1.448495	13.709429
221	0.087496	1.437255	11.275757
222	0.098210	1.480681	13.142644
223	0.100915	1.454340	13.811701
224	0.081834	1.444655	12.770852
225	0.080181	1.461923	11.231638
226	0.084018	1.496894	12.257002
227	0.107531	1.486057	13.853097
228	0.092046	1.462466	12.628926
229	0.086681	1.465527	11.102674
230	0.091107	1.487421	11.668964
231	0.095399	1.479392	13.125492
232	0.091093	1.484587	13.154140
233	0.085107	1.491441	13.055705
234	0.097059	1.516160	13.483181
235	0.083751	1.491741	13.709987
236	0.090902	1.502699	12.950205
237	0.069530	1.489844	12.676805
238	0.107810	1.513639	13.738271
239	0.096641	1.510398	14.780376
240	0.063201	1.500364	11.668925
241	0.082485	1.507584	12.573226
242	0.111038	1.578655	15.316669
243	0.108070	1.508475	14.006512
244	0.070871	1.489795	12.219082
245	0.089778	1.486940	12.594313
246	0.100450	1.557790	14.309871
247	0.102614	1.507295	12.830347
248	0.088712	1.460168	11.593966
249	0.076576	1.502598	13.049713
250	0.092941	1.569099	13.785649
251	0.117172	1.538369	13.703809
252	0.079998	1.507866	14.202976
253	0.082336	1.515982	12.044263
254	0.101953	1.575649	13.667174
255	0.078826	1.537389	13.089329
256	0.073226	1.485236	13.474263
257	0.079738	1.548489	13.038155
258	0.077020	1.561480	13.720277
259	0.076163	1.542192	13.581142
260	0.092800	1.506573	13.696703
261	0.075532	1.554953	13.432544
262	0.076011	1.546679	13.145962
263	0.083328	1.559438	14.667727
264	0.089147	1.551275	15.072845
265	0.078302	1.552715	12.685278
266	0.066079	1.527241	12.760896
267	0.087218	1.577677	14.171323
268	0.095093	1.561809	14.952756
269	0.063890	1.532426	12.334571
270	0.061869	1.551465	13.664965
271	0.090734	1.616822	14.934567
272	0.094709	1.578157	14.521305
273	0.061263	1.522018	12.777024
274	0.069535	1.565249	13.111995
275	0.094448	1.625843	14.670367
276	0.084421	1.568386	13.940880
277	0.070491	1.497750	11.964053
278	0.066084	1.554730	12.804316
279	0.102174	1.627894	14.322083
280	0.074332	1.597638	15.407533
281	0.071711	1.518821	12.733664
282	0.066125	1.572730	15.152726
283	0.084160	1.597493	13.747779
284	0.084932	1.603416	15.103712
285	0.072678	1.547019	14.025129
286	0.084531	1.576127	14.159602
287	0.094728	1.607238	14.482570
288	0.093995	1.556715	13.977930
289	0.075063	1.527996	13.416301
290	0.075202	1.576566	14.236228
291	0.082257	1.594146	13.888806
292	0.071897	1.614625	15.484236
293	0.085311	1.571797	13.890693
294	0.079435	1.596991	14.829924
295	0.079731	1.575475	13.183709
296	0.087024	1.605799	14.476489
297	0.085509	1.567365	13.349972
298	0.076494	1.589305	13.867869
299	0.080002	1.590381	13.327306
300	0.096439	1.641886	15.045519
301	0.098696	1.554370	13.267289
302	0.073552	1.569463	13.521986
303	0.095181	1.566452	12.383666
304	0.099517	1.625935	15.600896
305	0.099359	1.533487	12.470065
306	0.064336	1.584689	14.399799
307	0.097294	1.568223	11.851790
308	0.083768	1.641246	15.160757
309	0.085700	1.535774	12.952435
310	0.077130	1.592924	14.955365
311	0.062555	1.558680	12.981318
312	0.092467	1.624494	13.928591
313	0.088576	1.611660	15.432359
314	0.075230	1.581087	14.271696
315	0.065237	1.572444	13.408495
316	0.074469	1.647103	14.233251
317	0.073038	1.633664	14.748540
318	0.071162	1.578048	14.676591
319	0.078883	1.590464	13.705506
320	0.084350	1.654362	15.148792
321	0.080486	1.612182	13.258087
322	0.074877	1.572629	14.032232
323	0.077020	1.552324	12.631968
324	0.070327	1.640921	14.157531
325	0.082043	1.651504	13.402442
326	0.073118	1.563474	13.686249
327	0.083828	1.549301	13.012891
328	0.066601	1.637075	13.854792
329	0.074884	1.621614	13.001322
330	0.086041	1.580507	15.277695
331	0.086345	1.589191	14.250760
332	0.072518	1.651962	13.735438
333	0.070022	1.628095	12.965074
334	0.081839	1.566181	14.851784
335	0.090790	1.614869	15.659224
336	0.065991	1.692014	14.797353
337	0.056825	1.643694	13.114773
338	0.085867	1.588848	15.541182
339	0.081645	1.630914	15.817617
340	0.068244	1.705729	14.384399
341	0.067734	1.650935	13.565553
342	0.073480	1.582366	15.175349
343	0.090473	1.607713	14.518194
344	0.059394	1.699017	15.328623
345	0.069512	1.647702	13.891966
346	0.080783	1.604197	15.897579
347	0.083518	1.601713	14.418467
348	0.063485	1.698313	14.888383
349	0.072289	1.677054	14.600503
350	0.078977	1.618960	15.195842
351	0.067391	1.609228	14.202170
352	0.070919	1.693907	15.052991
353	0.066224	1.730609	15.855575
354	0.084762	1.622664	14.693539
355	0.065477	1.657266	15.098086
356	0.067845	1.714389	15.489307
357	0.062709	1.725413	15.205030
358	0.075228	1.645321	14.818558
359	0.070797	1.689122	15.603723
360	0.067351	1.717438	15.300904
361	0.074729	1.714311	14.586720
362	0.079911	1.618715	14.703422
363	0.074191	1.666749	14.800323
364	0.067251	1.719649	15.424920
365	0.081298	1.723631	15.304571
366	0.063221	1.620179	14.171299
367	0.076467	1.688045	15.699822
368	0.071604	1.729990	15.951512
369	0.083761	1.717714	14.663517
370	0.062609	1.640580	14.883208
371	0.074096	1.678019	15.636379
372	0.076966	1.716530	15.484903
373	0.063563	1.725440	14.580348
374	0.071582	1.648800	14.852479
375	0.074515	1.737912	17.073832
376	0.086038	1.695770	14.286183
377	0.066182	1.724798	14.519597
378	0.081775	1.642763	14.269138
379	0.078530	1.736326	16.315595
380	0.085289	1.679991	13.826179
381	0.083733	1.718689	14.658354
382	0.082905	1.633338	14.461084
383	0.081826	1.717282	15.008738
384	0.061737	1.690878	14.375550
385	0.085004	1.726512	14.348861
386	0.070294	1.636914	15.043997
387	0.081201	1.729895	15.118798
388	0.064001	1.720031	15.213810
389	0.068790	1.703073	14.005169
390	0.064497	1.627691	14.211536
391	0.087525	1.733090	15.179362
392	0.071859	1.715132	15.063693
393	0.073858	1.719642	14.008409
394	0.067510	1.652949	14.236357
395	0.094707	1.746876	15.133035
396	0.071235	1.707719	15.492714
397	0.077541	1.699099	12.988088
398	0.065573	1.674869	15.496556
399	0.083997	1.720556	14.747626
