   0 	 0.019616 	 0.056090 	 0.289721
    1 	 0.020300 	 0.097267 	 0.741565
    2 	 0.024848 	 0.172857 	 1.780901
    3 	 0.024887 	 0.417353 	 2.057372
    4 	 0.044024 	 0.917504 	 2.625557
    5 	 0.131519 	 1.176192 	 6.937357
    6 	 0.039689 	 0.977756 	 4.717541
    7 	 0.127341 	 0.780507 	 4.194291
    8 	 0.036822 	 0.879052 	 2.745828
    9 	 0.214372 	 1.025100 	 1.860110
   10 	 0.298555 	 1.017137 	 6.069762
   11 	 0.378053 	 0.841317 	 1.966532
   12 	 0.043988 	 0.896618 	 2.386895
   13 	 0.420145 	 0.977601 	 1.768918
   14 	 0.352250 	 1.011405 	 2.785343
   15 	 0.097117 	 0.870591 	 2.035231
   16 	 0.031894 	 0.888487 	 2.016336
   17 	 0.481317 	 1.002837 	 1.971930
   18 	 0.455968 	 1.020239 	 4.334754
   19 	 0.037602 	 0.838767 	 1.429338
   20 	 0.109688 	 0.900870 	 1.525354
   21 	 0.041964 	 1.061356 	 5.050452
   22 	 0.366828 	 0.966619 	 3.245352
   23 	 0.189809 	 0.951932 	 6.507693
   24 	 0.297880 	 0.921995 	 1.590525
   25 	 0.152819 	 1.016403 	 3.095888
   26 	 0.296793 	 0.959765 	 2.612779
   27 	 0.038000 	 0.916181 	 2.758125
   28 	 0.040829 	 0.911977 	 1.446775
   29 	 0.319517 	 1.047081 	 6.112481
   30 	 0.588913 	 1.031889 	 6.737204
   31 	 0.159896 	 0.915879 	 2.395114
   32 	 0.147501 	 0.927602 	 1.379032
   33 	 0.391249 	 1.033901 	 3.411856
   34 	 0.116418 	 1.006612 	 4.145917
   35 	 0.279904 	 0.927909 	 1.906761
   36 	 0.237061 	 0.967944 	 4.663782
   37 	 0.499785 	 1.022219 	 2.901043
   38 	 0.116930 	 0.987589 	 2.326331
   39 	 0.329354 	 0.929169 	 1.751361
   40 	 0.418212 	 0.997919 	 4.607656
   41 	 0.540143 	 1.014459 	 2.537078
   42 	 0.212537 	 0.988467 	 2.070342
   43 	 0.119023 	 0.926763 	 1.562150
   44 	 0.204533 	 0.971875 	 3.650470
   45 	 0.311246 	 1.018371 	 4.033515
   46 	 0.269537 	 0.981044 	 1.927314
   47 	 0.244187 	 0.943382 	 2.707489
   48 	 0.036628 	 0.955785 	 2.706091
   49 	 0.363955 	 0.991560 	 2.852355
   50 	 0.039231 	 1.054092 	 9.782087
   51 	 0.117685 	 0.950563 	 2.200921
   52 	 0.039961 	 0.983284 	 5.080493
   53 	 0.338742 	 1.057367 	 5.362936
   54 	 0.036943 	 1.128007 	 8.931707
   55 	 0.181142 	 0.956572 	 2.349391
   56 	 0.039530 	 1.026730 	 7.852842
   57 	 0.307495 	 1.020031 	 3.682676
   58 	 0.118332 	 1.145486 	 8.966208
   59 	 0.118496 	 0.983149 	 2.535527
   60 	 0.039225 	 1.018978 	 5.051818
   61 	 0.384552 	 1.045338 	 5.467578
   62 	 0.195148 	 1.152764 	 9.539701
   63 	 0.180977 	 0.973875 	 2.224931
   64 	 0.104109 	 0.995823 	 3.737650
   65 	 0.249910 	 1.003917 	 3.630074
   66 	 0.039385 	 1.059443 	 5.892437
   67 	 0.038941 	 1.011488 	 2.931604
   68 	 0.166488 	 1.158023 	 8.921847
   69 	 0.113651 	 1.063252 	 8.493230
   70 	 0.111266 	 1.019254 	 4.308712
   71 	 0.116751 	 1.034090 	 4.900748
   72 	 0.228253 	 1.062503 	 5.441698
   73 	 0.200050 	 1.001339 	 5.283989
   74 	 0.040302 	 0.982083 	 3.256773
   75 	 0.186689 	 1.022465 	 3.669052
   76 	 0.299799 	 1.119855 	 8.968483
   77 	 0.266819 	 1.003158 	 3.766630
   78 	 0.110530 	 0.991279 	 2.677387
   79 	 0.260049 	 1.010889 	 2.893357
   80 	 0.363665 	 1.060133 	 5.281776
   81 	 0.338094 	 0.988186 	 2.951169
   82 	 0.186547 	 0.971127 	 2.260069
   83 	 0.115727 	 0.988479 	 2.398692
   84 	 0.427247 	 1.039768 	 3.768650
   85 	 0.040643 	 0.986125 	 5.044719
   86 	 0.112788 	 0.958300 	 1.976103
   87 	 0.117090 	 1.076974 	 8.010089
   88 	 0.371071 	 1.059202 	 4.970490
   89 	 0.123626 	 1.012281 	 5.061000
   90 	 0.197836 	 0.948562 	 2.048044
   91 	 0.115900 	 1.010951 	 4.853751
   92 	 0.318755 	 1.018760 	 3.592780
   93 	 0.039746 	 1.003825 	 5.091663
   94 	 0.039247 	 0.952642 	 2.465756
   95 	 0.118173 	 1.161296 	 7.590384
   96 	 0.367089 	 1.171468 	 8.471195
   97 	 0.130331 	 1.015867 	 4.985715
   98 	 0.117041 	 0.962656 	 2.242712
   99 	 0.197452 	 1.080818 	 4.781700
  100 	 0.430754 	 1.098373 	 5.013300
  101 	 0.205740 	 0.999829 	 3.573316
  102 	 0.037909 	 0.922740 	 1.962502
  103 	 0.037756 	 1.006234 	 3.514444
  104 	 0.117891 	 1.216466 	 8.568304
  105 	 0.115962 	 1.139375 	 8.579571
  106 	 0.115731 	 0.984869 	 5.084112
  107 	 0.092927 	 1.044710 	 5.134478
  108 	 0.109913 	 1.139501 	 5.315440
  109 	 0.039686 	 1.088094 	 5.823212
  110 	 0.034503 	 1.008407 	 5.299054
  111 	 0.169330 	 1.131050 	 7.435739
  112 	 0.185948 	 1.139760 	 8.554077
  113 	 0.133075 	 1.030571 	 4.143698
  114 	 0.115788 	 1.000445 	 3.777182
  115 	 0.111808 	 1.053628 	 4.640905
  116 	 0.112059 	 1.058417 	 5.139068
  117 	 0.212183 	 1.042363 	 5.246387
  118 	 0.191649 	 1.081444 	 5.239473
  119 	 0.125075 	 1.038467 	 3.436624
  120 	 0.188243 	 1.022039 	 3.648982
  121 	 0.284461 	 1.053723 	 4.904980
  122 	 0.117369 	 1.016393 	 3.744712
  123 	 0.200651 	 1.010989 	 2.752845
  124 	 0.037780 	 1.055383 	 5.097640
  125 	 0.353152 	 1.038809 	 3.578448
  126 	 0.193049 	 1.139454 	 8.577830
  127 	 0.273161 	 0.993323 	 2.315075
  128 	 0.115518 	 1.028658 	 3.678519
  129 	 0.417733 	 1.018598 	 2.841227
  130 	 0.124573 	 1.013808 	 3.742953
  131 	 0.342041 	 0.976036 	 2.013966
  132 	 0.117110 	 1.035706 	 4.831545
  133 	 0.388436 	 0.982723 	 2.415221
  134 	 0.119239 	 1.041334 	 5.104396
  135 	 0.040390 	 0.989915 	 2.140246
  136 	 0.037815 	 1.009967 	 5.229051
  137 	 0.039967 	 1.046293 	 8.897582
  138 	 0.188400 	 1.095565 	 4.702222
  139 	 0.111488 	 1.044008 	 8.172122
  140 	 0.185155 	 0.983131 	 3.692762
  141 	 0.039992 	 1.041439 	 5.255199
  142 	 0.264889 	 1.061480 	 3.835025
  143 	 0.187477 	 1.081934 	 8.418094
  144 	 0.115804 	 0.961914 	 2.909606
  145 	 0.114586 	 1.007391 	 3.755495
  146 	 0.041145 	 1.124277 	 5.138652
  147 	 0.260804 	 1.122451 	 5.171004
  148 	 0.039678 	 1.009669 	 8.337131
  149 	 0.039197 	 0.958296 	 2.944606
  150 	 0.037732 	 1.130865 	 8.440391
  151 	 0.330753 	 1.226389 	 8.474788
  152 	 0.117382 	 1.127950 	 8.581334
  153 	 0.116910 	 0.950456 	 2.441689
  154 	 0.112612 	 1.068186 	 5.097310
  155 	 0.040458 	 1.101886 	 5.109605
  156 	 0.193195 	 1.116928 	 5.376678
  157 	 0.192737 	 1.077577 	 8.385209
  158 	 0.183302 	 1.020205 	 3.765129
  159 	 0.037987 	 1.039731 	 3.682735
  160 	 0.246213 	 1.062011 	 3.815311
  161 	 0.039359 	 1.113112 	 8.251709
  162 	 0.256798 	 0.999697 	 2.918749
  163 	 0.116097 	 1.086557 	 8.212927
  164 	 0.116507 	 1.020730 	 2.802707
  165 	 0.120602 	 1.087232 	 5.029156
  166 	 0.344506 	 1.036935 	 5.293605
  167 	 0.195773 	 1.043498 	 5.181293
  168 	 0.039336 	 0.974151 	 2.362358
  169 	 0.190342 	 1.055162 	 3.825951
  170 	 0.039628 	 1.070606 	 8.464839
  171 	 0.036705 	 1.030604 	 3.806013
  172 	 0.039663 	 1.063801 	 5.103720
  173 	 0.038177 	 1.080535 	 8.968217
  174 	 0.038523 	 1.092276 	 8.923584
  175 	 0.110534 	 1.144998 	 9.043464
  176 	 0.110865 	 1.115957 	 7.979384
  177 	 0.109699 	 1.068032 	 5.466466
  178 	 0.124097 	 1.031385 	 5.492550
  179 	 0.116659 	 1.072479 	 5.293842
  180 	 0.179735 	 1.061340 	 4.928602
  181 	 0.185851 	 1.099872 	 5.323135
  182 	 0.039309 	 1.033783 	 3.867952
  183 	 0.036420 	 1.036680 	 3.667689
  184 	 0.121148 	 1.104754 	 8.951820
  185 	 0.116224 	 1.123386 	 8.115586
  186 	 0.039715 	 1.040841 	 5.001310
  187 	 0.122035 	 1.066471 	 5.127572
  188 	 0.196846 	 1.174767 	 8.437743
  189 	 0.192561 	 1.063354 	 4.979221
  190 	 0.117308 	 1.010905 	 3.627842
  191 	 0.197956 	 1.016924 	 3.685136
  192 	 0.269205 	 1.080796 	 4.899363
  193 	 0.116328 	 1.018919 	 3.613290
  194 	 0.200877 	 1.008284 	 2.873523
  195 	 0.039685 	 1.076054 	 5.124832
  196 	 0.318804 	 1.031283 	 3.575551
  197 	 0.192173 	 1.082276 	 8.439869
  198 	 0.115741 	 0.999164 	 2.465460
  199 	 0.117389 	 1.024897 	 3.690400
  200 	 0.117536 	 1.045442 	 5.315158
  201 	 0.116787 	 1.017842 	 5.097123
  202 	 0.115642 	 0.988119 	 2.857662
  203 	 0.119190 	 0.994718 	 3.521290
  204 	 0.122188 	 1.029914 	 4.939690
  205 	 0.277771 	 1.039771 	 5.219480
  206 	 0.198946 	 1.009943 	 3.367138
  207 	 0.039143 	 0.977292 	 2.804493
  208 	 0.288057 	 0.981523 	 3.600414
  209 	 0.320816 	 1.095402 	 8.478652
  210 	 0.235271 	 1.002292 	 2.667687
  211 	 0.116857 	 0.991886 	 2.502404
  212 	 0.364952 	 1.032673 	 3.262951
  213 	 0.117271 	 1.029593 	 4.910215
  214 	 0.299244 	 0.992380 	 2.253512
  215 	 0.116959 	 1.022207 	 5.100185
  216 	 0.430161 	 1.012067 	 2.645193
  217 	 0.193088 	 1.060590 	 5.108325
  218 	 0.368135 	 0.993842 	 1.934383
  219 	 0.116124 	 0.998135 	 3.783753
  220 	 0.124787 	 0.994838 	 2.237461
  221 	 0.111365 	 1.111183 	 4.927964
  222 	 0.116907 	 0.989401 	 4.717284
  223 	 0.116455 	 1.018516 	 5.258585
  224 	 0.202033 	 1.099574 	 4.908002
  225 	 0.037966 	 1.114303 	 5.295076
  226 	 0.200529 	 0.988094 	 3.462209
  227 	 0.186585 	 1.155687 	 8.564182
  228 	 0.198262 	 1.041728 	 3.580005
  229 	 0.115737 	 1.049645 	 3.768107
  230 	 0.118270 	 0.999012 	 3.609304
  231 	 0.038036 	 1.043463 	 5.140415
  232 	 0.271142 	 1.063197 	 6.043390
  233 	 0.037830 	 1.106724 	 7.528110
  234 	 0.039908 	 1.000242 	 2.857617
  235 	 0.037766 	 1.195371 	 8.574146
  236 	 0.340551 	 1.107788 	 9.000280
  237 	 0.115620 	 1.117783 	 7.543440
  238 	 0.036630 	 0.961925 	 2.384638
  239 	 0.131195 	 1.083527 	 5.143516
  240 	 0.267130 	 1.202929 	 8.950100
  241 	 0.191721 	 1.088802 	 4.502579
  242 	 0.110560 	 0.996875 	 2.945247
  243 	 0.218275 	 1.027617 	 3.696574
  244 	 0.331110 	 1.100282 	 5.280963
  245 	 0.040234 	 1.030266 	 3.487056
  246 	 0.186155 	 0.980051 	 2.031869
  247 	 0.039593 	 1.107088 	 8.400983
  248 	 0.473783 	 1.055192 	 3.774226
  249 	 0.038487 	 1.089551 	 8.929177
  250 	 0.038431 	 0.970654 	 1.809682
  251 	 0.110914 	 1.139577 	 8.526112
  252 	 0.312960 	 1.014718 	 2.961476
  253 	 0.039252 	 1.058278 	 5.455119
  254 	 0.328918 	 0.978858 	 2.594978
  255 	 0.124362 	 1.127919 	 7.459819
  256 	 0.039325 	 0.970049 	 2.376628
  257 	 0.128072 	 1.056806 	 5.082296
  258 	 0.038949 	 1.095204 	 7.928660
  259 	 0.115831 	 1.124709 	 4.876855
  260 	 0.094810 	 1.143798 	 8.371749
  261 	 0.201140 	 1.083477 	 5.137932
  262 	 0.037815 	 1.083694 	 5.273980
  263 	 0.116523 	 1.052320 	 3.572193
  264 	 0.186819 	 1.140320 	 8.575216
  265 	 0.273299 	 1.090259 	 5.119728
  266 	 0.115553 	 1.034374 	 3.764796
  267 	 0.036735 	 0.997295 	 2.892689
  268 	 0.260173 	 1.076363 	 5.145273
  269 	 0.121027 	 1.201256 	 8.655434
  270 	 0.038126 	 1.007625 	 2.950088
  271 	 0.114576 	 1.046498 	 5.169919
  272 	 0.330154 	 1.200121 	 8.552408
  273 	 0.132044 	 1.093743 	 5.171277
  274 	 0.115859 	 0.988472 	 2.445263
  275 	 0.190473 	 1.058364 	 4.742850
  276 	 0.102550 	 1.085062 	 5.100946
  277 	 0.103538 	 1.031342 	 3.713700
  278 	 0.118770 	 1.053873 	 5.514213
  279 	 0.128890 	 1.107978 	 5.484337
  280 	 0.178795 	 1.089174 	 5.061504
  281 	 0.179962 	 1.044478 	 4.814876
  282 	 0.078471 	 1.011223 	 3.882073
  283 	 0.204345 	 1.025025 	 3.864562
  284 	 0.252470 	 1.076383 	 6.358443
  285 	 0.255665 	 1.034257 	 3.981759
  286 	 0.155346 	 0.988951 	 3.018690
  287 	 0.243205 	 1.002987 	 2.989847
  288 	 0.322842 	 1.023973 	 4.270842
  289 	 0.117280 	 0.975406 	 3.105544
  290 	 0.229904 	 0.988952 	 2.422235
  291 	 0.116151 	 1.089995 	 5.722581
  292 	 0.116698 	 0.997957 	 3.239351
  293 	 0.172373 	 1.054956 	 5.129486
  294 	 0.301373 	 1.021048 	 5.115158
  295 	 0.038237 	 1.028388 	 3.981326
  296 	 0.192531 	 0.985187 	 2.872139
  297 	 0.230481 	 1.088252 	 8.544339
  298 	 0.288772 	 1.001009 	 3.685532
  299 	 0.116399 	 1.028497 	 3.567635
  300 	 0.265651 	 1.000221 	 2.720556
  301 	 0.274723 	 1.027294 	 5.122981
  302 	 0.119479 	 0.977737 	 2.903169
  303 	 0.192242 	 1.035515 	 2.828674
  304 	 0.333559 	 1.050304 	 5.043414
  305 	 0.343941 	 1.010236 	 3.743330
  306 	 0.037926 	 0.954477 	 2.448225
  307 	 0.251526 	 1.018922 	 2.404187
  308 	 0.348362 	 1.119921 	 8.567084
  309 	 0.314449 	 0.987417 	 3.027313
  310 	 0.115662 	 0.964906 	 2.378901
  311 	 0.119230 	 1.000470 	 2.542917
  312 	 0.406884 	 1.063713 	 5.142398
  313 	 0.381429 	 1.031524 	 5.049750
  314 	 0.191527 	 0.955259 	 2.058951
  315 	 0.039845 	 0.967984 	 2.172830
  316 	 0.039752 	 1.021354 	 3.699226
  317 	 0.039912 	 1.080704 	 8.714970
  318 	 0.265166 	 1.038329 	 8.722035
  319 	 0.113717 	 1.051634 	 8.709893
  320 	 0.113626 	 0.996683 	 2.907268
  321 	 0.113783 	 1.028971 	 5.384544
  322 	 0.335653 	 1.017482 	 5.196818
  323 	 0.127163 	 0.997211 	 5.192582
  324 	 0.117534 	 0.974704 	 2.412820
  325 	 0.115825 	 1.029545 	 5.121309
  326 	 0.115596 	 1.026316 	 5.093355
  327 	 0.192008 	 1.055130 	 5.324112
  328 	 0.115562 	 1.045321 	 5.106716
  329 	 0.185085 	 1.010764 	 3.746606
  330 	 0.190476 	 1.052906 	 5.145051
  331 	 0.261410 	 1.053837 	 3.846371
  332 	 0.191573 	 1.024508 	 3.768244
  333 	 0.257329 	 0.984447 	 3.034808
  334 	 0.260665 	 1.035421 	 3.794022
  335 	 0.037916 	 1.019903 	 2.975047
  336 	 0.039543 	 0.985904 	 2.931135
  337 	 0.039331 	 1.039459 	 7.026638
  338 	 0.332233 	 1.108630 	 8.933100
  339 	 0.140737 	 1.080533 	 8.754162
  340 	 0.111012 	 0.964494 	 2.408866
  341 	 0.113707 	 1.000100 	 4.637418
  342 	 0.117454 	 1.041556 	 4.233477
  343 	 0.212034 	 1.073770 	 5.488276
  344 	 0.037230 	 0.989448 	 4.864902
  345 	 0.179370 	 0.977485 	 3.485119
  346 	 0.202278 	 1.179519 	 9.458059
  347 	 0.273692 	 1.036826 	 3.738741
  348 	 0.104754 	 0.975852 	 3.130110
  349 	 0.261949 	 0.971984 	 2.922340
  350 	 0.312012 	 1.117520 	 5.771868
  351 	 0.037891 	 1.006258 	 2.990891
  352 	 0.171035 	 0.955580 	 2.628041
  353 	 0.119224 	 1.145434 	 9.399320
  354 	 0.369967 	 1.051685 	 3.255170
  355 	 0.036594 	 1.039136 	 4.947461
  356 	 0.036367 	 0.934172 	 2.280672
  357 	 0.115765 	 1.131735 	 8.368640
  358 	 0.423088 	 1.148196 	 9.535890
  359 	 0.118322 	 1.084771 	 5.033596
  360 	 0.104102 	 0.926785 	 1.976330
  361 	 0.195998 	 1.051749 	 5.175405
  362 	 0.484701 	 1.100640 	 5.740473
  363 	 0.190175 	 1.062868 	 3.585542
  364 	 0.038879 	 0.897998 	 1.786989
  365 	 0.272595 	 1.014824 	 3.865850
  366 	 0.037860 	 1.113103 	 7.956767
  367 	 0.250404 	 1.029442 	 2.877738
  368 	 0.115884 	 1.107717 	 8.571920
  369 	 0.338234 	 0.988379 	 3.074051
  370 	 0.115543 	 1.105486 	 5.040363
  371 	 0.316761 	 1.022099 	 2.374544
  372 	 0.195188 	 1.040095 	 6.297386
  373 	 0.037247 	 0.942397 	 2.559107
  374 	 0.156733 	 1.078403 	 3.697382
  375 	 0.038103 	 1.125377 	 8.916835
  376 	 0.264531 	 1.004681 	 4.816195
  377 	 0.038996 	 1.027452 	 8.264287
  378 	 0.117104 	 1.026761 	 2.878274
  379 	 0.119745 	 1.167614 	 8.779907
  380 	 0.313098 	 1.093553 	 5.952240
  381 	 0.112831 	 0.977314 	 4.934742
  382 	 0.165589 	 1.027591 	 2.577335
  383 	 0.037774 	 1.122330 	 5.109053
  384 	 0.116797 	 1.032550 	 4.619167
  385 	 0.039445 	 1.101726 	 8.286766
  386 	 0.039431 	 1.024786 	 5.007582
  387 	 0.119479 	 1.180806 	 8.173631
  388 	 0.118232 	 1.197195 	 11.070428
  389 	 0.121116 	 1.008535 	 4.941224
  390 	 0.039142 	 1.011813 	 4.971853
  391 	 0.039512 	 1.155263 	 5.813405
  392 	 0.197834 	 1.244352 	 8.193901
  393 	 0.170523 	 1.075546 	 8.169109
  394 	 0.121289 	 1.013390 	 4.020365
  395 	 0.121654 	 1.092109 	 4.271597
  396 	 0.243708 	 1.135567 	 4.897436
  397 	 0.039616 	 0.954761 	 3.040989
  398 	 0.039374 	 0.937322 	 2.326982
  399 	 0.036370 	 1.112842 	 8.162196
 