   0 	 0.015315 	 0.059819 	 0.257036
    1 	 0.015315 	 0.102790 	 0.440063
    2 	 0.026031 	 0.155133 	 0.529021
    3 	 0.028492 	 0.220292 	 1.470057
    4 	 0.033650 	 0.391277 	 2.026983
    5 	 0.043437 	 0.703754 	 3.009132
    6 	 0.047546 	 1.024782 	 2.706866
    7 	 0.038814 	 1.024435 	 6.372322
    8 	 0.036418 	 0.734633 	 3.314835
    9 	 0.037130 	 0.835419 	 2.648877
   10 	 0.039432 	 0.906882 	 2.660865
   11 	 0.039800 	 0.839075 	 3.043537
   12 	 0.038738 	 0.897739 	 5.490035
   13 	 0.038917 	 0.879715 	 2.850425
   14 	 0.036330 	 0.918594 	 4.075380
   15 	 0.041067 	 0.901841 	 3.078554
   16 	 0.130758 	 0.988200 	 8.240204
   17 	 0.145109 	 1.140414 	 11.121203
   18 	 0.037555 	 1.105701 	 4.208267
   19 	 0.036831 	 0.926744 	 4.985423
   20 	 0.104384 	 1.357791 	 10.990210
   21 	 0.037147 	 1.825153 	 14.015989
   22 	 0.037021 	 1.108986 	 6.954882
   23 	 0.037508 	 1.201977 	 11.794370
   24 	 0.142680 	 1.608681 	 12.949789
   25 	 0.084479 	 1.983073 	 12.120102
   26 	 0.033601 	 1.106690 	 5.305597
   27 	 0.082197 	 1.115184 	 8.250612
   28 	 0.039358 	 1.623622 	 14.164149
   29 	 0.038875 	 1.704432 	 8.741491
   30 	 0.070397 	 1.207286 	 11.420963
   31 	 0.113863 	 1.262792 	 12.646205
   32 	 0.087063 	 1.389466 	 7.547343
   33 	 0.078775 	 1.492780 	 5.942889
   34 	 0.106642 	 1.115502 	 8.797950
   35 	 0.038015 	 1.139874 	 8.027299
   36 	 0.113111 	 1.346234 	 5.843649
   37 	 0.123966 	 1.506629 	 11.505460
   38 	 0.169863 	 1.069231 	 5.614467
   39 	 0.037534 	 1.091100 	 6.469707
   40 	 0.176163 	 1.259783 	 5.040861
   41 	 0.153725 	 1.478014 	 10.036700
   42 	 0.038706 	 1.051406 	 4.505258
   43 	 0.099258 	 1.046598 	 5.135436
   44 	 0.038098 	 1.277103 	 9.642636
   45 	 0.192399 	 1.357911 	 6.088000
   46 	 0.103012 	 1.138747 	 10.787701
   47 	 0.098131 	 1.018764 	 4.510623
   48 	 0.092447 	 1.209402 	 7.224821
   49 	 0.219610 	 1.334686 	 6.947757
   50 	 0.137737 	 1.095258 	 7.660073
   51 	 0.143202 	 1.004144 	 3.767753
   52 	 0.039018 	 1.156138 	 5.535969
   53 	 0.262940 	 1.251065 	 5.290956
   54 	 0.179248 	 1.196165 	 12.207356
   55 	 0.038474 	 0.983371 	 3.269686
   56 	 0.081612 	 1.120419 	 4.383124
   57 	 0.298993 	 1.517835 	 13.490214
   58 	 0.226320 	 1.135920 	 8.546156
   59 	 0.073934 	 1.006584 	 2.925560
   60 	 0.116168 	 1.080778 	 3.820878
   61 	 0.038382 	 1.333096 	 8.050016
   62 	 0.038968 	 1.107907 	 6.174074
   63 	 0.118435 	 1.111306 	 11.878999
   64 	 0.039195 	 1.255436 	 13.446670
   65 	 0.083859 	 1.296631 	 6.088852
   66 	 0.074115 	 1.205706 	 11.765353
   67 	 0.163008 	 1.100091 	 7.712544
   68 	 0.084740 	 1.152002 	 8.339208
   69 	 0.128893 	 1.230148 	 4.789078
   70 	 0.119260 	 1.189804 	 7.660464
   71 	 0.206012 	 1.020534 	 4.584626
   72 	 0.129940 	 1.113375 	 6.058384
   73 	 0.215963 	 1.166126 	 3.971210
   74 	 0.163822 	 1.128330 	 5.690225
   75 	 0.249588 	 1.028225 	 3.820251
   76 	 0.174337 	 1.100488 	 4.770489
   77 	 0.090276 	 1.149286 	 3.350224
   78 	 0.119055 	 1.084430 	 4.479550
   79 	 0.037685 	 1.030754 	 7.348837
   80 	 0.220899 	 1.180277 	 6.065952
   81 	 0.135176 	 1.374134 	 12.708817
   82 	 0.163619 	 1.064122 	 3.706459
   83 	 0.038399 	 0.999993 	 5.676125
   84 	 0.266506 	 1.129288 	 4.887125
   85 	 0.174672 	 1.375370 	 11.876555
   86 	 0.123345 	 1.043531 	 3.251967
   87 	 0.083910 	 0.965921 	 4.535728
   88 	 0.303235 	 1.164002 	 5.912100
   89 	 0.218764 	 1.348116 	 8.381536
   90 	 0.167844 	 1.022200 	 2.904988
   91 	 0.116342 	 0.945111 	 3.934461
   92 	 0.338893 	 1.120400 	 4.680675
   93 	 0.038555 	 1.315340 	 6.805381
   94 	 0.125443 	 1.008798 	 2.636283
   95 	 0.038264 	 1.098403 	 11.854706
   96 	 0.123976 	 1.092733 	 3.920464
   97 	 0.084064 	 1.390193 	 13.575139
   98 	 0.096783 	 1.050508 	 6.274478
   99 	 0.073416 	 1.118221 	 8.370723
  100 	 0.120561 	 1.131353 	 7.565285
  101 	 0.118961 	 1.323587 	 6.561741
  102 	 0.131567 	 1.105585 	 6.146543
  103 	 0.151581 	 1.063639 	 6.074490
  104 	 0.038449 	 1.106756 	 5.989202
  105 	 0.122266 	 1.270438 	 5.675558
  106 	 0.165986 	 1.156275 	 8.485419
  107 	 0.039560 	 1.062157 	 5.950057
  108 	 0.117514 	 1.085095 	 4.721745
  109 	 0.166782 	 1.430504 	 15.683730
  110 	 0.210210 	 1.129436 	 6.308586
  111 	 0.038758 	 1.021807 	 4.704070
  112 	 0.157908 	 1.080922 	 4.266027
  113 	 0.038530 	 1.431201 	 11.826219
  114 	 0.037997 	 1.078591 	 5.327412
  115 	 0.084306 	 1.143524 	 14.634947
  116 	 0.186275 	 1.330553 	 13.471568
  117 	 0.068165 	 1.421447 	 8.763815
  118 	 0.074067 	 1.056999 	 4.628026
  119 	 0.113718 	 1.070659 	 10.826642
  120 	 0.038255 	 1.193354 	 9.627734
  121 	 0.092159 	 1.476660 	 6.948962
  122 	 0.028122 	 1.307764 	 14.694033
  123 	 0.142899 	 1.034342 	 8.594109
  124 	 0.038963 	 1.315923 	 19.112347
  125 	 0.034135 	 1.394996 	 6.178546
  126 	 0.052182 	 1.386172 	 17.134033
  127 	 0.160783 	 1.175923 	 17.142264
  128 	 0.037235 	 1.220578 	 11.417883
  129 	 0.058245 	 1.339783 	 5.405888
  130 	 0.087464 	 1.404639 	 12.123991
  131 	 0.037103 	 1.060186 	 9.611224
  132 	 0.082317 	 1.155173 	 8.139081
  133 	 0.103663 	 1.466520 	 13.792556
  134 	 0.098673 	 1.341770 	 8.919269
  135 	 0.072263 	 1.027104 	 7.190972
  136 	 0.111674 	 1.120680 	 8.766311
  137 	 0.138382 	 1.441548 	 9.288245
  138 	 0.037572 	 1.340619 	 7.359781
  139 	 0.036194 	 0.995131 	 6.150741
  140 	 0.135326 	 1.229447 	 13.703873
  141 	 0.161652 	 1.557164 	 13.967597
  142 	 0.039501 	 1.245515 	 5.857348
  143 	 0.071515 	 0.979468 	 5.074810
  144 	 0.169401 	 1.335011 	 15.698251
  145 	 0.196117 	 1.395787 	 9.353183
  146 	 0.037811 	 1.181625 	 5.165258
  147 	 0.105827 	 0.973461 	 4.319345
  148 	 0.192283 	 1.404931 	 14.790464
  149 	 0.229766 	 1.333763 	 7.690708
  150 	 0.067501 	 1.140643 	 4.440826
  151 	 0.129700 	 0.969297 	 3.771215
  152 	 0.038239 	 1.299941 	 10.193603
  153 	 0.035229 	 1.266591 	 6.605027
  154 	 0.097785 	 1.266960 	 14.697365
  155 	 0.036860 	 1.101845 	 15.377661
  156 	 0.038418 	 1.138934 	 6.589486
  157 	 0.064938 	 1.380948 	 15.346768
  158 	 0.151074 	 1.437933 	 14.658793
  159 	 0.065041 	 1.042357 	 11.218587
  160 	 0.068087 	 1.089700 	 5.578062
  161 	 0.037153 	 1.333131 	 11.205635
  162 	 0.038566 	 1.358097 	 10.385564
  163 	 0.089049 	 1.306449 	 15.301615
  164 	 0.037936 	 1.414028 	 14.972110
  165 	 0.065232 	 1.268940 	 8.414071
  166 	 0.066658 	 1.407513 	 14.939551
  167 	 0.118429 	 1.204995 	 10.702925
  168 	 0.066803 	 1.307699 	 11.103931
  169 	 0.038379 	 1.201683 	 6.819927
  170 	 0.089785 	 1.312012 	 10.351625
  171 	 0.084718 	 1.332032 	 13.854364
  172 	 0.096289 	 1.228105 	 8.835099
  173 	 0.072025 	 1.283307 	 8.437565
  174 	 0.112754 	 1.247481 	 7.687055
  175 	 0.118100 	 1.236504 	 9.449604
  176 	 0.127256 	 1.123243 	 6.808070
  177 	 0.105501 	 1.199792 	 6.761301
  178 	 0.132818 	 1.265357 	 6.533655
  179 	 0.039281 	 1.230830 	 7.390939
  180 	 0.135850 	 1.073528 	 6.149367
  181 	 0.132458 	 1.302056 	 14.475697
  182 	 0.037762 	 1.272918 	 6.036828
  183 	 0.068939 	 1.189087 	 6.163008
  184 	 0.038147 	 1.285616 	 16.138804
  185 	 0.138543 	 1.174794 	 10.127669
  186 	 0.061833 	 1.456752 	 16.247697
  187 	 0.098145 	 1.238752 	 6.175007
  188 	 0.036385 	 1.233300 	 11.009217
  189 	 0.161311 	 1.140840 	 8.227379
  190 	 0.090640 	 1.524875 	 16.726630
  191 	 0.121189 	 1.221340 	 5.390516
  192 	 0.059699 	 1.196355 	 8.254889
  193 	 0.086697 	 1.114220 	 6.878102
  194 	 0.120716 	 1.410965 	 11.173364
  195 	 0.122135 	 1.234107 	 9.017359
  196 	 0.089312 	 1.143910 	 6.900536
  197 	 0.110600 	 1.158214 	 6.581761
  198 	 0.144410 	 1.394783 	 8.809676
  199 	 0.151378 	 1.190110 	 7.163303
  200 	 0.113201 	 1.108154 	 5.766685
  201 	 0.139130 	 1.122117 	 5.519420
  202 	 0.126708 	 1.315792 	 7.032319
  203 	 0.127677 	 1.158642 	 5.919597
  204 	 0.141601 	 1.133957 	 6.422273
  205 	 0.154900 	 1.146662 	 6.382561
  206 	 0.037933 	 1.186454 	 6.049585
  207 	 0.155968 	 1.143351 	 5.599118
  208 	 0.164512 	 1.272684 	 14.763804
  209 	 0.177654 	 1.122904 	 5.383050
  210 	 0.067626 	 1.145076 	 5.146363
  211 	 0.184937 	 1.105526 	 4.907879
  212 	 0.193193 	 1.238896 	 10.264194
  213 	 0.115387 	 1.115617 	 4.656861
  214 	 0.035107 	 1.126058 	 4.484439
  215 	 0.038680 	 1.117209 	 6.925807
  216 	 0.221561 	 1.345548 	 15.598840
  217 	 0.039897 	 1.261031 	 16.108342
  218 	 0.037391 	 1.078206 	 3.991051
  219 	 0.061968 	 1.130264 	 5.952895
  220 	 0.127919 	 1.383666 	 15.062291
  221 	 0.167171 	 1.182150 	 10.897032
  222 	 0.066266 	 1.197317 	 7.177752
  223 	 0.091518 	 1.125644 	 5.076886
  224 	 0.138851 	 1.274750 	 11.152440
  225 	 0.195852 	 1.160564 	 9.988229
  226 	 0.089428 	 1.137639 	 5.074384
  227 	 0.098437 	 1.114324 	 4.489290
  228 	 0.196133 	 1.234289 	 9.967355
  229 	 0.221597 	 1.130963 	 9.213488
  230 	 0.100226 	 1.115398 	 4.855951
  231 	 0.108187 	 1.114247 	 3.977766
  232 	 0.038392 	 1.182770 	 8.088915
  233 	 0.034018 	 1.096496 	 8.362139
  234 	 0.121614 	 1.387182 	 20.083629
  235 	 0.119162 	 1.297442 	 15.669600
  236 	 0.049728 	 1.151826 	 6.604393
  237 	 0.063783 	 1.081708 	 7.659197
  238 	 0.150734 	 1.281186 	 12.701971
  239 	 0.033379 	 1.147324 	 10.777853
  240 	 0.038789 	 1.092852 	 5.539115
  241 	 0.092678 	 1.462648 	 15.827917
  242 	 0.179568 	 1.538242 	 16.080089
  243 	 0.063061 	 1.185192 	 8.218415
  244 	 0.062143 	 1.077633 	 5.236474
  245 	 0.121250 	 1.362499 	 12.576472
  246 	 0.189916 	 1.458621 	 13.597393
  247 	 0.037998 	 1.134950 	 6.655568
  248 	 0.073482 	 1.064874 	 4.908783
  249 	 0.035453 	 1.503406 	 14.925794
  250 	 0.202520 	 1.400879 	 11.150517
  251 	 0.066950 	 1.529754 	 20.985232
  252 	 0.038318 	 1.041069 	 4.622780
  253 	 0.047625 	 1.424299 	 12.634216
  254 	 0.214861 	 1.565958 	 19.795083
  255 	 0.079079 	 1.400334 	 14.405640
  256 	 0.050486 	 1.052374 	 4.352356
  257 	 0.037897 	 1.359307 	 11.138481
  258 	 0.229118 	 1.431703 	 15.555363
  259 	 0.089681 	 1.547156 	 20.285009
  260 	 0.064239 	 1.038967 	 4.076335
  261 	 0.037880 	 1.296262 	 9.663642
  262 	 0.244491 	 1.379062 	 13.082249
  263 	 0.061039 	 1.570499 	 15.950483
  264 	 0.076368 	 1.014295 	 3.835963
  265 	 0.062649 	 1.280433 	 10.996407
  266 	 0.259864 	 1.343251 	 9.410143
  267 	 0.090680 	 1.454356 	 13.080568
  268 	 0.106113 	 1.011192 	 3.654112
  269 	 0.033679 	 1.208859 	 8.300140
  270 	 0.036811 	 1.272670 	 6.797508
  271 	 0.120071 	 1.507110 	 15.753134
  272 	 0.117264 	 1.147991 	 14.660341
  273 	 0.063424 	 1.158176 	 6.672426
  274 	 0.068073 	 1.260461 	 7.492636
  275 	 0.149597 	 1.373016 	 7.292978
  276 	 0.132936 	 1.237606 	 12.457506
  277 	 0.136530 	 1.091517 	 5.524952
  278 	 0.080184 	 1.202075 	 6.367982
  279 	 0.180598 	 1.346362 	 6.723575
  280 	 0.156324 	 1.246292 	 9.217938
  281 	 0.037917 	 1.064472 	 4.737130
  282 	 0.108341 	 1.173524 	 5.372769
  283 	 0.210658 	 1.448729 	 13.943772
  284 	 0.141946 	 1.087387 	 5.088209
  285 	 0.071560 	 1.028988 	 4.158730
  286 	 0.195909 	 1.193041 	 5.822556
  287 	 0.232963 	 1.367395 	 11.938859
  288 	 0.170313 	 1.082619 	 4.805172
  289 	 0.083557 	 1.029911 	 4.104030
  290 	 0.122640 	 1.145150 	 4.997186
  291 	 0.239910 	 1.291275 	 10.443083
  292 	 0.198926 	 1.061757 	 4.498226
  293 	 0.095485 	 1.054962 	 3.966523
  294 	 0.038020 	 1.137793 	 4.372036
  295 	 0.129610 	 1.252532 	 9.286369
  296 	 0.228090 	 1.265140 	 19.912218
  297 	 0.106813 	 1.115455 	 5.793421
  298 	 0.050135 	 1.123318 	 3.920186
  299 	 0.171608 	 1.205157 	 7.319954
  300 	 0.253089 	 1.221435 	 16.042263
  301 	 0.136425 	 1.122833 	 5.440447
  302 	 0.062220 	 1.095768 	 3.780881
  303 	 0.137089 	 1.158733 	 6.728358
  304 	 0.140782 	 1.192574 	 14.363730
  305 	 0.116474 	 1.166177 	 6.698402
  306 	 0.037598 	 1.151057 	 5.960116
  307 	 0.148628 	 1.157204 	 7.771602
  308 	 0.167126 	 1.386964 	 20.081070
  309 	 0.037195 	 1.155033 	 5.579483
  310 	 0.049740 	 1.158547 	 5.729810
  311 	 0.037447 	 1.417218 	 22.419219
  312 	 0.124279 	 1.289877 	 16.144603
  313 	 0.044590 	 1.329593 	 20.142166
  314 	 0.061893 	 1.187451 	 7.327144
  315 	 0.049617 	 1.437240 	 13.442685
  316 	 0.037694 	 1.297954 	 13.496468
  317 	 0.074330 	 1.371976 	 16.176763
  318 	 0.037328 	 1.345883 	 20.042392
  319 	 0.039107 	 1.223618 	 9.603412
  320 	 0.049792 	 1.572015 	 14.896940
  321 	 0.104049 	 1.616717 	 19.490566
  322 	 0.067100 	 1.308065 	 16.131007
  323 	 0.037530 	 1.186022 	 8.602187
  324 	 0.061946 	 1.456768 	 12.610272
  325 	 0.116085 	 1.719197 	 20.108548
  326 	 0.079224 	 1.242831 	 13.486980
  327 	 0.049700 	 1.160337 	 7.795150
  328 	 0.074075 	 1.419340 	 10.938070
  329 	 0.128084 	 1.564415 	 16.155098
  330 	 0.090923 	 1.205695 	 11.590876
  331 	 0.061853 	 1.145929 	 7.128374
  332 	 0.085507 	 1.408993 	 9.697119
  333 	 0.037585 	 1.433132 	 13.503791
  334 	 0.037342 	 1.164739 	 10.671582
  335 	 0.073986 	 1.562012 	 20.624842
  336 	 0.093600 	 1.645456 	 20.184969
  337 	 0.037557 	 1.360584 	 11.780446
  338 	 0.049512 	 1.160953 	 7.234377
  339 	 0.084799 	 1.547685 	 16.485428
  340 	 0.037971 	 1.523040 	 16.204326
  341 	 0.060615 	 1.390702 	 10.309423
  342 	 0.061670 	 1.358163 	 19.931741
  343 	 0.096896 	 1.486125 	 13.733472
  344 	 0.037522 	 1.471083 	 13.537212
  345 	 0.072750 	 1.354309 	 9.166221
  346 	 0.037249 	 1.218985 	 11.425731
  347 	 0.108951 	 1.396963 	 11.771603
  348 	 0.087438 	 1.823016 	 20.769038
  349 	 0.084862 	 1.360995 	 8.254147
  350 	 0.048120 	 1.151637 	 6.629618
  351 	 0.120972 	 1.386331 	 10.228897
  352 	 0.037502 	 1.662455 	 16.578153
  353 	 0.097658 	 1.299241 	 7.509061
  354 	 0.060281 	 1.253102 	 11.778334
  355 	 0.132979 	 1.322068 	 6.182071
  356 	 0.084809 	 1.467139 	 13.660878
  357 	 0.161421 	 1.254929 	 6.854976
  358 	 0.072867 	 1.212916 	 10.308344
  359 	 0.145411 	 1.306236 	 5.736534
  360 	 0.038051 	 1.408667 	 11.755469
  361 	 0.173951 	 1.227160 	 6.344749
  362 	 0.084999 	 1.389718 	 19.900039
  363 	 0.126299 	 1.256258 	 4.558918
  364 	 0.050219 	 1.351776 	 10.288188
  365 	 0.218827 	 1.234673 	 7.220292
  366 	 0.097084 	 1.344693 	 16.020858
  367 	 0.132965 	 1.268307 	 4.114866
  368 	 0.037708 	 1.310325 	 9.150492
  369 	 0.134154 	 1.264286 	 6.888723
  370 	 0.109138 	 1.422621 	 13.410011
  371 	 0.128680 	 1.311276 	 6.832734
  372 	 0.074503 	 1.280514 	 8.241424
  373 	 0.038542 	 1.257207 	 7.098241
  374 	 0.121159 	 1.347168 	 10.425358
  375 	 0.140638 	 1.741345 	 19.707707
  376 	 0.095632 	 1.258952 	 7.498560
  377 	 0.037041 	 1.218877 	 6.542864
  378 	 0.133142 	 1.318419 	 9.273688
  379 	 0.033023 	 1.834484 	 20.308132
  380 	 0.037659 	 1.194238 	 6.880308
  381 	 0.049212 	 1.387605 	 22.112686
  382 	 0.145085 	 1.546491 	 20.056532
  383 	 0.045198 	 1.773801 	 16.283511
  384 	 0.049829 	 1.178044 	 6.357881
  385 	 0.059497 	 1.314248 	 17.422211
  386 	 0.156984 	 1.493517 	 16.121548
  387 	 0.057358 	 1.703655 	 13.947677
  388 	 0.061982 	 1.156590 	 5.910728
  389 	 0.071634 	 1.256890 	 14.890292
  390 	 0.124508 	 1.493485 	 13.931089
  391 	 0.067103 	 1.703741 	 11.928350
  392 	 0.071731 	 1.233695 	 7.445566
  393 	 0.083748 	 1.219748 	 12.609880
  394 	 0.037912 	 1.421732 	 11.914483
  395 	 0.079226 	 1.527680 	 9.158234
  396 	 0.083846 	 1.453589 	 20.959120
  397 	 0.109046 	 1.199311 	 10.937775
  398 	 0.047684 	 1.432270 	 10.411718
  399 	 0.038298 	 1.468057 	 8.260845
 