   0 	 0.015306 	 0.062231 	 1.000501
    1 	 0.016662 	 0.233425 	 1.859081
    2 	 0.020163 	 0.816517 	 4.145945
    3 	 0.144299 	 1.032704 	 3.818909
    4 	 0.204690 	 0.873723 	 4.505250
    5 	 0.222597 	 0.724973 	 2.064574
    6 	 0.042598 	 0.900553 	 1.892232
    7 	 0.041983 	 1.003283 	 3.125699
    8 	 0.042019 	 1.043567 	 4.568331
    9 	 0.117668 	 1.142177 	 7.818647
   10 	 0.038169 	 1.093348 	 5.818030
   11 	 0.039298 	 0.980513 	 3.090539
   12 	 0.038716 	 1.019776 	 9.463516
   13 	 0.037722 	 1.027450 	 3.848447
   14 	 0.103682 	 1.206620 	 9.870096
   15 	 0.248463 	 1.094910 	 6.742112
   16 	 0.099113 	 1.022408 	 4.458678
   17 	 0.146011 	 1.011261 	 2.446464
   18 	 0.114339 	 1.118633 	 4.768424
   19 	 0.036693 	 1.058116 	 4.683605
   20 	 0.202236 	 1.057842 	 5.499357
   21 	 0.210477 	 1.091929 	 9.597557
   22 	 0.034108 	 1.046049 	 2.824179
   23 	 0.103707 	 1.030828 	 3.597415
   24 	 0.310773 	 1.083365 	 9.841756
   25 	 0.264991 	 1.042286 	 6.012981
   26 	 0.101490 	 1.072252 	 2.678284
   27 	 0.163173 	 1.052065 	 3.052589
   28 	 0.371791 	 1.040981 	 6.094208
   29 	 0.037690 	 0.997704 	 4.429238
   30 	 0.162422 	 1.050350 	 2.302075
   31 	 0.221988 	 1.185908 	 9.482007
   32 	 0.037720 	 0.992609 	 3.662712
   33 	 0.036853 	 0.972675 	 3.454368
   34 	 0.266538 	 1.282076 	 19.677118
   35 	 0.284336 	 1.317256 	 9.582836
   36 	 0.037519 	 0.972565 	 2.837840
   37 	 0.103676 	 0.963100 	 2.589763
   38 	 0.333949 	 1.241197 	 9.988088
   39 	 0.370321 	 1.246483 	 8.667315
   40 	 0.099925 	 0.972338 	 2.293897
   41 	 0.040465 	 0.939684 	 2.284040
   42 	 0.423478 	 1.143188 	 6.152896
   43 	 0.417599 	 1.387467 	 19.280864
   44 	 0.160888 	 0.968450 	 2.057283
   45 	 0.051697 	 0.937912 	 2.331006
   46 	 0.470636 	 1.108469 	 5.278995
   47 	 0.417780 	 1.309614 	 8.726235
   48 	 0.035968 	 0.953314 	 1.875341
   49 	 0.114527 	 0.933111 	 2.060667
   50 	 0.038156 	 1.298802 	 21.111295
   51 	 0.363725 	 1.249667 	 5.749525
   52 	 0.047342 	 1.059027 	 9.924988
   53 	 0.173583 	 0.946510 	 2.345630
   54 	 0.039999 	 1.179455 	 9.095675
   55 	 0.415243 	 1.215679 	 5.397142
   56 	 0.035986 	 1.138999 	 9.746716
   57 	 0.036982 	 0.926880 	 2.342234
   58 	 0.036927 	 1.221451 	 10.061804
   59 	 0.415829 	 1.501153 	 20.668821
   60 	 0.037052 	 1.168360 	 8.822705
   61 	 0.048355 	 0.929885 	 2.340665
   62 	 0.113198 	 1.490530 	 20.303812
   63 	 0.037058 	 1.296530 	 8.948121
   64 	 0.049100 	 1.093832 	 7.479912
   65 	 0.037897 	 1.221632 	 19.994312
   66 	 0.133474 	 1.373162 	 16.313088
   67 	 0.049438 	 1.371417 	 9.950546
   68 	 0.061258 	 1.072588 	 6.864656
   69 	 0.037099 	 1.163561 	 16.223724
   70 	 0.037393 	 1.309201 	 13.613279
   71 	 0.061595 	 1.495967 	 9.950336
   72 	 0.073117 	 1.299635 	 20.706836
   73 	 0.100389 	 1.131612 	 13.551077
   74 	 0.048267 	 1.260386 	 11.831913
   75 	 0.039180 	 1.400405 	 8.881849
   76 	 0.084430 	 1.269015 	 16.538033
   77 	 0.112445 	 1.334329 	 19.462984
   78 	 0.060422 	 1.237568 	 10.348737
   79 	 0.051347 	 1.355250 	 8.022793
   80 	 0.095997 	 1.219372 	 13.769907
   81 	 0.124184 	 1.258788 	 10.199617
   82 	 0.036901 	 1.228945 	 9.242433
   83 	 0.097938 	 1.306312 	 6.775819
   84 	 0.108054 	 1.394575 	 20.366320
   85 	 0.147318 	 1.280097 	 9.079497
   86 	 0.049071 	 1.210666 	 8.315731
   87 	 0.109990 	 1.303710 	 6.268869
   88 	 0.120078 	 1.296221 	 16.320855
   89 	 0.037708 	 1.223442 	 8.183943
   90 	 0.061229 	 1.187417 	 7.559844
   91 	 0.122009 	 1.481451 	 20.037054
   92 	 0.132065 	 1.263256 	 13.618680
   93 	 0.049877 	 1.198729 	 6.877170
   94 	 0.038522 	 1.171436 	 6.931700
   95 	 0.037732 	 1.371057 	 13.646808
   96 	 0.034681 	 1.349991 	 16.149462
   97 	 0.073212 	 1.359901 	 17.261646
   98 	 0.061832 	 1.327629 	 21.330459
   99 	 0.057864 	 1.349643 	 11.707986
  100 	 0.046855 	 1.311596 	 13.507672
  101 	 0.038178 	 1.287499 	 14.272621
  102 	 0.037086 	 1.249707 	 16.933499
  103 	 0.070004 	 1.538628 	 19.850033
  104 	 0.059012 	 1.503235 	 20.289582
  105 	 0.050345 	 1.252291 	 12.164799
  106 	 0.049257 	 1.213229 	 14.042567
  107 	 0.082122 	 1.394882 	 15.988474
  108 	 0.071150 	 1.417670 	 16.271596
  109 	 0.062497 	 1.188299 	 7.026318
  110 	 0.061411 	 1.162365 	 11.997563
  111 	 0.142092 	 1.247997 	 9.099396
  112 	 0.083266 	 1.348384 	 13.584969
  113 	 0.109750 	 1.180009 	 5.277280
  114 	 0.073545 	 1.205835 	 10.474976
  115 	 0.037029 	 1.224322 	 8.200063
  116 	 0.095036 	 1.281890 	 11.662523
  117 	 0.107313 	 1.322962 	 17.473714
  118 	 0.085596 	 1.156049 	 8.677875
  119 	 0.057074 	 1.204209 	 8.367276
  120 	 0.115074 	 1.334100 	 10.225314
  121 	 0.119339 	 1.353831 	 12.940962
  122 	 0.097680 	 1.129255 	 7.857075
  123 	 0.076992 	 1.206044 	 7.840726
  124 	 0.127077 	 1.335403 	 9.100838
  125 	 0.127341 	 1.300135 	 11.211765
  126 	 0.036000 	 1.077674 	 5.519480
  127 	 0.089095 	 1.194737 	 6.777773
  128 	 0.180777 	 1.525071 	 20.747007
  129 	 0.147276 	 1.274245 	 9.872146
  130 	 0.048174 	 1.060906 	 5.137423
  131 	 0.101170 	 1.156994 	 6.270536
  132 	 0.194189 	 1.424062 	 13.971465
  133 	 0.158883 	 1.293995 	 8.027607
  134 	 0.071512 	 1.037331 	 4.737772
  135 	 0.124208 	 1.098908 	 4.392470
  136 	 0.210032 	 1.392943 	 10.536070
  137 	 0.227032 	 1.267883 	 7.691829
  138 	 0.094860 	 1.033448 	 4.526273
  139 	 0.129802 	 1.109442 	 4.294946
  140 	 0.118070 	 1.335777 	 8.790451
  141 	 0.036258 	 1.239208 	 7.107209
  142 	 0.037355 	 1.140699 	 7.274327
  143 	 0.038334 	 1.461951 	 20.636382
  144 	 0.038497 	 1.515515 	 22.343667
  145 	 0.036668 	 1.444595 	 21.865534
  146 	 0.037283 	 1.139861 	 6.115758
  147 	 0.045675 	 1.699690 	 20.851763
  148 	 0.162931 	 1.610451 	 19.786061
  149 	 0.047930 	 1.333991 	 9.893624
  150 	 0.050522 	 1.171499 	 5.870912
  151 	 0.100959 	 1.639470 	 19.073218
  152 	 0.169839 	 1.545550 	 17.755123
  153 	 0.052417 	 1.266596 	 9.482370
  154 	 0.038423 	 1.118507 	 5.389688
  155 	 0.036840 	 1.672546 	 17.569389
  156 	 0.037665 	 1.773401 	 22.612480
  157 	 0.056898 	 1.637372 	 20.946694
  158 	 0.044212 	 1.325804 	 20.591033
  159 	 0.037894 	 1.609404 	 14.749613
  160 	 0.036278 	 1.641322 	 19.995176
  161 	 0.067748 	 1.668316 	 18.686196
  162 	 0.037503 	 1.338909 	 23.765529
  163 	 0.053499 	 1.486926 	 12.714831
  164 	 0.042067 	 1.833322 	 23.093036
  165 	 0.078620 	 1.640760 	 17.241725
  166 	 0.037342 	 1.387282 	 21.474209
  167 	 0.057979 	 1.321593 	 12.030727
  168 	 0.037037 	 2.019492 	 23.899524
  169 	 0.083080 	 1.734543 	 15.679051
  170 	 0.041834 	 1.626283 	 24.074892
  171 	 0.063761 	 1.378464 	 11.418074
  172 	 0.037926 	 1.848932 	 21.582439
  173 	 0.038375 	 1.587414 	 14.375849
  174 	 0.034602 	 1.818546 	 23.570644
  175 	 0.037825 	 1.573326 	 22.637469
  176 	 0.042418 	 2.023428 	 24.750925
  177 	 0.044163 	 1.748597 	 23.626786
  178 	 0.037314 	 1.752073 	 21.313981
  179 	 0.042317 	 1.615180 	 20.014702
  180 	 0.046905 	 2.206869 	 23.194066
  181 	 0.049952 	 1.701229 	 21.359859
  182 	 0.043106 	 1.690788 	 19.453435
  183 	 0.046806 	 1.558133 	 18.364783
  184 	 0.038078 	 1.886729 	 20.253219
  185 	 0.037241 	 1.583783 	 19.009207
  186 	 0.049364 	 1.887475 	 23.486401
  187 	 0.052594 	 1.840273 	 23.233759
  188 	 0.042567 	 1.838967 	 18.565308
  189 	 0.030538 	 1.576666 	 17.515085
  190 	 0.053847 	 1.814722 	 20.675102
  191 	 0.035968 	 1.976914 	 27.519177
  192 	 0.048354 	 1.641144 	 13.778094
  193 	 0.036332 	 1.740120 	 23.941968
  194 	 0.072548 	 1.735679 	 18.465916
  195 	 0.041758 	 1.964158 	 23.734708
  196 	 0.054132 	 1.621966 	 12.763491
  197 	 0.042124 	 1.707341 	 21.618092
  198 	 0.078288 	 1.685962 	 17.055492
  199 	 0.046248 	 1.919403 	 21.265552
  200 	 0.058607 	 1.631520 	 11.892247
  201 	 0.047014 	 1.633878 	 19.705237
  202 	 0.084047 	 1.616797 	 15.846174
  203 	 0.050733 	 1.915547 	 19.835566
  204 	 0.063093 	 1.622251 	 11.293385
  205 	 0.050406 	 1.608038 	 18.473010
  206 	 0.088521 	 1.592834 	 14.515217
  207 	 0.054116 	 1.862850 	 17.791730
  208 	 0.037430 	 1.504173 	 10.602115
  209 	 0.056188 	 1.584565 	 17.883949
  210 	 0.028242 	 1.818030 	 23.132209
  211 	 0.055910 	 1.845715 	 16.132256
  212 	 0.043219 	 1.605504 	 19.364135
  213 	 0.061965 	 1.557834 	 16.204705
  214 	 0.051626 	 1.795111 	 20.400267
  215 	 0.037991 	 1.696478 	 12.167021
  216 	 0.036765 	 1.531272 	 17.413583
  217 	 0.082150 	 1.770592 	 22.835696
  218 	 0.032749 	 2.009296 	 23.493632
  219 	 0.043780 	 1.649744 	 11.318586
  220 	 0.042554 	 1.746891 	 25.941147
  221 	 0.038526 	 1.466560 	 13.648528
  222 	 0.037858 	 1.892273 	 20.680703
  223 	 0.073237 	 1.922714 	 22.560319
  224 	 0.035692 	 1.826669 	 22.905055
  225 	 0.044314 	 1.422144 	 12.652320
  226 	 0.043647 	 2.187542 	 24.100902
  227 	 0.079001 	 1.996260 	 19.954401
  228 	 0.041482 	 1.528639 	 14.680467
  229 	 0.050100 	 1.420230 	 12.376130
  230 	 0.068091 	 2.185106 	 21.149574
  231 	 0.037055 	 1.942083 	 19.267926
  232 	 0.047269 	 1.513444 	 14.308025
  233 	 0.051884 	 1.628267 	 23.334573
  234 	 0.069863 	 2.116565 	 18.843268
  235 	 0.042844 	 1.882920 	 17.335788
  236 	 0.053053 	 1.444688 	 13.216576
  237 	 0.057665 	 1.546553 	 20.557413
  238 	 0.075629 	 2.018276 	 16.991471
  239 	 0.035536 	 1.835742 	 15.756745
  240 	 0.058833 	 1.420468 	 12.280575
  241 	 0.063442 	 1.745420 	 24.191696
  242 	 0.081391 	 1.955189 	 15.471970
  243 	 0.041327 	 1.843477 	 14.442192
  244 	 0.064609 	 1.377924 	 11.469073
  245 	 0.069214 	 1.448476 	 17.144823
  246 	 0.076259 	 1.886366 	 12.652036
  247 	 0.036550 	 1.806354 	 11.599068
  248 	 0.079002 	 1.305989 	 11.619984
  249 	 0.086171 	 1.508304 	 15.598931
  250 	 0.036346 	 1.818774 	 11.792108
  251 	 0.057398 	 1.672189 	 7.310368
  252 	 0.084417 	 1.490299 	 23.726975
  253 	 0.136475 	 1.455748 	 13.441284
  254 	 0.042136 	 1.733559 	 9.860242
  255 	 0.038174 	 1.599764 	 7.028657
  256 	 0.101292 	 1.398783 	 20.861210
  257 	 0.142157 	 1.597718 	 19.851484
  258 	 0.047923 	 1.675477 	 9.107632
  259 	 0.050359 	 1.538230 	 6.283087
  260 	 0.064757 	 1.287862 	 9.830661
  261 	 0.158788 	 1.553051 	 17.806461
  262 	 0.101663 	 1.846420 	 14.173022
  263 	 0.056141 	 1.517241 	 6.075759
  264 	 0.070496 	 1.285648 	 9.305562
  265 	 0.164432 	 1.498003 	 16.144359
  266 	 0.107396 	 1.808101 	 13.106858
  267 	 0.038782 	 1.451334 	 5.874351
  268 	 0.036466 	 1.215437 	 8.834257
  269 	 0.170064 	 1.679759 	 19.614738
  270 	 0.113121 	 2.046067 	 23.659779
  271 	 0.050967 	 1.438729 	 5.686222
  272 	 0.038232 	 1.245623 	 7.979479
  273 	 0.175684 	 1.600301 	 17.615857
  274 	 0.039026 	 1.969871 	 18.105382
  275 	 0.056748 	 1.417009 	 5.322419
  276 	 0.055215 	 1.461115 	 22.308294
  277 	 0.092713 	 1.534995 	 15.987622
  278 	 0.044815 	 1.964432 	 16.389535
  279 	 0.025954 	 1.431103 	 9.114708
  280 	 0.060993 	 1.384244 	 19.757082
  281 	 0.089698 	 1.730738 	 31.491942
  282 	 0.038148 	 1.981601 	 13.662512
  283 	 0.031748 	 1.470285 	 9.813698
  284 	 0.036762 	 1.563524 	 22.754164
  285 	 0.037771 	 1.610072 	 26.632333
  286 	 0.043937 	 2.338738 	 22.698452
  287 	 0.037540 	 1.645979 	 22.951102
  288 	 0.044032 	 1.614203 	 20.105822
  289 	 0.043560 	 1.723661 	 20.104693
  290 	 0.049722 	 2.188485 	 17.783397
  291 	 0.037629 	 1.646776 	 20.259352
  292 	 0.056214 	 1.560629 	 18.010707
  293 	 0.049346 	 1.934822 	 23.026017
  294 	 0.055505 	 2.149775 	 16.125410
  295 	 0.043418 	 1.534687 	 16.248058
  296 	 0.061992 	 1.492645 	 16.311965
  297 	 0.061500 	 1.912438 	 17.979719
  298 	 0.061283 	 2.182720 	 13.478605
  299 	 0.055581 	 1.537053 	 14.858912
  300 	 0.074160 	 1.456985 	 14.906920
  301 	 0.067273 	 1.840343 	 16.291807
  302 	 0.037595 	 2.078444 	 12.506287
  303 	 0.061359 	 1.510181 	 13.684860
  304 	 0.079923 	 1.693768 	 23.044224
  305 	 0.073042 	 1.769559 	 14.890095
  306 	 0.043384 	 1.975965 	 11.665515
  307 	 0.024508 	 1.516696 	 12.683509
  308 	 0.085680 	 1.550626 	 12.753283
  309 	 0.078806 	 2.019281 	 32.994610
  310 	 0.078376 	 1.888262 	 10.931329
  311 	 0.030303 	 1.481542 	 11.819418
  312 	 0.091432 	 1.594509 	 11.879931
  313 	 0.084565 	 1.993756 	 27.698767
  314 	 0.037915 	 1.798851 	 10.284710
  315 	 0.036095 	 1.440190 	 11.066223
  316 	 0.097177 	 1.858548 	 22.875410
  317 	 0.090318 	 2.126869 	 23.869101
  318 	 0.043704 	 1.807617 	 9.710911
  319 	 0.041885 	 1.444078 	 10.403903
  320 	 0.102915 	 1.736867 	 20.200380
  321 	 0.096064 	 2.049838 	 20.970943
  322 	 0.049490 	 1.735580 	 9.198319
  323 	 0.047671 	 1.390598 	 9.816987
  324 	 0.108647 	 1.661676 	 18.086504
  325 	 0.101804 	 2.052135 	 18.701737
  326 	 0.055271 	 1.788717 	 8.737666
  327 	 0.053454 	 1.386040 	 9.293323
  328 	 0.114371 	 1.696239 	 16.374401
  329 	 0.107537 	 1.979795 	 16.763215
  330 	 0.061049 	 1.756610 	 8.321464
  331 	 0.033107 	 1.344949 	 8.823239
  332 	 0.035841 	 1.644442 	 14.716848
  333 	 0.113263 	 2.012734 	 15.282946
  334 	 0.067923 	 1.910966 	 23.396973
  335 	 0.065406 	 1.323456 	 8.398940
  336 	 0.042728 	 1.589525 	 13.436782
  337 	 0.037178 	 1.880734 	 14.043778
  338 	 0.074390 	 1.846245 	 20.313646
  339 	 0.071165 	 1.557934 	 23.267567
  340 	 0.049213 	 1.613166 	 12.408409
  341 	 0.042966 	 1.827413 	 12.615927
  342 	 0.035161 	 1.806273 	 17.949134
  343 	 0.079228 	 1.494156 	 20.339435
  344 	 0.055695 	 1.802896 	 24.003394
  345 	 0.049152 	 1.863175 	 11.760763
  346 	 0.041650 	 1.749134 	 16.078459
  347 	 0.084982 	 1.473752 	 18.197834
  348 	 0.037529 	 1.709239 	 20.768416
  349 	 0.054933 	 1.812220 	 10.931166
  350 	 0.038342 	 2.287195 	 22.927090
  351 	 0.091433 	 1.445890 	 16.277923
  352 	 0.043604 	 1.874772 	 22.450658
  353 	 0.061408 	 1.739223 	 10.284567
  354 	 0.044529 	 1.956970 	 19.958413
  355 	 0.097172 	 1.441995 	 14.725719
  356 	 0.050088 	 1.855772 	 19.596603
  357 	 0.067878 	 1.699988 	 9.645836
  358 	 0.051012 	 1.925878 	 17.671625
  359 	 0.103602 	 1.435415 	 13.444753
  360 	 0.056569 	 1.781473 	 17.387569
  361 	 0.074346 	 1.686812 	 9.140609
  362 	 0.057491 	 1.875258 	 15.855563
  363 	 0.109324 	 1.396731 	 12.477163
  364 	 0.037748 	 1.655835 	 15.800060
  365 	 0.038348 	 1.598919 	 8.633776
  366 	 0.036167 	 2.049724 	 22.600129
  367 	 0.115746 	 1.632139 	 22.297704
  368 	 0.044235 	 1.857759 	 23.437214
  369 	 0.037108 	 1.546466 	 8.180197
  370 	 0.042655 	 1.926675 	 19.710324
  371 	 0.122149 	 1.844931 	 22.931339
  372 	 0.050718 	 1.775669 	 20.343654
  373 	 0.043597 	 1.536172 	 7.773064
  374 	 0.049141 	 1.873410 	 17.476978
  375 	 0.128542 	 1.775607 	 20.243959
  376 	 0.037924 	 1.640387 	 17.972233
  377 	 0.049382 	 1.503814 	 7.405107
  378 	 0.055621 	 2.056890 	 22.510546
  379 	 0.134924 	 1.711627 	 17.894972
  380 	 0.044411 	 1.581924 	 16.097540
  381 	 0.033849 	 1.442784 	 7.070959
  382 	 0.062096 	 2.050714 	 19.642190
  383 	 0.141294 	 1.894638 	 24.784055
  384 	 0.050894 	 1.535592 	 14.578058
  385 	 0.040296 	 1.408212 	 6.604844
  386 	 0.068566 	 1.983704 	 17.423425
  387 	 0.036896 	 1.806542 	 21.369187
  388 	 0.057373 	 1.492581 	 13.321665
  389 	 0.046782 	 1.630441 	 23.043649
  390 	 0.038049 	 1.860698 	 12.033632
  391 	 0.037791 	 1.639129 	 18.768014
  392 	 0.036153 	 1.520051 	 12.265559
  393 	 0.053264 	 1.972410 	 22.578041
  394 	 0.081486 	 2.110981 	 23.227168
  395 	 0.044278 	 1.603401 	 16.732560
  396 	 0.043040 	 1.490005 	 11.365452
  397 	 0.059741 	 1.864616 	 19.693531
  398 	 0.087936 	 2.013488 	 20.185599
  399 	 0.050761 	 1.600170 	 15.096497
 