   0 	 0.017377 	 0.078355 	 0.697545
    1 	 0.028306 	 0.200954 	 1.627604
    2 	 0.031931 	 0.492529 	 8.234762
    3 	 0.036660 	 1.104367 	 7.577600
    4 	 0.119945 	 1.415554 	 6.299789
    5 	 0.033031 	 1.154671 	 7.191124
    6 	 0.035932 	 1.013814 	 3.642507
    7 	 0.040954 	 1.467105 	 7.383852
    8 	 0.042945 	 1.601399 	 7.208700
    9 	 0.042122 	 1.538795 	 6.975714
   10 	 0.042205 	 1.114213 	 6.880192
   11 	 0.126625 	 1.444215 	 6.919350
   12 	 0.042163 	 1.379269 	 6.915380
   13 	 0.142415 	 1.295390 	 4.366327
   14 	 0.034427 	 1.180303 	 6.917412
   15 	 0.194535 	 1.207789 	 4.084721
   16 	 0.036281 	 1.369699 	 7.308503
   17 	 0.034134 	 1.183127 	 3.367744
   18 	 0.134936 	 1.125312 	 7.210807
   19 	 0.036637 	 1.150759 	 7.324194
   20 	 0.037131 	 1.129783 	 3.021205
   21 	 0.134651 	 1.168377 	 7.192324
   22 	 0.109541 	 1.118910 	 7.166842
   23 	 0.036069 	 1.053763 	 4.218495
   24 	 0.110733 	 1.190359 	 9.128979
   25 	 0.200576 	 1.207651 	 7.221838
   26 	 0.108326 	 1.134497 	 7.269242
   27 	 0.133987 	 1.050104 	 4.320896
   28 	 0.135655 	 1.122863 	 4.745493
   29 	 0.231434 	 1.157447 	 4.230354
   30 	 0.210726 	 1.113560 	 7.371642
   31 	 0.132274 	 1.043101 	 2.995504
   32 	 0.133796 	 1.148439 	 4.745493
   33 	 0.036777 	 1.142667 	 4.261225
   34 	 0.210726 	 1.031540 	 4.233763
   35 	 0.229167 	 1.113724 	 7.185103
   36 	 0.036865 	 1.114707 	 3.273437
   37 	 0.137221 	 1.142011 	 3.355827
   38 	 0.305489 	 1.338803 	 27.125806
   39 	 0.289165 	 1.070951 	 4.173251
   40 	 0.036727 	 1.100655 	 3.273437
   41 	 0.111007 	 1.096925 	 3.032089
   42 	 0.305489 	 1.371229 	 27.228206
   43 	 0.329806 	 1.181637 	 9.008409
   44 	 0.036727 	 1.106608 	 3.193599
   45 	 0.036772 	 1.050879 	 3.032089
   46 	 0.029979 	 1.379478 	 27.228206
   47 	 0.125361 	 2.188948 	 27.194855
   48 	 0.036727 	 1.518814 	 33.356822
   49 	 0.036772 	 1.099345 	 7.976953
   50 	 0.029979 	 1.384353 	 27.228206
   51 	 0.125361 	 2.520607 	 27.194855
   52 	 0.036727 	 1.512718 	 33.356822
   53 	 0.036772 	 1.102207 	 7.976953
   54 	 0.029979 	 1.415073 	 27.228206
   55 	 0.036270 	 2.487234 	 27.194855
   56 	 0.036727 	 1.506785 	 33.356822
   57 	 0.036772 	 2.085247 	 27.570782
   58 	 0.029979 	 1.397988 	 27.228206
   59 	 0.036270 	 2.469883 	 27.194855
   60 	 0.036727 	 1.530169 	 33.356822
   61 	 0.036772 	 2.120947 	 27.570782
   62 	 0.029979 	 1.463115 	 27.228206
   63 	 0.036270 	 1.877766 	 26.636872
   64 	 0.036727 	 1.529806 	 33.356822
   65 	 0.037542 	 2.444787 	 27.570782
   66 	 0.029979 	 1.557688 	 27.228206
   67 	 0.036270 	 1.625165 	 26.605964
   68 	 0.032840 	 1.258189 	 8.165231
   69 	 0.037068 	 2.422199 	 27.570782
   70 	 0.122471 	 2.220140 	 30.450325
   71 	 0.018692 	 1.989938 	 26.977127
   72 	 0.032840 	 1.248413 	 8.165231
   73 	 0.037068 	 2.751159 	 53.499653
   74 	 0.122471 	 2.547735 	 30.450325
   75 	 0.018692 	 1.989938 	 26.977127
   76 	 0.032840 	 1.252555 	 8.165231
   77 	 0.037068 	 2.748341 	 53.499653
   78 	 0.037073 	 2.506302 	 30.450325
   79 	 0.018550 	 1.953508 	 26.977127
   80 	 0.032840 	 1.905444 	 26.973879
   81 	 0.037068 	 3.097306 	 53.909253
   82 	 0.037073 	 2.522095 	 30.450325
   83 	 0.018550 	 1.942162 	 26.977127
   84 	 0.032840 	 1.899143 	 26.973879
   85 	 0.037068 	 3.411288 	 53.909253
   86 	 0.018801 	 2.243463 	 30.450325
   87 	 0.018550 	 2.092005 	 26.977127
   88 	 0.032840 	 2.939488 	 53.188278
   89 	 0.037068 	 3.493208 	 53.909253
   90 	 0.018801 	 2.547140 	 30.450325
   91 	 0.018550 	 2.068744 	 26.977127
   92 	 0.032840 	 3.276477 	 53.188278
   93 	 0.037068 	 3.836368 	 53.909253
   94 	 0.018801 	 2.551391 	 30.450325
   95 	 0.018550 	 2.061035 	 26.977127
   96 	 0.032840 	 3.302077 	 53.188278
   97 	 0.037068 	 4.513488 	 53.909253
   98 	 0.018801 	 2.551391 	 30.450325
   99 	 0.018550 	 2.012657 	 26.977127
  100 	 0.032840 	 3.260460 	 53.188278
  101 	 0.037068 	 4.593532 	 53.909253
  102 	 0.018801 	 2.557791 	 30.450325
  103 	 0.018550 	 2.000023 	 26.977127
  104 	 0.032840 	 2.591101 	 27.885370
  105 	 0.037068 	 4.680572 	 53.909253
  106 	 0.035861 	 2.644831 	 30.450325
  107 	 0.018550 	 1.986017 	 26.977127
  108 	 0.032840 	 2.556268 	 27.885370
  109 	 0.037068 	 4.699077 	 53.909253
  110 	 0.035861 	 2.708906 	 30.450325
  111 	 0.018550 	 1.995206 	 26.977127
  112 	 0.032840 	 2.561388 	 27.885370
  113 	 0.037068 	 5.018731 	 53.909253
  114 	 0.035861 	 2.708906 	 30.450325
  115 	 0.018550 	 1.997150 	 26.977127
  116 	 0.032840 	 2.540142 	 27.885370
  117 	 0.037068 	 4.732368 	 53.909253
  118 	 0.035861 	 2.736608 	 30.450325
  119 	 0.018550 	 2.075735 	 26.977127
  120 	 0.032840 	 2.876556 	 27.885370
  121 	 0.037068 	 4.724668 	 53.909253
  122 	 0.035730 	 2.777598 	 30.450325
  123 	 0.018550 	 2.075946 	 26.977127
  124 	 0.032840 	 2.880396 	 27.987770
  125 	 0.037068 	 4.722693 	 53.909253
  126 	 0.035730 	 2.744397 	 30.450325
  127 	 0.018550 	 2.096426 	 26.977127
  128 	 0.032840 	 2.845385 	 27.987770
  129 	 0.037068 	 4.413857 	 53.909253
  130 	 0.035730 	 2.729894 	 30.450325
  131 	 0.018550 	 2.087512 	 26.977127
  132 	 0.032840 	 2.930243 	 27.987770
  133 	 0.037068 	 4.460624 	 53.909253
  134 	 0.035730 	 2.752934 	 30.450325
  135 	 0.018550 	 1.999827 	 26.977127
  136 	 0.032840 	 2.929016 	 27.987770
  137 	 0.037068 	 4.134764 	 53.909253
  138 	 0.035730 	 2.748097 	 30.450325
  139 	 0.018550 	 2.189260 	 26.977127
  140 	 0.032840 	 2.933660 	 27.987770
  141 	 0.037068 	 4.139884 	 53.909253
  142 	 0.035730 	 2.911937 	 30.450325
  143 	 0.018550 	 2.182833 	 26.977127
  144 	 0.032840 	 2.879949 	 27.987770
  145 	 0.037068 	 3.211041 	 52.809605
  146 	 0.035730 	 2.868514 	 30.450325
  147 	 0.018936 	 2.547987 	 26.977127
  148 	 0.032840 	 2.878683 	 27.987770
  149 	 0.037068 	 3.231521 	 52.809605
  150 	 0.035730 	 2.937667 	 30.450325
  151 	 0.018936 	 2.547987 	 26.977127
  152 	 0.032840 	 2.959666 	 27.987770
  153 	 0.037068 	 3.225629 	 52.809605
  154 	 0.035730 	 2.857329 	 30.450325
  155 	 0.018936 	 1.982874 	 26.605964
  156 	 0.032840 	 3.037878 	 27.987770
  157 	 0.037586 	 3.592649 	 52.809605
  158 	 0.035730 	 2.949468 	 30.450325
  159 	 0.018936 	 1.951226 	 26.605964
  160 	 0.032840 	 2.678585 	 27.987770
  161 	 0.037546 	 3.561857 	 52.809605
  162 	 0.034776 	 3.049944 	 30.450325
  163 	 0.018936 	 2.478642 	 26.634104
  164 	 0.032840 	 2.989869 	 28.755687
  165 	 0.037546 	 4.054634 	 52.809605
  166 	 0.034776 	 3.296570 	 30.450325
  167 	 0.018936 	 2.126372 	 26.605964
  168 	 0.032840 	 3.814189 	 28.755687
  169 	 0.037586 	 4.397838 	 52.809605
  170 	 0.034776 	 3.296570 	 30.450325
  171 	 0.018899 	 2.094534 	 26.605964
  172 	 0.032840 	 3.814189 	 28.755687
  173 	 0.037586 	 4.726798 	 52.912005
  174 	 0.034776 	 3.280984 	 30.450325
  175 	 0.018899 	 2.094534 	 26.605964
  176 	 0.032840 	 3.896109 	 28.755687
  177 	 0.037586 	 4.665351 	 52.912005
  178 	 0.029205 	 2.971932 	 30.450325
  179 	 0.018899 	 2.089453 	 26.605964
  180 	 0.032840 	 3.890955 	 34.240225
  181 	 0.037586 	 4.739058 	 52.912005
  182 	 0.029205 	 2.863220 	 30.450325
  183 	 0.018899 	 2.133039 	 26.605964
  184 	 0.027024 	 3.808134 	 34.240225
  185 	 0.037586 	 4.825424 	 52.912005
  186 	 0.029205 	 3.107986 	 37.003925
  187 	 0.018899 	 2.206549 	 26.605964
  188 	 0.027024 	 3.806987 	 34.240225
  189 	 0.037586 	 4.800540 	 52.912005
  190 	 0.029205 	 3.112330 	 37.003925
  191 	 0.018899 	 2.288469 	 26.605964
  192 	 0.027024 	 3.812107 	 34.240225
  193 	 0.036008 	 4.467760 	 52.912005
  194 	 0.029205 	 3.060194 	 37.003925
  195 	 0.018899 	 2.718547 	 27.771812
  196 	 0.027024 	 3.803577 	 34.240225
  197 	 0.036008 	 4.458878 	 52.912005
  198 	 0.029205 	 3.140653 	 37.003925
  199 	 0.018899 	 2.857649 	 27.771812
  200 	 0.027024 	 3.802490 	 34.240225
  201 	 0.035145 	 4.905183 	 52.912005
  202 	 0.029205 	 3.134029 	 37.003925
  203 	 0.018899 	 3.214056 	 28.453197
  204 	 0.027024 	 3.856845 	 34.240225
  205 	 0.035145 	 4.896086 	 52.912005
  206 	 0.029205 	 3.503949 	 37.003925
  207 	 0.018899 	 3.234536 	 28.453197
  208 	 0.027024 	 3.772766 	 34.240225
  209 	 0.035145 	 4.655466 	 52.912005
  210 	 0.029205 	 3.569828 	 37.003925
  211 	 0.018899 	 3.221877 	 28.453197
  212 	 0.027024 	 3.824951 	 34.240225
  213 	 0.035145 	 5.003626 	 52.912005
  214 	 0.029205 	 3.923108 	 37.003925
  215 	 0.018899 	 3.218505 	 28.453197
  216 	 0.027024 	 3.497757 	 34.240225
  217 	 0.035145 	 4.928081 	 52.912005
  218 	 0.029205 	 4.272548 	 37.003925
  219 	 0.018899 	 3.238899 	 28.453197
  220 	 0.018764 	 3.497530 	 34.240225
  221 	 0.035145 	 4.923412 	 52.912005
  222 	 0.029205 	 4.592134 	 53.293714
  223 	 0.018899 	 3.258000 	 28.453197
  224 	 0.018204 	 3.795133 	 34.240225
  225 	 0.035145 	 4.364562 	 52.912005
  226 	 0.029205 	 4.776454 	 54.932114
  227 	 0.018899 	 3.662943 	 28.453197
  228 	 0.018204 	 3.795111 	 34.240225
  229 	 0.027984 	 4.383921 	 52.912005
  230 	 0.029205 	 4.774920 	 54.932114
  231 	 0.018899 	 4.072543 	 35.734808
  232 	 0.018204 	 3.781262 	 34.240225
  233 	 0.027984 	 4.383921 	 52.912005
  234 	 0.029205 	 5.102600 	 54.932114
  235 	 0.018899 	 4.058423 	 35.734808
  236 	 0.018204 	 3.773559 	 34.240225
  237 	 0.027984 	 4.034758 	 52.912005
  238 	 0.029033 	 5.086919 	 54.932114
  239 	 0.018899 	 4.388819 	 35.734808
  240 	 0.018204 	 4.434013 	 34.443091
  241 	 0.027984 	 4.198598 	 52.912005
  242 	 0.029033 	 5.087455 	 54.932114
  243 	 0.018899 	 4.388798 	 35.734808
  244 	 0.018204 	 4.318695 	 34.443091
  245 	 0.027984 	 4.198389 	 52.912005
  246 	 0.029033 	 5.154060 	 54.932114
  247 	 0.018899 	 4.388922 	 35.734808
  248 	 0.018204 	 4.281235 	 34.443091
  249 	 0.027984 	 4.198359 	 52.912005
  250 	 0.029033 	 5.552955 	 54.932114
  251 	 0.018899 	 4.392094 	 35.734808
  252 	 0.018204 	 4.286355 	 34.443091
  253 	 0.027984 	 4.192829 	 52.912005
  254 	 0.029033 	 5.535246 	 54.932114
  255 	 0.018899 	 4.385825 	 35.734808
  256 	 0.018204 	 4.204397 	 34.443091
  257 	 0.027984 	 4.268460 	 52.912005
  258 	 0.029033 	 5.964870 	 54.932114
  259 	 0.018899 	 4.372373 	 35.734808
  260 	 0.018204 	 4.146064 	 34.443091
  261 	 0.027984 	 4.955820 	 52.912005
  262 	 0.029033 	 6.214406 	 54.932114
  263 	 0.018899 	 3.954254 	 28.453197
  264 	 0.018204 	 4.472234 	 34.443091
  265 	 0.035145 	 4.885313 	 52.912005
  266 	 0.029033 	 6.545437 	 54.932114
  267 	 0.018899 	 3.922648 	 28.453197
  268 	 0.018204 	 4.471485 	 34.443091
  269 	 0.035145 	 4.905793 	 52.912005
  270 	 0.029033 	 6.538728 	 54.932114
  271 	 0.018899 	 3.858396 	 28.453197
  272 	 0.018204 	 4.224354 	 34.443091
  273 	 0.035145 	 4.910913 	 52.912005
  274 	 0.029033 	 6.871528 	 54.932114
  275 	 0.018899 	 3.853410 	 28.453197
  276 	 0.018204 	 4.217393 	 34.443091
  277 	 0.035145 	 4.814506 	 52.912005
  278 	 0.029033 	 6.595973 	 37.003925
  279 	 0.018899 	 3.831495 	 28.453197
  280 	 0.027024 	 4.242993 	 34.443091
  281 	 0.035145 	 4.837928 	 52.912005
  282 	 0.029033 	 6.594862 	 37.003925
  283 	 0.018899 	 3.914695 	 28.453197
  284 	 0.027024 	 4.244273 	 34.443091
  285 	 0.035145 	 4.837807 	 52.912005
  286 	 0.029033 	 6.581089 	 37.003925
  287 	 0.018899 	 3.915975 	 28.453197
  288 	 0.027024 	 4.243370 	 34.443091
  289 	 0.035145 	 4.585050 	 52.912005
  290 	 0.029033 	 6.242748 	 37.003925
  291 	 0.018899 	 3.967398 	 28.137548
  292 	 0.027024 	 4.568234 	 34.443091
  293 	 0.035540 	 4.603267 	 52.912005
  294 	 0.029033 	 5.528049 	 37.003925
  295 	 0.018899 	 3.966824 	 28.137548
  296 	 0.027024 	 4.657833 	 34.443091
  297 	 0.035540 	 4.575801 	 52.912005
  298 	 0.018192 	 5.514307 	 37.003925
  299 	 0.018899 	 4.282845 	 28.137548
  300 	 0.027024 	 4.661102 	 54.970086
  301 	 0.035540 	 4.594625 	 52.912005
  302 	 0.018192 	 5.547587 	 37.003925
  303 	 0.018899 	 4.282859 	 28.137548
  304 	 0.027024 	 4.584471 	 54.970086
  305 	 0.035540 	 4.795463 	 52.912005
  306 	 0.018192 	 5.568067 	 37.003925
  307 	 0.018899 	 4.938219 	 28.137548
  308 	 0.027024 	 4.581369 	 54.970086
  309 	 0.035540 	 4.767458 	 52.912005
  310 	 0.012318 	 5.571764 	 37.003925
  311 	 0.018899 	 4.940954 	 28.137548
  312 	 0.027024 	 5.233818 	 81.184485
  313 	 0.035540 	 4.787938 	 52.912005
  314 	 0.012318 	 5.902755 	 37.003925
  315 	 0.018899 	 4.933635 	 28.137548
  316 	 0.027024 	 5.308334 	 81.184485
  317 	 0.030124 	 4.769044 	 52.912005
  318 	 0.012318 	 5.792823 	 37.003925
  319 	 0.018899 	 5.339532 	 33.195846
  320 	 0.027024 	 5.312810 	 81.184485
  321 	 0.030124 	 4.740486 	 52.912005
  322 	 0.012318 	 5.800330 	 37.003925
  323 	 0.018899 	 5.359747 	 33.195846
  324 	 0.027024 	 5.660970 	 81.184485
  325 	 0.030124 	 4.483883 	 52.912005
  326 	 0.012318 	 5.793354 	 37.003925
  327 	 0.018899 	 5.703534 	 33.195846
  328 	 0.027024 	 5.742890 	 81.184485
  329 	 0.030124 	 4.811563 	 52.912005
  330 	 0.012318 	 5.791913 	 37.003925
  331 	 0.018899 	 5.696604 	 33.195846
  332 	 0.027024 	 5.749695 	 81.184485
  333 	 0.030124 	 4.796260 	 52.912005
  334 	 0.012318 	 5.832873 	 37.003925
  335 	 0.018332 	 6.044757 	 33.195846
  336 	 0.027024 	 5.749695 	 81.184485
  337 	 0.030124 	 4.720561 	 54.550405
  338 	 0.012318 	 5.415603 	 37.003925
  339 	 0.018332 	 6.130279 	 33.195846
  340 	 0.027024 	 5.808660 	 81.184485
  341 	 0.030124 	 4.741041 	 54.550405
  342 	 0.012318 	 6.068392 	 37.003925
  343 	 0.018332 	 6.130279 	 33.195846
  344 	 0.027024 	 5.829140 	 81.184485
  345 	 0.030124 	 4.398041 	 54.550405
  346 	 0.012318 	 6.052445 	 37.003925
  347 	 0.018332 	 6.231907 	 33.195846
  348 	 0.027024 	 6.150871 	 81.184485
  349 	 0.018307 	 4.418309 	 54.550405
  350 	 0.012318 	 6.044892 	 37.003925
  351 	 0.018332 	 6.541135 	 54.624844
  352 	 0.027024 	 6.171351 	 81.184485
  353 	 0.018307 	 4.440069 	 54.550405
  354 	 0.012318 	 6.028751 	 37.003925
  355 	 0.018332 	 6.541135 	 54.624844
  356 	 0.027024 	 6.179853 	 81.184485
  357 	 0.018307 	 4.436748 	 54.550405
  358 	 0.012318 	 6.109732 	 37.003925
  359 	 0.018332 	 6.868815 	 54.624844
  360 	 0.027024 	 6.184973 	 81.184485
  361 	 0.018307 	 4.346743 	 54.550405
  362 	 0.012318 	 6.109732 	 37.003925
  363 	 0.018332 	 6.950735 	 54.624844
  364 	 0.027024 	 6.184346 	 81.184485
  365 	 0.018307 	 4.346690 	 54.550405
  366 	 0.012318 	 5.814619 	 37.003925
  367 	 0.018332 	 6.843936 	 54.624844
  368 	 0.027024 	 6.189466 	 81.184485
  369 	 0.018307 	 4.756289 	 54.550405
  370 	 0.012318 	 5.814593 	 37.003925
  371 	 0.018332 	 6.839953 	 54.624844
  372 	 0.027024 	 6.209946 	 81.184485
  373 	 0.018307 	 5.071941 	 54.550405
  374 	 0.012318 	 5.501204 	 37.003925
  375 	 0.018332 	 7.145975 	 54.624844
  376 	 0.027024 	 6.215066 	 81.184485
  377 	 0.018307 	 5.153861 	 54.550405
  378 	 0.012318 	 5.498288 	 37.003925
  379 	 0.018332 	 7.145975 	 54.624844
  380 	 0.027024 	 6.296128 	 81.184485
  381 	 0.018307 	 5.066170 	 54.550405
  382 	 0.012318 	 5.500945 	 37.003925
  383 	 0.018332 	 6.901009 	 54.624844
  384 	 0.027024 	 6.277168 	 81.184485
  385 	 0.018307 	 5.065089 	 54.550405
  386 	 0.012318 	 5.604625 	 37.003925
  387 	 0.018332 	 6.982929 	 54.624844
  388 	 0.027024 	 6.274985 	 81.184485
  389 	 0.018307 	 5.062403 	 54.550405
  390 	 0.012318 	 5.592656 	 37.003925
  391 	 0.018332 	 7.310609 	 54.624844
  392 	 0.027024 	 5.590700 	 34.443091
  393 	 0.018307 	 5.062403 	 54.550405
  394 	 0.029033 	 4.889656 	 37.003925
  395 	 0.018332 	 7.292032 	 54.624844
  396 	 0.027024 	 5.600597 	 34.443091
  397 	 0.018307 	 5.409907 	 54.550405
  398 	 0.029033 	 4.503161 	 35.375937
  399 	 0.018332 	 7.276201 	 54.624844
  400 	 0.028268 	 5.636407 	 34.443091
  401 	 0.018307 	 5.758067 	 54.550405
  402 	 0.029033 	 4.830841 	 35.375937
  403 	 0.018332 	 7.276201 	 54.624844
  404 	 0.028268 	 5.636407 	 34.443091
  405 	 0.018307 	 5.757579 	 54.550405
  406 	 0.029033 	 4.830839 	 35.375937
  407 	 0.018332 	 7.359401 	 54.624844
  408 	 0.028268 	 5.371951 	 34.443091
  409 	 0.018307 	 5.727198 	 54.550405
  410 	 0.029033 	 4.758951 	 35.375937
  411 	 0.018332 	 7.447721 	 54.624844
  412 	 0.028268 	 5.374724 	 34.443091
  413 	 0.018307 	 5.690974 	 54.550405
  414 	 0.029033 	 4.840420 	 35.375937
  415 	 0.018332 	 7.449001 	 54.624844
  416 	 0.028268 	 5.377284 	 34.443091
  417 	 0.018307 	 5.690747 	 54.550405
  418 	 0.029033 	 4.840420 	 35.375937
  419 	 0.018332 	 7.443860 	 54.624844
  420 	 0.028268 	 5.238555 	 34.443091
  421 	 0.018307 	 5.451597 	 54.550405
  422 	 0.029033 	 4.612780 	 35.375937
  423 	 0.018332 	 7.449725 	 54.624844
  424 	 0.028268 	 5.215746 	 34.443091
  425 	 0.018307 	 5.440841 	 54.550405
  426 	 0.029033 	 4.778026 	 35.375937
  427 	 0.018332 	 7.522107 	 54.624844
  428 	 0.028268 	 5.236226 	 34.443091
  429 	 0.018307 	 5.768521 	 54.550405
  430 	 0.029033 	 4.717524 	 35.375937
  431 	 0.018332 	 7.522107 	 54.624844
  432 	 0.028268 	 5.570087 	 34.443091
  433 	 0.018307 	 5.768521 	 54.550405
  434 	 0.018842 	 5.126506 	 35.375937
  435 	 0.018332 	 7.522107 	 54.624844
  436 	 0.028268 	 5.904143 	 53.071653
  437 	 0.018307 	 5.763656 	 54.550405
  438 	 0.018842 	 5.127786 	 35.375937
  439 	 0.018332 	 7.523385 	 54.624844
  440 	 0.028268 	 5.883500 	 53.071653
  441 	 0.018307 	 5.764823 	 54.550405
  442 	 0.018842 	 5.135160 	 35.375937
  443 	 0.018332 	 7.520305 	 54.624844
  444 	 0.028268 	 6.211180 	 53.071653
  445 	 0.018307 	 6.092503 	 54.550405
  446 	 0.018842 	 5.135160 	 35.375937
  447 	 0.018332 	 7.520305 	 54.624844
  448 	 0.028268 	 6.211180 	 53.071653
  449 	 0.018307 	 6.058170 	 54.550405
  450 	 0.018842 	 5.039040 	 35.375937
  451 	 0.018332 	 7.498509 	 54.624844
  452 	 0.028268 	 6.702321 	 53.071653
  453 	 0.018307 	 6.222010 	 54.550405
  454 	 0.018842 	 5.043661 	 35.375937
  455 	 0.018332 	 7.461667 	 54.624844
  456 	 0.028268 	 6.692207 	 53.071653
  457 	 0.018307 	 6.529008 	 54.550405
  458 	 0.018842 	 5.064141 	 35.375937
  459 	 0.018332 	 7.482147 	 54.624844
  460 	 0.028268 	 6.692207 	 53.071653
  461 	 0.018307 	 6.528958 	 54.550405
  462 	 0.018842 	 4.869002 	 35.375937
  463 	 0.018332 	 7.564060 	 54.624844
  464 	 0.028268 	 6.564129 	 53.071653
  465 	 0.018307 	 6.535267 	 54.550405
  466 	 0.018842 	 4.995755 	 35.375937
  467 	 0.018332 	 7.625474 	 54.624844
  468 	 0.028268 	 6.477044 	 53.071653
  469 	 0.018170 	 6.622318 	 54.550405
  470 	 0.018842 	 4.917058 	 35.375937
  471 	 0.018332 	 7.047935 	 53.270602
  472 	 0.028268 	 7.124212 	 53.071653
  473 	 0.018772 	 6.009138 	 52.671563
  474 	 0.018842 	 5.271076 	 35.375937
  475 	 0.018986 	 7.218175 	 53.270602
  476 	 0.028268 	 7.111158 	 53.071653
  477 	 0.018772 	 5.970525 	 52.671563
  478 	 0.018842 	 5.291556 	 35.375937
  479 	 0.018986 	 7.497187 	 53.270602
  480 	 0.028268 	 7.102665 	 53.071653
  481 	 0.018772 	 6.238274 	 52.671563
  482 	 0.018842 	 5.600952 	 35.375937
  483 	 0.018986 	 7.584227 	 53.270602
  484 	 0.028268 	 7.757123 	 53.071653
  485 	 0.018772 	 6.238268 	 52.671563
  486 	 0.018842 	 5.681463 	 35.375937
  487 	 0.018986 	 7.585507 	 53.270602
  488 	 0.028268 	 8.084803 	 53.071653
  489 	 0.018772 	 6.238268 	 52.671563
  490 	 0.018842 	 5.526243 	 35.375937
  491 	 0.018986 	 7.585507 	 53.270602
  492 	 0.028268 	 7.251116 	 53.071653
  493 	 0.018772 	 6.101237 	 52.671563
  494 	 0.018842 	 5.841031 	 35.375937
  495 	 0.018986 	 7.614947 	 53.270602
  496 	 0.028268 	 7.345042 	 53.071653
  497 	 0.014301 	 6.101130 	 52.671563
  498 	 0.018842 	 5.823671 	 35.375937
  499 	 0.018986 	 7.942627 	 69.923987
  500 	 0.028268 	 7.063905 	 53.071653
  501 	 0.014301 	 6.078777 	 52.671563
  502 	 0.018842 	 5.828791 	 35.375937
  503 	 0.018986 	 7.791188 	 69.923987
  504 	 0.028268 	 6.728690 	 53.071653
  505 	 0.014301 	 5.920074 	 52.671563
  506 	 0.018806 	 5.898028 	 35.375937
  507 	 0.018986 	 7.821800 	 69.923987
  508 	 0.028268 	 6.658121 	 53.174053
  509 	 0.014301 	 5.913185 	 52.671563
  510 	 0.018806 	 5.918508 	 35.375937
  511 	 0.018986 	 7.812902 	 69.923987
  512 	 0.025046 	 6.657522 	 53.174053
  513 	 0.014301 	 6.240865 	 52.671563
  514 	 0.018662 	 6.246179 	 39.925954
  515 	 0.018986 	 7.812902 	 69.923987
  516 	 0.025046 	 6.667762 	 53.583653
  517 	 0.014301 	 6.240770 	 52.671563
  518 	 0.018662 	 6.224012 	 39.925954
  519 	 0.018986 	 7.889333 	 69.923987
  520 	 0.025046 	 6.609091 	 53.583653
  521 	 0.014301 	 6.285391 	 52.671563
  522 	 0.018662 	 6.305932 	 39.925954
  523 	 0.018986 	 7.890613 	 69.923987
  524 	 0.025046 	 6.269920 	 53.583653
  525 	 0.014301 	 6.284110 	 52.671563
  526 	 0.018662 	 6.474973 	 39.925954
  527 	 0.018986 	 8.215260 	 69.923987
  528 	 0.025046 	 6.291572 	 53.583653
  529 	 0.014301 	 6.305852 	 52.671563
  530 	 0.018662 	 6.031388 	 39.925954
  531 	 0.018986 	 8.059726 	 69.923987
  532 	 0.025046 	 6.455412 	 53.583653
  533 	 0.014301 	 6.652489 	 52.671563
  534 	 0.018662 	 6.021567 	 39.925954
  535 	 0.018986 	 8.061212 	 69.923987
  536 	 0.025046 	 6.639732 	 53.583653
  537 	 0.014301 	 6.913765 	 52.671563
  538 	 0.018662 	 5.942731 	 39.925954
  539 	 0.018986 	 7.991098 	 69.923987
  540 	 0.025046 	 6.968359 	 53.583653
  541 	 0.014301 	 7.021285 	 52.671563
  542 	 0.018662 	 6.024180 	 39.925954
  543 	 0.018986 	 7.663480 	 69.923987
  544 	 0.025046 	 7.289349 	 53.583653
  545 	 0.014301 	 7.103205 	 52.671563
  546 	 0.018662 	 6.244340 	 39.925954
  547 	 0.018986 	 7.662554 	 69.923987
  548 	 0.025046 	 7.829913 	 53.583653
  549 	 0.014301 	 7.185125 	 52.671563
  550 	 0.018662 	 6.982614 	 39.925954
  551 	 0.018986 	 7.662554 	 69.923987
  552 	 0.025046 	 7.684819 	 53.583653
  553 	 0.014301 	 6.919006 	 52.671563
  554 	 0.018662 	 7.701308 	 39.925954
  555 	 0.018840 	 7.699511 	 69.923987
  556 	 0.025046 	 8.000692 	 53.583653
  557 	 0.014301 	 7.583326 	 53.077629
  558 	 0.018662 	 7.539930 	 39.925954
  559 	 0.018840 	 7.694290 	 69.923987
  560 	 0.025046 	 8.021951 	 53.583653
  561 	 0.014301 	 7.584526 	 53.077629
  562 	 0.018662 	 7.217368 	 39.925954
  563 	 0.018840 	 7.675252 	 69.923987
  564 	 0.025046 	 8.103871 	 53.583653
  565 	 0.014301 	 7.410301 	 53.077629
  566 	 0.018662 	 6.952904 	 39.925954
  567 	 0.018840 	 8.413942 	 69.923987
  568 	 0.025046 	 8.105151 	 53.583653
  569 	 0.014301 	 7.737919 	 53.077629
  570 	 0.018662 	 6.659739 	 39.925954
  571 	 0.018840 	 8.326615 	 69.923987
  572 	 0.025046 	 8.072352 	 53.583653
  573 	 0.014301 	 7.760365 	 53.077629
  574 	 0.018662 	 6.946241 	 39.925954
  575 	 0.018840 	 8.331735 	 69.923987
  576 	 0.025046 	 8.154272 	 53.583653
  577 	 0.014301 	 7.716184 	 53.077629
  578 	 0.018662 	 6.575092 	 39.925954
  579 	 0.018840 	 8.342109 	 69.923987
  580 	 0.025046 	 8.494752 	 53.583653
  581 	 0.014301 	 7.382327 	 53.077629
  582 	 0.018662 	 6.566990 	 39.925954
  583 	 0.018840 	 8.280171 	 69.923987
  584 	 0.025046 	 7.854111 	 53.350183
  585 	 0.014301 	 7.782815 	 53.077629
  586 	 0.018744 	 6.899790 	 39.925954
  587 	 0.018840 	 8.372331 	 69.923987
  588 	 0.025046 	 7.854111 	 53.350183
  589 	 0.014301 	 7.782559 	 53.077629
  590 	 0.018744 	 6.751115 	 39.925954
  591 	 0.018840 	 8.700767 	 69.923987
  592 	 0.025046 	 8.123268 	 53.350183
  593 	 0.014301 	 7.782747 	 53.077629
  594 	 0.018744 	 6.756208 	 39.925954
  595 	 0.018839 	 8.789060 	 69.923987
  596 	 0.025046 	 8.143748 	 53.350183
  597 	 0.014301 	 7.808347 	 53.081163
  598 	 0.018744 	 6.756208 	 39.925954
  599 	 0.018839 	 8.789060 	 69.923987
  600 	 0.025046 	 8.143748 	 53.350183
  601 	 0.014301 	 7.805432 	 53.081163
  602 	 0.018744 	 6.334943 	 39.925954
  603 	 0.018804 	 8.790117 	 69.923987
  604 	 0.025046 	 8.356866 	 53.350183
  605 	 0.014301 	 7.486026 	 53.180029
  606 	 0.018744 	 6.948642 	 39.925954
  607 	 0.018804 	 8.810521 	 69.923987
  608 	 0.025046 	 8.440066 	 53.350183
  609 	 0.014301 	 7.456194 	 53.180029
  610 	 0.018744 	 6.948642 	 39.925954
  611 	 0.018804 	 9.138201 	 69.923987
  612 	 0.025046 	 8.106288 	 53.350183
  613 	 0.014301 	 7.370546 	 53.180029
  614 	 0.018744 	 6.620276 	 39.925954
  615 	 0.016769 	 9.198326 	 69.923987
  616 	 0.025046 	 8.102141 	 53.350183
  617 	 0.014301 	 7.753725 	 59.634763
  618 	 0.018744 	 6.702530 	 39.925954
  619 	 0.016769 	 9.357586 	 69.923987
  620 	 0.025046 	 8.184061 	 53.350183
  621 	 0.014301 	 8.081405 	 59.634763
  622 	 0.018744 	 6.699040 	 39.925954
  623 	 0.016769 	 9.330119 	 69.923987
  624 	 0.025046 	 8.204541 	 53.350183
  625 	 0.014301 	 7.912150 	 59.634763
  626 	 0.018744 	 6.699040 	 39.925954
  627 	 0.016769 	 10.067396 	 69.923987
  628 	 0.025046 	 7.937577 	 53.350183
  629 	 0.014301 	 7.559508 	 59.634763
  630 	 0.018744 	 6.682325 	 39.925954
  631 	 0.016769 	 10.251657 	 69.923987
  632 	 0.025046 	 8.048740 	 53.350183
  633 	 0.014301 	 7.641428 	 59.634763
  634 	 0.016603 	 6.687285 	 39.925954
  635 	 0.016769 	 10.166312 	 69.923987
  636 	 0.025046 	 8.371327 	 60.231467
  637 	 0.014301 	 7.728880 	 59.634763
  638 	 0.016603 	 6.692405 	 39.925954
  639 	 0.016769 	 10.200283 	 69.923987
  640 	 0.025046 	 8.308717 	 60.231467
  641 	 0.014301 	 7.395177 	 59.634763
  642 	 0.016603 	 6.715431 	 39.925954
  643 	 0.016769 	 10.529243 	 69.923987
  644 	 0.025046 	 8.288544 	 60.231467
  645 	 0.014301 	 7.130628 	 59.634763
  646 	 0.016603 	 7.004427 	 39.925954
  647 	 0.016769 	 10.534360 	 69.923987
  648 	 0.025046 	 8.064355 	 60.231467
  649 	 0.014301 	 7.126510 	 59.634763
  650 	 0.016603 	 7.010827 	 39.925954
  651 	 0.016769 	 10.559639 	 69.923987
  652 	 0.025046 	 8.054605 	 60.231467
  653 	 0.014301 	 7.132910 	 59.634763
  654 	 0.016603 	 7.345937 	 39.925954
  655 	 0.016769 	 10.559639 	 69.923987
  656 	 0.025046 	 8.024956 	 60.231467
  657 	 0.014301 	 7.132910 	 59.634763
  658 	 0.016603 	 7.280596 	 39.925954
  659 	 0.016769 	 10.146529 	 69.923987
  660 	 0.025046 	 8.056318 	 60.231467
  661 	 0.014301 	 6.721378 	 59.634763
  662 	 0.016603 	 7.296723 	 39.925954
  663 	 0.016769 	 10.562870 	 69.923987
  664 	 0.025046 	 8.060574 	 60.231467
  665 	 0.014301 	 7.059319 	 59.634763
  666 	 0.016603 	 7.317203 	 39.925954
  667 	 0.016769 	 10.643684 	 69.923987
  668 	 0.025046 	 8.060482 	 60.231467
  669 	 0.014301 	 7.427117 	 59.634763
  670 	 0.016603 	 7.337683 	 39.925954
  671 	 0.016769 	 10.726884 	 69.923987
  672 	 0.025046 	 8.060482 	 60.231467
  673 	 0.014301 	 7.046123 	 59.634763
  674 	 0.016603 	 7.337683 	 39.925954
  675 	 0.016769 	 11.176413 	 69.923987
  676 	 0.025046 	 7.643724 	 60.231467
  677 	 0.014301 	 6.388394 	 59.634763
  678 	 0.016603 	 7.334341 	 39.925954
  679 	 0.016769 	 11.258333 	 69.923987
  680 	 0.025046 	 7.971404 	 60.231467
  681 	 0.014301 	 6.384355 	 59.634763
  682 	 0.016603 	 7.328997 	 39.925954
  683 	 0.016769 	 11.634775 	 69.923987
  684 	 0.024982 	 7.972684 	 60.231467
  685 	 0.014301 	 6.394595 	 59.634763
  686 	 0.016603 	 7.330277 	 40.028354
  687 	 0.016769 	 11.633592 	 69.923987
  688 	 0.015096 	 7.972560 	 60.231467
  689 	 0.014301 	 5.512578 	 59.634763
  690 	 0.016603 	 7.650689 	 66.242753
  691 	 0.016769 	 11.639992 	 69.923987
  692 	 0.015096 	 7.975120 	 60.231467
  693 	 0.014301 	 5.427231 	 59.634763
  694 	 0.016603 	 7.215987 	 66.242753
  695 	 0.016769 	 11.993740 	 69.923987
  696 	 0.015096 	 8.385246 	 60.231467
  697 	 0.014301 	 5.447628 	 59.634763
  698 	 0.016603 	 7.297907 	 66.242753
  699 	 0.016769 	 12.075660 	 69.923987
  700 	 0.015096 	 8.291774 	 60.231467
  701 	 0.014301 	 5.447628 	 59.634763
  702 	 0.016603 	 7.318504 	 66.242753
  703 	 0.016769 	 12.075660 	 69.923987
  704 	 0.015096 	 8.387578 	 60.231467
  705 	 0.014301 	 5.074657 	 59.634763
  706 	 0.016603 	 7.316878 	 66.242753
  707 	 0.016769 	 12.158860 	 69.923987
  708 	 0.015096 	 8.071670 	 60.231467
  709 	 0.014301 	 5.074657 	 59.634763
  710 	 0.016603 	 7.354002 	 66.242753
  711 	 0.016769 	 12.156286 	 69.923987
  712 	 0.015096 	 8.081908 	 60.231467
  713 	 0.014301 	 4.734374 	 59.634763
  714 	 0.016603 	 7.355282 	 66.242753
  715 	 0.016769 	 12.228858 	 69.923987
  716 	 0.015096 	 8.077743 	 60.231467
  717 	 0.014301 	 4.739494 	 59.634763
  718 	 0.016603 	 7.437202 	 66.242753
  719 	 0.016769 	 12.143609 	 69.923987
  720 	 0.015096 	 8.077743 	 60.231467
  721 	 0.014301 	 4.964648 	 59.634763
  722 	 0.016603 	 7.085052 	 66.242753
  723 	 0.016769 	 12.057248 	 69.923987
  724 	 0.015096 	 8.121217 	 60.231467
  725 	 0.014301 	 5.620008 	 59.634763
  726 	 0.016603 	 7.103561 	 66.242753
  727 	 0.016769 	 12.057248 	 69.923987
  728 	 0.015096 	 8.162177 	 60.231467
  729 	 0.014301 	 5.161350 	 59.634763
  730 	 0.016603 	 6.266340 	 30.093878
  731 	 0.016769 	 12.062366 	 69.923987
  732 	 0.033229 	 8.169857 	 60.231467
  733 	 0.014301 	 5.162630 	 59.634763
  734 	 0.016603 	 6.266109 	 30.093878
  735 	 0.016769 	 11.649012 	 69.923987
  736 	 0.033229 	 7.671139 	 53.350183
  737 	 0.014301 	 5.184989 	 59.634763
  738 	 0.018744 	 6.346190 	 30.093878
  739 	 0.016769 	 11.681449 	 69.923987
  740 	 0.033229 	 7.316702 	 53.350183
  741 	 0.014301 	 5.205469 	 59.634763
  742 	 0.018744 	 6.699470 	 30.093878
  743 	 0.016320 	 11.681444 	 69.923987
  744 	 0.033229 	 6.940764 	 53.350183
  745 	 0.014301 	 5.225943 	 61.273162
  746 	 0.018744 	 7.354830 	 30.093878
  747 	 0.016320 	 11.685885 	 69.923987
  748 	 0.033229 	 6.940764 	 53.350183
  749 	 0.014301 	 5.230845 	 61.273162
  750 	 0.018186 	 7.337272 	 30.093878
  751 	 0.016320 	 11.620753 	 69.923987
  752 	 0.033117 	 7.043163 	 54.988582
  753 	 0.014301 	 5.613312 	 61.273162
  754 	 0.018186 	 7.338552 	 30.196278
  755 	 0.016320 	 11.619633 	 69.923987
  756 	 0.033117 	 7.037953 	 54.988582
  757 	 0.014301 	 5.448838 	 61.273162
  758 	 0.018186 	 7.660122 	 30.196278
  759 	 0.016320 	 11.645010 	 69.923987
  760 	 0.032951 	 7.247231 	 54.988582
  761 	 0.014301 	 5.772849 	 61.273162
  762 	 0.018186 	 7.655649 	 30.348173
  763 	 0.016320 	 11.650130 	 69.923987
  764 	 0.032951 	 7.574911 	 54.988582
  765 	 0.014301 	 5.433441 	 61.273162
  766 	 0.018186 	 7.454735 	 30.348173
  767 	 0.016320 	 11.653601 	 69.923987
  768 	 0.030092 	 8.224931 	 54.988582
  769 	 0.014301 	 4.437593 	 61.273162
  770 	 0.018186 	 7.608736 	 33.230914
  771 	 0.016320 	 11.908141 	 69.923987
  772 	 0.030092 	 7.998037 	 54.988582
  773 	 0.014301 	 4.433674 	 61.273162
  774 	 0.018186 	 7.627744 	 33.230914
  775 	 0.016320 	 11.909553 	 69.923987
  776 	 0.030092 	 8.004437 	 54.988582
  777 	 0.014301 	 4.432669 	 61.273162
  778 	 0.018186 	 7.369432 	 33.230914
  779 	 0.016293 	 12.242346 	 69.923987
  780 	 0.030092 	 8.026197 	 54.988582
  781 	 0.014301 	 4.439069 	 61.375562
  782 	 0.018186 	 7.054161 	 33.230914
  783 	 0.016293 	 12.241500 	 69.923987
  784 	 0.030092 	 8.025448 	 54.988582
  785 	 0.014301 	 4.459549 	 61.375562
  786 	 0.018186 	 7.137361 	 33.230914
  787 	 0.016293 	 12.147509 	 69.923987
  788 	 0.030092 	 8.024662 	 54.988582
  789 	 0.014301 	 4.869149 	 61.375562
  790 	 0.018186 	 7.060181 	 33.230914
  791 	 0.016293 	 11.818797 	 69.923987
  792 	 0.030092 	 7.962504 	 54.988582
  793 	 0.014301 	 4.874245 	 61.375562
  794 	 0.018186 	 7.057728 	 33.230914
  795 	 0.016293 	 11.820077 	 69.923987
  796 	 0.030092 	 8.290075 	 54.988582
  797 	 0.014301 	 4.851925 	 61.375562
  798 	 0.016249 	 7.062824 	 33.230914
  799 	 0.014721 	 11.899922 	 69.923987
  800 	 0.030092 	 8.371995 	 61.542182
  801 	 0.014301 	 5.015086 	 67.929162
  802 	 0.016249 	 6.692906 	 33.230914
  803 	 0.014721 	 11.981800 	 69.923987
  804 	 0.030064 	 8.715740 	 61.542182
  805 	 0.014301 	 5.002509 	 67.929162
  806 	 0.016249 	 7.103786 	 33.262665
  807 	 0.014721 	 12.015612 	 69.923987
  808 	 0.030064 	 8.715740 	 61.542182
  809 	 0.014301 	 5.008791 	 67.929162
  810 	 0.016249 	 7.103786 	 33.262665
  811 	 0.014721 	 12.343292 	 69.923987
  812 	 0.030064 	 8.715740 	 61.542182
  813 	 0.014301 	 5.007505 	 67.929162
  814 	 0.016249 	 7.103786 	 33.262665
  815 	 0.014721 	 11.968315 	 69.923987
  816 	 0.030064 	 8.715740 	 61.542182
  817 	 0.014301 	 5.336465 	 67.929162
  818 	 0.016249 	 6.448494 	 33.262665
  819 	 0.014721 	 11.968315 	 69.923987
  820 	 0.030064 	 9.131926 	 61.542182
  821 	 0.014301 	 5.261356 	 67.929162
  822 	 0.016249 	 6.360099 	 33.262665
  823 	 0.014721 	 11.970670 	 69.923987
  824 	 0.030064 	 8.661219 	 61.542182
  825 	 0.014301 	 5.219798 	 67.929162
  826 	 0.016249 	 7.020579 	 33.262665
  827 	 0.014721 	 12.057710 	 69.923987
  828 	 0.030064 	 8.258174 	 61.542182
  829 	 0.014301 	 5.181632 	 67.929162
  830 	 0.016249 	 7.013449 	 33.262665
  831 	 0.014721 	 12.103790 	 69.923987
  832 	 0.030064 	 8.584518 	 61.542182
  833 	 0.013539 	 5.181615 	 67.929162
  834 	 0.016249 	 7.080020 	 33.262665
  835 	 0.014721 	 11.945435 	 73.862656
  836 	 0.030064 	 8.582378 	 61.542182
  837 	 0.013539 	 5.152287 	 67.929162
  838 	 0.016249 	 6.758467 	 33.262665
  839 	 0.014721 	 12.051590 	 73.862656
  840 	 0.030064 	 8.602858 	 61.542182
  841 	 0.013539 	 5.479967 	 67.929162
  842 	 0.016249 	 6.758467 	 33.262665
  843 	 0.014721 	 12.051590 	 73.862656
  844 	 0.030064 	 8.499118 	 61.542182
  845 	 0.013539 	 5.151621 	 67.929162
  846 	 0.016249 	 6.839441 	 33.262665
  847 	 0.014721 	 11.717854 	 73.862656
  848 	 0.030064 	 8.581038 	 61.542182
  849 	 0.013539 	 5.057560 	 67.929162
  850 	 0.016249 	 6.838711 	 33.262665
  851 	 0.014721 	 11.596360 	 73.862656
  852 	 0.030064 	 8.582318 	 61.542182
  853 	 0.013539 	 5.161124 	 67.929162
  854 	 0.016249 	 6.837226 	 33.262665
  855 	 0.014721 	 11.637320 	 73.862656
  856 	 0.030064 	 8.831115 	 61.542182
  857 	 0.013464 	 5.161123 	 67.929162
  858 	 0.016249 	 6.843626 	 33.262665
  859 	 0.014721 	 11.609252 	 74.272256
  860 	 0.030064 	 8.831096 	 61.542182
  861 	 0.013464 	 5.160620 	 67.929162
  862 	 0.016249 	 6.841230 	 33.262665
  863 	 0.014721 	 11.253659 	 74.272256
  864 	 0.030064 	 8.913016 	 61.542182
  865 	 0.013464 	 5.192862 	 67.929162
  866 	 0.016249 	 6.426956 	 33.262665
  867 	 0.014721 	 10.374651 	 74.272256
  868 	 0.030064 	 9.078136 	 61.542182
  869 	 0.013464 	 5.116841 	 67.929162
  870 	 0.016249 	 6.426739 	 33.262665
  871 	 0.014721 	 10.486420 	 74.272256
  872 	 0.030064 	 9.403882 	 61.542182
  873 	 0.013464 	 5.443618 	 67.929162
  874 	 0.016249 	 6.759539 	 33.262665
  875 	 0.014721 	 10.491540 	 74.272256
  876 	 0.030064 	 9.319890 	 61.542182
  877 	 0.013464 	 5.443618 	 67.929162
  878 	 0.016249 	 6.781205 	 33.262665
  879 	 0.014721 	 10.426762 	 74.272256
  880 	 0.030064 	 8.639378 	 54.505830
  881 	 0.013464 	 5.428870 	 67.929162
  882 	 0.018347 	 6.751098 	 33.262665
  883 	 0.014721 	 10.508682 	 74.272256
  884 	 0.030064 	 8.674839 	 54.505830
  885 	 0.013464 	 5.428870 	 67.929162
  886 	 0.018347 	 6.838138 	 33.262665
  887 	 0.014721 	 10.508682 	 74.272256
  888 	 0.030064 	 8.348740 	 54.505830
  889 	 0.013464 	 5.136665 	 67.929162
  890 	 0.018347 	 6.792210 	 33.262665
  891 	 0.014721 	 10.598282 	 74.272256
  892 	 0.030064 	 8.371448 	 54.505830
  893 	 0.013464 	 5.136279 	 67.929162
  894 	 0.018347 	 6.812690 	 33.262665
  895 	 0.014721 	 10.599562 	 74.272256
  896 	 0.030064 	 8.321193 	 54.505830
  897 	 0.013464 	 5.131100 	 67.929162
  898 	 0.018347 	 6.893355 	 33.262665
  899 	 0.014721 	 11.004031 	 74.272256
  900 	 0.030064 	 8.321513 	 54.505830
  901 	 0.013464 	 5.458780 	 67.929162
  902 	 0.018347 	 6.641512 	 33.262665
  903 	 0.014721 	 10.449700 	 74.272256
  904 	 0.025229 	 8.311528 	 54.505830
  905 	 0.013464 	 5.460971 	 67.929162
  906 	 0.018347 	 6.827112 	 39.636601
  907 	 0.014721 	 10.470180 	 74.272256
  908 	 0.025229 	 8.311528 	 54.505830
  909 	 0.013464 	 5.460740 	 67.929162
  910 	 0.018347 	 6.261411 	 39.636601
  911 	 0.014721 	 10.714741 	 74.272256
  912 	 0.025229 	 8.516852 	 54.505830
  913 	 0.013464 	 5.542615 	 67.929162
  914 	 0.018347 	 6.363362 	 39.636601
  915 	 0.014721 	 10.735221 	 74.272256
  916 	 0.025229 	 8.547859 	 54.505830
  917 	 0.013464 	 5.542253 	 67.929162
  918 	 0.018347 	 5.764043 	 33.230914
  919 	 0.014721 	 10.736501 	 74.272256
  920 	 0.030092 	 8.077503 	 54.505830
  921 	 0.013464 	 5.213151 	 67.929162
  922 	 0.018347 	 5.518986 	 33.230914
  923 	 0.014721 	 11.059763 	 74.272256
  924 	 0.030092 	 8.649674 	 54.505830
  925 	 0.013464 	 5.234911 	 67.929162
  926 	 0.018347 	 5.844817 	 33.230914
  927 	 0.014721 	 11.059763 	 74.272256
  928 	 0.029898 	 8.661433 	 54.505830
  929 	 0.013464 	 5.234896 	 67.929162
  930 	 0.018347 	 6.496518 	 33.446867
  931 	 0.014721 	 11.080243 	 74.272256
  932 	 0.029898 	 8.681362 	 54.505830
  933 	 0.013464 	 5.139164 	 67.929162
  934 	 0.018347 	 6.501526 	 33.446867
  935 	 0.014721 	 11.117994 	 74.272256
  936 	 0.029898 	 8.706962 	 54.505830
  937 	 0.013464 	 5.487228 	 67.929162
  938 	 0.018347 	 6.501417 	 33.446867
  939 	 0.014721 	 11.123114 	 74.272256
  940 	 0.029898 	 8.631550 	 54.505830
  941 	 0.013464 	 5.487228 	 67.929162
  942 	 0.018347 	 6.547552 	 33.446867
  943 	 0.014721 	 11.123114 	 74.272256
  944 	 0.029898 	 8.964350 	 54.505830
  945 	 0.013464 	 5.180166 	 67.929162
  946 	 0.018347 	 6.004891 	 33.446867
  947 	 0.014721 	 10.652961 	 74.272256
  948 	 0.029898 	 8.603632 	 54.505830
  949 	 0.013464 	 5.200646 	 67.929162
  950 	 0.018347 	 6.742171 	 33.446867
  951 	 0.014721 	 10.645945 	 74.272256
  952 	 0.029898 	 8.357088 	 54.505830
  953 	 0.013445 	 5.528811 	 67.929162
  954 	 0.018347 	 6.702874 	 33.446867
  955 	 0.014721 	 10.583480 	 74.374656
  956 	 0.029898 	 8.362208 	 54.505830
  957 	 0.013445 	 5.631183 	 67.929162
  958 	 0.018347 	 6.702813 	 33.446867
  959 	 0.014721 	 10.584760 	 74.374656
  960 	 0.029898 	 8.444128 	 54.505830
  961 	 0.013445 	 5.631043 	 67.929162
  962 	 0.018347 	 6.700288 	 33.446867
  963 	 0.014721 	 10.827188 	 74.374656
  964 	 0.029898 	 8.449225 	 54.505830
  965 	 0.013445 	 5.636163 	 67.929162
  966 	 0.018347 	 6.704459 	 33.446867
  967 	 0.014721 	 9.631218 	 74.374656
  968 	 0.029898 	 8.772624 	 54.505830
  969 	 0.013445 	 5.548541 	 67.929162
  970 	 0.018347 	 6.752729 	 33.446867
  971 	 0.014699 	 9.696148 	 74.374656
  972 	 0.024225 	 8.467142 	 54.505830
  973 	 0.013445 	 5.236555 	 68.031562
  974 	 0.018347 	 6.981173 	 41.280001
  975 	 0.014699 	 10.492826 	 74.374656
  976 	 0.024225 	 8.144074 	 54.505830
  977 	 0.013445 	 4.910461 	 68.031562
  978 	 0.018347 	 6.628941 	 41.280001
  979 	 0.014699 	 10.840986 	 74.374656
  980 	 0.024225 	 8.817915 	 54.505830
  981 	 0.013445 	 4.910461 	 68.031562
  982 	 0.018347 	 6.321821 	 41.280001
  983 	 0.014699 	 10.823456 	 74.374656
  984 	 0.024225 	 8.816005 	 54.505830
  985 	 0.013445 	 4.851823 	 68.031562
  986 	 0.018347 	 6.669980 	 41.280001
  987 	 0.014699 	 10.388124 	 74.374656
  988 	 0.024225 	 8.811254 	 54.505830
  989 	 0.013445 	 4.627490 	 68.031562
  990 	 0.018347 	 6.751900 	 41.280001
  991 	 0.014699 	 10.328195 	 74.374656
  992 	 0.024225 	 8.811254 	 54.505830
  993 	 0.013445 	 4.610412 	 68.031562
  994 	 0.018347 	 6.502484 	 41.280001
  995 	 0.014699 	 9.989776 	 74.374656
  996 	 0.024225 	 8.234762 	 54.505830
  997 	 0.013445 	 4.940652 	 68.031562
  998 	 0.018347 	 6.584404 	 41.280001
  999 	 0.014699 	 9.397423 	 74.374656
 