   0 	 0.016809 	 0.109228 	 2.222222
    1 	 0.020764 	 0.741005 	 2.989537
    2 	 0.026095 	 1.405991 	 2.714894
    3 	 0.025955 	 0.968023 	 2.690276
    4 	 0.036471 	 0.608754 	 2.311644
    5 	 0.036499 	 0.800524 	 2.147581
    6 	 0.045606 	 0.875018 	 2.626944
    7 	 0.035895 	 0.798423 	 2.426459
    8 	 0.035912 	 0.832413 	 2.550180
    9 	 0.037821 	 0.829368 	 2.360676
   10 	 0.037051 	 0.777817 	 2.232018
   11 	 0.036592 	 0.784065 	 1.930921
   12 	 0.038322 	 0.840947 	 2.355428
   13 	 0.045738 	 0.891318 	 2.813262
   14 	 0.134389 	 0.850047 	 2.348397
   15 	 0.312426 	 0.827987 	 2.308197
   16 	 0.276247 	 0.850718 	 1.885656
   17 	 0.104123 	 0.836121 	 1.562233
   18 	 0.357859 	 0.815161 	 1.532385
   19 	 0.093605 	 0.807384 	 2.082366
   20 	 0.093723 	 0.812529 	 1.351974
   21 	 0.279992 	 0.895613 	 4.758452
   22 	 0.036892 	 0.856692 	 1.680418
   23 	 0.036698 	 0.853324 	 1.694549
   24 	 0.484915 	 0.852009 	 1.880080
   25 	 0.125679 	 0.851052 	 2.574012
   26 	 0.472326 	 0.882261 	 1.276244
   27 	 0.044804 	 0.917216 	 3.388927
   28 	 0.622103 	 0.903207 	 1.409590
   29 	 0.275784 	 1.023290 	 6.080430
   30 	 0.559851 	 0.918660 	 1.550860
   31 	 0.156252 	 0.942721 	 2.029420
   32 	 0.393721 	 0.930302 	 1.468924
   33 	 0.235325 	 0.936626 	 2.423940
   34 	 0.586605 	 0.923065 	 1.479603
   35 	 0.038765 	 0.962661 	 3.502325
   36 	 0.572187 	 0.936033 	 1.561267
   37 	 0.267457 	 1.092389 	 16.269283
   38 	 0.042770 	 0.941532 	 1.554095
   39 	 0.037361 	 0.959728 	 1.546545
   40 	 0.474165 	 1.045833 	 5.534948
   41 	 0.040998 	 1.180272 	 7.857875
   42 	 0.038481 	 0.946429 	 2.012619
   43 	 0.125074 	 1.068136 	 9.372272
   44 	 0.475620 	 1.297933 	 17.642578
   45 	 0.106491 	 1.095112 	 5.703837
   46 	 0.056623 	 0.953311 	 1.629939
   47 	 0.174626 	 1.029559 	 5.790694
   48 	 0.581890 	 1.211317 	 12.606729
   49 	 0.102063 	 1.035304 	 4.306261
   50 	 0.079180 	 0.956346 	 1.526395
   51 	 0.223791 	 1.092359 	 6.567572
   52 	 0.647419 	 1.137376 	 7.294999
   53 	 0.151739 	 1.019703 	 3.454343
   54 	 0.136655 	 0.951527 	 1.496556
   55 	 0.287642 	 1.066015 	 5.884469
   56 	 0.600076 	 1.126874 	 6.457653
   57 	 0.167921 	 1.031845 	 3.222250
   58 	 0.037037 	 0.935691 	 1.428194
   59 	 0.304095 	 1.044940 	 4.508131
   60 	 0.674715 	 1.439892 	 17.112390
   61 	 0.220929 	 1.025131 	 3.072247
   62 	 0.035136 	 0.923422 	 1.433865
   63 	 0.323243 	 1.038342 	 3.429008
   64 	 0.581359 	 1.372803 	 12.335891
   65 	 0.039507 	 1.006577 	 2.781803
   66 	 0.080632 	 0.936342 	 1.655467
   67 	 0.332165 	 1.216903 	 16.418552
   68 	 0.328199 	 1.237593 	 9.677579
   69 	 0.060646 	 1.018552 	 2.828331
   70 	 0.101168 	 0.976289 	 2.656385
   71 	 0.038999 	 1.162044 	 12.188344
   72 	 0.368965 	 1.185228 	 6.448794
   73 	 0.081893 	 1.187114 	 16.207828
   74 	 0.154524 	 0.967993 	 2.553203
   75 	 0.061494 	 1.129172 	 9.560856
   76 	 0.388893 	 1.183032 	 5.642580
   77 	 0.104345 	 1.087205 	 7.564632
   78 	 0.175169 	 0.966357 	 2.175839
   79 	 0.131799 	 1.102750 	 7.871198
   80 	 0.454847 	 1.155441 	 5.053853
   81 	 0.126680 	 1.052266 	 4.938304
   82 	 0.038753 	 0.952492 	 2.099749
   83 	 0.199640 	 1.077226 	 5.537706
   84 	 0.036531 	 1.271179 	 16.272672
   85 	 0.178304 	 1.034388 	 4.580001
   86 	 0.061367 	 1.297467 	 18.964124
   87 	 0.036880 	 1.082830 	 5.076043
   88 	 0.052668 	 1.329152 	 12.892061
   89 	 0.194298 	 1.208777 	 16.784034
   90 	 0.077431 	 1.146897 	 13.192559
   91 	 0.059545 	 1.069815 	 4.803127
   92 	 0.038675 	 1.263343 	 9.986933
   93 	 0.037980 	 1.167734 	 14.399810
   94 	 0.099904 	 1.250356 	 17.429083
   95 	 0.037732 	 1.056037 	 4.342219
   96 	 0.037217 	 1.208290 	 9.107152
   97 	 0.229099 	 1.311894 	 16.911184
   98 	 0.109685 	 1.394816 	 16.689728
   99 	 0.059098 	 1.025139 	 3.971416
  100 	 0.059449 	 1.172478 	 8.362278
  101 	 0.120746 	 1.146807 	 9.036800
  102 	 0.036958 	 1.226657 	 14.419872
  103 	 0.109071 	 1.102753 	 7.654295
  104 	 0.036973 	 1.372243 	 21.341034
  105 	 0.036987 	 1.167947 	 8.405373
  106 	 0.036858 	 1.417997 	 21.334265
  107 	 0.118793 	 1.344800 	 21.327798
  108 	 0.046851 	 1.526918 	 21.386883
  109 	 0.038057 	 1.161579 	 7.770400
  110 	 0.046390 	 1.370844 	 16.460560
  111 	 0.128530 	 1.559679 	 17.619071
  112 	 0.060705 	 1.467830 	 17.765069
  113 	 0.056706 	 1.133082 	 7.250066
  114 	 0.056259 	 1.295506 	 13.403950
  115 	 0.137742 	 1.554203 	 15.127127
  116 	 0.074553 	 1.418928 	 15.115115
  117 	 0.066098 	 1.113059 	 6.594490
  118 	 0.036720 	 1.252926 	 11.305483
  119 	 0.035757 	 1.494219 	 13.245359
  120 	 0.037852 	 1.724794 	 21.682415
  121 	 0.075442 	 1.316032 	 21.902627
  122 	 0.046091 	 1.519960 	 21.162987
  123 	 0.045637 	 1.440711 	 11.717586
  124 	 0.047230 	 1.586778 	 16.669211
  125 	 0.085241 	 1.227935 	 15.543133
  126 	 0.059955 	 1.523727 	 17.658406
  127 	 0.064298 	 1.448487 	 10.510744
  128 	 0.037836 	 1.566737 	 14.418515
  129 	 0.036842 	 1.334112 	 13.477405
  130 	 0.069308 	 1.666054 	 19.328878
  131 	 0.074144 	 1.642646 	 21.393840
  132 	 0.037424 	 1.468712 	 12.445639
  133 	 0.046721 	 1.300418 	 11.898551
  134 	 0.080229 	 1.806140 	 21.131009
  135 	 0.083125 	 1.535394 	 15.403372
  136 	 0.047302 	 1.424451 	 11.095216
  137 	 0.064879 	 1.279259 	 10.749773
  138 	 0.037701 	 1.507373 	 13.997628
  139 	 0.092944 	 1.444474 	 13.372702
  140 	 0.071393 	 1.624518 	 21.230745
  141 	 0.074724 	 1.397616 	 9.770970
  142 	 0.047080 	 1.429803 	 11.099668
  143 	 0.102240 	 1.409563 	 11.887225
  144 	 0.090013 	 1.532063 	 17.705512
  145 	 0.084057 	 1.348204 	 8.917389
  146 	 0.056450 	 1.363286 	 10.008752
  147 	 0.037265 	 1.387006 	 10.700052
  148 	 0.099814 	 1.472933 	 15.186108
  149 	 0.093294 	 1.508437 	 18.029317
  150 	 0.065771 	 1.311128 	 9.156347
  151 	 0.055435 	 1.350470 	 9.690439
  152 	 0.109102 	 1.532109 	 13.215122
  153 	 0.103094 	 1.363433 	 8.588559
  154 	 0.038903 	 1.251894 	 8.438683
  155 	 0.036953 	 1.368198 	 8.849985
  156 	 0.107026 	 1.767846 	 20.702531
  157 	 0.112868 	 1.555782 	 21.343476
  158 	 0.048280 	 1.300976 	 8.589130
  159 	 0.038206 	 1.324490 	 8.145423
  160 	 0.116299 	 1.619179 	 17.187967
  161 	 0.037910 	 1.721745 	 21.005637
  162 	 0.037212 	 1.352889 	 7.923993
  163 	 0.047585 	 1.474411 	 20.915886
  164 	 0.037124 	 1.759438 	 21.225962
  165 	 0.047788 	 1.701426 	 17.395835
  166 	 0.047091 	 1.602901 	 21.265785
  167 	 0.037959 	 1.405672 	 17.486195
  168 	 0.047002 	 1.656919 	 17.546533
  169 	 0.057157 	 1.840098 	 20.894605
  170 	 0.036368 	 1.520344 	 17.574055
  171 	 0.047838 	 1.438623 	 14.912620
  172 	 0.056870 	 2.042512 	 21.613056
  173 	 0.067013 	 1.722468 	 17.319478
  174 	 0.046249 	 1.464424 	 14.976768
  175 	 0.057705 	 1.471722 	 13.138385
  176 	 0.059874 	 1.929091 	 20.768912
  177 	 0.076060 	 1.623222 	 12.649600
  178 	 0.048126 	 1.447924 	 14.332069
  179 	 0.078992 	 1.415243 	 11.633288
  180 	 0.069725 	 1.797431 	 16.868180
  181 	 0.085714 	 1.546479 	 11.249592
  182 	 0.054432 	 1.344210 	 8.998842
  183 	 0.088814 	 1.281185 	 6.367926
  184 	 0.111003 	 1.838390 	 17.751759
  185 	 0.156793 	 1.506206 	 10.181849
  186 	 0.038151 	 1.321483 	 8.271070
  187 	 0.098119 	 1.278390 	 6.301464
  188 	 0.120759 	 1.919501 	 20.811383
  189 	 0.037213 	 1.461121 	 9.257661
  190 	 0.048028 	 1.295759 	 7.682920
  191 	 0.035741 	 1.486746 	 21.225476
  192 	 0.129991 	 1.878675 	 17.262859
  193 	 0.047091 	 1.648576 	 21.910321
  194 	 0.057921 	 1.346130 	 7.174045
  195 	 0.045620 	 1.430911 	 17.546543
  196 	 0.139199 	 1.789936 	 14.744585
  197 	 0.056959 	 1.574453 	 18.011517
  198 	 0.067776 	 1.319686 	 6.706938
  199 	 0.055490 	 1.367774 	 14.956805
  200 	 0.125960 	 1.703255 	 12.873980
  201 	 0.037705 	 1.582147 	 15.292955
  202 	 0.077616 	 1.369411 	 7.360508
  203 	 0.065347 	 1.550120 	 21.006123
  204 	 0.038011 	 1.630413 	 11.426427
  205 	 0.047583 	 1.594343 	 13.289507
  206 	 0.087441 	 1.515794 	 20.872005
  207 	 0.075191 	 1.444859 	 17.396510
  208 	 0.047888 	 1.504910 	 10.273194
  209 	 0.057421 	 1.526347 	 11.752073
  210 	 0.097247 	 1.509349 	 17.304510
  211 	 0.084150 	 1.432116 	 14.854179
  212 	 0.057755 	 1.464290 	 9.332968
  213 	 0.067276 	 1.463737 	 10.632661
  214 	 0.107034 	 1.357209 	 9.922203
  215 	 0.093962 	 1.255180 	 9.451751
  216 	 0.037754 	 1.438632 	 8.551864
  217 	 0.105690 	 1.445368 	 9.628124
  218 	 0.116798 	 1.578051 	 20.984452
  219 	 0.103713 	 1.288538 	 8.651278
  220 	 0.047623 	 1.357335 	 7.698324
  221 	 0.115458 	 1.443643 	 8.065812
  222 	 0.129732 	 1.473185 	 17.384400
  223 	 0.123828 	 1.242159 	 7.977167
  224 	 0.057490 	 1.291313 	 7.161702
  225 	 0.121726 	 1.470373 	 7.477857
  226 	 0.139439 	 1.456395 	 14.838964
  227 	 0.133551 	 1.284957 	 7.597293
  228 	 0.038582 	 1.193375 	 5.679574
  229 	 0.131455 	 1.407648 	 6.971002
  230 	 0.037393 	 1.504563 	 12.945776
  231 	 0.038932 	 1.241564 	 7.114674
  232 	 0.076977 	 1.476687 	 21.144626
  233 	 0.134661 	 1.421903 	 6.560417
  234 	 0.047271 	 1.422720 	 11.510506
  235 	 0.035584 	 1.280104 	 6.917484
  236 	 0.086809 	 1.409809 	 10.920457
  237 	 0.038991 	 1.581069 	 22.229882
  238 	 0.091462 	 1.378455 	 10.426597
  239 	 0.044964 	 1.474011 	 20.453449
  240 	 0.089904 	 1.344574 	 9.865669
  241 	 0.048868 	 1.575037 	 18.226715
  242 	 0.101260 	 1.417130 	 10.019665
  243 	 0.054836 	 1.397640 	 17.162109
  244 	 0.036311 	 1.304261 	 8.996039
  245 	 0.058236 	 1.480177 	 15.447285
  246 	 0.111038 	 1.314860 	 8.694765
  247 	 0.036856 	 1.419478 	 14.676518
  248 	 0.114881 	 1.512473 	 8.268707
  249 	 0.068090 	 1.872935 	 21.387828
  250 	 0.037814 	 1.279189 	 8.014042
  251 	 0.037786 	 1.433590 	 12.822128
  252 	 0.124627 	 1.697186 	 20.958331
  253 	 0.077930 	 2.106909 	 20.970659
  254 	 0.047691 	 1.258022 	 7.433448
  255 	 0.047663 	 1.462950 	 11.385624
  256 	 0.134146 	 1.626874 	 17.363749
  257 	 0.087754 	 1.957543 	 17.372203
  258 	 0.038115 	 1.183235 	 6.942210
  259 	 0.057532 	 1.398111 	 10.292959
  260 	 0.143841 	 1.797491 	 20.826795
  261 	 0.035217 	 1.930935 	 14.940507
  262 	 0.047714 	 1.194480 	 6.504434
  263 	 0.037187 	 1.518876 	 22.164407
  264 	 0.038275 	 1.551391 	 17.356935
  265 	 0.045098 	 2.239618 	 21.465269
  266 	 0.057583 	 1.438072 	 20.757695
  267 	 0.046565 	 1.464659 	 18.182378
  268 	 0.048152 	 1.494222 	 14.818607
  269 	 0.037103 	 2.060200 	 17.722459
  270 	 0.067438 	 1.376766 	 19.979234
  271 	 0.056394 	 1.699559 	 21.503927
  272 	 0.050047 	 1.571947 	 14.422168
  273 	 0.038952 	 2.025226 	 17.154393
  274 	 0.069290 	 1.426785 	 16.681329
  275 	 0.058260 	 1.862517 	 24.478348
  276 	 0.037186 	 1.538417 	 14.046884
  277 	 0.040849 	 1.942035 	 14.671246
  278 	 0.071140 	 1.621310 	 21.604838
  279 	 0.037402 	 1.757014 	 19.704701
  280 	 0.046282 	 1.502130 	 12.339573
  281 	 0.050724 	 2.162549 	 21.366808
  282 	 0.081028 	 1.593298 	 17.799323
  283 	 0.046780 	 1.743698 	 16.495150
  284 	 0.056176 	 1.524479 	 10.997754
  285 	 0.036942 	 2.017784 	 17.642926
  286 	 0.090754 	 1.562871 	 15.134095
  287 	 0.051297 	 1.809567 	 21.578699
  288 	 0.066033 	 1.546298 	 7.360865
  289 	 0.036255 	 1.897181 	 16.340662
  290 	 0.135671 	 1.517356 	 13.169535
  291 	 0.061160 	 2.161173 	 21.665883
  292 	 0.075876 	 1.464245 	 6.610957
  293 	 0.037134 	 1.762570 	 14.072609
  294 	 0.037261 	 1.356048 	 11.658295
  295 	 0.071010 	 2.219276 	 21.261325
  296 	 0.085703 	 1.861806 	 21.203958
  297 	 0.035006 	 1.711780 	 12.359393
  298 	 0.035538 	 1.323149 	 10.459910
  299 	 0.080845 	 2.289100 	 22.268792
  300 	 0.095513 	 2.035676 	 22.007793
  301 	 0.044886 	 1.634744 	 11.019840
  302 	 0.045418 	 1.304921 	 9.486517
  303 	 0.090664 	 2.147124 	 18.252841
  304 	 0.105303 	 1.927677 	 18.077275
  305 	 0.039337 	 1.513199 	 9.943914
  306 	 0.055288 	 1.275840 	 8.680335
  307 	 0.100472 	 2.196812 	 20.309885
  308 	 0.036530 	 1.818867 	 15.340283
  309 	 0.049213 	 1.529299 	 9.060258
  310 	 0.065146 	 1.443986 	 21.537957
  311 	 0.110252 	 2.079424 	 16.916703
  312 	 0.038156 	 1.720319 	 13.325186
  313 	 0.059079 	 1.495576 	 8.322811
  314 	 0.074990 	 1.629239 	 20.808893
  315 	 0.120009 	 2.042868 	 14.497239
  316 	 0.048034 	 1.630969 	 11.779924
  317 	 0.037612 	 1.399034 	 7.697695
  318 	 0.084819 	 1.578043 	 17.261147
  319 	 0.129877 	 2.252523 	 21.047361
  320 	 0.057900 	 1.608366 	 10.557548
  321 	 0.047490 	 1.316980 	 7.154253
  322 	 0.039055 	 1.282189 	 13.152048
  323 	 0.132821 	 2.120495 	 17.424757
  324 	 0.075977 	 1.942023 	 20.426844
  325 	 0.057360 	 1.391273 	 6.689684
  326 	 0.037937 	 1.242275 	 11.644609
  327 	 0.149263 	 2.004621 	 14.867743
  328 	 0.085721 	 2.058207 	 20.904447
  329 	 0.036869 	 1.287774 	 6.282865
  330 	 0.036933 	 1.205713 	 10.457913
  331 	 0.158913 	 2.137337 	 21.381864
  332 	 0.095531 	 2.137641 	 21.352665
  333 	 0.037003 	 1.213223 	 4.901655
  334 	 0.035307 	 1.219311 	 9.484877
  335 	 0.203601 	 2.234166 	 21.320360
  336 	 0.105321 	 2.244534 	 22.120507
  337 	 0.046882 	 1.190553 	 4.683807
  338 	 0.045187 	 1.212902 	 8.678965
  339 	 0.213051 	 2.107151 	 17.611275
  340 	 0.115090 	 2.103459 	 18.153185
  341 	 0.056750 	 1.164299 	 4.485285
  342 	 0.055057 	 1.186395 	 8.000648
  343 	 0.222460 	 2.063399 	 15.003761
  344 	 0.124835 	 1.950477 	 15.394852
  345 	 0.037324 	 1.135290 	 4.303661
  346 	 0.036006 	 1.163868 	 7.421951
  347 	 0.037532 	 2.172536 	 21.175734
  348 	 0.037940 	 1.954718 	 21.783834
  349 	 0.047202 	 1.359442 	 21.082764
  350 	 0.045885 	 1.386110 	 20.903059
  351 	 0.036691 	 2.101671 	 17.512568
  352 	 0.035010 	 1.946657 	 17.926030
  353 	 0.057070 	 1.641159 	 21.838487
  354 	 0.055754 	 1.833391 	 22.266744
  355 	 0.045770 	 2.072639 	 15.112673
  356 	 0.044890 	 1.813968 	 15.231350
  357 	 0.037305 	 1.491335 	 17.962989
  358 	 0.065611 	 1.857864 	 18.251467
  359 	 0.037600 	 2.290160 	 21.184317
  360 	 0.054760 	 1.733775 	 13.243021
  361 	 0.047183 	 1.641547 	 21.052823
  362 	 0.075455 	 1.761221 	 15.465400
  363 	 0.047477 	 2.129656 	 17.518432
  364 	 0.064619 	 1.669195 	 11.715760
  365 	 0.032996 	 1.611335 	 17.428497
  366 	 0.085283 	 1.666549 	 13.419369
  367 	 0.057345 	 2.151903 	 22.306215
  368 	 0.037772 	 1.502157 	 7.669705
  369 	 0.037827 	 1.467556 	 11.731474
  370 	 0.037926 	 1.815890 	 20.976782
  371 	 0.085169 	 2.227610 	 20.952635
  372 	 0.047649 	 1.682036 	 20.909072
  373 	 0.047704 	 1.365209 	 10.518680
  374 	 0.047803 	 1.766197 	 17.376400
  375 	 0.094980 	 2.172482 	 17.359843
  376 	 0.057518 	 1.632637 	 17.573599
  377 	 0.057571 	 1.304498 	 9.534741
  378 	 0.056872 	 1.678381 	 14.832777
  379 	 0.104771 	 2.060251 	 14.821089
  380 	 0.067373 	 1.572385 	 14.976437
  381 	 0.033421 	 1.270628 	 8.720609
  382 	 0.066727 	 1.630503 	 12.941074
  383 	 0.035803 	 2.179929 	 23.352784
  384 	 0.077214 	 1.531389 	 13.187829
  385 	 0.042803 	 1.433965 	 22.270112
  386 	 0.075775 	 1.547164 	 11.585564
  387 	 0.044883 	 2.111811 	 19.266581
  388 	 0.086241 	 1.469279 	 11.671982
  389 	 0.051877 	 1.344465 	 18.253727
  390 	 0.037569 	 1.496113 	 10.401425
  391 	 0.054754 	 2.076199 	 16.187322
  392 	 0.096049 	 1.888137 	 21.066159
  393 	 0.061739 	 1.363565 	 15.467022
  394 	 0.037909 	 1.497532 	 9.438476
  395 	 0.064616 	 1.980151 	 13.958870
  396 	 0.105838 	 1.992051 	 20.916567
  397 	 0.071588 	 1.454766 	 13.419986
  398 	 0.036366 	 1.523240 	 8.640179
  399 	 0.074461 	 1.898732 	 12.271698
 