   0 	 0.015549 	 0.049995 	 0.230060
    1 	 0.019358 	 0.081667 	 0.386026
    2 	 0.019137 	 0.132631 	 0.517212
    3 	 0.024979 	 0.237788 	 1.758775
    4 	 0.040879 	 0.506434 	 2.293417
    5 	 0.038643 	 0.890483 	 3.932665
    6 	 0.135628 	 1.093136 	 3.200572
    7 	 0.168592 	 0.855226 	 2.638751
    8 	 0.131070 	 0.769545 	 2.398224
    9 	 0.037425 	 0.861492 	 2.580696
   10 	 0.255054 	 0.930163 	 2.750805
   11 	 0.038187 	 0.808984 	 1.624792
   12 	 0.227466 	 0.829650 	 2.052740
   13 	 0.112972 	 0.963755 	 3.500330
   14 	 0.383478 	 0.933080 	 2.291657
   15 	 0.147306 	 0.837687 	 3.541429
   16 	 0.272044 	 0.858090 	 1.991723
   17 	 0.263927 	 0.939945 	 2.510150
   18 	 0.221355 	 0.867608 	 1.573209
   19 	 0.037985 	 0.857908 	 2.155955
   20 	 0.108557 	 0.957705 	 3.131232
   21 	 0.045904 	 1.051876 	 3.855847
   22 	 0.121595 	 0.934634 	 3.603070
   23 	 0.106002 	 0.884527 	 3.513651
   24 	 0.265423 	 0.946796 	 3.377292
   25 	 0.269480 	 1.020612 	 5.167911
   26 	 0.037895 	 0.920710 	 2.545027
   27 	 0.187269 	 0.881177 	 1.923520
   28 	 0.356566 	 0.939589 	 3.651029
   29 	 0.101161 	 0.944377 	 2.256984
   30 	 0.268519 	 0.904646 	 1.685868
   31 	 0.411255 	 0.918685 	 3.995822
   32 	 0.102337 	 0.917000 	 2.475130
   33 	 0.037772 	 0.901859 	 1.538569
   34 	 0.111792 	 0.911786 	 2.558614
   35 	 0.108776 	 1.003305 	 4.893052
   36 	 0.112180 	 0.950395 	 2.850690
   37 	 0.124778 	 0.948659 	 3.705405
   38 	 0.334081 	 0.924739 	 2.736131
   39 	 0.251231 	 0.970810 	 3.468869
   40 	 0.346845 	 0.944180 	 1.932067
   41 	 0.040262 	 0.943215 	 3.069079
   42 	 0.040713 	 0.916332 	 1.993839
   43 	 0.294457 	 0.974907 	 3.550349
   44 	 0.353267 	 0.994224 	 5.117366
   45 	 0.269611 	 0.966107 	 2.293328
   46 	 0.114549 	 0.912630 	 1.980121
   47 	 0.077092 	 0.955233 	 2.568165
   48 	 0.286103 	 1.016221 	 3.737631
   49 	 0.041178 	 1.024057 	 4.805570
   50 	 0.112966 	 0.905155 	 2.268587
   51 	 0.161191 	 0.983108 	 5.190016
   52 	 0.413208 	 1.056019 	 4.063955
   53 	 0.187860 	 0.988229 	 3.165646
   54 	 0.238723 	 0.881537 	 1.375294
   55 	 0.040579 	 0.956142 	 3.144061
   56 	 0.109966 	 1.015111 	 2.507001
   57 	 0.303300 	 1.020973 	 5.339636
   58 	 0.039076 	 0.874951 	 1.374612
   59 	 0.181867 	 0.937060 	 2.183404
   60 	 0.040958 	 1.131789 	 8.490702
   61 	 0.041213 	 0.966640 	 2.971180
   62 	 0.115551 	 0.932055 	 5.110960
   63 	 0.327882 	 0.993565 	 5.148989
   64 	 0.190507 	 1.045843 	 5.147983
   65 	 0.189319 	 0.961824 	 2.459530
   66 	 0.123483 	 0.900312 	 2.848136
   67 	 0.123169 	 0.940855 	 3.661405
   68 	 0.333019 	 1.058877 	 3.897379
   69 	 0.114053 	 1.019769 	 4.457960
   70 	 0.121749 	 0.890402 	 2.122157
   71 	 0.119684 	 0.985030 	 4.665211
   72 	 0.443822 	 1.061405 	 3.923888
   73 	 0.040511 	 0.988078 	 3.459198
   74 	 0.040383 	 0.874660 	 1.670783
   75 	 0.123296 	 0.998466 	 4.972370
   76 	 0.302309 	 1.076507 	 5.345231
   77 	 0.112844 	 0.985912 	 3.824143
   78 	 0.110080 	 0.889026 	 2.296693
   79 	 0.111880 	 0.991720 	 3.852913
   80 	 0.409217 	 1.047116 	 3.776720
   81 	 0.251382 	 1.000106 	 4.130860
   82 	 0.244788 	 0.907688 	 2.000329
   83 	 0.233021 	 0.983817 	 3.056403
   84 	 0.358555 	 1.021661 	 2.666752
   85 	 0.112648 	 0.954191 	 2.540514
   86 	 0.111423 	 0.904617 	 2.046016
   87 	 0.112227 	 0.982926 	 3.770060
   88 	 0.454832 	 1.022469 	 3.787553
   89 	 0.110879 	 1.012490 	 5.318394
   90 	 0.254728 	 0.930575 	 1.646276
   91 	 0.040479 	 0.998682 	 4.606612
   92 	 0.036502 	 0.989083 	 2.616238
   93 	 0.212548 	 1.064449 	 8.334782
   94 	 0.363724 	 1.015540 	 8.620551
   95 	 0.037927 	 0.953926 	 3.254696
   96 	 0.114942 	 0.957618 	 2.520009
   97 	 0.128632 	 1.100934 	 6.579037
   98 	 0.391679 	 1.031821 	 4.165940
   99 	 0.040139 	 1.010429 	 4.804653
  100 	 0.236036 	 0.954420 	 2.103140
  101 	 0.037339 	 1.134148 	 9.022093
  102 	 0.454992 	 1.033513 	 3.142315
  103 	 0.109688 	 1.072380 	 8.254945
  104 	 0.305575 	 0.962846 	 2.121826
  105 	 0.120873 	 1.100170 	 5.275320
  106 	 0.452627 	 1.042559 	 3.106792
  107 	 0.188625 	 1.064921 	 7.190467
  108 	 0.038102 	 0.950905 	 1.730922
  109 	 0.137160 	 1.075095 	 3.670731
  110 	 0.349035 	 1.050871 	 3.012628
  111 	 0.271172 	 1.029933 	 4.662876
  112 	 0.289016 	 0.972525 	 2.664998
  113 	 0.037725 	 1.050701 	 3.384413
  114 	 0.371582 	 1.055290 	 2.820469
  115 	 0.287438 	 1.139092 	 6.347602
  116 	 0.315949 	 0.980081 	 2.513942
  117 	 0.155458 	 1.025750 	 2.697324
  118 	 0.116045 	 1.030151 	 2.586325
  119 	 0.367064 	 1.070041 	 4.099299
  120 	 0.367955 	 1.021391 	 5.300962
  121 	 0.106092 	 1.011400 	 2.537662
  122 	 0.187689 	 1.007426 	 2.597033
  123 	 0.375282 	 1.086032 	 5.596225
  124 	 0.374864 	 1.006616 	 3.841884
  125 	 0.039063 	 0.968229 	 2.211009
  126 	 0.258473 	 1.016547 	 2.271444
  127 	 0.037739 	 1.192046 	 8.955483
  128 	 0.124383 	 0.982739 	 2.420297
  129 	 0.038618 	 1.151547 	 15.446558
  130 	 0.037923 	 1.078796 	 7.108193
  131 	 0.064626 	 1.414735 	 17.426348
  132 	 0.140150 	 1.346863 	 17.818063
  133 	 0.057331 	 1.110657 	 10.913886
  134 	 0.056072 	 1.081199 	 5.709378
  135 	 0.091400 	 1.186660 	 6.141947
  136 	 0.174384 	 1.230499 	 12.442204
  137 	 0.162152 	 1.200263 	 8.643016
  138 	 0.080254 	 1.066948 	 4.985447
  139 	 0.115365 	 1.114938 	 4.496698
  140 	 0.199261 	 1.092755 	 9.491783
  141 	 0.220760 	 1.165351 	 6.104691
  142 	 0.105174 	 1.056019 	 4.435359
  143 	 0.162925 	 1.115161 	 4.067348
  144 	 0.129665 	 1.136033 	 7.611873
  145 	 0.244239 	 1.136524 	 5.341163
  146 	 0.130956 	 1.110708 	 6.850978
  147 	 0.037155 	 1.069271 	 3.721080
  148 	 0.127404 	 1.098845 	 6.440986
  149 	 0.263173 	 1.348379 	 16.272160
  150 	 0.134724 	 1.143793 	 7.042059
  151 	 0.061363 	 1.051756 	 3.408628
  152 	 0.141676 	 1.158968 	 6.288372
  153 	 0.291977 	 1.268983 	 11.673638
  154 	 0.158412 	 1.121162 	 6.024965
  155 	 0.085530 	 1.038095 	 3.161786
  156 	 0.165309 	 1.129577 	 5.355853
  157 	 0.313865 	 1.228545 	 9.104994
  158 	 0.037988 	 1.088507 	 5.274000
  159 	 0.109634 	 1.023054 	 2.957138
  160 	 0.038163 	 1.431969 	 16.054466
  161 	 0.037812 	 1.207992 	 7.466384
  162 	 0.062194 	 1.239220 	 16.009423
  163 	 0.133529 	 1.350092 	 16.099983
  164 	 0.062369 	 1.305392 	 11.561508
  165 	 0.062018 	 1.177570 	 6.335949
  166 	 0.086325 	 1.231899 	 11.538201
  167 	 0.037827 	 1.226487 	 11.817774
  168 	 0.086486 	 1.302490 	 9.744193
  169 	 0.084445 	 1.338321 	 16.096064
  170 	 0.102370 	 1.151822 	 9.026365
  171 	 0.062033 	 1.248276 	 9.195846
  172 	 0.110489 	 1.292180 	 7.894528
  173 	 0.108458 	 1.259871 	 11.583000
  174 	 0.126281 	 1.143446 	 7.887109
  175 	 0.086212 	 1.192918 	 7.532490
  176 	 0.037745 	 1.196256 	 6.640927
  177 	 0.132501 	 1.203253 	 6.764905
  178 	 0.150032 	 1.316062 	 16.117222
  179 	 0.147102 	 1.168290 	 6.377491
  180 	 0.061952 	 1.181934 	 5.736166
  181 	 0.037976 	 1.168687 	 5.834236
  182 	 0.173597 	 1.246507 	 11.593919
  183 	 0.038391 	 1.298317 	 16.057451
  184 	 0.086072 	 1.157365 	 5.266009
  185 	 0.062182 	 1.331053 	 18.284400
  186 	 0.189025 	 1.194430 	 9.060286
  187 	 0.037853 	 1.246023 	 12.741719
  188 	 0.110077 	 1.168354 	 4.870329
  189 	 0.078333 	 1.485714 	 16.089274
  190 	 0.204640 	 1.153216 	 7.441769
  191 	 0.062121 	 1.175914 	 9.743451
  192 	 0.133939 	 1.142714 	 4.526114
  193 	 0.102378 	 1.378380 	 12.751651
  194 	 0.220147 	 1.136743 	 6.656046
  195 	 0.078321 	 1.148441 	 8.426178
  196 	 0.148484 	 1.121314 	 4.229271
  197 	 0.118472 	 1.238404 	 8.389603
  198 	 0.235097 	 1.109103 	 6.378213
  199 	 0.118851 	 1.138826 	 7.888144
  200 	 0.156384 	 1.139106 	 3.977778
  201 	 0.126511 	 1.222755 	 6.985631
  202 	 0.250371 	 1.055099 	 3.747853
  203 	 0.142818 	 1.108388 	 6.630808
  204 	 0.266230 	 1.117179 	 3.588464
  205 	 0.139433 	 1.145794 	 3.974137
  206 	 0.276796 	 1.066564 	 3.441986
  207 	 0.250599 	 1.097540 	 4.584360
  208 	 0.037714 	 1.129346 	 3.507586
  209 	 0.217360 	 1.134944 	 3.746734
  210 	 0.283778 	 1.273370 	 21.732658
  211 	 0.266309 	 1.097134 	 4.279719
  212 	 0.045979 	 1.137393 	 3.423747
  213 	 0.232774 	 1.135341 	 3.441046
  214 	 0.291371 	 1.237784 	 18.423246
  215 	 0.038129 	 1.056997 	 4.014876
  216 	 0.054231 	 1.127431 	 3.332826
  217 	 0.038067 	 1.357692 	 21.584506
  218 	 0.299309 	 1.176827 	 12.733768
  219 	 0.037976 	 1.274958 	 21.566822
  220 	 0.078431 	 1.121777 	 3.101389
  221 	 0.046333 	 1.464045 	 16.508280
  222 	 0.320104 	 1.164837 	 11.529904
  223 	 0.060545 	 1.188804 	 15.966136
  224 	 0.086609 	 1.112405 	 2.972620
  225 	 0.062600 	 1.437031 	 13.013161
  226 	 0.335467 	 1.131483 	 9.016431
  227 	 0.038417 	 1.122813 	 12.674259
  228 	 0.110708 	 1.097140 	 2.836299
  229 	 0.078799 	 1.590050 	 18.275880
  230 	 0.125046 	 1.105998 	 7.873485
  231 	 0.054668 	 1.104681 	 11.481218
  232 	 0.037909 	 1.125034 	 7.074844
  233 	 0.086915 	 1.419325 	 14.090813
  234 	 0.141021 	 1.307649 	 18.447072
  235 	 0.070886 	 1.097109 	 10.502563
  236 	 0.038030 	 1.047142 	 6.048837
  237 	 0.095067 	 1.333533 	 10.505712
  238 	 0.136474 	 1.497001 	 21.584376
  239 	 0.094967 	 1.116330 	 9.674235
  240 	 0.046312 	 1.115595 	 6.545633
  241 	 0.036695 	 1.305439 	 9.683665
  242 	 0.152394 	 1.413484 	 15.971364
  243 	 0.036605 	 1.313408 	 22.224743
  244 	 0.039263 	 1.028519 	 5.524505
  245 	 0.044978 	 1.410309 	 14.346201
  246 	 0.180740 	 1.513286 	 15.536944
  247 	 0.069626 	 1.320310 	 18.769426
  248 	 0.064226 	 1.015080 	 4.676388
  249 	 0.022272 	 1.354165 	 12.832721
  250 	 0.038078 	 1.403817 	 11.194954
  251 	 0.036663 	 1.378659 	 25.925201
  252 	 0.089196 	 1.204643 	 18.389887
  253 	 0.037934 	 1.439260 	 15.206095
  254 	 0.054353 	 1.275974 	 8.810870
  255 	 0.065658 	 1.610991 	 18.438521
  256 	 0.113287 	 1.183003 	 15.960872
  257 	 0.054210 	 1.408739 	 13.521148
  258 	 0.036001 	 1.280306 	 8.224589
  259 	 0.073869 	 1.552651 	 14.182397
  260 	 0.121346 	 1.330980 	 19.120227
  261 	 0.070469 	 1.345324 	 11.090258
  262 	 0.047607 	 1.167698 	 6.565832
  263 	 0.090037 	 1.410803 	 11.524885
  264 	 0.151742 	 1.341867 	 17.886845
  265 	 0.036825 	 1.320301 	 10.169120
  266 	 0.055881 	 1.186158 	 5.950890
  267 	 0.098180 	 1.590222 	 22.160714
  268 	 0.167808 	 1.289567 	 15.580907
  269 	 0.045092 	 1.358059 	 9.391471
  270 	 0.037664 	 1.156372 	 5.205402
  271 	 0.106386 	 1.366807 	 16.288822
  272 	 0.191215 	 1.420177 	 18.530802
  273 	 0.038013 	 1.339851 	 8.150914
  274 	 0.038006 	 1.116275 	 3.737402
  275 	 0.036771 	 1.465522 	 16.048121
  276 	 0.256647 	 1.503836 	 16.049752
  277 	 0.062249 	 1.245243 	 7.209552
  278 	 0.062243 	 1.094976 	 3.559392
  279 	 0.038856 	 1.404755 	 11.554089
  280 	 0.279666 	 1.411359 	 12.731862
  281 	 0.086428 	 1.385710 	 15.833684
  282 	 0.037710 	 1.054149 	 3.289839
  283 	 0.037960 	 1.297269 	 9.031172
  284 	 0.291950 	 1.570383 	 16.126400
  285 	 0.036643 	 1.695824 	 16.061571
  286 	 0.061917 	 1.036507 	 3.244124
  287 	 0.062166 	 1.450183 	 18.888349
  288 	 0.305958 	 1.544704 	 11.598654
  289 	 0.038570 	 1.538490 	 12.744306
  290 	 0.086037 	 1.045817 	 3.027936
  291 	 0.078366 	 1.401016 	 18.224956
  292 	 0.126190 	 1.429228 	 8.997927
  293 	 0.054734 	 1.456135 	 10.563428
  294 	 0.110837 	 1.172551 	 6.771775
  295 	 0.094449 	 1.313760 	 14.077681
  296 	 0.129781 	 1.344246 	 7.399873
  297 	 0.070912 	 1.381649 	 8.421120
  298 	 0.134840 	 1.221292 	 6.490075
  299 	 0.118407 	 1.281005 	 10.502866
  300 	 0.078497 	 1.281808 	 6.616360
  301 	 0.094992 	 1.324027 	 7.423495
  302 	 0.126084 	 1.257229 	 9.727943
  303 	 0.134268 	 1.249693 	 8.985341
  304 	 0.037308 	 1.256307 	 7.023282
  305 	 0.110992 	 1.269251 	 6.306442
  306 	 0.037683 	 1.561149 	 18.355888
  307 	 0.038062 	 1.215878 	 7.855936
  308 	 0.054430 	 1.519128 	 18.524266
  309 	 0.126900 	 1.426086 	 18.395110
  310 	 0.037925 	 1.408414 	 12.701609
  311 	 0.054314 	 1.177089 	 6.613764
  312 	 0.078580 	 1.584567 	 16.070677
  313 	 0.038039 	 1.320709 	 15.970823
  314 	 0.062131 	 1.323645 	 9.801366
  315 	 0.062519 	 1.496678 	 21.580055
  316 	 0.101774 	 1.527703 	 11.569887
  317 	 0.046321 	 1.349386 	 12.687277
  318 	 0.086310 	 1.269355 	 8.469241
  319 	 0.078718 	 1.437013 	 14.160023
  320 	 0.117848 	 1.526952 	 9.745664
  321 	 0.070500 	 1.374555 	 10.524317
  322 	 0.102396 	 1.230964 	 7.454477
  323 	 0.094871 	 1.372689 	 10.548473
  324 	 0.133855 	 1.433149 	 8.416763
  325 	 0.094583 	 1.295642 	 8.995138
  326 	 0.037113 	 1.174977 	 6.322912
  327 	 0.110970 	 1.378288 	 8.411657
  328 	 0.157549 	 1.602846 	 16.283066
  329 	 0.118540 	 1.252301 	 6.650378
  330 	 0.061352 	 1.156053 	 5.499051
  331 	 0.149820 	 1.309803 	 7.416183
  332 	 0.079905 	 1.556471 	 12.877945
  333 	 0.033397 	 1.208391 	 6.019744
  334 	 0.035216 	 1.181099 	 9.596431
  335 	 0.037695 	 1.486046 	 20.121881
  336 	 0.103847 	 1.731266 	 19.411278
  337 	 0.049657 	 1.604721 	 16.130327
  338 	 0.051473 	 1.147584 	 7.803520
  339 	 0.061902 	 1.348193 	 13.521371
  340 	 0.127749 	 1.583631 	 14.755077
  341 	 0.073868 	 1.495048 	 12.742609
  342 	 0.067662 	 1.113293 	 6.576802
  343 	 0.078327 	 1.291323 	 11.303526
  344 	 0.037624 	 1.482877 	 10.874065
  345 	 0.038388 	 1.419501 	 10.567746
  346 	 0.038297 	 1.345598 	 15.570488
  347 	 0.094410 	 1.430145 	 18.285450
  348 	 0.038186 	 1.780393 	 18.316015
  349 	 0.054616 	 1.310708 	 8.717596
  350 	 0.054548 	 1.464634 	 18.353171
  351 	 0.114496 	 1.411904 	 12.671735
  352 	 0.054438 	 1.626707 	 14.114616
  353 	 0.038129 	 1.322088 	 7.645464
  354 	 0.070767 	 1.359597 	 12.700311
  355 	 0.130382 	 1.521329 	 16.018130
  356 	 0.026304 	 1.512391 	 10.518908
  357 	 0.038286 	 1.268147 	 6.464869
  358 	 0.038055 	 1.162104 	 7.772157
  359 	 0.154103 	 1.606727 	 15.978024
  360 	 0.125684 	 1.739459 	 18.137412
  361 	 0.061872 	 1.253935 	 5.605286
  362 	 0.055085 	 1.167760 	 6.667370
  363 	 0.037808 	 1.517851 	 11.604647
  364 	 0.037789 	 1.583979 	 14.008503
  365 	 0.086052 	 1.382776 	 16.101000
  366 	 0.071302 	 1.371493 	 16.106019
  367 	 0.062014 	 1.410567 	 9.061945
  368 	 0.061995 	 1.474048 	 10.459996
  369 	 0.110153 	 1.307819 	 11.585548
  370 	 0.095381 	 1.281604 	 11.588138
  371 	 0.086134 	 1.415592 	 7.437514
  372 	 0.037901 	 1.393985 	 8.355557
  373 	 0.035140 	 1.240249 	 9.055194
  374 	 0.119448 	 1.286034 	 16.076798
  375 	 0.110235 	 1.499648 	 14.654181
  376 	 0.037911 	 1.389216 	 7.366598
  377 	 0.068127 	 1.194866 	 7.432982
  378 	 0.134313 	 1.412766 	 16.074246
  379 	 0.134097 	 1.398764 	 10.819347
  380 	 0.062117 	 1.332047 	 6.639533
  381 	 0.092220 	 1.158174 	 6.649061
  382 	 0.037957 	 1.302344 	 11.571731
  383 	 0.149850 	 1.350348 	 8.582219
  384 	 0.035292 	 1.452749 	 16.062466
  385 	 0.116191 	 1.133779 	 5.742189
  386 	 0.033035 	 1.355263 	 19.382971
  387 	 0.037321 	 1.240500 	 7.117890
  388 	 0.051527 	 1.504262 	 11.565643
  389 	 0.037763 	 1.193434 	 6.464477
  390 	 0.036541 	 1.213940 	 13.187886
  391 	 0.154302 	 1.576118 	 18.002693
  392 	 0.075688 	 1.792197 	 18.385782
  393 	 0.036909 	 1.169472 	 5.599024
  394 	 0.054318 	 1.196494 	 10.001222
  395 	 0.134503 	 1.574797 	 16.337316
  396 	 0.037847 	 1.638277 	 11.439272
  397 	 0.061086 	 1.194976 	 5.966464
  398 	 0.087294 	 1.311863 	 16.090952
  399 	 0.133356 	 1.431017 	 11.711538
 