   0 	 0.014110 	 0.088231 	 2.673083
    1 	 0.020543 	 0.714182 	 3.949448
    2 	 0.020583 	 1.909620 	 9.518309
    3 	 0.042699 	 1.885701 	 9.640043
    4 	 0.104250 	 0.929280 	 8.597953
    5 	 0.039726 	 0.922044 	 8.220939
    6 	 0.039228 	 1.331542 	 5.610097
    7 	 0.038908 	 1.504285 	 5.343785
    8 	 0.116644 	 1.260511 	 11.657866
    9 	 0.036602 	 1.027097 	 11.708477
   10 	 0.038210 	 1.178480 	 5.245375
   11 	 0.038722 	 1.401338 	 7.092081
   12 	 0.155069 	 1.261578 	 6.277623
   13 	 0.125488 	 1.087990 	 8.871382
   14 	 0.157378 	 1.175554 	 4.638880
   15 	 0.107844 	 1.282608 	 4.816707
   16 	 0.037147 	 1.048664 	 3.820028
   17 	 0.140561 	 0.955780 	 4.540425
   18 	 0.040009 	 1.613326 	 9.586148
   19 	 0.040256 	 1.249737 	 4.516730
   20 	 0.037528 	 1.145963 	 9.118870
   21 	 0.038344 	 0.987952 	 9.411283
   22 	 0.038581 	 1.706430 	 11.282318
   23 	 0.039957 	 1.395283 	 8.901242
   24 	 0.088131 	 1.345000 	 11.289075
   25 	 0.111517 	 1.015377 	 6.927280
   26 	 0.087770 	 1.408409 	 7.239498
   27 	 0.142831 	 1.249921 	 5.899117
   28 	 0.136829 	 1.193288 	 5.676347
   29 	 0.167417 	 1.001249 	 4.825535
   30 	 0.172988 	 1.272827 	 5.059992
   31 	 0.204770 	 1.170776 	 4.599463
   32 	 0.118491 	 1.108168 	 4.484548
   33 	 0.214709 	 0.986778 	 3.805615
   34 	 0.110991 	 1.218621 	 5.666008
   35 	 0.039201 	 1.117200 	 3.688552
   36 	 0.174508 	 1.161147 	 6.211537
   37 	 0.264316 	 1.038638 	 8.038511
   38 	 0.158812 	 1.160772 	 4.300936
   39 	 0.123048 	 1.082900 	 2.772265
   40 	 0.118201 	 1.079686 	 4.612285
   41 	 0.118601 	 0.968840 	 4.556887
   42 	 0.036998 	 1.140595 	 4.659807
   43 	 0.040441 	 1.109550 	 5.662499
   44 	 0.039870 	 1.132827 	 7.496351
   45 	 0.036988 	 0.997809 	 7.307721
   46 	 0.037174 	 1.273941 	 10.217633
   47 	 0.123921 	 1.253638 	 10.271879
   48 	 0.097031 	 1.274204 	 10.507138
   49 	 0.096807 	 1.016609 	 5.496905
   50 	 0.094308 	 1.148946 	 5.392852
   51 	 0.041158 	 1.151827 	 6.811689
   52 	 0.120868 	 1.132723 	 6.514422
   53 	 0.125580 	 1.153641 	 7.718568
   54 	 0.151450 	 1.134742 	 5.590732
   55 	 0.037606 	 1.106136 	 5.447222
   56 	 0.119103 	 1.093475 	 4.774403
   57 	 0.033702 	 1.268941 	 10.459565
   58 	 0.205643 	 1.167976 	 5.646431
   59 	 0.095151 	 1.258491 	 11.947126
   60 	 0.175302 	 1.054839 	 3.415791
   61 	 0.083298 	 1.159265 	 6.889362
   62 	 0.125107 	 1.107462 	 4.438483
   63 	 0.143940 	 1.159159 	 7.077259
   64 	 0.222396 	 1.150661 	 5.506565
   65 	 0.140149 	 1.100145 	 5.155906
   66 	 0.037864 	 1.069048 	 3.217543
   67 	 0.192090 	 1.098523 	 5.046708
   68 	 0.039250 	 1.217063 	 11.381211
   69 	 0.039519 	 1.058587 	 4.006386
   70 	 0.037607 	 1.148862 	 11.204533
   71 	 0.038080 	 1.152958 	 10.254474
   72 	 0.039058 	 1.237710 	 10.459529
   73 	 0.097045 	 1.134607 	 11.353283
   74 	 0.095079 	 1.135555 	 9.518599
   75 	 0.037344 	 1.124560 	 6.449736
   76 	 0.038236 	 1.228149 	 6.892784
   77 	 0.128202 	 1.327406 	 11.448986
   78 	 0.128651 	 1.260084 	 10.391096
   79 	 0.038847 	 1.114813 	 5.149289
   80 	 0.095702 	 1.211491 	 5.137394
   81 	 0.034295 	 1.294404 	 10.325535
   82 	 0.192775 	 1.141582 	 6.863325
   83 	 0.096381 	 1.157898 	 11.863155
   84 	 0.144148 	 1.159517 	 4.119041
   85 	 0.083884 	 1.202325 	 6.831512
   86 	 0.239863 	 1.083717 	 4.946879
   87 	 0.145317 	 1.133690 	 7.047992
   88 	 0.199805 	 1.113333 	 3.488414
   89 	 0.140568 	 1.081623 	 3.955844
   90 	 0.281340 	 1.043637 	 3.982412
   91 	 0.040217 	 1.087302 	 5.247472
   92 	 0.037785 	 1.084987 	 2.946895
   93 	 0.188485 	 1.204974 	 10.181514
   94 	 0.333679 	 1.127634 	 10.440029
   95 	 0.097737 	 1.049882 	 4.110413
   96 	 0.095329 	 1.054291 	 2.574144
   97 	 0.037674 	 1.116657 	 6.768778
   98 	 0.036781 	 1.055151 	 6.880961
   99 	 0.038647 	 1.149810 	 11.405886
  100 	 0.123539 	 1.367620 	 11.390702
  101 	 0.087230 	 1.204811 	 10.346906
  102 	 0.087346 	 1.078546 	 5.762408
  103 	 0.096138 	 1.057768 	 7.040749
  104 	 0.171809 	 1.217056 	 7.280879
  105 	 0.038427 	 1.141260 	 6.842848
  106 	 0.037623 	 1.038212 	 4.574374
  107 	 0.110339 	 1.120707 	 10.108466
  108 	 0.216395 	 1.257389 	 11.360736
  109 	 0.098100 	 1.147377 	 5.940390
  110 	 0.087661 	 1.007951 	 3.753822
  111 	 0.166923 	 1.073127 	 6.752193
  112 	 0.126062 	 1.167825 	 5.784980
  113 	 0.123060 	 1.092594 	 4.534678
  114 	 0.128327 	 1.031159 	 5.566001
  115 	 0.125727 	 1.070049 	 5.660608
  116 	 0.178063 	 1.147894 	 5.607675
  117 	 0.130139 	 1.145439 	 5.690662
  118 	 0.128254 	 1.006070 	 4.447161
  119 	 0.117232 	 1.135603 	 5.475272
  120 	 0.114520 	 1.202450 	 5.609986
  121 	 0.130075 	 1.147977 	 5.979705
  122 	 0.176567 	 1.050283 	 5.948151
  123 	 0.031211 	 1.115239 	 5.444388
  124 	 0.037083 	 1.125606 	 4.413715
  125 	 0.181885 	 1.253385 	 12.253223
  126 	 0.038069 	 1.248966 	 11.921416
  127 	 0.081256 	 1.082697 	 4.246562
  128 	 0.029229 	 1.198982 	 11.303380
  129 	 0.232744 	 1.159206 	 7.415337
  130 	 0.088191 	 1.243207 	 12.621608
  131 	 0.123252 	 1.039372 	 3.536766
  132 	 0.039031 	 1.183035 	 7.407887
  133 	 0.278803 	 1.175981 	 5.654463
  134 	 0.134022 	 1.229372 	 11.232093
  135 	 0.096800 	 1.020989 	 3.037643
  136 	 0.088633 	 1.151334 	 5.422363
  137 	 0.324208 	 1.225957 	 6.963776
  138 	 0.182723 	 1.132829 	 7.192548
  139 	 0.142577 	 1.009893 	 2.672314
  140 	 0.036661 	 1.101217 	 4.356862
  141 	 0.129973 	 1.157467 	 5.192743
  142 	 0.226919 	 1.186317 	 11.079051
  143 	 0.190725 	 1.001537 	 2.414675
  144 	 0.089852 	 1.075071 	 3.653385
  145 	 0.352579 	 1.114142 	 4.154114
  146 	 0.270023 	 1.124970 	 7.130044
  147 	 0.237585 	 1.003747 	 2.481522
  148 	 0.139205 	 1.049858 	 3.090014
  149 	 0.037198 	 1.075286 	 3.472400
  150 	 0.318429 	 1.098164 	 5.376199
  151 	 0.283607 	 1.169587 	 11.013462
  152 	 0.037177 	 1.023887 	 2.711282
  153 	 0.090358 	 1.038230 	 2.993946
  154 	 0.116431 	 1.167879 	 11.418552
  155 	 0.328133 	 1.122573 	 6.903302
  156 	 0.087192 	 1.078328 	 5.994096
  157 	 0.143742 	 1.011744 	 2.610742
  158 	 0.165352 	 1.120638 	 7.267873
  159 	 0.341097 	 1.101426 	 5.034180
  160 	 0.136644 	 1.037033 	 4.483255
  161 	 0.129959 	 1.002308 	 2.527827
  162 	 0.129608 	 1.081079 	 5.346331
  163 	 0.040243 	 1.086619 	 5.421262
  164 	 0.185297 	 1.056812 	 4.385812
  165 	 0.137982 	 1.137827 	 11.032306
  166 	 0.125546 	 1.043139 	 4.185900
  167 	 0.036878 	 1.139849 	 5.593394
  168 	 0.039812 	 1.104088 	 5.554130
  169 	 0.177057 	 1.182817 	 10.943508
  170 	 0.178733 	 1.132844 	 11.084998
  171 	 0.090959 	 1.104414 	 5.289406
  172 	 0.089848 	 1.055763 	 4.287553
  173 	 0.187273 	 1.165916 	 7.074168
  174 	 0.038092 	 1.138033 	 6.927699
  175 	 0.140279 	 1.067874 	 4.151572
  176 	 0.116887 	 1.136346 	 11.300485
  177 	 0.038208 	 1.093298 	 5.244428
  178 	 0.088099 	 1.138186 	 5.834758
  179 	 0.039790 	 1.163016 	 11.285621
  180 	 0.169919 	 1.103686 	 7.220281
  181 	 0.088214 	 1.195656 	 11.087670
  182 	 0.137539 	 1.128198 	 4.624479
  183 	 0.089782 	 1.173373 	 7.711852
  184 	 0.213909 	 1.058650 	 5.320887
  185 	 0.037645 	 1.147004 	 9.824906
  186 	 0.186016 	 1.108129 	 4.349731
  187 	 0.101263 	 1.217625 	 11.357879
  188 	 0.227101 	 1.027453 	 4.229837
  189 	 0.087952 	 1.192914 	 6.420023
  190 	 0.039249 	 1.087287 	 3.562513
  191 	 0.032169 	 1.124664 	 7.227962
  192 	 0.276785 	 1.126394 	 11.154665
  193 	 0.040001 	 1.170749 	 12.111030
  194 	 0.039675 	 1.036831 	 3.018549
  195 	 0.082227 	 1.296906 	 11.061862
  196 	 0.039841 	 1.158652 	 11.101914
  197 	 0.089991 	 1.162259 	 7.539939
  198 	 0.089642 	 1.143458 	 11.081457
  199 	 0.131746 	 1.200559 	 7.122985
  200 	 0.089832 	 1.109354 	 7.140732
  201 	 0.037360 	 1.087854 	 5.490091
  202 	 0.139060 	 1.080939 	 7.131031
  203 	 0.180489 	 1.221213 	 11.394713
  204 	 0.121670 	 1.029349 	 5.278157
  205 	 0.087374 	 1.047348 	 4.331080
  206 	 0.187668 	 1.152364 	 5.811585
  207 	 0.228233 	 1.156104 	 7.258293
  208 	 0.170591 	 1.012951 	 4.200481
  209 	 0.136823 	 1.049399 	 3.588946
  210 	 0.235245 	 1.134439 	 4.525080
  211 	 0.038672 	 1.081744 	 4.561561
  212 	 0.038056 	 0.973399 	 3.500846
  213 	 0.038143 	 1.147298 	 11.226827
  214 	 0.132533 	 1.193530 	 11.305068
  215 	 0.088674 	 1.163672 	 11.294004
  216 	 0.036966 	 1.021277 	 5.466484
  217 	 0.088149 	 1.084970 	 7.190407
  218 	 0.181262 	 1.301986 	 11.446177
  219 	 0.138106 	 1.134796 	 7.217658
  220 	 0.086982 	 0.953696 	 4.316641
  221 	 0.137588 	 1.043906 	 5.304869
  222 	 0.134235 	 1.277413 	 7.278957
  223 	 0.186732 	 1.133541 	 5.319482
  224 	 0.136438 	 1.020103 	 5.416092
  225 	 0.186224 	 1.015013 	 4.208189
  226 	 0.120686 	 1.188742 	 5.352244
  227 	 0.116177 	 1.107628 	 4.226119
  228 	 0.115294 	 1.042093 	 5.828000
  229 	 0.037128 	 1.024162 	 6.003237
  230 	 0.170114 	 1.212677 	 6.035215
  231 	 0.039395 	 1.201273 	 5.433001
  232 	 0.164308 	 1.022189 	 4.306368
  233 	 0.181100 	 1.116676 	 11.136450
  234 	 0.114779 	 1.123949 	 4.657481
  235 	 0.039133 	 1.074393 	 4.147653
  236 	 0.212410 	 1.104453 	 6.054037
  237 	 0.038744 	 1.064473 	 7.153558
  238 	 0.163558 	 1.084500 	 3.805035
  239 	 0.138813 	 1.214716 	 10.127242
  240 	 0.035684 	 1.075643 	 3.967861
  241 	 0.098255 	 1.028797 	 5.285063
  242 	 0.248594 	 1.164643 	 11.616557
  243 	 0.187425 	 1.128769 	 6.318937
  244 	 0.085995 	 1.028186 	 3.837386
  245 	 0.116760 	 0.992483 	 4.041628
  246 	 0.257216 	 1.246958 	 9.294099
  247 	 0.243806 	 1.185057 	 5.982300
  248 	 0.106905 	 1.024149 	 3.250809
  249 	 0.127306 	 0.982999 	 3.398984
  250 	 0.306287 	 1.163590 	 7.781801
  251 	 0.293170 	 1.206261 	 6.715636
  252 	 0.128149 	 1.044463 	 2.803578
  253 	 0.147797 	 0.968858 	 2.910612
  254 	 0.040053 	 1.096176 	 5.314932
  255 	 0.039466 	 1.154781 	 5.045487
  256 	 0.133379 	 1.119133 	 11.055437
  257 	 0.115624 	 1.062837 	 11.127687
  258 	 0.090043 	 1.123105 	 5.441321
  259 	 0.089461 	 1.175298 	 5.693995
  260 	 0.181775 	 1.103847 	 9.799818
  261 	 0.174083 	 1.060527 	 9.856031
  262 	 0.037256 	 1.103370 	 4.307106
  263 	 0.101239 	 1.146275 	 4.374784
  264 	 0.111052 	 1.229057 	 20.302030
  265 	 0.038061 	 0.972801 	 6.594620
  266 	 0.049134 	 1.224319 	 8.126643
  267 	 0.150489 	 1.521697 	 19.975552
  268 	 0.122871 	 1.245259 	 16.357467
  269 	 0.038056 	 0.972019 	 6.154277
  270 	 0.037489 	 1.164109 	 7.414515
  271 	 0.037250 	 1.513717 	 16.120941
  272 	 0.134653 	 1.467079 	 20.206337
  273 	 0.036884 	 1.198464 	 20.304616
  274 	 0.049460 	 1.242196 	 6.777242
  275 	 0.049213 	 1.624960 	 17.098815
  276 	 0.134082 	 1.444808 	 16.270737
  277 	 0.034534 	 1.204799 	 16.336394
  278 	 0.037444 	 1.267861 	 6.845470
  279 	 0.061168 	 1.841417 	 21.489494
  280 	 0.037227 	 1.605591 	 20.901477
  281 	 0.046508 	 1.164116 	 13.667164
  282 	 0.036220 	 1.468855 	 20.314015
  283 	 0.073104 	 1.706627 	 17.091571
  284 	 0.038021 	 1.729801 	 20.738096
  285 	 0.058467 	 1.182021 	 11.750349
  286 	 0.048193 	 1.622625 	 19.991562
  287 	 0.085017 	 1.612621 	 14.190979
  288 	 0.049991 	 1.554514 	 16.613359
  289 	 0.070408 	 1.157621 	 10.307471
  290 	 0.060149 	 1.521416 	 16.131354
  291 	 0.096904 	 1.501268 	 12.134783
  292 	 0.039121 	 1.423646 	 13.860195
  293 	 0.082391 	 1.165206 	 9.182385
  294 	 0.072087 	 1.808648 	 19.561374
  295 	 0.108762 	 1.499627 	 10.594183
  296 	 0.036940 	 1.352379 	 11.892498
  297 	 0.094285 	 1.166242 	 8.280750
  298 	 0.037332 	 1.745375 	 15.850426
  299 	 0.037348 	 1.436971 	 9.408701
  300 	 0.062588 	 1.505271 	 20.270899
  301 	 0.106149 	 1.331687 	 20.264324
  302 	 0.049303 	 1.697017 	 13.407072
  303 	 0.049319 	 1.391297 	 8.463875
  304 	 0.073886 	 1.395795 	 16.312523
  305 	 0.117982 	 1.266357 	 16.308271
  306 	 0.061258 	 1.659382 	 11.643277
  307 	 0.061273 	 1.368732 	 7.693379
  308 	 0.082710 	 1.321560 	 13.650478
  309 	 0.104169 	 1.219907 	 13.647504
  310 	 0.037366 	 1.606781 	 7.821482
  311 	 0.038268 	 1.346845 	 8.608146
  312 	 0.127657 	 1.486146 	 20.256694
  313 	 0.037667 	 1.386312 	 19.893455
  314 	 0.049337 	 1.512513 	 7.160394
  315 	 0.050237 	 1.596396 	 24.958146
  316 	 0.110572 	 1.423238 	 16.303334
  317 	 0.040048 	 1.319735 	 16.067493
  318 	 0.061292 	 1.541824 	 8.158499
  319 	 0.062191 	 1.479403 	 19.213108
  320 	 0.122392 	 1.386110 	 13.644052
  321 	 0.052015 	 1.302507 	 13.478725
  322 	 0.073228 	 1.534077 	 7.440946
  323 	 0.074125 	 1.417328 	 15.621268
  324 	 0.134175 	 1.336119 	 11.733291
  325 	 0.063835 	 1.334349 	 11.611034
  326 	 0.085210 	 1.506230 	 7.321977
  327 	 0.086036 	 1.354561 	 13.186443
  328 	 0.031669 	 1.301941 	 10.286994
  329 	 0.075767 	 1.332510 	 10.200331
  330 	 0.097097 	 1.662982 	 22.899631
  331 	 0.097921 	 1.460401 	 11.393870
  332 	 0.037318 	 1.246333 	 9.166168
  333 	 0.087674 	 1.273706 	 9.097458
  334 	 0.108954 	 1.992211 	 20.276428
  335 	 0.109776 	 1.508336 	 10.032693
  336 	 0.049289 	 1.281160 	 8.267594
  337 	 0.099555 	 1.241542 	 8.211799
  338 	 0.120779 	 1.796577 	 16.316099
  339 	 0.121598 	 1.421434 	 8.798551
  340 	 0.061236 	 1.323811 	 7.414058
  341 	 0.113473 	 1.224247 	 7.485126
  342 	 0.037408 	 1.687760 	 13.273820
  343 	 0.133384 	 1.382818 	 7.838633
  344 	 0.037435 	 1.462833 	 20.239831
  345 	 0.127378 	 1.146844 	 6.780375
  346 	 0.037300 	 1.817128 	 20.228675
  347 	 0.147178 	 1.420766 	 7.068222
  348 	 0.037041 	 1.705692 	 20.283945
  349 	 0.141197 	 1.122127 	 6.282260
  350 	 0.049263 	 2.116545 	 20.391088
  351 	 0.158875 	 1.394636 	 6.439289
  352 	 0.038386 	 1.577025 	 15.782035
  353 	 0.154957 	 1.105765 	 5.781185
  354 	 0.063315 	 2.182748 	 18.353246
  355 	 0.037268 	 1.388267 	 5.989555
  356 	 0.054439 	 1.510249 	 13.277564
  357 	 0.132646 	 1.296039 	 20.297183
  358 	 0.075247 	 2.090655 	 15.051514
  359 	 0.049219 	 1.432429 	 6.913430
  360 	 0.066386 	 1.422479 	 11.461714
  361 	 0.143687 	 1.214410 	 16.334691
  362 	 0.087156 	 1.957623 	 12.757454
  363 	 0.061174 	 1.455558 	 6.423126
  364 	 0.058310 	 1.338807 	 10.085147
  365 	 0.155397 	 1.171106 	 13.665975
  366 	 0.099017 	 1.891162 	 14.222775
  367 	 0.037998 	 1.424998 	 5.973820
  368 	 0.070250 	 1.313903 	 9.007609
  369 	 0.167061 	 1.371467 	 20.000741
  370 	 0.110870 	 1.796164 	 12.157985
  371 	 0.049968 	 1.377834 	 5.584674
  372 	 0.082169 	 1.281285 	 8.138714
  373 	 0.032560 	 1.364212 	 16.137323
  374 	 0.122689 	 1.692662 	 10.619166
  375 	 0.061922 	 1.687905 	 22.441655
  376 	 0.094063 	 1.323070 	 7.424532
  377 	 0.044517 	 1.308358 	 13.527759
  378 	 0.122360 	 1.615388 	 9.428356
  379 	 0.073857 	 1.603561 	 17.693753
  380 	 0.105928 	 1.365177 	 7.442688
  381 	 0.056479 	 1.270046 	 11.647337
  382 	 0.134144 	 1.567482 	 8.479737
  383 	 0.085768 	 1.594941 	 14.603060
  384 	 0.086156 	 1.332466 	 6.842577
  385 	 0.068423 	 1.242142 	 10.228280
  386 	 0.145965 	 1.518693 	 10.187847
  387 	 0.097745 	 1.612266 	 12.434324
  388 	 0.098036 	 1.322476 	 6.330534
  389 	 0.080345 	 1.211237 	 8.948931
  390 	 0.036714 	 1.469236 	 9.087946
  391 	 0.037786 	 1.544001 	 10.828958
  392 	 0.109891 	 1.494327 	 20.528103
  393 	 0.092243 	 1.387647 	 20.085946
  394 	 0.048685 	 1.450398 	 8.204069
  395 	 0.049756 	 1.496320 	 8.543889
  396 	 0.038391 	 1.482837 	 16.478475
  397 	 0.116879 	 1.339244 	 16.192679
  398 	 0.060641 	 1.614092 	 19.844841
  399 	 0.038173 	 1.450836 	 7.759244
 