   0 	 0.015131 	 0.057994 	 0.279595
    1 	 0.015131 	 0.111145 	 0.935542
    2 	 0.025016 	 0.235087 	 1.156459
    3 	 0.032448 	 0.367022 	 1.913246
    4 	 0.037621 	 0.602382 	 2.372454
    5 	 0.036571 	 0.690431 	 1.899244
    6 	 0.041020 	 0.847514 	 2.917360
    7 	 0.128540 	 0.784726 	 3.195689
    8 	 0.045152 	 0.754544 	 1.863767
    9 	 0.123682 	 0.853903 	 2.157739
   10 	 0.211623 	 0.992598 	 3.229438
   11 	 0.118466 	 0.860523 	 2.429492
   12 	 0.113645 	 0.845361 	 2.877004
   13 	 0.036857 	 0.952799 	 2.849306
   14 	 0.317359 	 0.976223 	 3.626957
   15 	 0.152503 	 0.882828 	 2.778807
   16 	 0.160273 	 0.883487 	 1.780391
   17 	 0.338730 	 1.009313 	 3.853523
   18 	 0.047836 	 0.917356 	 3.063979
   19 	 0.045020 	 0.887651 	 2.133426
   20 	 0.037117 	 0.948014 	 3.306486
   21 	 0.424102 	 1.124861 	 13.594651
   22 	 0.038428 	 0.993365 	 6.141855
   23 	 0.037008 	 0.841007 	 1.968885
   24 	 0.152301 	 1.026526 	 5.937238
   25 	 0.037068 	 1.213685 	 6.237980
   26 	 0.037438 	 0.982517 	 5.032204
   27 	 0.037372 	 1.008928 	 12.760388
   28 	 0.137288 	 1.205148 	 12.652102
   29 	 0.077526 	 1.451316 	 23.712301
   30 	 0.078344 	 1.098002 	 4.578607
   31 	 0.042031 	 0.964197 	 5.240377
   32 	 0.218116 	 1.167253 	 8.358121
   33 	 0.037506 	 1.211118 	 4.837275
   34 	 0.032181 	 1.016503 	 3.972514
   35 	 0.036805 	 0.964113 	 12.689384
   36 	 0.038589 	 1.803369 	 22.678388
   37 	 0.037920 	 1.936724 	 23.048126
   38 	 0.044008 	 1.543333 	 22.376816
   39 	 0.043310 	 1.506342 	 22.717089
   40 	 0.044680 	 1.693513 	 19.956696
   41 	 0.043934 	 1.883049 	 20.238871
   42 	 0.050098 	 1.349883 	 6.084307
   43 	 0.049395 	 1.304395 	 18.927328
   44 	 0.164193 	 1.652125 	 17.794163
   45 	 0.052817 	 1.910139 	 18.554601
   46 	 0.056068 	 1.331250 	 5.777253
   47 	 0.053877 	 1.272181 	 16.973133
   48 	 0.173006 	 1.608422 	 15.780818
   49 	 0.036481 	 1.731786 	 11.547711
   50 	 0.063350 	 1.315195 	 5.590381
   51 	 0.086564 	 1.482877 	 22.840866
   52 	 0.178684 	 1.568939 	 13.840830
   53 	 0.043767 	 1.693219 	 10.653767
   54 	 0.072218 	 1.300970 	 5.453397
   55 	 0.093810 	 1.438931 	 20.718005
   56 	 0.124154 	 1.518783 	 12.768428
   57 	 0.048246 	 1.659368 	 10.171925
   58 	 0.078291 	 1.426562 	 7.667779
   59 	 0.035272 	 1.376971 	 18.400458
   60 	 0.130265 	 1.486381 	 11.849663
   61 	 0.054328 	 1.761170 	 12.598856
   62 	 0.084339 	 1.333033 	 7.333278
   63 	 0.079334 	 1.331561 	 15.815663
   64 	 0.130002 	 1.524424 	 11.057221
   65 	 0.063204 	 1.702891 	 11.928352
   66 	 0.090366 	 1.361604 	 7.434854
   67 	 0.036275 	 1.180904 	 14.429164
   68 	 0.134413 	 1.475111 	 10.073953
   69 	 0.069286 	 1.935361 	 22.136194
   70 	 0.099206 	 1.372057 	 7.116777
   71 	 0.045157 	 1.130531 	 12.789962
   72 	 0.037821 	 1.439952 	 9.496151
   73 	 0.078159 	 1.820996 	 19.509633
   74 	 0.037556 	 1.420855 	 10.212296
   75 	 0.051211 	 1.114905 	 11.593019
   76 	 0.097878 	 1.707299 	 21.525703
   77 	 0.038205 	 1.569191 	 17.695571
   78 	 0.046445 	 1.363895 	 9.617414
   79 	 0.036812 	 1.568476 	 23.416623
   80 	 0.103882 	 1.772138 	 19.031430
   81 	 0.042691 	 1.877918 	 23.303431
   82 	 0.052532 	 1.408004 	 9.159026
   83 	 0.037308 	 1.496664 	 20.003442
   84 	 0.037207 	 1.661286 	 17.291396
   85 	 0.031462 	 2.081958 	 22.417754
   86 	 0.057812 	 1.685630 	 24.445798
   87 	 0.034849 	 1.677212 	 27.807063
   88 	 0.040901 	 1.548175 	 9.336043
   89 	 0.035956 	 2.334643 	 25.413720
   90 	 0.107060 	 1.574428 	 22.026121
   91 	 0.039338 	 1.847214 	 24.718046
   92 	 0.045386 	 1.544516 	 8.744304
   93 	 0.040449 	 2.143129 	 22.811504
   94 	 0.038247 	 1.451224 	 19.422906
   95 	 0.043826 	 1.762566 	 22.247478
   96 	 0.051469 	 1.813102 	 21.210294
   97 	 0.044937 	 2.022038 	 18.966044
   98 	 0.047127 	 1.403447 	 16.564674
   99 	 0.052709 	 1.670269 	 20.227928
  100 	 0.035398 	 1.710449 	 17.848492
  101 	 0.029378 	 1.981405 	 17.004241
  102 	 0.056008 	 1.645698 	 24.097737
  103 	 0.036757 	 2.033198 	 26.124407
  104 	 0.041487 	 1.735045 	 16.100985
  105 	 0.038269 	 2.138427 	 23.333267
  106 	 0.062074 	 1.575082 	 19.846323
  107 	 0.042841 	 1.953778 	 22.187988
  108 	 0.050365 	 1.680435 	 14.519335
  109 	 0.045051 	 2.003883 	 19.069084
  110 	 0.068831 	 1.510948 	 16.538604
  111 	 0.052424 	 1.750644 	 15.984880
  112 	 0.060430 	 1.630445 	 12.864800
  113 	 0.062535 	 1.826623 	 12.106945
  114 	 0.077695 	 1.467620 	 15.030921
  115 	 0.035126 	 1.671589 	 13.998691
  116 	 0.066472 	 1.584561 	 11.548059
  117 	 0.037038 	 1.909314 	 22.714104
  118 	 0.086549 	 1.500057 	 13.267443
  119 	 0.037996 	 1.783334 	 21.768391
  120 	 0.075322 	 1.603089 	 10.476808
  121 	 0.045919 	 2.260953 	 22.442489
  122 	 0.095375 	 1.454229 	 11.873390
  123 	 0.044541 	 1.686321 	 18.241720
  124 	 0.084179 	 1.572313 	 9.777502
  125 	 0.054789 	 2.240244 	 18.872688
  126 	 0.038049 	 1.437832 	 10.743597
  127 	 0.032204 	 1.588722 	 15.701285
  128 	 0.093002 	 1.737403 	 21.299730
  129 	 0.063653 	 2.260998 	 23.638388
  130 	 0.046927 	 1.445571 	 10.090649
  131 	 0.038384 	 1.544492 	 13.783033
  132 	 0.098975 	 1.672937 	 18.858423
  133 	 0.072485 	 2.332325 	 22.479943
  134 	 0.052884 	 1.476376 	 9.167992
  135 	 0.032447 	 1.631134 	 12.725053
  136 	 0.109003 	 1.633113 	 16.953759
  137 	 0.078547 	 2.171905 	 19.776636
  138 	 0.058963 	 1.430694 	 8.687900
  139 	 0.050435 	 1.661717 	 11.813701
  140 	 0.037802 	 1.517118 	 15.369776
  141 	 0.031568 	 1.976186 	 12.236270
  142 	 0.064831 	 1.652705 	 20.875910
  143 	 0.038085 	 1.840016 	 26.547509
  144 	 0.047879 	 1.486556 	 13.345576
  145 	 0.037629 	 2.204557 	 22.631953
  146 	 0.074897 	 1.611737 	 18.525743
  147 	 0.044173 	 1.751988 	 22.060901
  148 	 0.053957 	 1.411847 	 11.765124
  149 	 0.045308 	 2.089981 	 19.891230
  150 	 0.084953 	 1.699228 	 16.650982
  151 	 0.050258 	 1.698430 	 18.047826
  152 	 0.060035 	 1.400372 	 10.520453
  153 	 0.055390 	 1.993722 	 17.743709
  154 	 0.094998 	 1.725172 	 14.258310
  155 	 0.056339 	 1.642984 	 16.262909
  156 	 0.037629 	 1.384073 	 9.891406
  157 	 0.061451 	 1.918814 	 16.015724
  158 	 0.100995 	 1.912070 	 22.868245
  159 	 0.037264 	 1.565789 	 13.975954
  160 	 0.043709 	 1.354655 	 9.337526
  161 	 0.034471 	 2.079236 	 23.060837
  162 	 0.107025 	 1.740879 	 18.584089
  163 	 0.043352 	 1.817120 	 24.648215
  164 	 0.038569 	 1.256079 	 8.537898
  165 	 0.040561 	 2.009686 	 18.708336
  166 	 0.116377 	 1.941763 	 22.386725
  167 	 0.053435 	 1.669359 	 21.431241
  168 	 0.044649 	 1.269326 	 7.906605
  169 	 0.046639 	 2.070095 	 15.739431
  170 	 0.126315 	 1.808232 	 18.265107
  171 	 0.026958 	 1.559387 	 17.624596
  172 	 0.054719 	 1.242570 	 7.330562
  173 	 0.056706 	 1.940835 	 13.588070
  174 	 0.037553 	 1.684114 	 16.442245
  175 	 0.073021 	 1.502619 	 14.968624
  176 	 0.038715 	 1.419169 	 20.985008
  177 	 0.066779 	 1.941811 	 12.553202
  178 	 0.047630 	 1.823657 	 20.485392
  179 	 0.032325 	 1.454382 	 13.721337
  180 	 0.048801 	 1.201979 	 6.742904
  181 	 0.072826 	 2.104448 	 26.024789
  182 	 0.037273 	 1.714976 	 16.977711
  183 	 0.038416 	 1.422201 	 12.670162
  184 	 0.058866 	 1.401303 	 21.109249
  185 	 0.036868 	 2.126286 	 20.611794
  186 	 0.047350 	 1.795551 	 14.499951
  187 	 0.048492 	 1.612717 	 21.291079
  188 	 0.068918 	 1.350753 	 17.746234
  189 	 0.046940 	 2.032402 	 18.317651
  190 	 0.056328 	 1.741151 	 13.528546
  191 	 0.054562 	 1.549038 	 17.876415
  192 	 0.073869 	 1.319619 	 15.307343
  193 	 0.055921 	 1.851791 	 15.732643
  194 	 0.065307 	 1.650612 	 12.679308
  195 	 0.063526 	 1.493735 	 16.414816
  196 	 0.078813 	 1.310457 	 13.849109
  197 	 0.060887 	 1.838657 	 13.788195
  198 	 0.072175 	 1.556253 	 11.387867
  199 	 0.037557 	 1.441314 	 14.308766
  200 	 0.034648 	 1.376376 	 12.694375
  201 	 0.037383 	 1.924797 	 22.646568
  202 	 0.078719 	 1.732594 	 22.910691
  203 	 0.044139 	 1.714222 	 22.997247
  204 	 0.043636 	 1.329703 	 11.400003
  205 	 0.043466 	 1.894923 	 18.818464
  206 	 0.087650 	 1.664680 	 18.998344
  207 	 0.053114 	 1.656647 	 19.059783
  208 	 0.034792 	 1.291312 	 9.111613
  209 	 0.052442 	 1.796725 	 16.099446
  210 	 0.038133 	 1.711133 	 22.834945
  211 	 0.062075 	 1.564975 	 16.275572
  212 	 0.043775 	 1.524269 	 21.216660
  213 	 0.061408 	 1.883736 	 14.069638
  214 	 0.047113 	 1.603253 	 18.948252
  215 	 0.071030 	 1.508733 	 14.202961
  216 	 0.052750 	 1.546176 	 17.821237
  217 	 0.039025 	 1.747473 	 12.495371
  218 	 0.056085 	 1.371561 	 12.573489
  219 	 0.079972 	 1.691997 	 20.822677
  220 	 0.079476 	 1.501477 	 15.364631
  221 	 0.048004 	 1.690843 	 11.239481
  222 	 0.037978 	 1.464662 	 11.302555
  223 	 0.088901 	 1.686265 	 17.542673
  224 	 0.088405 	 1.711409 	 21.286316
  225 	 0.056975 	 1.645734 	 10.214408
  226 	 0.035581 	 1.390995 	 8.944126
  227 	 0.097815 	 1.658612 	 15.157333
  228 	 0.111693 	 1.980488 	 22.431078
  229 	 0.065936 	 1.598626 	 9.362000
  230 	 0.044563 	 1.366270 	 8.285493
  231 	 0.106712 	 1.608789 	 13.344800
  232 	 0.120562 	 1.867808 	 18.669547
  233 	 0.074885 	 1.528399 	 8.642128
  234 	 0.053537 	 1.339351 	 7.718315
  235 	 0.115592 	 1.562560 	 11.921069
  236 	 0.038871 	 1.692993 	 15.990432
  237 	 0.083822 	 1.517411 	 8.026204
  238 	 0.062502 	 1.615982 	 20.889636
  239 	 0.124452 	 1.518602 	 10.647153
  240 	 0.047544 	 1.762665 	 13.985573
  241 	 0.093842 	 1.443977 	 7.493309
  242 	 0.031479 	 1.501589 	 17.347779
  243 	 0.036653 	 1.476173 	 9.723603
  244 	 0.034885 	 2.115308 	 24.704108
  245 	 0.102747 	 1.730815 	 23.119935
  246 	 0.040464 	 1.819959 	 24.105268
  247 	 0.043240 	 1.448112 	 9.145160
  248 	 0.041469 	 2.046551 	 20.216562
  249 	 0.109269 	 1.661538 	 20.064045
  250 	 0.049442 	 1.786540 	 20.803320
  251 	 0.049824 	 1.426027 	 8.455327
  252 	 0.048054 	 1.939905 	 17.748621
  253 	 0.037156 	 1.583777 	 16.999850
  254 	 0.044838 	 1.712608 	 17.195716
  255 	 0.058801 	 1.699565 	 21.161209
  256 	 0.058120 	 1.907490 	 18.574339
  257 	 0.047236 	 1.509773 	 14.748988
  258 	 0.053812 	 1.632722 	 13.401254
  259 	 0.067755 	 1.695760 	 18.471925
  260 	 0.074570 	 1.799704 	 15.920605
  261 	 0.035384 	 1.438094 	 13.148394
  262 	 0.034398 	 1.395666 	 6.594248
  263 	 0.076007 	 1.764356 	 23.373305
  264 	 0.151420 	 1.912844 	 21.784573
  265 	 0.042767 	 1.410974 	 12.105517
  266 	 0.033119 	 1.373646 	 6.316321
  267 	 0.082560 	 1.694078 	 19.933256
  268 	 0.037090 	 2.124369 	 25.177148
  269 	 0.050148 	 1.335681 	 11.178190
  270 	 0.039708 	 1.596422 	 22.732653
  271 	 0.055258 	 1.711739 	 16.906790
  272 	 0.043976 	 2.014724 	 21.455684
  273 	 0.038254 	 1.354212 	 15.733769
  274 	 0.046588 	 1.531439 	 19.129130
  275 	 0.063521 	 1.954955 	 21.480592
  276 	 0.052258 	 1.968095 	 18.695722
  277 	 0.046537 	 1.326765 	 14.100144
  278 	 0.053462 	 1.570509 	 16.762128
  279 	 0.034698 	 1.829322 	 18.539999
  280 	 0.038451 	 1.759262 	 16.430487
  281 	 0.053916 	 1.770637 	 23.754190
  282 	 0.060834 	 1.797157 	 21.809603
  283 	 0.042085 	 1.744485 	 16.308970
  284 	 0.045836 	 1.685825 	 14.570116
  285 	 0.034338 	 1.731617 	 20.208242
  286 	 0.068599 	 1.738090 	 18.472042
  287 	 0.049464 	 1.999344 	 23.453021
  288 	 0.038099 	 1.608315 	 13.004096
  289 	 0.042625 	 1.633751 	 17.585671
  290 	 0.076855 	 1.914590 	 21.978529
  291 	 0.035849 	 1.986589 	 19.989999
  292 	 0.045482 	 1.601350 	 11.868711
  293 	 0.050007 	 2.065006 	 24.907311
  294 	 0.084203 	 1.983133 	 18.910095
  295 	 0.040137 	 1.978819 	 17.419619
  296 	 0.052870 	 1.549726 	 10.916711
  297 	 0.037030 	 1.952793 	 22.503783
  298 	 0.091574 	 1.886456 	 16.592052
  299 	 0.044422 	 2.028460 	 22.507165
  300 	 0.060243 	 1.559915 	 10.529177
  301 	 0.044346 	 2.016343 	 19.296675
  302 	 0.094907 	 1.914441 	 15.712654
  303 	 0.051803 	 1.940627 	 19.325018
  304 	 0.063629 	 1.503817 	 9.774453
  305 	 0.051727 	 1.939822 	 16.891159
  306 	 0.102230 	 1.929693 	 14.078709
  307 	 0.059177 	 1.858447 	 16.912856
  308 	 0.070992 	 1.471579 	 9.121578
  309 	 0.059101 	 1.842328 	 15.020275
  310 	 0.109551 	 1.720166 	 10.404464
  311 	 0.066544 	 1.771475 	 15.037414
  312 	 0.096044 	 1.493791 	 8.550596
  313 	 0.066299 	 1.898137 	 13.523761
  314 	 0.116675 	 1.717119 	 9.667037
  315 	 0.073903 	 1.713193 	 13.568724
  316 	 0.037283 	 1.593929 	 8.059621
  317 	 0.073659 	 1.779796 	 12.299591
  318 	 0.036466 	 1.816449 	 22.379878
  319 	 0.081255 	 1.648559 	 10.654309
  320 	 0.044668 	 1.825109 	 17.647266
  321 	 0.093794 	 1.709133 	 11.279722
  322 	 0.036034 	 1.732652 	 19.205558
  323 	 0.088496 	 1.603011 	 9.882045
  324 	 0.052014 	 1.988922 	 23.023352
  325 	 0.101118 	 1.681866 	 10.427940
  326 	 0.043420 	 1.748254 	 16.831167
  327 	 0.095711 	 1.571478 	 9.215066
  328 	 0.059387 	 1.915781 	 19.677199
  329 	 0.108431 	 1.621285 	 9.698300
  330 	 0.050801 	 1.646010 	 14.972859
  331 	 0.034646 	 1.484057 	 8.633275
  332 	 0.066755 	 1.604420 	 17.181785
  333 	 0.115732 	 1.690253 	 18.502759
  334 	 0.037564 	 1.591985 	 13.485349
  335 	 0.037413 	 1.543804 	 8.121383
  336 	 0.074048 	 1.823674 	 17.554829
  337 	 0.036482 	 1.839523 	 22.314718
  338 	 0.056940 	 1.513620 	 10.610301
  339 	 0.044645 	 1.690239 	 22.788422
  340 	 0.094182 	 1.701130 	 15.542331
  341 	 0.043868 	 1.832011 	 19.214124
  342 	 0.064112 	 1.564778 	 9.844227
  343 	 0.052025 	 1.638994 	 19.505451
  344 	 0.035297 	 1.659309 	 13.983682
  345 	 0.051248 	 1.754882 	 16.827922
  346 	 0.071474 	 1.703958 	 18.018936
  347 	 0.031399 	 1.656364 	 17.050789
  348 	 0.055474 	 1.594527 	 12.678428
  349 	 0.058620 	 1.868905 	 25.773646
  350 	 0.035454 	 1.646175 	 15.904719
  351 	 0.035244 	 1.676431 	 15.146811
  352 	 0.062845 	 1.624533 	 11.597140
  353 	 0.065988 	 1.998244 	 23.450063
  354 	 0.034653 	 1.643359 	 14.235845
  355 	 0.042629 	 1.629317 	 13.626152
  356 	 0.070209 	 1.898196 	 23.779313
  357 	 0.073348 	 1.884400 	 19.220009
  358 	 0.042037 	 1.584206 	 12.885144
  359 	 0.052009 	 1.560064 	 12.384132
  360 	 0.077588 	 1.877716 	 20.227857
  361 	 0.036635 	 1.791122 	 16.832432
  362 	 0.038335 	 1.528855 	 11.766324
  363 	 0.038830 	 1.704343 	 22.709270
  364 	 0.084920 	 2.059647 	 21.864848
  365 	 0.031147 	 1.994763 	 21.630996
  366 	 0.045720 	 1.484109 	 10.831830
  367 	 0.046214 	 1.842151 	 25.942067
  368 	 0.092257 	 1.958667 	 18.825276
  369 	 0.038536 	 1.897831 	 18.651782
  370 	 0.053099 	 1.420142 	 10.034367
  371 	 0.053593 	 1.732002 	 21.769196
  372 	 0.037686 	 1.940320 	 16.529136
  373 	 0.045912 	 1.865441 	 16.395338
  374 	 0.060487 	 1.640523 	 22.179679
  375 	 0.035864 	 1.575597 	 18.757341
  376 	 0.037429 	 1.835711 	 14.730399
  377 	 0.052930 	 2.271627 	 22.163093
  378 	 0.067853 	 1.709454 	 19.058033
  379 	 0.045097 	 1.580595 	 16.575387
  380 	 0.052451 	 1.680141 	 11.331339
  381 	 0.060303 	 2.096044 	 19.048747
  382 	 0.088193 	 1.658387 	 16.708164
  383 	 0.052477 	 1.543761 	 14.770279
  384 	 0.059824 	 1.646720 	 10.460988
  385 	 0.067670 	 2.013306 	 16.701032
  386 	 0.095526 	 1.618185 	 14.875525
  387 	 0.059848 	 1.443903 	 11.336921
  388 	 0.066647 	 1.595674 	 9.715744
  389 	 0.088150 	 1.907606 	 14.870431
  390 	 0.036612 	 1.550664 	 13.803271
  391 	 0.067214 	 1.400310 	 10.465740
  392 	 0.072416 	 1.767270 	 22.721034
  393 	 0.095163 	 1.857663 	 13.058178
  394 	 0.044005 	 1.424508 	 8.694427
  395 	 0.076537 	 1.355372 	 9.750148
  396 	 0.088654 	 1.682689 	 19.453160
  397 	 0.102485 	 1.806425 	 11.913694
  398 	 0.051386 	 1.462296 	 10.410818
  399 	 0.083885 	 1.334660 	 9.100440
 