   0 	 0.014238 	 0.083732 	 0.924214
    1 	 0.017687 	 0.219773 	 0.952654
    2 	 0.033074 	 0.494452 	 3.136809
    3 	 0.040509 	 0.757153 	 8.537053
    4 	 0.036963 	 1.013288 	 6.932213
    5 	 0.037169 	 1.026281 	 6.011076
    6 	 0.038052 	 1.022771 	 4.415571
    7 	 0.034135 	 1.439890 	 7.599061
    8 	 0.037899 	 1.543295 	 12.944642
    9 	 0.118603 	 1.339626 	 12.443388
   10 	 0.076886 	 1.082734 	 3.766491
   11 	 0.080009 	 1.257393 	 5.549288
   12 	 0.119161 	 1.278325 	 7.158911
   13 	 0.036863 	 1.172602 	 7.131339
   14 	 0.138494 	 1.101284 	 4.700105
   15 	 0.138409 	 1.334699 	 15.045876
   16 	 0.211430 	 1.165690 	 4.944855
   17 	 0.065983 	 1.100369 	 4.999766
   18 	 0.121622 	 1.032950 	 3.278372
   19 	 0.198832 	 1.177272 	 6.266348
   20 	 0.296316 	 1.132493 	 4.646359
   21 	 0.038759 	 0.994658 	 2.824456
   22 	 0.210972 	 1.012943 	 2.793950
   23 	 0.065268 	 1.206265 	 9.094331
   24 	 0.350195 	 1.111551 	 3.283295
   25 	 0.109219 	 1.111480 	 6.304640
   26 	 0.296130 	 0.985947 	 2.253292
   27 	 0.155438 	 1.119004 	 5.854160
   28 	 0.426095 	 1.094986 	 2.795405
   29 	 0.117192 	 1.016637 	 4.607494
   30 	 0.350017 	 0.975615 	 2.050460
   31 	 0.212495 	 1.229507 	 7.011003
   32 	 0.128967 	 1.051207 	 2.346981
   33 	 0.041072 	 0.978968 	 4.130611
   34 	 0.115956 	 1.049382 	 5.247495
   35 	 0.236015 	 1.319604 	 9.739740
   36 	 0.038976 	 1.102635 	 5.434184
   37 	 0.102027 	 0.967433 	 4.058188
   38 	 0.036880 	 1.126601 	 9.942756
   39 	 0.242731 	 1.256171 	 5.300996
   40 	 0.099956 	 1.208045 	 10.154395
   41 	 0.186477 	 0.950872 	 3.285898
   42 	 0.037644 	 1.148804 	 9.061546
   43 	 0.037923 	 1.137875 	 4.031011
   44 	 0.040795 	 1.209248 	 10.076226
   45 	 0.247438 	 1.124651 	 10.047965
   46 	 0.098330 	 1.277593 	 19.533143
   47 	 0.096176 	 1.128696 	 3.878399
   48 	 0.051034 	 1.181969 	 9.197087
   49 	 0.034430 	 1.086745 	 7.063853
   50 	 0.108007 	 1.238422 	 16.277611
   51 	 0.124766 	 1.188118 	 10.413477
   52 	 0.038446 	 1.105431 	 3.869040
   53 	 0.095465 	 1.121962 	 5.955296
   54 	 0.255341 	 1.320047 	 13.966003
   55 	 0.167625 	 1.132011 	 6.366808
   56 	 0.037120 	 1.053519 	 3.725318
   57 	 0.040029 	 1.065947 	 5.063320
   58 	 0.037242 	 1.624019 	 21.043704
   59 	 0.193484 	 1.364509 	 22.712240
   60 	 0.047453 	 1.305820 	 20.989868
   61 	 0.043972 	 1.098952 	 4.816529
   62 	 0.047316 	 1.501194 	 14.045556
   63 	 0.207171 	 1.371323 	 18.391888
   64 	 0.070886 	 1.253627 	 17.326337
   65 	 0.054341 	 1.118026 	 4.735497
   66 	 0.057702 	 1.484351 	 12.302243
   67 	 0.210708 	 1.270746 	 11.913128
   68 	 0.080881 	 1.243270 	 14.683800
   69 	 0.080914 	 1.141296 	 4.522671
   70 	 0.067965 	 1.430681 	 10.955184
   71 	 0.192228 	 1.208499 	 6.938934
   72 	 0.091194 	 1.182285 	 12.760760
   73 	 0.117101 	 1.122512 	 4.935158
   74 	 0.078301 	 1.390447 	 9.843063
   75 	 0.032890 	 1.275566 	 6.480937
   76 	 0.037427 	 1.231858 	 11.273779
   77 	 0.140966 	 1.280443 	 23.099788
   78 	 0.088620 	 1.459108 	 20.908633
   79 	 0.043271 	 1.335329 	 6.274862
   80 	 0.047803 	 1.302238 	 10.099008
   81 	 0.037041 	 1.262618 	 16.215097
   82 	 0.098840 	 1.391545 	 17.181145
   83 	 0.061631 	 1.714611 	 21.078642
   84 	 0.058141 	 1.263676 	 8.529547
   85 	 0.038815 	 1.195894 	 13.882839
   86 	 0.116573 	 1.378646 	 13.064887
   87 	 0.071977 	 1.953739 	 17.477997
   88 	 0.038029 	 1.231485 	 7.875718
   89 	 0.037005 	 1.123503 	 11.064711
   90 	 0.037500 	 1.499684 	 17.721524
   91 	 0.090227 	 2.119892 	 18.048945
   92 	 0.037540 	 1.354488 	 17.888996
   93 	 0.041733 	 1.079955 	 8.023923
   94 	 0.055843 	 1.596962 	 17.876308
   95 	 0.038706 	 2.028766 	 16.629692
   96 	 0.055882 	 1.308006 	 13.469317
   97 	 0.060067 	 1.251444 	 17.511218
   98 	 0.071251 	 1.334948 	 9.740208
   99 	 0.057046 	 1.714837 	 10.723871
  100 	 0.102474 	 1.244666 	 11.154386
  101 	 0.036328 	 1.164535 	 13.254465
  102 	 0.089426 	 1.295812 	 8.273105
  103 	 0.075342 	 1.767817 	 18.272098
  104 	 0.120605 	 1.223878 	 9.274174
  105 	 0.038420 	 1.120691 	 10.667617
  106 	 0.107613 	 1.267063 	 7.193969
  107 	 0.035835 	 1.784003 	 17.599359
  108 	 0.115293 	 1.166311 	 7.935703
  109 	 0.056730 	 1.423024 	 18.438315
  110 	 0.125721 	 1.397441 	 7.479818
  111 	 0.054181 	 1.629337 	 13.310269
  112 	 0.073780 	 1.124404 	 6.938602
  113 	 0.038428 	 1.380305 	 13.777751
  114 	 0.143740 	 1.471174 	 10.848320
  115 	 0.072484 	 1.843906 	 17.596838
  116 	 0.092024 	 1.067960 	 6.167508
  117 	 0.056769 	 1.307770 	 11.003043
  118 	 0.161658 	 1.475619 	 9.055998
  119 	 0.090732 	 1.724691 	 13.303357
  120 	 0.109659 	 1.052279 	 5.553775
  121 	 0.075065 	 1.256952 	 9.163199
  122 	 0.179463 	 1.418682 	 7.808917
  123 	 0.038281 	 1.517878 	 10.699176
  124 	 0.127758 	 1.044715 	 5.053999
  125 	 0.038763 	 1.401308 	 17.642645
  126 	 0.135564 	 1.342291 	 6.841927
  127 	 0.038019 	 1.635069 	 17.493730
  128 	 0.111845 	 1.161178 	 6.495043
  129 	 0.036055 	 1.499385 	 17.724420
  130 	 0.153529 	 1.371406 	 7.677857
  131 	 0.056353 	 1.711142 	 18.363964
  132 	 0.037249 	 1.067438 	 5.816368
  133 	 0.054400 	 1.394652 	 13.377416
  134 	 0.171386 	 1.666017 	 17.969805
  135 	 0.037058 	 1.582081 	 16.666679
  136 	 0.055632 	 1.048654 	 5.269082
  137 	 0.059934 	 1.593547 	 23.442329
  138 	 0.189126 	 1.605859 	 13.507757
  139 	 0.037201 	 1.482464 	 12.765889
  140 	 0.074001 	 1.029351 	 4.818675
  141 	 0.038024 	 1.812142 	 22.200923
  142 	 0.032555 	 1.544773 	 10.822415
  143 	 0.044995 	 1.684680 	 17.723049
  144 	 0.092244 	 1.525226 	 26.208708
  145 	 0.056365 	 1.762176 	 19.764670
  146 	 0.038147 	 1.567457 	 10.220353
  147 	 0.050548 	 1.603645 	 16.138098
  148 	 0.097668 	 1.383203 	 17.684382
  149 	 0.061936 	 1.622642 	 17.197420
  150 	 0.056488 	 1.605342 	 8.615631
  151 	 0.058086 	 1.541056 	 12.447725
  152 	 0.115966 	 1.288641 	 13.353227
  153 	 0.036137 	 1.513889 	 13.074275
  154 	 0.074785 	 1.547141 	 7.442371
  155 	 0.076379 	 1.714466 	 23.959363
  156 	 0.129852 	 1.252992 	 12.440101
  157 	 0.041728 	 1.524239 	 12.198309
  158 	 0.080233 	 1.590794 	 7.048968
  159 	 0.038457 	 1.644270 	 16.631312
  160 	 0.141752 	 1.210591 	 10.793113
  161 	 0.060107 	 1.808385 	 22.697665
  162 	 0.092596 	 1.550653 	 6.504973
  163 	 0.037261 	 1.650849 	 15.219010
  164 	 0.153596 	 1.197837 	 10.183724
  165 	 0.037781 	 1.888708 	 19.362391
  166 	 0.037290 	 1.491308 	 5.866805
  167 	 0.051632 	 1.827344 	 23.051473
  168 	 0.037006 	 1.431731 	 23.929241
  169 	 0.043371 	 1.777243 	 17.472874
  170 	 0.041758 	 1.713895 	 24.092619
  171 	 0.057217 	 1.607863 	 11.293748
  172 	 0.041497 	 1.362956 	 21.617984
  173 	 0.088509 	 1.710974 	 15.919302
  174 	 0.037394 	 1.655713 	 21.740615
  175 	 0.062799 	 1.614975 	 10.751611
  176 	 0.045987 	 1.690877 	 23.869794
  177 	 0.092970 	 1.664742 	 14.620084
  178 	 0.041886 	 1.587519 	 19.384605
  179 	 0.068357 	 1.573581 	 10.145034
  180 	 0.051572 	 1.396000 	 12.409933
  181 	 0.037248 	 1.593574 	 13.725518
  182 	 0.037983 	 1.523451 	 16.509150
  183 	 0.027900 	 1.758507 	 21.622568
  184 	 0.060552 	 1.589692 	 22.944837
  185 	 0.036722 	 1.652123 	 21.598394
  186 	 0.043572 	 1.478108 	 15.116719
  187 	 0.037431 	 2.015696 	 23.628159
  188 	 0.066127 	 1.537110 	 16.136288
  189 	 0.042289 	 1.740203 	 19.393011
  190 	 0.039116 	 1.412966 	 13.941671
  191 	 0.051550 	 1.949113 	 20.881430
  192 	 0.071639 	 1.657117 	 12.453068
  193 	 0.047789 	 1.562498 	 14.295916
  194 	 0.080265 	 1.340001 	 8.647644
  195 	 0.069860 	 1.805906 	 15.883019
  196 	 0.115564 	 1.500328 	 11.646135
  197 	 0.062887 	 1.472887 	 11.330149
  198 	 0.082721 	 1.296307 	 7.464716
  199 	 0.087919 	 1.754493 	 12.302024
  200 	 0.133634 	 1.481639 	 11.322381
  201 	 0.080998 	 1.370756 	 9.405689
  202 	 0.088177 	 1.287409 	 6.577471
  203 	 0.106111 	 1.649290 	 10.060595
  204 	 0.038586 	 1.388722 	 7.565597
  205 	 0.099216 	 1.333411 	 7.854780
  206 	 0.128641 	 1.426913 	 16.726343
  207 	 0.127013 	 1.559405 	 8.502230
  208 	 0.059720 	 1.434863 	 6.800808
  209 	 0.117362 	 1.307514 	 7.540712
  210 	 0.146920 	 1.393624 	 8.919004
  211 	 0.132291 	 1.489261 	 7.913659
  212 	 0.112015 	 1.381348 	 6.556502
  213 	 0.034928 	 1.218068 	 5.672453
  214 	 0.114313 	 1.346878 	 7.667853
  215 	 0.176117 	 1.675436 	 18.751748
  216 	 0.130319 	 1.425541 	 8.339389
  217 	 0.053204 	 1.196561 	 5.503071
  218 	 0.119819 	 1.276460 	 7.357300
  219 	 0.181111 	 1.599841 	 13.965800
  220 	 0.135580 	 1.469430 	 7.473018
  221 	 0.071509 	 1.191760 	 5.355867
  222 	 0.133486 	 1.233685 	 6.984200
  223 	 0.185723 	 1.545083 	 12.968610
  224 	 0.142804 	 1.452089 	 6.341566
  225 	 0.036284 	 1.177032 	 4.644190
  226 	 0.142058 	 1.180549 	 6.738358
  227 	 0.214620 	 1.661480 	 18.286974
  228 	 0.147441 	 1.488489 	 6.646371
  229 	 0.037735 	 1.166403 	 4.540906
  230 	 0.150043 	 1.171093 	 6.534183
  231 	 0.218641 	 1.733208 	 17.814114
  232 	 0.152910 	 1.464668 	 6.343461
  233 	 0.037465 	 1.090238 	 4.174649
  234 	 0.157187 	 1.122281 	 6.078648
  235 	 0.239220 	 2.069458 	 17.580225
  236 	 0.164014 	 1.409048 	 4.880248
  237 	 0.056864 	 1.049858 	 4.084631
  238 	 0.204138 	 1.122240 	 5.895747
  239 	 0.243722 	 2.020884 	 13.768213
  240 	 0.035207 	 1.345238 	 4.696036
  241 	 0.035988 	 0.984681 	 3.211628
  242 	 0.212692 	 1.674350 	 24.505883
  243 	 0.244661 	 2.223676 	 24.045531
  244 	 0.040797 	 1.321772 	 4.581022
  245 	 0.041556 	 0.952886 	 3.995828
  246 	 0.218025 	 1.582577 	 21.553027
  247 	 0.104633 	 2.106482 	 16.678916
  248 	 0.046385 	 1.328280 	 4.327766
  249 	 0.059936 	 1.053668 	 8.127906
  250 	 0.208659 	 1.499848 	 15.435646
  251 	 0.122948 	 2.027864 	 12.765559
  252 	 0.064708 	 1.308637 	 4.667239
  253 	 0.078067 	 1.046045 	 7.779183
  254 	 0.214003 	 1.434511 	 14.223140
  255 	 0.128192 	 1.758748 	 11.952188
  256 	 0.039542 	 1.230878 	 4.302877
  257 	 0.083538 	 1.182697 	 7.474275
  258 	 0.232101 	 1.553538 	 10.832230
  259 	 0.133692 	 1.686004 	 11.218551
  260 	 0.092269 	 1.227214 	 4.206974
  261 	 0.089094 	 1.173777 	 7.179160
  262 	 0.037955 	 1.546099 	 10.217700
  263 	 0.037066 	 1.615269 	 10.560377
  264 	 0.038378 	 1.533056 	 22.959505
  265 	 0.094500 	 1.657466 	 23.437806
  266 	 0.043544 	 1.823766 	 22.738566
  267 	 0.042656 	 1.655436 	 9.989981
  268 	 0.036787 	 1.460478 	 20.348234
  269 	 0.099661 	 1.579707 	 20.722851
  270 	 0.049131 	 1.908109 	 23.592238
  271 	 0.048243 	 1.644925 	 8.924306
  272 	 0.036998 	 1.322276 	 10.737597
  273 	 0.111983 	 1.513706 	 18.572565
  274 	 0.037864 	 2.088068 	 23.475490
  275 	 0.053716 	 1.625902 	 8.504613
  276 	 0.042587 	 1.453560 	 12.215409
  277 	 0.035440 	 1.442306 	 16.490908
  278 	 0.081543 	 1.948572 	 18.669306
  279 	 0.060619 	 1.894378 	 24.366681
  280 	 0.053548 	 1.496415 	 11.475428
  281 	 0.041030 	 1.401788 	 15.101433
  282 	 0.086810 	 1.833990 	 16.906805
  283 	 0.066194 	 1.831785 	 21.445326
  284 	 0.059128 	 1.459347 	 9.110220
  285 	 0.046618 	 1.343836 	 13.928678
  286 	 0.109699 	 1.774413 	 15.449220
  287 	 0.071765 	 1.591592 	 7.484912
  288 	 0.064705 	 1.428599 	 8.673073
  289 	 0.125362 	 1.325916 	 12.925665
  290 	 0.037171 	 1.642796 	 9.685752
  291 	 0.077332 	 1.498261 	 7.635815
  292 	 0.103185 	 1.648298 	 23.380152
  293 	 0.130866 	 1.300726 	 12.058080
  294 	 0.042762 	 1.699121 	 9.192464
  295 	 0.082893 	 1.503762 	 7.327843
  296 	 0.108719 	 1.587762 	 20.677476
  297 	 0.136362 	 1.257423 	 11.300273
  298 	 0.030675 	 1.717519 	 8.747489
  299 	 0.088450 	 1.532783 	 7.044159
  300 	 0.114218 	 1.781276 	 27.566877
  301 	 0.139319 	 1.246600 	 10.632688
  302 	 0.036268 	 1.682756 	 8.345993
  303 	 0.094000 	 1.499352 	 6.900395
  304 	 0.119738 	 1.729360 	 23.884567
  305 	 0.144802 	 1.375358 	 10.040153
  306 	 0.041858 	 1.564327 	 7.978450
  307 	 0.099540 	 1.482943 	 6.697846
  308 	 0.125250 	 1.628666 	 15.358025
  309 	 0.149177 	 1.345345 	 9.511165
  310 	 0.065089 	 1.526884 	 7.642356
  311 	 0.038540 	 1.407287 	 6.460908
  312 	 0.035636 	 1.591290 	 14.146513
  313 	 0.154643 	 1.650780 	 22.655223
  314 	 0.070661 	 1.753500 	 24.250473
  315 	 0.044129 	 1.396678 	 6.240524
  316 	 0.041227 	 1.546774 	 13.112894
  317 	 0.160099 	 1.562615 	 20.108986
  318 	 0.076228 	 1.658785 	 21.355302
  319 	 0.049715 	 1.409367 	 6.035029
  320 	 0.046815 	 1.498867 	 12.220718
  321 	 0.165546 	 1.517983 	 18.078228
  322 	 0.081791 	 1.787919 	 19.078693
  323 	 0.055298 	 1.387352 	 5.842976
  324 	 0.052355 	 1.486710 	 11.442857
  325 	 0.037023 	 1.543962 	 16.420896
  326 	 0.087348 	 1.740712 	 16.990844
  327 	 0.060877 	 1.644016 	 23.461569
  328 	 0.058836 	 1.461401 	 10.758704
  329 	 0.042613 	 1.422564 	 15.042741
  330 	 0.092900 	 1.700558 	 15.914487
  331 	 0.035100 	 1.676501 	 20.741417
  332 	 0.036683 	 1.479556 	 10.152322
  333 	 0.036978 	 1.870494 	 24.570190
  334 	 0.098445 	 1.970142 	 23.649913
  335 	 0.040690 	 1.853984 	 23.486405
  336 	 0.042071 	 1.431482 	 9.761304
  337 	 0.038344 	 1.818941 	 21.602732
  338 	 0.037025 	 1.918333 	 20.976940
  339 	 0.046282 	 2.056608 	 22.756431
  340 	 0.037246 	 1.720136 	 23.460545
  341 	 0.036928 	 1.725750 	 19.274559
  342 	 0.042615 	 1.926842 	 23.339652
  343 	 0.037246 	 2.223198 	 23.513819
  344 	 0.042835 	 1.690575 	 20.740617
  345 	 0.042518 	 1.924984 	 23.339584
  346 	 0.048202 	 1.747530 	 21.125892
  347 	 0.023571 	 2.120042 	 20.782224
  348 	 0.047323 	 1.649311 	 18.586826
  349 	 0.048105 	 2.060911 	 34.280442
  350 	 0.053785 	 1.746173 	 18.895475
  351 	 0.029166 	 2.002997 	 18.620215
  352 	 0.038415 	 1.619594 	 16.839175
  353 	 0.036620 	 2.725648 	 28.929807
  354 	 0.059366 	 1.969188 	 22.719765
  355 	 0.034560 	 2.194960 	 23.685444
  356 	 0.044004 	 1.562124 	 15.392767
  357 	 0.042210 	 2.513508 	 24.900569
  358 	 0.064942 	 1.966190 	 19.958607
  359 	 0.040151 	 2.168013 	 20.916112
  360 	 0.050090 	 1.528836 	 14.175963
  361 	 0.047478 	 2.331507 	 21.857597
  362 	 0.070514 	 1.889362 	 17.956664
  363 	 0.045739 	 2.001119 	 14.095855
  364 	 0.055534 	 1.501590 	 13.138174
  365 	 0.070722 	 2.212533 	 19.478386
  366 	 0.036212 	 1.858141 	 16.357576
  367 	 0.051324 	 1.855158 	 13.102370
  368 	 0.037579 	 1.672273 	 22.824753
  369 	 0.076278 	 1.948591 	 17.567224
  370 	 0.043801 	 2.301892 	 22.134217
  371 	 0.037975 	 1.763104 	 11.922104
  372 	 0.045163 	 1.608228 	 19.454752
  373 	 0.036646 	 1.853776 	 15.502426
  374 	 0.051387 	 2.182158 	 19.699232
  375 	 0.037224 	 2.156360 	 22.601160
  376 	 0.037541 	 1.496034 	 16.953027
  377 	 0.044235 	 2.092864 	 22.309488
  378 	 0.058960 	 2.320914 	 22.152912
  379 	 0.029481 	 2.043016 	 19.292155
  380 	 0.045125 	 1.538370 	 15.024022
  381 	 0.051814 	 2.208800 	 26.967689
  382 	 0.066526 	 2.208918 	 18.966228
  383 	 0.036711 	 1.873274 	 16.193218
  384 	 0.052704 	 1.486826 	 13.490470
  385 	 0.061725 	 2.306934 	 22.567784
  386 	 0.036092 	 2.007160 	 16.582603
  387 	 0.038500 	 1.767116 	 14.424756
  388 	 0.037607 	 1.512543 	 22.887378
  389 	 0.035565 	 2.291117 	 21.691880
  390 	 0.043678 	 2.259483 	 22.120363
  391 	 0.046084 	 2.147948 	 23.166934
  392 	 0.045191 	 1.395923 	 14.863776
  393 	 0.043151 	 2.211744 	 16.813633
  394 	 0.067243 	 2.093937 	 18.942748
  395 	 0.059392 	 2.107361 	 19.704123
  396 	 0.033721 	 1.341928 	 13.361257
  397 	 0.050731 	 2.068164 	 14.927118
  398 	 0.074801 	 2.365554 	 24.201012
  399 	 0.066958 	 2.005918 	 17.143479
 