   0 	 0.017775 	 0.080147 	 1.297522
    1 	 0.017775 	 0.321073 	 4.161467
    2 	 0.042155 	 1.098549 	 3.873179
    3 	 0.023464 	 1.544438 	 4.394221
    4 	 0.041389 	 1.094741 	 3.540388
    5 	 0.047562 	 0.874031 	 3.791275
    6 	 0.108318 	 0.970336 	 3.550010
    7 	 0.040765 	 1.209551 	 3.473889
    8 	 0.265512 	 1.040462 	 2.868468
    9 	 0.264680 	 0.839105 	 3.557895
   10 	 0.260761 	 0.899640 	 1.957259
   11 	 0.263283 	 1.061908 	 1.964126
   12 	 0.037271 	 0.956322 	 1.956425
   13 	 0.410609 	 0.825662 	 1.985771
   14 	 0.100963 	 0.888617 	 3.602678
   15 	 0.449222 	 0.976686 	 1.536313
   16 	 0.260215 	 0.959000 	 2.930295
   17 	 0.105797 	 0.824419 	 1.450280
   18 	 0.101848 	 0.866199 	 1.997943
   19 	 0.591513 	 0.962974 	 2.773950
   20 	 0.041581 	 0.931113 	 2.922712
   21 	 0.331758 	 0.841318 	 1.202194
   22 	 0.316154 	 0.894176 	 3.657897
   23 	 0.693244 	 0.943615 	 1.748076
   24 	 0.256529 	 0.916412 	 1.797093
   25 	 0.502923 	 0.855507 	 1.077978
   26 	 0.113914 	 0.870535 	 2.012766
   27 	 0.115540 	 0.901286 	 1.319918
   28 	 0.042685 	 0.912845 	 2.712866
   29 	 0.530461 	 0.890243 	 2.810255
   30 	 0.328800 	 0.893847 	 3.533760
   31 	 0.037266 	 0.898889 	 1.297419
   32 	 0.263959 	 0.914733 	 1.757160
   33 	 0.114369 	 0.909948 	 3.602754
   34 	 0.350673 	 0.890172 	 1.928048
   35 	 0.259238 	 0.901998 	 1.207337
   36 	 0.108428 	 0.886777 	 1.841711
   37 	 0.620350 	 0.909025 	 2.569780
   38 	 0.477006 	 0.961253 	 3.175531
   39 	 0.370414 	 0.901074 	 1.230542
   40 	 0.124868 	 0.881921 	 1.494086
   41 	 0.037713 	 0.906794 	 1.823772
   42 	 0.125285 	 0.949658 	 2.738468
   43 	 0.358507 	 0.942576 	 3.596959
   44 	 0.364064 	 0.933827 	 3.298313
   45 	 0.265396 	 0.922651 	 2.047473
   46 	 0.102655 	 0.941302 	 2.159031
   47 	 0.099054 	 0.956093 	 2.529752
   48 	 0.037622 	 0.951154 	 3.232533
   49 	 0.353111 	 0.958661 	 3.432247
   50 	 0.126607 	 0.991372 	 5.969379
   51 	 0.244943 	 0.944190 	 2.037058
   52 	 0.167311 	 0.953145 	 3.898536
   53 	 0.040019 	 0.957679 	 2.364945
   54 	 0.037655 	 0.982795 	 3.364609
   55 	 0.037258 	 0.982098 	 5.265407
   56 	 0.281143 	 0.998981 	 5.968177
   57 	 0.183513 	 0.972888 	 4.356207
   58 	 0.162325 	 0.965635 	 2.432836
   59 	 0.219852 	 0.952727 	 2.621830
   60 	 0.409780 	 0.990763 	 5.096186
   61 	 0.127199 	 0.945573 	 2.704513
   62 	 0.038567 	 0.942255 	 1.804795
   63 	 0.037677 	 1.020228 	 6.816688
   64 	 0.129664 	 1.041057 	 5.935891
   65 	 0.143017 	 1.043762 	 9.507750
   66 	 0.164469 	 1.011612 	 6.113799
   67 	 0.104804 	 1.023131 	 3.480479
   68 	 0.162662 	 1.023750 	 3.238672
   69 	 0.281851 	 1.009649 	 5.803705
   70 	 0.307979 	 1.001353 	 2.707368
   71 	 0.171303 	 1.068553 	 3.283526
   72 	 0.038428 	 1.004943 	 2.640757
   73 	 0.303783 	 0.986588 	 4.132177
   74 	 0.362305 	 1.134634 	 13.825915
   75 	 0.234627 	 1.049335 	 2.961359
   76 	 0.037913 	 0.983511 	 2.313725
   77 	 0.038447 	 0.964310 	 2.438189
   78 	 0.038277 	 1.308885 	 21.639133
   79 	 0.037723 	 1.186952 	 13.822342
   80 	 0.038743 	 1.287138 	 21.469737
   81 	 0.072303 	 1.269188 	 21.728351
   82 	 0.046559 	 1.380115 	 14.536422
   83 	 0.045975 	 1.166930 	 10.525952
   84 	 0.068753 	 1.205793 	 15.137923
   85 	 0.094498 	 1.235481 	 18.424742
   86 	 0.036318 	 1.331165 	 12.977993
   87 	 0.054250 	 1.169701 	 9.727825
   88 	 0.077004 	 1.402818 	 22.412685
   89 	 0.102710 	 1.200694 	 15.987092
   90 	 0.037300 	 1.215304 	 11.266369
   91 	 0.036854 	 1.095301 	 9.008171
   92 	 0.088694 	 1.570229 	 21.929784
   93 	 0.110771 	 1.435423 	 16.791344
   94 	 0.045553 	 1.181757 	 10.309868
   95 	 0.059525 	 1.095589 	 8.398379
   96 	 0.037651 	 1.482584 	 18.569072
   97 	 0.118953 	 1.395224 	 14.743798
   98 	 0.053829 	 1.403253 	 21.762256
   99 	 0.067787 	 1.094830 	 7.858355
  100 	 0.037786 	 1.449182 	 14.430379
  101 	 0.126262 	 1.336768 	 13.142846
  102 	 0.069258 	 1.583200 	 21.698490
  103 	 0.075342 	 1.146638 	 7.385816
  104 	 0.037095 	 1.354061 	 12.893499
  105 	 0.131608 	 1.308486 	 11.955656
  106 	 0.077509 	 1.686822 	 22.028789
  107 	 0.083323 	 1.193225 	 7.147572
  108 	 0.045129 	 1.330950 	 12.223651
  109 	 0.139745 	 1.277704 	 8.476728
  110 	 0.037379 	 1.352200 	 15.928401
  111 	 0.042426 	 1.173630 	 6.942255
  112 	 0.062748 	 1.721547 	 21.278592
  113 	 0.036549 	 1.456192 	 16.359615
  114 	 0.046977 	 1.320123 	 14.914624
  115 	 0.061095 	 1.627046 	 22.296979
  116 	 0.067011 	 1.692537 	 18.090601
  117 	 0.044832 	 1.438940 	 14.410220
  118 	 0.055230 	 1.259344 	 13.278263
  119 	 0.037041 	 1.519226 	 18.820875
  120 	 0.075201 	 1.780020 	 15.740581
  121 	 0.053109 	 1.563109 	 16.738843
  122 	 0.063497 	 1.194279 	 10.214433
  123 	 0.037032 	 1.306609 	 16.284224
  124 	 0.036972 	 1.647229 	 11.601380
  125 	 0.061378 	 1.676753 	 17.689070
  126 	 0.086165 	 1.332749 	 12.426723
  127 	 0.056424 	 1.221983 	 11.893731
  128 	 0.038743 	 1.444840 	 9.687749
  129 	 0.083918 	 1.612641 	 15.450217
  130 	 0.103016 	 1.591334 	 21.257285
  131 	 0.064689 	 1.250342 	 10.843893
  132 	 0.047024 	 1.480262 	 8.983447
  133 	 0.092147 	 1.534732 	 13.700636
  134 	 0.037503 	 1.503469 	 18.075211
  135 	 0.036682 	 1.224702 	 9.955467
  136 	 0.055299 	 1.675161 	 22.073657
  137 	 0.100364 	 1.741524 	 24.401085
  138 	 0.045294 	 1.510038 	 16.920752
  139 	 0.036677 	 1.202579 	 9.202705
  140 	 0.059084 	 1.600277 	 18.658770
  141 	 0.036588 	 1.905868 	 22.233584
  142 	 0.035356 	 1.491826 	 14.951247
  143 	 0.037088 	 1.446319 	 24.457223
  144 	 0.046164 	 1.761790 	 25.216955
  145 	 0.040874 	 2.085736 	 24.161436
  146 	 0.039649 	 1.544793 	 19.816128
  147 	 0.041381 	 1.162862 	 8.260869
  148 	 0.050321 	 1.687016 	 22.753573
  149 	 0.120990 	 2.087207 	 21.890964
  150 	 0.043941 	 1.544832 	 18.307969
  151 	 0.045672 	 1.084538 	 7.981502
  152 	 0.054608 	 1.645109 	 20.729306
  153 	 0.125230 	 2.252580 	 20.011198
  154 	 0.048231 	 1.563359 	 16.975554
  155 	 0.049961 	 1.075388 	 7.720212
  156 	 0.037409 	 1.550762 	 19.036407
  157 	 0.129458 	 2.169387 	 18.429331
  158 	 0.052519 	 1.768985 	 21.877592
  159 	 0.037670 	 1.035274 	 7.476185
  160 	 0.045700 	 1.506837 	 16.442200
  161 	 0.036444 	 2.394058 	 23.826800
  162 	 0.037578 	 1.697292 	 20.000028
  163 	 0.031162 	 1.291786 	 24.543202
  164 	 0.049989 	 1.716320 	 23.878631
  165 	 0.037108 	 2.672522 	 28.198779
  166 	 0.037309 	 1.551788 	 15.269683
  167 	 0.035457 	 1.572882 	 22.203775
  168 	 0.065423 	 2.135865 	 24.033206
  169 	 0.045029 	 2.315310 	 19.624319
  170 	 0.036746 	 1.500978 	 14.342495
  171 	 0.050917 	 1.437975 	 16.521081
  172 	 0.069702 	 2.259290 	 21.785686
  173 	 0.036838 	 2.156060 	 18.110361
  174 	 0.037511 	 1.447803 	 13.513144
  175 	 0.036485 	 1.860918 	 23.884970
  176 	 0.073917 	 2.404393 	 23.917050
  177 	 0.041860 	 2.317162 	 24.518549
  178 	 0.041804 	 1.432505 	 12.784898
  179 	 0.037234 	 1.779327 	 21.663852
  180 	 0.078191 	 2.304251 	 21.690231
  181 	 0.046151 	 2.541920 	 24.076479
  182 	 0.046095 	 1.392824 	 12.122530
  183 	 0.041527 	 1.749897 	 19.821320
  184 	 0.082462 	 2.178986 	 19.843392
  185 	 0.050440 	 2.363194 	 20.255360
  186 	 0.050370 	 1.447479 	 11.525807
  187 	 0.049359 	 1.779310 	 18.268234
  188 	 0.086729 	 2.112818 	 18.563287
  189 	 0.054727 	 2.205094 	 17.980556
  190 	 0.037951 	 1.362343 	 11.082850
  191 	 0.055602 	 1.623331 	 16.941403
  192 	 0.090195 	 2.171891 	 17.434563
  193 	 0.059012 	 2.090618 	 16.919795
  194 	 0.057343 	 1.385367 	 10.672980
  195 	 0.059090 	 1.651302 	 15.996916
  196 	 0.093349 	 2.103232 	 16.435684
  197 	 0.062498 	 2.036128 	 15.976946
  198 	 0.060827 	 1.372771 	 10.325341
  199 	 0.062573 	 1.575951 	 14.970414
  200 	 0.096816 	 1.974815 	 15.545488
  201 	 0.066779 	 1.984643 	 15.134688
  202 	 0.064313 	 1.410843 	 9.300912
  203 	 0.066058 	 1.453447 	 14.228946
  204 	 0.107476 	 1.937006 	 14.746456
  205 	 0.037327 	 1.954376 	 14.376463
  206 	 0.037789 	 1.312018 	 9.010963
  207 	 0.069541 	 1.619307 	 24.983318
  208 	 0.038779 	 2.035962 	 23.316102
  209 	 0.040021 	 1.958918 	 13.842509
  210 	 0.037187 	 1.555028 	 23.652466
  211 	 0.072223 	 1.587704 	 22.977340
  212 	 0.041531 	 2.220669 	 24.577594
  213 	 0.035117 	 1.908660 	 13.347035
  214 	 0.040683 	 1.571851 	 22.206878
  215 	 0.038379 	 1.714888 	 25.895442
  216 	 0.045024 	 2.225658 	 22.633123
  217 	 0.038613 	 2.274860 	 23.878463
  218 	 0.034428 	 1.540221 	 20.608345
  219 	 0.041874 	 1.612650 	 24.205551
  220 	 0.048516 	 2.428511 	 26.365883
  221 	 0.036826 	 2.222936 	 22.039032
  222 	 0.037923 	 1.538434 	 19.224917
  223 	 0.037715 	 1.837595 	 24.797742
  224 	 0.036776 	 2.304072 	 24.141292
  225 	 0.040321 	 2.484721 	 24.263156
  226 	 0.037693 	 2.107818 	 24.828359
  227 	 0.036951 	 1.771644 	 23.244684
  228 	 0.040271 	 2.468381 	 24.756753
  229 	 0.037435 	 2.868896 	 24.721517
  230 	 0.037453 	 1.973526 	 23.271576
  231 	 0.040445 	 2.016175 	 24.429150
  232 	 0.042888 	 2.662706 	 24.418099
  233 	 0.035321 	 2.875387 	 22.755768
  234 	 0.040947 	 1.914949 	 21.557394
  235 	 0.043938 	 2.013309 	 25.759366
  236 	 0.046382 	 2.592394 	 22.498506
  237 	 0.036900 	 2.855979 	 21.080067
  238 	 0.044440 	 1.870470 	 20.047303
  239 	 0.036809 	 2.202416 	 24.752394
  240 	 0.049873 	 2.510492 	 20.859182
  241 	 0.040394 	 3.036330 	 24.808322
  242 	 0.037157 	 1.816732 	 18.735942
  243 	 0.040303 	 2.118609 	 22.781920
  244 	 0.053363 	 2.522835 	 24.595721
  245 	 0.038010 	 2.921414 	 22.829275
  246 	 0.040652 	 1.795401 	 17.585998
  247 	 0.043797 	 2.316824 	 24.090425
  248 	 0.056852 	 2.395721 	 22.649169
  249 	 0.038505 	 2.688014 	 21.143112
  250 	 0.044145 	 1.788399 	 17.255622
  251 	 0.047294 	 2.526214 	 23.806398
  252 	 0.028238 	 2.327166 	 20.988585
  253 	 0.041999 	 2.637491 	 19.687247
  254 	 0.047637 	 2.003371 	 31.507930
  255 	 0.050791 	 2.429383 	 21.978323
  256 	 0.031735 	 2.266026 	 19.555298
  257 	 0.045492 	 2.577620 	 18.419089
  258 	 0.051128 	 1.942251 	 28.381231
  259 	 0.054281 	 2.340716 	 20.411426
  260 	 0.035230 	 2.208281 	 18.305657
  261 	 0.048984 	 2.525390 	 17.306661
  262 	 0.037467 	 1.861772 	 25.819615
  263 	 0.057770 	 2.160780 	 19.053497
  264 	 0.038725 	 2.679570 	 24.409750
  265 	 0.052474 	 2.527954 	 16.321314
  266 	 0.037371 	 1.698857 	 23.682635
  267 	 0.061256 	 2.163325 	 17.865373
  268 	 0.042212 	 2.853546 	 24.466910
  269 	 0.055963 	 2.476460 	 15.442471
  270 	 0.040866 	 1.655153 	 21.876237
  271 	 0.037486 	 2.082751 	 16.817103
  272 	 0.035058 	 2.763707 	 22.539926
  273 	 0.059450 	 2.664744 	 24.398735
  274 	 0.044359 	 1.944756 	 25.935121
  275 	 0.040978 	 2.137662 	 15.885655
  276 	 0.038553 	 2.692786 	 20.894770
  277 	 0.062936 	 2.468240 	 13.942028
  278 	 0.037141 	 1.584135 	 12.270540
  279 	 0.071708 	 2.218427 	 15.052070
  280 	 0.036974 	 2.750540 	 19.473860
  281 	 0.037007 	 2.316230 	 13.296526
  282 	 0.051342 	 1.703183 	 24.707092
  283 	 0.075188 	 2.111749 	 14.428608
  284 	 0.038029 	 2.446620 	 17.115446
  285 	 0.069152 	 2.269481 	 12.708441
  286 	 0.058317 	 1.746662 	 22.743548
  287 	 0.078488 	 1.929352 	 13.764249
  288 	 0.043962 	 2.201403 	 16.176849
  289 	 0.038593 	 2.083839 	 12.196846
  290 	 0.061803 	 1.652158 	 21.069583
  291 	 0.081965 	 2.027027 	 23.756814
  292 	 0.047454 	 2.165517 	 15.313138
  293 	 0.042087 	 1.976129 	 8.751591
  294 	 0.036975 	 1.513062 	 19.625569
  295 	 0.114219 	 1.786595 	 13.443201
  296 	 0.050870 	 2.201472 	 10.247105
  297 	 0.074368 	 1.845562 	 7.326089
  298 	 0.038234 	 1.374417 	 18.392411
  299 	 0.036958 	 1.658457 	 12.842292
  300 	 0.054275 	 2.273653 	 14.177522
  301 	 0.077666 	 1.892682 	 14.438775
  302 	 0.037575 	 1.258802 	 11.550680
  303 	 0.069103 	 1.458733 	 9.093738
  304 	 0.086334 	 2.205079 	 24.345746
  305 	 0.109577 	 1.757919 	 13.567899
  306 	 0.036927 	 1.244488 	 11.131691
  307 	 0.073528 	 1.580482 	 7.663278
  308 	 0.089574 	 2.115650 	 13.961289
  309 	 0.130433 	 1.701416 	 12.982230
  310 	 0.071461 	 1.175945 	 8.205212
  311 	 0.077008 	 1.475491 	 7.466424
  312 	 0.121805 	 2.092793 	 13.429791
  313 	 0.133870 	 1.614874 	 12.421181
  314 	 0.037044 	 1.160114 	 7.929867
  315 	 0.080031 	 1.493471 	 7.279599
  316 	 0.126050 	 2.155831 	 13.727937
  317 	 0.137304 	 1.576747 	 11.971527
  318 	 0.072826 	 1.155388 	 7.719033
  319 	 0.083507 	 1.452189 	 7.086961
  320 	 0.038081 	 2.013946 	 13.101759
  321 	 0.141035 	 1.544318 	 8.635044
  322 	 0.037372 	 1.389336 	 24.049662
  323 	 0.115568 	 1.427250 	 6.918759
  324 	 0.041575 	 2.212655 	 24.466440
  325 	 0.144462 	 1.530855 	 8.377480
  326 	 0.040866 	 1.295934 	 16.083750
  327 	 0.119318 	 1.395508 	 6.159093
  328 	 0.062158 	 2.250012 	 22.539527
  329 	 0.161682 	 1.492248 	 7.986083
  330 	 0.037817 	 1.203992 	 11.674335
  331 	 0.125163 	 1.404043 	 6.053939
  332 	 0.085375 	 2.419265 	 24.203135
  333 	 0.165021 	 1.464916 	 7.772241
  334 	 0.037763 	 1.159053 	 11.251758
  335 	 0.128605 	 1.403865 	 5.933982
  336 	 0.088839 	 2.540534 	 24.234799
  337 	 0.094322 	 1.450900 	 7.569728
  338 	 0.041255 	 1.139403 	 10.829693
  339 	 0.132044 	 1.521746 	 10.222639
  340 	 0.092139 	 2.536135 	 22.343780
  341 	 0.037946 	 1.401614 	 7.275685
  342 	 0.044708 	 1.129739 	 10.456005
  343 	 0.035326 	 1.775316 	 24.127836
  344 	 0.095475 	 2.465921 	 20.743359
  345 	 0.041433 	 1.648795 	 25.756077
  346 	 0.048200 	 1.183191 	 10.103520
  347 	 0.038821 	 1.752595 	 22.255327
  348 	 0.038128 	 2.468536 	 19.342321
  349 	 0.044926 	 1.546502 	 23.629183
  350 	 0.051661 	 1.166992 	 9.761700
  351 	 0.042294 	 1.708839 	 20.650050
  352 	 0.102404 	 2.296438 	 14.375895
  353 	 0.036300 	 1.572988 	 21.836792
  354 	 0.069490 	 1.313323 	 9.442470
  355 	 0.045757 	 1.878043 	 25.125655
  356 	 0.105865 	 2.165983 	 13.190834
  357 	 0.037559 	 1.496054 	 15.709238
  358 	 0.075707 	 1.384358 	 9.143669
  359 	 0.063643 	 2.258926 	 24.087990
  360 	 0.109323 	 2.119709 	 12.625064
  361 	 0.032586 	 1.551988 	 14.893659
  362 	 0.037466 	 1.347279 	 8.863404
  363 	 0.037717 	 2.429811 	 27.711567
  364 	 0.112779 	 2.337644 	 24.410315
  365 	 0.036081 	 1.790844 	 24.261695
  366 	 0.040960 	 1.362419 	 8.600007
  367 	 0.041211 	 2.344814 	 25.264333
  368 	 0.038777 	 2.063223 	 22.491900
  369 	 0.039576 	 1.758007 	 22.365698
  370 	 0.035222 	 1.645675 	 23.653491
  371 	 0.044704 	 2.323874 	 23.214758
  372 	 0.042271 	 2.227517 	 25.825327
  373 	 0.043070 	 1.789286 	 20.745009
  374 	 0.038057 	 1.551169 	 21.847972
  375 	 0.037750 	 2.173719 	 18.023280
  376 	 0.045764 	 2.403896 	 24.063239
  377 	 0.055429 	 1.870296 	 24.242479
  378 	 0.041551 	 1.524900 	 20.298986
  379 	 0.038754 	 2.035924 	 16.969636
  380 	 0.049255 	 2.267354 	 22.196988
  381 	 0.058917 	 1.975036 	 22.349371
  382 	 0.045044 	 1.552155 	 18.955518
  383 	 0.044737 	 2.064336 	 16.021362
  384 	 0.052745 	 2.123009 	 20.323968
  385 	 0.062403 	 2.053189 	 20.730966
  386 	 0.049195 	 1.574135 	 17.779237
  387 	 0.048229 	 2.130369 	 15.173800
  388 	 0.056234 	 2.111179 	 18.977293
  389 	 0.065888 	 1.994329 	 19.331549
  390 	 0.052685 	 1.542726 	 16.740786
  391 	 0.051681 	 2.070663 	 14.411733
  392 	 0.059722 	 1.961445 	 17.798384
  393 	 0.069371 	 2.004002 	 18.122149
  394 	 0.056174 	 1.748581 	 15.817304
  395 	 0.055170 	 2.057041 	 13.722862
  396 	 0.063208 	 1.847378 	 16.757755
  397 	 0.072853 	 1.735968 	 14.273261
  398 	 0.059661 	 1.614509 	 14.990717
  399 	 0.029383 	 1.944384 	 13.097139
 