   0 	 0.016064 	 0.074310 	 2.214841
    1 	 0.018695 	 0.727973 	 3.951009
    2 	 0.040657 	 1.646711 	 3.564750
    3 	 0.040459 	 1.422797 	 5.096880
    4 	 0.248989 	 0.707080 	 2.765022
    5 	 0.186917 	 0.754480 	 2.266952
    6 	 0.126381 	 1.046327 	 2.312646
    7 	 0.039842 	 0.960451 	 2.104946
    8 	 0.357190 	 0.744658 	 1.882273
    9 	 0.373123 	 0.796275 	 2.035242
   10 	 0.043706 	 0.887732 	 1.616035
   11 	 0.256001 	 0.866320 	 1.465370
   12 	 0.099144 	 0.799646 	 2.058010
   13 	 0.041784 	 0.785326 	 1.809625
   14 	 0.407314 	 0.838939 	 1.816057
   15 	 0.042441 	 0.857465 	 2.274613
   16 	 0.441003 	 0.805167 	 1.164397
   17 	 0.362252 	 0.808950 	 2.024535
   18 	 0.098589 	 0.824529 	 1.440708
   19 	 0.251015 	 0.851041 	 1.660766
   20 	 0.590386 	 0.869765 	 1.817887
   21 	 0.270743 	 0.844019 	 1.423457
   22 	 0.244776 	 0.817292 	 1.108943
   23 	 0.040131 	 0.801639 	 1.221630
   24 	 0.040227 	 0.872307 	 2.172611
   25 	 0.235683 	 0.911009 	 2.684821
   26 	 0.264489 	 0.890992 	 4.185377
   27 	 0.340377 	 0.861870 	 1.956419
   28 	 0.225303 	 0.887874 	 1.932036
   29 	 0.117968 	 0.885227 	 1.798960
   30 	 0.457637 	 0.885104 	 1.916066
   31 	 0.487315 	 0.897618 	 1.941493
   32 	 0.038806 	 0.871998 	 1.406989
   33 	 0.467248 	 0.888065 	 1.280954
   34 	 0.037406 	 0.928277 	 3.425762
   35 	 0.040359 	 0.871540 	 1.501620
   36 	 0.038837 	 0.873283 	 2.045385
   37 	 0.262868 	 0.948626 	 4.183072
   38 	 0.445616 	 0.967854 	 4.209875
   39 	 0.037797 	 0.882950 	 2.016258
   40 	 0.038784 	 0.878887 	 1.552034
   41 	 0.451476 	 0.960978 	 4.228381
   42 	 0.548867 	 0.963903 	 4.210814
   43 	 0.043168 	 0.885623 	 1.538046
   44 	 0.102905 	 0.876457 	 1.337672
   45 	 0.244673 	 0.942599 	 3.997316
   46 	 0.038039 	 0.943347 	 3.315592
   47 	 0.235271 	 0.924701 	 2.255439
   48 	 0.038953 	 0.924804 	 4.224066
   49 	 0.043317 	 0.908277 	 2.304301
   50 	 0.226103 	 0.957092 	 4.207815
   51 	 0.266442 	 0.937641 	 4.131949
   52 	 0.226510 	 0.896874 	 2.132296
   53 	 0.038707 	 0.892533 	 2.163367
   54 	 0.037805 	 0.926288 	 2.351779
   55 	 0.336477 	 0.962926 	 4.212168
   56 	 0.119360 	 0.933916 	 4.228239
   57 	 0.226287 	 0.919049 	 1.868539
   58 	 0.039001 	 0.934130 	 3.064096
   59 	 0.483737 	 0.917413 	 2.353014
   60 	 0.303067 	 0.939965 	 4.065028
   61 	 0.331781 	 0.897020 	 1.447729
   62 	 0.037888 	 0.897499 	 1.992956
   63 	 0.038799 	 0.911949 	 1.856041
   64 	 0.038809 	 0.948133 	 4.226757
   65 	 0.486679 	 0.935487 	 4.068356
   66 	 0.225542 	 0.955481 	 4.068197
   67 	 0.202784 	 0.901044 	 1.441588
   68 	 0.233907 	 0.885238 	 1.584891
   69 	 0.488471 	 0.915453 	 2.389006
   70 	 0.037972 	 0.923744 	 2.268050
   71 	 0.279903 	 0.875630 	 1.419907
   72 	 0.265430 	 0.913117 	 4.225262
   73 	 0.259487 	 0.923982 	 2.089416
   74 	 0.226042 	 0.909369 	 2.154567
   75 	 0.330375 	 0.881433 	 2.143684
   76 	 0.423448 	 0.914095 	 2.087066
   77 	 0.426916 	 0.933569 	 1.890090
   78 	 0.041149 	 0.897398 	 1.607336
   79 	 0.040287 	 0.858945 	 1.577497
   80 	 0.551166 	 0.927912 	 3.305246
   81 	 0.118522 	 0.995058 	 4.131595
   82 	 0.117175 	 0.876917 	 1.333572
   83 	 0.043296 	 0.878882 	 3.071991
   84 	 0.117005 	 0.946084 	 3.165806
   85 	 0.097881 	 0.961203 	 3.382995
   86 	 0.043222 	 0.877320 	 2.515061
   87 	 0.164277 	 0.942726 	 3.584475
   88 	 0.038699 	 0.973150 	 3.996444
   89 	 0.038752 	 0.935980 	 2.574157
   90 	 0.043389 	 0.893284 	 3.803744
   91 	 0.106697 	 0.926678 	 4.211372
   92 	 0.101971 	 0.942842 	 3.372804
   93 	 0.122699 	 0.932879 	 3.274428
   94 	 0.117604 	 0.915337 	 2.816337
   95 	 0.037867 	 0.914123 	 3.139727
   96 	 0.325793 	 0.947769 	 2.718840
   97 	 0.119495 	 0.935745 	 3.436812
   98 	 0.102270 	 0.890541 	 1.906605
   99 	 0.275064 	 0.916695 	 3.142723
  100 	 0.474991 	 0.937027 	 3.322586
  101 	 0.118556 	 0.911691 	 2.110754
  102 	 0.283987 	 0.908433 	 1.484361
  103 	 0.433003 	 0.935240 	 3.152027
  104 	 0.123475 	 0.897498 	 2.071736
  105 	 0.043245 	 0.874673 	 1.583023
  106 	 0.038748 	 0.928161 	 3.103906
  107 	 0.370301 	 0.974023 	 4.133173
  108 	 0.302791 	 0.955905 	 4.211448
  109 	 0.122131 	 0.891330 	 1.757465
  110 	 0.125970 	 0.890455 	 1.994053
  111 	 0.335258 	 0.951259 	 3.116905
  112 	 0.037868 	 0.950583 	 3.080051
  113 	 0.301604 	 0.930786 	 1.872806
  114 	 0.305264 	 0.971080 	 4.227108
  115 	 0.482740 	 0.935432 	 2.010439
  116 	 0.229011 	 0.923516 	 1.984268
  117 	 0.340711 	 0.901923 	 1.467480
  118 	 0.118642 	 0.921423 	 2.338029
  119 	 0.125424 	 0.919053 	 1.863896
  120 	 0.037817 	 0.914077 	 3.151180
  121 	 0.301677 	 0.925415 	 3.085241
  122 	 0.298518 	 1.101146 	 14.043677
  123 	 0.263504 	 0.929333 	 2.010144
  124 	 0.070227 	 0.920640 	 2.828673
  125 	 0.043055 	 0.934817 	 2.163547
  126 	 0.321101 	 1.011770 	 3.718478
  127 	 0.246308 	 0.964956 	 3.867647
  128 	 0.038860 	 0.935451 	 2.764711
  129 	 0.037840 	 0.958984 	 2.165404
  130 	 0.336994 	 1.003532 	 3.425127
  131 	 0.422993 	 1.096904 	 13.065088
  132 	 0.038276 	 0.945481 	 2.661739
  133 	 0.042914 	 0.966877 	 1.894292
  134 	 0.349951 	 1.170616 	 6.650880
  135 	 0.477785 	 1.311454 	 12.252758
  136 	 0.038995 	 0.948284 	 1.832336
  137 	 0.081345 	 0.982169 	 1.724842
  138 	 0.038355 	 1.225347 	 12.563526
  139 	 0.450940 	 1.174789 	 9.761353
  140 	 0.079351 	 1.138241 	 16.819542
  141 	 0.102104 	 1.002036 	 2.109972
  142 	 0.059138 	 1.179416 	 8.336731
  143 	 0.464993 	 1.137275 	 8.116626
  144 	 0.119648 	 1.092085 	 12.462987
  145 	 0.122977 	 1.006224 	 2.083366
  146 	 0.079977 	 1.190450 	 6.315190
  147 	 0.127552 	 1.096500 	 6.850410
  148 	 0.120937 	 1.125744 	 10.134061
  149 	 0.145157 	 1.075951 	 6.837530
  150 	 0.038037 	 1.195384 	 6.947502
  151 	 0.114116 	 1.066454 	 6.014795
  152 	 0.143462 	 1.383747 	 16.909891
  153 	 0.165676 	 1.130273 	 6.463454
  154 	 0.038350 	 1.163938 	 5.489626
  155 	 0.154224 	 1.056287 	 5.300104
  156 	 0.180824 	 1.464357 	 16.299835
  157 	 0.127771 	 1.021086 	 3.253890
  158 	 0.061198 	 1.122813 	 4.952346
  159 	 0.305167 	 1.096552 	 6.717205
  160 	 0.037862 	 1.309081 	 12.150969
  161 	 0.148405 	 1.039798 	 3.047225
  162 	 0.082155 	 1.234734 	 12.412717
  163 	 0.119806 	 1.053672 	 4.514564
  164 	 0.080414 	 1.245204 	 9.684726
  165 	 0.219623 	 1.158754 	 6.901027
  166 	 0.103011 	 1.241501 	 9.477450
  167 	 0.144164 	 1.098409 	 4.121626
  168 	 0.105261 	 1.294889 	 7.935830
  169 	 0.120526 	 1.108862 	 5.907916
  170 	 0.125803 	 1.204518 	 7.913798
  171 	 0.119913 	 1.138642 	 7.060843
  172 	 0.037716 	 1.237573 	 6.720289
  173 	 0.141166 	 1.206676 	 6.895919
  174 	 0.148296 	 1.346653 	 15.919528
  175 	 0.038471 	 1.098615 	 6.102533
  176 	 0.062717 	 1.193274 	 5.837861
  177 	 0.123831 	 1.411077 	 16.786752
  178 	 0.037573 	 1.269919 	 11.666286
  179 	 0.059482 	 1.084186 	 6.899839
  180 	 0.037715 	 1.303685 	 16.509106
  181 	 0.134305 	 1.315549 	 11.836860
  182 	 0.060488 	 1.592287 	 16.299631
  183 	 0.084332 	 1.109702 	 6.357075
  184 	 0.037337 	 1.232419 	 11.977713
  185 	 0.156785 	 1.256670 	 9.316923
  186 	 0.083358 	 1.625848 	 17.260008
  187 	 0.107067 	 1.106805 	 5.497988
  188 	 0.057860 	 1.208124 	 9.619244
  189 	 0.036883 	 1.187500 	 7.458941
  190 	 0.103710 	 1.487218 	 12.367004
  191 	 0.133655 	 1.415827 	 16.923043
  192 	 0.080710 	 1.151461 	 8.044384
  193 	 0.059019 	 1.168986 	 6.224511
  194 	 0.037778 	 1.453945 	 9.284167
  195 	 0.123176 	 1.302327 	 12.866824
  196 	 0.039004 	 1.271479 	 16.453285
  197 	 0.077528 	 1.204222 	 6.748746
  198 	 0.060693 	 1.556933 	 14.512935
  199 	 0.132750 	 1.219085 	 10.190805
  200 	 0.036458 	 1.175497 	 12.301134
  201 	 0.097930 	 1.217146 	 6.521012
  202 	 0.038489 	 1.560959 	 17.526103
  203 	 0.152868 	 1.192743 	 8.401258
  204 	 0.056991 	 1.387712 	 16.923529
  205 	 0.118732 	 1.185464 	 5.619000
  206 	 0.059009 	 1.447453 	 12.501439
  207 	 0.177242 	 1.157277 	 7.151455
  208 	 0.038056 	 1.298638 	 12.193759
  209 	 0.139420 	 1.144944 	 5.041792
  210 	 0.081868 	 1.528588 	 16.378377
  211 	 0.126130 	 1.136550 	 6.156864
  212 	 0.030196 	 1.213510 	 9.535840
  213 	 0.161866 	 1.187235 	 6.792086
  214 	 0.104592 	 1.630984 	 18.798292
  215 	 0.038535 	 1.115704 	 5.409333
  216 	 0.053131 	 1.157776 	 7.710557
  217 	 0.125477 	 1.286761 	 15.714482
  218 	 0.129271 	 1.545909 	 13.135194
  219 	 0.063534 	 1.184403 	 6.649942
  220 	 0.075998 	 1.133167 	 6.567216
  221 	 0.037749 	 1.212949 	 11.556135
  222 	 0.125534 	 1.439116 	 10.101183
  223 	 0.038263 	 1.306966 	 16.461244
  224 	 0.098773 	 1.169072 	 6.732460
  225 	 0.060671 	 1.334376 	 16.323019
  226 	 0.127088 	 1.279408 	 6.491073
  227 	 0.059274 	 1.145246 	 5.123621
  228 	 0.153514 	 1.173395 	 5.845557
  229 	 0.194302 	 1.229223 	 11.851989
  230 	 0.170339 	 1.247467 	 5.665279
  231 	 0.037737 	 1.103789 	 4.601885
  232 	 0.035657 	 1.143745 	 5.172270
  233 	 0.037740 	 1.354263 	 16.464353
  234 	 0.192483 	 1.395284 	 17.618997
  235 	 0.038203 	 1.226816 	 16.463663
  236 	 0.056683 	 1.134968 	 4.640741
  237 	 0.038377 	 1.481568 	 16.862573
  238 	 0.214420 	 1.286086 	 12.227479
  239 	 0.059222 	 1.358922 	 16.292813
  240 	 0.081629 	 1.112215 	 4.211942
  241 	 0.061290 	 1.368702 	 12.162167
  242 	 0.117363 	 1.236935 	 9.369477
  243 	 0.082067 	 1.257558 	 11.863766
  244 	 0.106444 	 1.159038 	 7.019365
  245 	 0.084127 	 1.419032 	 9.135172
  246 	 0.037161 	 1.196713 	 7.725323
  247 	 0.109192 	 1.271059 	 9.334697
  248 	 0.129060 	 1.307012 	 16.621966
  249 	 0.060889 	 1.310121 	 7.385807
  250 	 0.060078 	 1.119301 	 6.576342
  251 	 0.132044 	 1.322770 	 11.326421
  252 	 0.036845 	 1.307090 	 12.036844
  253 	 0.088110 	 1.257691 	 6.271775
  254 	 0.082890 	 1.101800 	 5.770627
  255 	 0.125234 	 1.226774 	 9.000070
  256 	 0.038727 	 1.294047 	 9.443798
  257 	 0.037704 	 1.320853 	 6.746081
  258 	 0.040673 	 1.243741 	 16.855799
  259 	 0.123727 	 1.343142 	 17.151613
  260 	 0.059246 	 1.357099 	 8.469351
  261 	 0.058234 	 1.392397 	 6.723729
  262 	 0.117004 	 1.217772 	 12.158653
  263 	 0.148123 	 1.257345 	 11.999948
  264 	 0.082091 	 1.304891 	 7.142676
  265 	 0.083174 	 1.325392 	 5.772890
  266 	 0.139554 	 1.169488 	 9.329163
  267 	 0.172474 	 1.261587 	 9.235797
  268 	 0.106903 	 1.221946 	 5.699340
  269 	 0.038343 	 1.268906 	 5.061404
  270 	 0.172976 	 1.209504 	 7.698042
  271 	 0.196680 	 1.460548 	 16.965494
  272 	 0.129556 	 1.209974 	 5.165922
  273 	 0.058870 	 1.195746 	 4.537118
  274 	 0.192807 	 1.170792 	 6.554949
  275 	 0.133428 	 1.379442 	 12.583368
  276 	 0.105230 	 1.180109 	 4.633760
  277 	 0.079340 	 1.218838 	 6.492306
  278 	 0.119368 	 1.236619 	 7.816793
  279 	 0.153485 	 1.338565 	 9.800062
  280 	 0.037358 	 1.213599 	 7.038884
  281 	 0.101826 	 1.199102 	 5.744328
  282 	 0.038264 	 1.364041 	 16.567916
  283 	 0.173463 	 1.349390 	 8.030438
  284 	 0.060283 	 1.325941 	 15.781926
  285 	 0.085464 	 1.177255 	 5.152973
  286 	 0.063263 	 1.329994 	 10.268759
  287 	 0.193212 	 1.354137 	 9.428240
  288 	 0.038306 	 1.231908 	 11.924205
  289 	 0.105833 	 1.149555 	 4.677015
  290 	 0.038645 	 1.441118 	 15.796194
  291 	 0.212779 	 1.298028 	 7.878161
  292 	 0.063224 	 1.409043 	 16.301200
  293 	 0.039200 	 1.076982 	 3.761110
  294 	 0.061266 	 1.388258 	 10.381626
  295 	 0.261553 	 1.484552 	 16.722425
  296 	 0.038133 	 1.322850 	 12.215098
  297 	 0.059711 	 1.081675 	 3.544170
  298 	 0.081701 	 1.534529 	 16.438543
  299 	 0.034838 	 1.431006 	 12.753354
  300 	 0.060757 	 1.268644 	 9.775038
  301 	 0.078284 	 1.046189 	 3.430261
  302 	 0.038626 	 1.306586 	 12.585490
  303 	 0.252141 	 1.435076 	 10.112826
  304 	 0.039572 	 1.417121 	 16.884333
  305 	 0.098702 	 1.039518 	 3.666477
  306 	 0.059154 	 1.456027 	 16.619060
  307 	 0.261679 	 1.378679 	 8.382101
  308 	 0.031095 	 1.464998 	 12.538500
  309 	 0.038140 	 1.022724 	 3.542595
  310 	 0.037705 	 1.492372 	 19.344156
  311 	 0.037596 	 1.490268 	 17.024079
  312 	 0.051640 	 1.624558 	 17.151198
  313 	 0.058669 	 1.199592 	 17.183241
  314 	 0.058235 	 1.353532 	 13.842702
  315 	 0.058127 	 1.377969 	 12.615214
  316 	 0.072133 	 1.459099 	 12.684713
  317 	 0.079140 	 1.161217 	 12.702190
  318 	 0.078707 	 1.235715 	 8.101628
  319 	 0.038297 	 1.300904 	 10.026052
  320 	 0.123119 	 1.397506 	 10.069758
  321 	 0.037816 	 1.324507 	 16.978683
  322 	 0.099105 	 1.205417 	 6.958024
  323 	 0.037414 	 1.414812 	 17.118463
  324 	 0.038678 	 1.366811 	 8.353902
  325 	 0.058346 	 1.561628 	 17.237313
  326 	 0.119410 	 1.426592 	 16.869588
  327 	 0.057944 	 1.301638 	 10.712799
  328 	 0.059206 	 1.371262 	 7.142341
  329 	 0.038367 	 1.418779 	 12.731642
  330 	 0.139607 	 1.382102 	 12.530386
  331 	 0.078418 	 1.608393 	 16.958549
  332 	 0.079675 	 1.342135 	 6.241906
  333 	 0.058896 	 1.295245 	 8.816972
  334 	 0.159680 	 1.325985 	 9.972571
  335 	 0.113153 	 1.476152 	 12.579282
  336 	 0.099924 	 1.331040 	 5.305871
  337 	 0.079275 	 1.187780 	 6.498129
  338 	 0.114628 	 1.181782 	 7.411559
  339 	 0.033333 	 1.363978 	 10.012491
  340 	 0.125474 	 1.394317 	 6.943102
  341 	 0.097799 	 1.120662 	 4.691074
  342 	 0.038687 	 1.052591 	 4.486841
  343 	 0.211951 	 1.432318 	 8.445993
  344 	 0.037969 	 1.675015 	 16.867094
  345 	 0.117989 	 1.119151 	 4.300133
  346 	 0.035516 	 1.219372 	 17.073753
  347 	 0.140313 	 1.320598 	 7.215598
  348 	 0.058499 	 1.724965 	 17.820125
  349 	 0.038975 	 1.158813 	 6.214533
  350 	 0.056077 	 1.174049 	 11.976210
  351 	 0.034288 	 1.408722 	 16.785576
  352 	 0.083067 	 1.632134 	 13.041771
  353 	 0.059294 	 1.401414 	 18.218859
  354 	 0.076238 	 1.111342 	 9.646227
  355 	 0.054826 	 1.247656 	 7.210093
  356 	 0.038733 	 1.537964 	 10.326492
  357 	 0.138299 	 1.323984 	 13.257990
  358 	 0.037219 	 1.225080 	 16.853947
  359 	 0.075228 	 1.205654 	 6.293291
  360 	 0.059261 	 1.755946 	 17.295223
  361 	 0.121828 	 1.199820 	 6.467150
  362 	 0.036485 	 1.133283 	 12.521776
  363 	 0.154137 	 1.202360 	 7.021088
  364 	 0.079730 	 1.721322 	 17.517773
  365 	 0.126092 	 1.143855 	 5.722897
  366 	 0.057026 	 1.171162 	 9.967135
  367 	 0.174137 	 1.299606 	 6.859106
  368 	 0.100123 	 1.636362 	 12.686167
  369 	 0.126741 	 1.099913 	 5.021662
  370 	 0.078713 	 1.109942 	 8.141806
  371 	 0.198422 	 1.383707 	 6.828708
  372 	 0.122526 	 1.623754 	 8.302771
  373 	 0.038910 	 1.039973 	 3.915415
  374 	 0.037986 	 1.047430 	 7.031043
  375 	 0.253780 	 1.510943 	 16.803901
  376 	 0.141723 	 1.704795 	 17.640994
  377 	 0.058877 	 1.029092 	 3.587053
  378 	 0.056623 	 1.013843 	 4.846742
  379 	 0.276920 	 1.421086 	 14.310808
  380 	 0.205857 	 1.623907 	 12.388056
  381 	 0.069818 	 1.025907 	 3.376170
  382 	 0.080237 	 1.020353 	 4.433469
  383 	 0.294475 	 1.340882 	 10.546548
  384 	 0.037691 	 1.528331 	 10.006289
  385 	 0.094641 	 1.024994 	 3.182936
  386 	 0.099741 	 1.198769 	 17.155240
  387 	 0.312155 	 1.305223 	 8.677467
  388 	 0.058253 	 1.439965 	 8.372349
  389 	 0.113312 	 1.009283 	 3.084332
  390 	 0.119160 	 1.204564 	 12.828265
  391 	 0.322162 	 1.270657 	 7.467572
  392 	 0.077886 	 1.404267 	 7.201477
  393 	 0.036221 	 1.002489 	 2.925160
  394 	 0.138666 	 1.155191 	 10.153717
  395 	 0.339068 	 1.461621 	 21.588506
  396 	 0.098388 	 1.359855 	 6.314489
  397 	 0.038277 	 0.981742 	 2.801099
  398 	 0.156639 	 1.204716 	 9.217587
  399 	 0.354510 	 1.545039 	 17.737183
 