   0 	 0.018474 	 0.069386 	 0.736974
    1 	 0.019235 	 0.185615 	 1.289989
    2 	 0.029816 	 0.450752 	 2.287660
    3 	 0.036751 	 0.785183 	 2.642047
    4 	 0.076341 	 0.778914 	 3.261205
    5 	 0.076312 	 0.738350 	 1.987475
    6 	 0.187557 	 0.853340 	 3.975494
    7 	 0.344682 	 0.897199 	 2.353388
    8 	 0.036647 	 0.890855 	 1.993047
    9 	 0.029881 	 0.820662 	 2.203143
   10 	 0.038846 	 1.047308 	 10.386621
   11 	 0.040194 	 1.137437 	 5.997478
   12 	 0.040958 	 0.996284 	 3.112188
   13 	 0.162307 	 0.914952 	 3.098591
   14 	 0.299528 	 1.158875 	 9.353663
   15 	 0.140858 	 1.045681 	 4.086529
   16 	 0.040581 	 0.945883 	 2.379095
   17 	 0.028227 	 1.008389 	 4.179596
   18 	 0.119466 	 1.332337 	 12.094724
   19 	 0.039696 	 1.138916 	 11.685414
   20 	 0.038645 	 0.989369 	 4.510324
   21 	 0.084657 	 1.168106 	 5.564950
   22 	 0.219263 	 1.362076 	 9.732862
   23 	 0.177953 	 0.995120 	 3.118594
   24 	 0.039051 	 0.962129 	 2.760709
   25 	 0.316196 	 1.111203 	 4.065814
   26 	 0.037099 	 1.302012 	 12.040877
   27 	 0.117672 	 0.975568 	 2.776265
   28 	 0.082486 	 1.009890 	 4.442491
   29 	 0.354577 	 1.090274 	 3.480441
   30 	 0.221000 	 1.188516 	 7.850163
   31 	 0.280172 	 0.973837 	 2.103595
   32 	 0.126063 	 1.019246 	 3.295983
   33 	 0.465442 	 1.071579 	 2.898434
   34 	 0.040733 	 1.138901 	 6.197222
   35 	 0.343485 	 0.998819 	 1.962932
   36 	 0.159979 	 1.211151 	 13.152208
   37 	 0.361683 	 1.059334 	 2.743890
   38 	 0.075829 	 1.106119 	 4.560402
   39 	 0.036828 	 0.984993 	 2.519000
   40 	 0.036431 	 1.212988 	 7.672874
   41 	 0.389014 	 1.281980 	 14.039453
   42 	 0.130111 	 1.234513 	 13.940934
   43 	 0.071001 	 0.965742 	 2.356744
   44 	 0.071550 	 1.151794 	 5.443350
   45 	 0.416382 	 1.275542 	 9.487602
   46 	 0.182207 	 1.165127 	 9.358915
   47 	 0.104904 	 0.976450 	 2.213950
   48 	 0.106087 	 1.125915 	 5.416899
   49 	 0.130158 	 1.215118 	 8.488658
   50 	 0.119354 	 1.129255 	 7.118094
   51 	 0.117626 	 1.034631 	 6.043831
   52 	 0.140422 	 1.180447 	 7.561195
   53 	 0.164497 	 1.174109 	 6.577847
   54 	 0.131655 	 1.094389 	 5.422350
   55 	 0.151728 	 1.000858 	 5.005077
   56 	 0.183259 	 1.082418 	 5.216763
   57 	 0.199319 	 1.159529 	 6.074305
   58 	 0.038141 	 1.099093 	 4.400263
   59 	 0.128908 	 1.025916 	 4.278639
   60 	 0.224964 	 1.286040 	 19.592203
   61 	 0.039427 	 1.187864 	 6.089838
   62 	 0.036897 	 1.009416 	 2.663141
   63 	 0.164119 	 1.262805 	 21.773616
   64 	 0.334912 	 1.776478 	 23.043111
   65 	 0.045920 	 1.192891 	 5.973035
   66 	 0.043373 	 1.027789 	 2.848903
   67 	 0.038585 	 1.259871 	 19.076617
   68 	 0.130472 	 1.677902 	 20.051070
   69 	 0.052411 	 1.420800 	 23.875109
   70 	 0.049841 	 1.107515 	 7.475377
   71 	 0.039103 	 1.299414 	 16.974718
   72 	 0.130639 	 1.631573 	 17.749191
   73 	 0.058855 	 1.409271 	 21.928467
   74 	 0.056320 	 1.114365 	 7.350827
   75 	 0.045589 	 1.275205 	 15.300971
   76 	 0.135919 	 1.599680 	 15.918502
   77 	 0.065328 	 1.288652 	 12.362580
   78 	 0.062794 	 1.099191 	 7.021538
   79 	 0.080659 	 1.233400 	 13.922227
   80 	 0.037542 	 1.447246 	 14.621095
   81 	 0.071586 	 1.274699 	 11.593001
   82 	 0.037042 	 1.408851 	 23.179174
   83 	 0.037597 	 1.179538 	 9.355773
   84 	 0.039315 	 1.618084 	 24.305794
   85 	 0.106785 	 1.467498 	 13.717912
   86 	 0.041132 	 1.381809 	 21.970539
   87 	 0.072693 	 1.173858 	 8.850697
   88 	 0.045503 	 1.628042 	 20.994302
   89 	 0.112933 	 1.431870 	 12.136897
   90 	 0.047519 	 1.334819 	 19.229783
   91 	 0.038779 	 1.095278 	 8.544589
   92 	 0.036904 	 1.560562 	 18.512146
   93 	 0.036815 	 1.749475 	 23.321468
   94 	 0.054000 	 1.820486 	 23.039553
   95 	 0.042871 	 1.329433 	 23.086835
   96 	 0.043391 	 1.525521 	 17.211815
   97 	 0.043303 	 1.693462 	 21.289548
   98 	 0.058078 	 1.612652 	 21.056455
   99 	 0.046962 	 1.276413 	 20.079294
  100 	 0.047482 	 1.429432 	 9.347751
  101 	 0.049786 	 1.504914 	 10.313219
  102 	 0.105665 	 1.513854 	 18.524645
  103 	 0.096902 	 1.221130 	 17.766268
  104 	 0.053963 	 1.340290 	 8.915418
  105 	 0.056266 	 1.330656 	 6.613755
  106 	 0.036797 	 1.400082 	 16.538981
  107 	 0.036640 	 1.186657 	 15.932226
  108 	 0.060431 	 1.610215 	 23.096353
  109 	 0.062740 	 1.687933 	 23.180340
  110 	 0.043285 	 1.232562 	 15.691021
  111 	 0.037683 	 1.192122 	 14.442460
  112 	 0.063717 	 1.485886 	 20.086489
  113 	 0.069209 	 1.869656 	 24.400642
  114 	 0.049769 	 1.210608 	 14.745497
  115 	 0.040684 	 1.251262 	 14.263476
  116 	 0.067802 	 1.547178 	 18.843527
  117 	 0.070093 	 1.826581 	 22.735749
  118 	 0.036991 	 1.193752 	 14.064271
  119 	 0.043977 	 1.223373 	 11.390436
  120 	 0.070997 	 1.755675 	 22.993226
  121 	 0.087743 	 1.694374 	 21.151832
  122 	 0.043458 	 1.192465 	 12.903781
  123 	 0.047270 	 1.170971 	 10.983833
  124 	 0.077477 	 1.660181 	 18.811978
  125 	 0.037087 	 1.624810 	 19.774620
  126 	 0.053130 	 1.188550 	 12.379782
  127 	 0.050561 	 1.510861 	 24.760388
  128 	 0.080755 	 1.608258 	 17.720994
  129 	 0.040382 	 1.508776 	 17.524968
  130 	 0.056410 	 1.160053 	 11.460615
  131 	 0.057051 	 1.511462 	 19.967368
  132 	 0.087206 	 1.784798 	 16.747734
  133 	 0.037714 	 1.529447 	 15.735464
  134 	 0.059686 	 1.146520 	 10.671686
  135 	 0.063524 	 1.748026 	 24.382182
  136 	 0.093649 	 1.750573 	 15.876437
  137 	 0.041008 	 1.501008 	 14.964573
  138 	 0.062973 	 1.140461 	 10.314714
  139 	 0.036765 	 1.645289 	 21.049079
  140 	 0.096888 	 1.704025 	 15.089021
  141 	 0.047501 	 1.814907 	 23.113411
  142 	 0.036757 	 1.191415 	 9.981251
  143 	 0.043247 	 1.586616 	 18.518319
  144 	 0.100155 	 1.886777 	 20.138013
  145 	 0.053982 	 1.817071 	 20.101801
  146 	 0.049641 	 1.275050 	 9.376048
  147 	 0.049739 	 1.564724 	 17.457597
  148 	 0.106581 	 1.780263 	 15.989432
  149 	 0.036919 	 1.670592 	 15.964592
  150 	 0.062516 	 1.277636 	 9.100765
  151 	 0.062588 	 1.720623 	 20.072798
  152 	 0.036896 	 1.674668 	 14.489414
  153 	 0.049803 	 1.618163 	 14.474281
  154 	 0.068955 	 1.602438 	 23.043734
  155 	 0.069027 	 1.585605 	 17.761185
  156 	 0.038931 	 1.587830 	 13.253015
  157 	 0.056292 	 1.692260 	 13.826180
  158 	 0.075436 	 1.822401 	 23.679419
  159 	 0.037879 	 1.461489 	 14.224015
  160 	 0.042225 	 1.612347 	 12.700709
  161 	 0.036649 	 1.884620 	 22.532937
  162 	 0.078715 	 1.763231 	 20.523390
  163 	 0.044367 	 1.688977 	 23.175702
  164 	 0.048709 	 1.560582 	 12.192843
  165 	 0.037159 	 1.791621 	 19.659230
  166 	 0.081993 	 1.792617 	 18.112832
  167 	 0.050850 	 1.981752 	 22.904847
  168 	 0.036743 	 1.475266 	 11.300310
  169 	 0.035226 	 1.733305 	 17.436825
  170 	 0.088442 	 2.277308 	 23.125025
  171 	 0.057329 	 2.126765 	 23.966014
  172 	 0.043231 	 1.518139 	 10.532715
  173 	 0.041714 	 1.679926 	 15.666975
  174 	 0.094884 	 2.164778 	 20.108159
  175 	 0.063802 	 2.039092 	 20.740669
  176 	 0.049715 	 1.474629 	 9.863515
  177 	 0.048199 	 1.628043 	 14.224332
  178 	 0.037325 	 1.925447 	 17.262241
  179 	 0.038184 	 1.945876 	 18.281750
  180 	 0.057908 	 1.708747 	 22.818095
  181 	 0.054680 	 1.853509 	 22.379143
  182 	 0.043812 	 1.861243 	 15.525995
  183 	 0.044671 	 1.868961 	 16.345230
  184 	 0.064381 	 1.651044 	 19.875817
  185 	 0.061156 	 1.775530 	 19.542127
  186 	 0.050296 	 1.798608 	 13.702161
  187 	 0.051154 	 1.680201 	 14.113208
  188 	 0.072947 	 1.558355 	 17.606886
  189 	 0.070823 	 1.716762 	 17.344701
  190 	 0.056775 	 1.757790 	 12.099713
  191 	 0.034448 	 1.612810 	 12.932762
  192 	 0.082602 	 1.510822 	 15.804027
  193 	 0.077284 	 1.986842 	 24.421151
  194 	 0.063249 	 1.723569 	 11.223064
  195 	 0.040937 	 1.643080 	 11.935428
  196 	 0.089051 	 1.471380 	 14.337121
  197 	 0.083739 	 1.734996 	 14.163062
  198 	 0.069717 	 1.649846 	 10.465652
  199 	 0.070574 	 1.609310 	 11.081734
  200 	 0.095491 	 1.514719 	 13.120361
  201 	 0.090186 	 1.668062 	 12.974574
  202 	 0.076180 	 1.617448 	 9.804751
  203 	 0.077041 	 1.637331 	 10.011444
  204 	 0.037598 	 1.467568 	 12.094869
  205 	 0.061952 	 1.575261 	 11.970230
  206 	 0.082635 	 1.900537 	 22.676613
  207 	 0.083495 	 1.680074 	 14.803397
  208 	 0.044086 	 1.422711 	 11.218901
  209 	 0.067522 	 1.677639 	 11.111697
  210 	 0.049585 	 1.950337 	 19.768444
  211 	 0.089943 	 1.642593 	 13.509419
  212 	 0.050569 	 1.664248 	 18.120730
  213 	 0.037665 	 1.704775 	 10.368856
  214 	 0.055166 	 1.910030 	 17.522631
  215 	 0.096382 	 1.837030 	 22.642563
  216 	 0.057049 	 1.601271 	 16.216486
  217 	 0.044153 	 1.658395 	 9.719850
  218 	 0.061641 	 1.947194 	 15.735918
  219 	 0.102813 	 1.789521 	 19.742349
  220 	 0.063523 	 1.407617 	 14.675465
  221 	 0.050633 	 1.597926 	 9.148001
  222 	 0.038233 	 1.902067 	 14.281093
  223 	 0.036694 	 1.840510 	 17.503160
  224 	 0.069992 	 1.618425 	 22.354958
  225 	 0.057111 	 1.565661 	 8.640362
  226 	 0.044720 	 1.755947 	 13.073215
  227 	 0.115653 	 1.857064 	 15.720467
  228 	 0.076454 	 1.514500 	 19.523694
  229 	 0.063585 	 1.559659 	 8.186460
  230 	 0.051203 	 1.780085 	 12.054834
  231 	 0.037207 	 1.792564 	 14.268375
  232 	 0.082910 	 1.552501 	 17.330188
  233 	 0.070053 	 1.765646 	 22.879679
  234 	 0.057681 	 1.721934 	 11.184483
  235 	 0.043694 	 1.709573 	 13.062818
  236 	 0.089358 	 1.485261 	 15.580897
  237 	 0.076515 	 1.756102 	 19.922499
  238 	 0.064154 	 1.748532 	 10.432134
  239 	 0.050178 	 1.599551 	 12.046001
  240 	 0.095820 	 1.524208 	 14.153399
  241 	 0.082970 	 1.922570 	 18.423626
  242 	 0.048040 	 1.689492 	 9.773259
  243 	 0.054259 	 1.608428 	 11.176888
  244 	 0.037558 	 1.538488 	 19.179060
  245 	 0.089438 	 1.835802 	 15.733414
  246 	 0.037592 	 1.875871 	 22.697098
  247 	 0.063542 	 1.723606 	 10.423448
  248 	 0.033460 	 1.764781 	 23.985583
  249 	 0.070198 	 1.785891 	 14.783620
  250 	 0.041685 	 1.988266 	 19.784001
  251 	 0.067613 	 1.737627 	 13.038166
  252 	 0.037686 	 1.680252 	 21.841414
  253 	 0.037612 	 1.761535 	 13.944531
  254 	 0.045776 	 2.243964 	 22.631631
  255 	 0.071679 	 2.029895 	 23.974047
  256 	 0.044173 	 1.757786 	 19.129237
  257 	 0.041700 	 1.650033 	 12.791109
  258 	 0.052258 	 2.016627 	 20.172151
  259 	 0.078140 	 2.013598 	 20.746682
  260 	 0.049560 	 1.697717 	 17.018885
  261 	 0.048185 	 1.647091 	 11.814800
  262 	 0.058740 	 1.954350 	 17.838018
  263 	 0.084601 	 1.942615 	 18.286419
  264 	 0.056043 	 1.509426 	 15.328107
  265 	 0.054666 	 1.692105 	 10.976834
  266 	 0.065212 	 1.978774 	 15.988978
  267 	 0.091047 	 1.949189 	 16.348959
  268 	 0.062518 	 1.489347 	 14.161896
  269 	 0.036369 	 1.545521 	 10.251464
  270 	 0.037035 	 1.904821 	 14.489041
  271 	 0.038225 	 2.807087 	 23.326945
  272 	 0.068987 	 1.642227 	 23.565364
  273 	 0.042857 	 1.705362 	 22.358689
  274 	 0.042423 	 1.811298 	 13.443251
  275 	 0.044712 	 2.594874 	 20.260571
  276 	 0.074351 	 1.674142 	 20.440087
  277 	 0.049341 	 1.724396 	 19.526538
  278 	 0.048914 	 1.731237 	 12.055331
  279 	 0.038206 	 2.366666 	 17.907946
  280 	 0.031992 	 1.574197 	 18.046088
  281 	 0.055821 	 1.973009 	 22.368264
  282 	 0.055397 	 1.847323 	 26.743588
  283 	 0.037749 	 2.048205 	 16.334289
  284 	 0.037383 	 1.576079 	 12.837453
  285 	 0.061197 	 2.338634 	 21.436745
  286 	 0.025738 	 1.739731 	 23.373720
  287 	 0.046637 	 1.949443 	 14.771798
  288 	 0.042771 	 1.750854 	 31.018894
  289 	 0.067667 	 2.346806 	 18.819230
  290 	 0.032232 	 1.660108 	 20.295828
  291 	 0.037257 	 1.872671 	 13.483121
  292 	 0.037088 	 1.959101 	 25.818662
  293 	 0.074131 	 2.555594 	 22.853435
  294 	 0.037879 	 2.083632 	 22.942267
  295 	 0.039115 	 1.805826 	 12.402166
  296 	 0.038635 	 2.044360 	 22.532956
  297 	 0.080589 	 2.635329 	 21.922426
  298 	 0.044367 	 2.216866 	 21.582131
  299 	 0.045602 	 1.740756 	 11.482526
  300 	 0.046321 	 1.925024 	 19.339121
  301 	 0.087040 	 2.560590 	 18.761065
  302 	 0.034649 	 2.162310 	 18.931976
  303 	 0.053283 	 1.702812 	 10.690660
  304 	 0.037513 	 1.914569 	 24.301632
  305 	 0.093483 	 2.445049 	 16.982713
  306 	 0.041138 	 2.311535 	 22.720430
  307 	 0.058861 	 1.659854 	 10.001724
  308 	 0.044001 	 1.804863 	 20.991422
  309 	 0.099918 	 2.331990 	 15.299669
  310 	 0.047624 	 2.122898 	 20.161025
  311 	 0.037401 	 1.562721 	 9.396921
  312 	 0.049585 	 1.755078 	 18.476170
  313 	 0.061617 	 2.519406 	 22.778772
  314 	 0.037429 	 1.985896 	 18.120979
  315 	 0.043890 	 1.741894 	 14.680676
  316 	 0.036973 	 1.937697 	 22.763844
  317 	 0.068087 	 2.353573 	 20.206216
  318 	 0.043917 	 2.414726 	 23.067249
  319 	 0.049474 	 1.767183 	 13.407230
  320 	 0.043341 	 1.923621 	 20.195182
  321 	 0.074550 	 2.318073 	 17.865496
  322 	 0.049501 	 2.306102 	 20.063804
  323 	 0.055953 	 1.793217 	 12.476534
  324 	 0.049825 	 1.857028 	 18.148551
  325 	 0.080047 	 2.233514 	 16.246043
  326 	 0.055081 	 2.205672 	 18.042450
  327 	 0.061529 	 1.756313 	 11.675810
  328 	 0.055405 	 1.797564 	 16.479601
  329 	 0.085606 	 2.162992 	 14.896731
  330 	 0.036702 	 2.119719 	 16.392133
  331 	 0.037030 	 1.684502 	 10.964180
  332 	 0.060984 	 2.241553 	 23.639442
  333 	 0.038824 	 2.605040 	 23.457473
  334 	 0.038273 	 2.026040 	 15.018617
  335 	 0.030834 	 1.896488 	 22.510354
  336 	 0.066559 	 2.377078 	 22.792824
  337 	 0.044413 	 2.780570 	 27.446789
  338 	 0.043863 	 1.953440 	 13.858247
  339 	 0.036427 	 1.732643 	 19.994825
  340 	 0.063474 	 2.253516 	 20.217267
  341 	 0.049999 	 2.750170 	 24.983326
  342 	 0.049449 	 1.991580 	 13.836266
  343 	 0.040021 	 1.703488 	 17.985959
  344 	 0.072245 	 2.169443 	 18.165647
  345 	 0.055582 	 2.682522 	 21.919769
  346 	 0.055032 	 1.974270 	 12.846109
  347 	 0.037611 	 1.700291 	 16.344780
  348 	 0.077811 	 2.052618 	 15.764918
  349 	 0.061150 	 2.739184 	 21.733930
  350 	 0.063417 	 1.897353 	 11.599495
  351 	 0.025700 	 1.712979 	 14.378110
  352 	 0.086139 	 2.034582 	 14.443610
  353 	 0.069523 	 2.814778 	 31.949398
  354 	 0.069195 	 1.831318 	 10.577607
  355 	 0.031294 	 1.673378 	 12.833169
  356 	 0.034695 	 2.047196 	 12.887510
  357 	 0.077901 	 2.671928 	 25.192729
  358 	 0.077561 	 2.035358 	 23.204384
  359 	 0.037535 	 1.631325 	 11.587324
  360 	 0.043091 	 1.932391 	 11.940152
  361 	 0.086239 	 2.735121 	 21.769712
  362 	 0.083692 	 1.944450 	 19.420933
  363 	 0.045928 	 1.578755 	 10.566505
  364 	 0.051469 	 1.861499 	 10.858691
  365 	 0.094478 	 2.501844 	 19.354009
  366 	 0.092021 	 1.852488 	 16.703260
  367 	 0.051659 	 1.584991 	 9.720278
  368 	 0.028609 	 1.842261 	 9.958083
  369 	 0.017930 	 2.364458 	 16.650223
  370 	 0.036863 	 1.976116 	 27.020684
  371 	 0.032926 	 1.879641 	 37.979985
  372 	 0.036997 	 2.036399 	 22.093265
  373 	 0.026324 	 2.698671 	 24.197714
  374 	 0.045245 	 1.867893 	 22.027805
  375 	 0.041306 	 1.764984 	 28.798675
  376 	 0.038368 	 1.672861 	 8.540782
  377 	 0.034714 	 2.424693 	 20.118133
  378 	 0.116970 	 1.908417 	 18.594326
  379 	 0.034040 	 1.508658 	 7.772103
  380 	 0.053764 	 1.529974 	 7.781802
  381 	 0.128526 	 2.734426 	 23.562920
  382 	 0.116508 	 1.852539 	 16.086574
  383 	 0.031546 	 1.438783 	 7.303195
  384 	 0.062131 	 1.614899 	 8.005870
  385 	 0.130369 	 3.024059 	 25.033793
  386 	 0.124777 	 1.830122 	 14.178126
  387 	 0.039933 	 1.438829 	 6.965289
  388 	 0.070489 	 1.565762 	 7.508781
  389 	 0.143396 	 2.832323 	 20.689974
  390 	 0.133029 	 1.762159 	 12.675974
  391 	 0.035607 	 1.406702 	 6.587784
  392 	 0.078837 	 1.533167 	 7.070707
  393 	 0.151640 	 2.847946 	 22.879669
  394 	 0.037451 	 1.701883 	 11.463007
  395 	 0.043691 	 1.375175 	 6.248455
  396 	 0.032528 	 1.721995 	 21.809760
  397 	 0.159866 	 2.656541 	 20.287730
  398 	 0.045833 	 1.861363 	 24.433377
  399 	 0.049239 	 1.358308 	 5.942986
 