   0 	 0.020486 	 0.072895 	 1.207292
    1 	 0.020394 	 0.255267 	 1.427348
    2 	 0.027293 	 0.588332 	 2.435083
    3 	 0.031136 	 0.835884 	 4.485587
    4 	 0.039769 	 0.806442 	 3.357368
    5 	 0.032714 	 0.738491 	 4.350519
    6 	 0.050376 	 0.882459 	 2.485489
    7 	 0.042273 	 1.112709 	 4.802762
    8 	 0.365378 	 0.981888 	 2.282436
    9 	 0.193807 	 0.922374 	 4.591934
   10 	 0.294636 	 0.932869 	 1.848845
   11 	 0.209756 	 1.040148 	 3.058668
   12 	 0.446679 	 0.961481 	 1.632556
   13 	 0.309199 	 0.905282 	 2.588284
   14 	 0.042276 	 0.900109 	 1.522077
   15 	 0.350719 	 0.986537 	 2.058467
   16 	 0.039284 	 0.963574 	 4.591866
   17 	 0.432925 	 0.923373 	 2.467191
   18 	 0.215844 	 0.986985 	 4.655850
   19 	 0.040253 	 0.952656 	 1.855741
   20 	 0.205034 	 0.935041 	 2.247472
   21 	 0.523467 	 0.949455 	 3.428731
   22 	 0.412529 	 0.940823 	 2.208239
   23 	 0.288273 	 0.938686 	 1.614771
   24 	 0.391191 	 0.946759 	 2.204444
   25 	 0.361136 	 0.971650 	 3.036068
   26 	 0.036733 	 0.959900 	 1.846738
   27 	 0.103661 	 0.937370 	 1.863462
   28 	 0.103554 	 0.942377 	 4.687509
   29 	 0.104760 	 0.986850 	 3.678349
   30 	 0.205588 	 1.036629 	 4.069118
   31 	 0.268973 	 0.963056 	 3.554165
   32 	 0.223408 	 0.915834 	 2.269696
   33 	 0.280894 	 0.984343 	 2.238996
   34 	 0.037495 	 1.025943 	 2.688115
   35 	 0.328884 	 0.953131 	 2.292033
   36 	 0.310552 	 1.050213 	 12.870864
   37 	 0.417618 	 1.003805 	 2.177260
   38 	 0.077173 	 1.038378 	 2.458499
   39 	 0.354786 	 0.971591 	 2.174773
   40 	 0.284390 	 1.026067 	 8.377086
   41 	 0.450496 	 1.002070 	 2.518982
   42 	 0.118775 	 1.076874 	 3.061943
   43 	 0.373414 	 0.976073 	 2.037920
   44 	 0.039917 	 0.994511 	 6.290299
   45 	 0.450995 	 1.023559 	 2.406077
   46 	 0.157995 	 1.154314 	 6.073884
   47 	 0.408985 	 0.977150 	 2.027596
   48 	 0.163589 	 0.980518 	 5.045525
   49 	 0.483139 	 1.016096 	 2.123031
   50 	 0.039930 	 1.044824 	 3.258845
   51 	 0.039733 	 0.959717 	 1.915197
   52 	 0.302934 	 1.152819 	 12.521193
   53 	 0.036879 	 1.098069 	 8.042894
   54 	 0.079612 	 1.059024 	 2.945210
   55 	 0.123721 	 1.121702 	 13.609418
   56 	 0.335367 	 1.102724 	 8.430880
   57 	 0.073264 	 1.056170 	 5.472820
   58 	 0.118049 	 1.048034 	 2.671177
   59 	 0.181323 	 1.088268 	 8.821120
   60 	 0.369307 	 1.068759 	 6.335180
   61 	 0.112652 	 1.035081 	 4.465821
   62 	 0.156804 	 1.030780 	 2.430094
   63 	 0.221945 	 1.072734 	 6.633424
   64 	 0.404876 	 1.059708 	 5.138634
   65 	 0.149844 	 1.011446 	 3.590084
   66 	 0.039700 	 0.998683 	 2.258990
   67 	 0.131238 	 1.056880 	 5.320744
   68 	 0.127188 	 1.244303 	 12.903188
   69 	 0.186465 	 1.073964 	 5.915819
   70 	 0.077272 	 1.031483 	 5.935127
   71 	 0.167821 	 1.037969 	 4.483003
   72 	 0.167279 	 1.188809 	 8.690205
   73 	 0.133510 	 1.042973 	 4.781913
   74 	 0.114547 	 1.013876 	 4.794340
   75 	 0.207537 	 1.125292 	 5.858533
   76 	 0.206798 	 1.142127 	 6.616054
   77 	 0.039614 	 1.025858 	 3.764533
   78 	 0.036453 	 1.011234 	 4.108499
   79 	 0.037403 	 1.217153 	 13.120941
   80 	 0.129754 	 1.239751 	 13.632784
   81 	 0.076000 	 1.140044 	 13.512919
   82 	 0.073155 	 1.053940 	 5.846102
   83 	 0.073784 	 1.168076 	 8.787321
   84 	 0.039396 	 1.170786 	 9.111235
   85 	 0.113324 	 1.153425 	 9.059302
   86 	 0.109315 	 1.232818 	 13.158629
   87 	 0.031129 	 1.116660 	 6.670025
   88 	 0.036802 	 1.102502 	 6.853281
   89 	 0.132862 	 1.397931 	 14.764679
   90 	 0.131213 	 1.336880 	 13.623645
   91 	 0.067562 	 1.150447 	 5.901010
   92 	 0.073205 	 1.186441 	 5.895556
   93 	 0.118185 	 1.290762 	 9.384229
   94 	 0.168573 	 1.223447 	 9.107041
   95 	 0.106148 	 1.194220 	 6.460593
   96 	 0.109337 	 1.120439 	 4.860053
   97 	 0.120106 	 1.308816 	 7.005362
   98 	 0.143287 	 1.164891 	 6.852274
   99 	 0.142006 	 1.203638 	 6.381392
  100 	 0.145240 	 1.097581 	 5.559036
  101 	 0.037531 	 1.224728 	 5.598919
  102 	 0.116480 	 1.143833 	 5.499351
  103 	 0.130101 	 1.296885 	 13.489646
  104 	 0.180637 	 1.184987 	 6.532543
  105 	 0.073930 	 1.253801 	 5.998749
  106 	 0.152227 	 1.118286 	 4.603258
  107 	 0.039843 	 1.237555 	 9.047287
  108 	 0.036829 	 1.130907 	 5.295856
  109 	 0.110085 	 1.326421 	 13.081617
  110 	 0.187531 	 1.223318 	 13.618568
  111 	 0.039551 	 1.207486 	 6.399257
  112 	 0.073232 	 1.056384 	 4.461679
  113 	 0.130191 	 1.419946 	 13.131777
  114 	 0.037763 	 1.199161 	 9.104784
  115 	 0.075940 	 1.232876 	 6.378386
  116 	 0.109393 	 1.242803 	 13.447623
  117 	 0.108999 	 1.297729 	 8.885767
  118 	 0.037833 	 1.167461 	 6.849660
  119 	 0.111618 	 1.234416 	 6.868196
  120 	 0.039686 	 1.293305 	 12.881139
  121 	 0.037432 	 1.185431 	 6.746839
  122 	 0.077413 	 1.224049 	 13.108525
  123 	 0.147418 	 1.405394 	 13.507662
  124 	 0.076055 	 1.222056 	 8.770933
  125 	 0.073832 	 1.141115 	 5.434255
  126 	 0.113498 	 1.220837 	 8.876632
  127 	 0.037726 	 1.264491 	 9.055344
  128 	 0.112193 	 1.153404 	 6.662316
  129 	 0.109987 	 1.382460 	 13.454210
  130 	 0.037039 	 1.220792 	 6.720756
  131 	 0.074125 	 1.196425 	 6.676124
  132 	 0.147917 	 1.125224 	 5.379875
  133 	 0.148971 	 1.245884 	 9.031420
  134 	 0.184513 	 1.168090 	 5.419559
  135 	 0.110278 	 1.173741 	 5.297429
  136 	 0.183403 	 1.108250 	 4.458058
  137 	 0.187363 	 1.146427 	 6.663216
  138 	 0.222511 	 1.131229 	 4.480217
  139 	 0.149340 	 1.142212 	 4.465020
  140 	 0.036842 	 1.068830 	 3.812267
  141 	 0.032775 	 1.116899 	 5.378069
  142 	 0.039420 	 1.223376 	 13.047615
  143 	 0.184683 	 1.103365 	 3.408612
  144 	 0.076428 	 1.167599 	 12.623098
  145 	 0.037667 	 1.084758 	 4.519090
  146 	 0.078991 	 1.151902 	 8.731490
  147 	 0.130698 	 1.071249 	 3.352709
  148 	 0.114050 	 1.043099 	 3.053941
  149 	 0.132696 	 1.143908 	 5.977349
  150 	 0.323568 	 1.158096 	 6.499840
  151 	 0.166280 	 1.126934 	 5.865247
  152 	 0.152988 	 1.032405 	 2.805302
  153 	 0.169347 	 1.094260 	 4.921742
  154 	 0.351877 	 1.127081 	 5.233177
  155 	 0.201632 	 1.136362 	 4.855625
  156 	 0.129044 	 1.022305 	 2.574154
  157 	 0.036929 	 1.082075 	 4.197597
  158 	 0.383031 	 1.175484 	 6.037046
  159 	 0.100978 	 1.236140 	 13.693127
  160 	 0.039640 	 1.000129 	 2.321533
  161 	 0.072837 	 1.112311 	 7.268579
  162 	 0.037403 	 1.263437 	 13.203076
  163 	 0.136959 	 1.236301 	 9.457404
  164 	 0.075531 	 1.134789 	 13.512885
  165 	 0.105371 	 1.081412 	 5.657434
  166 	 0.073806 	 1.185742 	 8.670728
  167 	 0.175524 	 1.179641 	 7.232193
  168 	 0.114852 	 1.132686 	 9.371526
  169 	 0.118602 	 1.023398 	 4.714228
  170 	 0.106255 	 1.158304 	 6.602734
  171 	 0.120905 	 1.314716 	 6.443218
  172 	 0.135524 	 1.079797 	 7.186237
  173 	 0.122553 	 1.071129 	 6.369230
  174 	 0.110934 	 1.184031 	 5.809771
  175 	 0.039794 	 1.250850 	 6.303075
  176 	 0.171061 	 1.053188 	 6.634185
  177 	 0.039393 	 1.167768 	 12.563688
  178 	 0.149919 	 1.165872 	 4.815542
  179 	 0.079366 	 1.347406 	 13.246253
  180 	 0.037621 	 1.003682 	 5.270963
  181 	 0.036696 	 1.096039 	 8.660532
  182 	 0.188410 	 1.452238 	 25.960151
  183 	 0.114938 	 1.425896 	 13.737084
  184 	 0.036298 	 0.981316 	 4.454138
  185 	 0.037001 	 1.050404 	 6.764157
  186 	 0.037102 	 1.437542 	 14.451396
  187 	 0.120059 	 1.476169 	 13.679756
  188 	 0.069025 	 1.065850 	 13.660791
  189 	 0.072908 	 1.063347 	 6.403738
  190 	 0.073007 	 1.508006 	 9.467450
  191 	 0.117042 	 1.433627 	 8.872458
  192 	 0.037242 	 1.047421 	 8.864728
  193 	 0.112205 	 1.102765 	 6.529887
  194 	 0.112314 	 1.676482 	 14.256871
  195 	 0.152300 	 1.325478 	 5.875403
  196 	 0.069964 	 0.991761 	 6.886402
  197 	 0.169162 	 1.065488 	 5.205621
  198 	 0.144440 	 1.499420 	 9.428234
  199 	 0.036570 	 1.256931 	 4.871831
  200 	 0.105696 	 0.968699 	 5.538948
  201 	 0.203739 	 1.327931 	 14.294316
  202 	 0.180406 	 1.413804 	 7.052410
  203 	 0.069797 	 1.206499 	 4.225840
  204 	 0.032045 	 0.961000 	 5.405225
  205 	 0.233757 	 1.329332 	 14.144825
  206 	 0.138357 	 1.644005 	 15.397640
  207 	 0.070499 	 1.178029 	 4.204200
  208 	 0.064793 	 1.014266 	 5.732089
  209 	 0.037606 	 1.158785 	 8.953211
  210 	 0.174429 	 1.455898 	 9.560858
  211 	 0.064048 	 1.290707 	 13.567465
  212 	 0.103922 	 1.009192 	 5.264732
  213 	 0.073352 	 1.191137 	 9.985237
  214 	 0.039733 	 1.395040 	 8.968984
  215 	 0.039225 	 1.302150 	 9.411579
  216 	 0.111484 	 1.215135 	 13.186802
  217 	 0.106242 	 1.319513 	 13.275838
  218 	 0.075828 	 1.313744 	 6.775798
  219 	 0.075121 	 1.256131 	 7.025340
  220 	 0.116096 	 1.191610 	 12.511226
  221 	 0.142259 	 1.312634 	 13.154339
  222 	 0.079698 	 1.370255 	 8.319755
  223 	 0.076015 	 1.228378 	 6.985247
  224 	 0.120125 	 1.174423 	 12.407215
  225 	 0.143075 	 1.374209 	 13.001307
  226 	 0.080592 	 1.317216 	 6.500892
  227 	 0.076721 	 1.210403 	 6.757904
  228 	 0.151053 	 1.061097 	 5.952712
  229 	 0.043158 	 1.260142 	 12.372991
  230 	 0.139567 	 1.309409 	 6.445250
  231 	 0.037980 	 1.221798 	 6.812646
  232 	 0.154671 	 1.118717 	 6.490662
  233 	 0.144260 	 1.519938 	 23.764413
  234 	 0.154046 	 1.292060 	 6.298393
  235 	 0.041870 	 1.222664 	 6.888968
  236 	 0.036717 	 1.104371 	 6.323266
  237 	 0.144403 	 1.374067 	 12.743795
  238 	 0.155372 	 1.554223 	 24.499438
  239 	 0.078248 	 1.186999 	 6.733874
  240 	 0.037317 	 1.079216 	 5.678131
  241 	 0.129623 	 1.346562 	 12.634573
  242 	 0.172585 	 1.786070 	 26.166091
  243 	 0.079122 	 1.257819 	 7.614797
  244 	 0.036697 	 1.037079 	 5.659775
  245 	 0.131308 	 1.320910 	 11.901611
  246 	 0.038074 	 2.120159 	 24.040383
  247 	 0.083988 	 1.269436 	 7.357932
  248 	 0.038540 	 1.029026 	 5.532278
  249 	 0.037070 	 1.297864 	 11.288253
  250 	 0.038021 	 2.301091 	 23.452083
  251 	 0.088581 	 1.545796 	 26.336429
  252 	 0.036903 	 1.277481 	 23.741058
  253 	 0.037959 	 1.287283 	 10.789744
  254 	 0.038387 	 2.198304 	 22.968177
  255 	 0.092645 	 1.503392 	 23.775976
  256 	 0.043531 	 1.573971 	 23.536707
  257 	 0.042051 	 1.336092 	 10.336409
  258 	 0.042479 	 2.191500 	 20.994850
  259 	 0.096707 	 1.541428 	 23.282562
  260 	 0.035820 	 1.598361 	 21.331569
  261 	 0.036630 	 1.387134 	 9.890509
  262 	 0.036983 	 2.426760 	 27.233376
  263 	 0.101098 	 1.863515 	 24.551730
  264 	 0.034913 	 1.838101 	 24.341217
  265 	 0.040724 	 1.381125 	 9.804130
  266 	 0.041076 	 2.462144 	 27.922434
  267 	 0.101955 	 1.790538 	 22.309714
  268 	 0.035812 	 1.781640 	 23.654274
  269 	 0.044821 	 1.372044 	 9.694131
  270 	 0.042274 	 2.712145 	 27.238793
  271 	 0.103146 	 1.842942 	 20.441074
  272 	 0.036707 	 1.775376 	 23.002229
  273 	 0.036853 	 1.360627 	 9.611169
  274 	 0.043466 	 2.606768 	 26.590919
  275 	 0.104001 	 2.230551 	 24.418060
  276 	 0.037601 	 1.726641 	 21.023539
  277 	 0.040904 	 1.313557 	 9.250587
  278 	 0.036857 	 2.329089 	 22.985903
  279 	 0.107755 	 2.115444 	 23.750971
  280 	 0.043503 	 2.013783 	 26.484873
  281 	 0.042102 	 1.337930 	 9.203417
  282 	 0.037752 	 2.132555 	 21.006983
  283 	 0.038077 	 1.896168 	 18.102827
  284 	 0.037945 	 2.227739 	 25.872176
  285 	 0.055137 	 1.555332 	 25.656475
  286 	 0.038650 	 2.016288 	 20.618054
  287 	 0.038970 	 1.880619 	 12.642721
  288 	 0.048499 	 2.111138 	 25.284309
  289 	 0.079091 	 1.534130 	 25.081332
  290 	 0.039549 	 1.971405 	 20.243296
  291 	 0.039869 	 1.874919 	 12.020493
  292 	 0.049397 	 2.063868 	 24.722603
  293 	 0.083163 	 1.523431 	 22.743370
  294 	 0.040447 	 1.781723 	 19.881951
  295 	 0.043961 	 1.872577 	 11.459624
  296 	 0.050214 	 2.075856 	 22.448029
  297 	 0.087256 	 1.457729 	 20.806922
  298 	 0.037245 	 1.728824 	 18.411534
  299 	 0.048051 	 1.827484 	 10.946184
  300 	 0.054217 	 2.290429 	 24.186770
  301 	 0.091322 	 1.428747 	 19.174919
  302 	 0.041343 	 1.737265 	 17.147689
  303 	 0.052149 	 1.836874 	 10.843419
  304 	 0.058314 	 2.230605 	 22.005408
  305 	 0.092187 	 1.389060 	 18.850492
  306 	 0.030851 	 1.618072 	 16.887944
  307 	 0.053037 	 1.845645 	 10.385620
  308 	 0.036065 	 2.489299 	 31.494650
  309 	 0.096249 	 1.450429 	 17.501649
  310 	 0.031751 	 1.785725 	 24.897431
  311 	 0.057020 	 1.789735 	 9.965224
  312 	 0.040158 	 2.162178 	 30.627099
  313 	 0.100340 	 1.299665 	 6.626644
  314 	 0.032640 	 1.703934 	 24.355685
  315 	 0.126318 	 1.731118 	 9.877527
  316 	 0.041057 	 2.038892 	 27.218565
  317 	 0.100904 	 1.385581 	 7.137719
  318 	 0.036738 	 1.629691 	 22.145129
  319 	 0.139396 	 1.691513 	 9.523462
  320 	 0.045148 	 2.211426 	 24.486750
  321 	 0.104959 	 1.415830 	 6.968847
  322 	 0.040832 	 1.604252 	 20.305272
  323 	 0.143411 	 1.678880 	 9.446560
  324 	 0.049246 	 1.791215 	 14.178042
  325 	 0.037159 	 1.374703 	 6.356318
  326 	 0.070527 	 1.591990 	 12.173428
  327 	 0.157302 	 1.848463 	 24.237062
  328 	 0.038000 	 1.631008 	 13.399954
  329 	 0.041258 	 1.415541 	 6.176595
  330 	 0.074622 	 1.879199 	 25.706964
  331 	 0.036819 	 1.872630 	 21.806634
  332 	 0.037364 	 1.739245 	 12.622737
  333 	 0.045856 	 1.594735 	 15.033206
  334 	 0.079193 	 2.073050 	 26.134392
  335 	 0.037510 	 1.861662 	 21.387760
  336 	 0.035935 	 1.792148 	 11.934133
  337 	 0.046746 	 1.935590 	 24.032666
  338 	 0.083787 	 2.086653 	 27.148157
  339 	 0.041608 	 1.818368 	 20.988268
  340 	 0.035272 	 1.743378 	 11.313886
  341 	 0.047635 	 1.864850 	 21.878198
  342 	 0.088376 	 2.355257 	 26.157901
  343 	 0.045706 	 1.707645 	 12.930714
  344 	 0.037991 	 1.691484 	 10.813614
  345 	 0.036260 	 1.813029 	 19.878449
  346 	 0.092468 	 2.399098 	 23.351726
  347 	 0.050294 	 1.711274 	 15.160603
  348 	 0.042816 	 1.630218 	 10.710270
  349 	 0.065940 	 1.871426 	 13.648504
  350 	 0.093328 	 2.286347 	 22.874987
  351 	 0.073243 	 1.676599 	 13.415535
  352 	 0.043652 	 1.610679 	 10.612529
  353 	 0.074538 	 1.851934 	 13.487373
  354 	 0.038209 	 2.204313 	 22.445612
  355 	 0.074121 	 1.604180 	 12.028239
  356 	 0.038545 	 1.855622 	 25.569262
  357 	 0.083109 	 1.875252 	 12.833524
  358 	 0.039108 	 1.920300 	 19.105588
  359 	 0.037326 	 1.669866 	 11.960382
  360 	 0.037722 	 1.939235 	 25.247370
  361 	 0.035873 	 2.133223 	 24.315792
  362 	 0.039603 	 2.155224 	 24.141943
  363 	 0.041092 	 1.915884 	 24.708000
  364 	 0.031040 	 1.841754 	 24.388504
  365 	 0.040465 	 2.089995 	 22.526790
  366 	 0.041001 	 2.395087 	 29.120935
  367 	 0.044384 	 1.883555 	 23.886185
  368 	 0.034319 	 1.796314 	 23.584111
  369 	 0.041846 	 2.082059 	 18.055724
  370 	 0.037139 	 2.387819 	 27.996252
  371 	 0.055383 	 1.798070 	 18.922933
  372 	 0.035717 	 2.204803 	 25.604024
  373 	 0.052842 	 2.033177 	 17.611034
  374 	 0.039054 	 2.332744 	 26.941617
  375 	 0.056776 	 1.747524 	 15.280700
  376 	 0.037115 	 2.106783 	 22.125725
  377 	 0.065436 	 1.977189 	 17.189270
  378 	 0.045193 	 2.223686 	 20.783381
  379 	 0.031063 	 1.720322 	 14.961986
  380 	 0.048112 	 2.010238 	 20.033599
  381 	 0.066814 	 2.179496 	 28.683708
  382 	 0.049904 	 2.171338 	 20.197066
  383 	 0.032738 	 1.694966 	 14.659804
  384 	 0.049509 	 1.974183 	 19.491770
  385 	 0.068207 	 2.397868 	 29.292670
  386 	 0.037051 	 2.082101 	 19.642998
  387 	 0.034137 	 1.651475 	 14.366322
  388 	 0.037128 	 2.185513 	 26.006798
  389 	 0.069589 	 2.510998 	 25.375657
  390 	 0.038446 	 2.065296 	 12.999243
  391 	 0.039391 	 1.627433 	 13.479116
  392 	 0.067707 	 2.071837 	 19.287936
  393 	 0.074181 	 2.326933 	 20.439686
  394 	 0.051836 	 2.032913 	 14.470235
  395 	 0.048921 	 1.612177 	 13.230811
  396 	 0.069055 	 1.970658 	 17.275391
  397 	 0.075573 	 2.140926 	 19.309779
  398 	 0.037535 	 2.004237 	 14.193477
  399 	 0.051758 	 1.718264 	 12.601438
 