   0 	 0.019274 	 0.059170 	 0.413839
    1 	 0.021271 	 0.140093 	 1.480166
    2 	 0.021116 	 0.319433 	 1.518708
    3 	 0.036880 	 0.804759 	 2.722694
    4 	 0.039910 	 1.111886 	 6.059862
    5 	 0.037966 	 1.043059 	 8.618658
    6 	 0.147841 	 0.919617 	 6.072255
    7 	 0.036807 	 0.934730 	 3.945877
    8 	 0.038019 	 1.221186 	 5.083918
    9 	 0.097061 	 1.504325 	 14.236918
   10 	 0.135062 	 1.148663 	 8.135448
   11 	 0.039337 	 1.020984 	 7.024389
   12 	 0.036758 	 1.213048 	 6.383161
   13 	 0.114337 	 1.459840 	 11.704489
   14 	 0.037652 	 1.349237 	 13.955157
   15 	 0.033789 	 1.018897 	 5.793442
   16 	 0.024930 	 1.581413 	 17.078780
   17 	 0.037367 	 1.748111 	 15.177156
   18 	 0.038848 	 1.357845 	 16.714062
   19 	 0.038460 	 1.130615 	 14.395373
   20 	 0.030946 	 1.537855 	 14.094770
   21 	 0.069247 	 1.676194 	 14.172419
   22 	 0.036544 	 1.853480 	 14.213832
   23 	 0.037007 	 1.148802 	 9.837935
   24 	 0.070129 	 1.737406 	 14.215847
   25 	 0.101432 	 1.668086 	 14.470289
   26 	 0.070121 	 1.489039 	 9.510348
   27 	 0.038029 	 1.092711 	 8.174487
   28 	 0.104795 	 1.590105 	 10.986530
   29 	 0.121849 	 1.669093 	 14.198755
   30 	 0.027783 	 1.353035 	 7.304876
   31 	 0.070299 	 1.081947 	 6.990620
   32 	 0.136296 	 1.561241 	 16.699202
   33 	 0.121191 	 1.460106 	 8.088529
   34 	 0.059767 	 1.245087 	 5.508984
   35 	 0.122148 	 1.041219 	 5.327795
   36 	 0.180405 	 1.377866 	 11.645905
   37 	 0.127473 	 1.461926 	 6.908557
   38 	 0.085534 	 1.241495 	 4.749290
   39 	 0.143805 	 1.098395 	 6.739752
   40 	 0.209131 	 1.321296 	 9.986577
   41 	 0.148053 	 1.394617 	 6.071459
   42 	 0.099988 	 1.184106 	 4.338979
   43 	 0.129044 	 1.040715 	 5.171898
   44 	 0.229396 	 1.264510 	 7.734659
   45 	 0.191674 	 1.418606 	 5.735806
   46 	 0.128825 	 1.157443 	 3.913960
   47 	 0.036905 	 0.983526 	 4.697621
   48 	 0.039177 	 1.194335 	 6.454732
   49 	 0.039211 	 1.662442 	 17.210219
   50 	 0.154158 	 1.340708 	 14.029775
   51 	 0.057973 	 1.217398 	 16.636029
   52 	 0.071114 	 1.181009 	 5.368885
   53 	 0.060029 	 1.512673 	 11.102159
   54 	 0.185688 	 1.263210 	 9.688588
   55 	 0.089862 	 1.195621 	 11.570204
   56 	 0.037024 	 1.134673 	 4.721710
   57 	 0.086232 	 1.532611 	 8.199270
   58 	 0.125015 	 1.412629 	 14.059957
   59 	 0.121575 	 1.197240 	 8.429423
   60 	 0.037138 	 1.158972 	 6.617463
   61 	 0.116156 	 1.448745 	 7.139029
   62 	 0.150515 	 1.617200 	 15.595827
   63 	 0.139442 	 1.147131 	 6.731478
   64 	 0.063987 	 1.089119 	 5.476008
   65 	 0.148228 	 1.399986 	 6.029829
   66 	 0.181739 	 1.662088 	 11.063570
   67 	 0.165119 	 1.112481 	 5.726470
   68 	 0.090158 	 1.049317 	 4.811426
   69 	 0.173645 	 1.337661 	 5.221409
   70 	 0.037462 	 1.528557 	 8.179445
   71 	 0.190567 	 1.104689 	 4.860383
   72 	 0.121864 	 1.366501 	 15.658730
   73 	 0.205116 	 1.280635 	 3.828456
   74 	 0.063755 	 1.413586 	 6.744711
   75 	 0.259433 	 1.081229 	 4.319351
   76 	 0.147686 	 1.266788 	 11.092057
   77 	 0.229793 	 1.245993 	 3.498544
   78 	 0.089941 	 1.321384 	 5.911144
   79 	 0.041637 	 1.043765 	 3.813992
   80 	 0.126409 	 1.193097 	 8.595460
   81 	 0.112074 	 1.414380 	 14.339517
   82 	 0.115984 	 1.330108 	 6.472098
   83 	 0.037021 	 1.065596 	 7.221584
   84 	 0.034605 	 1.213283 	 7.023251
   85 	 0.035559 	 1.467847 	 15.767546
   86 	 0.036384 	 1.425629 	 16.392185
   87 	 0.037007 	 1.354151 	 16.139677
   88 	 0.060907 	 1.342616 	 16.004088
   89 	 0.061858 	 1.672979 	 15.771037
   90 	 0.062381 	 1.336047 	 11.493388
   91 	 0.036926 	 1.256209 	 11.330434
   92 	 0.086807 	 1.354733 	 11.263661
   93 	 0.038124 	 1.665842 	 15.791403
   94 	 0.088564 	 1.250938 	 8.833368
   95 	 0.027697 	 1.341617 	 15.498019
   96 	 0.038833 	 1.357076 	 8.721131
   97 	 0.064415 	 1.648255 	 18.485445
   98 	 0.036194 	 1.359643 	 15.329572
   99 	 0.054019 	 1.186244 	 11.011445
  100 	 0.065121 	 1.497159 	 15.975895
  101 	 0.090597 	 1.601053 	 12.434808
  102 	 0.062491 	 1.297651 	 10.926431
  103 	 0.080249 	 1.105814 	 8.547203
  104 	 0.091303 	 1.386835 	 11.249735
  105 	 0.116637 	 1.512962 	 9.376554
  106 	 0.038163 	 1.196862 	 8.495957
  107 	 0.106350 	 1.142660 	 6.991197
  108 	 0.038731 	 1.451179 	 10.355905
  109 	 0.142499 	 1.493573 	 7.532984
  110 	 0.096318 	 1.308891 	 15.353780
  111 	 0.132286 	 1.106188 	 5.920702
  112 	 0.065019 	 1.379060 	 8.148785
  113 	 0.168149 	 1.423624 	 6.234962
  114 	 0.122296 	 1.205894 	 10.938682
  115 	 0.159710 	 1.081924 	 5.140091
  116 	 0.091199 	 1.387994 	 6.649115
  117 	 0.193555 	 1.370952 	 5.324540
  118 	 0.149801 	 1.153710 	 8.503507
  119 	 0.186771 	 1.056571 	 4.546387
  120 	 0.036298 	 1.317346 	 5.188137
  121 	 0.068416 	 1.293199 	 4.340650
  122 	 0.191709 	 1.330047 	 15.949384
  123 	 0.108858 	 1.126117 	 9.919019
  124 	 0.062571 	 1.268121 	 4.584863
  125 	 0.039425 	 1.309977 	 5.771744
  126 	 0.216860 	 1.215883 	 10.849378
  127 	 0.127646 	 1.141433 	 14.809386
  128 	 0.091853 	 1.240276 	 4.082294
  129 	 0.067397 	 1.328327 	 6.359467
  130 	 0.111238 	 1.147931 	 7.996623
  131 	 0.037609 	 1.174272 	 9.940674
  132 	 0.124585 	 1.248413 	 7.015651
  133 	 0.039004 	 1.389586 	 14.511852
  134 	 0.097743 	 1.115975 	 6.623159
  135 	 0.068769 	 1.290719 	 14.576341
  136 	 0.117854 	 1.278907 	 7.683885
  137 	 0.068448 	 1.359443 	 10.165818
  138 	 0.129643 	 1.125747 	 5.626589
  139 	 0.098114 	 1.091684 	 6.236890
  140 	 0.038321 	 1.203793 	 6.538382
  141 	 0.127965 	 1.291396 	 7.563493
  142 	 0.152245 	 1.202622 	 14.363523
  143 	 0.119575 	 1.109750 	 6.278832
  144 	 0.069485 	 1.175550 	 5.275807
  145 	 0.037356 	 1.302126 	 6.374506
  146 	 0.037522 	 1.125196 	 9.738539
  147 	 0.155916 	 1.209945 	 12.713587
  148 	 0.102356 	 1.276142 	 14.530213
  149 	 0.037708 	 1.222436 	 5.434308
  150 	 0.037034 	 1.042242 	 7.481904
  151 	 0.182899 	 1.295475 	 14.491087
  152 	 0.038015 	 1.593956 	 14.290243
  153 	 0.068859 	 1.202250 	 4.668563
  154 	 0.069782 	 1.190613 	 12.950943
  155 	 0.212320 	 1.250688 	 9.518443
  156 	 0.076993 	 1.464057 	 9.892960
  157 	 0.104671 	 1.162660 	 4.104747
  158 	 0.100744 	 1.090937 	 8.749467
  159 	 0.241613 	 1.182683 	 7.354509
  160 	 0.113694 	 1.444652 	 7.573240
  161 	 0.135124 	 1.161897 	 3.664169
  162 	 0.038932 	 1.038233 	 6.622797
  163 	 0.038291 	 1.091267 	 5.940925
  164 	 0.150186 	 1.472702 	 14.018956
  165 	 0.167274 	 1.438006 	 13.229139
  166 	 0.071129 	 1.001872 	 5.662955
  167 	 0.040033 	 0.977619 	 4.014682
  168 	 0.036946 	 1.369244 	 9.222667
  169 	 0.123211 	 1.430656 	 8.872150
  170 	 0.038821 	 1.188793 	 13.468824
  171 	 0.029285 	 1.081157 	 6.230109
  172 	 0.073277 	 1.430178 	 13.136969
  173 	 0.038044 	 1.477560 	 15.018292
  174 	 0.075906 	 1.179032 	 9.043508
  175 	 0.066421 	 1.177156 	 13.272448
  176 	 0.110234 	 1.317314 	 8.833492
  177 	 0.075133 	 1.412437 	 10.233269
  178 	 0.112806 	 1.156978 	 7.065439
  179 	 0.097423 	 1.149921 	 9.395592
  180 	 0.039341 	 1.286085 	 6.671424
  181 	 0.106260 	 1.449436 	 7.985785
  182 	 0.149193 	 1.302958 	 13.047801
  183 	 0.039940 	 1.057752 	 6.965737
  184 	 0.076443 	 1.211161 	 5.540379
  185 	 0.037733 	 1.497617 	 14.036973
  186 	 0.179286 	 1.278441 	 8.791733
  187 	 0.071052 	 1.164360 	 14.485929
  188 	 0.113381 	 1.150238 	 4.748653
  189 	 0.068855 	 1.411088 	 10.085564
  190 	 0.039847 	 1.196540 	 6.911766
  191 	 0.037392 	 1.092190 	 9.984505
  192 	 0.144029 	 1.272788 	 14.055375
  193 	 0.037977 	 1.456650 	 13.388279
  194 	 0.070975 	 1.137617 	 5.703577
  195 	 0.074518 	 1.205272 	 15.133919
  196 	 0.174469 	 1.205658 	 9.777565
  197 	 0.038930 	 1.360697 	 9.450191
  198 	 0.101949 	 1.118724 	 4.859819
  199 	 0.105469 	 1.137420 	 10.283798
  200 	 0.037626 	 1.152409 	 7.350316
  201 	 0.038853 	 1.318284 	 7.004340
  202 	 0.135472 	 1.258270 	 13.346429
  203 	 0.123993 	 1.280817 	 13.131521
  204 	 0.074751 	 1.120616 	 5.996222
  205 	 0.075972 	 1.307224 	 6.199912
  206 	 0.165906 	 1.243074 	 9.429418
  207 	 0.160565 	 1.212672 	 9.322137
  208 	 0.105700 	 1.093792 	 4.999859
  209 	 0.106881 	 1.254231 	 5.137034
  210 	 0.120581 	 1.193581 	 6.992997
  211 	 0.134112 	 1.166878 	 7.381129
  212 	 0.035754 	 1.153936 	 6.584088
  213 	 0.036126 	 1.297277 	 5.833899
  214 	 0.151236 	 1.302669 	 13.688522
  215 	 0.170323 	 1.290009 	 14.831097
  216 	 0.038545 	 1.075473 	 5.304031
  217 	 0.038019 	 1.181878 	 4.959753
  218 	 0.038770 	 1.413616 	 13.765604
  219 	 0.125075 	 1.433119 	 13.161580
  220 	 0.072449 	 1.190644 	 14.271358
  221 	 0.075798 	 1.188258 	 6.158584
  222 	 0.069888 	 1.361888 	 9.385397
  223 	 0.112644 	 1.360091 	 9.337204
  224 	 0.106225 	 1.192686 	 10.205358
  225 	 0.106672 	 1.232540 	 7.505014
  226 	 0.097631 	 1.319175 	 7.271416
  227 	 0.132585 	 1.326565 	 7.857167
  228 	 0.136986 	 1.156684 	 7.756093
  229 	 0.126767 	 1.188940 	 6.301782
  230 	 0.038591 	 1.244899 	 5.841598
  231 	 0.119586 	 1.260747 	 6.663677
  232 	 0.170367 	 1.286323 	 14.883004
  233 	 0.039954 	 1.194584 	 6.506755
  234 	 0.037664 	 1.182757 	 5.038633
  235 	 0.153201 	 1.407134 	 14.034241
  236 	 0.178244 	 1.586268 	 14.943101
  237 	 0.071096 	 1.179585 	 5.420014
  238 	 0.037198 	 1.162529 	 4.818249
  239 	 0.037111 	 1.307248 	 10.905629
  240 	 0.039195 	 1.497087 	 14.598996
  241 	 0.091383 	 1.274087 	 15.334929
  242 	 0.068373 	 1.342832 	 14.185477
  243 	 0.065123 	 1.320626 	 8.151076
  244 	 0.070353 	 1.371454 	 10.032781
  245 	 0.122214 	 1.173491 	 10.370958
  246 	 0.099390 	 1.185985 	 5.392711
  247 	 0.096133 	 1.348499 	 6.817357
  248 	 0.114954 	 1.225439 	 7.491203
  249 	 0.038008 	 1.095573 	 7.841107
  250 	 0.117099 	 1.278905 	 6.965994
  251 	 0.126981 	 1.502628 	 14.428404
  252 	 0.133672 	 1.224582 	 6.863468
  253 	 0.038801 	 1.041770 	 4.701883
  254 	 0.072160 	 1.226869 	 6.286456
  255 	 0.123730 	 1.484186 	 9.954439
  256 	 0.158352 	 1.230917 	 10.250083
  257 	 0.100262 	 1.062178 	 6.586313
  258 	 0.097319 	 1.169873 	 5.272824
  259 	 0.151247 	 1.392277 	 7.641617
  260 	 0.188629 	 1.220315 	 7.817442
  261 	 0.130408 	 1.015432 	 5.499135
  262 	 0.127420 	 1.102674 	 4.465710
  263 	 0.180906 	 1.337742 	 6.288974
  264 	 0.222405 	 1.199180 	 6.249204
  265 	 0.158218 	 1.011294 	 5.050353
  266 	 0.038141 	 1.068187 	 3.983990
  267 	 0.196782 	 1.290277 	 5.352788
  268 	 0.128577 	 1.305721 	 14.827752
  269 	 0.034764 	 0.990758 	 4.423164
  270 	 0.067320 	 1.099165 	 6.250911
  271 	 0.224489 	 1.265639 	 4.664145
  272 	 0.037903 	 1.266789 	 10.212377
  273 	 0.037244 	 0.982897 	 3.951181
  274 	 0.037043 	 1.218497 	 14.183709
  275 	 0.122124 	 1.362493 	 14.317589
  276 	 0.070066 	 1.471323 	 14.359019
  277 	 0.038193 	 1.022465 	 6.603958
  278 	 0.069491 	 1.165041 	 6.419878
  279 	 0.150796 	 1.441240 	 14.971609
  280 	 0.035536 	 1.329952 	 9.728464
  281 	 0.066645 	 0.990358 	 5.491597
  282 	 0.102490 	 1.312573 	 15.591813
  283 	 0.181153 	 1.261966 	 7.652978
  284 	 0.064019 	 1.244076 	 7.628353
  285 	 0.125872 	 0.979165 	 4.813408
  286 	 0.130532 	 1.241781 	 11.035232
  287 	 0.206526 	 1.303953 	 6.599097
  288 	 0.089913 	 1.198169 	 6.284087
  289 	 0.129328 	 0.946596 	 4.204757
  290 	 0.158173 	 1.262967 	 9.048687
  291 	 0.038497 	 1.310967 	 6.634484
  292 	 0.110301 	 1.144985 	 4.905012
  293 	 0.150081 	 1.220180 	 18.554056
  294 	 0.126060 	 1.206772 	 7.163264
  295 	 0.053819 	 1.277659 	 5.737871
  296 	 0.139185 	 1.236419 	 6.781512
  297 	 0.171875 	 1.144082 	 12.133057
  298 	 0.147013 	 1.168579 	 5.935235
  299 	 0.039211 	 1.190496 	 4.970789
  300 	 0.035906 	 1.164561 	 5.759930
  301 	 0.038052 	 1.237302 	 14.746900
  302 	 0.038219 	 1.303606 	 15.502542
  303 	 0.067755 	 1.391088 	 15.467516
  304 	 0.064447 	 1.312837 	 17.355263
  305 	 0.038387 	 1.139874 	 10.378304
  306 	 0.057531 	 1.335108 	 12.715114
  307 	 0.038210 	 1.520494 	 17.957621
  308 	 0.038223 	 1.209668 	 11.886185
  309 	 0.055592 	 1.273736 	 19.837489
  310 	 0.084062 	 1.427227 	 13.826944
  311 	 0.050368 	 1.394207 	 13.478550
  312 	 0.072259 	 1.229566 	 9.817201
  313 	 0.074046 	 1.222883 	 14.499374
  314 	 0.037548 	 1.300553 	 8.274117
  315 	 0.068738 	 1.301104 	 9.136937
  316 	 0.038266 	 1.327420 	 15.886199
  317 	 0.109176 	 1.217582 	 10.622686
  318 	 0.062909 	 1.397173 	 14.354094
  319 	 0.093914 	 1.269343 	 7.430752
  320 	 0.069518 	 1.285126 	 13.753467
  321 	 0.134399 	 1.182786 	 9.531649
  322 	 0.072558 	 1.207724 	 5.998389
  323 	 0.104635 	 1.247188 	 6.877642
  324 	 0.037888 	 1.205101 	 6.708898
  325 	 0.037312 	 1.137378 	 8.248453
  326 	 0.037735 	 1.366283 	 18.352544
  327 	 0.038756 	 1.386255 	 21.226186
  328 	 0.039282 	 1.325652 	 21.037331
  329 	 0.047090 	 1.342290 	 21.116650
  330 	 0.047515 	 1.599104 	 13.839044
  331 	 0.037163 	 1.328985 	 12.006261
  332 	 0.072214 	 1.280208 	 17.089586
  333 	 0.083081 	 1.418408 	 16.357494
  334 	 0.058486 	 1.487175 	 11.680264
  335 	 0.061090 	 1.233262 	 10.375498
  336 	 0.038073 	 1.209276 	 13.833982
  337 	 0.096242 	 1.429383 	 13.352847
  338 	 0.072241 	 1.699460 	 19.465548
  339 	 0.074793 	 1.189806 	 9.128936
  340 	 0.051350 	 1.221473 	 12.189044
  341 	 0.109396 	 1.469731 	 11.821236
  342 	 0.081975 	 1.729193 	 16.353187
  343 	 0.084503 	 1.171177 	 8.197015
  344 	 0.061114 	 1.179937 	 10.573617
  345 	 0.121791 	 1.395099 	 10.298292
  346 	 0.094462 	 1.594972 	 10.028724
  347 	 0.096842 	 1.184831 	 6.925659
  348 	 0.099331 	 1.139524 	 9.236811
  349 	 0.037700 	 1.251377 	 8.372260
  350 	 0.037332 	 1.511505 	 8.839287
  351 	 0.119246 	 1.296819 	 11.223282
  352 	 0.112843 	 1.519863 	 21.217186
  353 	 0.037618 	 1.271721 	 7.049923
  354 	 0.047110 	 1.485036 	 6.088547
  355 	 0.141392 	 1.488760 	 20.739248
  356 	 0.163957 	 1.421779 	 16.417699
  357 	 0.048193 	 1.232624 	 6.443619
  358 	 0.060874 	 1.442171 	 5.625645
  359 	 0.038683 	 1.338729 	 10.040851
  360 	 0.037648 	 1.319232 	 14.149561
  361 	 0.099488 	 1.418759 	 20.625808
  362 	 0.070601 	 1.512897 	 13.115070
  363 	 0.048451 	 1.368226 	 7.709875
  364 	 0.076117 	 1.298735 	 12.437695
  365 	 0.129058 	 1.355533 	 17.285914
  366 	 0.036819 	 1.436517 	 11.693577
  367 	 0.057818 	 1.315614 	 7.222423
  368 	 0.085454 	 1.719712 	 21.636194
  369 	 0.138255 	 1.406666 	 14.877005
  370 	 0.039189 	 1.345162 	 10.542493
  371 	 0.067017 	 1.285313 	 6.772552
  372 	 0.094766 	 1.819763 	 20.580794
  373 	 0.036636 	 1.275974 	 8.959211
  374 	 0.036970 	 1.250946 	 7.175342
  375 	 0.111510 	 1.809669 	 21.721878
  376 	 0.038142 	 1.872411 	 21.944181
  377 	 0.046016 	 1.212565 	 6.356876
  378 	 0.045552 	 1.457043 	 20.516356
  379 	 0.157068 	 1.518997 	 17.662910
  380 	 0.048718 	 1.687958 	 14.854162
  381 	 0.056588 	 1.220207 	 5.992766
  382 	 0.067273 	 1.472268 	 16.858186
  383 	 0.134270 	 1.536065 	 14.730083
  384 	 0.059285 	 1.674495 	 12.841384
  385 	 0.038095 	 1.227486 	 6.960374
  386 	 0.077814 	 1.430344 	 14.559146
  387 	 0.036237 	 1.760300 	 21.054817
  388 	 0.036243 	 1.567108 	 11.572216
  389 	 0.047473 	 1.296750 	 12.370541
  390 	 0.086335 	 1.518428 	 12.814695
  391 	 0.080776 	 1.486386 	 11.656598
  392 	 0.077978 	 1.469593 	 10.445519
  393 	 0.038550 	 1.308734 	 11.040470
  394 	 0.095645 	 1.536250 	 11.444495
  395 	 0.090270 	 1.508555 	 10.382142
  396 	 0.087030 	 1.354510 	 6.483187
  397 	 0.037094 	 1.246398 	 9.913741
  398 	 0.153163 	 1.469786 	 10.242753
  399 	 0.037137 	 1.562046 	 12.240793
 