   0 	 0.014501 	 0.051689 	 0.426385
    1 	 0.015139 	 0.092468 	 0.612520
    2 	 0.019988 	 0.188217 	 0.603507
    3 	 0.024602 	 0.351237 	 1.756436
    4 	 0.036128 	 0.524660 	 3.779148
    5 	 0.037036 	 0.828258 	 5.333269
    6 	 0.033620 	 1.243839 	 5.024426
    7 	 0.033154 	 1.442602 	 6.053247
    8 	 0.036350 	 1.085887 	 10.068466
    9 	 0.038115 	 1.115148 	 5.587415
   10 	 0.028911 	 1.359291 	 9.091083
   11 	 0.171895 	 1.255609 	 4.937899
   12 	 0.107689 	 0.954737 	 3.599574
   13 	 0.193498 	 0.959606 	 3.811251
   14 	 0.112743 	 1.093127 	 3.695638
   15 	 0.105216 	 1.078947 	 2.805847
   16 	 0.265588 	 0.978183 	 3.627876
   17 	 0.118004 	 0.913578 	 2.585714
   18 	 0.259203 	 1.005235 	 2.230941
   19 	 0.345326 	 1.052163 	 2.321241
   20 	 0.348346 	 0.948862 	 2.686743
   21 	 0.364923 	 0.937731 	 2.133223
   22 	 0.369325 	 1.036961 	 2.350996
   23 	 0.453963 	 1.026505 	 2.583825
   24 	 0.093732 	 0.937718 	 2.317767
   25 	 0.364070 	 0.943069 	 1.871400
   26 	 0.042650 	 1.029985 	 3.896621
   27 	 0.037001 	 0.997306 	 1.982648
   28 	 0.255185 	 1.017237 	 4.801923
   29 	 0.486242 	 0.977072 	 3.743906
   30 	 0.201417 	 1.005389 	 3.120269
   31 	 0.265343 	 0.988957 	 1.962932
   32 	 0.039049 	 1.013820 	 3.723583
   33 	 0.503390 	 0.981333 	 3.091735
   34 	 0.040551 	 1.132717 	 15.662045
   35 	 0.037223 	 0.995176 	 1.753494
   36 	 0.063748 	 1.206951 	 15.564008
   37 	 0.565357 	 1.184178 	 16.856802
   38 	 0.038894 	 1.083646 	 11.869759
   39 	 0.059236 	 0.995945 	 1.702253
   40 	 0.037232 	 1.347380 	 15.700007
   41 	 0.036646 	 1.167329 	 11.899657
   42 	 0.063605 	 1.367355 	 16.120785
   43 	 0.083592 	 1.226373 	 16.274341
   44 	 0.061936 	 1.264968 	 11.311621
   45 	 0.061353 	 1.128308 	 9.225771
   46 	 0.088211 	 1.281063 	 11.873404
   47 	 0.108133 	 1.191095 	 11.982801
   48 	 0.084065 	 1.231490 	 8.848679
   49 	 0.037282 	 1.094650 	 8.551907
   50 	 0.112695 	 1.285753 	 9.185661
   51 	 0.037866 	 1.320041 	 16.107816
   52 	 0.107817 	 1.204991 	 7.418651
   53 	 0.061986 	 1.210261 	 15.957595
   54 	 0.132981 	 1.212932 	 7.360324
   55 	 0.062574 	 1.318007 	 11.522572
   56 	 0.124957 	 1.185285 	 6.337890
   57 	 0.086600 	 1.136361 	 11.445118
   58 	 0.037209 	 1.207206 	 6.239127
   59 	 0.086653 	 1.256832 	 8.976681
   60 	 0.159644 	 1.291075 	 12.818978
   61 	 0.111093 	 1.094628 	 8.972418
   62 	 0.077762 	 1.157946 	 5.421693
   63 	 0.037660 	 1.216953 	 6.583593
   64 	 0.181261 	 1.277567 	 9.750220
   65 	 0.151323 	 1.231868 	 16.010261
   66 	 0.102318 	 1.133206 	 4.852923
   67 	 0.037309 	 1.187818 	 5.677860
   68 	 0.038635 	 1.228608 	 7.866689
   69 	 0.037106 	 1.351673 	 12.802657
   70 	 0.120047 	 1.207898 	 12.588924
   71 	 0.077965 	 1.312993 	 16.153573
   72 	 0.079289 	 1.317097 	 6.961500
   73 	 0.035589 	 1.319310 	 9.730938
   74 	 0.143227 	 1.088154 	 4.029190
   75 	 0.102537 	 1.370606 	 16.559189
   76 	 0.131865 	 1.262658 	 5.994217
   77 	 0.060299 	 1.275303 	 7.927865
   78 	 0.036042 	 1.144646 	 6.432303
   79 	 0.125763 	 1.290214 	 11.751009
   80 	 0.152265 	 1.577879 	 16.766761
   81 	 0.084931 	 1.236593 	 6.695101
   82 	 0.059547 	 1.103850 	 5.751594
   83 	 0.122027 	 1.234387 	 10.445896
   84 	 0.034520 	 1.502727 	 15.551995
   85 	 0.095545 	 1.211903 	 6.810742
   86 	 0.064211 	 1.257518 	 18.208335
   87 	 0.033184 	 1.227928 	 9.501658
   88 	 0.054855 	 1.431070 	 13.331337
   89 	 0.103604 	 1.329732 	 17.246101
   90 	 0.025679 	 1.205938 	 15.231176
   91 	 0.037577 	 1.251415 	 7.986982
   92 	 0.064949 	 1.639032 	 30.048877
   93 	 0.125066 	 1.423908 	 16.031654
   94 	 0.033252 	 1.086213 	 11.293231
   95 	 0.062161 	 1.192983 	 7.360198
   96 	 0.088355 	 1.629398 	 16.729380
   97 	 0.135373 	 1.358244 	 11.499412
   98 	 0.059698 	 1.062417 	 9.094667
   99 	 0.086904 	 1.166208 	 6.243251
  100 	 0.037228 	 1.501148 	 12.300432
  101 	 0.039880 	 1.278800 	 9.049488
  102 	 0.081155 	 1.183179 	 16.998649
  103 	 0.110240 	 1.363733 	 21.987533
  104 	 0.058736 	 1.454278 	 11.526655
  105 	 0.045469 	 1.298604 	 8.632571
  106 	 0.086595 	 1.167022 	 15.543496
  107 	 0.094382 	 1.325315 	 14.910086
  108 	 0.064246 	 1.400218 	 9.242539
  109 	 0.066972 	 1.358753 	 9.691592
  110 	 0.107943 	 1.122596 	 11.230117
  111 	 0.103123 	 1.274941 	 10.896614
  112 	 0.039570 	 1.315849 	 7.533350
  113 	 0.091698 	 1.285415 	 6.869864
  114 	 0.132644 	 1.366260 	 20.673934
  115 	 0.145040 	 1.216383 	 8.583873
  116 	 0.048360 	 1.289731 	 6.351448
  117 	 0.065782 	 1.257810 	 6.500273
  118 	 0.157227 	 1.310442 	 18.532400
  119 	 0.124397 	 1.306334 	 11.443957
  120 	 0.053943 	 1.244070 	 5.592011
  121 	 0.087202 	 1.218144 	 6.849449
  122 	 0.178138 	 1.246922 	 12.879423
  123 	 0.145833 	 1.278014 	 10.537210
  124 	 0.077513 	 1.214672 	 5.349355
  125 	 0.094689 	 1.196137 	 6.466917
  126 	 0.186114 	 1.362939 	 11.585711
  127 	 0.154069 	 1.235857 	 8.368988
  128 	 0.086272 	 1.198463 	 4.741273
  129 	 0.037772 	 1.153580 	 5.590699
  130 	 0.209865 	 1.311951 	 10.518399
  131 	 0.178079 	 1.505227 	 20.715924
  132 	 0.038262 	 1.161005 	 4.596332
  133 	 0.048254 	 1.136511 	 4.929058
  134 	 0.217017 	 1.402766 	 14.479692
  135 	 0.126739 	 1.237477 	 6.944837
  136 	 0.069020 	 1.157431 	 4.135358
  137 	 0.143479 	 1.191989 	 6.347624
  138 	 0.039000 	 1.349537 	 12.850121
  139 	 0.156779 	 1.212905 	 5.737912
  140 	 0.077634 	 1.304998 	 15.674094
  141 	 0.037857 	 1.166079 	 6.039430
  142 	 0.063764 	 1.293361 	 9.222188
  143 	 0.038672 	 1.379510 	 21.433091
  144 	 0.108073 	 1.223905 	 10.699340
  145 	 0.046632 	 1.368611 	 21.065237
  146 	 0.038831 	 1.211645 	 7.258307
  147 	 0.047452 	 1.257457 	 12.914636
  148 	 0.130192 	 1.412135 	 20.994747
  149 	 0.077247 	 1.400629 	 17.777229
  150 	 0.036748 	 1.256072 	 6.913214
  151 	 0.056224 	 1.212121 	 11.772003
  152 	 0.144133 	 1.529067 	 22.051767
  153 	 0.084792 	 1.440720 	 15.643598
  154 	 0.045328 	 1.246784 	 6.429483
  155 	 0.063892 	 1.191035 	 10.684706
  156 	 0.155321 	 1.534517 	 18.857994
  157 	 0.093524 	 1.368656 	 13.090296
  158 	 0.038814 	 1.153187 	 5.729304
  159 	 0.076342 	 1.248418 	 9.772850
  160 	 0.037771 	 1.682832 	 20.278225
  161 	 0.102232 	 1.343746 	 11.898767
  162 	 0.049295 	 1.372833 	 21.065361
  163 	 0.083988 	 1.240884 	 8.933976
  164 	 0.047452 	 1.608641 	 17.545315
  165 	 0.111822 	 1.320558 	 10.906555
  166 	 0.056964 	 1.328566 	 18.131731
  167 	 0.091623 	 1.206788 	 7.557317
  168 	 0.055129 	 1.435732 	 15.205943
  169 	 0.132187 	 1.279823 	 10.068131
  170 	 0.065726 	 1.301397 	 15.916336
  171 	 0.099111 	 1.223532 	 7.148606
  172 	 0.062798 	 1.431154 	 13.619203
  173 	 0.037898 	 1.341312 	 9.504738
  174 	 0.073378 	 1.342000 	 13.966845
  175 	 0.105143 	 1.442542 	 21.930922
  176 	 0.071559 	 1.395528 	 12.333752
  177 	 0.045582 	 1.392045 	 8.861853
  178 	 0.081028 	 1.333405 	 12.444209
  179 	 0.112745 	 1.391219 	 18.768161
  180 	 0.080309 	 1.308968 	 11.270431
  181 	 0.053257 	 1.430102 	 8.302527
  182 	 0.088667 	 1.390498 	 11.222217
  183 	 0.114012 	 1.357362 	 16.405071
  184 	 0.089039 	 1.246683 	 10.376976
  185 	 0.036566 	 1.408110 	 8.142545
  186 	 0.096296 	 1.462541 	 10.337077
  187 	 0.035439 	 1.526100 	 22.590533
  188 	 0.096667 	 1.235881 	 9.615779
  189 	 0.044251 	 1.855192 	 23.180752
  190 	 0.103913 	 1.445568 	 9.581559
  191 	 0.043125 	 1.486208 	 19.248813
  192 	 0.104283 	 1.219250 	 8.959567
  193 	 0.051930 	 1.735118 	 19.675386
  194 	 0.037640 	 1.349306 	 7.912434
  195 	 0.050805 	 1.297582 	 13.507946
  196 	 0.035478 	 1.380580 	 22.055794
  197 	 0.073988 	 1.656907 	 17.092542
  198 	 0.045321 	 1.499958 	 17.367872
  199 	 0.058479 	 1.247631 	 12.241650
  200 	 0.057552 	 1.351766 	 18.860278
  201 	 0.036921 	 1.675789 	 15.110599
  202 	 0.052959 	 1.452068 	 15.325184
  203 	 0.037617 	 1.424260 	 22.411193
  204 	 0.037570 	 1.319585 	 16.789942
  205 	 0.044577 	 1.911796 	 22.615946
  206 	 0.059532 	 1.625272 	 22.089881
  207 	 0.044204 	 1.416213 	 19.540166
  208 	 0.045254 	 1.383950 	 14.873831
  209 	 0.051156 	 1.848984 	 19.683596
  210 	 0.067202 	 1.569309 	 19.284968
  211 	 0.037490 	 1.367227 	 17.314064
  212 	 0.051842 	 1.371756 	 13.350714
  213 	 0.057731 	 2.026290 	 22.680897
  214 	 0.036427 	 1.504647 	 17.111042
  215 	 0.044047 	 1.323797 	 15.544636
  216 	 0.058416 	 1.666486 	 22.661703
  217 	 0.064304 	 2.000063 	 19.744474
  218 	 0.044112 	 1.536213 	 15.125042
  219 	 0.050630 	 1.338004 	 14.103655
  220 	 0.066087 	 1.602417 	 19.719060
  221 	 0.070870 	 2.009369 	 17.473294
  222 	 0.037848 	 1.485808 	 13.757672
  223 	 0.057209 	 1.312184 	 12.908143
  224 	 0.072652 	 1.776086 	 22.498003
  225 	 0.077431 	 1.928666 	 15.671864
  226 	 0.044435 	 1.386006 	 12.617995
  227 	 0.063782 	 1.308090 	 11.900381
  228 	 0.079210 	 1.739846 	 19.254685
  229 	 0.083984 	 1.880987 	 14.208220
  230 	 0.051918 	 1.359142 	 11.532626
  231 	 0.070361 	 1.340894 	 10.930825
  232 	 0.037384 	 1.663663 	 17.088861
  233 	 0.035832 	 1.812463 	 12.843392
  234 	 0.058492 	 1.634227 	 22.180633
  235 	 0.077809 	 1.554991 	 23.567325
  236 	 0.045071 	 1.676634 	 15.750012
  237 	 0.042418 	 1.754219 	 11.847080
  238 	 0.063465 	 1.538424 	 19.021886
  239 	 0.084362 	 1.524645 	 20.400600
  240 	 0.052550 	 1.827340 	 14.091358
  241 	 0.048680 	 1.697457 	 10.885889
  242 	 0.070928 	 1.597807 	 17.621045
  243 	 0.035671 	 1.547494 	 18.089855
  244 	 0.056729 	 1.774761 	 12.898605
  245 	 0.055216 	 1.921340 	 23.656789
  246 	 0.077488 	 1.550442 	 15.790527
  247 	 0.042259 	 1.496667 	 16.177162
  248 	 0.063299 	 1.720798 	 11.892282
  249 	 0.061790 	 1.891748 	 20.466887
  250 	 0.084042 	 1.592235 	 13.831434
  251 	 0.048844 	 1.460018 	 14.621943
  252 	 0.072265 	 1.692412 	 11.032469
  253 	 0.068360 	 1.819506 	 17.287968
  254 	 0.090568 	 1.501425 	 12.679955
  255 	 0.036553 	 1.310439 	 7.417976
  256 	 0.078824 	 1.588533 	 8.779914
  257 	 0.038014 	 2.021527 	 23.173469
  258 	 0.028995 	 1.411315 	 7.856876
  259 	 0.036982 	 1.506291 	 21.270279
  260 	 0.127170 	 1.771908 	 26.319345
  261 	 0.046994 	 2.107554 	 22.945062
  262 	 0.037982 	 1.309910 	 7.097857
  263 	 0.043570 	 1.601286 	 17.859020
  264 	 0.140757 	 1.730720 	 21.284784
  265 	 0.037795 	 2.018660 	 18.494601
  266 	 0.046967 	 1.282831 	 6.677496
  267 	 0.054044 	 2.058726 	 22.459911
  268 	 0.149555 	 1.744378 	 18.668074
  269 	 0.044506 	 1.891743 	 15.317772
  270 	 0.053548 	 1.248397 	 6.389853
  271 	 0.065245 	 1.869699 	 18.689500
  272 	 0.156278 	 1.672719 	 15.987594
  273 	 0.053492 	 1.780035 	 13.468857
  274 	 0.062523 	 1.200983 	 6.050410
  275 	 0.074196 	 1.714904 	 13.022249
  276 	 0.128619 	 1.616656 	 13.981570
  277 	 0.076739 	 1.717506 	 12.019836
  278 	 0.071477 	 1.258793 	 7.188075
  279 	 0.083134 	 1.624849 	 11.385315
  280 	 0.037200 	 1.504867 	 12.198585
  281 	 0.037119 	 1.652260 	 10.679931
  282 	 0.081820 	 1.531026 	 20.964295
  283 	 0.093555 	 1.744990 	 16.972436
  284 	 0.038985 	 1.399212 	 10.831837
  285 	 0.037519 	 1.537148 	 9.610327
  286 	 0.092244 	 1.779466 	 20.839863
  287 	 0.039188 	 1.848896 	 20.825156
  288 	 0.046896 	 1.310433 	 9.877144
  289 	 0.047998 	 1.642558 	 20.752138
  290 	 0.037937 	 1.759691 	 17.890483
  291 	 0.048167 	 1.638633 	 17.544431
  292 	 0.055863 	 1.518544 	 20.645557
  293 	 0.056969 	 1.542321 	 17.045381
  294 	 0.048292 	 1.536597 	 15.417135
  295 	 0.037422 	 1.558582 	 15.158644
  296 	 0.064825 	 1.539683 	 17.009044
  297 	 0.065926 	 1.728704 	 21.541455
  298 	 0.034135 	 1.538476 	 13.545530
  299 	 0.046403 	 1.521000 	 13.346512
  300 	 0.037106 	 1.658622 	 23.182743
  301 	 0.074875 	 1.605320 	 18.049638
  302 	 0.043119 	 1.772803 	 21.005724
  303 	 0.033230 	 1.513454 	 11.922434
  304 	 0.038186 	 1.389046 	 12.786792
  305 	 0.083812 	 2.020532 	 22.867701
  306 	 0.078159 	 1.877382 	 20.539951
  307 	 0.037162 	 1.469424 	 10.774438
  308 	 0.048664 	 1.432311 	 11.473327
  309 	 0.092735 	 2.111384 	 21.662733
  310 	 0.087090 	 1.762126 	 17.341745
  311 	 0.037324 	 1.422258 	 9.686656
  312 	 0.057629 	 1.475465 	 10.549595
  313 	 0.103123 	 2.186980 	 21.586860
  314 	 0.094696 	 1.667355 	 15.213888
  315 	 0.036156 	 1.457997 	 8.918772
  316 	 0.065691 	 1.473985 	 9.506054
  317 	 0.111991 	 2.225096 	 22.145518
  318 	 0.037805 	 1.590800 	 13.124985
  319 	 0.045133 	 1.442372 	 8.265060
  320 	 0.038051 	 1.634164 	 20.701898
  321 	 0.120860 	 1.929139 	 18.473133
  322 	 0.048280 	 1.805978 	 21.253383
  323 	 0.037738 	 1.402102 	 7.700619
  324 	 0.036561 	 1.490585 	 9.962118
  325 	 0.129683 	 1.915899 	 15.846266
  326 	 0.099762 	 1.693685 	 17.848174
  327 	 0.063071 	 1.389050 	 7.133539
  328 	 0.055601 	 1.451157 	 9.194351
  329 	 0.140006 	 1.883562 	 13.875289
  330 	 0.108037 	 1.681920 	 15.266846
  331 	 0.072016 	 1.363136 	 6.711127
  332 	 0.038095 	 1.397054 	 8.544272
  333 	 0.148807 	 1.798830 	 9.736371
  334 	 0.116894 	 1.793864 	 21.233589
  335 	 0.102603 	 1.327618 	 6.336865
  336 	 0.029622 	 1.372185 	 7.886816
  337 	 0.038826 	 1.663321 	 8.960302
  338 	 0.126649 	 2.107012 	 25.891984
  339 	 0.038276 	 1.284773 	 6.003014
  340 	 0.038537 	 1.349403 	 7.264834
  341 	 0.037699 	 1.851443 	 21.152261
  342 	 0.137441 	 1.997582 	 20.186854
  343 	 0.047256 	 1.516890 	 21.413908
  344 	 0.038531 	 1.278383 	 6.736669
  345 	 0.046675 	 1.753805 	 17.165555
  346 	 0.148243 	 2.068477 	 21.038899
  347 	 0.058226 	 1.411617 	 17.961484
  348 	 0.047511 	 1.236357 	 6.279699
  349 	 0.055641 	 1.710894 	 9.189005
  350 	 0.037155 	 1.846360 	 17.695758
  351 	 0.035953 	 1.296335 	 9.412593
  352 	 0.056350 	 1.260437 	 11.395354
  353 	 0.104644 	 1.790837 	 22.245381
  354 	 0.087686 	 1.611510 	 11.721322
  355 	 0.044935 	 1.324525 	 8.799390
  356 	 0.085249 	 1.304123 	 7.778058
  357 	 0.113528 	 1.653893 	 10.467367
  358 	 0.128418 	 1.483990 	 10.610171
  359 	 0.095322 	 1.300454 	 8.161389
  360 	 0.093802 	 1.248424 	 6.834103
  361 	 0.036829 	 1.676375 	 9.207782
  362 	 0.030726 	 1.415102 	 9.727448
  363 	 0.108347 	 1.576877 	 22.609779
  364 	 0.102707 	 1.570514 	 25.172270
  365 	 0.044211 	 1.630256 	 8.521712
  366 	 0.039712 	 1.368328 	 8.951998
  367 	 0.117230 	 1.494875 	 18.793074
  368 	 0.111595 	 1.582769 	 20.075456
  369 	 0.053186 	 1.637773 	 8.023723
  370 	 0.037376 	 1.205847 	 8.292235
  371 	 0.124474 	 1.445640 	 16.080878
  372 	 0.120464 	 1.883556 	 21.563070
  373 	 0.062151 	 1.593319 	 7.492108
  374 	 0.046356 	 1.276981 	 7.724152
  375 	 0.133314 	 1.423913 	 14.054633
  376 	 0.129313 	 1.772690 	 17.775787
  377 	 0.071105 	 1.558478 	 7.106630
  378 	 0.056228 	 1.336964 	 7.183215
  379 	 0.140536 	 1.387854 	 12.483549
  380 	 0.139018 	 1.698949 	 15.330870
  381 	 0.080048 	 1.517380 	 6.687365
  382 	 0.065190 	 1.331686 	 6.665867
  383 	 0.146123 	 1.375936 	 11.229930
  384 	 0.135250 	 1.623547 	 13.478971
  385 	 0.038389 	 1.423576 	 6.446509
  386 	 0.074140 	 1.377798 	 6.932412
  387 	 0.154885 	 1.799022 	 21.101730
  388 	 0.144040 	 1.574245 	 11.899068
  389 	 0.047367 	 1.396771 	 6.101843
  390 	 0.083977 	 1.351996 	 6.496031
  391 	 0.163619 	 1.701771 	 17.740925
  392 	 0.134312 	 1.504492 	 10.755380
  393 	 0.056335 	 1.343876 	 5.763041
  394 	 0.092920 	 1.410352 	 6.881723
  395 	 0.128665 	 1.611157 	 15.305626
  396 	 0.133430 	 1.448999 	 9.811642
  397 	 0.065297 	 1.456316 	 7.216818
  398 	 0.037802 	 1.441519 	 7.020976
  399 	 0.072938 	 1.641809 	 13.459476
 