   0 	 0.013859 	 0.078429 	 0.906865
    1 	 0.024701 	 0.256473 	 1.020096
    2 	 0.035558 	 0.604354 	 2.438627
    3 	 0.111169 	 0.725652 	 2.224289
    4 	 0.036577 	 0.573769 	 1.810677
    5 	 0.045031 	 0.578966 	 1.273801
    6 	 0.153609 	 0.618506 	 1.605817
    7 	 0.042814 	 0.693118 	 1.386175
    8 	 0.044920 	 0.744105 	 3.279783
    9 	 0.038066 	 0.659585 	 2.994924
   10 	 0.234237 	 0.775513 	 5.154101
   11 	 0.095102 	 0.893007 	 4.234687
   12 	 0.041589 	 0.774422 	 1.821376
   13 	 0.043849 	 0.820212 	 3.287294
   14 	 0.041546 	 0.997959 	 3.983934
   15 	 0.039625 	 0.984999 	 4.558951
   16 	 0.035645 	 0.922356 	 3.431167
   17 	 0.205341 	 1.045649 	 5.103992
   18 	 0.041896 	 0.963413 	 5.735988
   19 	 0.157231 	 0.924200 	 2.524992
   20 	 0.169162 	 1.063082 	 5.680042
   21 	 0.311821 	 1.047595 	 3.215532
   22 	 0.166902 	 0.914295 	 2.152326
   23 	 0.298701 	 0.947093 	 2.257691
   24 	 0.040103 	 1.045239 	 4.496362
   25 	 0.418834 	 1.017262 	 2.353825
   26 	 0.217133 	 1.019753 	 8.710544
   27 	 0.403270 	 0.953026 	 1.956239
   28 	 0.113848 	 1.022537 	 2.915167
   29 	 0.490451 	 1.018906 	 2.133409
   30 	 0.331976 	 0.986762 	 4.171046
   31 	 0.037691 	 0.932823 	 1.645952
   32 	 0.235930 	 1.018288 	 2.651986
   33 	 0.113919 	 1.230107 	 12.954937
   34 	 0.120556 	 0.975369 	 2.832621
   35 	 0.028904 	 0.960222 	 4.169816
   36 	 0.343110 	 1.060984 	 5.732088
   37 	 0.237568 	 1.222746 	 12.952665
   38 	 0.172283 	 0.976354 	 2.300915
   39 	 0.076729 	 0.952766 	 3.498114
   40 	 0.422652 	 1.035776 	 4.088583
   41 	 0.282676 	 1.134011 	 6.368268
   42 	 0.240334 	 0.966077 	 2.087894
   43 	 0.156119 	 0.948296 	 3.058324
   44 	 0.039402 	 1.017211 	 3.573552
   45 	 0.322401 	 1.091986 	 4.332397
   46 	 0.274104 	 1.065558 	 8.764046
   47 	 0.036741 	 0.954444 	 2.580636
   48 	 0.113622 	 1.018972 	 3.213327
   49 	 0.380962 	 1.206915 	 13.116223
   50 	 0.306897 	 1.034036 	 6.237462
   51 	 0.039709 	 0.929832 	 2.378338
   52 	 0.159171 	 1.007597 	 2.566758
   53 	 0.039560 	 1.259371 	 11.572924
   54 	 0.117805 	 1.005548 	 4.175874
   55 	 0.086020 	 1.003863 	 7.821080
   56 	 0.234512 	 1.050764 	 6.357076
   57 	 0.127256 	 1.163250 	 7.626607
   58 	 0.156353 	 0.984037 	 3.649475
   59 	 0.130227 	 1.013723 	 5.829001
   60 	 0.127755 	 1.035546 	 5.105864
   61 	 0.121842 	 1.116132 	 5.576407
   62 	 0.125479 	 1.086079 	 5.654361
   63 	 0.177007 	 1.054011 	 6.198029
   64 	 0.174842 	 1.081799 	 5.917890
   65 	 0.160176 	 1.064476 	 3.891645
   66 	 0.167544 	 1.064306 	 3.788716
   67 	 0.254017 	 1.031115 	 4.890546
   68 	 0.257346 	 1.055551 	 3.896451
   69 	 0.201790 	 1.050206 	 3.253304
   70 	 0.253450 	 1.070554 	 3.396206
   71 	 0.037930 	 1.027029 	 3.637817
   72 	 0.037968 	 1.005088 	 3.047386
   73 	 0.269475 	 1.161961 	 8.458117
   74 	 0.323364 	 1.240203 	 8.419744
   75 	 0.116888 	 1.008324 	 2.882282
   76 	 0.118147 	 0.985554 	 2.477305
   77 	 0.306986 	 1.087097 	 5.071307
   78 	 0.303908 	 1.117326 	 4.899340
   79 	 0.194114 	 0.986443 	 2.582070
   80 	 0.039894 	 0.987380 	 2.697441
   81 	 0.377762 	 1.057953 	 3.540898
   82 	 0.034702 	 1.231161 	 8.850002
   83 	 0.276152 	 0.965702 	 2.258040
   84 	 0.112069 	 1.161051 	 9.749395
   85 	 0.120587 	 1.023123 	 2.877270
   86 	 0.100773 	 1.119876 	 5.400480
   87 	 0.338493 	 1.031356 	 5.385391
   88 	 0.040821 	 1.063964 	 6.016218
   89 	 0.182959 	 1.010396 	 2.477743
   90 	 0.115314 	 1.159413 	 8.777991
   91 	 0.117332 	 0.987869 	 3.798533
   92 	 0.091485 	 1.061186 	 5.542801
   93 	 0.039549 	 1.084077 	 5.145841
   94 	 0.178244 	 1.146592 	 6.231104
   95 	 0.039122 	 1.049968 	 9.212458
   96 	 0.036901 	 0.990810 	 3.978617
   97 	 0.107787 	 1.137756 	 8.910878
   98 	 0.246809 	 1.283917 	 9.803839
   99 	 0.040175 	 0.999106 	 5.656526
  100 	 0.101288 	 0.971169 	 3.206063
  101 	 0.174531 	 1.180589 	 9.498917
  102 	 0.305702 	 1.188257 	 5.872406
  103 	 0.036469 	 0.965342 	 4.038258
  104 	 0.037144 	 0.947790 	 2.696859
  105 	 0.116668 	 1.233377 	 13.321025
  106 	 0.360509 	 1.239881 	 9.780494
  107 	 0.074682 	 1.017149 	 5.163473
  108 	 0.101486 	 0.943281 	 2.306227
  109 	 0.132912 	 1.125606 	 7.153971
  110 	 0.310463 	 1.169078 	 7.570834
  111 	 0.038659 	 1.002363 	 4.952656
  112 	 0.130919 	 0.957881 	 2.580892
  113 	 0.037899 	 1.155850 	 5.309610
  114 	 0.117903 	 1.120925 	 5.101555
  115 	 0.185922 	 1.135947 	 9.009089
  116 	 0.118402 	 1.005892 	 5.235513
  117 	 0.110203 	 1.098003 	 3.803415
  118 	 0.037359 	 1.088098 	 5.672083
  119 	 0.118656 	 1.067383 	 5.580275
  120 	 0.117996 	 1.242814 	 9.402089
  121 	 0.126877 	 1.046939 	 3.101950
  122 	 0.105219 	 1.072983 	 5.232962
  123 	 0.315512 	 1.171493 	 5.208969
  124 	 0.109468 	 1.207222 	 5.925182
  125 	 0.189320 	 1.030220 	 2.842425
  126 	 0.166470 	 1.087752 	 5.728420
  127 	 0.130585 	 1.105848 	 3.930512
  128 	 0.038609 	 1.131396 	 4.318344
  129 	 0.250275 	 1.077787 	 5.110265
  130 	 0.034649 	 1.174752 	 13.349457
  131 	 0.193223 	 1.056255 	 3.170832
  132 	 0.074524 	 1.164009 	 10.025168
  133 	 0.309030 	 1.058139 	 4.356860
  134 	 0.099105 	 1.087800 	 7.162079
  135 	 0.226144 	 1.015273 	 2.672868
  136 	 0.129174 	 1.081613 	 5.678418
  137 	 0.127981 	 1.043512 	 3.433546
  138 	 0.174109 	 1.131972 	 5.725193
  139 	 0.285825 	 1.087639 	 5.076639
  140 	 0.173566 	 1.050577 	 4.113377
  141 	 0.146284 	 1.020773 	 2.786098
  142 	 0.037464 	 1.039285 	 4.122588
  143 	 0.135193 	 1.049744 	 4.653672
  144 	 0.196251 	 1.184349 	 9.392892
  145 	 0.036862 	 1.040148 	 4.906950
  146 	 0.105731 	 1.025562 	 3.826265
  147 	 0.200967 	 1.115444 	 9.807613
  148 	 0.256722 	 1.103071 	 5.723095
  149 	 0.039540 	 0.998366 	 3.758456
  150 	 0.172765 	 1.012780 	 3.107308
  151 	 0.263522 	 1.219480 	 9.505024
  152 	 0.315218 	 1.043005 	 3.143192
  153 	 0.102092 	 0.970057 	 3.043014
  154 	 0.100638 	 0.992347 	 2.629378
  155 	 0.317974 	 1.139611 	 5.844823
  156 	 0.036802 	 1.068846 	 6.033631
  157 	 0.169207 	 0.968722 	 2.610463
  158 	 0.039570 	 1.074656 	 9.451651
  159 	 0.039068 	 1.071423 	 4.267905
  160 	 0.104990 	 1.098279 	 9.210660
  161 	 0.230787 	 1.139104 	 9.599887
  162 	 0.041364 	 1.067219 	 6.157426
  163 	 0.103425 	 1.040640 	 3.335705
  164 	 0.160706 	 1.102784 	 9.392818
  165 	 0.296559 	 1.036094 	 5.799641
  166 	 0.105732 	 1.038362 	 5.075976
  167 	 0.170397 	 1.035793 	 2.765032
  168 	 0.088027 	 1.060654 	 5.853719
  169 	 0.304422 	 1.019597 	 4.177159
  170 	 0.168841 	 1.105621 	 6.517758
  171 	 0.110062 	 1.016158 	 2.934942
  172 	 0.116953 	 0.987119 	 4.274574
  173 	 0.108952 	 1.026460 	 5.708994
  174 	 0.231972 	 1.171312 	 5.421445
  175 	 0.171928 	 1.032925 	 2.585561
  176 	 0.180870 	 0.950411 	 2.925930
  177 	 0.113115 	 1.000856 	 4.150621
  178 	 0.119009 	 1.111720 	 4.065542
  179 	 0.109871 	 1.069264 	 6.692778
  180 	 0.040939 	 0.937695 	 2.572491
  181 	 0.147975 	 1.053318 	 5.715228
  182 	 0.379134 	 1.227981 	 12.946802
  183 	 0.173867 	 1.084521 	 5.426658
  184 	 0.077023 	 0.938049 	 2.231476
  185 	 0.129755 	 1.005055 	 4.184680
  186 	 0.434768 	 1.150151 	 8.824316
  187 	 0.235306 	 1.114536 	 6.022089
  188 	 0.112030 	 0.930318 	 2.122835
  189 	 0.164954 	 0.998603 	 3.681799
  190 	 0.457052 	 1.122336 	 5.523961
  191 	 0.263908 	 1.110803 	 4.968839
  192 	 0.132788 	 0.929615 	 1.915151
  193 	 0.198652 	 0.978528 	 2.715856
  194 	 0.504986 	 1.126791 	 4.955709
  195 	 0.123475 	 1.056405 	 3.736201
  196 	 0.199171 	 0.932754 	 1.847450
  197 	 0.263068 	 1.025145 	 5.195472
  198 	 0.118900 	 1.083932 	 3.783993
  199 	 0.191140 	 1.058097 	 3.340372
  200 	 0.259801 	 0.997935 	 5.321994
  201 	 0.290506 	 1.004803 	 3.902593
  202 	 0.185495 	 1.051682 	 3.077856
  203 	 0.039734 	 1.025608 	 2.812102
  204 	 0.129902 	 0.980912 	 3.990509
  205 	 0.347560 	 1.128630 	 13.152024
  206 	 0.246554 	 1.076581 	 5.128162
  207 	 0.039334 	 1.002336 	 2.423303
  208 	 0.192557 	 0.997097 	 3.208687
  209 	 0.401864 	 1.148828 	 9.548008
  210 	 0.305457 	 1.040762 	 3.876611
  211 	 0.104025 	 0.993298 	 2.141492
  212 	 0.255564 	 1.003843 	 2.926059
  213 	 0.116084 	 1.092945 	 7.111129
  214 	 0.337569 	 1.036752 	 2.797483
  215 	 0.139349 	 1.047172 	 6.562385
  216 	 0.124378 	 0.988927 	 2.485225
  217 	 0.151545 	 1.077324 	 5.693172
  218 	 0.131431 	 1.066370 	 5.089625
  219 	 0.174536 	 1.007373 	 4.534216
  220 	 0.039216 	 0.998702 	 5.088265
  221 	 0.040143 	 1.031538 	 4.172992
  222 	 0.195139 	 1.215578 	 13.189802
  223 	 0.237570 	 1.114434 	 9.501820
  224 	 0.035466 	 0.976795 	 3.842628
  225 	 0.104842 	 1.009738 	 3.651372
  226 	 0.120883 	 1.244432 	 13.876188
  227 	 0.269051 	 1.148593 	 7.070011
  228 	 0.071658 	 1.047656 	 5.967173
  229 	 0.118676 	 0.987754 	 3.274923
  230 	 0.130314 	 1.082983 	 6.908060
  231 	 0.301058 	 1.184428 	 6.124608
  232 	 0.144002 	 1.082776 	 5.649283
  233 	 0.161288 	 0.974364 	 2.964213
  234 	 0.174988 	 1.042908 	 4.782359
  235 	 0.235333 	 1.132270 	 5.061048
  236 	 0.207527 	 1.080408 	 4.560215
  237 	 0.131090 	 1.010283 	 3.649196
  238 	 0.128870 	 1.001435 	 3.265555
  239 	 0.271157 	 1.122926 	 4.995249
  240 	 0.040148 	 1.088152 	 5.495406
  241 	 0.124485 	 0.950960 	 2.260847
  242 	 0.179762 	 1.236778 	 13.046505
  243 	 0.434868 	 1.196008 	 6.219501
  244 	 0.075645 	 1.068321 	 4.250576
  245 	 0.159586 	 0.960335 	 2.122384
  246 	 0.148882 	 1.053110 	 8.132859
  247 	 0.463245 	 1.132591 	 4.701759
  248 	 0.122412 	 1.097075 	 5.400102
  249 	 0.036854 	 0.933628 	 1.936689
  250 	 0.047573 	 1.008071 	 4.913724
  251 	 0.502800 	 1.264935 	 10.208857
  252 	 0.038270 	 1.132506 	 7.771610
  253 	 0.097447 	 0.918271 	 1.850181
  254 	 0.127670 	 1.084544 	 8.979118
  255 	 0.125604 	 1.218620 	 6.307265
  256 	 0.041149 	 1.073504 	 6.010707
  257 	 0.157442 	 0.964240 	 5.356065
  258 	 0.165153 	 1.132932 	 8.572700
  259 	 0.031725 	 1.139155 	 4.575789
  260 	 0.115824 	 1.038559 	 4.419838
  261 	 0.036926 	 1.073520 	 11.464636
  262 	 0.224007 	 1.081460 	 5.293138
  263 	 0.086762 	 1.286718 	 13.222980
  264 	 0.130583 	 1.026825 	 3.727068
  265 	 0.075419 	 1.046700 	 6.255381
  266 	 0.036575 	 1.039497 	 4.125478
  267 	 0.114773 	 1.231489 	 6.626076
  268 	 0.238040 	 1.192346 	 10.238017
  269 	 0.036871 	 1.018423 	 4.688312
  270 	 0.036932 	 0.976298 	 3.414102
  271 	 0.134256 	 1.291000 	 10.207131
  272 	 0.137213 	 1.444379 	 13.655244
  273 	 0.036764 	 1.040422 	 5.863169
  274 	 0.036797 	 1.027602 	 5.763248
  275 	 0.169208 	 1.357095 	 10.775666
  276 	 0.172190 	 1.372251 	 10.834574
  277 	 0.092347 	 1.026939 	 4.865978
  278 	 0.091840 	 0.976050 	 2.642785
  279 	 0.203987 	 1.210309 	 6.838972
  280 	 0.127632 	 1.262828 	 6.750359
  281 	 0.127853 	 1.014716 	 3.243733
  282 	 0.145886 	 1.014518 	 4.981762
  283 	 0.036692 	 1.179571 	 5.072940
  284 	 0.198615 	 1.191093 	 5.417522
  285 	 0.036840 	 1.053786 	 7.385982
  286 	 0.183358 	 0.994017 	 3.935223
  287 	 0.134022 	 1.225350 	 10.829598
  288 	 0.248835 	 1.142369 	 4.186594
  289 	 0.040169 	 1.001599 	 5.344117
  290 	 0.037127 	 0.960974 	 3.411394
  291 	 0.185583 	 1.318055 	 11.838617
  292 	 0.036723 	 1.281453 	 12.783248
  293 	 0.037420 	 0.972996 	 4.147944
  294 	 0.037506 	 1.031842 	 7.750526
  295 	 0.122429 	 1.281082 	 13.137120
  296 	 0.127740 	 1.291418 	 8.665036
  297 	 0.075786 	 1.049905 	 5.052305
  298 	 0.114830 	 0.973456 	 4.544636
  299 	 0.195779 	 1.176499 	 8.555328
  300 	 0.215660 	 1.182879 	 5.124791
  301 	 0.116360 	 1.036096 	 4.221567
  302 	 0.192208 	 0.979801 	 3.434542
  303 	 0.233805 	 1.123134 	 5.084921
  304 	 0.284702 	 1.120552 	 4.076503
  305 	 0.193154 	 0.999283 	 3.669656
  306 	 0.037254 	 0.959158 	 3.046901
  307 	 0.266762 	 1.133868 	 4.268873
  308 	 0.040336 	 1.391374 	 13.165851
  309 	 0.037356 	 1.002625 	 3.248205
  310 	 0.075718 	 1.056380 	 8.379717
  311 	 0.037363 	 1.218044 	 12.745988
  312 	 0.118221 	 1.291747 	 8.739903
  313 	 0.041066 	 1.131561 	 13.575387
  314 	 0.039610 	 1.010522 	 6.372622
  315 	 0.037435 	 1.267843 	 12.536705
  316 	 0.155916 	 1.437336 	 12.769752
  317 	 0.079520 	 1.261178 	 12.733192
  318 	 0.078073 	 1.006172 	 5.047554
  319 	 0.078282 	 1.182902 	 8.290474
  320 	 0.196608 	 1.301568 	 8.563588
  321 	 0.119802 	 1.161189 	 8.376452
  322 	 0.116281 	 0.994623 	 4.249743
  323 	 0.118799 	 1.141045 	 6.214943
  324 	 0.121342 	 1.208432 	 6.408471
  325 	 0.159907 	 1.147881 	 6.447478
  326 	 0.155028 	 1.019996 	 6.114619
  327 	 0.154034 	 1.099437 	 4.974955
  328 	 0.038454 	 1.118749 	 5.070272
  329 	 0.036853 	 1.055703 	 5.124685
  330 	 0.195600 	 1.112720 	 12.398602
  331 	 0.193540 	 1.217785 	 13.670066
  332 	 0.080388 	 1.158876 	 4.156274
  333 	 0.072933 	 1.050249 	 4.350848
  334 	 0.131427 	 1.066653 	 8.397164
  335 	 0.227612 	 1.165284 	 8.769367
  336 	 0.118492 	 1.173607 	 5.759474
  337 	 0.113487 	 1.038374 	 3.706289
  338 	 0.172364 	 1.067800 	 6.223071
  339 	 0.094714 	 1.120406 	 6.570853
  340 	 0.039544 	 1.121119 	 4.660612
  341 	 0.116536 	 1.063219 	 7.495456
  342 	 0.212797 	 1.172564 	 12.233242
  343 	 0.132667 	 1.153523 	 6.343733
  344 	 0.081487 	 1.098083 	 3.921613
  345 	 0.037689 	 1.015602 	 5.754823
  346 	 0.238851 	 1.112125 	 8.320385
  347 	 0.172535 	 1.268274 	 12.692070
  348 	 0.119580 	 1.076390 	 3.602942
  349 	 0.078446 	 0.997863 	 4.656900
  350 	 0.274421 	 1.082982 	 6.415180
  351 	 0.037864 	 1.163943 	 8.536330
  352 	 0.154946 	 1.062684 	 3.193658
  353 	 0.035687 	 1.297528 	 13.483716
  354 	 0.309037 	 1.061669 	 5.228879
  355 	 0.073950 	 1.351927 	 13.891295
  356 	 0.121421 	 1.036260 	 2.847080
  357 	 0.071798 	 1.238860 	 8.877077
  358 	 0.036941 	 1.092389 	 6.340290
  359 	 0.112161 	 1.246052 	 8.438931
  360 	 0.036902 	 1.139396 	 11.955851
  361 	 0.117824 	 1.129015 	 6.231448
  362 	 0.083371 	 1.164946 	 11.961494
  363 	 0.159425 	 1.193974 	 6.078136
  364 	 0.037199 	 1.146986 	 8.705399
  365 	 0.163334 	 1.068450 	 4.851427
  366 	 0.038189 	 1.193526 	 8.362847
  367 	 0.118911 	 1.133733 	 4.408515
  368 	 0.118992 	 1.300951 	 13.005740
  369 	 0.222895 	 1.125036 	 6.344732
  370 	 0.076623 	 1.156219 	 6.439493
  371 	 0.037892 	 1.071931 	 3.705143
  372 	 0.132758 	 1.140499 	 8.855557
  373 	 0.267277 	 1.256831 	 13.334703
  374 	 0.112361 	 1.197780 	 5.572337
  375 	 0.074740 	 1.043248 	 3.209484
  376 	 0.177966 	 1.084108 	 6.193429
  377 	 0.308016 	 1.201339 	 8.400568
  378 	 0.160315 	 1.146661 	 4.499104
  379 	 0.039541 	 1.027465 	 2.819155
  380 	 0.220099 	 1.076704 	 5.086088
  381 	 0.350207 	 1.267535 	 11.595413
  382 	 0.194826 	 1.088142 	 3.578801
  383 	 0.085895 	 1.013276 	 2.587276
  384 	 0.037343 	 1.041984 	 3.871078
  385 	 0.351837 	 1.175244 	 7.680780
  386 	 0.037355 	 1.150963 	 9.916423
  387 	 0.129408 	 1.030897 	 2.407683
  388 	 0.040171 	 1.338320 	 13.148358
  389 	 0.037221 	 1.097210 	 5.678322
  390 	 0.074891 	 1.220334 	 11.511257
  391 	 0.174672 	 1.158577 	 11.915995
  392 	 0.039642 	 1.193354 	 7.225877
  393 	 0.083593 	 1.045044 	 4.517286
  394 	 0.137186 	 1.250354 	 11.581790
  395 	 0.219222 	 1.158280 	 7.674993
  396 	 0.038011 	 1.114862 	 5.189791
  397 	 0.129358 	 1.011759 	 3.760500
  398 	 0.038137 	 1.281833 	 11.804816
  399 	 0.262660 	 1.120655 	 5.679949
 