   0 	 0.014011 	 0.055894 	 0.427698
    1 	 0.017375 	 0.106196 	 0.552333
    2 	 0.021766 	 0.187954 	 0.714442
    3 	 0.031124 	 0.296165 	 2.250546
    4 	 0.035085 	 0.597594 	 3.392695
    5 	 0.035254 	 1.171447 	 5.256938
    6 	 0.037487 	 1.395187 	 5.063542
    7 	 0.150876 	 1.227703 	 5.442636
    8 	 0.119142 	 0.985144 	 5.747990
    9 	 0.035875 	 0.948381 	 3.450588
   10 	 0.111004 	 1.237288 	 5.273101
   11 	 0.037911 	 1.388717 	 10.123988
   12 	 0.036939 	 0.876485 	 5.509532
   13 	 0.039246 	 1.196899 	 9.224183
   14 	 0.038459 	 1.484647 	 5.082926
   15 	 0.038451 	 1.403197 	 8.464097
   16 	 0.037105 	 1.117536 	 9.177772
   17 	 0.113772 	 1.196859 	 9.178415
   18 	 0.108030 	 1.702246 	 9.652997
   19 	 0.108168 	 1.280681 	 5.426757
   20 	 0.038526 	 0.991862 	 5.601295
   21 	 0.039163 	 1.064571 	 5.495486
   22 	 0.040099 	 1.554730 	 9.172102
   23 	 0.179663 	 1.387458 	 9.118848
   24 	 0.108195 	 1.047821 	 9.041658
   25 	 0.108722 	 0.982752 	 3.867535
   26 	 0.109743 	 1.368011 	 5.344891
   27 	 0.253721 	 1.301866 	 5.579665
   28 	 0.184659 	 0.973351 	 5.548052
   29 	 0.127083 	 0.918827 	 2.559225
   30 	 0.177716 	 1.252096 	 3.794219
   31 	 0.379057 	 1.236556 	 4.854778
   32 	 0.100302 	 0.941870 	 4.028748
   33 	 0.098396 	 0.891208 	 2.224412
   34 	 0.123747 	 1.240030 	 5.854738
   35 	 0.311937 	 1.301502 	 5.640301
   36 	 0.121481 	 0.953605 	 5.148084
   37 	 0.175107 	 0.901716 	 2.614812
   38 	 0.107851 	 1.235568 	 5.208862
   39 	 0.341141 	 1.218315 	 4.071550
   40 	 0.189116 	 0.998447 	 5.606916
   41 	 0.037693 	 0.911091 	 2.429300
   42 	 0.176136 	 1.171005 	 3.851845
   43 	 0.400032 	 1.258033 	 9.242719
   44 	 0.114920 	 0.991506 	 3.931800
   45 	 0.107374 	 0.904995 	 2.125254
   46 	 0.249856 	 1.165632 	 5.159423
   47 	 0.265294 	 1.217231 	 5.644162
   48 	 0.121469 	 0.960982 	 3.121525
   49 	 0.174988 	 0.915910 	 2.942094
   50 	 0.313350 	 1.157278 	 4.897892
   51 	 0.136079 	 1.140340 	 4.073512
   52 	 0.200961 	 0.948795 	 2.553956
   53 	 0.241312 	 0.955719 	 4.570819
   54 	 0.313643 	 1.082555 	 3.683772
   55 	 0.036650 	 1.088726 	 3.134678
   56 	 0.266363 	 0.979445 	 2.603201
   57 	 0.117465 	 1.024617 	 9.332689
   58 	 0.374013 	 1.050819 	 2.974746
   59 	 0.106355 	 1.089025 	 5.340037
   60 	 0.303385 	 0.966692 	 2.253199
   61 	 0.184685 	 1.065456 	 5.418446
   62 	 0.352424 	 1.024440 	 2.679639
   63 	 0.181929 	 1.055637 	 3.929511
   64 	 0.347179 	 0.987545 	 2.364490
   65 	 0.249475 	 1.023506 	 3.972524
   66 	 0.410797 	 1.021456 	 2.350846
   67 	 0.247413 	 1.036635 	 3.132093
   68 	 0.038853 	 0.971942 	 2.080744
   69 	 0.037347 	 0.984288 	 3.152456
   70 	 0.131692 	 1.139638 	 9.203645
   71 	 0.311735 	 1.137426 	 9.332969
   72 	 0.108171 	 1.043621 	 4.962989
   73 	 0.106352 	 0.957317 	 2.577826
   74 	 0.198669 	 1.067106 	 5.618903
   75 	 0.118864 	 1.117364 	 5.676928
   76 	 0.175787 	 1.003965 	 3.724820
   77 	 0.115434 	 0.965742 	 5.190394
   78 	 0.039227 	 1.016793 	 4.071877
   79 	 0.038965 	 1.180350 	 5.496502
   80 	 0.130237 	 1.154574 	 9.172015
   81 	 0.178524 	 1.041724 	 9.194104
   82 	 0.108157 	 1.042859 	 4.981638
   83 	 0.108236 	 1.126532 	 4.027005
   84 	 0.120192 	 1.074272 	 5.619335
   85 	 0.244093 	 0.987524 	 5.616855
   86 	 0.176668 	 1.054693 	 5.263390
   87 	 0.175724 	 1.089861 	 3.428099
   88 	 0.083969 	 1.036745 	 4.045833
   89 	 0.272123 	 0.971219 	 4.072929
   90 	 0.244688 	 1.059545 	 6.503273
   91 	 0.243077 	 1.060927 	 2.917805
   92 	 0.152136 	 1.002500 	 3.179769
   93 	 0.039707 	 0.942434 	 3.196148
   94 	 0.307733 	 1.049304 	 4.505807
   95 	 0.306190 	 1.187270 	 9.415543
   96 	 0.037801 	 0.965674 	 2.672132
   97 	 0.037877 	 0.906962 	 2.659647
   98 	 0.368035 	 1.112203 	 9.293562
   99 	 0.366375 	 1.207814 	 9.287016
  100 	 0.106837 	 0.965598 	 2.283965
  101 	 0.106778 	 0.919120 	 2.454743
  102 	 0.311627 	 1.108787 	 6.138616
  103 	 0.394362 	 1.122776 	 4.757871
  104 	 0.161822 	 0.986533 	 2.593851
  105 	 0.208209 	 0.927450 	 2.154422
  106 	 0.037242 	 1.056756 	 4.646359
  107 	 0.036802 	 1.076879 	 3.443422
  108 	 0.040526 	 1.024597 	 7.773541
  109 	 0.286663 	 1.021417 	 9.380730
  110 	 0.039016 	 1.159073 	 12.265991
  111 	 0.101583 	 1.054272 	 3.015113
  112 	 0.081228 	 1.203270 	 8.531278
  113 	 0.327213 	 1.038260 	 6.003021
  114 	 0.116655 	 1.102866 	 8.181420
  115 	 0.037309 	 1.029291 	 2.686634
  116 	 0.121194 	 1.129245 	 5.433620
  117 	 0.130772 	 1.080248 	 7.769487
  118 	 0.077841 	 1.041908 	 5.780543
  119 	 0.127994 	 1.055436 	 4.985733
  120 	 0.037299 	 1.133784 	 6.295585
  121 	 0.036812 	 1.003729 	 4.784834
  122 	 0.036960 	 1.117118 	 12.771549
  123 	 0.205989 	 1.230925 	 9.178806
  124 	 0.037146 	 1.210354 	 8.477435
  125 	 0.036945 	 0.972645 	 3.518789
  126 	 0.117244 	 1.147253 	 9.578702
  127 	 0.037313 	 1.214972 	 8.684717
  128 	 0.034301 	 1.099070 	 5.116561
  129 	 0.114117 	 1.109975 	 11.532356
  130 	 0.110914 	 1.192409 	 12.869937
  131 	 0.085601 	 1.146635 	 6.348513
  132 	 0.077439 	 1.149727 	 6.084895
  133 	 0.143786 	 1.049530 	 5.410853
  134 	 0.037158 	 1.132540 	 5.888525
  135 	 0.106542 	 1.179756 	 5.020426
  136 	 0.036825 	 1.255293 	 12.413349
  137 	 0.199083 	 1.102717 	 7.510778
  138 	 0.078651 	 1.266631 	 12.849414
  139 	 0.132419 	 1.147339 	 3.793799
  140 	 0.077563 	 1.164218 	 9.289254
  141 	 0.260200 	 1.069225 	 5.766378
  142 	 0.107178 	 1.192391 	 4.949737
  143 	 0.172124 	 1.106650 	 2.928329
  144 	 0.139196 	 1.103042 	 7.475060
  145 	 0.263722 	 1.052993 	 5.032115
  146 	 0.037070 	 1.223317 	 5.549507
  147 	 0.198589 	 1.108000 	 2.701325
  148 	 0.178747 	 1.134699 	 7.246062
  149 	 0.364335 	 1.064945 	 4.950754
  150 	 0.137911 	 1.205669 	 5.514297
  151 	 0.201949 	 1.100687 	 2.725276
  152 	 0.040313 	 1.106214 	 6.881798
  153 	 0.122884 	 1.050045 	 4.776720
  154 	 0.036876 	 1.394379 	 22.876362
  155 	 0.120283 	 1.196243 	 7.675560
  156 	 0.043653 	 1.568126 	 25.855617
  157 	 0.119949 	 1.110511 	 7.640391
  158 	 0.038614 	 1.347885 	 21.252473
  159 	 0.130429 	 1.274434 	 8.213616
  160 	 0.047042 	 1.575808 	 18.792069
  161 	 0.121722 	 1.129272 	 7.517142
  162 	 0.053193 	 1.340796 	 20.814991
  163 	 0.132842 	 1.264133 	 8.043603
  164 	 0.048040 	 1.562124 	 18.184127
  165 	 0.121697 	 1.138663 	 7.339881
  166 	 0.036834 	 1.329306 	 19.440120
  167 	 0.131441 	 1.319945 	 7.949335
  168 	 0.051437 	 1.692230 	 17.364124
  169 	 0.125654 	 1.177941 	 7.120417
  170 	 0.057470 	 1.378159 	 18.783791
  171 	 0.036966 	 1.365322 	 7.628307
  172 	 0.053228 	 1.690893 	 14.469989
  173 	 0.131060 	 1.622335 	 21.755412
  174 	 0.069039 	 1.360545 	 17.659178
  175 	 0.036764 	 1.333202 	 7.526732
  176 	 0.056617 	 1.613549 	 14.116534
  177 	 0.036787 	 1.993845 	 26.480495
  178 	 0.027484 	 1.346068 	 17.356020
  179 	 0.036755 	 1.485647 	 21.840160
  180 	 0.057611 	 1.834235 	 35.107059
  181 	 0.045783 	 2.321724 	 25.936875
  182 	 0.028483 	 1.325405 	 15.012545
  183 	 0.038552 	 1.480793 	 21.375078
  184 	 0.066607 	 1.810787 	 33.917269
  185 	 0.036669 	 2.277415 	 25.282860
  186 	 0.029483 	 1.343252 	 14.791468
  187 	 0.039551 	 1.753092 	 26.546983
  188 	 0.036855 	 1.764270 	 31.966590
  189 	 0.030210 	 2.254738 	 24.660341
  190 	 0.031282 	 1.645398 	 26.416237
  191 	 0.040549 	 1.822738 	 32.040958
  192 	 0.037854 	 1.656661 	 30.977303
  193 	 0.031209 	 2.214966 	 24.067787
  194 	 0.032281 	 1.631134 	 25.737317
  195 	 0.041548 	 1.869173 	 31.047130
  196 	 0.038853 	 1.933963 	 30.047467
  197 	 0.032208 	 2.233496 	 22.969547
  198 	 0.033280 	 1.621153 	 25.092468
  199 	 0.043534 	 2.125348 	 30.113157
  200 	 0.039851 	 1.905617 	 29.171882
  201 	 0.033207 	 2.270676 	 22.454741
  202 	 0.034278 	 1.597109 	 24.066804
  203 	 0.044532 	 2.371954 	 29.233791
  204 	 0.041549 	 2.148247 	 28.345935
  205 	 0.034193 	 2.234647 	 21.962547
  206 	 0.035277 	 1.659813 	 23.502149
  207 	 0.045530 	 2.413441 	 28.414953
  208 	 0.037513 	 2.096678 	 27.043704
  209 	 0.035191 	 1.991499 	 20.502601
  210 	 0.036976 	 1.923555 	 25.501539
  211 	 0.048770 	 2.472726 	 27.630785
  212 	 0.039211 	 2.067136 	 26.332536
  213 	 0.036189 	 2.050463 	 20.092315
  214 	 0.037973 	 1.879234 	 24.868988
  215 	 0.049768 	 2.339098 	 26.392681
  216 	 0.040034 	 2.315021 	 25.567155
  217 	 0.037888 	 2.106313 	 18.563962
  218 	 0.039110 	 1.845254 	 23.961296
  219 	 0.037568 	 2.293212 	 25.714957
  220 	 0.041732 	 2.335620 	 24.587710
  221 	 0.038885 	 2.363084 	 25.927889
  222 	 0.040670 	 1.922880 	 23.401532
  223 	 0.038567 	 2.236968 	 25.071881
  224 	 0.042730 	 2.300821 	 23.918619
  225 	 0.018858 	 2.495748 	 25.273562
  226 	 0.041805 	 1.771086 	 22.867369
  227 	 0.036851 	 3.090973 	 50.358540
  228 	 0.036923 	 2.327418 	 23.361495
  229 	 0.019857 	 3.022748 	 26.419694
  230 	 0.037104 	 2.083493 	 26.369251
  231 	 0.037849 	 3.031630 	 47.945010
  232 	 0.036802 	 2.854965 	 26.243893
  233 	 0.020857 	 2.985885 	 25.740598
  234 	 0.038103 	 2.346491 	 26.453425
  235 	 0.038343 	 2.977290 	 45.752331
  236 	 0.037801 	 2.813558 	 25.573703
  237 	 0.021856 	 2.954690 	 25.417463
  238 	 0.039101 	 2.375303 	 25.772614
  239 	 0.039341 	 2.926181 	 43.751519
  240 	 0.038799 	 2.855626 	 24.936937
  241 	 0.022856 	 2.909853 	 24.788370
  242 	 0.040100 	 2.339651 	 25.126015
  243 	 0.040340 	 2.913152 	 41.918449
  244 	 0.039798 	 2.812784 	 24.331158
  245 	 0.023855 	 2.789581 	 24.189712
  246 	 0.041098 	 2.302383 	 24.511113
  247 	 0.041338 	 2.778749 	 40.232880
  248 	 0.040796 	 2.711023 	 23.754158
  249 	 0.024855 	 2.732400 	 23.619334
  250 	 0.042096 	 2.250960 	 23.925635
  251 	 0.042336 	 2.530826 	 22.805417
  252 	 0.038526 	 2.439798 	 23.203935
  253 	 0.043847 	 2.705562 	 23.075279
  254 	 0.043094 	 2.511065 	 25.299847
  255 	 0.043335 	 2.499581 	 22.297874
  256 	 0.034039 	 2.316920 	 22.678669
  257 	 0.044845 	 2.697989 	 22.555767
  258 	 0.044092 	 2.573138 	 28.539528
  259 	 0.044333 	 2.461605 	 18.889034
  260 	 0.035038 	 2.273132 	 22.176700
  261 	 0.052936 	 2.670906 	 22.059174
  262 	 0.045087 	 2.604278 	 27.748556
  263 	 0.045331 	 2.308946 	 18.540581
  264 	 0.036037 	 2.184499 	 21.698045
  265 	 0.053933 	 2.755526 	 21.584019
  266 	 0.046085 	 2.484979 	 27.000296
  267 	 0.045466 	 2.200962 	 18.204043
  268 	 0.037035 	 2.031365 	 21.238188
  269 	 0.054930 	 2.708486 	 21.337575
  270 	 0.047083 	 2.528391 	 26.291383
  271 	 0.046863 	 2.111698 	 17.879540
  272 	 0.037252 	 2.067269 	 20.797460
  273 	 0.055927 	 2.644369 	 20.892746
  274 	 0.034838 	 2.798727 	 26.142146
  275 	 0.036746 	 2.157923 	 17.566437
  276 	 0.038251 	 2.130652 	 27.903335
  277 	 0.037003 	 2.589402 	 26.492567
  278 	 0.022616 	 2.892045 	 25.477084
  279 	 0.037745 	 2.582413 	 26.313586
  280 	 0.039249 	 2.381624 	 42.343539
  281 	 0.037592 	 2.533283 	 25.809763
  282 	 0.023616 	 2.847068 	 24.845068
  283 	 0.038744 	 2.800101 	 25.911859
  284 	 0.040248 	 2.340669 	 40.624293
  285 	 0.038591 	 2.583962 	 25.161319
  286 	 0.024615 	 2.803462 	 24.243697
  287 	 0.037097 	 2.755582 	 25.258332
  288 	 0.021147 	 2.379808 	 39.039283
  289 	 0.039589 	 2.843022 	 26.248543
  290 	 0.025615 	 3.036417 	 45.152712
  291 	 0.038096 	 2.613220 	 24.637007
  292 	 0.022147 	 2.352503 	 37.573383
  293 	 0.040588 	 2.877941 	 25.578118
  294 	 0.026614 	 2.872319 	 43.202907
  295 	 0.039093 	 2.548625 	 24.045562
  296 	 0.023146 	 2.340264 	 36.213654
  297 	 0.037903 	 2.664903 	 24.941800
  298 	 0.027613 	 2.749780 	 40.739717
  299 	 0.040092 	 2.823912 	 25.704878
  300 	 0.024545 	 2.312631 	 34.467132
  301 	 0.038902 	 2.626019 	 24.101179
  302 	 0.029012 	 2.437602 	 39.146229
  303 	 0.041490 	 2.720172 	 24.812896
  304 	 0.025544 	 2.589122 	 32.881408
  305 	 0.038475 	 2.405740 	 23.315436
  306 	 0.030411 	 2.358675 	 37.672803
  307 	 0.042888 	 3.114059 	 25.332622
  308 	 0.026543 	 2.549046 	 31.835560
  309 	 0.035024 	 2.187412 	 22.579369
  310 	 0.031410 	 2.326828 	 36.306366
  311 	 0.037940 	 3.158299 	 27.682076
  312 	 0.027465 	 2.567368 	 30.854250
  313 	 0.036123 	 2.450316 	 25.419282
  314 	 0.032409 	 2.308225 	 35.130645
  315 	 0.039338 	 3.016862 	 26.650200
  316 	 0.028464 	 2.497000 	 29.931779
  317 	 0.037522 	 2.403144 	 24.790481
  318 	 0.033408 	 2.295975 	 33.939655
  319 	 0.040336 	 2.992664 	 25.959341
  320 	 0.029463 	 2.470784 	 28.728857
  321 	 0.038520 	 2.376493 	 24.191722
  322 	 0.034807 	 2.542854 	 32.401040
  323 	 0.035090 	 2.956583 	 25.303824
  324 	 0.030862 	 2.708502 	 27.927490
  325 	 0.030567 	 2.626395 	 27.404559
  326 	 0.035806 	 2.790285 	 31.385082
  327 	 0.036489 	 3.191954 	 31.281795
  328 	 0.017392 	 2.663412 	 26.877568
  329 	 0.031966 	 2.637505 	 26.674517
  330 	 0.037204 	 2.998536 	 53.214411
  331 	 0.037224 	 3.204789 	 30.334227
  332 	 0.018792 	 2.407008 	 25.245926
  333 	 0.032965 	 2.689342 	 26.230091
  334 	 0.035935 	 2.712292 	 49.525630
  335 	 0.038122 	 3.162661 	 29.442456
  336 	 0.020191 	 2.660468 	 26.784773
  337 	 0.033963 	 2.733731 	 25.560977
  338 	 0.037333 	 2.618143 	 46.315484
  339 	 0.036896 	 3.108267 	 28.277808
  340 	 0.021590 	 3.017399 	 25.817972
  341 	 0.035362 	 2.963645 	 26.112632
  342 	 0.038731 	 2.628991 	 43.496387
  343 	 0.036841 	 3.046747 	 27.501475
  344 	 0.022990 	 2.903786 	 24.918624
  345 	 0.036360 	 3.141701 	 26.150141
  346 	 0.040128 	 2.431537 	 30.873998
  347 	 0.036606 	 2.923072 	 26.483155
  348 	 0.032388 	 2.775066 	 24.079914
  349 	 0.037758 	 3.368906 	 26.311628
  350 	 0.041526 	 2.480414 	 29.950644
  351 	 0.038005 	 2.785516 	 25.537649
  352 	 0.033387 	 2.692714 	 21.459879
  353 	 0.037990 	 3.204878 	 25.638013
  354 	 0.046596 	 2.391262 	 28.746603
  355 	 0.039002 	 2.978870 	 24.657048
  356 	 0.034785 	 2.594057 	 20.835260
  357 	 0.040555 	 3.093810 	 24.750962
  358 	 0.047990 	 2.334317 	 27.635729
  359 	 0.040387 	 2.949781 	 23.835216
  360 	 0.036183 	 2.626792 	 20.246804
  361 	 0.041952 	 3.114812 	 23.930803
  362 	 0.049385 	 2.311661 	 26.607616
  363 	 0.041785 	 2.905997 	 23.066838
  364 	 0.037581 	 2.584560 	 19.690791
  365 	 0.043350 	 3.033170 	 23.372830
  366 	 0.050782 	 2.153626 	 17.277078
  367 	 0.042781 	 2.881837 	 22.548084
  368 	 0.057875 	 2.569558 	 19.163855
  369 	 0.044347 	 2.991762 	 22.634313
  370 	 0.052178 	 2.135712 	 16.870381
  371 	 0.044178 	 2.843310 	 21.859391
  372 	 0.048841 	 2.489427 	 18.664457
  373 	 0.045744 	 2.942930 	 21.940413
  374 	 0.038231 	 2.175627 	 19.903946
  375 	 0.045575 	 2.880637 	 21.211600
  376 	 0.050238 	 2.742213 	 25.232929
  377 	 0.047141 	 2.887311 	 21.287873
  378 	 0.039629 	 2.141743 	 19.365667
  379 	 0.046972 	 2.842932 	 20.267150
  380 	 0.051632 	 2.674877 	 23.026308
  381 	 0.049336 	 2.842687 	 19.818680
  382 	 0.043426 	 2.142896 	 18.856565
  383 	 0.050454 	 2.827301 	 19.710030
  384 	 0.053027 	 2.618770 	 21.917342
  385 	 0.035286 	 2.810648 	 19.284953
  386 	 0.045623 	 2.115899 	 18.107213
  387 	 0.051850 	 3.056377 	 27.258236
  388 	 0.055222 	 2.570047 	 20.910405
  389 	 0.036684 	 2.745711 	 18.779289
  390 	 0.047818 	 2.150158 	 17.660869
  391 	 0.037503 	 2.878202 	 18.682455
  392 	 0.037030 	 2.586461 	 20.317743
  393 	 0.053522 	 2.965494 	 25.704961
  394 	 0.043250 	 2.334836 	 26.021568
  395 	 0.038901 	 2.777379 	 18.207587
  396 	 0.038428 	 2.530197 	 19.757110
  397 	 0.054916 	 2.966249 	 24.813346
  398 	 0.050611 	 2.308715 	 25.108211
  399 	 0.025844 	 2.783258 	 17.884115
 