   0 	 0.013863 	 0.092849 	 1.551832
    1 	 0.018749 	 0.448359 	 1.878288
    2 	 0.040188 	 1.085808 	 6.338277
    3 	 0.082875 	 1.534974 	 7.620069
    4 	 0.039122 	 1.073724 	 6.803273
    5 	 0.038077 	 0.785667 	 2.974632
    6 	 0.037462 	 1.031346 	 5.589035
    7 	 0.041698 	 1.377194 	 6.902409
    8 	 0.037411 	 1.188459 	 8.015285
    9 	 0.040570 	 0.899338 	 5.359114
   10 	 0.036884 	 1.216978 	 6.143562
   11 	 0.037127 	 1.230140 	 4.015826
   12 	 0.040279 	 1.498938 	 11.633464
   13 	 0.039817 	 1.292729 	 11.584438
   14 	 0.037116 	 1.097713 	 4.761910
   15 	 0.086052 	 1.348555 	 11.652670
   16 	 0.207991 	 1.724154 	 10.089244
   17 	 0.085363 	 1.206374 	 4.774521
   18 	 0.098510 	 1.027702 	 3.350947
   19 	 0.203611 	 1.174367 	 5.203920
   20 	 0.293779 	 1.402798 	 6.230142
   21 	 0.040268 	 1.083989 	 3.575627
   22 	 0.089367 	 1.073006 	 2.825825
   23 	 0.269366 	 1.178109 	 3.969825
   24 	 0.037261 	 1.287487 	 6.994611
   25 	 0.248544 	 1.058397 	 3.017816
   26 	 0.140881 	 1.438066 	 11.190571
   27 	 0.324695 	 1.125097 	 3.220152
   28 	 0.088692 	 1.164679 	 4.824382
   29 	 0.304678 	 1.041146 	 2.586020
   30 	 0.205053 	 1.346411 	 6.636056
   31 	 0.039684 	 1.072398 	 2.727188
   32 	 0.105727 	 1.086217 	 3.744573
   33 	 0.037248 	 1.119522 	 9.834361
   34 	 0.173714 	 1.333845 	 6.030396
   35 	 0.090402 	 1.177032 	 10.075812
   36 	 0.037037 	 1.049733 	 4.242423
   37 	 0.056013 	 1.075081 	 6.377479
   38 	 0.037800 	 1.306756 	 8.372657
   39 	 0.124072 	 1.141464 	 8.169078
   40 	 0.118558 	 1.121055 	 10.020093
   41 	 0.040700 	 1.059993 	 5.250120
   42 	 0.099029 	 1.170869 	 5.538376
   43 	 0.188093 	 1.185808 	 9.337044
   44 	 0.178051 	 1.121923 	 6.044909
   45 	 0.106163 	 1.048287 	 3.998515
   46 	 0.037473 	 1.144852 	 4.165787
   47 	 0.105751 	 1.163685 	 5.791617
   48 	 0.236284 	 1.158478 	 9.627113
   49 	 0.037897 	 1.051322 	 5.808864
   50 	 0.103162 	 1.115351 	 3.303772
   51 	 0.170205 	 1.199902 	 9.588013
   52 	 0.296721 	 1.091028 	 6.379110
   53 	 0.103580 	 1.012210 	 4.147569
   54 	 0.104052 	 1.069404 	 2.753906
   55 	 0.237306 	 1.140622 	 5.883064
   56 	 0.354572 	 1.108774 	 5.866758
   57 	 0.121428 	 0.998608 	 3.292660
   58 	 0.115370 	 1.036923 	 2.350334
   59 	 0.040195 	 1.140875 	 6.991624
   60 	 0.329481 	 1.127163 	 7.300871
   61 	 0.141914 	 1.161802 	 10.137739
   62 	 0.037090 	 1.015738 	 2.526015
   63 	 0.038797 	 1.074989 	 6.635087
   64 	 0.386217 	 1.196952 	 9.662824
   65 	 0.149292 	 1.191663 	 9.506018
   66 	 0.102783 	 0.988978 	 2.209372
   67 	 0.104607 	 1.036982 	 4.636245
   68 	 0.038472 	 1.159159 	 5.910760
   69 	 0.212646 	 1.108825 	 5.847729
   70 	 0.037682 	 1.065741 	 9.535413
   71 	 0.169087 	 1.011918 	 3.583637
   72 	 0.104147 	 1.182682 	 9.607835
   73 	 0.119012 	 1.053049 	 4.246528
   74 	 0.103539 	 1.110940 	 5.863491
   75 	 0.040871 	 1.028895 	 5.393387
   76 	 0.040237 	 1.105730 	 5.884483
   77 	 0.183157 	 1.163790 	 9.322192
   78 	 0.168495 	 1.275403 	 16.171454
   79 	 0.106512 	 1.015198 	 4.007097
   80 	 0.061755 	 1.052541 	 4.257218
   81 	 0.037230 	 1.035646 	 5.783285
   82 	 0.115455 	 1.216834 	 8.859192
   83 	 0.170949 	 1.245137 	 9.649720
   84 	 0.038465 	 1.075099 	 5.765188
   85 	 0.102922 	 1.026204 	 4.213200
   86 	 0.040011 	 1.208132 	 9.143681
   87 	 0.233667 	 1.132159 	 5.905921
   88 	 0.109107 	 1.126819 	 9.397507
   89 	 0.167439 	 1.019496 	 3.332594
   90 	 0.105665 	 1.148429 	 5.697769
   91 	 0.038029 	 1.078641 	 5.253781
   92 	 0.174939 	 1.079094 	 7.778191
   93 	 0.187964 	 1.029004 	 3.525735
   94 	 0.127476 	 1.134979 	 5.088043
   95 	 0.281902 	 1.018899 	 3.365385
   96 	 0.123671 	 1.014342 	 5.157929
   97 	 0.125132 	 1.026475 	 2.834453
   98 	 0.191412 	 1.171230 	 5.261201
   99 	 0.344192 	 1.100709 	 6.815142
  100 	 0.187543 	 1.020996 	 4.739065
  101 	 0.037475 	 0.990958 	 2.724111
  102 	 0.208096 	 1.147861 	 4.781411
  103 	 0.338207 	 1.168682 	 9.627002
  104 	 0.206279 	 1.010498 	 3.584276
  105 	 0.089290 	 0.978548 	 2.562320
  106 	 0.037662 	 1.079293 	 3.607781
  107 	 0.038774 	 1.112998 	 6.784711
  108 	 0.197165 	 1.207200 	 16.874203
  109 	 0.146894 	 1.122517 	 9.117963
  110 	 0.038882 	 1.039876 	 2.909635
  111 	 0.059031 	 1.080846 	 5.349456
  112 	 0.117922 	 1.267847 	 12.207912
  113 	 0.186138 	 1.179720 	 7.890726
  114 	 0.033959 	 1.070140 	 5.295993
  115 	 0.126364 	 1.042730 	 3.939520
  116 	 0.186328 	 1.199656 	 9.582733
  117 	 0.129302 	 1.113441 	 5.069341
  118 	 0.103613 	 1.045970 	 3.887609
  119 	 0.118796 	 1.089821 	 6.626837
  120 	 0.252620 	 1.106802 	 5.962583
  121 	 0.150382 	 1.065801 	 3.767282
  122 	 0.165742 	 1.017743 	 3.629496
  123 	 0.038456 	 1.051386 	 5.770944
  124 	 0.124541 	 1.089444 	 4.350821
  125 	 0.171273 	 1.266452 	 16.298411
  126 	 0.228806 	 1.067340 	 5.201812
  127 	 0.061090 	 1.002360 	 4.184580
  128 	 0.189656 	 1.057234 	 3.972894
  129 	 0.042115 	 1.124543 	 7.576337
  130 	 0.250263 	 1.064429 	 4.756112
  131 	 0.130766 	 1.102540 	 8.848360
  132 	 0.129580 	 1.017821 	 3.213749
  133 	 0.112117 	 1.094191 	 5.015895
  134 	 0.038099 	 1.089894 	 4.988029
  135 	 0.037923 	 1.032334 	 5.463976
  136 	 0.197670 	 1.172275 	 16.750822
  137 	 0.037361 	 1.138976 	 9.189237
  138 	 0.059630 	 1.048176 	 3.723420
  139 	 0.107990 	 1.207096 	 9.236934
  140 	 0.107617 	 1.051803 	 7.853619
  141 	 0.106922 	 1.119090 	 7.640017
  142 	 0.127024 	 1.176157 	 5.703948
  143 	 0.125869 	 1.090431 	 5.623610
  144 	 0.127075 	 1.024826 	 6.852876
  145 	 0.168961 	 1.121338 	 5.142195
  146 	 0.039419 	 1.163149 	 6.667799
  147 	 0.193607 	 1.025500 	 4.225446
  148 	 0.149584 	 1.220191 	 9.064624
  149 	 0.232491 	 1.109397 	 4.530506
  150 	 0.036819 	 1.114073 	 4.602268
  151 	 0.219679 	 1.019771 	 3.296079
  152 	 0.040096 	 1.197721 	 9.485925
  153 	 0.038488 	 1.084596 	 3.479731
  154 	 0.105165 	 1.216095 	 9.276826
  155 	 0.281823 	 1.121669 	 9.141805
  156 	 0.107530 	 1.124301 	 5.784846
  157 	 0.109114 	 1.067996 	 2.929105
  158 	 0.037128 	 1.135499 	 5.706784
  159 	 0.338753 	 1.124284 	 5.655653
  160 	 0.174530 	 1.188128 	 9.539468
  161 	 0.127911 	 1.044862 	 2.789767
  162 	 0.104577 	 1.089256 	 4.128314
  163 	 0.349569 	 1.167457 	 6.360889
  164 	 0.238140 	 1.152872 	 8.046567
  165 	 0.038258 	 1.020192 	 2.396537
  166 	 0.123924 	 1.065235 	 3.269686
  167 	 0.314252 	 1.303633 	 17.254010
  168 	 0.299636 	 1.169015 	 6.625853
  169 	 0.037724 	 1.012642 	 2.910769
  170 	 0.037525 	 1.048750 	 2.820590
  171 	 0.121562 	 1.267188 	 14.919990
  172 	 0.131356 	 1.249611 	 10.819632
  173 	 0.066424 	 1.092201 	 6.922226
  174 	 0.092366 	 1.085419 	 4.944240
  175 	 0.143986 	 1.167376 	 11.611220
  176 	 0.037232 	 1.171138 	 8.675610
  177 	 0.040662 	 1.050992 	 4.948392
  178 	 0.114962 	 1.272557 	 17.564938
  179 	 0.201285 	 1.267175 	 16.566728
  180 	 0.037334 	 1.098219 	 7.425988
  181 	 0.060290 	 1.041443 	 2.974556
  182 	 0.038172 	 1.506199 	 17.407477
  183 	 0.333973 	 1.208530 	 12.020640
  184 	 0.057214 	 1.177530 	 9.445349
  185 	 0.082267 	 1.034013 	 2.827472
  186 	 0.038312 	 1.436709 	 13.001611
  187 	 0.350831 	 1.180488 	 9.807093
  188 	 0.076797 	 1.317812 	 17.237816
  189 	 0.036857 	 1.001621 	 2.698827
  190 	 0.057946 	 1.350511 	 10.362997
  191 	 0.367846 	 1.351756 	 17.681149
  192 	 0.096314 	 1.252480 	 12.879003
  193 	 0.056356 	 1.003303 	 2.559206
  194 	 0.036118 	 1.291232 	 8.619643
  195 	 0.036798 	 1.285616 	 13.148212
  196 	 0.115750 	 1.371062 	 17.915452
  197 	 0.075942 	 1.188274 	 17.699693
  198 	 0.036091 	 1.332052 	 7.382823
  199 	 0.056435 	 1.226652 	 10.455638
  200 	 0.135089 	 1.465874 	 17.924050
  201 	 0.095462 	 1.197538 	 13.134505
  202 	 0.039077 	 1.256679 	 6.460405
  203 	 0.076021 	 1.183035 	 8.683397
  204 	 0.038327 	 1.567174 	 17.013469
  205 	 0.114902 	 1.173320 	 10.446994
  206 	 0.058709 	 1.373432 	 17.233297
  207 	 0.036700 	 1.148405 	 7.429331
  208 	 0.057961 	 1.489888 	 12.753642
  209 	 0.134246 	 1.336429 	 18.484425
  210 	 0.035626 	 1.362215 	 12.876486
  211 	 0.054042 	 1.121956 	 6.495799
  212 	 0.077542 	 1.584251 	 18.074609
  213 	 0.123248 	 1.253488 	 13.560793
  214 	 0.055266 	 1.264652 	 10.283590
  215 	 0.073635 	 1.231857 	 7.683582
  216 	 0.037060 	 1.526904 	 13.339382
  217 	 0.130031 	 1.258470 	 10.714092
  218 	 0.074855 	 1.581436 	 17.618049
  219 	 0.093164 	 1.210227 	 6.678650
  220 	 0.056697 	 1.383496 	 10.575806
  221 	 0.124225 	 1.264629 	 8.860243
  222 	 0.094383 	 1.615522 	 13.089592
  223 	 0.084819 	 1.167191 	 6.948056
  224 	 0.076356 	 1.331505 	 8.765533
  225 	 0.143518 	 1.396185 	 9.567648
  226 	 0.038281 	 1.582161 	 10.410559
  227 	 0.104304 	 1.162156 	 6.141819
  228 	 0.095875 	 1.547382 	 17.246913
  229 	 0.039030 	 1.244687 	 6.593290
  230 	 0.057915 	 1.483565 	 8.645283
  231 	 0.150998 	 1.331331 	 17.027200
  232 	 0.115279 	 1.442816 	 12.884069
  233 	 0.058662 	 1.202615 	 5.858289
  234 	 0.034295 	 1.395487 	 7.408543
  235 	 0.037716 	 1.260284 	 12.761338
  236 	 0.037016 	 1.647437 	 18.520351
  237 	 0.037333 	 1.373401 	 17.416791
  238 	 0.053944 	 1.506830 	 17.631852
  239 	 0.057351 	 1.392557 	 17.533723
  240 	 0.056621 	 1.530954 	 13.578790
  241 	 0.056969 	 1.302784 	 12.978419
  242 	 0.073499 	 1.402278 	 13.527875
  243 	 0.076892 	 1.298309 	 13.043091
  244 	 0.073814 	 1.437182 	 10.729768
  245 	 0.076553 	 1.278420 	 10.352866
  246 	 0.093028 	 1.301507 	 8.999770
  247 	 0.096319 	 1.261673 	 10.389253
  248 	 0.110871 	 1.387999 	 7.672957
  249 	 0.096093 	 1.232932 	 8.619277
  250 	 0.129832 	 1.270253 	 7.069225
  251 	 0.115754 	 1.209000 	 7.974909
  252 	 0.123726 	 1.375990 	 6.687528
  253 	 0.124934 	 1.172046 	 6.148004
  254 	 0.127060 	 1.326749 	 6.534849
  255 	 0.126402 	 1.167622 	 5.819562
  256 	 0.152157 	 1.402746 	 6.813849
  257 	 0.125881 	 1.193867 	 6.422532
  258 	 0.146337 	 1.227387 	 5.527052
  259 	 0.155284 	 1.187641 	 6.128179
  260 	 0.180286 	 1.308414 	 4.959665
  261 	 0.162404 	 1.169238 	 5.714823
  262 	 0.037049 	 1.187261 	 5.000358
  263 	 0.103359 	 1.155455 	 5.491364
  264 	 0.199201 	 1.536786 	 15.071934
  265 	 0.035656 	 1.198369 	 8.126180
  266 	 0.037599 	 1.148938 	 4.376351
  267 	 0.122761 	 1.259605 	 15.395018
  268 	 0.226981 	 1.614047 	 17.452165
  269 	 0.064873 	 1.194480 	 7.019443
  270 	 0.057078 	 1.124811 	 3.921111
  271 	 0.141101 	 1.259601 	 10.618750
  272 	 0.253138 	 1.485670 	 11.577016
  273 	 0.038485 	 1.141100 	 4.789259
  274 	 0.086160 	 1.104618 	 3.648688
  275 	 0.207531 	 1.382690 	 17.186618
  276 	 0.048986 	 1.358693 	 9.446440
  277 	 0.058118 	 1.114267 	 4.400810
  278 	 0.105533 	 1.298726 	 14.559043
  279 	 0.226218 	 1.373655 	 12.850467
  280 	 0.068593 	 1.368472 	 7.985138
  281 	 0.077699 	 1.088090 	 4.066392
  282 	 0.123934 	 1.259997 	 11.325924
  283 	 0.036975 	 1.361975 	 10.267039
  284 	 0.088140 	 1.326897 	 6.962161
  285 	 0.097213 	 1.252260 	 17.644350
  286 	 0.143228 	 1.217854 	 9.273022
  287 	 0.038354 	 1.324052 	 8.553403
  288 	 0.038611 	 1.276370 	 6.137669
  289 	 0.116644 	 1.388067 	 17.225470
  290 	 0.162407 	 1.365791 	 17.149469
  291 	 0.057987 	 1.286404 	 7.334396
  292 	 0.058245 	 1.224309 	 5.491277
  293 	 0.135979 	 1.280080 	 12.872126
  294 	 0.137993 	 1.279771 	 12.829511
  295 	 0.037062 	 1.267216 	 6.423489
  296 	 0.077826 	 1.260743 	 5.271682
  297 	 0.123570 	 1.476910 	 17.617273
  298 	 0.182796 	 1.227387 	 10.253699
  299 	 0.056699 	 1.297283 	 6.979833
  300 	 0.097070 	 1.228671 	 4.714849
  301 	 0.142243 	 1.380551 	 13.495436
  302 	 0.211213 	 1.206227 	 8.563812
  303 	 0.074004 	 1.274723 	 6.704983
  304 	 0.116502 	 1.201391 	 4.391486
  305 	 0.148777 	 1.303708 	 9.680196
  306 	 0.124401 	 1.228467 	 7.342013
  307 	 0.103094 	 1.228668 	 5.935539
  308 	 0.036723 	 1.254081 	 7.616107
  309 	 0.037185 	 1.229002 	 8.143728
  310 	 0.131001 	 1.611396 	 22.131747
  311 	 0.122532 	 1.448268 	 17.579302
  312 	 0.045144 	 1.293265 	 7.251557
  313 	 0.056821 	 1.163540 	 7.146322
  314 	 0.137770 	 1.517897 	 19.214585
  315 	 0.139547 	 1.439602 	 13.473193
  316 	 0.051990 	 1.250266 	 6.350403
  317 	 0.035977 	 1.126183 	 6.279536
  318 	 0.131275 	 1.458570 	 14.411185
  319 	 0.111019 	 1.703730 	 18.527012
  320 	 0.069307 	 1.299220 	 6.726100
  321 	 0.053918 	 1.195457 	 7.786998
  322 	 0.122414 	 1.395593 	 13.122174
  323 	 0.128306 	 1.559977 	 15.994033
  324 	 0.076074 	 1.334488 	 7.733141
  325 	 0.062455 	 1.204734 	 7.396147
  326 	 0.128985 	 1.355263 	 12.051947
  327 	 0.135092 	 1.507824 	 12.799247
  328 	 0.082927 	 1.299514 	 6.583930
  329 	 0.078024 	 1.171495 	 7.042635
  330 	 0.151432 	 1.358935 	 11.132549
  331 	 0.141853 	 1.416094 	 9.830656
  332 	 0.089668 	 1.268635 	 5.923051
  333 	 0.037214 	 1.102460 	 6.189907
  334 	 0.130462 	 1.300375 	 9.143441
  335 	 0.161041 	 1.789977 	 22.668564
  336 	 0.038176 	 1.300229 	 7.280038
  337 	 0.044076 	 1.091884 	 5.532785
  338 	 0.037802 	 1.392386 	 17.278244
  339 	 0.132070 	 1.598673 	 15.679966
  340 	 0.057842 	 1.590432 	 17.390722
  341 	 0.063696 	 1.166025 	 7.195787
  342 	 0.037337 	 1.318324 	 15.445814
  343 	 0.037768 	 1.454691 	 12.346348
  344 	 0.038598 	 1.664539 	 14.654801
  345 	 0.080959 	 1.603912 	 22.387349
  346 	 0.068145 	 1.456189 	 17.153283
  347 	 0.044629 	 1.374539 	 9.934543
  348 	 0.058231 	 1.524766 	 11.383634
  349 	 0.100460 	 1.446340 	 15.545135
  350 	 0.087694 	 1.474802 	 15.353666
  351 	 0.057956 	 1.492895 	 8.322260
  352 	 0.065048 	 1.480982 	 10.571531
  353 	 0.119876 	 1.384758 	 15.418742
  354 	 0.038012 	 1.356264 	 13.899008
  355 	 0.064827 	 1.506551 	 7.735917
  356 	 0.071912 	 1.768365 	 22.265568
  357 	 0.037175 	 1.421205 	 13.941724
  358 	 0.044873 	 1.346010 	 12.688439
  359 	 0.071692 	 1.711436 	 22.688665
  360 	 0.078769 	 1.695929 	 19.315193
  361 	 0.044061 	 1.378792 	 12.723993
  362 	 0.051754 	 1.298827 	 11.672822
  363 	 0.037297 	 1.595287 	 15.683453
  364 	 0.037712 	 1.616445 	 17.049064
  365 	 0.037886 	 1.523773 	 22.626136
  366 	 0.058526 	 1.482927 	 22.415421
  367 	 0.038647 	 1.612024 	 22.328306
  368 	 0.044598 	 1.672775 	 15.284391
  369 	 0.044772 	 1.803816 	 21.955479
  370 	 0.065398 	 1.417200 	 19.418066
  371 	 0.045532 	 1.544540 	 19.352697
  372 	 0.038133 	 1.420425 	 8.317753
  373 	 0.051654 	 1.622499 	 19.072167
  374 	 0.120125 	 1.706966 	 22.206162
  375 	 0.052413 	 1.479493 	 17.195725
  376 	 0.045019 	 1.409566 	 7.953860
  377 	 0.058144 	 1.593812 	 16.859572
  378 	 0.112563 	 1.635818 	 19.260928
  379 	 0.059289 	 1.451766 	 15.469291
  380 	 0.051900 	 1.467553 	 8.370803
  381 	 0.064615 	 1.554779 	 15.108196
  382 	 0.119364 	 1.575928 	 17.123286
  383 	 0.066170 	 1.411080 	 13.983002
  384 	 0.058378 	 1.413654 	 7.945053
  385 	 0.037038 	 1.574155 	 13.685591
  386 	 0.125762 	 1.659348 	 15.413577
  387 	 0.073033 	 1.647163 	 22.759329
  388 	 0.038086 	 1.384189 	 7.537976
  389 	 0.037030 	 1.562918 	 12.573437
  390 	 0.132547 	 1.874213 	 22.229101
  391 	 0.079492 	 1.825633 	 22.763365
  392 	 0.044973 	 1.369207 	 7.191795
  393 	 0.031744 	 1.521831 	 11.629032
  394 	 0.036481 	 1.791311 	 19.427682
  395 	 0.085941 	 1.995304 	 25.876986
  396 	 0.037063 	 1.590151 	 23.266116
  397 	 0.038635 	 1.494325 	 10.817745
  398 	 0.042969 	 1.966351 	 22.955120
  399 	 0.092385 	 1.896486 	 22.155905
 