   0 	 0.018808 	 0.098289 	 3.441156
    1 	 0.019597 	 0.821849 	 3.441156
    2 	 0.054959 	 2.254005 	 4.183688
    3 	 0.134352 	 1.946951 	 4.922424
    4 	 0.227237 	 0.703061 	 3.661475
    5 	 0.191827 	 0.783602 	 4.069150
    6 	 0.038406 	 1.469298 	 2.953013
    7 	 0.229371 	 1.398609 	 2.938810
    8 	 0.326327 	 0.802566 	 6.497602
    9 	 0.121436 	 0.772845 	 2.934523
   10 	 0.151309 	 1.222400 	 2.127691
   11 	 0.328308 	 1.235673 	 4.097760
   12 	 0.040860 	 0.792447 	 2.174344
   13 	 0.115286 	 0.806586 	 2.274238
   14 	 0.041262 	 1.118299 	 3.016953
   15 	 0.098735 	 1.150759 	 4.411385
   16 	 0.318517 	 0.924876 	 6.334649
   17 	 0.036794 	 0.852474 	 2.568485
   18 	 0.127301 	 1.046221 	 2.326033
   19 	 0.350830 	 1.095495 	 3.739794
   20 	 0.408909 	 0.907993 	 2.803082
   21 	 0.248115 	 0.874079 	 1.724798
   22 	 0.341801 	 1.026945 	 1.573542
   23 	 0.496180 	 1.048093 	 2.399290
   24 	 0.038162 	 0.883093 	 2.250222
   25 	 0.269090 	 0.867840 	 1.681294
   26 	 0.037615 	 1.092177 	 6.686210
   27 	 0.120448 	 1.050093 	 2.719681
   28 	 0.147111 	 0.982661 	 6.895824
   29 	 0.333158 	 0.919884 	 4.218564
   30 	 0.041373 	 1.027235 	 3.792038
   31 	 0.130622 	 1.016570 	 2.203819
   32 	 0.206131 	 1.060057 	 6.545663
   33 	 0.430215 	 0.958823 	 4.131865
   34 	 0.150216 	 1.010874 	 3.230697
   35 	 0.107821 	 0.986702 	 1.846330
   36 	 0.041074 	 0.987332 	 3.665470
   37 	 0.120805 	 0.961073 	 4.561614
   38 	 0.265670 	 1.028286 	 6.558514
   39 	 0.037023 	 1.048843 	 4.306542
   40 	 0.150197 	 0.990614 	 2.652029
   41 	 0.039002 	 0.986749 	 6.737492
   42 	 0.360669 	 0.993759 	 3.822672
   43 	 0.041446 	 1.121702 	 7.267319
   44 	 0.108183 	 0.948842 	 2.118337
   45 	 0.041350 	 1.080951 	 7.713325
   46 	 0.111449 	 1.056408 	 4.835985
   47 	 0.112977 	 1.102979 	 7.719008
   48 	 0.107916 	 0.976707 	 4.487347
   49 	 0.128087 	 1.051769 	 4.456788
   50 	 0.122373 	 1.049593 	 4.750231
   51 	 0.121294 	 1.019524 	 4.175597
   52 	 0.205219 	 0.985744 	 4.277657
   53 	 0.233046 	 1.044488 	 5.084048
   54 	 0.129311 	 0.998344 	 3.158366
   55 	 0.037001 	 0.945413 	 2.903213
   56 	 0.041996 	 0.995929 	 4.884930
   57 	 0.333043 	 1.233793 	 7.987153
   58 	 0.200147 	 1.098161 	 7.680714
   59 	 0.123570 	 0.948828 	 2.448320
   60 	 0.128718 	 0.987332 	 3.209790
   61 	 0.037312 	 1.107095 	 4.716234
   62 	 0.129700 	 1.028010 	 4.164618
   63 	 0.209011 	 1.020055 	 7.967351
   64 	 0.235893 	 1.023950 	 4.589266
   65 	 0.124138 	 1.065360 	 3.607359
   66 	 0.213791 	 0.991284 	 3.643086
   67 	 0.270595 	 1.006579 	 5.199181
   68 	 0.268927 	 1.047937 	 3.082700
   69 	 0.040212 	 1.008896 	 2.617835
   70 	 0.040205 	 0.980171 	 2.966244
   71 	 0.372296 	 1.084063 	 7.787415
   72 	 0.326238 	 1.087626 	 6.596071
   73 	 0.126537 	 0.988341 	 2.270168
   74 	 0.149605 	 0.963680 	 2.535251
   75 	 0.037128 	 1.014459 	 4.202791
   76 	 0.042161 	 1.036289 	 4.591264
   77 	 0.037494 	 1.028310 	 6.732755
   78 	 0.213189 	 1.030553 	 6.512066
   79 	 0.113224 	 1.074731 	 9.461302
   80 	 0.038469 	 1.011938 	 4.156458
   81 	 0.038305 	 1.050817 	 5.039353
   82 	 0.234353 	 1.149555 	 9.374837
   83 	 0.195788 	 1.195357 	 9.389265
   84 	 0.037085 	 0.975793 	 2.929515
   85 	 0.041654 	 1.008546 	 3.788044
   86 	 0.328848 	 1.142691 	 8.584780
   87 	 0.259373 	 1.183571 	 9.169802
   88 	 0.115975 	 0.963528 	 2.275580
   89 	 0.108118 	 0.979184 	 3.052750
   90 	 0.327584 	 1.078516 	 6.537034
   91 	 0.323651 	 1.122149 	 5.667376
   92 	 0.151395 	 0.996629 	 2.282145
   93 	 0.038671 	 1.019825 	 2.557213
   94 	 0.131853 	 1.021932 	 4.570487
   95 	 0.381546 	 1.151677 	 8.962917
   96 	 0.215059 	 1.055514 	 4.883930
   97 	 0.110738 	 0.981800 	 2.223475
   98 	 0.093483 	 0.968878 	 3.472718
   99 	 0.275358 	 1.128798 	 5.613623
  100 	 0.281586 	 1.173856 	 6.184935
  101 	 0.132135 	 1.014843 	 2.910719
  102 	 0.159920 	 0.959616 	 2.858894
  103 	 0.212306 	 1.108084 	 4.991646
  104 	 0.317634 	 1.082964 	 4.178510
  105 	 0.197229 	 1.035866 	 3.506236
  106 	 0.235260 	 0.996360 	 2.523760
  107 	 0.274843 	 1.078800 	 3.767485
  108 	 0.383574 	 1.051211 	 3.210992
  109 	 0.037041 	 1.009663 	 2.882316
  110 	 0.304517 	 0.983691 	 2.163688
  111 	 0.282792 	 1.152638 	 8.588033
  112 	 0.448212 	 1.016299 	 2.683003
  113 	 0.115524 	 0.996324 	 2.760963
  114 	 0.363583 	 0.966273 	 1.898211
  115 	 0.352875 	 1.104204 	 5.442956
  116 	 0.115656 	 1.002849 	 2.257423
  117 	 0.180928 	 0.985746 	 2.374873
  118 	 0.038507 	 0.996080 	 5.439043
  119 	 0.409321 	 1.068259 	 3.841306
  120 	 0.121811 	 1.160258 	 9.371420
  121 	 0.116792 	 0.968655 	 2.026669
  122 	 0.105936 	 1.075020 	 5.262858
  123 	 0.038919 	 1.064876 	 5.097037
  124 	 0.187187 	 1.056154 	 5.525759
  125 	 0.092167 	 1.054667 	 8.943004
  126 	 0.178764 	 1.036691 	 3.844873
  127 	 0.110973 	 1.075799 	 6.039864
  128 	 0.039292 	 1.007350 	 3.984631
  129 	 0.037089 	 1.019340 	 5.288967
  130 	 0.246294 	 1.158655 	 9.303009
  131 	 0.186276 	 1.128701 	 9.497651
  132 	 0.106710 	 0.994218 	 3.179709
  133 	 0.104482 	 1.023950 	 3.929638
  134 	 0.307862 	 1.087918 	 5.717232
  135 	 0.118793 	 1.051663 	 6.057605
  136 	 0.112713 	 0.974275 	 2.744254
  137 	 0.163105 	 1.052749 	 5.045584
  138 	 0.356970 	 1.104994 	 5.527520
  139 	 0.126221 	 1.015723 	 4.909049
  140 	 0.179465 	 0.961647 	 2.298480
  141 	 0.202035 	 1.067900 	 5.009489
  142 	 0.128255 	 1.060101 	 3.954681
  143 	 0.037114 	 1.023476 	 4.121425
  144 	 0.037012 	 0.996731 	 4.846031
  145 	 0.239646 	 1.149795 	 10.987263
  146 	 0.203939 	 1.170205 	 11.903055
  147 	 0.090410 	 0.980035 	 3.194421
  148 	 0.083522 	 0.977785 	 3.605698
  149 	 0.306718 	 1.131922 	 6.104616
  150 	 0.119906 	 1.125192 	 6.137924
  151 	 0.161864 	 0.986637 	 2.752408
  152 	 0.032266 	 1.034321 	 5.665544
  153 	 0.115819 	 1.055850 	 4.712256
  154 	 0.037954 	 1.205328 	 11.952247
  155 	 0.131642 	 1.075368 	 5.799810
  156 	 0.083489 	 1.108339 	 10.157011
  157 	 0.117128 	 1.077089 	 4.877051
  158 	 0.097871 	 1.147518 	 7.441098
  159 	 0.202530 	 1.107703 	 5.248573
  160 	 0.038666 	 1.073281 	 8.797302
  161 	 0.117079 	 1.072899 	 4.179465
  162 	 0.112853 	 1.382868 	 19.815481
  163 	 0.039602 	 1.205812 	 6.418487
  164 	 0.039402 	 1.064988 	 7.889370
  165 	 0.122707 	 1.257888 	 19.454437
  166 	 0.126564 	 1.545802 	 19.530619
  167 	 0.051371 	 1.197734 	 7.434551
  168 	 0.036927 	 1.047810 	 7.119283
  169 	 0.134294 	 1.188043 	 8.527254
  170 	 0.139175 	 1.731991 	 19.674747
  171 	 0.117109 	 1.182292 	 6.305408
  172 	 0.050796 	 1.026576 	 6.117130
  173 	 0.038174 	 1.144158 	 7.633061
  174 	 0.163161 	 1.609222 	 15.456867
  175 	 0.130593 	 1.442890 	 19.203502
  176 	 0.064595 	 1.015834 	 5.334452
  177 	 0.052036 	 1.125397 	 6.920734
  178 	 0.037148 	 1.474401 	 12.739719
  179 	 0.143924 	 1.357050 	 15.166170
  180 	 0.078363 	 1.626742 	 19.589317
  181 	 0.065876 	 1.139126 	 6.336188
  182 	 0.051012 	 1.407069 	 10.574957
  183 	 0.157478 	 1.300973 	 12.183852
  184 	 0.037187 	 1.493143 	 18.083802
  185 	 0.082036 	 1.147830 	 5.835048
  186 	 0.035673 	 1.608843 	 19.574439
  187 	 0.080990 	 1.289574 	 10.423597
  188 	 0.039486 	 1.588769 	 19.277853
  189 	 0.095808 	 1.181719 	 9.497562
  190 	 0.051808 	 1.688004 	 15.677495
  191 	 0.105136 	 1.255919 	 9.115067
  192 	 0.063758 	 1.326787 	 15.218906
  193 	 0.104417 	 1.147128 	 7.725805
  194 	 0.065603 	 1.720103 	 12.683997
  195 	 0.129324 	 1.267236 	 8.999503
  196 	 0.037460 	 1.306975 	 13.830676
  197 	 0.110946 	 1.158079 	 7.351630
  198 	 0.037691 	 1.824815 	 19.470488
  199 	 0.135974 	 1.229237 	 7.393938
  200 	 0.051296 	 1.451430 	 16.131481
  201 	 0.135123 	 1.154247 	 6.672255
  202 	 0.061965 	 1.669297 	 13.228246
  203 	 0.149563 	 1.203663 	 6.272599
  204 	 0.075171 	 1.457982 	 15.464342
  205 	 0.037053 	 1.119366 	 6.399474
  206 	 0.064654 	 1.611237 	 12.214282
  207 	 0.153908 	 1.465563 	 25.155501
  208 	 0.032496 	 1.363182 	 14.847007
  209 	 0.037195 	 1.104587 	 6.226325
  210 	 0.037150 	 1.569642 	 9.420336
  211 	 0.128161 	 1.645512 	 23.557954
  212 	 0.106078 	 1.571353 	 22.446631
  213 	 0.036719 	 1.242288 	 7.641678
  214 	 0.037181 	 1.520207 	 9.193042
  215 	 0.130735 	 1.782832 	 22.665795
  216 	 0.037559 	 1.734058 	 25.074725
  217 	 0.044114 	 1.244480 	 7.239308
  218 	 0.039875 	 1.625772 	 13.252149
  219 	 0.073588 	 1.617757 	 21.361074
  220 	 0.038373 	 1.704220 	 23.107811
  221 	 0.046808 	 1.320727 	 12.455094
  222 	 0.038177 	 1.719943 	 13.110784
  223 	 0.080241 	 1.478830 	 18.688704
  224 	 0.076257 	 1.699967 	 24.463472
  225 	 0.053489 	 1.295527 	 11.502078
  226 	 0.040866 	 1.675743 	 12.665054
  227 	 0.086890 	 1.441351 	 17.797040
  228 	 0.078941 	 1.526776 	 12.082236
  229 	 0.056181 	 1.263068 	 11.161931
  230 	 0.027612 	 1.596072 	 11.676699
  231 	 0.037128 	 1.390572 	 15.903145
  232 	 0.037703 	 1.788234 	 29.143880
  233 	 0.062715 	 1.399281 	 12.653776
  234 	 0.034305 	 1.720823 	 12.562334
  235 	 0.078986 	 1.300937 	 9.938831
  236 	 0.079364 	 1.600277 	 24.872729
  237 	 0.100548 	 1.425178 	 9.740675
  238 	 0.038491 	 1.700367 	 11.619307
  239 	 0.102407 	 1.263018 	 9.324207
  240 	 0.086050 	 1.732652 	 24.758159
  241 	 0.107180 	 1.385843 	 9.587099
  242 	 0.040381 	 1.651241 	 10.875520
  243 	 0.103853 	 1.231339 	 8.781177
  244 	 0.037793 	 1.645473 	 21.239922
  245 	 0.113793 	 1.376454 	 9.455998
  246 	 0.047075 	 1.867290 	 22.475564
  247 	 0.105687 	 1.239848 	 8.299225
  248 	 0.035685 	 1.574384 	 18.876754
  249 	 0.120466 	 1.354380 	 8.897819
  250 	 0.031496 	 2.041881 	 23.593400
  251 	 0.112303 	 1.217349 	 7.913544
  252 	 0.037423 	 1.697280 	 26.180775
  253 	 0.110686 	 1.334789 	 8.403179
  254 	 0.038186 	 2.228002 	 22.663641
  255 	 0.118898 	 1.268955 	 8.577375
  256 	 0.044112 	 1.602037 	 22.278541
  257 	 0.116495 	 1.310431 	 7.961915
  258 	 0.038073 	 2.133642 	 19.680351
  259 	 0.125492 	 1.257901 	 8.117223
  260 	 0.022806 	 1.751716 	 22.741358
  261 	 0.123093 	 1.287172 	 7.564733
  262 	 0.043960 	 2.302317 	 32.252274
  263 	 0.131464 	 1.306163 	 7.616538
  264 	 0.030999 	 1.661931 	 20.056223
  265 	 0.131192 	 1.271376 	 7.279915
  266 	 0.049839 	 2.148255 	 26.525779
  267 	 0.078785 	 1.300756 	 7.174031
  268 	 0.037690 	 1.620853 	 17.229653
  269 	 0.037999 	 1.384197 	 11.808426
  270 	 0.058012 	 2.121901 	 22.178034
  271 	 0.084637 	 1.531880 	 22.371942
  272 	 0.038437 	 1.564984 	 15.453105
  273 	 0.044685 	 1.356031 	 10.948427
  274 	 0.064684 	 2.281344 	 22.154629
  275 	 0.037263 	 1.473348 	 19.460738
  276 	 0.045124 	 1.508756 	 13.720455
  277 	 0.051368 	 1.525226 	 22.746318
  278 	 0.038376 	 2.021477 	 19.296192
  279 	 0.043950 	 1.531881 	 17.016103
  280 	 0.051806 	 1.772313 	 22.184603
  281 	 0.058742 	 1.470611 	 19.743234
  282 	 0.045060 	 1.928511 	 16.890254
  283 	 0.050629 	 1.491623 	 15.280621
  284 	 0.059177 	 1.689121 	 19.320050
  285 	 0.037755 	 1.412075 	 17.232683
  286 	 0.034173 	 1.891817 	 14.841854
  287 	 0.058007 	 1.756552 	 22.146120
  288 	 0.067347 	 1.853998 	 24.053969
  289 	 0.045140 	 1.387405 	 15.288942
  290 	 0.038697 	 1.808697 	 13.378525
  291 	 0.065378 	 1.706616 	 19.033267
  292 	 0.037004 	 2.058840 	 21.693345
  293 	 0.052519 	 1.351744 	 13.873830
  294 	 0.046083 	 1.848328 	 22.881355
  295 	 0.037764 	 1.655086 	 16.689141
  296 	 0.037200 	 1.947248 	 18.945528
  297 	 0.059893 	 1.561424 	 22.141300
  298 	 0.052762 	 2.017357 	 22.421389
  299 	 0.045151 	 1.582431 	 15.016662
  300 	 0.044586 	 1.814947 	 16.817366
  301 	 0.066560 	 1.580872 	 19.286086
  302 	 0.059439 	 1.901641 	 19.498649
  303 	 0.051833 	 1.538925 	 13.650024
  304 	 0.051268 	 1.818632 	 15.119738
  305 	 0.073220 	 1.580349 	 17.084411
  306 	 0.066109 	 1.795598 	 17.250886
  307 	 0.058510 	 1.629424 	 11.817496
  308 	 0.035557 	 1.874337 	 13.603693
  309 	 0.084567 	 1.586791 	 15.172209
  310 	 0.073469 	 1.928198 	 23.278938
  311 	 0.065881 	 1.630102 	 10.873422
  312 	 0.037520 	 1.797189 	 12.365598
  313 	 0.091905 	 1.541986 	 13.777722
  314 	 0.080800 	 2.149165 	 22.614157
  315 	 0.072546 	 1.589789 	 10.070001
  316 	 0.044199 	 1.718866 	 11.066019
  317 	 0.099239 	 1.463526 	 10.325702
  318 	 0.090312 	 2.045438 	 19.380143
  319 	 0.096581 	 1.580828 	 9.439405
  320 	 0.051580 	 1.651976 	 10.234148
  321 	 0.105856 	 1.398536 	 8.735068
  322 	 0.097641 	 1.950223 	 17.158674
  323 	 0.038809 	 1.627822 	 8.884471
  324 	 0.058257 	 1.590099 	 8.838486
  325 	 0.112249 	 1.552049 	 17.633827
  326 	 0.113056 	 1.805072 	 13.332625
  327 	 0.056675 	 1.536314 	 8.053966
  328 	 0.029137 	 1.522324 	 7.665426
  329 	 0.036334 	 1.534785 	 14.842332
  330 	 0.130330 	 1.911030 	 27.369289
  331 	 0.067341 	 1.714012 	 16.492390
  332 	 0.036500 	 1.472860 	 7.055663
  333 	 0.060545 	 1.494170 	 13.505970
  334 	 0.141596 	 1.723298 	 16.260268
  335 	 0.073983 	 1.599198 	 11.786216
  336 	 0.061474 	 1.412922 	 6.743283
  337 	 0.037847 	 1.494159 	 12.394220
  338 	 0.148149 	 1.741118 	 14.668280
  339 	 0.080639 	 1.798500 	 22.448002
  340 	 0.068143 	 1.338681 	 6.457922
  341 	 0.044534 	 1.430057 	 11.449609
  342 	 0.154688 	 1.660783 	 13.361260
  343 	 0.087288 	 1.730664 	 14.527671
  344 	 0.074707 	 1.297539 	 6.102815
  345 	 0.068113 	 1.385685 	 8.961521
  346 	 0.163679 	 1.570721 	 10.029345
  347 	 0.111505 	 1.608793 	 13.366724
  348 	 0.099466 	 1.243369 	 4.887561
  349 	 0.074775 	 1.395365 	 8.410084
  350 	 0.037545 	 1.582208 	 9.419170
  351 	 0.118810 	 1.527722 	 8.570800
  352 	 0.082312 	 1.355104 	 12.587246
  353 	 0.116575 	 1.367970 	 7.967476
  354 	 0.079403 	 1.606357 	 11.234372
  355 	 0.038175 	 1.452681 	 7.098510
  356 	 0.088959 	 1.296815 	 9.642896
  357 	 0.035190 	 1.479797 	 16.213939
  358 	 0.103448 	 1.505936 	 8.892087
  359 	 0.061586 	 1.565026 	 17.038711
  360 	 0.112375 	 1.313419 	 9.078693
  361 	 0.058609 	 1.430598 	 14.817864
  362 	 0.109864 	 1.473763 	 7.316632
  363 	 0.067456 	 1.469858 	 12.178919
  364 	 0.136565 	 1.282302 	 8.132483
  365 	 0.035980 	 1.364873 	 10.994369
  366 	 0.037655 	 1.428435 	 7.019276
  367 	 0.090755 	 1.664438 	 23.877931
  368 	 0.036367 	 1.428159 	 16.351823
  369 	 0.041868 	 1.342036 	 8.691486
  370 	 0.061065 	 1.555573 	 16.483303
  371 	 0.114734 	 1.588069 	 20.589699
  372 	 0.060578 	 1.376539 	 11.714462
  373 	 0.038035 	 1.290170 	 8.234900
  374 	 0.085188 	 1.568069 	 15.042528
  375 	 0.121336 	 1.774099 	 23.183147
  376 	 0.066294 	 1.245895 	 6.299570
  377 	 0.043090 	 1.255253 	 7.909159
  378 	 0.158613 	 1.625788 	 13.699835
  379 	 0.126329 	 1.638763 	 20.084489
  380 	 0.072958 	 1.240497 	 6.049144
  381 	 0.049731 	 1.220607 	 7.562653
  382 	 0.134457 	 1.585212 	 12.553675
  383 	 0.106165 	 1.730923 	 17.975422
  384 	 0.079615 	 1.296771 	 6.889108
  385 	 0.055613 	 1.277532 	 8.736277
  386 	 0.145032 	 1.553489 	 11.693787
  387 	 0.114357 	 1.751104 	 16.470856
  388 	 0.085478 	 1.274279 	 6.521774
  389 	 0.060692 	 1.309622 	 8.152840
  390 	 0.153213 	 1.552316 	 7.577749
  391 	 0.122316 	 1.647704 	 15.016909
  392 	 0.131863 	 1.255700 	 6.284851
  393 	 0.036265 	 1.289493 	 7.656022
  394 	 0.135037 	 1.495662 	 7.258860
  395 	 0.130516 	 2.138314 	 23.012942
  396 	 0.137651 	 1.314410 	 6.714253
  397 	 0.043361 	 1.265153 	 6.924459
  398 	 0.126056 	 1.439457 	 6.740777
  399 	 0.132560 	 2.024227 	 20.635010
 