   0 	 0.016991 	 0.063666 	 0.613873
    1 	 0.017552 	 0.152527 	 2.864510
    2 	 0.024787 	 0.834118 	 8.584341
    3 	 0.040465 	 2.016584 	 6.878126
    4 	 0.021301 	 1.773024 	 8.045870
    5 	 0.031692 	 0.783375 	 4.932311
    6 	 0.033004 	 0.995927 	 8.278063
    7 	 0.039331 	 1.936217 	 7.404613
    8 	 0.038713 	 1.472836 	 7.215914
    9 	 0.035309 	 1.002734 	 7.203024
   10 	 0.136698 	 1.165232 	 7.235215
   11 	 0.037937 	 1.625720 	 7.417902
   12 	 0.117663 	 1.288802 	 5.500619
   13 	 0.133994 	 1.205683 	 7.276072
   14 	 0.178568 	 1.090174 	 4.604827
   15 	 0.135583 	 1.378398 	 4.282759
   16 	 0.035722 	 1.159545 	 3.596247
   17 	 0.107946 	 1.032649 	 4.253821
   18 	 0.118272 	 1.072556 	 7.395255
   19 	 0.038439 	 1.258403 	 4.820539
   20 	 0.133427 	 1.119007 	 4.591958
   21 	 0.177002 	 1.068687 	 7.249591
   22 	 0.213153 	 1.027474 	 4.430136
   23 	 0.136071 	 1.166076 	 3.681853
   24 	 0.220768 	 1.057395 	 3.198430
   25 	 0.249678 	 0.995883 	 4.244999
   26 	 0.289862 	 0.998612 	 3.122382
   27 	 0.040061 	 1.109827 	 2.863869
   28 	 0.310378 	 1.053588 	 2.574257
   29 	 0.337454 	 1.063016 	 6.965700
   30 	 0.374006 	 0.969049 	 2.439753
   31 	 0.133136 	 1.051772 	 2.523110
   32 	 0.041121 	 1.005821 	 2.111907
   33 	 0.124848 	 1.032885 	 5.357941
   34 	 0.431567 	 1.054426 	 7.111313
   35 	 0.183105 	 1.098601 	 5.884146
   36 	 0.138681 	 0.997150 	 2.014080
   37 	 0.167122 	 0.988907 	 3.538505
   38 	 0.323318 	 0.999466 	 4.198494
   39 	 0.274876 	 1.071405 	 3.750625
   40 	 0.036402 	 0.997625 	 2.365083
   41 	 0.036856 	 0.954085 	 2.671111
   42 	 0.037032 	 1.025082 	 7.358252
   43 	 0.279850 	 1.007703 	 2.783718
   44 	 0.134089 	 1.048705 	 7.324282
   45 	 0.346366 	 1.008321 	 3.093583
   46 	 0.130252 	 1.028380 	 4.281029
   47 	 0.132134 	 0.977964 	 2.267748
   48 	 0.228539 	 1.033068 	 4.352525
   49 	 0.422431 	 1.047461 	 4.410450
   50 	 0.224617 	 1.050243 	 3.048422
   51 	 0.039663 	 0.961355 	 1.939655
   52 	 0.039598 	 0.987370 	 3.707591
   53 	 0.039490 	 1.073155 	 7.185798
   54 	 0.037116 	 1.158677 	 12.048468
   55 	 0.137399 	 1.089712 	 7.457692
   56 	 0.082318 	 1.048394 	 7.592068
   57 	 0.132536 	 1.043744 	 5.531018
   58 	 0.123182 	 1.101654 	 6.457169
   59 	 0.038077 	 0.995688 	 4.601855
   60 	 0.039532 	 1.069735 	 5.942419
   61 	 0.215273 	 1.242798 	 12.022608
   62 	 0.167062 	 1.117646 	 7.192591
   63 	 0.082866 	 0.990170 	 3.227125
   64 	 0.130433 	 1.031115 	 3.821732
   65 	 0.117400 	 1.084048 	 5.483484
   66 	 0.111337 	 1.069896 	 4.443800
   67 	 0.093943 	 1.065715 	 6.006006
   68 	 0.040468 	 1.104185 	 6.392358
   69 	 0.163468 	 1.046620 	 4.494065
   70 	 0.154039 	 1.153520 	 11.686613
   71 	 0.037301 	 1.030988 	 4.834001
   72 	 0.085239 	 1.058856 	 4.990320
   73 	 0.202696 	 1.109373 	 7.715962
   74 	 0.037729 	 1.091103 	 7.443849
   75 	 0.128996 	 0.997842 	 3.971471
   76 	 0.133530 	 1.163669 	 12.326041
   77 	 0.245016 	 1.100430 	 5.743946
   78 	 0.039370 	 1.029848 	 5.578560
   79 	 0.039274 	 0.966463 	 3.008282
   80 	 0.080079 	 1.270922 	 13.232826
   81 	 0.327688 	 1.281355 	 12.095650
   82 	 0.075074 	 1.134882 	 6.158834
   83 	 0.082428 	 0.983074 	 2.735318
   84 	 0.161188 	 1.170653 	 8.053224
   85 	 0.360813 	 1.223609 	 7.947377
   86 	 0.036224 	 1.115957 	 5.066162
   87 	 0.125257 	 0.975614 	 2.518808
   88 	 0.195711 	 1.253531 	 13.807625
   89 	 0.370078 	 1.166058 	 5.929188
   90 	 0.072155 	 1.070540 	 4.208550
   91 	 0.037077 	 0.982992 	 2.461366
   92 	 0.235186 	 1.222854 	 8.093551
   93 	 0.124960 	 1.250135 	 13.007744
   94 	 0.122951 	 1.040678 	 3.684785
   95 	 0.076643 	 1.016098 	 5.939649
   96 	 0.268746 	 1.155537 	 6.283358
   97 	 0.037082 	 1.208073 	 8.861885
   98 	 0.118474 	 1.041221 	 3.279268
   99 	 0.112384 	 1.121307 	 13.645861
  100 	 0.301617 	 1.137652 	 5.143003
  101 	 0.073088 	 1.197436 	 6.386359
  102 	 0.037115 	 1.009239 	 2.960187
  103 	 0.037740 	 1.065751 	 9.150099
  104 	 0.333735 	 1.263838 	 13.639818
  105 	 0.108773 	 1.288263 	 12.324395
  106 	 0.073082 	 0.997101 	 2.596490
  107 	 0.080850 	 1.032229 	 6.897858
  108 	 0.379840 	 1.201475 	 9.150617
  109 	 0.144216 	 1.238523 	 8.048293
  110 	 0.108852 	 0.989416 	 2.362728
  111 	 0.038043 	 0.996997 	 5.542754
  112 	 0.416853 	 1.148952 	 6.568073
  113 	 0.179014 	 1.306433 	 13.469360
  114 	 0.116699 	 0.975738 	 2.207248
  115 	 0.074079 	 1.003272 	 4.646537
  116 	 0.038485 	 1.168073 	 6.026648
  117 	 0.213550 	 1.228139 	 9.067934
  118 	 0.164743 	 1.089981 	 12.212194
  119 	 0.109753 	 0.990259 	 4.003998
  120 	 0.081643 	 1.128808 	 4.976526
  121 	 0.247513 	 1.168037 	 6.851500
  122 	 0.037098 	 1.039174 	 8.428619
  123 	 0.037082 	 0.970294 	 3.606038
  124 	 0.118136 	 1.241947 	 13.495608
  125 	 0.274556 	 1.605289 	 14.428214
  126 	 0.073900 	 1.005550 	 6.479368
  127 	 0.069135 	 0.951258 	 3.145085
  128 	 0.153479 	 1.241004 	 9.082654
  129 	 0.314338 	 1.483466 	 9.493501
  130 	 0.109663 	 0.978758 	 5.249934
  131 	 0.104847 	 0.919441 	 2.795338
  132 	 0.189174 	 1.191030 	 6.855751
  133 	 0.353165 	 1.379686 	 7.089831
  134 	 0.038302 	 0.995153 	 4.437065
  135 	 0.140189 	 0.922669 	 2.568285
  136 	 0.223550 	 1.308056 	 13.422467
  137 	 0.117888 	 1.312394 	 5.309600
  138 	 0.074302 	 0.940090 	 2.583666
  139 	 0.037249 	 0.943004 	 6.489781
  140 	 0.117816 	 1.293602 	 9.049644
  141 	 0.153046 	 1.605329 	 13.614962
  142 	 0.110061 	 0.998074 	 6.492838
  143 	 0.036621 	 0.920438 	 5.284125
  144 	 0.127741 	 1.197922 	 6.516299
  145 	 0.037857 	 1.743813 	 15.055418
  146 	 0.039433 	 1.074152 	 6.099772
  147 	 0.066262 	 1.113080 	 13.503040
  148 	 0.118582 	 1.356195 	 13.221666
  149 	 0.073801 	 1.518173 	 9.492067
  150 	 0.075427 	 1.099930 	 6.460709
  151 	 0.104951 	 1.098532 	 8.532384
  152 	 0.151678 	 1.278815 	 8.958410
  153 	 0.116705 	 1.420318 	 7.421100
  154 	 0.111257 	 1.073056 	 5.322599
  155 	 0.134212 	 1.051062 	 6.825685
  156 	 0.186832 	 1.298769 	 6.781644
  157 	 0.145733 	 1.302758 	 5.233249
  158 	 0.146674 	 1.043408 	 4.467634
  159 	 0.123228 	 1.016457 	 5.496542
  160 	 0.221679 	 1.246061 	 5.261110
  161 	 0.180507 	 1.318075 	 6.272440
  162 	 0.037143 	 1.008736 	 3.970165
  163 	 0.158573 	 0.984191 	 3.979108
  164 	 0.250002 	 1.397811 	 14.937972
  165 	 0.046112 	 1.283602 	 5.297364
  166 	 0.066742 	 1.029458 	 3.573953
  167 	 0.038800 	 1.072026 	 12.148914
  168 	 0.277489 	 1.301857 	 10.358136
  169 	 0.037043 	 1.511778 	 14.577346
  170 	 0.096266 	 1.031735 	 3.254270
  171 	 0.068439 	 1.452205 	 13.653153
  172 	 0.133295 	 1.219353 	 7.932381
  173 	 0.073084 	 1.485902 	 14.302987
  174 	 0.125493 	 1.128101 	 6.131396
  175 	 0.069770 	 1.293076 	 9.719715
  176 	 0.163068 	 1.102996 	 4.706480
  177 	 0.029169 	 1.441611 	 9.436622
  178 	 0.175627 	 1.125772 	 5.018356
  179 	 0.105485 	 1.521389 	 33.146904
  180 	 0.035175 	 1.094554 	 5.439892
  181 	 0.030136 	 1.444722 	 8.595860
  182 	 0.124842 	 1.284083 	 15.390503
  183 	 0.115933 	 1.612666 	 32.641526
  184 	 0.036597 	 1.168193 	 6.603190
  185 	 0.030608 	 1.375863 	 7.365575
  186 	 0.039220 	 1.482618 	 15.158191
  187 	 0.036241 	 1.674299 	 31.637664
  188 	 0.065967 	 1.381537 	 15.192863
  189 	 0.031553 	 1.480365 	 15.142064
  190 	 0.036041 	 1.433452 	 14.932818
  191 	 0.062270 	 1.707530 	 31.198670
  192 	 0.066962 	 1.632703 	 26.996955
  193 	 0.032022 	 1.572635 	 15.805393
  194 	 0.037040 	 1.326897 	 10.639441
  195 	 0.031164 	 1.683777 	 30.282769
  196 	 0.093732 	 1.594486 	 26.288215
  197 	 0.030441 	 1.846898 	 31.090656
  198 	 0.035672 	 1.315213 	 10.556119
  199 	 0.032163 	 1.920913 	 31.805544
  200 	 0.094465 	 1.858260 	 27.268417
  201 	 0.031440 	 1.905223 	 30.154099
  202 	 0.036671 	 1.281824 	 8.047308
  203 	 0.033162 	 1.895378 	 30.826057
  204 	 0.124250 	 1.860508 	 26.545524
  205 	 0.032437 	 1.885526 	 29.272373
  206 	 0.037670 	 1.234291 	 7.256819
  207 	 0.034161 	 1.943201 	 29.906659
  208 	 0.137782 	 1.913927 	 25.860018
  209 	 0.033436 	 1.873545 	 28.440801
  210 	 0.038668 	 1.218865 	 7.205521
  211 	 0.035160 	 1.917643 	 29.039151
  212 	 0.036541 	 1.893087 	 25.209075
  213 	 0.034435 	 1.831347 	 27.655223
  214 	 0.039667 	 1.504160 	 26.637468
  215 	 0.036158 	 2.254784 	 28.220606
  216 	 0.037531 	 1.949076 	 24.590145
  217 	 0.035434 	 1.839936 	 26.911928
  218 	 0.040665 	 1.490448 	 25.953333
  219 	 0.037157 	 2.160782 	 27.446995
  220 	 0.038529 	 1.930890 	 24.000924
  221 	 0.036433 	 1.837234 	 26.207593
  222 	 0.041663 	 1.476683 	 25.297736
  223 	 0.038155 	 2.153801 	 26.714717
  224 	 0.036630 	 1.856468 	 23.439326
  225 	 0.037431 	 1.756156 	 19.858820
  226 	 0.042662 	 1.754003 	 26.574538
  227 	 0.050353 	 2.109800 	 26.020547
  228 	 0.037629 	 1.930492 	 22.903452
  229 	 0.038427 	 1.632320 	 13.844867
  230 	 0.037106 	 1.707334 	 25.887551
  231 	 0.036605 	 2.158995 	 25.363108
  232 	 0.038627 	 2.264197 	 26.242453
  233 	 0.039426 	 1.978845 	 26.592412
  234 	 0.038105 	 1.692120 	 25.235236
  235 	 0.037603 	 1.866717 	 24.736674
  236 	 0.039626 	 2.235709 	 25.572336
  237 	 0.040424 	 2.035589 	 25.904511
  238 	 0.035479 	 1.758100 	 24.615034
  239 	 0.038602 	 1.865838 	 24.140484
  240 	 0.040624 	 2.502983 	 27.413152
  241 	 0.041422 	 2.097276 	 25.251351
  242 	 0.036478 	 1.741090 	 24.024633
  243 	 0.039600 	 1.842681 	 23.572402
  244 	 0.041622 	 2.476728 	 26.682657
  245 	 0.042421 	 2.124906 	 24.630365
  246 	 0.037476 	 1.789356 	 23.461936
  247 	 0.040599 	 1.898471 	 23.030485
  248 	 0.038091 	 2.035838 	 24.040709
  249 	 0.043419 	 2.092947 	 24.331702
  250 	 0.036454 	 2.048666 	 25.581281
  251 	 0.041097 	 1.873481 	 22.512969
  252 	 0.039090 	 2.323624 	 26.699313
  253 	 0.044417 	 2.303553 	 24.040218
  254 	 0.037453 	 1.968410 	 24.944142
  255 	 0.037079 	 1.658159 	 20.940448
  256 	 0.031747 	 2.291455 	 26.348553
  257 	 0.047752 	 2.726540 	 26.261459
  258 	 0.037087 	 1.987844 	 31.010345
  259 	 0.038077 	 1.666276 	 20.724447
  260 	 0.032247 	 2.490372 	 26.255538
  261 	 0.048251 	 2.548767 	 25.922068
  262 	 0.036765 	 2.209833 	 30.537347
  263 	 0.038576 	 1.814568 	 20.304137
  264 	 0.032746 	 2.826287 	 26.479716
  265 	 0.049250 	 2.542686 	 25.590875
  266 	 0.036059 	 2.244586 	 29.632906
  267 	 0.039075 	 1.747881 	 20.100568
  268 	 0.033746 	 3.078594 	 26.984272
  269 	 0.049747 	 2.529659 	 25.268538
  270 	 0.037058 	 2.519356 	 29.200744
  271 	 0.039573 	 1.850071 	 19.705451
  272 	 0.034245 	 3.090825 	 26.625527
  273 	 0.050746 	 2.477242 	 24.646716
  274 	 0.037557 	 2.488850 	 28.372711
  275 	 0.040573 	 1.789543 	 19.513682
  276 	 0.035244 	 3.052781 	 25.935932
  277 	 0.051243 	 2.459510 	 24.054333
  278 	 0.038556 	 2.465497 	 27.976805
  279 	 0.041571 	 1.783884 	 19.326109
  280 	 0.035743 	 3.010331 	 25.280728
  281 	 0.035458 	 2.420364 	 23.490258
  282 	 0.039555 	 2.518348 	 27.591823
  283 	 0.042570 	 2.029221 	 27.810242
  284 	 0.036242 	 3.036483 	 24.965645
  285 	 0.035957 	 2.405579 	 22.951598
  286 	 0.040053 	 2.650674 	 27.216832
  287 	 0.043568 	 2.007723 	 27.429324
  288 	 0.036741 	 2.977875 	 24.658819
  289 	 0.036457 	 2.408796 	 22.692174
  290 	 0.037025 	 2.986836 	 26.284480
  291 	 0.036771 	 1.992172 	 27.280159
  292 	 0.029944 	 3.158036 	 25.756613
  293 	 0.036656 	 2.660008 	 26.830295
  294 	 0.038822 	 3.284619 	 33.174055
  295 	 0.037271 	 2.276052 	 27.132614
  296 	 0.030144 	 3.180516 	 24.674250
  297 	 0.036855 	 2.580921 	 26.475611
  298 	 0.036810 	 3.224083 	 32.955886
  299 	 0.037770 	 2.387254 	 26.986660
  300 	 0.030342 	 3.393800 	 25.374143
  301 	 0.037055 	 2.590016 	 25.271732
  302 	 0.039407 	 3.197022 	 31.111997
  303 	 0.039567 	 2.404476 	 25.736663
  304 	 0.032140 	 3.365670 	 24.267481
  305 	 0.038852 	 2.528978 	 23.058962
  306 	 0.041204 	 3.082591 	 29.463682
  307 	 0.036447 	 2.341877 	 24.598815
  308 	 0.033938 	 3.299926 	 23.253457
  309 	 0.040649 	 2.736749 	 26.145729
  310 	 0.043001 	 3.003139 	 27.981403
  311 	 0.034213 	 2.325011 	 23.557461
  312 	 0.035736 	 3.234557 	 22.320913
  313 	 0.042446 	 2.962897 	 27.767606
  314 	 0.044793 	 2.930213 	 26.641284
  315 	 0.036011 	 2.277869 	 22.600832
  316 	 0.037533 	 3.139850 	 21.462630
  317 	 0.044243 	 2.972263 	 26.447428
  318 	 0.046589 	 2.890721 	 25.231376
  319 	 0.030105 	 2.214103 	 21.718997
  320 	 0.039630 	 3.075679 	 20.665977
  321 	 0.046039 	 3.455966 	 31.343422
  322 	 0.048384 	 2.835719 	 24.136882
  323 	 0.031903 	 2.188940 	 20.903520
  324 	 0.041427 	 3.015559 	 19.926470
  325 	 0.047834 	 3.370034 	 29.671130
  326 	 0.036027 	 2.829390 	 23.133535
  327 	 0.031093 	 2.157459 	 20.147466
  328 	 0.043224 	 3.158784 	 26.435928
  329 	 0.049630 	 3.360062 	 30.401857
  330 	 0.037825 	 2.777667 	 22.210410
  331 	 0.032891 	 2.119906 	 19.444054
  332 	 0.045020 	 3.099122 	 25.236759
  333 	 0.051425 	 3.337406 	 28.826098
  334 	 0.039622 	 2.708814 	 21.358262
  335 	 0.034689 	 2.050515 	 18.788216
  336 	 0.046816 	 3.129965 	 24.141807
  337 	 0.037510 	 3.205360 	 27.405800
  338 	 0.041419 	 2.682407 	 20.569212
  339 	 0.036486 	 2.553736 	 25.439053
  340 	 0.048612 	 3.077283 	 23.138059
  341 	 0.039307 	 3.196690 	 26.119047
  342 	 0.027426 	 2.443005 	 16.863723
  343 	 0.038284 	 2.561591 	 24.326837
  344 	 0.036618 	 3.117688 	 34.215903
  345 	 0.037622 	 3.042637 	 24.947857
  346 	 0.029225 	 2.762904 	 26.029725
  347 	 0.036981 	 2.787747 	 25.366695
  348 	 0.038415 	 3.073331 	 32.232441
  349 	 0.039419 	 3.260226 	 25.785854
  350 	 0.031023 	 2.713671 	 24.866365
  351 	 0.034851 	 2.728173 	 24.260670
  352 	 0.040212 	 3.009781 	 30.466517
  353 	 0.038011 	 3.420272 	 27.284225
  354 	 0.032821 	 2.668398 	 23.802688
  355 	 0.036649 	 3.020525 	 25.118875
  356 	 0.042009 	 2.968921 	 28.884216
  357 	 0.033019 	 3.345544 	 26.008612
  358 	 0.034619 	 2.694436 	 22.826417
  359 	 0.038446 	 3.202723 	 28.719841
  360 	 0.037403 	 2.896492 	 27.458320
  361 	 0.034817 	 3.258225 	 24.847098
  362 	 0.036416 	 2.935847 	 25.507942
  363 	 0.040243 	 3.139504 	 27.309751
  364 	 0.039201 	 2.825059 	 26.166741
  365 	 0.036615 	 3.018781 	 23.785037
  366 	 0.038214 	 2.957429 	 24.389818
  367 	 0.042040 	 3.353255 	 26.031802
  368 	 0.040998 	 2.782701 	 24.991359
  369 	 0.038412 	 3.023433 	 22.810186
  370 	 0.040010 	 2.912285 	 23.365743
  371 	 0.043837 	 3.267720 	 24.383162
  372 	 0.042794 	 2.706511 	 23.917910
  373 	 0.034785 	 3.033349 	 21.912232
  374 	 0.037019 	 2.877095 	 22.424337
  375 	 0.038091 	 3.460470 	 27.333398
  376 	 0.044591 	 3.016051 	 25.760874
  377 	 0.036583 	 3.104057 	 25.068120
  378 	 0.036394 	 2.788270 	 21.555983
  379 	 0.039888 	 3.616435 	 26.053285
  380 	 0.037716 	 3.149614 	 26.182125
  381 	 0.035094 	 3.033126 	 23.987461
  382 	 0.038191 	 3.007350 	 25.306151
  383 	 0.035649 	 3.831207 	 27.104516
  384 	 0.039513 	 3.020496 	 25.005390
  385 	 0.036840 	 3.161564 	 26.702917
  386 	 0.039988 	 3.019993 	 24.205292
  387 	 0.037447 	 3.682451 	 25.880193
  388 	 0.041310 	 2.951668 	 23.930026
  389 	 0.038637 	 3.120842 	 25.479931
  390 	 0.038037 	 2.845535 	 23.196359
  391 	 0.039244 	 3.613772 	 24.729884
  392 	 0.043107 	 3.208800 	 25.102450
  393 	 0.040434 	 3.077021 	 24.364211
  394 	 0.039834 	 2.809530 	 22.268305
  395 	 0.041041 	 3.390922 	 23.677623
  396 	 0.044903 	 3.155349 	 24.018889
  397 	 0.042231 	 2.989170 	 23.342244
  398 	 0.041631 	 2.761520 	 21.411785
  399 	 0.042837 	 3.389311 	 22.711392
 