   0 	 0.013832 	 0.087737 	 1.627604
    1 	 0.020094 	 0.443521 	 1.627604
    2 	 0.035095 	 0.892192 	 1.591768
    3 	 0.020721 	 1.059870 	 2.707080
    4 	 0.046889 	 0.795461 	 2.713672
    5 	 0.301071 	 0.700236 	 1.574504
    6 	 0.096757 	 0.766547 	 1.512197
    7 	 0.456850 	 0.799222 	 1.258992
    8 	 0.285259 	 0.736272 	 1.406158
    9 	 0.101571 	 0.706948 	 0.933489
   10 	 0.047361 	 0.721183 	 1.111532
   11 	 0.047730 	 0.750022 	 1.396704
   12 	 0.041345 	 0.742664 	 1.511120
   13 	 0.497239 	 0.740779 	 1.510277
   14 	 0.470473 	 0.749268 	 1.524984
   15 	 0.470660 	 0.740632 	 0.899572
   16 	 0.104597 	 0.729472 	 0.921767
   17 	 0.660514 	 0.738693 	 0.921608
   18 	 0.611201 	 0.750062 	 1.390827
   19 	 0.651038 	 0.739269 	 0.784367
   20 	 0.400935 	 0.730095 	 0.815926
   21 	 0.047593 	 0.717410 	 0.790240
   22 	 0.227796 	 0.724471 	 0.984897
   23 	 0.386313 	 0.751026 	 1.510590
   24 	 0.089001 	 0.729678 	 1.187372
   25 	 0.041169 	 0.709672 	 0.999287
   26 	 0.047597 	 0.730205 	 1.008185
   27 	 0.262453 	 0.749090 	 1.525392
   28 	 0.089413 	 0.717690 	 1.510581
   29 	 0.217515 	 0.715978 	 1.140442
   30 	 0.262371 	 0.740372 	 1.420833
   31 	 0.110269 	 0.726777 	 1.202046
   32 	 0.104762 	 0.734916 	 1.140548
   33 	 0.042261 	 0.739601 	 1.140492
   34 	 0.387263 	 0.744155 	 1.390507
   35 	 0.104765 	 0.733524 	 1.522855
   36 	 0.089416 	 0.731295 	 0.998340
   37 	 0.089447 	 0.730331 	 1.390502
   38 	 0.104763 	 0.721791 	 1.420826
   39 	 0.498777 	 0.752653 	 1.420764
   40 	 0.491346 	 0.759174 	 1.390505
   41 	 0.491361 	 0.734520 	 0.898329
   42 	 0.262404 	 0.725674 	 0.904367
   43 	 0.661057 	 0.742141 	 0.904355
   44 	 0.658429 	 0.748914 	 1.140506
   45 	 0.262404 	 0.731464 	 0.784033
   46 	 0.041168 	 0.716961 	 0.785652
   47 	 0.104763 	 0.736909 	 1.140506
   48 	 0.387294 	 0.756909 	 1.525396
   49 	 0.387278 	 0.740092 	 1.390505
   50 	 0.467334 	 0.733969 	 0.998309
   51 	 0.215977 	 0.728262 	 0.998325
   52 	 0.041168 	 0.734143 	 0.924441
   53 	 0.620069 	 0.752164 	 1.204272
   54 	 0.262404 	 0.746458 	 1.525395
   55 	 0.262404 	 0.724344 	 0.955763
   56 	 0.041168 	 0.726523 	 1.140506
   57 	 0.089414 	 0.745711 	 1.140506
   58 	 0.569831 	 0.757166 	 1.525395
   59 	 0.047587 	 0.742708 	 1.420829
   60 	 0.047587 	 0.741024 	 0.960375
   61 	 0.089416 	 0.777321 	 2.818590
   62 	 0.047587 	 0.773151 	 1.510603
   63 	 0.041168 	 0.776243 	 1.420826
   64 	 0.041168 	 0.763974 	 1.510603
   65 	 0.041695 	 0.780436 	 1.670867
   66 	 0.470587 	 0.828189 	 2.870528
   67 	 0.089416 	 0.805255 	 1.524169
   68 	 0.269628 	 0.776574 	 1.035337
   69 	 0.041695 	 0.790422 	 2.521330
   70 	 0.212584 	 0.801203 	 1.683076
   71 	 0.258820 	 0.827388 	 2.866191
   72 	 0.213543 	 0.827184 	 1.691524
   73 	 0.041614 	 0.828047 	 1.680102
   74 	 0.268763 	 0.838915 	 1.920332
   75 	 0.097370 	 0.848529 	 2.421523
   76 	 0.439744 	 0.850334 	 1.736221
   77 	 0.041545 	 0.844527 	 2.471760
   78 	 0.206354 	 0.843025 	 1.338787
   79 	 0.254275 	 0.874635 	 1.484402
   80 	 0.106884 	 0.879401 	 1.947215
   81 	 0.041397 	 0.837910 	 1.781021
   82 	 0.106552 	 0.846357 	 2.414967
   83 	 0.478876 	 0.897273 	 2.868639
   84 	 0.367354 	 0.889646 	 2.416908
   85 	 0.314877 	 0.851354 	 1.272140
   86 	 0.367093 	 0.850254 	 1.482459
   87 	 0.633176 	 0.869366 	 1.607516
   88 	 0.279013 	 0.857600 	 1.483035
   89 	 0.041596 	 0.838169 	 1.063405
   90 	 0.499419 	 0.865134 	 1.705865
   91 	 0.284106 	 0.872855 	 2.867001
   92 	 0.496755 	 0.857909 	 1.239742
   93 	 0.315040 	 0.869037 	 1.691172
   94 	 0.499062 	 0.857319 	 1.243850
   95 	 0.041424 	 0.849781 	 1.607096
   96 	 0.644724 	 0.856560 	 1.240291
   97 	 0.279220 	 0.867501 	 2.868417
   98 	 0.106758 	 0.841960 	 1.050503
   99 	 0.107008 	 0.859209 	 1.705263
  100 	 0.277975 	 0.876249 	 2.415705
  101 	 0.106878 	 0.859525 	 2.414247
  102 	 0.280990 	 0.848004 	 1.708891
  103 	 0.308062 	 0.873204 	 2.415003
  104 	 0.276289 	 0.867605 	 1.700130
  105 	 0.273260 	 0.860325 	 1.625323
  106 	 0.498174 	 0.869222 	 1.713826
  107 	 0.517458 	 0.870616 	 1.722769
  108 	 0.370164 	 0.853175 	 1.241658
  109 	 0.105128 	 0.845687 	 1.212623
  110 	 0.645637 	 0.868809 	 1.476311
  111 	 0.037744 	 0.852164 	 2.425253
  112 	 0.041487 	 0.825188 	 1.049497
  113 	 0.041488 	 0.886557 	 2.899022
  114 	 0.106866 	 0.883934 	 2.867896
  115 	 0.273770 	 0.866928 	 2.867891
  116 	 0.314951 	 0.878661 	 2.415071
  117 	 0.276354 	 0.882008 	 1.721258
  118 	 0.106871 	 0.855127 	 1.607326
  119 	 0.492985 	 0.864652 	 1.713638
  120 	 0.522322 	 0.880351 	 2.415041
  121 	 0.494844 	 0.865568 	 1.249710
  122 	 0.106398 	 0.843601 	 1.205512
  123 	 0.642298 	 0.860499 	 1.246814
  124 	 0.661064 	 0.889038 	 2.417807
  125 	 0.503640 	 0.856235 	 1.053188
  126 	 0.366972 	 0.845732 	 1.032776
  127 	 0.678000 	 0.858753 	 1.233289
  128 	 0.684345 	 0.870795 	 1.483301
  129 	 0.277270 	 0.850697 	 1.015022
  130 	 0.558503 	 0.850269 	 1.008527
  131 	 0.106854 	 0.861259 	 1.710951
  132 	 0.106652 	 0.856849 	 1.155131
  133 	 0.106867 	 0.857091 	 2.415145
  134 	 0.041481 	 0.855402 	 2.416322
  135 	 0.367330 	 0.887231 	 2.415064
  136 	 0.041449 	 0.877448 	 2.867946
  137 	 0.367341 	 0.846166 	 1.482512
  138 	 0.314946 	 0.861650 	 2.868214
  139 	 0.041497 	 0.843198 	 1.482488
  140 	 0.111188 	 0.846665 	 1.607339
  141 	 0.275970 	 0.899308 	 2.867814
  142 	 0.098265 	 0.874555 	 2.390126
  143 	 0.314959 	 0.847358 	 1.714764
  144 	 0.106868 	 0.838077 	 1.714863
  145 	 0.041489 	 0.858152 	 1.607305
  146 	 0.106725 	 0.868047 	 2.415059
  147 	 0.276053 	 0.884036 	 2.867885
  148 	 0.356668 	 0.897594 	 2.415894
  149 	 0.106868 	 0.861595 	 1.714521
  150 	 0.097907 	 0.858155 	 1.506323
  151 	 0.041489 	 0.872666 	 2.415060
  152 	 0.276026 	 0.871029 	 2.468484
  153 	 0.276020 	 0.874127 	 2.867885
  154 	 0.360271 	 0.875962 	 1.714600
  155 	 0.314952 	 0.868647 	 1.714618
  156 	 0.041233 	 0.850261 	 1.498191
  157 	 0.494604 	 0.858279 	 1.607323
  158 	 0.041489 	 0.872013 	 2.869987
  159 	 0.041489 	 0.832460 	 1.247187
  160 	 0.314744 	 0.872782 	 2.867885
  161 	 0.436352 	 0.901208 	 2.867885
  162 	 0.041489 	 0.845570 	 1.607861
  163 	 0.314952 	 0.838442 	 1.344895
  164 	 0.041441 	 0.869657 	 2.867879
  165 	 0.104771 	 0.836091 	 1.607323
  166 	 0.276019 	 0.859528 	 2.868277
  167 	 0.041489 	 0.846391 	 2.427356
  168 	 0.276020 	 0.883652 	 1.714622
  169 	 0.365690 	 0.904977 	 2.867885
  170 	 0.106868 	 0.847466 	 1.714618
  171 	 0.314952 	 0.853800 	 1.486126
  172 	 0.041494 	 0.891420 	 2.415060
  173 	 0.041518 	 0.865472 	 1.607323
  174 	 0.367342 	 0.872078 	 2.867845
  175 	 0.275135 	 0.871520 	 2.867645
  176 	 0.106868 	 0.851432 	 1.482487
  177 	 0.106868 	 0.829274 	 1.717224
  178 	 0.106868 	 0.869748 	 2.415060
  179 	 0.106635 	 0.922711 	 2.415060
  180 	 0.273571 	 0.878625 	 2.415060
  181 	 0.091623 	 0.848798 	 2.416420
  182 	 0.041852 	 0.853403 	 1.721848
  183 	 0.041489 	 0.879140 	 2.507374
  184 	 0.492842 	 0.894707 	 2.864900
  185 	 0.355293 	 0.915280 	 2.867885
  186 	 0.106868 	 0.840845 	 1.249934
  187 	 0.106782 	 0.849341 	 1.509448
  188 	 0.642205 	 0.895294 	 2.415060
  189 	 0.518650 	 0.894525 	 2.415563
  190 	 0.367342 	 0.845829 	 1.053291
  191 	 0.106925 	 0.839613 	 1.210874
  192 	 0.735029 	 0.873918 	 1.482487
  193 	 0.106826 	 0.886757 	 2.414727
  194 	 0.558757 	 0.847717 	 0.955584
  195 	 0.367387 	 0.860083 	 2.415305
  196 	 0.272193 	 0.856469 	 1.154792
  197 	 0.041492 	 0.836734 	 1.482388
  198 	 0.463170 	 0.858526 	 1.725943
  199 	 0.106885 	 0.899390 	 2.867857
  200 	 0.106861 	 0.844039 	 1.298077
  201 	 0.042108 	 0.855263 	 2.414962
  202 	 0.276023 	 0.878096 	 2.415102
  203 	 0.367355 	 0.892806 	 2.862804
  204 	 0.367336 	 0.856126 	 1.714610
  205 	 0.315457 	 0.844203 	 1.482458
  206 	 0.276020 	 0.851561 	 1.482499
  207 	 0.558766 	 0.867739 	 1.606020
  208 	 0.041489 	 0.847611 	 1.714618
  209 	 0.522679 	 0.856293 	 1.154779
  210 	 0.494604 	 0.903250 	 2.867883
  211 	 0.684004 	 0.863658 	 1.204994
  212 	 0.314952 	 0.848444 	 1.247187
  213 	 0.661290 	 0.851886 	 1.008874
  214 	 0.041489 	 0.860353 	 1.607322
  215 	 0.503898 	 0.853454 	 1.032534
  216 	 0.522323 	 0.880506 	 2.867886
  217 	 0.041490 	 0.855510 	 1.232896
  218 	 0.106868 	 0.847124 	 1.205511
  219 	 0.106374 	 0.871034 	 2.867872
  220 	 0.041517 	 0.874573 	 2.415060
  221 	 0.314953 	 0.874126 	 2.417944
  222 	 0.106867 	 0.866052 	 2.867650
  223 	 0.366953 	 0.859611 	 1.607320
  224 	 0.314975 	 0.877124 	 2.415067
  225 	 0.106902 	 0.842898 	 1.483342
  226 	 0.367341 	 0.846929 	 1.607263
  227 	 0.276019 	 0.872282 	 2.414859
  228 	 0.522340 	 0.874551 	 1.482489
  229 	 0.367369 	 0.866096 	 1.714622
  230 	 0.503898 	 0.843260 	 1.205487
  231 	 0.106781 	 0.831596 	 1.482428
  232 	 0.503910 	 0.868416 	 1.232896
  233 	 0.041482 	 0.870399 	 2.415567
  234 	 0.041497 	 0.838163 	 1.232878
  235 	 0.041490 	 0.904728 	 2.867940
  236 	 0.105944 	 0.878163 	 2.867814
  237 	 0.276079 	 0.874068 	 2.867878
  238 	 0.276020 	 0.871996 	 2.420459
  239 	 0.314953 	 0.880261 	 1.714445
  240 	 0.106868 	 0.858532 	 1.714619
  241 	 0.041507 	 0.839646 	 1.607321
  242 	 0.106868 	 0.870582 	 2.415059
  243 	 0.041489 	 0.898774 	 2.867731
  244 	 0.106868 	 0.864692 	 2.415059
  245 	 0.274056 	 0.854508 	 2.867885
  246 	 0.275919 	 0.870978 	 2.415060
  247 	 0.104621 	 0.878469 	 1.720412
  248 	 0.106868 	 0.840850 	 1.714915
  249 	 0.040238 	 0.853337 	 2.428240
  250 	 0.494532 	 0.893165 	 2.415059
  251 	 0.365572 	 0.884817 	 2.878208
  252 	 0.367342 	 0.849484 	 1.247300
  253 	 0.313931 	 0.856705 	 1.486387
  254 	 0.561884 	 0.863646 	 1.482487
  255 	 0.276021 	 0.858936 	 1.609964
  256 	 0.558757 	 0.857588 	 1.150637
  257 	 0.503930 	 0.865467 	 1.714614
  258 	 0.106864 	 0.838359 	 1.154791
  259 	 0.041489 	 0.835331 	 1.232847
  260 	 0.503898 	 0.887039 	 2.415082
  261 	 0.503898 	 0.896433 	 2.867886
  262 	 0.097734 	 0.835823 	 1.232896
  263 	 0.314952 	 0.852011 	 1.232896
  264 	 0.649310 	 0.901399 	 2.469538
  265 	 0.649310 	 0.872363 	 1.607323
  266 	 0.360135 	 0.842999 	 1.045467
  267 	 0.030780 	 0.844474 	 1.045467
  268 	 0.739280 	 0.876634 	 1.498497
  269 	 0.041474 	 0.875450 	 2.958754
  270 	 0.498034 	 0.840130 	 0.955584
  271 	 0.106868 	 0.869160 	 2.868003
  272 	 0.791901 	 0.876437 	 1.241874
  273 	 0.276092 	 0.873299 	 2.415060
  274 	 0.278319 	 0.837840 	 0.909834
  275 	 0.106997 	 0.859117 	 1.714407
  276 	 0.106826 	 0.855955 	 1.707885
  277 	 0.106826 	 0.862324 	 2.414309
  278 	 0.106973 	 0.869386 	 2.415305
  279 	 0.275289 	 0.884698 	 2.415305
  280 	 0.276041 	 0.878161 	 2.414449
  281 	 0.041490 	 0.854437 	 1.716771
  282 	 0.367424 	 0.866886 	 1.714556
  283 	 0.494078 	 0.887001 	 2.867875
  284 	 0.494619 	 0.858629 	 1.482306
  285 	 0.314953 	 0.844992 	 1.154699
  286 	 0.041489 	 0.846655 	 1.247163
  287 	 0.503898 	 0.860463 	 1.607320
  288 	 0.436352 	 0.861008 	 1.524649
  289 	 0.436352 	 0.841808 	 1.232896
  290 	 0.106868 	 0.841860 	 1.344895
  291 	 0.649310 	 0.876315 	 1.344896
  292 	 0.605292 	 0.889936 	 2.415061
  293 	 0.106868 	 0.840440 	 1.045467
  294 	 0.367342 	 0.846886 	 1.095900
  295 	 0.739280 	 0.886333 	 2.415060
  296 	 0.276020 	 0.862090 	 1.482487
  297 	 0.106868 	 0.821537 	 0.955584
  298 	 0.041489 	 0.827864 	 1.123066
  299 	 0.041489 	 0.876817 	 2.415060
  300 	 0.276007 	 0.892812 	 2.867885
  301 	 0.367342 	 0.863249 	 1.717817
  302 	 0.314952 	 0.851336 	 1.714657
  303 	 0.041489 	 0.826988 	 1.482487
  304 	 0.107035 	 0.857654 	 1.607323
  305 	 0.558757 	 0.929637 	 2.867885
  306 	 0.041489 	 0.852818 	 2.414089
  307 	 0.041489 	 0.828552 	 1.154792
  308 	 0.367473 	 0.900754 	 2.867885
  309 	 0.041505 	 0.897717 	 2.867885
  310 	 0.041489 	 0.837964 	 1.482199
  311 	 0.283949 	 0.857655 	 2.867755
  312 	 0.041489 	 0.897557 	 2.867885
  313 	 0.106868 	 0.877556 	 1.691619
  314 	 0.021258 	 0.850830 	 2.867885
  315 	 0.274254 	 0.843790 	 2.415060
  316 	 0.276020 	 0.897572 	 3.044524
  317 	 0.276020 	 0.889224 	 1.719825
  318 	 0.040830 	 0.847117 	 1.714618
  319 	 0.493334 	 0.853419 	 1.714618
  320 	 0.494604 	 0.892960 	 2.873315
  321 	 0.494604 	 0.867921 	 1.249166
  322 	 0.314414 	 0.851098 	 1.247187
  323 	 0.642522 	 0.856430 	 1.247187
  324 	 0.643340 	 0.872753 	 1.608713
  325 	 0.643340 	 0.863890 	 1.052939
  326 	 0.521944 	 0.852830 	 1.052033
  327 	 0.735219 	 0.856307 	 1.052033
  328 	 0.041349 	 0.850826 	 1.206062
  329 	 0.679104 	 0.856308 	 0.959307
  330 	 0.660824 	 0.881619 	 2.869036
  331 	 0.667338 	 0.858625 	 1.013885
  332 	 0.314838 	 0.849939 	 1.033032
  333 	 0.505191 	 0.854367 	 1.026127
  334 	 0.679104 	 0.868678 	 1.607618
  335 	 0.503898 	 0.858459 	 1.230934
  336 	 0.041489 	 0.824006 	 1.013886
  337 	 0.650138 	 0.860452 	 1.232896
  338 	 0.756953 	 0.912623 	 2.867885
  339 	 0.649310 	 0.855603 	 1.044563
  340 	 0.106862 	 0.827408 	 0.939714
  341 	 0.041477 	 0.822705 	 1.045467
  342 	 0.275503 	 0.893848 	 2.415094
  343 	 0.262449 	 0.934077 	 2.867982
  344 	 0.276521 	 0.840479 	 1.716141
  345 	 0.314943 	 0.837705 	 1.755467
  346 	 0.494232 	 0.881223 	 1.713146
  347 	 0.041475 	 0.868379 	 1.607348
  348 	 0.105118 	 0.819291 	 1.247766
  349 	 0.276016 	 0.871351 	 2.868001
  350 	 0.503901 	 0.913366 	 2.425308
  351 	 0.314941 	 0.876372 	 1.714631
  352 	 0.365964 	 0.833766 	 1.232892
  353 	 0.494601 	 0.853798 	 1.607353
  354 	 0.503874 	 0.878078 	 1.485521
  355 	 0.106854 	 0.856275 	 1.247192
  356 	 0.503887 	 0.845933 	 1.232932
  357 	 0.275872 	 0.870880 	 2.415140
  358 	 0.106868 	 0.864288 	 1.232913
  359 	 0.041862 	 0.834214 	 1.715052
  360 	 0.041463 	 0.851775 	 2.415060
  361 	 0.494498 	 0.918667 	 2.864820
  362 	 0.367342 	 0.903086 	 2.868098
  363 	 0.315257 	 0.840715 	 1.247352
  364 	 0.314931 	 0.849294 	 1.482487
  365 	 0.503886 	 0.877792 	 1.606537
  366 	 0.041441 	 0.839565 	 1.607378
  367 	 0.522538 	 0.849565 	 1.232915
  368 	 0.276013 	 0.901663 	 2.868277
  369 	 0.106869 	 0.855015 	 1.205200
  370 	 0.314913 	 0.865430 	 1.714639
  371 	 0.661201 	 0.876853 	 2.415054
  372 	 0.494599 	 0.866334 	 1.607423
  373 	 0.276020 	 0.842960 	 1.032630
  374 	 0.522296 	 0.863400 	 1.247194
  375 	 0.041489 	 0.868043 	 1.714617
  376 	 0.041489 	 0.849932 	 1.205551
  377 	 0.106782 	 0.861782 	 2.867886
  378 	 0.505448 	 0.880505 	 2.867885
  379 	 0.314952 	 0.880085 	 2.415563
  380 	 0.314952 	 0.854240 	 1.230545
  381 	 0.041485 	 0.846319 	 1.607323
  382 	 0.276020 	 0.860139 	 1.607323
  383 	 0.276020 	 0.885697 	 2.867913
  384 	 0.522323 	 0.865778 	 1.714618
  385 	 0.106868 	 0.850140 	 1.714618
  386 	 0.276020 	 0.843129 	 1.205511
  387 	 0.106841 	 0.877326 	 2.415060
  388 	 0.661065 	 0.882439 	 1.714618
  389 	 0.367342 	 0.870280 	 2.415217
  390 	 0.494604 	 0.848345 	 1.032775
  391 	 0.106868 	 0.850236 	 1.482487
  392 	 0.679104 	 0.866878 	 1.247187
  393 	 0.558757 	 0.884978 	 2.415060
  394 	 0.643340 	 0.854191 	 1.013885
  395 	 0.367342 	 0.849073 	 1.154792
  396 	 0.106868 	 0.843405 	 1.052033
  397 	 0.041489 	 0.853339 	 1.482487
  398 	 0.503898 	 0.883454 	 2.415060
  399 	 0.041489 	 0.859214 	 2.867885
  400 	 0.356668 	 0.846718 	 1.232896
  401 	 0.314952 	 0.906862 	 2.867885
  402 	 0.042124 	 0.843532 	 1.506323
  403 	 0.314952 	 0.851582 	 1.607323
  404 	 0.551413 	 0.895280 	 2.862669
  405 	 0.041489 	 0.865468 	 1.607323
  406 	 0.041489 	 0.806272 	 1.164669
  407 	 0.106862 	 0.861671 	 2.867885
  408 	 0.276020 	 0.922653 	 2.527090
  409 	 0.314952 	 0.890646 	 2.415098
  410 	 0.352822 	 0.849902 	 1.714618
  411 	 0.367337 	 0.853144 	 1.607323
  412 	 0.494604 	 0.882270 	 1.515100
  413 	 0.107061 	 0.861370 	 1.482498
  414 	 0.548757 	 0.848236 	 1.247187
  415 	 0.041349 	 0.849953 	 2.413936
  416 	 0.270126 	 0.859715 	 1.168283
  417 	 0.276004 	 0.886122 	 2.869036
  418 	 0.106281 	 0.843720 	 1.732123
  419 	 0.314838 	 0.845444 	 1.714664
  420 	 0.276020 	 0.863627 	 2.418490
  421 	 0.494593 	 0.876892 	 1.607618
  422 	 0.366880 	 0.870010 	 1.714618
  423 	 0.503885 	 0.842977 	 1.247204
  424 	 0.041664 	 0.836797 	 1.483504
  425 	 0.276021 	 0.869439 	 1.232915
  426 	 0.276020 	 0.892904 	 2.866447
  427 	 0.460433 	 0.855808 	 1.714615
  428 	 0.315095 	 0.855802 	 1.714618
  429 	 0.494605 	 0.850923 	 1.302705
  430 	 0.106389 	 0.842803 	 1.606954
  431 	 0.503898 	 0.849219 	 1.247186
  432 	 0.254444 	 0.866364 	 2.417856
  433 	 0.106868 	 0.850860 	 1.232896
  434 	 0.366965 	 0.878248 	 1.780485
  435 	 0.106707 	 0.865682 	 2.415060
  436 	 0.478999 	 0.860613 	 1.483316
  437 	 0.107061 	 0.845165 	 2.415998
  438 	 0.484000 	 0.865097 	 1.271941
  439 	 0.367215 	 0.909668 	 2.413936
  440 	 0.041489 	 0.840627 	 1.263902
  441 	 0.091633 	 0.844673 	 1.482765
  442 	 0.106856 	 0.889843 	 2.867885
  443 	 0.503817 	 0.882943 	 2.507315
  444 	 0.041489 	 0.866418 	 2.415132
  445 	 0.355301 	 0.854971 	 1.233019
  446 	 0.042445 	 0.873634 	 2.867885
  447 	 0.276020 	 0.853942 	 1.509431
  448 	 0.283949 	 0.898253 	 2.860039
  449 	 0.276020 	 0.855670 	 1.714618
  450 	 0.041489 	 0.840346 	 1.691619
  451 	 0.328859 	 0.860087 	 1.714012
  452 	 0.106725 	 0.897186 	 2.867885
  453 	 0.494752 	 0.865226 	 1.572181
  454 	 0.314952 	 0.886191 	 2.415897
  455 	 0.532090 	 0.856884 	 1.246956
  456 	 0.041489 	 0.858043 	 1.607323
  457 	 0.041441 	 0.842408 	 1.191483
  458 	 0.041489 	 0.880728 	 2.867885
  459 	 0.106868 	 0.890186 	 2.868277
  460 	 0.275996 	 0.848749 	 2.867885
  461 	 0.105944 	 0.852345 	 2.415060
  462 	 0.314952 	 0.899977 	 1.714689
  463 	 0.367342 	 0.907236 	 2.420459
  464 	 0.494587 	 0.849918 	 1.607323
  465 	 0.366615 	 0.849853 	 1.482487
  466 	 0.503898 	 0.871211 	 1.247214
  467 	 0.503523 	 0.872463 	 1.484087
  468 	 0.041492 	 0.836460 	 1.232896
  469 	 0.106869 	 0.846863 	 1.233466
  470 	 0.503898 	 0.903945 	 2.867859
  471 	 0.106868 	 0.872379 	 2.415055
  472 	 0.314955 	 0.845705 	 1.232896
  473 	 0.367342 	 0.869153 	 2.415060
  474 	 0.537025 	 0.869761 	 1.607316
  475 	 0.367342 	 0.852234 	 1.482486
  476 	 0.041548 	 0.836932 	 1.184517
  477 	 0.041489 	 0.851486 	 1.482487
  478 	 0.106867 	 0.890884 	 2.867400
  479 	 0.558757 	 0.903573 	 2.867884
  480 	 0.315000 	 0.873853 	 2.415064
  481 	 0.276020 	 0.843534 	 1.154792
  482 	 0.367341 	 0.866809 	 1.607199
  483 	 0.683998 	 0.884473 	 1.714618
  484 	 0.106868 	 0.846258 	 1.482488
  485 	 0.106868 	 0.830497 	 1.008879
  486 	 0.108161 	 0.868852 	 2.415059
  487 	 0.503898 	 0.893843 	 2.415059
  488 	 0.275518 	 0.872469 	 2.407543
  489 	 0.290368 	 0.829584 	 1.232896
  490 	 0.106868 	 0.854944 	 1.716095
  491 	 0.508062 	 0.884827 	 1.673448
  492 	 0.494243 	 0.874322 	 2.415060
  493 	 0.106782 	 0.833777 	 1.226599
  494 	 0.041493 	 0.826265 	 1.247749
  495 	 0.041489 	 0.875581 	 2.415563
  496 	 0.643108 	 0.929143 	 2.867848
  497 	 0.367274 	 0.882894 	 2.867885
  498 	 0.106868 	 0.827185 	 1.052290
  499 	 0.104802 	 0.858487 	 1.482636
  500 	 0.041497 	 0.895487 	 2.415060
  501 	 0.558710 	 0.881987 	 2.427168
  502 	 0.106868 	 0.842550 	 2.867814
  503 	 0.041489 	 0.827574 	 1.154854
  504 	 0.314959 	 0.909033 	 2.415060
  505 	 0.679104 	 0.915885 	 2.867885
  506 	 0.367342 	 0.841732 	 1.607305
  507 	 0.255129 	 0.831390 	 1.013885
  508 	 0.522328 	 0.882492 	 1.482487
  509 	 0.106868 	 0.887339 	 1.778319
  510 	 0.041489 	 0.836944 	 1.205504
  511 	 0.106868 	 0.851269 	 2.415060
  512 	 0.107494 	 0.877677 	 2.867885
  513 	 0.275872 	 0.879118 	 2.415060
  514 	 0.314952 	 0.875254 	 2.411413
  515 	 0.367342 	 0.862572 	 1.715052
  516 	 0.367835 	 0.862418 	 1.607323
  517 	 0.272750 	 0.855901 	 1.482487
  518 	 0.522323 	 0.860792 	 1.481405
  519 	 0.106868 	 0.861472 	 1.724287
  520 	 0.559095 	 0.860915 	 1.205511
  521 	 0.492250 	 0.874646 	 2.415060
  522 	 0.661065 	 0.858541 	 1.154341
  523 	 0.041489 	 0.839844 	 1.250859
  524 	 0.503898 	 0.852511 	 1.032775
  525 	 0.276020 	 0.887871 	 2.867885
  526 	 0.041790 	 0.838157 	 1.232896
  527 	 0.314952 	 0.852609 	 1.714618
  528 	 0.649310 	 0.886343 	 2.865407
  529 	 0.494604 	 0.868176 	 1.607323
  530 	 0.041476 	 0.822579 	 1.045467
  531 	 0.106868 	 0.831907 	 1.013894
  532 	 0.041489 	 0.889214 	 2.867992
  533 	 0.041489 	 0.873730 	 2.415061
  534 	 0.314942 	 0.838496 	 1.524649
  535 	 0.041489 	 0.848364 	 2.867885
  536 	 0.041490 	 0.850796 	 1.607350
  537 	 0.108953 	 0.872243 	 2.867885
  538 	 0.041489 	 0.889166 	 2.867877
  539 	 0.041489 	 0.865236 	 2.402963
  540 	 0.276020 	 0.869429 	 2.867885
  541 	 0.368981 	 0.906366 	 2.867885
  542 	 0.314952 	 0.875689 	 1.714619
  543 	 0.088479 	 0.842186 	 1.478892
  544 	 0.494604 	 0.855281 	 1.607323
  545 	 0.041489 	 0.860105 	 2.527300
  546 	 0.522323 	 0.866172 	 1.247187
  547 	 0.352796 	 0.883126 	 2.415067
  548 	 0.643340 	 0.856909 	 1.205511
  549 	 0.106868 	 0.856973 	 1.515160
  550 	 0.276020 	 0.849917 	 1.052033
  551 	 0.548739 	 0.884168 	 2.415060
  552 	 0.106868 	 0.846099 	 1.714618
  553 	 0.367342 	 0.854134 	 1.168307
  554 	 0.276020 	 0.895083 	 2.415060
  555 	 0.276020 	 0.858482 	 1.482487
  556 	 0.106868 	 0.842258 	 1.714618
  557 	 0.041482 	 0.852920 	 1.714618
  558 	 0.494604 	 0.896861 	 2.415062
  559 	 0.494604 	 0.886517 	 2.867937
  560 	 0.367342 	 0.843675 	 1.247187
  561 	 0.314947 	 0.843650 	 1.247187
  562 	 0.106886 	 0.867091 	 1.482488
  563 	 0.643340 	 0.877958 	 1.607336
  564 	 0.558757 	 0.866307 	 2.414955
  565 	 0.106826 	 0.839584 	 1.052033
  566 	 0.367356 	 0.862852 	 1.154792
  567 	 0.705212 	 0.884552 	 2.415305
  568 	 0.041482 	 0.849204 	 1.482456
  569 	 0.106856 	 0.833237 	 0.987740
  570 	 0.041489 	 0.872657 	 2.867943
  571 	 0.041488 	 0.867504 	 2.415132
  572 	 0.314946 	 0.875988 	 2.867880
  573 	 0.367332 	 0.895265 	 2.867889
  574 	 0.041489 	 0.849939 	 1.607338
  575 	 0.314952 	 0.860234 	 1.482508
  576 	 0.041489 	 0.878874 	 2.867885
  577 	 0.558750 	 0.868754 	 1.607324
  578 	 0.314952 	 0.877772 	 2.867885
  579 	 0.522323 	 0.858834 	 1.154800
  580 	 0.314952 	 0.860381 	 1.607323
  581 	 0.276032 	 0.850209 	 1.205512
  582 	 0.503890 	 0.860992 	 1.607323
  583 	 0.277552 	 0.865694 	 1.714581
  584 	 0.275940 	 0.840583 	 1.232908
  585 	 0.276018 	 0.834330 	 1.032775
  586 	 0.281347 	 0.882587 	 1.714854
  587 	 0.041489 	 0.878906 	 1.714624
  588 	 0.292903 	 0.836059 	 1.116387
  589 	 0.041489 	 0.842332 	 2.867885
  590 	 0.041489 	 0.857807 	 1.666381
  591 	 0.041489 	 0.892843 	 2.867885
  592 	 0.108953 	 0.853182 	 1.628652
  593 	 0.106868 	 0.850249 	 1.714860
  594 	 0.041492 	 0.876020 	 2.402959
  595 	 0.106868 	 0.888187 	 2.415059
  596 	 0.041489 	 0.864152 	 2.867860
  597 	 0.367342 	 0.863382 	 2.415061
  598 	 0.106868 	 0.862363 	 2.867885
  599 	 0.106868 	 0.864821 	 1.482487
  600 	 0.314952 	 0.898754 	 2.415061
  601 	 0.041489 	 0.865574 	 2.415060
  602 	 0.367342 	 0.848773 	 1.607323
  603 	 0.367342 	 0.883879 	 2.867885
  604 	 0.106868 	 0.849652 	 1.482487
  605 	 0.314952 	 0.857038 	 1.482487
  606 	 0.276442 	 0.901983 	 2.415060
  607 	 0.503898 	 0.862437 	 1.607323
  608 	 0.367342 	 0.850585 	 1.713377
  609 	 0.497614 	 0.856589 	 1.232896
  610 	 0.494908 	 0.879547 	 1.482487
  611 	 0.503898 	 0.854982 	 1.242523
  612 	 0.503898 	 0.844086 	 1.246714
  613 	 0.275503 	 0.854249 	 1.232896
  614 	 0.041489 	 0.855887 	 1.232896
  615 	 0.503898 	 0.861930 	 1.716141
  616 	 0.041489 	 0.870773 	 2.867886
  617 	 0.494232 	 0.861707 	 1.232896
  618 	 0.314952 	 0.879434 	 2.867885
  619 	 0.649310 	 0.852355 	 1.247766
  620 	 0.106868 	 0.837927 	 1.607323
  621 	 0.643101 	 0.855438 	 1.044896
  622 	 0.292917 	 0.871142 	 1.714566
  623 	 0.276272 	 0.846135 	 1.052298
  624 	 0.106925 	 0.847911 	 1.666340
  625 	 0.106926 	 0.842547 	 1.713877
  626 	 0.164460 	 0.853056 	 2.414728
  627 	 0.494786 	 0.885245 	 2.414721
  628 	 0.367387 	 0.872645 	 1.788686
  629 	 0.367388 	 0.841985 	 1.246905
  630 	 0.477125 	 0.839618 	 1.482389
  631 	 0.643457 	 0.865924 	 1.482387
  632 	 0.041489 	 0.843850 	 1.274981
  633 	 0.041542 	 0.824756 	 1.051904
  634 	 0.594129 	 0.897597 	 2.865552
  635 	 0.600131 	 0.898943 	 2.867448
  636 	 0.278390 	 0.823341 	 1.109472
  637 	 0.268766 	 0.811929 	 1.102134
  638 	 0.105118 	 0.851376 	 1.707680
  639 	 0.447311 	 0.868141 	 1.736213
  640 	 0.276020 	 0.833222 	 2.425308
  641 	 0.244745 	 0.830181 	 1.325361
  642 	 0.281555 	 0.875955 	 1.275351
  643 	 0.041586 	 0.870806 	 1.811774
  644 	 0.489945 	 0.822386 	 1.232896
  645 	 0.104332 	 0.852337 	 2.867088
  646 	 0.588314 	 0.870948 	 1.254477
  647 	 0.315031 	 0.869700 	 2.429943
  648 	 0.103471 	 0.829317 	 1.116676
  649 	 0.365344 	 0.868577 	 1.607119
  650 	 0.625139 	 0.894814 	 2.435036
  651 	 0.041488 	 0.853162 	 1.486890
  652 	 0.041316 	 0.822337 	 1.072570
  653 	 0.106973 	 0.871427 	 2.867889
  654 	 0.106868 	 0.903801 	 2.869305
  655 	 0.314952 	 0.871125 	 2.414449
  656 	 0.041423 	 0.830778 	 2.415060
  657 	 0.367424 	 0.865691 	 1.607324
  658 	 0.041369 	 0.929424 	 2.868422
  659 	 0.522323 	 0.861077 	 1.482306
  660 	 0.041432 	 0.850525 	 2.868869
  661 	 0.500723 	 0.853959 	 1.205512
  662 	 0.314855 	 0.907749 	 2.868353
  663 	 0.661064 	 0.865373 	 1.237741
  664 	 0.274887 	 0.836091 	 1.607575
  665 	 0.506210 	 0.846167 	 1.032775
  666 	 0.041522 	 0.875244 	 1.717956
  667 	 0.678548 	 0.858894 	 1.229391
  668 	 0.493789 	 0.874453 	 2.867610
  669 	 0.650791 	 0.860863 	 1.014457
  670 	 0.314979 	 0.855970 	 1.248456
  671 	 0.491103 	 0.849459 	 1.043851
  672 	 0.041926 	 0.849597 	 1.607252
  673 	 0.740164 	 0.868493 	 1.252657
  674 	 0.106841 	 0.878022 	 2.864290
  675 	 0.041497 	 0.842546 	 0.954777
  676 	 0.106807 	 0.861168 	 2.415217
  677 	 0.792407 	 0.888377 	 2.867814
  678 	 0.106373 	 0.868403 	 2.415414
  679 	 0.041486 	 0.838026 	 0.909415
  680 	 0.041487 	 0.855338 	 2.417952
  681 	 0.106861 	 0.877003 	 2.867905
  682 	 0.366952 	 0.911971 	 2.867897
  683 	 0.314950 	 0.869932 	 2.415099
  684 	 0.110400 	 0.815431 	 1.483344
  685 	 0.276075 	 0.835858 	 1.607328
  686 	 0.558489 	 0.916295 	 2.394632
  687 	 0.503930 	 0.887035 	 1.714456
  688 	 0.370119 	 0.832239 	 1.155148
  689 	 0.106860 	 0.839963 	 1.232847
  690 	 0.683831 	 0.887432 	 1.476408
  691 	 0.649331 	 0.893246 	 2.415107
  692 	 0.503885 	 0.836114 	 1.009049
  693 	 0.164460 	 0.825196 	 1.045444
  694 	 0.276020 	 0.857140 	 1.232915
  695 	 0.503898 	 0.900085 	 2.120170
  696 	 0.108004 	 0.849525 	 1.714618
  697 	 0.106866 	 0.810171 	 1.232896
  698 	 0.107616 	 0.883054 	 2.408454
  699 	 0.106867 	 0.923491 	 2.415071
  700 	 0.368235 	 0.869268 	 2.410707
  701 	 0.367340 	 0.847491 	 2.415064
  702 	 0.041694 	 0.855929 	 1.480526
  703 	 0.276018 	 0.873476 	 1.482490
  704 	 0.041540 	 0.868063 	 2.866195
  705 	 0.276056 	 0.856116 	 1.714624
  706 	 0.276020 	 0.880593 	 2.867461
  707 	 0.041507 	 0.861798 	 1.714511
  708 	 0.103593 	 0.847176 	 1.714618
  709 	 0.494631 	 0.879147 	 2.867731
  710 	 0.494604 	 0.904827 	 2.434315
  711 	 0.041475 	 0.846607 	 1.247146
  712 	 0.041467 	 0.832600 	 1.247187
  713 	 0.643357 	 0.880298 	 2.868001
  714 	 0.503892 	 0.891041 	 2.868065
  715 	 0.314941 	 0.846101 	 1.052014
  716 	 0.276020 	 0.835486 	 1.232905
  717 	 0.041489 	 0.839909 	 1.607353
  718 	 0.276275 	 0.877038 	 1.714617
  719 	 0.041489 	 0.884377 	 2.867885
  720 	 0.276020 	 0.852854 	 1.713867
  721 	 0.041489 	 0.890102 	 2.867885
  722 	 0.268553 	 0.869369 	 1.714617
  723 	 0.314952 	 0.890288 	 2.867884
  724 	 0.106868 	 0.828503 	 1.736854
  725 	 0.041489 	 0.830662 	 1.607323
  726 	 0.276022 	 0.893935 	 2.415060
  727 	 0.276020 	 0.920265 	 2.867885
  728 	 0.276020 	 0.843951 	 1.714613
  729 	 0.314952 	 0.849289 	 1.714618
  730 	 0.494605 	 0.880714 	 1.714618
  731 	 0.494604 	 0.867235 	 1.607323
  732 	 0.494604 	 0.833221 	 1.247185
  733 	 0.522323 	 0.846882 	 1.247187
  734 	 0.614328 	 0.850535 	 1.247187
  735 	 0.041477 	 0.824045 	 1.154418
  736 	 0.047257 	 0.840729 	 1.085154
  737 	 0.276020 	 0.907870 	 2.867981
  738 	 0.280695 	 0.865643 	 2.821217
  739 	 0.287160 	 0.824512 	 1.714618
  740 	 0.041489 	 0.833004 	 1.700984
  741 	 0.494604 	 0.890354 	 1.682481
  742 	 0.106569 	 0.908468 	 2.867885
  743 	 0.435373 	 0.848543 	 1.247187
  744 	 0.041656 	 0.861380 	 2.416808
  745 	 0.283625 	 0.862090 	 1.346669
  746 	 0.367106 	 0.895671 	 2.866511
  747 	 0.272795 	 0.860141 	 1.692547
  748 	 0.041489 	 0.830144 	 1.483005
  749 	 0.106602 	 0.857505 	 1.724153
  750 	 0.107513 	 0.900988 	 2.867885
  751 	 0.492283 	 0.878276 	 2.416611
  752 	 0.263481 	 0.863062 	 2.411303
  753 	 0.276249 	 0.847832 	 1.250808
  754 	 0.106492 	 0.856231 	 1.752292
  755 	 0.275445 	 0.862379 	 1.713945
  756 	 0.107098 	 0.885778 	 2.417258
  757 	 0.494769 	 0.866384 	 1.716311
  758 	 0.367045 	 0.873172 	 2.413718
  759 	 0.106826 	 0.850459 	 1.246930
  760 	 0.367523 	 0.863653 	 1.483139
  761 	 0.643447 	 0.878080 	 2.415305
  762 	 0.558553 	 0.861432 	 1.482089
  763 	 0.276267 	 0.846819 	 1.051915
  764 	 0.558881 	 0.861229 	 1.155063
  765 	 0.041495 	 0.860251 	 1.713892
  766 	 0.683871 	 0.858771 	 1.154626
  767 	 0.494782 	 0.885847 	 2.867833
  768 	 0.679061 	 0.857010 	 1.009009
  769 	 0.106845 	 0.846439 	 1.246910
  770 	 0.504100 	 0.855672 	 1.013930
  771 	 0.276019 	 0.868756 	 2.415193
  772 	 0.276020 	 0.841434 	 1.232589
  773 	 0.041551 	 0.833129 	 1.714622
  774 	 0.272017 	 0.869938 	 1.714618
  775 	 0.494603 	 0.918994 	 2.867373
  776 	 0.041488 	 0.850328 	 1.726467
  777 	 0.106881 	 0.822826 	 1.247188
  778 	 0.106864 	 0.870798 	 2.867889
  779 	 0.503898 	 0.878673 	 2.414985
  780 	 0.041488 	 0.848563 	 2.415082
  781 	 0.041490 	 0.838447 	 1.232896
  782 	 0.367339 	 0.902315 	 2.867893
  783 	 0.649310 	 0.902983 	 2.867873
  784 	 0.276220 	 0.830596 	 1.482494
  785 	 0.314953 	 0.831654 	 1.045467
  786 	 0.503896 	 0.880281 	 1.714030
  787 	 0.276017 	 0.855019 	 1.247187
  788 	 0.272132 	 0.824053 	 1.232899
  789 	 0.643340 	 0.871463 	 1.714626
  790 	 0.276041 	 0.881311 	 1.726124
  791 	 0.106869 	 0.839566 	 1.052033
  792 	 0.491805 	 0.855082 	 1.714555
  793 	 0.275966 	 0.886420 	 2.415056
  794 	 0.041489 	 0.861146 	 1.251555
  795 	 0.041490 	 0.821862 	 1.714776
  796 	 0.040822 	 0.873118 	 2.867885
  797 	 0.494566 	 0.939916 	 2.867872
  798 	 0.041489 	 0.834045 	 2.873376
  799 	 0.314953 	 0.832943 	 1.247247
  800 	 0.314408 	 0.959691 	 2.867885
  801 	 0.643316 	 0.891945 	 1.607320
  802 	 0.314952 	 0.835043 	 1.608729
  803 	 0.106868 	 0.833024 	 1.052060
  804 	 0.041580 	 0.878223 	 1.607323
  805 	 0.041489 	 0.873937 	 2.415059
  806 	 0.522323 	 0.876657 	 2.867132
  807 	 0.367342 	 0.880522 	 2.867885
  808 	 0.041489 	 0.851233 	 1.205511
  809 	 0.314952 	 0.859230 	 1.482487
  810 	 0.661065 	 0.888643 	 2.867885
  811 	 0.558757 	 0.864097 	 1.607323
  812 	 0.314952 	 0.851206 	 1.032775
  813 	 0.522323 	 0.854507 	 1.154791
  814 	 0.746282 	 0.870966 	 1.607323
  815 	 0.106856 	 0.842998 	 1.205511
  816 	 0.522323 	 0.851027 	 0.949233
  817 	 0.661065 	 0.889690 	 2.415132
  818 	 0.679104 	 0.863663 	 1.205511
  819 	 0.367332 	 0.853261 	 1.032775
  820 	 0.030965 	 0.843228 	 1.013885
  821 	 0.041480 	 0.859227 	 1.482508
  822 	 0.041664 	 0.873286 	 2.957137
  823 	 0.041491 	 0.869297 	 2.867959
  824 	 0.275996 	 0.867334 	 2.866444
  825 	 0.314945 	 0.877016 	 2.867864
  826 	 0.315095 	 0.875562 	 1.714690
  827 	 0.041465 	 0.852917 	 1.607342
  828 	 0.041489 	 0.844819 	 1.606954
  829 	 0.503898 	 0.879224 	 2.868083
  830 	 0.276799 	 0.880624 	 2.867885
  831 	 0.276004 	 0.849359 	 1.232895
  832 	 0.274029 	 0.854272 	 1.712331
  833 	 0.041489 	 0.853096 	 1.714664
  834 	 0.495165 	 0.864426 	 1.720493
  835 	 0.494593 	 0.900228 	 2.867885
  836 	 0.041489 	 0.840054 	 1.246316
  837 	 0.042124 	 0.833008 	 1.205531
  838 	 0.643701 	 0.913187 	 2.867885
  839 	 0.041485 	 0.894430 	 2.862669
  840 	 0.314952 	 0.844578 	 1.051634
  841 	 0.105838 	 0.851587 	 2.867912
  842 	 0.503894 	 0.863756 	 1.607323
  843 	 0.314949 	 0.885194 	 2.421085
  844 	 0.041489 	 0.834540 	 1.232902
  845 	 0.329437 	 0.842347 	 1.232903
  846 	 0.106868 	 0.900381 	 2.867885
  847 	 0.649307 	 0.869788 	 1.570754
  848 	 0.314952 	 0.862640 	 2.415060
  849 	 0.503898 	 0.851541 	 1.045470
  850 	 0.041831 	 0.851834 	 1.607323
  851 	 0.504249 	 0.863255 	 1.232896
  852 	 0.041489 	 0.883280 	 2.865074
  853 	 0.041489 	 0.835001 	 1.232363
  854 	 0.315231 	 0.871660 	 2.867885
  855 	 0.503897 	 0.890423 	 2.867885
  856 	 0.276702 	 0.868793 	 1.606602
  857 	 0.314952 	 0.848196 	 1.232898
  858 	 0.503891 	 0.860608 	 1.712616
  859 	 0.503898 	 0.870393 	 1.607323
  860 	 0.495095 	 0.863397 	 1.232906
  861 	 0.277309 	 0.844120 	 1.232896
  862 	 0.276020 	 0.844156 	 1.246424
  863 	 0.649310 	 0.878730 	 1.710837
  864 	 0.423810 	 0.878143 	 1.714618
  865 	 0.277309 	 0.837171 	 1.045467
  866 	 0.494604 	 0.856051 	 1.367970
  867 	 0.041494 	 0.872195 	 1.710837
  868 	 0.041467 	 0.855964 	 1.247187
  869 	 0.495531 	 0.870724 	 2.867839
  870 	 0.276030 	 0.873589 	 2.868063
  871 	 0.314957 	 0.863119 	 1.245747
  872 	 0.314935 	 0.863425 	 1.714590
  873 	 0.041489 	 0.843370 	 1.607311
  874 	 0.041489 	 0.829039 	 1.607369
  875 	 0.520209 	 0.877177 	 2.867885
  876 	 0.288115 	 0.901708 	 2.867881
  877 	 0.314952 	 0.858299 	 1.208592
  878 	 0.314953 	 0.855759 	 1.679782
  879 	 0.276020 	 0.853643 	 1.607323
  880 	 0.503276 	 0.864375 	 1.607322
  881 	 0.503896 	 0.861366 	 1.714618
  882 	 0.503898 	 0.852857 	 1.233843
  883 	 0.462832 	 0.853254 	 1.232900
  884 	 0.102760 	 0.845924 	 1.232896
  885 	 0.276020 	 0.859730 	 1.298647
  886 	 0.649310 	 0.887676 	 2.439261
  887 	 0.276059 	 0.853787 	 1.714618
  888 	 0.364105 	 0.844629 	 1.045467
  889 	 0.494604 	 0.878527 	 1.714504
  890 	 0.041489 	 0.854681 	 1.489635
  891 	 0.041489 	 0.835972 	 1.247187
  892 	 0.556534 	 0.897766 	 2.867885
  893 	 0.643340 	 0.893948 	 2.867885
  894 	 0.314952 	 0.852473 	 1.157764
  895 	 0.041489 	 0.837495 	 1.052033
  896 	 0.041492 	 0.862433 	 1.607323
  897 	 0.735709 	 0.897500 	 2.867885
  898 	 0.041489 	 0.861721 	 2.867860
  899 	 0.041489 	 0.827280 	 0.958856
  900 	 0.106868 	 0.883823 	 2.867885
  901 	 0.789854 	 0.910063 	 2.867881
  902 	 0.106868 	 0.863561 	 2.415060
  903 	 0.314953 	 0.836485 	 0.911532
  904 	 0.367342 	 0.882114 	 2.415060
  905 	 0.672286 	 0.877633 	 1.607322
  906 	 0.041507 	 0.842808 	 1.482487
  907 	 0.047319 	 0.827897 	 1.020943
  908 	 0.047257 	 0.877734 	 2.867731
  909 	 0.502177 	 0.895844 	 2.820721
  910 	 0.041489 	 0.849719 	 2.821217
  911 	 0.319701 	 0.847829 	 1.235518
  912 	 0.276007 	 0.901352 	 2.867885
  913 	 0.648206 	 0.877574 	 1.595147
  914 	 0.104910 	 0.857429 	 1.714657
  915 	 0.106811 	 0.832109 	 1.046675
  916 	 0.106868 	 0.878256 	 2.426534
  917 	 0.679104 	 0.901344 	 2.415393
  918 	 0.276017 	 0.865053 	 2.415060
  919 	 0.367297 	 0.840829 	 1.013885
  920 	 0.367342 	 0.871186 	 1.714626
  921 	 0.108897 	 0.864535 	 1.482586
  922 	 0.235256 	 0.855455 	 1.482487
  923 	 0.106868 	 0.838895 	 1.232887
  924 	 0.041194 	 0.853397 	 1.843465
  925 	 0.503896 	 0.872580 	 2.415060
  926 	 0.463140 	 0.883354 	 2.870310
  927 	 0.367342 	 0.857280 	 1.232900
  928 	 0.314712 	 0.856145 	 1.298128
  929 	 0.503898 	 0.859482 	 1.482487
  930 	 0.106868 	 0.840079 	 1.607944
  931 	 0.276020 	 0.846168 	 1.232896
  932 	 0.276020 	 0.889912 	 2.415059
  933 	 0.276020 	 0.858063 	 1.714618
  934 	 0.041414 	 0.863841 	 1.714618
  935 	 0.106860 	 0.862985 	 1.714618
  936 	 0.494604 	 0.893563 	 2.868499
  937 	 0.262449 	 0.878506 	 2.415107
  938 	 0.314891 	 0.855466 	 1.247187
  939 	 0.106868 	 0.854670 	 1.755467
  940 	 0.276020 	 0.856528 	 1.607480
  941 	 0.041563 	 0.865076 	 2.415060
  942 	 0.041489 	 0.827199 	 1.714619
  943 	 0.106868 	 0.881467 	 2.867271
  944 	 0.041487 	 0.938455 	 2.867885
  945 	 0.315013 	 0.870952 	 2.415062
  946 	 0.314952 	 0.860090 	 2.867900
  947 	 0.041489 	 0.848539 	 1.607166
  948 	 0.041489 	 0.875221 	 1.607323
  949 	 0.276721 	 0.893271 	 2.867884
  950 	 0.505166 	 0.877222 	 2.867885
  951 	 0.314952 	 0.861904 	 1.712558
  952 	 0.041158 	 0.853314 	 1.230971
  953 	 0.495109 	 0.867855 	 1.607323
  954 	 0.503898 	 0.878775 	 2.870610
  955 	 0.105174 	 0.846735 	 1.246403
  956 	 0.290368 	 0.842822 	 1.232896
  957 	 0.041489 	 0.867120 	 2.424983
  958 	 0.276798 	 0.873503 	 1.673448
  959 	 0.276020 	 0.855938 	 2.867885
  960 	 0.106871 	 0.834552 	 1.712332
  961 	 0.276056 	 0.861499 	 1.714618
  962 	 0.106262 	 0.868851 	 2.415041
  963 	 0.467227 	 0.858065 	 1.714512
  964 	 0.106773 	 0.877137 	 2.418602
  965 	 0.494630 	 0.878433 	 1.291276
  966 	 0.366864 	 0.879000 	 2.415614
  967 	 0.250144 	 0.850579 	 1.247146
  968 	 0.367267 	 0.858823 	 1.483537
  969 	 0.643357 	 0.875982 	 1.794223
  970 	 0.498044 	 0.862666 	 1.482651
  971 	 0.285374 	 0.843787 	 1.052014
  972 	 0.268814 	 0.842247 	 1.241859
  973 	 0.041488 	 0.851741 	 1.687552
  974 	 0.041465 	 0.863746 	 1.736067
  975 	 0.501315 	 0.899061 	 2.867890
  976 	 0.267659 	 0.874086 	 2.868083
  977 	 0.314952 	 0.855147 	 1.236834
  978 	 0.041489 	 0.867440 	 1.739555
  979 	 0.647654 	 0.871749 	 1.607324
  980 	 0.041229 	 0.859289 	 2.867885
  981 	 0.041490 	 0.821172 	 1.047280
  982 	 0.314952 	 0.881010 	 2.870023
  983 	 0.041489 	 0.891960 	 1.714643
  984 	 0.040814 	 0.852480 	 1.607323
  985 	 0.106868 	 0.852049 	 2.867882
  986 	 0.030964 	 0.882372 	 2.873445
  987 	 0.314952 	 0.893182 	 2.415060
  988 	 0.041489 	 0.860053 	 2.957142
  989 	 0.106776 	 0.839240 	 1.607322
  990 	 0.042944 	 0.855083 	 1.714618
  991 	 0.522323 	 0.892438 	 2.415597
  992 	 0.494604 	 0.905244 	 2.855967
  993 	 0.106866 	 0.831556 	 1.205511
  994 	 0.316139 	 0.847045 	 1.247187
  995 	 0.106552 	 0.867499 	 2.415074
  996 	 0.493105 	 0.875173 	 1.604263
  997 	 0.276047 	 0.865630 	 2.416903
  998 	 0.503898 	 0.850412 	 1.249524
  999 	 0.367093 	 0.877679 	 1.714538
 