   0 	 0.017699 	 0.102486 	 2.354050
    1 	 0.020906 	 0.964326 	 9.532897
    2 	 0.040402 	 2.024108 	 7.351117
    3 	 0.035477 	 1.888666 	 8.969661
    4 	 0.132626 	 0.846649 	 6.882237
    5 	 0.043546 	 1.317651 	 9.673653
    6 	 0.039189 	 1.764377 	 5.076373
    7 	 0.041725 	 1.638890 	 6.736444
    8 	 0.037968 	 0.915292 	 6.940176
    9 	 0.146170 	 1.104594 	 4.875088
   10 	 0.039758 	 1.568628 	 7.458915
   11 	 0.041255 	 1.365304 	 3.962435
   12 	 0.132996 	 1.048904 	 6.912877
   13 	 0.240747 	 1.077386 	 6.842064
   14 	 0.037820 	 1.368867 	 5.547506
   15 	 0.143113 	 1.252160 	 2.968706
   16 	 0.036857 	 1.006419 	 7.006707
   17 	 0.325351 	 1.013963 	 4.920935
   18 	 0.122477 	 1.286130 	 7.109489
   19 	 0.040078 	 1.151062 	 2.473049
   20 	 0.138612 	 0.998344 	 4.730885
   21 	 0.038594 	 1.079690 	 10.943602
   22 	 0.206792 	 1.214428 	 5.296276
   23 	 0.090435 	 1.166094 	 7.424264
   24 	 0.039346 	 0.960379 	 3.891177
   25 	 0.132972 	 1.038946 	 5.360935
   26 	 0.250798 	 1.233213 	 7.383039
   27 	 0.038489 	 1.043369 	 4.365436
   28 	 0.037137 	 0.919139 	 2.882694
   29 	 0.123323 	 1.291249 	 7.430059
   30 	 0.102724 	 1.261370 	 7.459614
   31 	 0.132889 	 1.109887 	 5.559710
   32 	 0.132422 	 0.952436 	 5.029583
   33 	 0.170007 	 1.114448 	 4.446635
   34 	 0.195707 	 1.130994 	 4.213686
   35 	 0.088850 	 1.014680 	 3.819607
   36 	 0.232251 	 0.906713 	 2.644055
   37 	 0.119450 	 1.117225 	 5.529447
   38 	 0.312948 	 1.095470 	 3.045522
   39 	 0.177890 	 1.038255 	 4.579805
   40 	 0.318307 	 0.929089 	 2.469456
   41 	 0.213862 	 1.064047 	 3.707959
   42 	 0.039554 	 1.044753 	 2.437201
   43 	 0.116108 	 0.983886 	 3.182057
   44 	 0.394742 	 1.076990 	 7.858275
   45 	 0.036448 	 1.065001 	 4.805196
   46 	 0.125717 	 1.014984 	 2.055321
   47 	 0.204199 	 1.101450 	 8.054890
   48 	 0.038160 	 1.000858 	 4.577553
   49 	 0.122684 	 1.025485 	 3.330021
   50 	 0.039634 	 1.064693 	 7.448235
   51 	 0.292225 	 1.040571 	 4.931345
   52 	 0.132698 	 1.037514 	 7.367356
   53 	 0.039930 	 1.004810 	 2.575163
   54 	 0.134060 	 1.036948 	 4.370678
   55 	 0.374355 	 1.091381 	 7.351297
   56 	 0.040005 	 0.976303 	 4.344808
   57 	 0.134349 	 0.984434 	 2.125603
   58 	 0.225179 	 1.091356 	 8.326066
   59 	 0.441208 	 1.035741 	 4.421862
   60 	 0.118734 	 0.960044 	 3.112559
   61 	 0.221339 	 0.968347 	 1.861129
   62 	 0.037585 	 1.020193 	 4.654752
   63 	 0.510926 	 1.003562 	 3.193472
   64 	 0.210489 	 1.007256 	 5.602708
   65 	 0.116976 	 0.946044 	 1.607071
   66 	 0.039999 	 0.983070 	 3.308097
   67 	 0.040371 	 1.028233 	 4.693162
   68 	 0.293755 	 1.053487 	 7.347592
   69 	 0.208988 	 1.021339 	 7.629459
   70 	 0.134420 	 0.968634 	 2.565057
   71 	 0.129440 	 0.993563 	 3.324600
   72 	 0.376385 	 1.004259 	 4.338028
   73 	 0.292338 	 0.990826 	 4.519968
   74 	 0.225524 	 0.953310 	 2.116471
   75 	 0.040669 	 0.947036 	 2.603232
   76 	 0.039374 	 0.962120 	 2.729084
   77 	 0.371053 	 1.059969 	 7.311607
   78 	 0.310197 	 1.042751 	 5.682672
   79 	 0.135069 	 0.944829 	 1.969849
   80 	 0.171964 	 0.963219 	 2.461252
   81 	 0.473765 	 1.002877 	 4.325836
   82 	 0.391688 	 0.968511 	 3.730454
   83 	 0.226365 	 0.937037 	 1.638363
   84 	 0.258595 	 0.957653 	 1.892907
   85 	 0.039674 	 0.954930 	 2.722828
   86 	 0.503042 	 0.964614 	 2.819326
   87 	 0.113699 	 1.017265 	 7.365199
   88 	 0.343133 	 0.965576 	 1.669055
   89 	 0.134045 	 1.007671 	 4.766471
   90 	 0.519381 	 0.943738 	 2.065978
   91 	 0.203775 	 0.962059 	 3.694882
   92 	 0.313164 	 0.946796 	 1.538661
   93 	 0.037165 	 0.982265 	 3.347000
   94 	 0.611710 	 0.982209 	 2.449999
   95 	 0.290529 	 1.017181 	 5.615921
   96 	 0.110816 	 0.943056 	 1.485429
   97 	 0.115538 	 0.947891 	 2.317881
   98 	 0.305042 	 0.993551 	 4.858716
   99 	 0.414254 	 1.038219 	 4.725042
  100 	 0.119923 	 0.961105 	 2.492885
  101 	 0.113313 	 0.938058 	 1.959426
  102 	 0.386252 	 1.020106 	 4.652830
  103 	 0.486493 	 1.073860 	 5.998352
  104 	 0.040124 	 0.928016 	 2.077915
  105 	 0.114015 	 0.925997 	 1.716463
  106 	 0.459978 	 1.164208 	 10.568197
  107 	 0.551705 	 1.149835 	 5.811639
  108 	 0.094117 	 0.918361 	 1.664230
  109 	 0.170470 	 0.926589 	 1.536087
  110 	 0.039920 	 1.137624 	 6.728718
  111 	 0.322760 	 1.100151 	 4.492973
  112 	 0.128807 	 1.052053 	 10.591006
  113 	 0.123286 	 0.939762 	 2.658442
  114 	 0.093571 	 1.123114 	 5.384819
  115 	 0.363037 	 1.103646 	 4.558177
  116 	 0.037578 	 0.995481 	 6.457004
  117 	 0.039915 	 0.921264 	 2.394999
  118 	 0.152599 	 1.193965 	 10.860347
  119 	 0.401429 	 1.233405 	 10.591543
  120 	 0.037380 	 0.955499 	 4.020919
  121 	 0.037583 	 0.895713 	 2.009933
  122 	 0.245374 	 1.264371 	 10.883823
  123 	 0.474826 	 1.224895 	 7.480384
  124 	 0.039819 	 0.960730 	 3.877870
  125 	 0.133460 	 0.899304 	 1.751539
  126 	 0.254300 	 1.263967 	 10.602361
  127 	 0.497657 	 1.170773 	 5.320284
  128 	 0.093836 	 0.961186 	 3.249924
  129 	 0.184516 	 0.908798 	 1.818985
  130 	 0.306784 	 1.164430 	 6.890077
  131 	 0.517415 	 1.135833 	 4.260467
  132 	 0.143997 	 0.974668 	 2.792642
  133 	 0.119700 	 0.901425 	 1.462512
  134 	 0.125813 	 1.062901 	 2.968521
  135 	 0.387487 	 1.155555 	 5.885812
  136 	 0.318408 	 1.069137 	 7.309921
  137 	 0.169652 	 0.923434 	 2.268156
  138 	 0.125059 	 1.059485 	 3.047776
  139 	 0.131424 	 1.095091 	 3.778545
  140 	 0.327067 	 1.113625 	 7.041112
  141 	 0.037474 	 0.977079 	 5.019471
  142 	 0.114022 	 1.043805 	 2.642936
  143 	 0.126934 	 1.190767 	 10.872639
  144 	 0.252635 	 1.176634 	 8.155173
  145 	 0.037292 	 1.015038 	 5.545263
  146 	 0.122476 	 1.052737 	 3.827973
  147 	 0.177766 	 1.303724 	 15.875000
  148 	 0.113392 	 1.121632 	 5.685830
  149 	 0.062954 	 1.045541 	 5.334292
  150 	 0.175610 	 1.222899 	 8.197225
  151 	 0.138293 	 1.330098 	 13.975519
  152 	 0.121611 	 1.094301 	 5.396357
  153 	 0.071504 	 1.099540 	 6.757055
  154 	 0.035724 	 1.200397 	 7.679828
  155 	 0.147781 	 1.300387 	 12.314654
  156 	 0.130066 	 1.346444 	 22.014946
  157 	 0.081124 	 1.113473 	 6.394624
  158 	 0.045399 	 1.178977 	 6.500141
  159 	 0.037414 	 1.223609 	 11.010262
  160 	 0.129769 	 1.283842 	 18.149236
  161 	 0.090753 	 1.630412 	 21.732612
  162 	 0.055069 	 1.243874 	 7.227050
  163 	 0.045993 	 1.223487 	 10.065070
  164 	 0.036757 	 1.226903 	 15.439411
  165 	 0.099258 	 1.543997 	 18.317266
  166 	 0.064733 	 1.497786 	 21.525303
  167 	 0.054564 	 1.186745 	 9.177861
  168 	 0.046438 	 1.240228 	 13.636372
  169 	 0.108856 	 1.526549 	 15.831694
  170 	 0.073281 	 1.453456 	 18.169123
  171 	 0.037764 	 1.156041 	 8.513835
  172 	 0.055009 	 1.231939 	 12.212817
  173 	 0.117322 	 1.778745 	 21.068809
  174 	 0.081824 	 1.363845 	 14.901115
  175 	 0.047444 	 1.116585 	 7.941408
  176 	 0.067070 	 1.210178 	 10.926146
  177 	 0.037616 	 1.751158 	 17.499599
  178 	 0.091452 	 1.399156 	 13.025859
  179 	 0.057113 	 1.340255 	 22.667608
  180 	 0.076732 	 1.195982 	 10.209123
  181 	 0.044097 	 1.696301 	 15.720175
  182 	 0.097889 	 1.382972 	 11.569778
  183 	 0.063573 	 1.297222 	 19.764035
  184 	 0.086360 	 1.184413 	 9.579527
  185 	 0.050572 	 1.651204 	 14.270770
  186 	 0.104319 	 1.356746 	 10.768935
  187 	 0.070041 	 1.258344 	 17.521682
  188 	 0.036880 	 1.182048 	 9.023762
  189 	 0.057051 	 1.608466 	 13.064822
  190 	 0.110700 	 1.512295 	 16.840720
  191 	 0.076410 	 1.243699 	 15.735395
  192 	 0.059357 	 1.143792 	 8.305680
  193 	 0.063467 	 1.624851 	 10.276452
  194 	 0.035609 	 1.474770 	 15.184418
  195 	 0.036748 	 1.198727 	 14.977523
  196 	 0.065829 	 1.367478 	 23.747621
  197 	 0.038276 	 1.992488 	 24.969765
  198 	 0.037616 	 1.434203 	 13.825748
  199 	 0.037648 	 1.387439 	 24.052384
  200 	 0.037533 	 1.607649 	 24.440351
  201 	 0.041565 	 2.187033 	 23.074422
  202 	 0.036964 	 1.642668 	 22.710417
  203 	 0.043332 	 1.339340 	 20.805290
  204 	 0.037663 	 1.787110 	 24.835775
  205 	 0.048050 	 2.124104 	 21.444570
  206 	 0.040254 	 1.951334 	 24.412518
  207 	 0.046625 	 1.298361 	 18.331907
  208 	 0.037554 	 1.773092 	 21.388557
  209 	 0.037239 	 2.018922 	 19.710617
  210 	 0.046747 	 2.148034 	 24.477575
  211 	 0.050726 	 1.585387 	 24.667479
  212 	 0.040848 	 1.735327 	 19.476157
  213 	 0.040534 	 2.121559 	 17.728495
  214 	 0.051328 	 2.048713 	 21.120116
  215 	 0.056386 	 1.420030 	 22.813445
  216 	 0.032823 	 1.689274 	 18.305725
  217 	 0.043827 	 2.152906 	 16.754429
  218 	 0.054618 	 2.227902 	 25.430301
  219 	 0.059674 	 1.390538 	 21.219044
  220 	 0.039313 	 1.623661 	 16.712988
  221 	 0.047120 	 2.075992 	 15.879576
  222 	 0.059822 	 2.206422 	 21.827803
  223 	 0.062961 	 1.421667 	 19.833334
  224 	 0.037114 	 1.537242 	 15.842359
  225 	 0.050412 	 1.997978 	 14.396588
  226 	 0.063096 	 2.857597 	 24.637757
  227 	 0.069430 	 1.373495 	 17.571051
  228 	 0.040577 	 1.503724 	 15.061139
  229 	 0.056901 	 1.848868 	 13.170100
  230 	 0.066381 	 2.716790 	 22.790765
  231 	 0.037469 	 1.336821 	 15.772593
  232 	 0.032225 	 1.462200 	 13.720901
  233 	 0.063388 	 2.045698 	 22.743524
  234 	 0.072847 	 2.784485 	 25.822941
  235 	 0.043956 	 1.323715 	 14.308636
  236 	 0.038716 	 1.481705 	 12.602869
  237 	 0.038986 	 1.735495 	 11.255173
  238 	 0.079306 	 2.683527 	 22.116299
  239 	 0.088797 	 1.549232 	 23.648664
  240 	 0.045202 	 1.536821 	 11.654181
  241 	 0.042274 	 1.714061 	 10.858144
  242 	 0.085758 	 2.611322 	 19.341519
  243 	 0.092042 	 1.588316 	 21.942294
  244 	 0.051685 	 1.507578 	 11.068228
  245 	 0.037619 	 1.642901 	 10.147990
  246 	 0.090296 	 2.594846 	 18.186813
  247 	 0.098510 	 1.558776 	 19.205933
  248 	 0.037789 	 1.458206 	 10.684253
  249 	 0.035648 	 1.666318 	 9.522934
  250 	 0.093567 	 2.770199 	 24.337168
  251 	 0.086548 	 2.098456 	 25.675117
  252 	 0.041084 	 1.396336 	 9.993325
  253 	 0.038943 	 1.713271 	 11.129926
  254 	 0.100002 	 2.641984 	 20.498585
  255 	 0.038013 	 1.973634 	 22.005482
  256 	 0.048776 	 1.355237 	 9.389516
  257 	 0.045436 	 1.931404 	 21.875431
  258 	 0.106428 	 2.618920 	 18.091030
  259 	 0.037433 	 1.876960 	 20.518534
  260 	 0.055266 	 1.334766 	 8.855192
  261 	 0.048721 	 2.139461 	 24.550101
  262 	 0.112845 	 2.527451 	 17.074768
  263 	 0.040728 	 1.795013 	 18.109052
  264 	 0.058544 	 1.309854 	 8.379049
  265 	 0.037265 	 2.043773 	 21.174074
  266 	 0.119253 	 2.440292 	 15.374285
  267 	 0.047213 	 1.968516 	 22.849418
  268 	 0.065016 	 1.269095 	 7.952110
  269 	 0.040741 	 1.954323 	 18.617437
  270 	 0.125650 	 2.325568 	 13.383980
  271 	 0.053694 	 1.896945 	 21.168212
  272 	 0.074680 	 1.265675 	 7.550125
  273 	 0.047226 	 1.893127 	 16.612855
  274 	 0.132334 	 2.093412 	 12.318315
  275 	 0.060171 	 1.830173 	 18.612908
  276 	 0.038528 	 1.316609 	 7.202836
  277 	 0.037611 	 1.840254 	 14.999066
  278 	 0.038598 	 2.241299 	 22.208406
  279 	 0.066631 	 2.005911 	 22.669875
  280 	 0.045015 	 1.557476 	 22.173994
  281 	 0.044099 	 1.860382 	 13.674037
  282 	 0.045085 	 2.156057 	 19.411885
  283 	 0.073097 	 1.909463 	 20.202511
  284 	 0.051498 	 1.509340 	 19.385604
  285 	 0.049483 	 1.877857 	 12.563357
  286 	 0.051567 	 2.083439 	 17.242093
  287 	 0.079555 	 1.823842 	 17.862601
  288 	 0.057527 	 1.465684 	 17.221370
  289 	 0.055963 	 1.855326 	 11.620420
  290 	 0.038509 	 1.995965 	 15.618288
  291 	 0.070653 	 1.734830 	 16.009597
  292 	 0.064001 	 1.628085 	 22.217891
  293 	 0.038152 	 1.849629 	 12.961267
  294 	 0.044764 	 1.934299 	 14.184220
  295 	 0.077114 	 1.907209 	 22.395291
  296 	 0.030215 	 1.562509 	 19.507023
  297 	 0.044639 	 1.948900 	 11.959678
  298 	 0.051247 	 2.346939 	 27.236947
  299 	 0.037516 	 1.785062 	 19.554433
  300 	 0.036706 	 1.506970 	 17.317060
  301 	 0.037034 	 2.124402 	 22.718861
  302 	 0.057736 	 2.186216 	 23.144888
  303 	 0.044004 	 1.964433 	 22.970753
  304 	 0.043194 	 1.468536 	 15.567708
  305 	 0.043521 	 2.033972 	 19.800524
  306 	 0.064209 	 2.084849 	 20.123167
  307 	 0.050446 	 1.884515 	 19.991478
  308 	 0.038752 	 1.419837 	 14.142524
  309 	 0.050005 	 2.037143 	 17.560372
  310 	 0.070676 	 2.307314 	 22.098707
  311 	 0.036550 	 1.789462 	 17.697528
  312 	 0.045238 	 1.388638 	 12.957352
  313 	 0.056484 	 2.234979 	 23.228902
  314 	 0.077138 	 2.198144 	 19.328071
  315 	 0.035500 	 1.721124 	 15.876964
  316 	 0.038132 	 1.379732 	 11.956348
  317 	 0.034918 	 2.360328 	 23.809383
  318 	 0.083592 	 2.348491 	 22.405336
  319 	 0.041989 	 2.205408 	 24.144264
  320 	 0.037686 	 1.349587 	 11.099747
  321 	 0.041407 	 2.245279 	 20.623321
  322 	 0.090039 	 2.509187 	 22.033153
  323 	 0.037373 	 2.018371 	 20.873964
  324 	 0.045373 	 1.336824 	 10.358462
  325 	 0.047892 	 2.709172 	 22.792908
  326 	 0.027492 	 2.187848 	 18.842053
  327 	 0.043858 	 1.842531 	 18.385169
  328 	 0.053054 	 1.426363 	 8.383775
  329 	 0.054372 	 2.544806 	 19.395449
  330 	 0.038773 	 2.038807 	 16.791347
  331 	 0.051541 	 1.820309 	 16.427791
  332 	 0.059531 	 1.625125 	 22.088049
  333 	 0.060848 	 2.349054 	 17.229133
  334 	 0.045260 	 1.960253 	 15.144299
  335 	 0.037854 	 1.731009 	 14.848165
  336 	 0.066003 	 1.578161 	 19.319922
  337 	 0.067319 	 2.544687 	 22.546106
  338 	 0.051743 	 1.899697 	 13.792508
  339 	 0.044341 	 1.809939 	 13.546660
  340 	 0.072469 	 1.597047 	 17.169549
  341 	 0.073784 	 2.414110 	 19.669248
  342 	 0.058221 	 1.830610 	 12.663198
  343 	 0.050824 	 1.561142 	 9.754620
  344 	 0.078935 	 1.636258 	 15.451027
  345 	 0.102447 	 2.503494 	 17.785991
  346 	 0.064693 	 1.781272 	 11.704758
  347 	 0.056203 	 1.597867 	 9.272370
  348 	 0.085396 	 1.690238 	 14.266670
  349 	 0.107772 	 2.420695 	 16.232838
  350 	 0.037380 	 1.683152 	 11.013703
  351 	 0.061579 	 1.529263 	 8.751069
  352 	 0.090742 	 1.893114 	 22.133654
  353 	 0.114201 	 2.308177 	 14.688844
  354 	 0.037597 	 1.656306 	 9.691469
  355 	 0.068049 	 1.426268 	 8.284915
  356 	 0.103126 	 2.033619 	 23.257303
  357 	 0.037576 	 2.356832 	 13.414036
  358 	 0.042987 	 1.598019 	 9.121917
  359 	 0.074519 	 1.650076 	 22.688239
  360 	 0.038530 	 1.917179 	 20.207214
  361 	 0.044065 	 2.284405 	 12.342816
  362 	 0.049471 	 1.853085 	 22.207570
  363 	 0.037689 	 1.549703 	 20.761875
  364 	 0.045017 	 1.904731 	 17.866275
  365 	 0.048150 	 2.705190 	 22.629927
  366 	 0.055951 	 1.900752 	 19.411247
  367 	 0.044181 	 1.534331 	 19.138708
  368 	 0.051499 	 1.841036 	 16.012546
  369 	 0.052242 	 2.588355 	 20.807298
  370 	 0.062439 	 1.849323 	 17.985845
  371 	 0.048051 	 1.514202 	 17.748768
  372 	 0.055587 	 1.790682 	 15.028706
  373 	 0.037112 	 2.496741 	 19.175239
  374 	 0.035233 	 1.806614 	 16.106531
  375 	 0.052139 	 1.699510 	 22.929496
  376 	 0.062071 	 2.052835 	 25.424191
  377 	 0.036593 	 2.542420 	 17.053365
  378 	 0.039116 	 1.842744 	 15.112403
  379 	 0.058618 	 1.971210 	 24.574428
  380 	 0.066142 	 1.974679 	 22.463895
  381 	 0.040686 	 2.386486 	 15.944351
  382 	 0.038147 	 1.833500 	 14.462908
  383 	 0.062702 	 1.980180 	 22.328448
  384 	 0.069123 	 2.191385 	 24.302893
  385 	 0.044778 	 2.327899 	 14.969609
  386 	 0.041140 	 1.762084 	 13.656950
  387 	 0.066784 	 1.891337 	 20.930260
  388 	 0.073201 	 2.186257 	 22.654959
  389 	 0.037535 	 2.231256 	 14.329985
  390 	 0.044132 	 1.738526 	 13.123215
  391 	 0.069764 	 2.127054 	 24.018084
  392 	 0.073882 	 2.110441 	 20.732927
  393 	 0.037196 	 2.167067 	 13.538435
  394 	 0.030502 	 1.776156 	 13.006873
  395 	 0.073841 	 2.586344 	 24.710968
  396 	 0.031541 	 2.382679 	 29.848686
  397 	 0.040463 	 2.111909 	 13.013811
  398 	 0.033498 	 1.863063 	 28.950876
  399 	 0.076824 	 2.248388 	 22.577953
 