   0 	 0.014842 	 0.069450 	 0.629089
    1 	 0.015152 	 0.187890 	 1.049979
    2 	 0.023751 	 0.425906 	 1.689694
    3 	 0.064242 	 0.770483 	 2.364913
    4 	 0.243016 	 0.920493 	 2.734661
    5 	 0.038590 	 0.776766 	 2.211567
    6 	 0.056804 	 0.750848 	 1.628806
    7 	 0.039341 	 0.841645 	 2.142230
    8 	 0.188889 	 0.868508 	 2.470328
    9 	 0.125709 	 0.852531 	 2.828167
   10 	 0.328167 	 0.840695 	 2.167840
   11 	 0.332605 	 0.901371 	 2.827183
   12 	 0.036496 	 0.823356 	 1.616639
   13 	 0.327957 	 0.854824 	 1.801688
   14 	 0.039752 	 0.865776 	 3.780780
   15 	 0.492135 	 0.901600 	 2.093992
   16 	 0.258106 	 1.012248 	 4.102521
   17 	 0.406605 	 0.911263 	 1.556937
   18 	 0.037213 	 0.891984 	 2.843285
   19 	 0.542730 	 0.923606 	 1.497058
   20 	 0.339468 	 1.052848 	 7.439750
   21 	 0.087295 	 0.907388 	 1.457774
   22 	 0.134008 	 0.906784 	 2.607779
   23 	 0.534718 	 0.990911 	 4.486414
   24 	 0.040639 	 0.987456 	 3.525995
   25 	 0.124070 	 0.909661 	 1.478731
   26 	 0.275179 	 1.054605 	 6.782472
   27 	 0.043452 	 1.062887 	 6.465171
   28 	 0.110745 	 0.979379 	 3.197144
   29 	 0.126113 	 0.984374 	 4.100837
   30 	 0.038164 	 1.091092 	 6.651363
   31 	 0.241894 	 1.073862 	 4.228731
   32 	 0.149437 	 1.093542 	 11.041956
   33 	 0.231872 	 0.989715 	 3.755244
   34 	 0.090292 	 1.047930 	 5.267667
   35 	 0.263210 	 1.036735 	 3.733133
   36 	 0.091139 	 1.049546 	 5.531208
   37 	 0.037919 	 0.955760 	 2.930746
   38 	 0.113387 	 1.008355 	 4.066482
   39 	 0.112632 	 1.249787 	 12.768292
   40 	 0.038536 	 1.090592 	 6.502519
   41 	 0.078018 	 1.044965 	 5.585601
   42 	 0.037999 	 1.201762 	 12.668548
   43 	 0.177746 	 1.150545 	 7.848900
   44 	 0.078603 	 1.267717 	 12.755259
   45 	 0.037454 	 1.023382 	 4.584085
   46 	 0.077010 	 1.101238 	 5.875340
   47 	 0.125278 	 1.221622 	 13.975507
   48 	 0.127048 	 1.172773 	 8.517182
   49 	 0.038780 	 1.119525 	 6.011313
   50 	 0.116942 	 1.129772 	 6.335228
   51 	 0.165242 	 1.408173 	 14.372033
   52 	 0.156376 	 1.136925 	 6.768580
   53 	 0.038459 	 1.091216 	 5.295421
   54 	 0.146693 	 1.105066 	 5.423690
   55 	 0.187750 	 1.416507 	 15.230278
   56 	 0.183013 	 1.110221 	 5.344951
   57 	 0.065542 	 1.073922 	 4.383075
   58 	 0.094479 	 1.087820 	 4.839965
   59 	 0.120427 	 1.305445 	 10.379735
   60 	 0.038742 	 1.128499 	 8.164681
   61 	 0.096057 	 1.131231 	 6.328037
   62 	 0.121876 	 1.232700 	 14.056313
   63 	 0.157093 	 1.231666 	 7.784738
   64 	 0.070953 	 1.096300 	 6.874002
   65 	 0.127950 	 1.075922 	 5.322166
   66 	 0.038338 	 1.151241 	 9.212129
   67 	 0.185152 	 1.201949 	 6.412303
   68 	 0.038789 	 1.203996 	 13.168697
   69 	 0.154974 	 1.043729 	 4.433568
   70 	 0.075721 	 1.226127 	 13.090871
   71 	 0.223916 	 1.174382 	 5.336927
   72 	 0.038784 	 1.148037 	 6.126420
   73 	 0.186063 	 0.994801 	 2.779697
   74 	 0.131883 	 1.218639 	 12.628880
   75 	 0.355354 	 1.143240 	 4.577438
   76 	 0.078949 	 1.135799 	 5.526965
   77 	 0.216552 	 0.992786 	 2.526824
   78 	 0.038635 	 1.088896 	 6.400149
   79 	 0.389951 	 1.081001 	 4.089118
   80 	 0.037502 	 1.245313 	 12.652601
   81 	 0.037589 	 0.966894 	 2.363222
   82 	 0.078784 	 1.091259 	 4.040365
   83 	 0.417289 	 1.327237 	 13.299754
   84 	 0.122451 	 1.177060 	 8.929886
   85 	 0.074962 	 0.967094 	 1.798336
   86 	 0.111514 	 1.079001 	 3.591692
   87 	 0.039324 	 1.064678 	 3.932349
   88 	 0.238315 	 1.123171 	 6.706283
   89 	 0.251715 	 0.996923 	 1.713533
   90 	 0.148283 	 1.060320 	 3.226552
   91 	 0.527799 	 1.028297 	 3.423311
   92 	 0.306096 	 1.057622 	 5.510174
   93 	 0.038453 	 0.974107 	 1.799211
   94 	 0.180565 	 1.082505 	 2.952744
   95 	 0.312631 	 1.259326 	 14.439790
   96 	 0.335487 	 1.083842 	 4.764970
   97 	 0.069060 	 1.034765 	 2.624456
   98 	 0.208639 	 1.093667 	 2.712330
   99 	 0.302623 	 1.160814 	 7.274858
  100 	 0.038448 	 1.013878 	 2.885803
  101 	 0.122750 	 1.025114 	 2.915254
  102 	 0.343194 	 1.198372 	 13.149600
  103 	 0.340686 	 1.187131 	 6.576782
  104 	 0.075831 	 1.008382 	 2.656791
  105 	 0.150385 	 1.026754 	 2.660381
  106 	 0.371141 	 1.135473 	 9.063629
  107 	 0.371253 	 1.149036 	 5.408757
  108 	 0.037598 	 0.974813 	 2.229879
  109 	 0.039131 	 1.006341 	 2.504678
  110 	 0.038482 	 1.370305 	 14.776486
  111 	 0.038691 	 1.243566 	 12.815414
  112 	 0.067497 	 1.279705 	 13.950593
  113 	 0.077817 	 1.166080 	 13.909957
  114 	 0.071482 	 1.245159 	 9.741495
  115 	 0.037602 	 1.172699 	 8.903399
  116 	 0.038386 	 1.132214 	 9.552726
  117 	 0.111167 	 1.283201 	 17.824576
  118 	 0.032177 	 1.437575 	 17.127538
  119 	 0.055998 	 1.218215 	 7.712080
  120 	 0.038247 	 1.198057 	 14.997670
  121 	 0.129356 	 1.178189 	 9.990213
  122 	 0.066595 	 1.495216 	 13.746323
  123 	 0.099898 	 1.150916 	 6.047546
  124 	 0.072565 	 1.126878 	 9.891701
  125 	 0.164119 	 1.212247 	 8.620841
  126 	 0.037886 	 1.363515 	 9.340157
  127 	 0.038360 	 1.112330 	 5.034770
  128 	 0.106653 	 1.276321 	 17.734903
  129 	 0.197892 	 1.310053 	 13.448110
  130 	 0.038928 	 1.253245 	 7.009996
  131 	 0.074170 	 1.073987 	 4.275485
  132 	 0.141925 	 1.389069 	 17.412976
  133 	 0.037493 	 1.327390 	 9.202207
  134 	 0.057372 	 1.238785 	 6.284386
  135 	 0.106348 	 1.178101 	 13.890186
  136 	 0.158218 	 1.296880 	 13.180133
  137 	 0.071807 	 1.284233 	 7.099863
  138 	 0.038226 	 1.202908 	 5.658727
  139 	 0.112229 	 1.135728 	 11.073381
  140 	 0.037605 	 1.350787 	 13.750327
  141 	 0.090013 	 1.278332 	 7.649420
  142 	 0.072544 	 1.326398 	 13.868759
  143 	 0.122335 	 1.093592 	 9.215468
  144 	 0.071926 	 1.256031 	 9.341997
  145 	 0.108090 	 1.274758 	 6.376140
  146 	 0.106650 	 1.222768 	 9.396240
  147 	 0.156225 	 1.133065 	 7.899532
  148 	 0.106036 	 1.270212 	 7.990435
  149 	 0.126039 	 1.228177 	 5.723292
  150 	 0.124612 	 1.247905 	 7.115605
  151 	 0.174162 	 1.100761 	 6.229005
  152 	 0.124462 	 1.205100 	 6.987554
  153 	 0.019449 	 1.184741 	 5.190446
  154 	 0.126534 	 1.193008 	 5.631525
  155 	 0.101389 	 1.402546 	 26.350867
  156 	 0.124652 	 1.256928 	 6.894957
  157 	 0.037923 	 1.224283 	 8.341028
  158 	 0.144311 	 1.242094 	 6.985593
  159 	 0.109893 	 1.241061 	 13.807814
  160 	 0.142448 	 1.230659 	 6.142074
  161 	 0.037219 	 1.279030 	 7.788589
  162 	 0.162323 	 1.227640 	 6.213177
  163 	 0.128089 	 1.390544 	 17.947244
  164 	 0.134281 	 1.197288 	 5.530284
  165 	 0.038038 	 1.256851 	 6.821808
  166 	 0.180220 	 1.270478 	 6.545314
  167 	 0.037573 	 1.506940 	 21.304613
  168 	 0.037584 	 1.156684 	 5.287657
  169 	 0.038281 	 1.449660 	 17.833964
  170 	 0.188460 	 1.658564 	 21.228437
  171 	 0.056015 	 1.778219 	 17.915173
  172 	 0.047066 	 1.100093 	 4.691495
  173 	 0.040248 	 1.374170 	 13.420176
  174 	 0.125048 	 1.681759 	 17.868111
  175 	 0.074412 	 1.664063 	 17.021724
  176 	 0.055938 	 1.149934 	 6.966335
  177 	 0.037685 	 1.396652 	 12.003057
  178 	 0.143364 	 1.620400 	 15.423107
  179 	 0.083184 	 1.666773 	 17.798368
  180 	 0.064188 	 1.125855 	 6.567525
  181 	 0.056127 	 1.436687 	 10.859660
  182 	 0.151837 	 1.620065 	 12.093636
  183 	 0.091927 	 1.560756 	 15.378321
  184 	 0.082627 	 1.113899 	 6.221356
  185 	 0.064989 	 1.459441 	 9.917946
  186 	 0.160507 	 1.628856 	 10.925699
  187 	 0.038210 	 1.490924 	 13.533812
  188 	 0.037483 	 1.048753 	 5.902941
  189 	 0.073788 	 1.646237 	 21.226694
  190 	 0.037504 	 1.793219 	 21.559712
  191 	 0.047034 	 1.445188 	 12.093630
  192 	 0.038069 	 1.251406 	 21.549872
  193 	 0.082562 	 1.588620 	 17.878193
  194 	 0.021022 	 1.960168 	 21.290685
  195 	 0.037320 	 1.357998 	 10.933517
  196 	 0.046949 	 1.604372 	 33.419789
  197 	 0.091387 	 2.000160 	 21.635796
  198 	 0.029914 	 1.949047 	 17.905331
  199 	 0.046201 	 1.464247 	 9.971332
  200 	 0.055822 	 1.543549 	 25.763607
  201 	 0.038560 	 1.847654 	 18.148586
  202 	 0.038801 	 1.854287 	 15.450802
  203 	 0.055074 	 1.640080 	 21.070253
  204 	 0.036990 	 1.452135 	 20.963898
  205 	 0.047440 	 1.859417 	 15.631419
  206 	 0.038076 	 2.235706 	 21.791280
  207 	 0.063937 	 1.367803 	 8.666420
  208 	 0.045834 	 1.571061 	 21.287241
  209 	 0.115270 	 1.904824 	 13.729223
  210 	 0.046957 	 2.174529 	 18.270115
  211 	 0.072790 	 1.392557 	 8.037743
  212 	 0.053435 	 1.494084 	 17.902897
  213 	 0.124255 	 1.930649 	 12.241376
  214 	 0.037417 	 2.060545 	 16.042266
  215 	 0.081631 	 1.333758 	 7.510024
  216 	 0.062301 	 1.654022 	 21.590278
  217 	 0.132998 	 1.891668 	 11.045961
  218 	 0.046298 	 1.947202 	 14.044789
  219 	 0.090458 	 1.298674 	 7.047327
  220 	 0.071156 	 1.583432 	 18.116574
  221 	 0.141719 	 1.824981 	 10.064619
  222 	 0.055171 	 1.926696 	 12.491301
  223 	 0.037564 	 1.197286 	 6.639277
  224 	 0.079978 	 1.506605 	 15.607688
  225 	 0.150417 	 2.192055 	 21.521846
  226 	 0.064034 	 1.841696 	 11.251346
  227 	 0.046342 	 1.175643 	 6.276787
  228 	 0.037748 	 1.436716 	 13.710934
  229 	 0.159092 	 2.074496 	 18.782194
  230 	 0.072887 	 2.087947 	 21.437106
  231 	 0.053217 	 1.160390 	 5.952678
  232 	 0.046629 	 1.369843 	 12.226853
  233 	 0.166934 	 1.959050 	 16.098726
  234 	 0.081728 	 1.887078 	 18.681550
  235 	 0.061544 	 1.163702 	 5.691494
  236 	 0.053503 	 1.501586 	 11.034152
  237 	 0.037906 	 1.866333 	 14.195585
  238 	 0.090555 	 1.830214 	 16.555392
  239 	 0.070400 	 1.407305 	 22.318642
  240 	 0.060371 	 1.474977 	 10.261178
  241 	 0.037410 	 1.805119 	 12.936557
  242 	 0.097389 	 1.816779 	 14.865281
  243 	 0.037277 	 1.579946 	 21.593784
  244 	 0.038052 	 1.362125 	 9.588718
  245 	 0.036262 	 1.924731 	 21.062912
  246 	 0.104214 	 2.067689 	 21.298159
  247 	 0.047457 	 1.776568 	 23.168388
  248 	 0.046930 	 1.349693 	 8.840619
  249 	 0.043150 	 1.913434 	 17.744094
  250 	 0.113026 	 1.962358 	 17.911531
  251 	 0.056335 	 1.667683 	 19.212302
  252 	 0.055802 	 1.336120 	 8.201692
  253 	 0.052026 	 1.804309 	 15.029701
  254 	 0.036421 	 1.777700 	 10.890571
  255 	 0.066496 	 1.476460 	 13.471079
  256 	 0.091748 	 1.517497 	 21.449470
  257 	 0.036579 	 1.630196 	 9.205037
  258 	 0.046602 	 1.698701 	 9.935658
  259 	 0.108531 	 1.657731 	 21.988034
  260 	 0.032391 	 1.481110 	 18.017408
  261 	 0.045461 	 1.595876 	 8.515621
  262 	 0.055474 	 1.863884 	 24.881086
  263 	 0.117309 	 1.563884 	 18.395576
  264 	 0.040177 	 1.450119 	 15.534103
  265 	 0.054335 	 1.568257 	 8.050968
  266 	 0.064338 	 1.625661 	 10.931742
  267 	 0.036905 	 1.390148 	 10.662391
  268 	 0.091402 	 1.410505 	 13.416034
  269 	 0.093544 	 1.821278 	 21.831905
  270 	 0.074488 	 1.616315 	 9.969858
  271 	 0.038964 	 1.339993 	 9.761458
  272 	 0.100213 	 1.363204 	 11.992093
  273 	 0.102350 	 1.944448 	 20.892539
  274 	 0.083340 	 1.485365 	 7.891857
  275 	 0.047633 	 1.291584 	 8.988731
  276 	 0.102879 	 1.301075 	 10.841243
  277 	 0.111124 	 1.819756 	 17.688843
  278 	 0.088111 	 1.537300 	 8.946255
  279 	 0.037967 	 1.250015 	 8.331644
  280 	 0.033972 	 1.281898 	 10.308126
  281 	 0.119758 	 2.050641 	 21.336836
  282 	 0.038611 	 1.657690 	 23.325198
  283 	 0.037617 	 1.215335 	 7.772519
  284 	 0.042863 	 1.494925 	 21.047694
  285 	 0.128221 	 2.185471 	 21.497516
  286 	 0.047491 	 1.582440 	 19.318780
  287 	 0.046498 	 1.202415 	 7.292814
  288 	 0.051739 	 1.459903 	 17.733302
  289 	 0.136954 	 2.014077 	 15.475049
  290 	 0.056373 	 1.522583 	 16.490960
  291 	 0.064583 	 1.186554 	 6.856164
  292 	 0.060607 	 1.420862 	 15.804535
  293 	 0.145665 	 1.935755 	 13.989335
  294 	 0.063237 	 1.528938 	 14.387125
  295 	 0.071438 	 1.157227 	 6.469766
  296 	 0.069464 	 1.467372 	 13.862438
  297 	 0.154353 	 1.941098 	 12.765262
  298 	 0.072091 	 1.491799 	 12.761021
  299 	 0.037829 	 1.107232 	 6.125470
  300 	 0.078309 	 1.405803 	 12.347033
  301 	 0.163069 	 2.176920 	 21.400115
  302 	 0.080933 	 1.535238 	 11.466701
  303 	 0.046709 	 1.094897 	 5.814998
  304 	 0.037234 	 1.365141 	 11.131792
  305 	 0.038748 	 2.040363 	 17.982600
  306 	 0.089761 	 1.721536 	 21.675910
  307 	 0.055582 	 1.307883 	 20.987190
  308 	 0.034387 	 1.335265 	 10.135713
  309 	 0.047628 	 1.931592 	 15.508248
  310 	 0.098574 	 1.844994 	 23.101739
  311 	 0.037651 	 1.250862 	 17.690370
  312 	 0.043270 	 1.309506 	 9.304532
  313 	 0.056500 	 2.249845 	 21.482032
  314 	 0.107399 	 1.742871 	 19.168056
  315 	 0.046531 	 1.221728 	 15.290631
  316 	 0.052146 	 1.308388 	 8.598490
  317 	 0.037045 	 2.196872 	 18.040359
  318 	 0.038273 	 1.625074 	 16.381107
  319 	 0.055404 	 1.389530 	 23.394539
  320 	 0.060989 	 1.539072 	 21.198508
  321 	 0.042729 	 2.126598 	 16.365552
  322 	 0.047153 	 1.652966 	 14.308406
  323 	 0.061071 	 1.318882 	 19.369042
  324 	 0.038892 	 1.428512 	 17.840146
  325 	 0.051605 	 2.068171 	 14.291683
  326 	 0.056025 	 1.901779 	 20.924158
  327 	 0.069927 	 1.212637 	 16.127720
  328 	 0.047768 	 1.388044 	 15.402288
  329 	 0.061959 	 2.040839 	 13.084342
  330 	 0.064888 	 1.759014 	 10.641039
  331 	 0.076375 	 1.190633 	 13.820068
  332 	 0.093884 	 1.409250 	 13.552350
  333 	 0.072312 	 1.952396 	 12.066323
  334 	 0.073731 	 1.668293 	 9.255898
  335 	 0.082814 	 1.188370 	 12.313453
  336 	 0.037437 	 1.356639 	 12.101941
  337 	 0.081153 	 1.903250 	 10.903434
  338 	 0.082571 	 1.912724 	 21.581230
  339 	 0.091639 	 1.159538 	 11.104529
  340 	 0.046317 	 1.333431 	 10.790901
  341 	 0.089981 	 1.805863 	 9.946346
  342 	 0.036414 	 1.777727 	 18.110208
  343 	 0.100437 	 1.149631 	 10.113141
  344 	 0.055190 	 1.458481 	 22.068338
  345 	 0.098794 	 1.808160 	 9.145996
  346 	 0.045300 	 1.863744 	 15.602968
  347 	 0.109231 	 1.136749 	 9.217073
  348 	 0.064054 	 1.373713 	 18.450027
  349 	 0.108390 	 1.807387 	 8.465165
  350 	 0.038573 	 1.767947 	 13.707296
  351 	 0.118007 	 1.197550 	 8.525900
  352 	 0.072907 	 1.624734 	 21.064686
  353 	 0.071758 	 1.773776 	 7.879778
  354 	 0.037283 	 1.668238 	 12.223963
  355 	 0.126764 	 1.284936 	 12.398059
  356 	 0.081747 	 2.007553 	 21.653159
  357 	 0.038857 	 1.649350 	 7.027886
  358 	 0.046164 	 1.609122 	 9.975360
  359 	 0.142110 	 1.483313 	 20.939513
  360 	 0.100158 	 1.925396 	 18.160791
  361 	 0.037620 	 1.563327 	 6.622063
  362 	 0.037897 	 1.540117 	 9.169461
  363 	 0.150326 	 1.756726 	 21.495973
  364 	 0.108952 	 2.069006 	 21.368779
  365 	 0.046501 	 1.505237 	 6.280381
  366 	 0.046778 	 1.480238 	 8.485224
  367 	 0.159001 	 1.709693 	 18.050181
  368 	 0.117728 	 1.905973 	 17.960275
  369 	 0.055374 	 1.502082 	 5.955902
  370 	 0.055651 	 1.556559 	 7.209053
  371 	 0.037747 	 1.618819 	 15.558435
  372 	 0.135893 	 1.788794 	 15.491657
  373 	 0.064237 	 1.651058 	 21.437403
  374 	 0.064514 	 1.519909 	 6.906430
  375 	 0.046628 	 1.608732 	 13.672953
  376 	 0.144606 	 1.678193 	 13.621412
  377 	 0.073090 	 1.589494 	 18.008900
  378 	 0.036361 	 1.472658 	 6.514392
  379 	 0.055501 	 1.560953 	 12.196679
  380 	 0.096257 	 1.922959 	 22.094004
  381 	 0.081930 	 1.536627 	 15.527785
  382 	 0.037790 	 1.477698 	 8.253739
  383 	 0.037483 	 1.520706 	 11.009607
  384 	 0.121027 	 1.975425 	 18.469629
  385 	 0.090756 	 1.743604 	 21.559648
  386 	 0.054117 	 1.409864 	 7.696646
  387 	 0.046364 	 1.444248 	 10.034477
  388 	 0.038475 	 1.768846 	 15.868764
  389 	 0.099568 	 1.671624 	 18.095020
  390 	 0.062982 	 1.721477 	 21.108294
  391 	 0.037053 	 1.391889 	 9.219299
  392 	 0.038335 	 1.574270 	 9.626352
  393 	 0.108364 	 1.777903 	 21.761339
  394 	 0.103442 	 1.829426 	 21.170900
  395 	 0.045934 	 1.297115 	 7.890834
  396 	 0.047215 	 1.396265 	 7.436741
  397 	 0.126587 	 1.791893 	 18.337087
  398 	 0.133775 	 1.822267 	 17.820606
  399 	 0.037058 	 1.218255 	 7.397185
 