   0 	 0.015913 	 0.055583 	 0.333979
    1 	 0.017142 	 0.085137 	 0.597157
    2 	 0.024954 	 0.195831 	 1.341243
    3 	 0.018157 	 0.371537 	 1.370750
    4 	 0.037492 	 0.624561 	 6.478602
    5 	 0.034356 	 0.960496 	 6.272947
    6 	 0.036283 	 1.008434 	 5.806479
    7 	 0.037949 	 1.030050 	 5.026244
    8 	 0.040567 	 1.253630 	 8.370321
    9 	 0.034714 	 1.200439 	 5.839002
   10 	 0.038319 	 1.157555 	 4.482951
   11 	 0.039716 	 1.011525 	 6.093334
   12 	 0.132478 	 1.332855 	 8.232916
   13 	 0.118269 	 1.336549 	 8.256580
   14 	 0.037824 	 1.095560 	 3.818577
   15 	 0.116231 	 0.979174 	 4.037647
   16 	 0.037547 	 1.205862 	 6.233473
   17 	 0.039235 	 1.120600 	 4.001112
   18 	 0.157162 	 1.223117 	 8.289054
   19 	 0.242101 	 1.072359 	 6.179149
   20 	 0.118787 	 1.057297 	 4.016844
   21 	 0.159730 	 1.035431 	 3.091183
   22 	 0.210646 	 1.110781 	 4.591650
   23 	 0.039736 	 1.017349 	 4.147134
   24 	 0.121337 	 1.006868 	 2.940778
   25 	 0.040814 	 1.101936 	 6.983641
   26 	 0.116122 	 1.085338 	 4.932510
   27 	 0.140587 	 1.066409 	 7.904241
   28 	 0.038311 	 0.996990 	 4.072953
   29 	 0.123860 	 1.029066 	 3.765931
   30 	 0.039667 	 1.077726 	 7.282738
   31 	 0.108727 	 1.007611 	 4.487125
   32 	 0.135469 	 1.080693 	 7.211506
   33 	 0.037114 	 1.023768 	 4.814012
   34 	 0.136789 	 1.007219 	 3.775445
   35 	 0.203541 	 1.039009 	 6.005513
   36 	 0.039313 	 1.009053 	 3.756724
   37 	 0.132529 	 0.960856 	 2.239068
   38 	 0.259355 	 1.065874 	 7.229954
   39 	 0.441605 	 1.046493 	 4.319118
   40 	 0.135881 	 0.995681 	 2.880561
   41 	 0.226341 	 0.965239 	 2.003989
   42 	 0.335620 	 1.011203 	 4.257466
   43 	 0.128775 	 0.997333 	 3.249489
   44 	 0.229544 	 0.983850 	 2.300861
   45 	 0.300943 	 0.995125 	 3.873339
   46 	 0.308540 	 0.977221 	 3.191382
   47 	 0.251741 	 0.980941 	 2.790623
   48 	 0.303400 	 0.992586 	 2.283420
   49 	 0.118561 	 0.973734 	 2.851108
   50 	 0.125512 	 0.939547 	 2.228166
   51 	 0.341798 	 0.999972 	 3.973604
   52 	 0.296226 	 1.030669 	 4.486086
   53 	 0.246463 	 0.956824 	 2.052556
   54 	 0.218098 	 0.939924 	 2.648126
   55 	 0.039161 	 0.964570 	 2.863991
   56 	 0.323292 	 1.017016 	 3.629785
   57 	 0.117324 	 1.005174 	 6.955978
   58 	 0.269456 	 0.954488 	 2.368029
   59 	 0.137503 	 1.006751 	 5.457784
   60 	 0.371060 	 0.995171 	 2.801467
   61 	 0.116489 	 0.971408 	 4.574505
   62 	 0.322907 	 0.960224 	 2.057359
   63 	 0.039129 	 1.016385 	 4.640609
   64 	 0.457298 	 0.999437 	 2.283590
   65 	 0.211237 	 1.066739 	 8.317428
   66 	 0.119054 	 0.939038 	 1.751308
   67 	 0.118164 	 0.974333 	 3.185347
   68 	 0.039791 	 1.019859 	 5.550805
   69 	 0.110923 	 1.009489 	 5.155602
   70 	 0.176357 	 1.025973 	 7.289111
   71 	 0.115236 	 1.031601 	 5.355539
   72 	 0.039957 	 0.996944 	 3.774193
   73 	 0.039879 	 0.995260 	 3.813355
   74 	 0.259741 	 1.072682 	 8.638808
   75 	 0.040477 	 1.120917 	 7.832132
   76 	 0.039403 	 0.964430 	 2.877361
   77 	 0.126494 	 1.083119 	 8.600183
   78 	 0.039270 	 1.151703 	 8.680298
   79 	 0.115293 	 1.058822 	 4.943309
   80 	 0.114478 	 1.026132 	 4.719869
   81 	 0.038710 	 1.012344 	 5.233066
   82 	 0.039884 	 1.051964 	 4.666834
   83 	 0.124738 	 1.080669 	 7.017030
   84 	 0.212358 	 1.059680 	 7.284189
   85 	 0.140987 	 1.029812 	 5.326582
   86 	 0.039640 	 0.998574 	 3.631639
   87 	 0.113675 	 1.009306 	 3.592117
   88 	 0.037440 	 1.102662 	 9.742774
   89 	 0.272813 	 1.055803 	 4.702013
   90 	 0.101443 	 1.051265 	 6.559961
   91 	 0.208081 	 0.984968 	 3.028350
   92 	 0.151154 	 1.030524 	 4.779138
   93 	 0.314926 	 1.028871 	 3.688930
   94 	 0.203959 	 1.012722 	 4.170939
   95 	 0.039121 	 0.942933 	 2.172374
   96 	 0.231678 	 0.997312 	 3.344937
   97 	 0.299729 	 1.175922 	 12.296975
   98 	 0.295235 	 1.000878 	 3.038795
   99 	 0.080765 	 0.961943 	 2.575136
  100 	 0.322894 	 0.982426 	 2.536561
  101 	 0.118494 	 1.055605 	 6.166553
  102 	 0.319796 	 0.978770 	 2.657500
  103 	 0.160196 	 1.037274 	 4.541568
  104 	 0.363319 	 0.999474 	 2.780902
  105 	 0.037820 	 1.019948 	 4.545537
  106 	 0.115235 	 0.965114 	 2.122604
  107 	 0.217253 	 1.122107 	 10.243846
  108 	 0.462448 	 1.018503 	 3.569712
  109 	 0.096618 	 0.980603 	 3.348372
  110 	 0.276128 	 0.959053 	 1.753623
  111 	 0.037294 	 1.052863 	 5.070534
  112 	 0.556600 	 1.008109 	 2.751579
  113 	 0.192517 	 1.030744 	 7.251946
  114 	 0.352289 	 0.958961 	 1.508751
  115 	 0.129565 	 1.016270 	 4.066406
  116 	 0.113775 	 0.984379 	 2.288911
  117 	 0.243202 	 1.046689 	 5.066763
  118 	 0.425186 	 1.012686 	 5.123601
  119 	 0.193913 	 1.002149 	 3.215412
  120 	 0.116436 	 0.960852 	 1.913560
  121 	 0.303029 	 1.017693 	 3.966481
  122 	 0.348296 	 1.043519 	 5.201941
  123 	 0.247189 	 0.983963 	 2.744018
  124 	 0.188703 	 0.964917 	 2.310023
  125 	 0.334623 	 0.986436 	 2.904533
  126 	 0.039440 	 0.990399 	 3.441124
  127 	 0.040512 	 0.960272 	 2.545679
  128 	 0.284623 	 1.068928 	 7.323882
  129 	 0.378347 	 1.107415 	 8.778709
  130 	 0.135185 	 0.970046 	 2.595902
  131 	 0.112662 	 0.947739 	 1.910414
  132 	 0.290515 	 1.013581 	 4.861811
  133 	 0.039493 	 1.013824 	 4.503248
  134 	 0.037475 	 0.953641 	 2.660173
  135 	 0.216532 	 1.078878 	 7.304977
  136 	 0.361693 	 1.114534 	 7.200737
  137 	 0.116317 	 0.982617 	 3.277267
  138 	 0.136280 	 0.951662 	 2.049629
  139 	 0.037585 	 1.056962 	 4.472771
  140 	 0.467677 	 1.050737 	 4.369104
  141 	 0.218657 	 1.050489 	 7.924886
  142 	 0.222311 	 0.946722 	 1.785788
  143 	 0.124723 	 1.015015 	 3.163986
  144 	 0.528545 	 1.026749 	 3.368023
  145 	 0.122427 	 0.994789 	 4.687734
  146 	 0.290308 	 0.945370 	 1.609931
  147 	 0.208401 	 1.035415 	 4.650576
  148 	 0.592933 	 1.003388 	 2.776177
  149 	 0.119439 	 0.954905 	 3.389816
  150 	 0.115394 	 0.939904 	 1.519716
  151 	 0.286860 	 1.052972 	 3.955081
  152 	 0.612139 	 1.021397 	 4.286431
  153 	 0.249621 	 0.942998 	 2.873889
  154 	 0.228612 	 0.939618 	 1.409366
  155 	 0.132655 	 1.018929 	 2.855344
  156 	 0.128073 	 0.998415 	 2.831165
  157 	 0.331044 	 0.992497 	 5.153174
  158 	 0.346289 	 0.992305 	 5.495308
  159 	 0.191770 	 0.993941 	 2.550081
  160 	 0.114453 	 0.970233 	 1.927196
  161 	 0.040791 	 0.975161 	 3.320382
  162 	 0.112776 	 1.052108 	 5.696298
  163 	 0.034691 	 1.134910 	 10.184242
  164 	 0.039881 	 1.015704 	 5.876253
  165 	 0.097587 	 1.050982 	 10.583063
  166 	 0.166955 	 1.109275 	 9.873545
  167 	 0.093946 	 1.060854 	 6.227147
  168 	 0.100582 	 0.996089 	 4.245300
  169 	 0.158805 	 1.007182 	 6.152120
  170 	 0.231809 	 1.053361 	 6.173528
  171 	 0.038341 	 1.021399 	 4.397448
  172 	 0.160428 	 0.986461 	 2.896798
  173 	 0.226344 	 1.094676 	 9.350948
  174 	 0.304136 	 1.006277 	 3.154297
  175 	 0.036821 	 0.992938 	 3.519338
  176 	 0.040102 	 0.981301 	 2.794679
  177 	 0.038082 	 1.207786 	 9.735094
  178 	 0.349250 	 1.086624 	 9.199436
  179 	 0.102002 	 1.091693 	 9.373627
  180 	 0.107935 	 0.951469 	 2.393203
  181 	 0.105907 	 1.100484 	 5.965089
  182 	 0.402284 	 1.087425 	 5.664598
  183 	 0.164515 	 1.090920 	 5.408117
  184 	 0.174423 	 0.953581 	 2.011587
  185 	 0.182548 	 1.035833 	 4.289736
  186 	 0.483960 	 1.045935 	 3.726855
  187 	 0.038250 	 1.014495 	 3.981718
  188 	 0.263383 	 0.950560 	 1.809759
  189 	 0.129485 	 1.236679 	 9.592461
  190 	 0.037444 	 1.021180 	 3.012204
  191 	 0.037790 	 1.013405 	 5.015422
  192 	 0.039281 	 1.036510 	 9.723481
  193 	 0.036909 	 1.240747 	 9.399410
  194 	 0.102123 	 1.102243 	 9.552839
  195 	 0.038014 	 1.063300 	 9.362515
  196 	 0.038150 	 0.987869 	 5.951552
  197 	 0.040055 	 1.243626 	 10.569233
  198 	 0.166316 	 1.223348 	 9.657128
  199 	 0.040501 	 1.065136 	 7.084413
  200 	 0.039303 	 0.954845 	 3.791959
  201 	 0.037399 	 1.214860 	 9.165852
  202 	 0.257112 	 1.225722 	 9.550833
  203 	 0.037054 	 1.110174 	 9.434079
  204 	 0.103844 	 0.944470 	 3.070199
  205 	 0.105233 	 1.197921 	 9.760483
  206 	 0.114511 	 1.128078 	 5.908629
  207 	 0.101772 	 1.105780 	 5.843390
  208 	 0.039830 	 0.983699 	 5.461170
  209 	 0.169111 	 1.101907 	 6.139787
  210 	 0.180944 	 1.144513 	 9.222551
  211 	 0.161072 	 1.075836 	 4.343848
  212 	 0.107614 	 0.976634 	 4.059362
  213 	 0.226796 	 1.063162 	 4.354027
  214 	 0.242438 	 1.084409 	 5.779870
  215 	 0.226725 	 1.038174 	 3.422359
  216 	 0.171078 	 0.975237 	 3.215039
  217 	 0.286454 	 1.054884 	 3.423190
  218 	 0.304540 	 1.065622 	 4.172255
  219 	 0.286649 	 1.003686 	 2.842086
  220 	 0.036731 	 0.941262 	 2.703139
  221 	 0.343562 	 1.036054 	 2.840515
  222 	 0.326429 	 1.118993 	 9.791369
  223 	 0.038376 	 0.963481 	 2.498990
  224 	 0.101453 	 0.981751 	 2.552133
  225 	 0.040139 	 1.103447 	 9.347872
  226 	 0.040351 	 1.039479 	 5.993294
  227 	 0.106197 	 1.069395 	 9.430524
  228 	 0.038588 	 0.987826 	 2.814115
  229 	 0.105258 	 1.057359 	 5.827610
  230 	 0.347281 	 1.074676 	 4.317033
  231 	 0.169678 	 1.009818 	 5.751804
  232 	 0.038270 	 0.960473 	 2.170701
  233 	 0.042270 	 1.014098 	 4.253904
  234 	 0.448974 	 1.142920 	 9.244700
  235 	 0.128274 	 1.090706 	 9.673940
  236 	 0.107488 	 0.950410 	 1.932091
  237 	 0.102629 	 1.034639 	 4.137807
  238 	 0.501708 	 1.109976 	 5.784104
  239 	 0.237885 	 1.042153 	 6.156537
  240 	 0.171118 	 0.943494 	 1.761779
  241 	 0.147590 	 1.016371 	 3.297225
  242 	 0.515152 	 1.083803 	 4.171559
  243 	 0.124032 	 1.018655 	 4.821837
  244 	 0.124835 	 0.948677 	 1.722498
  245 	 0.125920 	 1.044157 	 5.439737
  246 	 0.253489 	 1.052247 	 3.549489
  247 	 0.037210 	 1.044779 	 5.226852
  248 	 0.276634 	 0.967123 	 3.191942
  249 	 0.189270 	 1.136397 	 9.450888
  250 	 0.300048 	 1.039152 	 2.993710
  251 	 0.028148 	 1.026113 	 4.053996
  252 	 0.326892 	 0.991640 	 2.750284
  253 	 0.243274 	 1.259584 	 10.336076
  254 	 0.354750 	 1.029351 	 2.528493
  255 	 0.096111 	 0.982915 	 3.206425
  256 	 0.039203 	 0.945874 	 2.402054
  257 	 0.125882 	 1.180795 	 6.071252
  258 	 0.037686 	 1.106396 	 10.100684
  259 	 0.037586 	 1.029392 	 5.227880
  260 	 0.098421 	 1.057573 	 9.408539
  261 	 0.188805 	 1.224435 	 10.617287
  262 	 0.105615 	 1.055200 	 5.987287
  263 	 0.093581 	 1.008782 	 4.022451
  264 	 0.165369 	 1.021416 	 6.045394
  265 	 0.244963 	 1.134292 	 6.290044
  266 	 0.038327 	 1.028820 	 4.673576
  267 	 0.037494 	 0.993985 	 3.316057
  268 	 0.126577 	 1.089567 	 10.534450
  269 	 0.295451 	 1.291482 	 10.538023
  270 	 0.094419 	 1.073858 	 5.606106
  271 	 0.094359 	 0.983171 	 2.879762
  272 	 0.120088 	 1.075664 	 6.484269
  273 	 0.127213 	 1.161643 	 6.486807
  274 	 0.152810 	 1.092525 	 5.299758
  275 	 0.152826 	 1.023756 	 5.106908
  276 	 0.110377 	 1.024334 	 4.703444
  277 	 0.193218 	 1.108932 	 4.703102
  278 	 0.038259 	 1.102097 	 5.731401
  279 	 0.123414 	 0.994170 	 3.952291
  280 	 0.037192 	 1.066573 	 11.512900
  281 	 0.036681 	 1.095431 	 5.458104
  282 	 0.037294 	 1.309228 	 10.310125
  283 	 0.181228 	 1.136160 	 10.364695
  284 	 0.096433 	 1.116986 	 11.642308
  285 	 0.095928 	 1.065651 	 4.351075
  286 	 0.085455 	 1.294855 	 6.894995
  287 	 0.037606 	 1.072365 	 6.919078
  288 	 0.143786 	 1.030986 	 6.884458
  289 	 0.143290 	 1.156575 	 12.164620
  290 	 0.037301 	 1.187501 	 4.892710
  291 	 0.037625 	 1.021966 	 5.322276
  292 	 0.133177 	 1.108272 	 10.515176
  293 	 0.186189 	 1.387823 	 12.069777
  294 	 0.094563 	 1.168613 	 5.625024
  295 	 0.082490 	 0.984409 	 4.065216
  296 	 0.175969 	 1.051019 	 8.868165
  297 	 0.242423 	 1.321851 	 8.691090
  298 	 0.039911 	 1.176620 	 4.533731
  299 	 0.114274 	 0.959593 	 2.586332
  300 	 0.101346 	 1.166398 	 11.832766
  301 	 0.379589 	 1.252644 	 6.294290
  302 	 0.039255 	 1.292371 	 6.947043
  303 	 0.105148 	 0.955203 	 2.368610
  304 	 0.039210 	 1.167489 	 12.216645
  305 	 0.125106 	 1.233928 	 6.768259
  306 	 0.081558 	 1.330206 	 12.223430
  307 	 0.104893 	 1.011325 	 5.962826
  308 	 0.036670 	 1.172981 	 10.271390
  309 	 0.167263 	 1.239996 	 6.779959
  310 	 0.096956 	 1.556641 	 18.147410
  311 	 0.039601 	 0.993962 	 5.462614
  312 	 0.055056 	 1.203734 	 8.868730
  313 	 0.182535 	 1.323367 	 11.876291
  314 	 0.112192 	 1.399892 	 10.312924
  315 	 0.038277 	 0.976502 	 5.041984
  316 	 0.096653 	 1.125197 	 6.377894
  317 	 0.196596 	 1.346453 	 12.066026
  318 	 0.037575 	 1.332632 	 9.876280
  319 	 0.082649 	 0.997252 	 4.970288
  320 	 0.101091 	 1.365593 	 21.288025
  321 	 0.038035 	 1.351032 	 9.906922
  322 	 0.046877 	 1.281459 	 8.837202
  323 	 0.100730 	 1.116240 	 13.998657
  324 	 0.037205 	 1.231308 	 12.456932
  325 	 0.071265 	 1.380454 	 7.755762
  326 	 0.080062 	 1.396768 	 14.163302
  327 	 0.127810 	 1.105138 	 13.181239
  328 	 0.070447 	 1.205207 	 10.791915
  329 	 0.075839 	 1.388505 	 7.519729
  330 	 0.092376 	 1.318747 	 13.325011
  331 	 0.132657 	 1.066819 	 9.430495
  332 	 0.074976 	 1.148646 	 8.158197
  333 	 0.105665 	 1.281582 	 6.626038
  334 	 0.121490 	 1.273237 	 9.227137
  335 	 0.150163 	 1.071141 	 8.455603
  336 	 0.037321 	 1.080613 	 6.456173
  337 	 0.039576 	 1.213152 	 5.447725
  338 	 0.153828 	 1.820676 	 24.636903
  339 	 0.182444 	 1.363456 	 13.703087
  340 	 0.040535 	 1.080897 	 6.312021
  341 	 0.072799 	 1.197070 	 4.927076
  342 	 0.158393 	 1.535335 	 13.525468
  343 	 0.201594 	 1.293238 	 9.416298
  344 	 0.045700 	 1.064865 	 6.135242
  345 	 0.037228 	 1.166259 	 4.849812
  346 	 0.111130 	 1.593976 	 21.231630
  347 	 0.037042 	 1.254596 	 9.029590
  348 	 0.037071 	 1.097066 	 8.640801
  349 	 0.110339 	 1.478513 	 24.014011
  350 	 0.036041 	 1.503457 	 14.785765
  351 	 0.041634 	 1.276808 	 8.700276
  352 	 0.067612 	 1.504379 	 24.605461
  353 	 0.038108 	 1.427540 	 21.628921
  354 	 0.040634 	 1.424069 	 13.848192
  355 	 0.036950 	 1.468414 	 23.414901
  356 	 0.035818 	 1.358163 	 13.507340
  357 	 0.042647 	 1.730794 	 24.067190
  358 	 0.074009 	 1.687715 	 24.741366
  359 	 0.038991 	 1.183322 	 6.561538
  360 	 0.040411 	 1.307173 	 10.255990
  361 	 0.152297 	 1.690400 	 16.104943
  362 	 0.097460 	 1.562906 	 16.390592
  363 	 0.062075 	 1.155135 	 5.965417
  364 	 0.060993 	 1.317128 	 9.798130
  365 	 0.167504 	 1.532133 	 9.546606
  366 	 0.102012 	 1.407107 	 10.593947
  367 	 0.037957 	 1.111394 	 5.810450
  368 	 0.037017 	 1.311308 	 9.379771
  369 	 0.097312 	 1.774251 	 23.497714
  370 	 0.106234 	 1.688522 	 14.201084
  371 	 0.042549 	 1.188606 	 10.008771
  372 	 0.070394 	 1.291979 	 9.022491
  373 	 0.099866 	 1.584143 	 13.166724
  374 	 0.110778 	 1.608387 	 13.334334
  375 	 0.075923 	 1.234827 	 9.759288
  376 	 0.074879 	 1.285159 	 8.024154
  377 	 0.037318 	 1.537440 	 12.735200
  378 	 0.123861 	 1.573623 	 12.795026
  379 	 0.078494 	 1.452763 	 23.855831
  380 	 0.038474 	 1.206613 	 7.907563
  381 	 0.041910 	 1.509162 	 12.034537
  382 	 0.126388 	 1.602424 	 13.913283
  383 	 0.083062 	 1.291599 	 13.278374
  384 	 0.071850 	 1.194589 	 6.612676
  385 	 0.075121 	 1.503326 	 11.407394
  386 	 0.039524 	 1.530936 	 9.501184
  387 	 0.087642 	 1.424584 	 12.543672
  388 	 0.104903 	 1.371108 	 22.663645
  389 	 0.079692 	 1.445043 	 8.261561
  390 	 0.044115 	 1.559110 	 9.233323
  391 	 0.120555 	 1.415310 	 11.751949
  392 	 0.037119 	 1.308081 	 21.046164
  393 	 0.085053 	 1.435633 	 8.067435
  394 	 0.047504 	 1.968149 	 25.177110
  395 	 0.123444 	 1.396849 	 11.154092
  396 	 0.039711 	 1.279141 	 18.902079
  397 	 0.037215 	 1.466966 	 7.933732
  398 	 0.052891 	 1.926418 	 23.634305
  399 	 0.036387 	 1.704406 	 25.116332
 