   0 	 0.016473 	 0.074466 	 0.649309
    1 	 0.016306 	 0.183694 	 0.661639
    2 	 0.026483 	 0.431196 	 4.231856
    3 	 0.036210 	 0.724016 	 4.524142
    4 	 0.035925 	 1.048058 	 4.461677
    5 	 0.200251 	 1.282728 	 4.340940
    6 	 0.212232 	 1.267913 	 5.066848
    7 	 0.223052 	 0.901579 	 3.988934
    8 	 0.185648 	 1.015055 	 4.259512
    9 	 0.239496 	 1.196977 	 3.355267
   10 	 0.225265 	 1.130592 	 4.166798
   11 	 0.240261 	 0.895718 	 2.138030
   12 	 0.110775 	 0.992283 	 4.082212
   13 	 0.224533 	 1.139281 	 2.915949
   14 	 0.243107 	 1.107331 	 4.004297
   15 	 0.038383 	 0.926558 	 3.060196
   16 	 0.037680 	 1.031709 	 3.799289
   17 	 0.044053 	 1.215625 	 6.546728
   18 	 0.261166 	 1.291803 	 16.869189
   19 	 0.152024 	 1.112303 	 15.231682
   20 	 0.059211 	 1.035681 	 3.536499
   21 	 0.065566 	 1.186730 	 3.294784
   22 	 0.038503 	 1.239369 	 12.918138
   23 	 0.287250 	 1.072679 	 11.727988
   24 	 0.077290 	 1.198035 	 16.638173
   25 	 0.038953 	 1.140635 	 3.273854
   26 	 0.059842 	 1.201597 	 10.236437
   27 	 0.037752 	 1.261312 	 16.514405
   28 	 0.097509 	 1.213296 	 12.278738
   29 	 0.060478 	 1.221701 	 7.870781
   30 	 0.081299 	 1.164196 	 8.395656
   31 	 0.112688 	 1.195045 	 11.238671
   32 	 0.118804 	 1.154223 	 9.901129
   33 	 0.088823 	 1.231678 	 7.446665
   34 	 0.100779 	 1.262516 	 7.122329
   35 	 0.133776 	 1.274981 	 9.214653
   36 	 0.125137 	 1.133238 	 8.300220
   37 	 0.108157 	 1.204067 	 6.515663
   38 	 0.037293 	 1.276088 	 6.508864
   39 	 0.037776 	 1.196684 	 7.029551
   40 	 0.031536 	 1.282761 	 15.199224
   41 	 0.079388 	 1.345451 	 15.088401
   42 	 0.065708 	 1.412910 	 19.517348
   43 	 0.066181 	 1.218065 	 10.092059
   44 	 0.051185 	 1.404606 	 10.614846
   45 	 0.098809 	 1.280155 	 11.643973
   46 	 0.094033 	 1.357263 	 15.531621
   47 	 0.085736 	 1.191665 	 8.438194
   48 	 0.064244 	 1.348977 	 8.792510
   49 	 0.118110 	 1.206683 	 9.484400
   50 	 0.038203 	 1.212320 	 10.336589
   51 	 0.105218 	 1.245369 	 7.100584
   52 	 0.039489 	 1.510542 	 17.270304
   53 	 0.140444 	 1.239080 	 7.885334
   54 	 0.036824 	 1.334704 	 16.895036
   55 	 0.126502 	 1.221015 	 6.244387
   56 	 0.035544 	 1.670942 	 17.691451
   57 	 0.037677 	 1.216699 	 6.839867
   58 	 0.037050 	 1.551600 	 18.101451
   59 	 0.145782 	 1.376775 	 17.428481
   60 	 0.055184 	 1.673109 	 17.621295
   61 	 0.057313 	 1.190307 	 6.042961
   62 	 0.056512 	 1.518428 	 13.353963
   63 	 0.164944 	 1.298918 	 12.984893
   64 	 0.074774 	 1.532946 	 13.121314
   65 	 0.076896 	 1.111247 	 4.742153
   66 	 0.039045 	 1.385051 	 10.584941
   67 	 0.036934 	 1.329590 	 9.488034
   68 	 0.094298 	 1.643935 	 14.804851
   69 	 0.105178 	 1.262503 	 17.657104
   70 	 0.067456 	 1.324714 	 8.772058
   71 	 0.037277 	 1.342389 	 8.007845
   72 	 0.113743 	 1.598135 	 11.473723
   73 	 0.124571 	 1.345415 	 15.202940
   74 	 0.086940 	 1.259637 	 7.493842
   75 	 0.038077 	 1.335022 	 6.931396
   76 	 0.037688 	 1.521416 	 9.377369
   77 	 0.143862 	 1.479275 	 15.020233
   78 	 0.106416 	 1.812078 	 19.028967
   79 	 0.066451 	 1.284665 	 5.941923
   80 	 0.052497 	 1.402052 	 7.929197
   81 	 0.127787 	 1.368023 	 11.607556
   82 	 0.125664 	 1.623322 	 13.850969
   83 	 0.085940 	 1.357630 	 6.780256
   84 	 0.072049 	 1.350700 	 6.374931
   85 	 0.147060 	 1.237812 	 9.466131
   86 	 0.038223 	 1.474042 	 11.607814
   87 	 0.038256 	 1.323766 	 5.996650
   88 	 0.038374 	 1.537312 	 14.987255
   89 	 0.122999 	 1.363098 	 17.254503
   90 	 0.066636 	 1.543095 	 14.953468
   91 	 0.038993 	 1.307345 	 7.294004
   92 	 0.038401 	 1.395365 	 10.221217
   93 	 0.136565 	 1.454418 	 14.816425
   94 	 0.097564 	 1.609342 	 19.047292
   95 	 0.067428 	 1.284916 	 6.637228
   96 	 0.052447 	 1.413370 	 8.955464
   97 	 0.150346 	 1.375356 	 11.477301
   98 	 0.111488 	 1.478508 	 14.782703
   99 	 0.087013 	 1.241844 	 6.171091
  100 	 0.067582 	 1.363313 	 7.622640
  101 	 0.161614 	 1.377853 	 9.481687
  102 	 0.130946 	 1.424943 	 12.242575
  103 	 0.105310 	 1.222798 	 5.655669
  104 	 0.081588 	 1.333542 	 6.927802
  105 	 0.176374 	 1.367078 	 8.374518
  106 	 0.038554 	 1.363080 	 10.450610
  107 	 0.037253 	 1.194193 	 4.881048
  108 	 0.095581 	 1.521158 	 18.992037
  109 	 0.122617 	 1.486287 	 19.472929
  110 	 0.037524 	 1.294605 	 9.117334
  111 	 0.051316 	 1.246531 	 7.314356
  112 	 0.109512 	 1.657418 	 19.370994
  113 	 0.130591 	 1.380723 	 13.330461
  114 	 0.051586 	 1.254070 	 7.506842
  115 	 0.036245 	 1.273267 	 6.911286
  116 	 0.132962 	 1.559056 	 15.223938
  117 	 0.123570 	 1.774928 	 19.863117
  118 	 0.035354 	 1.219925 	 6.799850
  119 	 0.050309 	 1.319085 	 7.263769
  120 	 0.146551 	 1.697771 	 20.220886
  121 	 0.137403 	 1.636734 	 15.525817
  122 	 0.049419 	 1.205431 	 6.224663
  123 	 0.037387 	 1.278458 	 6.600536
  124 	 0.125411 	 1.576491 	 15.743233
  125 	 0.151180 	 1.710113 	 19.422487
  126 	 0.063463 	 1.249788 	 6.706402
  127 	 0.051449 	 1.201240 	 6.050343
  128 	 0.148798 	 1.482891 	 12.892826
  129 	 0.164896 	 1.623080 	 15.255679
  130 	 0.077478 	 1.259474 	 6.138796
  131 	 0.065489 	 1.180316 	 5.586729
  132 	 0.162525 	 1.422187 	 10.919680
  133 	 0.129030 	 1.474464 	 12.564577
  134 	 0.091460 	 1.229824 	 5.661709
  135 	 0.079500 	 1.247382 	 6.547505
  136 	 0.176186 	 1.385546 	 8.683596
  137 	 0.112058 	 1.406612 	 10.683805
  138 	 0.114846 	 1.206589 	 5.255238
  139 	 0.036344 	 1.267933 	 7.926547
  140 	 0.036393 	 1.322593 	 6.607369
  141 	 0.036986 	 1.563403 	 19.824127
  142 	 0.151024 	 1.385249 	 19.804625
  143 	 0.050408 	 1.430505 	 19.574990
  144 	 0.037278 	 1.301303 	 6.056059
  145 	 0.051049 	 1.484426 	 13.493873
  146 	 0.164480 	 1.580031 	 19.463648
  147 	 0.074030 	 1.417803 	 15.349472
  148 	 0.051341 	 1.271192 	 5.599725
  149 	 0.038459 	 1.371233 	 11.346829
  150 	 0.115790 	 1.475413 	 15.281025
  151 	 0.076326 	 1.559179 	 19.026359
  152 	 0.037574 	 1.307836 	 7.698795
  153 	 0.052493 	 1.427402 	 11.058790
  154 	 0.126915 	 1.672464 	 19.351979
  155 	 0.090311 	 1.472514 	 15.016532
  156 	 0.051637 	 1.293738 	 7.091449
  157 	 0.066531 	 1.366358 	 9.577567
  158 	 0.037917 	 1.608738 	 15.495065
  159 	 0.035691 	 1.470875 	 12.402209
  160 	 0.064478 	 1.478666 	 19.224505
  161 	 0.080539 	 1.519448 	 20.083922
  162 	 0.051979 	 1.523699 	 12.726208
  163 	 0.037381 	 1.410433 	 10.566442
  164 	 0.078491 	 1.475551 	 15.133442
  165 	 0.094513 	 1.591514 	 19.424516
  166 	 0.066017 	 1.450899 	 10.800182
  167 	 0.051444 	 1.386814 	 9.206992
  168 	 0.027774 	 1.403190 	 12.481698
  169 	 0.037161 	 1.486689 	 15.256929
  170 	 0.037494 	 1.749702 	 23.881072
  171 	 0.065483 	 1.550559 	 19.508191
  172 	 0.032568 	 1.532487 	 19.382210
  173 	 0.051223 	 1.398378 	 12.565424
  174 	 0.051556 	 1.851420 	 21.427856
  175 	 0.079494 	 1.491141 	 15.308428
  176 	 0.046638 	 1.460861 	 15.230855
  177 	 0.065263 	 1.343724 	 10.684416
  178 	 0.065595 	 1.680348 	 16.464284
  179 	 0.093471 	 1.434452 	 12.600270
  180 	 0.060686 	 1.402889 	 12.547765
  181 	 0.079275 	 1.296883 	 9.296194
  182 	 0.032999 	 1.562931 	 13.371565
  183 	 0.035591 	 1.448622 	 10.709543
  184 	 0.036257 	 1.521254 	 21.231768
  185 	 0.037784 	 1.443352 	 20.124426
  186 	 0.037731 	 1.675326 	 19.858205
  187 	 0.037179 	 1.613865 	 19.273651
  188 	 0.050321 	 1.651536 	 19.293552
  189 	 0.051846 	 1.407640 	 19.501173
  190 	 0.051793 	 1.580589 	 15.522820
  191 	 0.037649 	 1.538344 	 15.163836
  192 	 0.064363 	 1.550636 	 15.176134
  193 	 0.038400 	 1.592877 	 19.324081
  194 	 0.065832 	 1.482568 	 12.744890
  195 	 0.051711 	 1.459969 	 12.502327
  196 	 0.038731 	 1.459259 	 12.510670
  197 	 0.079895 	 1.483607 	 15.194989
  198 	 0.079842 	 1.680363 	 18.928458
  199 	 0.065750 	 1.458548 	 10.638864
  200 	 0.052791 	 1.388981 	 10.644891
  201 	 0.093871 	 1.391508 	 12.523458
  202 	 0.037966 	 1.552770 	 14.949655
  203 	 0.035947 	 1.466817 	 9.261782
  204 	 0.066828 	 1.544220 	 19.206321
  205 	 0.034700 	 1.492613 	 19.981122
  206 	 0.034549 	 1.388269 	 12.356641
  207 	 0.050012 	 1.604853 	 20.491650
  208 	 0.080836 	 1.660593 	 20.555464
  209 	 0.048767 	 1.342805 	 15.597718
  210 	 0.048621 	 1.333030 	 10.533423
  211 	 0.064054 	 1.590269 	 15.906646
  212 	 0.038576 	 1.653815 	 15.943576
  213 	 0.062811 	 1.288268 	 13.200619
  214 	 0.062666 	 1.548580 	 18.983800
  215 	 0.075687 	 1.589248 	 13.002020
  216 	 0.052639 	 1.572174 	 13.447050
  217 	 0.036912 	 1.238379 	 11.443360
  218 	 0.025874 	 1.618443 	 15.542596
  219 	 0.087279 	 1.710992 	 19.603411
  220 	 0.064281 	 1.636414 	 26.614307
  221 	 0.050937 	 1.270233 	 9.863939
  222 	 0.037554 	 1.585327 	 12.758194
  223 	 0.101235 	 1.612031 	 15.964888
  224 	 0.078294 	 1.652408 	 19.359631
  225 	 0.062582 	 1.231744 	 8.670420
  226 	 0.051623 	 1.496461 	 9.363780
  227 	 0.115147 	 1.556889 	 13.040839
  228 	 0.106661 	 1.561208 	 15.215449
  229 	 0.076599 	 1.202986 	 7.737099
  230 	 0.031558 	 1.447717 	 8.280805
  231 	 0.035908 	 1.501325 	 11.025436
  232 	 0.093165 	 1.654997 	 21.902203
  233 	 0.090584 	 1.360759 	 19.996948
  234 	 0.037202 	 1.395210 	 9.322716
  235 	 0.034895 	 1.454364 	 9.552603
  236 	 0.107103 	 2.203644 	 23.979430
  237 	 0.104529 	 1.421871 	 15.606616
  238 	 0.036877 	 1.420818 	 8.250628
  239 	 0.037537 	 1.322791 	 6.258589
  240 	 0.121137 	 2.167458 	 19.616617
  241 	 0.159421 	 1.788247 	 19.366085
  242 	 0.050947 	 1.360719 	 7.394436
  243 	 0.051599 	 1.304754 	 5.762982
  244 	 0.134979 	 2.014942 	 15.373546
  245 	 0.172811 	 1.685634 	 14.684482
  246 	 0.064977 	 1.317112 	 6.707833
  247 	 0.037229 	 1.272965 	 5.350152
  248 	 0.038363 	 1.814045 	 12.645893
  249 	 0.122511 	 1.760663 	 19.073544
  250 	 0.078989 	 1.493567 	 19.061089
  251 	 0.038393 	 1.240727 	 7.261592
  252 	 0.038576 	 1.603884 	 10.742410
  253 	 0.137444 	 2.043493 	 19.050334
  254 	 0.092967 	 1.598066 	 18.983822
  255 	 0.038365 	 1.219385 	 6.598745
  256 	 0.051357 	 1.471635 	 9.339950
  257 	 0.150977 	 2.056433 	 19.060484
  258 	 0.106906 	 1.533239 	 15.277193
  259 	 0.036858 	 1.156421 	 5.724868
  260 	 0.065392 	 1.346432 	 7.885394
  261 	 0.037649 	 1.999136 	 16.513126
  262 	 0.037931 	 1.453374 	 11.224356
  263 	 0.039402 	 1.268099 	 16.300073
  264 	 0.087871 	 1.506017 	 18.821416
  265 	 0.061296 	 2.034375 	 18.690961
  266 	 0.029625 	 1.405710 	 9.806738
  267 	 0.053458 	 1.271684 	 13.263234
  268 	 0.101813 	 1.545949 	 18.752780
  269 	 0.075316 	 1.980794 	 14.802026
  270 	 0.053245 	 1.388149 	 8.546068
  271 	 0.032336 	 1.298311 	 11.183641
  272 	 0.116820 	 1.463317 	 14.610382
  273 	 0.037795 	 1.975104 	 17.845548
  274 	 0.068378 	 1.340812 	 6.806835
  275 	 0.038471 	 1.361558 	 16.261387
  276 	 0.146401 	 1.390834 	 12.124374
  277 	 0.061442 	 1.978383 	 16.084612
  278 	 0.082220 	 1.304650 	 6.230475
  279 	 0.061969 	 1.388534 	 13.237653
  280 	 0.160139 	 1.333694 	 10.382048
  281 	 0.036144 	 1.859948 	 15.044613
  282 	 0.096179 	 1.273288 	 5.739243
  283 	 0.066149 	 1.453458 	 19.902953
  284 	 0.125670 	 1.285993 	 9.067885
  285 	 0.050205 	 1.686075 	 12.292736
  286 	 0.110108 	 1.324042 	 7.098726
  287 	 0.081256 	 1.388948 	 13.332371
  288 	 0.140569 	 1.150325 	 6.307514
  289 	 0.037156 	 1.521943 	 10.367462
  290 	 0.037248 	 1.267406 	 6.465405
  291 	 0.096325 	 1.626575 	 16.432335
  292 	 0.105964 	 1.762209 	 19.323225
  293 	 0.060799 	 1.545738 	 8.966632
  294 	 0.051711 	 1.298469 	 8.328873
  295 	 0.111336 	 1.540070 	 13.351245
  296 	 0.119846 	 1.606767 	 15.035458
  297 	 0.074814 	 1.509054 	 7.902900
  298 	 0.066447 	 1.273840 	 7.404911
  299 	 0.126310 	 1.463986 	 11.109361
  300 	 0.134709 	 1.490074 	 12.354448
  301 	 0.089891 	 1.449366 	 7.066616
  302 	 0.080843 	 1.250052 	 6.720025
  303 	 0.132375 	 1.432606 	 9.616200
  304 	 0.037233 	 1.475579 	 10.532631
  305 	 0.103827 	 1.381666 	 6.827120
  306 	 0.094816 	 1.499400 	 19.480818
  307 	 0.146173 	 1.434670 	 7.774416
  308 	 0.051295 	 1.408031 	 9.181379
  309 	 0.037767 	 1.315094 	 6.239364
  310 	 0.108736 	 1.429609 	 15.291592
  311 	 0.159911 	 1.673869 	 19.279966
  312 	 0.065335 	 1.364901 	 8.140930
  313 	 0.051829 	 1.286120 	 5.746751
  314 	 0.122624 	 1.385974 	 12.588882
  315 	 0.034745 	 1.582732 	 15.167739
  316 	 0.079346 	 1.344891 	 7.314021
  317 	 0.065868 	 1.429050 	 20.472780
  318 	 0.038683 	 1.277538 	 10.701334
  319 	 0.048812 	 1.583643 	 12.504975
  320 	 0.093323 	 1.714357 	 18.945586
  321 	 0.079878 	 1.343574 	 15.895288
  322 	 0.037502 	 1.236140 	 9.308965
  323 	 0.062856 	 1.593699 	 10.640777
  324 	 0.107261 	 1.826701 	 19.378988
  325 	 0.093854 	 1.293234 	 12.994444
  326 	 0.051565 	 1.206386 	 8.239889
  327 	 0.076873 	 1.509349 	 9.263228
  328 	 0.087578 	 1.722109 	 15.228868
  329 	 0.035499 	 1.287479 	 10.992327
  330 	 0.037529 	 1.189060 	 9.834979
  331 	 0.090856 	 1.713888 	 20.161783
  332 	 0.101532 	 2.019030 	 19.368988
  333 	 0.049564 	 1.269405 	 9.527802
  334 	 0.051588 	 1.158154 	 8.648100
  335 	 0.104801 	 1.621356 	 15.440654
  336 	 0.115444 	 1.839301 	 15.223379
  337 	 0.064700 	 1.304872 	 8.410365
  338 	 0.065628 	 1.136221 	 7.654384
  339 	 0.118048 	 1.505308 	 12.690291
  340 	 0.130385 	 1.729589 	 12.406279
  341 	 0.078706 	 1.399266 	 7.504779
  342 	 0.080506 	 1.117620 	 6.921126
  343 	 0.132999 	 1.463709 	 10.775151
  344 	 0.037153 	 1.629194 	 10.570186
  345 	 0.092685 	 1.344704 	 6.798163
  346 	 0.094480 	 1.283141 	 19.101009
  347 	 0.146794 	 1.414829 	 9.364625
  348 	 0.052315 	 1.566231 	 9.209827
  349 	 0.106624 	 1.342021 	 6.215269
  350 	 0.108401 	 1.249127 	 15.056922
  351 	 0.160530 	 1.378832 	 8.283337
  352 	 0.038363 	 1.442301 	 8.090566
  353 	 0.120503 	 1.280104 	 5.690552
  354 	 0.036900 	 1.428996 	 18.669652
  355 	 0.175262 	 1.366470 	 7.429246
  356 	 0.053519 	 1.597850 	 19.193702
  357 	 0.037936 	 1.230605 	 5.280898
  358 	 0.037501 	 1.340338 	 14.788680
  359 	 0.036157 	 1.530076 	 19.217329
  360 	 0.067555 	 1.680878 	 19.379309
  361 	 0.051998 	 1.478643 	 19.471490
  362 	 0.051564 	 1.286364 	 12.246666
  363 	 0.036865 	 1.379198 	 12.674562
  364 	 0.081561 	 1.506834 	 9.461819
  365 	 0.078811 	 1.573812 	 19.621312
  366 	 0.038244 	 1.231403 	 10.453585
  367 	 0.050895 	 1.337002 	 10.763045
  368 	 0.095415 	 1.739586 	 19.104393
  369 	 0.036859 	 1.479945 	 15.385749
  370 	 0.052305 	 1.200077 	 9.131133
  371 	 0.064936 	 1.504415 	 19.623440
  372 	 0.109361 	 1.617739 	 11.260585
  373 	 0.050865 	 1.370651 	 9.858466
  374 	 0.088506 	 1.166291 	 8.099728
  375 	 0.038256 	 1.358441 	 12.859284
  376 	 0.123246 	 1.428982 	 5.904224
  377 	 0.077602 	 1.479668 	 15.347830
  378 	 0.140146 	 1.191557 	 6.660168
  379 	 0.065042 	 1.304146 	 7.244979
  380 	 0.148689 	 1.372352 	 5.986384
  381 	 0.137759 	 1.365320 	 7.672138
  382 	 0.166298 	 1.168600 	 6.142939
  383 	 0.130103 	 1.289834 	 6.585077
  384 	 0.038434 	 1.325465 	 5.543284
  385 	 0.151578 	 1.320925 	 6.934685
  386 	 0.179941 	 1.558224 	 19.035443
  387 	 0.143910 	 1.271422 	 6.035816
  388 	 0.052500 	 1.309671 	 5.204516
  389 	 0.128470 	 1.245786 	 6.098281
  390 	 0.038557 	 1.428071 	 15.455956
  391 	 0.163602 	 1.336953 	 7.014074
  392 	 0.064641 	 1.462349 	 18.990894
  393 	 0.142284 	 1.238506 	 5.338962
  394 	 0.052618 	 1.413573 	 12.699864
  395 	 0.137979 	 1.307784 	 6.473141
  396 	 0.078654 	 1.391984 	 12.327757
  397 	 0.153807 	 1.231253 	 6.575515
  398 	 0.080931 	 1.322039 	 10.024898
  399 	 0.138690 	 1.217606 	 4.820766
 