   0 	 0.014441 	 0.068191 	 0.809782
    1 	 0.021019 	 0.163397 	 0.809782
    2 	 0.028233 	 0.414525 	 1.112570
    3 	 0.028223 	 0.603152 	 2.246909
    4 	 0.089400 	 0.675705 	 2.707435
    5 	 0.044542 	 0.722416 	 3.057268
    6 	 0.046447 	 0.753732 	 1.761174
    7 	 0.050904 	 0.808243 	 2.852427
    8 	 0.094810 	 0.849211 	 1.880495
    9 	 0.090555 	 0.935556 	 2.813199
   10 	 0.038278 	 0.908709 	 5.154175
   11 	 0.094258 	 0.900645 	 2.727362
   12 	 0.037835 	 0.948715 	 2.937052
   13 	 0.317298 	 1.010086 	 5.978797
   14 	 0.037229 	 1.049833 	 7.870102
   15 	 0.038435 	 0.927142 	 2.610296
   16 	 0.040205 	 1.009674 	 2.964464
   17 	 0.373679 	 1.087148 	 5.385186
   18 	 0.329222 	 1.069704 	 5.302938
   19 	 0.183211 	 0.970966 	 2.238745
   20 	 0.044140 	 0.996004 	 2.545273
   21 	 0.037479 	 1.045154 	 3.531303
   22 	 0.384516 	 1.133554 	 9.095832
   23 	 0.039255 	 1.152098 	 10.644175
   24 	 0.039556 	 0.973574 	 2.185716
   25 	 0.039964 	 1.106958 	 9.518816
   26 	 0.037817 	 1.189022 	 11.395235
   27 	 0.104395 	 1.202909 	 10.552505
   28 	 0.087252 	 1.084949 	 9.650955
   29 	 0.094333 	 1.035386 	 5.875617
   30 	 0.103102 	 1.098387 	 6.240165
   31 	 0.168222 	 1.195268 	 6.612302
   32 	 0.115673 	 1.057581 	 6.811907
   33 	 0.150240 	 1.035215 	 5.329858
   34 	 0.145770 	 1.129112 	 6.274578
   35 	 0.036768 	 1.139288 	 5.001492
   36 	 0.037684 	 1.035351 	 5.277872
   37 	 0.037912 	 1.115324 	 12.350624
   38 	 0.038283 	 1.264231 	 11.643649
   39 	 0.080538 	 1.223852 	 9.642086
   40 	 0.085519 	 1.143658 	 10.247671
   41 	 0.103196 	 1.035428 	 7.767684
   42 	 0.097037 	 1.124279 	 6.737697
   43 	 0.127828 	 1.235724 	 6.455942
   44 	 0.039411 	 1.036349 	 3.408733
   45 	 0.036863 	 0.990489 	 5.570149
   46 	 0.037945 	 1.294206 	 11.414143
   47 	 0.119988 	 1.383675 	 12.458987
   48 	 0.087082 	 1.252906 	 11.608353
   49 	 0.079954 	 1.039369 	 5.945736
   50 	 0.085798 	 1.204601 	 7.525479
   51 	 0.038751 	 1.275767 	 7.736707
   52 	 0.132036 	 1.136585 	 7.462784
   53 	 0.038895 	 1.103143 	 11.500789
   54 	 0.038684 	 1.114339 	 5.594834
   55 	 0.086561 	 1.379863 	 11.338465
   56 	 0.037583 	 1.213967 	 11.509662
   57 	 0.087814 	 1.040360 	 7.694590
   58 	 0.086557 	 1.210425 	 12.348198
   59 	 0.037567 	 1.272697 	 7.621164
   60 	 0.080700 	 1.138100 	 7.694844
   61 	 0.130101 	 1.213796 	 11.838978
   62 	 0.129170 	 1.127186 	 7.818623
   63 	 0.084156 	 1.250173 	 5.763654
   64 	 0.123709 	 1.071413 	 5.679567
   65 	 0.109652 	 1.168614 	 7.360732
   66 	 0.039133 	 1.120036 	 5.817031
   67 	 0.127390 	 1.201357 	 6.499744
   68 	 0.170496 	 1.165913 	 11.450372
   69 	 0.152720 	 1.171255 	 5.966944
   70 	 0.086971 	 1.096811 	 4.572551
   71 	 0.144143 	 1.115598 	 4.977112
   72 	 0.090795 	 1.148592 	 7.211311
   73 	 0.199310 	 1.152072 	 4.952088
   74 	 0.137684 	 1.103235 	 7.194487
   75 	 0.199988 	 1.105716 	 4.040242
   76 	 0.115035 	 1.102493 	 5.498011
   77 	 0.244383 	 1.105390 	 4.029195
   78 	 0.180606 	 1.053724 	 6.126146
   79 	 0.121015 	 1.062891 	 3.849371
   80 	 0.162297 	 1.065141 	 4.448277
   81 	 0.036336 	 1.140884 	 6.052721
   82 	 0.193536 	 1.066246 	 4.842687
   83 	 0.164017 	 1.430200 	 19.217288
   84 	 0.034526 	 1.087995 	 4.352824
   85 	 0.051908 	 1.133897 	 4.896746
   86 	 0.038613 	 1.301027 	 13.127570
   87 	 0.038449 	 1.320274 	 15.795878
   88 	 0.075897 	 1.187538 	 11.518960
   89 	 0.063131 	 1.327603 	 21.075220
   90 	 0.086746 	 1.225193 	 11.778993
   91 	 0.047346 	 1.196623 	 9.180122
   92 	 0.084554 	 1.132106 	 10.444341
   93 	 0.108824 	 1.210940 	 11.744501
   94 	 0.095568 	 1.202647 	 8.172971
   95 	 0.085006 	 1.254378 	 6.368439
   96 	 0.121673 	 1.079863 	 7.073730
   97 	 0.036430 	 1.115243 	 7.644919
   98 	 0.140617 	 1.158069 	 6.120197
   99 	 0.040715 	 1.317472 	 13.049634
  100 	 0.162180 	 1.047839 	 5.296141
  101 	 0.038517 	 1.167170 	 11.246663
  102 	 0.187479 	 1.112383 	 4.791724
  103 	 0.088555 	 1.422273 	 11.531705
  104 	 0.037618 	 1.019418 	 4.392155
  105 	 0.086416 	 1.101801 	 7.442987
  106 	 0.133800 	 1.201902 	 12.671440
  107 	 0.117709 	 1.293234 	 8.977616
  108 	 0.039186 	 1.031524 	 5.494510
  109 	 0.037637 	 1.102288 	 6.115873
  110 	 0.181350 	 1.280780 	 12.596751
  111 	 0.162230 	 1.348195 	 11.640565
  112 	 0.079158 	 1.006421 	 4.563091
  113 	 0.085764 	 1.059431 	 5.214076
  114 	 0.124377 	 1.268163 	 8.378149
  115 	 0.037894 	 1.349613 	 7.464716
  116 	 0.119082 	 1.058969 	 6.076181
  117 	 0.037613 	 1.195596 	 11.468626
  118 	 0.164118 	 1.229815 	 6.084007
  119 	 0.086803 	 1.531559 	 20.402693
  120 	 0.163073 	 1.051584 	 5.449060
  121 	 0.048966 	 1.160921 	 10.182977
  122 	 0.183135 	 1.197185 	 5.604409
  123 	 0.098093 	 1.448978 	 14.627184
  124 	 0.124130 	 1.051162 	 4.322740
  125 	 0.039790 	 1.051785 	 4.782780
  126 	 0.229203 	 1.245840 	 6.967169
  127 	 0.125028 	 1.561767 	 16.894723
  128 	 0.143345 	 1.052811 	 4.061685
  129 	 0.059121 	 1.095232 	 7.040878
  130 	 0.245033 	 1.221633 	 6.236547
  131 	 0.038081 	 1.589747 	 14.180142
  132 	 0.160114 	 1.013423 	 3.899656
  133 	 0.070322 	 1.302938 	 21.239776
  134 	 0.255685 	 1.232429 	 5.913168
  135 	 0.047062 	 1.512832 	 11.145563
  136 	 0.168780 	 1.023604 	 3.379686
  137 	 0.089630 	 1.232256 	 17.105260
  138 	 0.294891 	 1.220063 	 5.550001
  139 	 0.058423 	 1.473081 	 10.138889
  140 	 0.036827 	 1.001234 	 2.865809
  141 	 0.097051 	 1.184332 	 14.766115
  142 	 0.339904 	 1.417535 	 21.679185
  143 	 0.067670 	 1.453529 	 9.195339
  144 	 0.046107 	 1.021572 	 2.844105
  145 	 0.037846 	 1.141421 	 13.042845
  146 	 0.350164 	 1.296761 	 11.586485
  147 	 0.076571 	 1.703756 	 20.306349
  148 	 0.082854 	 1.022451 	 2.763469
  149 	 0.049218 	 1.076614 	 11.367434
  150 	 0.036690 	 1.330395 	 10.609598
  151 	 0.037653 	 1.736570 	 17.088742
  152 	 0.094153 	 1.241671 	 21.743862
  153 	 0.058486 	 1.341526 	 21.297984
  154 	 0.045966 	 1.369831 	 9.666214
  155 	 0.046910 	 1.713760 	 14.752258
  156 	 0.037785 	 1.186538 	 18.094342
  157 	 0.037103 	 1.245580 	 16.719598
  158 	 0.055238 	 1.574110 	 21.374249
  159 	 0.059694 	 2.061317 	 21.690373
  160 	 0.046765 	 1.177164 	 15.567227
  161 	 0.030265 	 1.270999 	 14.493934
  162 	 0.064199 	 1.511893 	 17.932416
  163 	 0.037749 	 2.203752 	 25.274777
  164 	 0.055736 	 1.151202 	 13.661356
  165 	 0.039551 	 1.454440 	 21.254262
  166 	 0.073151 	 1.436717 	 15.376091
  167 	 0.038348 	 1.968491 	 20.597070
  168 	 0.064998 	 1.273930 	 12.128417
  169 	 0.048529 	 1.664692 	 19.980621
  170 	 0.037352 	 1.374546 	 13.038150
  171 	 0.050025 	 1.840648 	 16.603382
  172 	 0.076645 	 1.455142 	 21.435085
  173 	 0.060195 	 1.566166 	 16.856239
  174 	 0.046632 	 1.330252 	 11.319246
  175 	 0.059106 	 1.742318 	 14.389528
  176 	 0.088254 	 1.390375 	 17.231792
  177 	 0.037802 	 1.552525 	 14.618661
  178 	 0.033164 	 1.318714 	 10.004613
  179 	 0.068352 	 1.848276 	 21.366433
  180 	 0.099864 	 1.591008 	 23.549243
  181 	 0.038638 	 1.444882 	 12.538803
  182 	 0.042443 	 1.199654 	 7.157646
  183 	 0.079680 	 1.963383 	 19.865759
  184 	 0.139535 	 1.524355 	 19.326238
  185 	 0.050309 	 1.388923 	 11.238481
  186 	 0.051719 	 1.179970 	 6.612213
  187 	 0.088906 	 1.821097 	 16.126688
  188 	 0.151023 	 1.470467 	 15.768132
  189 	 0.061964 	 1.356876 	 10.182633
  190 	 0.037689 	 1.160931 	 6.237412
  191 	 0.098082 	 1.757865 	 14.284895
  192 	 0.037128 	 1.645005 	 21.281691
  193 	 0.037103 	 1.302977 	 9.312532
  194 	 0.046963 	 1.336845 	 18.373005
  195 	 0.107183 	 1.866387 	 18.381445
  196 	 0.037995 	 1.538699 	 17.773691
  197 	 0.054375 	 1.266656 	 8.033222
  198 	 0.056234 	 1.461795 	 18.084709
  199 	 0.124339 	 1.792506 	 15.704706
  200 	 0.055235 	 1.316047 	 7.928462
  201 	 0.063637 	 1.227810 	 7.482839
  202 	 0.036268 	 1.418415 	 15.495427
  203 	 0.133473 	 1.724740 	 13.710368
  204 	 0.064496 	 1.547679 	 21.944983
  205 	 0.072888 	 1.200106 	 7.004114
  206 	 0.045528 	 1.383219 	 13.550784
  207 	 0.129082 	 1.655419 	 12.167216
  208 	 0.037447 	 1.475354 	 18.238977
  209 	 0.082125 	 1.261792 	 7.226393
  210 	 0.054783 	 1.574260 	 21.391817
  211 	 0.138204 	 1.581496 	 10.937891
  212 	 0.037746 	 1.367726 	 15.041463
  213 	 0.091348 	 1.202372 	 6.779488
  214 	 0.066442 	 1.977741 	 21.255638
  215 	 0.117669 	 1.550959 	 9.935653
  216 	 0.047026 	 1.335813 	 13.202746
  217 	 0.034732 	 1.233558 	 7.682340
  218 	 0.075689 	 1.843963 	 17.753862
  219 	 0.130011 	 1.749574 	 22.710719
  220 	 0.056296 	 1.301936 	 11.766296
  221 	 0.038386 	 1.224564 	 7.178169
  222 	 0.083828 	 1.754574 	 15.244765
  223 	 0.138855 	 1.856561 	 20.970507
  224 	 0.065556 	 1.271629 	 10.737915
  225 	 0.038279 	 1.267404 	 6.749690
  226 	 0.037913 	 1.675715 	 13.358929
  227 	 0.125068 	 1.926299 	 21.017471
  228 	 0.037462 	 1.448033 	 21.180730
  229 	 0.047537 	 1.305832 	 7.442235
  230 	 0.047192 	 1.770240 	 21.385017
  231 	 0.134143 	 1.840530 	 17.230471
  232 	 0.036949 	 1.369490 	 17.333423
  233 	 0.058005 	 1.294784 	 6.913577
  234 	 0.038023 	 1.915728 	 21.621857
  235 	 0.144449 	 1.762552 	 14.857645
  236 	 0.046230 	 1.331787 	 14.934049
  237 	 0.067263 	 1.252682 	 6.504123
  238 	 0.066919 	 1.603417 	 15.035121
  239 	 0.038364 	 1.725669 	 13.061084
  240 	 0.037347 	 1.281198 	 12.916658
  241 	 0.076488 	 1.454392 	 20.464844
  242 	 0.038086 	 1.729267 	 20.900092
  243 	 0.048842 	 1.646415 	 10.674129
  244 	 0.047823 	 1.488733 	 21.103165
  245 	 0.093603 	 1.381290 	 17.199242
  246 	 0.047365 	 1.403075 	 17.506188
  247 	 0.058111 	 1.682538 	 9.717898
  248 	 0.037153 	 1.547372 	 17.647456
  249 	 0.102792 	 1.346082 	 14.834444
  250 	 0.037516 	 1.697060 	 21.527200
  251 	 0.054087 	 1.633808 	 8.921255
  252 	 0.046433 	 1.811263 	 21.360250
  253 	 0.111960 	 1.445351 	 15.776186
  254 	 0.046796 	 1.585951 	 17.942754
  255 	 0.037363 	 1.566056 	 8.246737
  256 	 0.055704 	 1.736333 	 17.826722
  257 	 0.035141 	 1.397623 	 13.764750
  258 	 0.036118 	 1.536916 	 15.383683
  259 	 0.039165 	 1.902547 	 22.501598
  260 	 0.064965 	 1.895048 	 22.017819
  261 	 0.037222 	 1.573498 	 20.633633
  262 	 0.039087 	 1.423711 	 13.465353
  263 	 0.048443 	 2.009351 	 21.495304
  264 	 0.074134 	 2.027827 	 20.666760
  265 	 0.046502 	 1.525651 	 17.318196
  266 	 0.048365 	 1.364385 	 11.985493
  267 	 0.057712 	 1.913761 	 17.920609
  268 	 0.038605 	 1.953980 	 17.341505
  269 	 0.055773 	 1.478398 	 14.922756
  270 	 0.057634 	 1.559934 	 20.874695
  271 	 0.066970 	 1.730874 	 15.367418
  272 	 0.047884 	 2.026367 	 14.940041
  273 	 0.065044 	 1.521199 	 13.111312
  274 	 0.037796 	 1.593263 	 17.487542
  275 	 0.076216 	 1.636885 	 13.451068
  276 	 0.057153 	 2.170123 	 21.233298
  277 	 0.074292 	 1.553344 	 11.693723
  278 	 0.036259 	 1.514631 	 15.612032
  279 	 0.085448 	 1.570164 	 11.962841
  280 	 0.064025 	 2.313653 	 23.170386
  281 	 0.083527 	 1.509045 	 10.554311
  282 	 0.043141 	 1.459697 	 14.099429
  283 	 0.039270 	 1.514263 	 11.058615
  284 	 0.037787 	 2.226036 	 19.983528
  285 	 0.037200 	 1.766602 	 20.588629
  286 	 0.050018 	 1.525046 	 22.377806
  287 	 0.048554 	 1.782717 	 22.675737
  288 	 0.036945 	 2.167975 	 16.858305
  289 	 0.044087 	 1.682085 	 18.032893
  290 	 0.038754 	 1.663187 	 22.807522
  291 	 0.055276 	 1.762490 	 19.613005
  292 	 0.043832 	 2.360273 	 21.903715
  293 	 0.050969 	 1.653417 	 16.083346
  294 	 0.045640 	 1.586811 	 19.711458
  295 	 0.037697 	 1.673798 	 17.280518
  296 	 0.050714 	 2.251671 	 19.033129
  297 	 0.057846 	 1.857932 	 22.423186
  298 	 0.035763 	 1.486181 	 17.356846
  299 	 0.044578 	 1.709818 	 15.445081
  300 	 0.057591 	 2.444073 	 23.439777
  301 	 0.037170 	 1.738122 	 18.560378
  302 	 0.042650 	 1.436588 	 15.505979
  303 	 0.038250 	 1.864605 	 22.691303
  304 	 0.064463 	 2.338208 	 20.181651
  305 	 0.044056 	 1.924353 	 22.148243
  306 	 0.049533 	 1.253821 	 13.954290
  307 	 0.037141 	 1.627258 	 12.693380
  308 	 0.071627 	 2.143734 	 16.997255
  309 	 0.078737 	 2.138449 	 22.706292
  310 	 0.058808 	 1.260454 	 12.685989
  311 	 0.044027 	 1.584463 	 11.358916
  312 	 0.037023 	 2.040730 	 15.149655
  313 	 0.087981 	 2.090785 	 18.752127
  314 	 0.034917 	 1.668780 	 21.587597
  315 	 0.037783 	 1.509608 	 10.279520
  316 	 0.046303 	 2.408840 	 22.018237
  317 	 0.097193 	 2.242398 	 22.379789
  318 	 0.045398 	 1.566190 	 17.984656
  319 	 0.044665 	 1.460245 	 9.390299
  320 	 0.038367 	 2.024419 	 17.814710
  321 	 0.106388 	 2.112927 	 17.964720
  322 	 0.056104 	 1.724903 	 20.979018
  323 	 0.037346 	 1.394333 	 8.555234
  324 	 0.047643 	 1.928452 	 15.289560
  325 	 0.116679 	 2.446181 	 21.400633
  326 	 0.065364 	 1.651261 	 18.334219
  327 	 0.046707 	 1.371237 	 8.092001
  328 	 0.054508 	 1.938034 	 13.838084
  329 	 0.123437 	 2.291401 	 17.854816
  330 	 0.036891 	 1.558995 	 15.672006
  331 	 0.035968 	 1.312982 	 7.533696
  332 	 0.063780 	 2.120477 	 21.649153
  333 	 0.037727 	 2.470464 	 22.090500
  334 	 0.037613 	 1.365017 	 13.683641
  335 	 0.045249 	 1.481448 	 21.264369
  336 	 0.073011 	 2.392969 	 21.316158
  337 	 0.037395 	 2.330540 	 19.175724
  338 	 0.046898 	 1.309905 	 12.149023
  339 	 0.036764 	 1.721897 	 21.415599
  340 	 0.082248 	 2.256552 	 17.794356
  341 	 0.046675 	 2.450856 	 21.708774
  342 	 0.056168 	 1.291239 	 10.923209
  343 	 0.046037 	 1.611749 	 17.865223
  344 	 0.091460 	 2.041410 	 13.510540
  345 	 0.037954 	 2.202499 	 18.071100
  346 	 0.073965 	 1.242785 	 8.987930
  347 	 0.055309 	 1.734411 	 22.294720
  348 	 0.111145 	 1.974679 	 12.366234
  349 	 0.024551 	 2.138224 	 16.074973
  350 	 0.080805 	 1.257823 	 8.471324
  351 	 0.062182 	 1.838878 	 31.795302
  352 	 0.037252 	 1.855789 	 11.401913
  353 	 0.031442 	 2.062284 	 13.989572
  354 	 0.087633 	 1.481189 	 21.481400
  355 	 0.071447 	 1.988997 	 26.081072
  356 	 0.036746 	 1.769032 	 10.578306
  357 	 0.038328 	 1.992953 	 12.763801
  358 	 0.094450 	 1.808135 	 23.070162
  359 	 0.078290 	 1.843339 	 20.995911
  360 	 0.043333 	 1.798748 	 9.866793
  361 	 0.047613 	 1.975110 	 11.416889
  362 	 0.101255 	 1.691401 	 19.907207
  363 	 0.087514 	 1.614338 	 16.524772
  364 	 0.050216 	 1.707611 	 9.246023
  365 	 0.058884 	 1.866986 	 10.591604
  366 	 0.108074 	 1.649166 	 17.508336
  367 	 0.094353 	 1.606305 	 15.201290
  368 	 0.057093 	 1.698232 	 8.946628
  369 	 0.065782 	 1.823178 	 9.647579
  370 	 0.111658 	 1.580039 	 16.752334
  371 	 0.103553 	 1.570292 	 13.758618
  372 	 0.036627 	 1.726738 	 8.729210
  373 	 0.072554 	 1.849896 	 9.610476
  374 	 0.114331 	 1.839262 	 21.539153
  375 	 0.103982 	 1.526236 	 12.261797
  376 	 0.046427 	 1.698075 	 8.708426
  377 	 0.081551 	 1.760373 	 9.043087
  378 	 0.114744 	 1.802782 	 21.309851
  379 	 0.110472 	 1.583781 	 12.232297
  380 	 0.046920 	 1.659897 	 8.500194
  381 	 0.081681 	 1.729875 	 9.035728
  382 	 0.037706 	 1.822046 	 21.088027
  383 	 0.110666 	 1.563463 	 12.212891
  384 	 0.047419 	 1.903011 	 24.810445
  385 	 0.081863 	 1.766780 	 8.828800
  386 	 0.040301 	 1.832694 	 19.992334
  387 	 0.113130 	 1.575830 	 11.839463
  388 	 0.050019 	 1.925168 	 23.309260
  389 	 0.084405 	 1.754726 	 7.684630
  390 	 0.042886 	 1.799188 	 19.912908
  391 	 0.122236 	 1.555129 	 11.819655
  392 	 0.050217 	 1.844296 	 16.698295
  393 	 0.037273 	 1.803759 	 8.147570
  394 	 0.036457 	 1.776739 	 19.834411
  395 	 0.122697 	 1.802906 	 26.685839
  396 	 0.036556 	 2.108061 	 27.279755
  397 	 0.036816 	 1.880660 	 8.136906
  398 	 0.036657 	 2.202864 	 27.206329
  399 	 0.033006 	 1.793988 	 27.015275
 