   0 	 0.017653 	 0.058528 	 0.310424
    1 	 0.018330 	 0.086769 	 0.378015
    2 	 0.024849 	 0.163379 	 0.905211
    3 	 0.038337 	 0.312723 	 2.845612
    4 	 0.037025 	 0.681255 	 2.857152
    5 	 0.039114 	 0.933466 	 2.662885
    6 	 0.038493 	 0.852370 	 2.837479
    7 	 0.040210 	 0.970265 	 2.896980
    8 	 0.043257 	 1.044524 	 2.825710
    9 	 0.277728 	 1.000703 	 2.812071
   10 	 0.206554 	 1.062806 	 9.754185
   11 	 0.037701 	 0.933840 	 2.507486
   12 	 0.098916 	 0.987571 	 2.635335
   13 	 0.369837 	 1.006705 	 2.832054
   14 	 0.039238 	 1.000693 	 2.632139
   15 	 0.039545 	 0.914336 	 2.347216
   16 	 0.111583 	 1.005002 	 2.819780
   17 	 0.375570 	 1.092075 	 6.660248
   18 	 0.295596 	 1.028039 	 2.791396
   19 	 0.133325 	 0.909640 	 1.774858
   20 	 0.344590 	 0.985362 	 2.461867
   21 	 0.229907 	 1.086246 	 5.186037
   22 	 0.397130 	 1.006053 	 2.078129
   23 	 0.169175 	 0.933486 	 2.908610
   24 	 0.455471 	 0.984040 	 1.808903
   25 	 0.339304 	 1.070137 	 4.373016
   26 	 0.038511 	 0.982833 	 1.828054
   27 	 0.038671 	 0.937554 	 2.628784
   28 	 0.039033 	 1.079757 	 6.706402
   29 	 0.373095 	 1.172287 	 10.540625
   30 	 0.147800 	 1.092107 	 11.463515
   31 	 0.094439 	 0.920456 	 2.311632
   32 	 0.038773 	 1.022336 	 4.823926
   33 	 0.422327 	 1.173954 	 7.010697
   34 	 0.204913 	 1.198276 	 10.529325
   35 	 0.037189 	 0.896479 	 1.803338
   36 	 0.094540 	 0.990726 	 3.704901
   37 	 0.522483 	 1.230900 	 10.707914
   38 	 0.117309 	 1.120970 	 7.291816
   39 	 0.092901 	 0.901516 	 1.658972
   40 	 0.136091 	 1.082706 	 5.763402
   41 	 0.039021 	 1.181821 	 5.810830
   42 	 0.039257 	 1.074869 	 4.972869
   43 	 0.038521 	 0.975266 	 9.317822
   44 	 0.087239 	 1.146645 	 9.297356
   45 	 0.106540 	 1.320347 	 11.220717
   46 	 0.106811 	 1.070740 	 6.568598
   47 	 0.088677 	 1.012678 	 6.363741
   48 	 0.120076 	 1.120256 	 5.820358
   49 	 0.155551 	 1.188122 	 6.507166
   50 	 0.123212 	 1.073425 	 5.403173
   51 	 0.038597 	 0.969007 	 4.534089
   52 	 0.118955 	 1.107087 	 5.313168
   53 	 0.116658 	 1.250775 	 9.652805
   54 	 0.185937 	 1.077349 	 5.436110
   55 	 0.038734 	 1.007473 	 5.504838
   56 	 0.181673 	 1.049163 	 3.985065
   57 	 0.179823 	 1.327173 	 10.714160
   58 	 0.038587 	 1.027448 	 4.053958
   59 	 0.037876 	 0.974214 	 3.990827
   60 	 0.243300 	 1.130725 	 9.653707
   61 	 0.246559 	 1.335665 	 11.302456
   62 	 0.102894 	 1.012926 	 3.243597
   63 	 0.087970 	 0.946015 	 3.209666
   64 	 0.038601 	 1.060855 	 6.157847
   65 	 0.040296 	 1.239574 	 6.537211
   66 	 0.160698 	 1.059667 	 6.405302
   67 	 0.116627 	 1.019872 	 10.020464
   68 	 0.141405 	 1.010297 	 4.610459
   69 	 0.099239 	 1.213851 	 5.786123
   70 	 0.038477 	 1.057764 	 5.101919
   71 	 0.038516 	 1.006523 	 5.968750
   72 	 0.112694 	 1.121399 	 9.663937
   73 	 0.165644 	 1.406357 	 10.557929
   74 	 0.038814 	 1.056404 	 4.659965
   75 	 0.094156 	 1.006212 	 4.507675
   76 	 0.212037 	 1.280492 	 9.632614
   77 	 0.218690 	 1.246331 	 6.283128
   78 	 0.103118 	 1.009339 	 3.609630
   79 	 0.157445 	 1.000888 	 3.637814
   80 	 0.038590 	 1.238731 	 5.948197
   81 	 0.270065 	 1.211867 	 4.680664
   82 	 0.037161 	 1.053505 	 9.653450
   83 	 0.037925 	 0.967278 	 2.169232
   84 	 0.038886 	 1.256936 	 10.468196
   85 	 0.449674 	 1.243705 	 9.715818
   86 	 0.038910 	 1.142670 	 9.625979
   87 	 0.037936 	 0.959922 	 1.983048
   88 	 0.103189 	 1.270135 	 9.623712
   89 	 0.286957 	 1.245350 	 9.714745
   90 	 0.103213 	 1.049845 	 5.945701
   91 	 0.102453 	 0.988389 	 2.914118
   92 	 0.166661 	 1.239984 	 6.336617
   93 	 0.321997 	 1.162477 	 5.971814
   94 	 0.037233 	 1.003242 	 4.316650
   95 	 0.165650 	 1.005379 	 2.584001
   96 	 0.228225 	 1.353216 	 9.781614
   97 	 0.378989 	 1.111274 	 4.335568
   98 	 0.101558 	 0.989273 	 3.410356
   99 	 0.227243 	 0.984614 	 2.306333
  100 	 0.122005 	 1.271711 	 6.786205
  101 	 0.038489 	 1.083782 	 3.421805
  102 	 0.146370 	 1.035668 	 5.959296
  103 	 0.037063 	 1.061567 	 9.662856
  104 	 0.165994 	 1.180634 	 4.731042
  105 	 0.102798 	 1.165270 	 9.797876
  106 	 0.208631 	 1.005207 	 4.329107
  107 	 0.101420 	 0.993785 	 5.959561
  108 	 0.037462 	 1.113447 	 3.654551
  109 	 0.115186 	 1.167330 	 6.008888
  110 	 0.268850 	 1.110694 	 9.759735
  111 	 0.164639 	 1.008542 	 4.528370
  112 	 0.101784 	 1.042388 	 3.009854
  113 	 0.121297 	 1.085029 	 4.354657
  114 	 0.325219 	 1.164027 	 6.101882
  115 	 0.226410 	 1.084419 	 5.625350
  116 	 0.162156 	 1.023816 	 2.562665
  117 	 0.039047 	 1.080523 	 3.466080
  118 	 0.038652 	 1.089551 	 4.579667
  119 	 0.283432 	 1.183992 	 10.499050
  120 	 0.215301 	 1.166193 	 10.542712
  121 	 0.094661 	 1.039825 	 2.958297
  122 	 0.094349 	 1.024125 	 3.567597
  123 	 0.330765 	 1.118443 	 6.263283
  124 	 0.038383 	 1.126388 	 6.275521
  125 	 0.158021 	 1.013959 	 2.526754
  126 	 0.038642 	 1.048862 	 5.460801
  127 	 0.037454 	 1.061088 	 4.483888
  128 	 0.111688 	 1.176270 	 9.648569
  129 	 0.038985 	 1.146428 	 10.677578
  130 	 0.039677 	 1.015785 	 5.659692
  131 	 0.040477 	 1.115856 	 9.616783
  132 	 0.038841 	 1.267459 	 9.825375
  133 	 0.103287 	 1.171870 	 9.480779
  134 	 0.101108 	 1.082952 	 9.630086
  135 	 0.037586 	 1.062527 	 5.942238
  136 	 0.038820 	 1.171029 	 6.230203
  137 	 0.038651 	 1.169188 	 10.031460
  138 	 0.038651 	 1.088962 	 9.908869
  139 	 0.099045 	 1.104410 	 9.647746
  140 	 0.100262 	 1.278341 	 10.542825
  141 	 0.102957 	 1.159403 	 5.327783
  142 	 0.094348 	 1.084862 	 6.263231
  143 	 0.185038 	 1.042827 	 5.953887
  144 	 0.120764 	 1.160818 	 5.947132
  145 	 0.165265 	 1.107619 	 4.091010
  146 	 0.039587 	 1.054544 	 5.650861
  147 	 0.241126 	 1.014665 	 4.515385
  148 	 0.174952 	 1.226595 	 8.819346
  149 	 0.121728 	 1.051578 	 3.327499
  150 	 0.112446 	 1.008772 	 4.356316
  151 	 0.037716 	 1.043346 	 5.355387
  152 	 0.120609 	 1.159626 	 5.369239
  153 	 0.121049 	 1.173250 	 10.647761
  154 	 0.184018 	 1.032230 	 5.555270
  155 	 0.093423 	 1.053913 	 5.541733
  156 	 0.039160 	 1.094594 	 4.108153
  157 	 0.178535 	 1.140352 	 6.543502
  158 	 0.039765 	 1.042290 	 5.550630
  159 	 0.151449 	 1.026776 	 4.202823
  160 	 0.178252 	 1.182938 	 10.084252
  161 	 0.038612 	 1.088894 	 4.742740
  162 	 0.041076 	 0.984293 	 4.207830
  163 	 0.208240 	 1.100444 	 10.202858
  164 	 0.234344 	 1.229142 	 9.952659
  165 	 0.038436 	 1.031069 	 3.400274
  166 	 0.099880 	 0.983739 	 3.404324
  167 	 0.289045 	 1.195398 	 10.221217
  168 	 0.038696 	 1.119105 	 4.415410
  169 	 0.096639 	 1.008843 	 2.542520
  170 	 0.223473 	 1.035245 	 9.643534
  171 	 0.038714 	 1.096331 	 6.186635
  172 	 0.041459 	 1.054923 	 2.919850
  173 	 0.160102 	 1.108132 	 9.641899
  174 	 0.121375 	 1.158341 	 9.393285
  175 	 0.103079 	 1.111097 	 4.378252
  176 	 0.105790 	 1.106212 	 5.365520
  177 	 0.225060 	 1.057675 	 6.154642
  178 	 0.119995 	 1.068665 	 6.053633
  179 	 0.160781 	 1.065323 	 3.447558
  180 	 0.038890 	 1.127665 	 5.574306
  181 	 0.040320 	 0.998571 	 2.701140
  182 	 0.178135 	 1.121572 	 9.625530
  183 	 0.362248 	 1.142779 	 9.494900
  184 	 0.103194 	 1.082394 	 4.209898
  185 	 0.104665 	 0.982592 	 2.371647
  186 	 0.160244 	 1.058337 	 6.150306
  187 	 0.124820 	 1.078543 	 6.095148
  188 	 0.160893 	 1.057782 	 4.552829
  189 	 0.162481 	 1.034825 	 5.428292
  190 	 0.216815 	 1.036761 	 4.539406
  191 	 0.039070 	 1.017171 	 4.506911
  192 	 0.217448 	 1.055963 	 3.620369
  193 	 0.218727 	 1.140969 	 9.608906
  194 	 0.115026 	 0.988877 	 3.540478
  195 	 0.103431 	 0.997486 	 3.167294
  196 	 0.277980 	 1.097630 	 5.733103
  197 	 0.303592 	 1.099220 	 6.141346
  198 	 0.038475 	 1.000875 	 2.964014
  199 	 0.161271 	 0.993790 	 2.754882
  200 	 0.327288 	 1.233249 	 9.926534
  201 	 0.037723 	 1.063184 	 3.957718
  202 	 0.038879 	 0.966164 	 2.602894
  203 	 0.248935 	 1.095896 	 9.734951
  204 	 0.374828 	 1.249562 	 9.626607
  205 	 0.101709 	 1.036922 	 3.243229
  206 	 0.102902 	 0.959426 	 2.302940
  207 	 0.302277 	 1.026152 	 5.050268
  208 	 0.116490 	 1.141724 	 6.161362
  209 	 0.194489 	 1.035275 	 2.777959
  210 	 0.037994 	 1.009269 	 5.685378
  211 	 0.328288 	 1.013181 	 3.853722
  212 	 0.118136 	 1.294110 	 10.147521
  213 	 0.255335 	 1.031045 	 2.579396
  214 	 0.038726 	 1.008734 	 5.632670
  215 	 0.112484 	 0.991376 	 3.233785
  216 	 0.124875 	 1.362644 	 10.705922
  217 	 0.255641 	 1.049284 	 4.904758
  218 	 0.092807 	 1.075925 	 5.541866
  219 	 0.201444 	 1.011693 	 3.174187
  220 	 0.178531 	 1.237597 	 6.569990
  221 	 0.308939 	 1.049668 	 3.785812
  222 	 0.150768 	 1.043102 	 4.145402
  223 	 0.259841 	 0.983444 	 2.781341
  224 	 0.123258 	 1.154214 	 4.684532
  225 	 0.122567 	 1.048407 	 3.100383
  226 	 0.039885 	 1.015627 	 5.377549
  227 	 0.118074 	 1.023521 	 5.495499
  228 	 0.183145 	 1.289960 	 10.072034
  229 	 0.180021 	 1.073138 	 5.531771
  230 	 0.098703 	 0.969429 	 3.694874
  231 	 0.174044 	 0.992618 	 4.119951
  232 	 0.266363 	 1.163819 	 4.208957
  233 	 0.237454 	 1.049932 	 4.223969
  234 	 0.226267 	 0.971990 	 3.069715
  235 	 0.118225 	 0.947090 	 1.865184
  236 	 0.122958 	 1.097369 	 3.569298
  237 	 0.038323 	 1.071620 	 5.629827
  238 	 0.275331 	 1.008828 	 4.560834
  239 	 0.175669 	 1.210958 	 9.898758
  240 	 0.039741 	 1.054666 	 2.958312
  241 	 0.100387 	 1.054084 	 4.195177
  242 	 0.038499 	 1.145678 	 9.761717
  243 	 0.234859 	 1.109358 	 6.131697
  244 	 0.101787 	 1.133898 	 10.214638
  245 	 0.161436 	 1.020063 	 3.360679
  246 	 0.097333 	 1.122516 	 6.079497
  247 	 0.281531 	 1.064900 	 4.461571
  248 	 0.034797 	 0.987890 	 2.465398
  249 	 0.154513 	 1.024049 	 2.905023
  250 	 0.398343 	 1.205131 	 10.616036
  251 	 0.337334 	 1.053850 	 4.603774
  252 	 0.093644 	 0.973129 	 2.184631
  253 	 0.214446 	 1.013083 	 2.499789
  254 	 0.438418 	 1.067669 	 3.547011
  255 	 0.039219 	 1.020386 	 3.608203
  256 	 0.277030 	 0.999735 	 2.044916
  257 	 0.038341 	 1.087156 	 10.140035
  258 	 0.039652 	 0.991655 	 2.738091
  259 	 0.097738 	 1.136735 	 7.707653
  260 	 0.353420 	 1.125916 	 9.770230
  261 	 0.040012 	 1.004362 	 6.594649
  262 	 0.101699 	 0.953119 	 2.422361
  263 	 0.129503 	 1.218525 	 10.059128
  264 	 0.038498 	 1.135921 	 6.082756
  265 	 0.098145 	 1.070844 	 5.202820
  266 	 0.038618 	 0.994257 	 4.014482
  267 	 0.188175 	 1.120291 	 6.347401
  268 	 0.039113 	 1.173042 	 10.202207
  269 	 0.038533 	 1.007274 	 4.039186
  270 	 0.038768 	 1.080421 	 10.069126
  271 	 0.118177 	 1.185237 	 11.219186
  272 	 0.098731 	 1.218364 	 11.189676
  273 	 0.088638 	 1.054298 	 5.606111
  274 	 0.088940 	 1.036655 	 6.194592
  275 	 0.133385 	 1.066236 	 7.015686
  276 	 0.038531 	 1.120182 	 7.000852
  277 	 0.141451 	 1.098898 	 5.099839
  278 	 0.141622 	 1.120565 	 11.219440
  279 	 0.194336 	 1.036137 	 5.041569
  280 	 0.088731 	 1.087179 	 5.159373
  281 	 0.196380 	 1.070854 	 4.082707
  282 	 0.038035 	 1.040979 	 8.324255
  283 	 0.241423 	 0.997053 	 3.935769
  284 	 0.039013 	 1.157607 	 8.052891
  285 	 0.250855 	 1.074022 	 3.288142
  286 	 0.123404 	 1.127332 	 11.374889
  287 	 0.299667 	 1.004188 	 3.317246
  288 	 0.087498 	 1.115170 	 5.470351
  289 	 0.119081 	 1.030850 	 2.759636
  290 	 0.181128 	 1.059526 	 6.925290
  291 	 0.121929 	 1.017225 	 2.850418
  292 	 0.121578 	 1.071990 	 4.254807
  293 	 0.344707 	 1.095118 	 5.796127
  294 	 0.231927 	 1.090852 	 5.698709
  295 	 0.171036 	 1.013339 	 2.511686
  296 	 0.173934 	 1.033948 	 2.737276
  297 	 0.119959 	 1.041612 	 4.511905
  298 	 0.049716 	 1.036230 	 4.389160
  299 	 0.118668 	 1.041676 	 5.863081
  300 	 0.225237 	 1.190690 	 9.379502
  301 	 0.169260 	 1.092550 	 5.695792
  302 	 0.038340 	 1.005690 	 3.479179
  303 	 0.037973 	 0.991454 	 4.358063
  304 	 0.283955 	 1.271176 	 12.370121
  305 	 0.226914 	 1.307525 	 11.618097
  306 	 0.080505 	 0.987975 	 2.999865
  307 	 0.085699 	 0.999451 	 3.636184
  308 	 0.328411 	 1.236537 	 7.775724
  309 	 0.149827 	 1.103725 	 7.012656
  310 	 0.120168 	 0.971116 	 2.701162
  311 	 0.126021 	 1.028687 	 5.032030
  312 	 0.317441 	 1.185268 	 5.914792
  313 	 0.197156 	 1.138786 	 5.716875
  314 	 0.114502 	 0.988768 	 2.672328
  315 	 0.173437 	 1.003757 	 4.064119
  316 	 0.037728 	 1.168772 	 5.359008
  317 	 0.037841 	 1.092155 	 4.497673
  318 	 0.185432 	 1.101375 	 12.848926
  319 	 0.219946 	 1.215544 	 11.528610
  320 	 0.038464 	 1.129954 	 4.126568
  321 	 0.086380 	 1.072273 	 3.480961
  322 	 0.039403 	 1.188487 	 15.585139
  323 	 0.039327 	 1.059789 	 8.922176
  324 	 0.063999 	 1.237207 	 11.324687
  325 	 0.111579 	 1.207887 	 12.590203
  326 	 0.039240 	 1.111244 	 11.148399
  327 	 0.079215 	 1.035722 	 7.284448
  328 	 0.037793 	 1.138947 	 7.352410
  329 	 0.130992 	 1.147107 	 8.856236
  330 	 0.135536 	 1.339273 	 15.749900
  331 	 0.036821 	 1.064442 	 6.381935
  332 	 0.063363 	 1.104907 	 6.202088
  333 	 0.038430 	 1.151707 	 6.889722
  334 	 0.158454 	 1.191300 	 10.302555
  335 	 0.144368 	 1.228590 	 15.593451
  336 	 0.096821 	 1.088484 	 5.430245
  337 	 0.063991 	 1.139567 	 5.879988
  338 	 0.123528 	 1.142657 	 6.900321
  339 	 0.037781 	 1.015466 	 5.076058
  340 	 0.144250 	 1.131175 	 6.701146
  341 	 0.119440 	 1.335565 	 12.840168
  342 	 0.070924 	 1.090767 	 5.872684
  343 	 0.077590 	 1.071056 	 6.889908
  344 	 0.169308 	 1.246859 	 9.007086
  345 	 0.144600 	 1.247149 	 9.681489
  346 	 0.110610 	 1.085968 	 5.127987
  347 	 0.103016 	 1.071462 	 5.608512
  348 	 0.037782 	 1.170134 	 6.635269
  349 	 0.036793 	 1.166243 	 6.617416
  350 	 0.150004 	 1.200713 	 15.752586
  351 	 0.034993 	 1.194063 	 13.424171
  352 	 0.063375 	 1.110977 	 5.443545
  353 	 0.036781 	 1.249887 	 13.316746
  354 	 0.182760 	 1.251725 	 11.126566
  355 	 0.036696 	 1.276962 	 14.188263
  356 	 0.089552 	 1.096882 	 4.619783
  357 	 0.070314 	 1.338570 	 14.205456
  358 	 0.216456 	 1.183758 	 7.665644
  359 	 0.070268 	 1.082143 	 7.962393
  360 	 0.130003 	 1.064744 	 3.885674
  361 	 0.125186 	 1.311484 	 9.618313
  362 	 0.255665 	 1.204196 	 5.852477
  363 	 0.103691 	 1.105097 	 6.592553
  364 	 0.118702 	 1.057361 	 3.515199
  365 	 0.039641 	 1.227898 	 6.587996
  366 	 0.281270 	 1.217477 	 6.886959
  367 	 0.036825 	 1.198565 	 12.540564
  368 	 0.144361 	 1.055246 	 3.244623
  369 	 0.079485 	 1.469717 	 14.179430
  370 	 0.037015 	 1.188409 	 5.880231
  371 	 0.036284 	 1.118718 	 9.507105
  372 	 0.129764 	 1.200246 	 15.945242
  373 	 0.104901 	 1.621271 	 16.133228
  374 	 0.037792 	 1.158059 	 5.622271
  375 	 0.061885 	 1.080451 	 7.656916
  376 	 0.177055 	 1.263973 	 12.838363
  377 	 0.032900 	 1.419508 	 9.774173
  378 	 0.077736 	 1.131385 	 4.561355
  379 	 0.101892 	 1.075837 	 6.415852
  380 	 0.037559 	 1.208134 	 8.786293
  381 	 0.155050 	 1.400600 	 7.392149
  382 	 0.039248 	 1.246583 	 11.674203
  383 	 0.134810 	 1.042017 	 5.532519
  384 	 0.034111 	 1.297685 	 15.396902
  385 	 0.179655 	 1.347106 	 5.934367
  386 	 0.064806 	 1.425706 	 16.719274
  387 	 0.167556 	 1.021514 	 4.550520
  388 	 0.059691 	 1.194063 	 9.532324
  389 	 0.217835 	 1.291860 	 5.174495
  390 	 0.104537 	 1.314076 	 11.710857
  391 	 0.126296 	 0.986444 	 3.975583
  392 	 0.085099 	 1.138031 	 7.233973
  393 	 0.249421 	 1.330553 	 6.579106
  394 	 0.072352 	 1.250773 	 9.025319
  395 	 0.110434 	 0.969057 	 3.634762
  396 	 0.110485 	 1.244276 	 10.198650
  397 	 0.273190 	 1.355923 	 7.345716
  398 	 0.097806 	 1.190379 	 7.342966
  399 	 0.135659 	 0.942057 	 3.345718
 