   0 	 0.018341 	 0.055726 	 0.347258
    1 	 0.017075 	 0.115381 	 1.931620
    2 	 0.024819 	 0.433977 	 3.907873
    3 	 0.025656 	 1.034702 	 4.576180
    4 	 0.040578 	 1.365212 	 3.776710
    5 	 0.040507 	 1.061927 	 4.486641
    6 	 0.038413 	 0.846901 	 4.195703
    7 	 0.038508 	 1.070006 	 4.426595
    8 	 0.192537 	 1.294131 	 5.270255
    9 	 0.037459 	 1.012493 	 5.599074
   10 	 0.102505 	 0.706008 	 2.469520
   11 	 0.035444 	 1.028756 	 6.167612
   12 	 0.375162 	 1.303488 	 3.182694
   13 	 0.036608 	 1.288565 	 11.383773
   14 	 0.053966 	 0.725181 	 2.470588
   15 	 0.040062 	 1.123939 	 11.234920
   16 	 0.037125 	 1.334962 	 5.695676
   17 	 0.042274 	 1.229981 	 10.779565
   18 	 0.173971 	 1.363137 	 11.168473
   19 	 0.036728 	 1.315376 	 10.562520
   20 	 0.088872 	 1.271238 	 4.417524
   21 	 0.094207 	 1.538311 	 11.296755
   22 	 0.223717 	 1.219255 	 5.287304
   23 	 0.086264 	 1.123966 	 6.820960
   24 	 0.187346 	 1.189269 	 3.615912
   25 	 0.145462 	 1.432124 	 7.144711
   26 	 0.272605 	 1.089553 	 4.067892
   27 	 0.139012 	 1.077754 	 5.054037
   28 	 0.242701 	 1.198666 	 3.064618
   29 	 0.195831 	 1.293209 	 5.224329
   30 	 0.321190 	 1.008222 	 3.373806
   31 	 0.189943 	 0.997848 	 3.450282
   32 	 0.288367 	 1.146978 	 2.566799
   33 	 0.282145 	 1.245209 	 3.870820
   34 	 0.229864 	 0.991632 	 2.951884
   35 	 0.104542 	 0.969873 	 2.989139
   36 	 0.039557 	 1.073540 	 3.352737
   37 	 0.118562 	 1.211839 	 6.371778
   38 	 0.290020 	 1.118672 	 7.671224
   39 	 0.155275 	 1.029780 	 5.849259
   40 	 0.129473 	 1.048011 	 2.866808
   41 	 0.168530 	 1.176617 	 4.890571
   42 	 0.342559 	 1.074879 	 4.474813
   43 	 0.200619 	 0.990218 	 4.469674
   44 	 0.221043 	 0.995851 	 2.531911
   45 	 0.040275 	 1.118580 	 3.436200
   46 	 0.106065 	 1.075665 	 3.174172
   47 	 0.107490 	 1.108010 	 11.176277
   48 	 0.309926 	 1.055648 	 6.457253
   49 	 0.038560 	 1.100280 	 4.963014
   50 	 0.037775 	 1.047967 	 2.784535
   51 	 0.197745 	 1.245950 	 10.928232
   52 	 0.352493 	 1.144584 	 11.497624
   53 	 0.091069 	 1.071082 	 4.049484
   54 	 0.037788 	 1.005202 	 2.489463
   55 	 0.115642 	 1.091383 	 5.222763
   56 	 0.132013 	 1.155213 	 10.930355
   57 	 0.036736 	 1.094920 	 6.066424
   58 	 0.091078 	 1.087086 	 5.384649
   59 	 0.039978 	 1.123376 	 11.636523
   60 	 0.183879 	 1.122188 	 7.128687
   61 	 0.085238 	 1.157474 	 7.646516
   62 	 0.138514 	 1.055608 	 4.539692
   63 	 0.035942 	 1.041350 	 7.438365
   64 	 0.034548 	 1.056289 	 3.301267
   65 	 0.039518 	 1.248093 	 11.319619
   66 	 0.299898 	 1.125009 	 11.501118
   67 	 0.087935 	 1.172738 	 10.727514
   68 	 0.086554 	 1.031700 	 2.838507
   69 	 0.092761 	 1.168919 	 5.496461
   70 	 0.036788 	 1.042242 	 7.339253
   71 	 0.180217 	 1.094158 	 6.888916
   72 	 0.135346 	 1.300358 	 11.629483
   73 	 0.128961 	 1.121288 	 4.358874
   74 	 0.085603 	 1.005312 	 5.418696
   75 	 0.226692 	 1.104982 	 5.612900
   76 	 0.182779 	 1.287946 	 7.418257
   77 	 0.176613 	 1.083701 	 3.624609
   78 	 0.037432 	 0.922102 	 2.374201
   79 	 0.271960 	 1.054161 	 4.428447
   80 	 0.412643 	 1.337026 	 11.131924
   81 	 0.065979 	 1.045732 	 3.113712
   82 	 0.089400 	 0.934260 	 2.165237
   83 	 0.110334 	 1.113116 	 8.447459
   84 	 0.450930 	 1.260998 	 7.052168
   85 	 0.117649 	 1.168626 	 6.144985
   86 	 0.037038 	 0.896664 	 1.986767
   87 	 0.039860 	 1.045480 	 5.993446
   88 	 0.308850 	 1.411833 	 11.595894
   89 	 0.121913 	 1.237528 	 10.838979
   90 	 0.085873 	 0.979136 	 2.768163
   91 	 0.038896 	 1.088335 	 5.844102
   92 	 0.354539 	 1.279654 	 7.232071
   93 	 0.169592 	 1.265671 	 10.953336
   94 	 0.137278 	 0.964390 	 2.476847
   95 	 0.090862 	 1.046705 	 4.560130
   96 	 0.395875 	 1.215660 	 5.765054
   97 	 0.216801 	 1.193493 	 7.139715
   98 	 0.036959 	 0.947982 	 2.330593
   99 	 0.139103 	 1.037504 	 3.759389
  100 	 0.130723 	 1.294891 	 8.463188
  101 	 0.133815 	 1.131620 	 5.803730
  102 	 0.040172 	 0.973190 	 5.557947
  103 	 0.037012 	 1.045221 	 5.381711
  104 	 0.038136 	 1.354185 	 11.239524
  105 	 0.184675 	 1.298623 	 13.696381
  106 	 0.088584 	 1.087373 	 11.450054
  107 	 0.064787 	 1.035289 	 4.275786
  108 	 0.037125 	 1.243104 	 8.211265
  109 	 0.231215 	 1.175985 	 6.868750
  110 	 0.036960 	 1.158668 	 11.638005
  111 	 0.040083 	 1.000840 	 3.525912
  112 	 0.085330 	 1.270201 	 11.660475
  113 	 0.040036 	 1.233406 	 13.645667
  114 	 0.040130 	 1.086507 	 7.192691
  115 	 0.073020 	 1.199916 	 11.256768
  116 	 0.036575 	 1.329440 	 11.244864
  117 	 0.088452 	 1.179923 	 9.414423
  118 	 0.088432 	 1.120370 	 9.480925
  119 	 0.105622 	 1.149372 	 7.264702
  120 	 0.104714 	 1.273878 	 7.286952
  121 	 0.136733 	 1.108198 	 6.276596
  122 	 0.037048 	 1.101601 	 6.514070
  123 	 0.158494 	 1.103558 	 5.389868
  124 	 0.036768 	 1.322515 	 11.648547
  125 	 0.183717 	 1.084551 	 3.806046
  126 	 0.085387 	 1.134484 	 11.686597
  127 	 0.213968 	 1.081431 	 4.300771
  128 	 0.085209 	 1.235036 	 7.430169
  129 	 0.038062 	 1.001402 	 2.872984
  130 	 0.133701 	 1.107855 	 7.462169
  131 	 0.129392 	 1.186166 	 11.512496
  132 	 0.133937 	 1.194756 	 5.479421
  133 	 0.040048 	 1.029803 	 5.611930
  134 	 0.180877 	 1.029505 	 5.460381
  135 	 0.133480 	 1.236213 	 11.255246
  136 	 0.036901 	 1.153632 	 4.353944
  137 	 0.036003 	 0.988239 	 4.435710
  138 	 0.227462 	 1.257937 	 12.592273
  139 	 0.040040 	 1.522832 	 12.754641
  140 	 0.079147 	 1.121040 	 3.619757
  141 	 0.038160 	 1.085952 	 12.130013
  142 	 0.272587 	 1.145544 	 8.227257
  143 	 0.082110 	 1.470518 	 11.446928
  144 	 0.037584 	 1.093365 	 3.111517
  145 	 0.036760 	 1.017241 	 7.638852
  146 	 0.315466 	 1.209829 	 12.823156
  147 	 0.130167 	 1.401298 	 9.160876
  148 	 0.077630 	 1.048104 	 2.745249
  149 	 0.108676 	 0.981577 	 5.575172
  150 	 0.353851 	 1.148740 	 7.909498
  151 	 0.176792 	 1.335517 	 5.751234
  152 	 0.125152 	 1.018767 	 2.483542
  153 	 0.172413 	 0.963001 	 4.432787
  154 	 0.039955 	 1.059977 	 5.436210
  155 	 0.040599 	 1.215907 	 4.410770
  156 	 0.129805 	 1.104313 	 10.126086
  157 	 0.086525 	 1.062100 	 11.185803
  158 	 0.037678 	 1.055957 	 5.861495
  159 	 0.089011 	 1.189282 	 5.976391
  160 	 0.169171 	 1.245516 	 11.563606
  161 	 0.165970 	 1.058989 	 7.256335
  162 	 0.086173 	 1.036774 	 4.394244
  163 	 0.134758 	 1.165485 	 5.030946
  164 	 0.224565 	 1.147886 	 5.988983
  165 	 0.197482 	 1.042359 	 5.447886
  166 	 0.040019 	 0.984384 	 3.885526
  167 	 0.129329 	 1.097121 	 4.060383
  168 	 0.254173 	 1.242573 	 13.732642
  169 	 0.039939 	 1.088490 	 6.167916
  170 	 0.072559 	 0.989982 	 3.484647
  171 	 0.036344 	 1.167915 	 9.547521
  172 	 0.036943 	 1.172865 	 6.520644
  173 	 0.104381 	 1.140177 	 9.886902
  174 	 0.152592 	 1.080084 	 8.493051
  175 	 0.100809 	 1.097534 	 5.910846
  176 	 0.117290 	 1.126707 	 4.965454
  177 	 0.037698 	 1.063583 	 6.684073
  178 	 0.200070 	 1.027265 	 5.038032
  179 	 0.036630 	 1.135595 	 8.438951
  180 	 0.037062 	 1.096977 	 4.141397
  181 	 0.114946 	 1.204441 	 11.705514
  182 	 0.038922 	 1.072254 	 8.484500
  183 	 0.036916 	 1.131660 	 6.009793
  184 	 0.117408 	 1.305477 	 13.942709
  185 	 0.036481 	 1.205884 	 9.831286
  186 	 0.071390 	 1.028338 	 6.002112
  187 	 0.034698 	 1.167243 	 9.719993
  188 	 0.165702 	 1.234764 	 7.342674
  189 	 0.102535 	 1.229715 	 10.050482
  190 	 0.130977 	 1.012542 	 4.338350
  191 	 0.098860 	 1.084924 	 5.976050
  192 	 0.226288 	 1.184280 	 6.105862
  193 	 0.113179 	 1.174522 	 7.595307
  194 	 0.162902 	 1.012849 	 3.614182
  195 	 0.130546 	 1.139637 	 6.850294
  196 	 0.039239 	 1.130303 	 4.408623
  197 	 0.112918 	 1.107772 	 6.121958
  198 	 0.036763 	 1.051513 	 8.221086
  199 	 0.159491 	 1.179695 	 6.862572
  200 	 0.119435 	 1.328852 	 14.375552
  201 	 0.144355 	 1.080271 	 5.200461
  202 	 0.069250 	 1.011948 	 5.321002
  203 	 0.037252 	 1.109967 	 4.788085
  204 	 0.185673 	 1.235450 	 7.459888
  205 	 0.036972 	 1.193459 	 14.275111
  206 	 0.034317 	 0.965046 	 3.992442
  207 	 0.069873 	 1.419666 	 14.332512
  208 	 0.248432 	 1.416468 	 14.899396
  209 	 0.037068 	 1.109882 	 9.739633
  210 	 0.036764 	 0.968751 	 3.555781
  211 	 0.102329 	 1.445780 	 13.592844
  212 	 0.133650 	 1.417318 	 14.375335
  213 	 0.073391 	 1.075425 	 5.926680
  214 	 0.069405 	 1.058897 	 6.007798
  215 	 0.167696 	 1.339716 	 9.099922
  216 	 0.035802 	 1.293474 	 9.442402
  217 	 0.109452 	 1.051300 	 4.859186
  218 	 0.105539 	 1.230093 	 14.576821
  219 	 0.204416 	 1.265564 	 6.777269
  220 	 0.068441 	 1.230946 	 7.228641
  221 	 0.124697 	 1.016626 	 4.215569
  222 	 0.107553 	 1.149277 	 9.877471
  223 	 0.235384 	 1.289104 	 6.349346
  224 	 0.036935 	 1.214289 	 6.891095
  225 	 0.156596 	 1.015764 	 3.678033
  226 	 0.144427 	 1.373502 	 13.617441
  227 	 0.269481 	 1.216541 	 4.589956
  228 	 0.036734 	 1.166894 	 5.527079
  229 	 0.197708 	 1.022500 	 3.268173
  230 	 0.179740 	 1.367787 	 13.654796
  231 	 0.302602 	 1.172629 	 3.846945
  232 	 0.072869 	 1.086766 	 4.069938
  233 	 0.257503 	 1.008091 	 2.948967
  234 	 0.117417 	 1.216902 	 9.143374
  235 	 0.035273 	 1.133439 	 3.739286
  236 	 0.108934 	 1.086420 	 3.590518
  237 	 0.132785 	 1.184750 	 14.690120
  238 	 0.121019 	 1.165609 	 6.875972
  239 	 0.067904 	 1.199576 	 5.907190
  240 	 0.040716 	 1.199514 	 6.348445
  241 	 0.168246 	 1.122440 	 9.578153
  242 	 0.156618 	 1.261795 	 12.950671
  243 	 0.036986 	 1.145150 	 4.884108
  244 	 0.077021 	 1.150073 	 5.279319
  245 	 0.203380 	 1.245024 	 13.608013
  246 	 0.039655 	 1.172403 	 8.808941
  247 	 0.073290 	 1.103469 	 4.168753
  248 	 0.113053 	 1.253239 	 13.131163
  249 	 0.237798 	 1.226403 	 9.108335
  250 	 0.075944 	 1.129609 	 6.686610
  251 	 0.109396 	 1.057251 	 3.645672
  252 	 0.033255 	 1.139557 	 8.893344
  253 	 0.036706 	 1.218640 	 6.854215
  254 	 0.036791 	 1.376881 	 14.335937
  255 	 0.145201 	 1.306307 	 13.660101
  256 	 0.069578 	 1.237044 	 13.644238
  257 	 0.073011 	 1.179868 	 5.503553
  258 	 0.073087 	 1.243546 	 9.427057
  259 	 0.039537 	 1.202513 	 9.131516
  260 	 0.105669 	 1.206183 	 9.125175
  261 	 0.109075 	 1.296299 	 13.151573
  262 	 0.109150 	 1.173785 	 7.033905
  263 	 0.075826 	 1.227116 	 6.888245
  264 	 0.039176 	 1.129113 	 5.629036
  265 	 0.036592 	 1.192539 	 8.902650
  266 	 0.175712 	 1.256359 	 13.214157
  267 	 0.111468 	 1.303574 	 13.681297
  268 	 0.075468 	 1.085762 	 4.712272
  269 	 0.072898 	 1.125958 	 6.758197
  270 	 0.111228 	 1.166347 	 8.931125
  271 	 0.147174 	 1.225606 	 9.140933
  272 	 0.036702 	 1.149031 	 6.769178
  273 	 0.033028 	 1.095246 	 5.444440
  274 	 0.117475 	 1.356375 	 13.649135
  275 	 0.116865 	 1.236076 	 11.583789
  276 	 0.073069 	 1.050038 	 6.494542
  277 	 0.039842 	 1.085557 	 5.876649
  278 	 0.036752 	 1.349983 	 9.126641
  279 	 0.168636 	 1.381074 	 13.098962
  280 	 0.037568 	 1.166078 	 13.651563
  281 	 0.037226 	 1.026484 	 4.874826
  282 	 0.037068 	 1.314217 	 13.501050
  283 	 0.203611 	 1.378858 	 13.563661
  284 	 0.073777 	 1.361188 	 13.592823
  285 	 0.073529 	 1.029500 	 4.164740
  286 	 0.036877 	 1.260789 	 7.028542
  287 	 0.237482 	 1.203087 	 7.040840
  288 	 0.114455 	 1.287859 	 11.089257
  289 	 0.141296 	 1.018325 	 3.649871
  290 	 0.089882 	 1.272999 	 6.624476
  291 	 0.127514 	 1.123750 	 5.430130
  292 	 0.150128 	 1.208110 	 7.912548
  293 	 0.036821 	 1.066618 	 6.097023
  294 	 0.125801 	 1.205462 	 5.358248
  295 	 0.121611 	 1.203962 	 12.059649
  296 	 0.136223 	 1.121302 	 6.161382
  297 	 0.037054 	 1.072355 	 5.962638
  298 	 0.037628 	 1.225860 	 4.884646
  299 	 0.166424 	 1.281115 	 12.025835
  300 	 0.203205 	 1.180142 	 11.943469
  301 	 0.082903 	 1.041293 	 4.927946
  302 	 0.083473 	 1.165146 	 3.680467
  303 	 0.200142 	 1.197721 	 8.375019
  304 	 0.268343 	 1.087325 	 6.580132
  305 	 0.118749 	 1.021290 	 4.061041
  306 	 0.126339 	 1.108712 	 3.280372
  307 	 0.110423 	 1.132139 	 5.340482
  308 	 0.301489 	 1.148680 	 6.141017
  309 	 0.180917 	 1.048005 	 6.806266
  310 	 0.129373 	 1.050545 	 2.643856
  311 	 0.039463 	 1.098126 	 4.404947
  312 	 0.257449 	 1.208769 	 6.028724
  313 	 0.225152 	 1.183858 	 13.164297
  314 	 0.164009 	 1.052767 	 3.401947
  315 	 0.075753 	 1.065853 	 3.711395
  316 	 0.285254 	 1.160976 	 4.987305
  317 	 0.036736 	 1.180422 	 9.169857
  318 	 0.036749 	 1.045539 	 3.107964
  319 	 0.108244 	 1.401791 	 26.290814
  320 	 0.318343 	 1.301109 	 14.275766
  321 	 0.037983 	 1.140427 	 7.064926
  322 	 0.069870 	 1.021926 	 3.128488
  323 	 0.139248 	 1.256440 	 13.425813
  324 	 0.036268 	 1.327772 	 14.050835
  325 	 0.074476 	 1.096531 	 5.689961
  326 	 0.071164 	 1.158615 	 13.742377
  327 	 0.037646 	 1.228926 	 8.040648
  328 	 0.072592 	 1.276322 	 13.800036
  329 	 0.036165 	 1.221353 	 13.486940
  330 	 0.072272 	 1.202910 	 13.533315
  331 	 0.074139 	 1.488447 	 26.691808
  332 	 0.073710 	 1.203740 	 7.103666
  333 	 0.037463 	 1.209756 	 13.255801
  334 	 0.037151 	 1.248648 	 13.331490
  335 	 0.075431 	 1.465010 	 25.469350
  336 	 0.074823 	 1.478992 	 26.007317
  337 	 0.039261 	 1.295232 	 13.032494
  338 	 0.036602 	 1.236682 	 13.050827
  339 	 0.031426 	 1.461193 	 24.354069
  340 	 0.037207 	 1.735981 	 26.383589
  341 	 0.041058 	 1.574145 	 30.556574
  342 	 0.037900 	 1.513284 	 25.969503
  343 	 0.032725 	 1.447735 	 23.608359
  344 	 0.038505 	 1.705432 	 25.510350
  345 	 0.042356 	 1.493787 	 29.390326
  346 	 0.039198 	 1.509106 	 25.122605
  347 	 0.034023 	 1.424680 	 22.906591
  348 	 0.039802 	 1.671762 	 24.692705
  349 	 0.043653 	 1.750049 	 28.309919
  350 	 0.040496 	 1.566694 	 24.329746
  351 	 0.035322 	 1.417108 	 22.245411
  352 	 0.041100 	 1.655235 	 23.925923
  353 	 0.044899 	 1.727264 	 27.306216
  354 	 0.036940 	 1.530316 	 23.585037
  355 	 0.036620 	 1.393860 	 21.645579
  356 	 0.030176 	 1.934561 	 26.150660
  357 	 0.046196 	 1.987571 	 26.371331
  358 	 0.036858 	 2.328750 	 31.770017
  359 	 0.037918 	 1.387476 	 21.054383
  360 	 0.031475 	 2.205689 	 26.206997
  361 	 0.047493 	 1.958001 	 25.498425
  362 	 0.038156 	 2.278099 	 30.511114
  363 	 0.039216 	 1.366320 	 20.494690
  364 	 0.032774 	 2.185704 	 25.344773
  365 	 0.048790 	 1.958294 	 24.855856
  366 	 0.039454 	 2.257131 	 29.348271
  367 	 0.040230 	 1.373297 	 19.964047
  368 	 0.034072 	 2.209376 	 24.537556
  369 	 0.036363 	 1.944219 	 24.146424
  370 	 0.040752 	 2.202533 	 28.270900
  371 	 0.041412 	 1.644563 	 26.551278
  372 	 0.035370 	 2.184598 	 23.780247
  373 	 0.037662 	 1.926511 	 23.569154
  374 	 0.042050 	 2.444759 	 27.269917
  375 	 0.042426 	 1.620197 	 25.666227
  376 	 0.036669 	 2.138984 	 23.067982
  377 	 0.038959 	 1.924598 	 22.869685
  378 	 0.043347 	 2.116520 	 26.337477
  379 	 0.043724 	 1.601512 	 24.839082
  380 	 0.037967 	 1.937132 	 21.539464
  381 	 0.040257 	 1.884876 	 22.210607
  382 	 0.034839 	 2.037582 	 25.466776
  383 	 0.045021 	 1.542192 	 24.063310
  384 	 0.039265 	 2.211540 	 27.670554
  385 	 0.041555 	 1.852779 	 21.588522
  386 	 0.035296 	 2.105048 	 24.651882
  387 	 0.046318 	 1.492941 	 23.334604
  388 	 0.040563 	 2.472106 	 27.325101
  389 	 0.042832 	 1.868136 	 21.000403
  390 	 0.036595 	 2.104889 	 23.887598
  391 	 0.047615 	 1.471794 	 22.659358
  392 	 0.036743 	 2.565086 	 26.388943
  393 	 0.044129 	 1.839951 	 20.443544
  394 	 0.037893 	 2.419000 	 26.286194
  395 	 0.048912 	 1.528945 	 22.012198
  396 	 0.038041 	 2.526380 	 25.514888
  397 	 0.045427 	 1.832624 	 19.915519
  398 	 0.039191 	 2.376573 	 25.418830
  399 	 0.050209 	 1.517978 	 21.401047
 