   0 	 0.015967 	 0.096498 	 1.877935
    1 	 0.021288 	 0.501125 	 2.339180
    2 	 0.037481 	 1.189329 	 6.525609
    3 	 0.125483 	 1.219838 	 6.629039
    4 	 0.040425 	 0.773491 	 3.004542
    5 	 0.041687 	 0.724568 	 2.423624
    6 	 0.203735 	 1.046149 	 5.366954
    7 	 0.348976 	 1.078777 	 3.598108
    8 	 0.036144 	 0.818127 	 2.106327
    9 	 0.128259 	 0.837959 	 2.408161
   10 	 0.317377 	 1.085297 	 5.242644
   11 	 0.370053 	 1.045606 	 3.642221
   12 	 0.039752 	 0.874098 	 1.704723
   13 	 0.257525 	 0.870717 	 1.658947
   14 	 0.345072 	 1.120561 	 6.466107
   15 	 0.374447 	 0.991277 	 2.685105
   16 	 0.040558 	 0.904810 	 2.837106
   17 	 0.357960 	 0.944655 	 1.987887
   18 	 0.036993 	 1.137434 	 6.058054
   19 	 0.037627 	 0.956602 	 2.160478
   20 	 0.161882 	 1.030243 	 6.946730
   21 	 0.462326 	 1.021391 	 6.438015
   22 	 0.038335 	 1.022554 	 3.693011
   23 	 0.149680 	 0.961375 	 1.751848
   24 	 0.036866 	 1.246621 	 23.960814
   25 	 0.550397 	 1.046494 	 6.532526
   26 	 0.041733 	 1.275863 	 24.834997
   27 	 0.153019 	 1.012353 	 1.778670
   28 	 0.037341 	 1.036679 	 3.737855
   29 	 0.519327 	 1.050381 	 6.492695
   30 	 0.267340 	 1.432900 	 24.545372
   31 	 0.153459 	 1.037075 	 1.616100
   32 	 0.040569 	 1.053874 	 3.671880
   33 	 0.123731 	 1.047456 	 6.375148
   34 	 0.272088 	 1.228180 	 15.022770
   35 	 0.156775 	 1.126492 	 7.720159
   36 	 0.066552 	 1.097680 	 3.607658
   37 	 0.129405 	 1.082448 	 6.243151
   38 	 0.276743 	 1.201346 	 14.275035
   39 	 0.160024 	 1.122585 	 7.440181
   40 	 0.070028 	 1.116019 	 3.568328
   41 	 0.036894 	 1.047712 	 6.059712
   42 	 0.134364 	 1.244070 	 13.600284
   43 	 0.164498 	 1.470508 	 21.789368
   44 	 0.073479 	 1.173263 	 7.175470
   45 	 0.045888 	 1.068450 	 5.763764
   46 	 0.124383 	 1.222697 	 13.007406
   47 	 0.118055 	 1.407251 	 19.346662
   48 	 0.076073 	 1.221148 	 7.033174
   49 	 0.051675 	 1.154064 	 8.073972
   50 	 0.142131 	 1.206880 	 11.645052
   51 	 0.122548 	 1.422666 	 14.069606
   52 	 0.085848 	 1.214602 	 6.581944
   53 	 0.071058 	 1.201914 	 7.460036
   54 	 0.151484 	 1.201411 	 10.543145
   55 	 0.037217 	 1.423904 	 11.253902
   56 	 0.094752 	 1.186349 	 6.231138
   57 	 0.088554 	 1.377004 	 18.176044
   58 	 0.160212 	 1.169123 	 8.357556
   59 	 0.038390 	 1.295816 	 11.166403
   60 	 0.119604 	 1.205160 	 5.725126
   61 	 0.037467 	 1.436193 	 17.860249
   62 	 0.174638 	 1.150004 	 7.188886
   63 	 0.037237 	 1.499872 	 24.469644
   64 	 0.139038 	 1.203314 	 5.150970
   65 	 0.040827 	 1.589221 	 14.022819
   66 	 0.193406 	 1.143233 	 5.601051
   67 	 0.071186 	 1.380370 	 20.735449
   68 	 0.175671 	 1.180171 	 4.904220
   69 	 0.047958 	 1.587069 	 12.347820
   70 	 0.036955 	 1.121106 	 5.657028
   71 	 0.080546 	 1.143466 	 6.254281
   72 	 0.037247 	 1.231385 	 8.087037
   73 	 0.157704 	 1.433389 	 5.955191
   74 	 0.036458 	 1.060019 	 5.388297
   75 	 0.110928 	 1.111113 	 5.546178
   76 	 0.184758 	 1.595530 	 16.932558
   77 	 0.126238 	 1.410529 	 7.444446
   78 	 0.036808 	 1.040524 	 4.898175
   79 	 0.133922 	 1.238377 	 7.713805
   80 	 0.202038 	 1.635530 	 16.391262
   81 	 0.128966 	 1.354807 	 5.267057
   82 	 0.060758 	 1.018953 	 4.298531
   83 	 0.037232 	 1.201377 	 7.206395
   84 	 0.232238 	 1.589750 	 15.207202
   85 	 0.037505 	 1.583985 	 26.088154
   86 	 0.065699 	 1.024664 	 3.973965
   87 	 0.038327 	 1.472462 	 24.446653
   88 	 0.251423 	 1.597440 	 10.649778
   89 	 0.040900 	 1.503967 	 20.778531
   90 	 0.093812 	 0.997375 	 3.345346
   91 	 0.037268 	 1.334302 	 15.361045
   92 	 0.296565 	 1.579432 	 9.316979
   93 	 0.064997 	 1.601466 	 21.613272
   94 	 0.089199 	 0.986943 	 3.264083
   95 	 0.046247 	 1.343780 	 11.312555
   96 	 0.039871 	 1.544610 	 9.208191
   97 	 0.088326 	 1.500923 	 14.035689
   98 	 0.108587 	 1.218628 	 23.110277
   99 	 0.037453 	 1.341261 	 8.675251
  100 	 0.043224 	 1.553447 	 8.993841
  101 	 0.114518 	 1.601968 	 24.478282
  102 	 0.110634 	 1.259069 	 21.448151
  103 	 0.040780 	 1.318766 	 7.462988
  104 	 0.046535 	 1.465263 	 7.946630
  105 	 0.133934 	 1.604430 	 22.634539
  106 	 0.125483 	 1.298758 	 16.357200
  107 	 0.044152 	 1.299146 	 7.281539
  108 	 0.061063 	 1.438760 	 7.758995
  109 	 0.137269 	 1.549459 	 21.029689
  110 	 0.127615 	 1.236444 	 13.216537
  111 	 0.047508 	 1.286574 	 7.108860
  112 	 0.075643 	 1.510957 	 6.746443
  113 	 0.112488 	 1.462859 	 16.100974
  114 	 0.130441 	 1.197729 	 12.651285
  115 	 0.037596 	 1.294873 	 8.629040
  116 	 0.079022 	 1.548391 	 7.471578
  117 	 0.110595 	 1.636575 	 19.158613
  118 	 0.133780 	 1.162126 	 12.266608
  119 	 0.036886 	 1.354917 	 9.025717
  120 	 0.030155 	 1.588467 	 7.289709
  121 	 0.110753 	 1.889041 	 25.389409
  122 	 0.137161 	 1.957125 	 30.623476
  123 	 0.039383 	 1.336765 	 8.357515
  124 	 0.032651 	 1.548136 	 7.237938
  125 	 0.119547 	 1.801663 	 20.711386
  126 	 0.138142 	 2.041020 	 24.968101
  127 	 0.048262 	 1.318829 	 8.193568
  128 	 0.040046 	 1.504568 	 6.870876
  129 	 0.121996 	 1.709947 	 19.356619
  130 	 0.145470 	 1.852565 	 19.987599
  131 	 0.037018 	 1.246819 	 6.226791
  132 	 0.049919 	 1.450699 	 6.477948
  133 	 0.160509 	 1.906675 	 25.305132
  134 	 0.154289 	 1.771208 	 17.750691
  135 	 0.038122 	 1.231060 	 5.972637
  136 	 0.040710 	 1.434535 	 6.378003
  137 	 0.167335 	 2.067981 	 24.617437
  138 	 0.156570 	 1.720765 	 22.670327
  139 	 0.037733 	 1.210419 	 5.857030
  140 	 0.044104 	 1.450304 	 6.286524
  141 	 0.170662 	 2.069009 	 21.444267
  142 	 0.158173 	 1.647333 	 21.457423
  143 	 0.045658 	 1.190061 	 5.774934
  144 	 0.046598 	 1.479476 	 6.223833
  145 	 0.143946 	 1.875423 	 20.765068
  146 	 0.160443 	 1.421767 	 14.935796
  147 	 0.048152 	 1.262841 	 6.542514
  148 	 0.066913 	 1.419665 	 6.137106
  149 	 0.037477 	 1.767149 	 15.935734
  150 	 0.162707 	 1.462258 	 14.406444
  151 	 0.038200 	 1.426656 	 20.671153
  152 	 0.069361 	 1.381680 	 4.826081
  153 	 0.048351 	 1.748903 	 15.327499
  154 	 0.206348 	 1.400675 	 12.039355
  155 	 0.065184 	 1.412754 	 17.466914
  156 	 0.036033 	 1.332377 	 4.645803
  157 	 0.036229 	 1.663234 	 14.580665
  158 	 0.207974 	 1.601113 	 22.255605
  159 	 0.068542 	 1.782533 	 22.158482
  160 	 0.038011 	 1.263653 	 4.610981
  161 	 0.045040 	 1.551624 	 12.912867
  162 	 0.215932 	 1.738918 	 21.316877
  163 	 0.077379 	 1.605394 	 15.627612
  164 	 0.046906 	 1.261813 	 4.559292
  165 	 0.063736 	 1.487852 	 11.327772
  166 	 0.037660 	 1.647170 	 19.878456
  167 	 0.088196 	 1.629477 	 13.767272
  168 	 0.050294 	 1.513178 	 24.900215
  169 	 0.072589 	 1.467868 	 10.787942
  170 	 0.040156 	 1.611059 	 18.941424
  171 	 0.092667 	 1.601246 	 13.317509
  172 	 0.052787 	 1.458887 	 20.384758
  173 	 0.075070 	 1.468148 	 9.845729
  174 	 0.049050 	 1.556264 	 17.455852
  175 	 0.101541 	 1.527127 	 12.567558
  176 	 0.057279 	 1.431800 	 19.398546
  177 	 0.037534 	 1.347275 	 9.206591
  178 	 0.051538 	 1.376345 	 8.248524
  179 	 0.108588 	 1.652910 	 12.187076
  180 	 0.120514 	 1.398036 	 17.844936
  181 	 0.082037 	 1.322068 	 8.511482
  182 	 0.056004 	 1.344993 	 8.129187
  183 	 0.117441 	 1.642158 	 11.829095
  184 	 0.122945 	 1.391491 	 17.092817
  185 	 0.084505 	 1.319467 	 8.200658
  186 	 0.058489 	 1.396527 	 7.846493
  187 	 0.121904 	 1.627374 	 11.235301
  188 	 0.127405 	 1.398832 	 15.875860
  189 	 0.088970 	 1.278384 	 7.911124
  190 	 0.062971 	 1.385543 	 7.581220
  191 	 0.126332 	 1.749670 	 10.698671
  192 	 0.131827 	 1.383107 	 14.821211
  193 	 0.093430 	 1.270439 	 7.762021
  194 	 0.067459 	 1.366886 	 7.444539
  195 	 0.128758 	 1.745857 	 10.424239
  196 	 0.037715 	 1.341847 	 13.164909
  197 	 0.095907 	 1.238219 	 7.504252
  198 	 0.036891 	 1.606217 	 24.866402
  199 	 0.133178 	 1.717494 	 9.577876
  200 	 0.040208 	 1.641323 	 25.386320
  201 	 0.036690 	 1.214073 	 7.370395
  202 	 0.039384 	 1.666971 	 23.415015
  203 	 0.126274 	 1.924070 	 22.128681
  204 	 0.042703 	 1.595397 	 20.883659
  205 	 0.045173 	 1.276490 	 7.531576
  206 	 0.036406 	 1.620212 	 21.185056
  207 	 0.132625 	 1.842081 	 18.631381
  208 	 0.047184 	 1.810119 	 24.446512
  209 	 0.029175 	 1.260892 	 7.292634
  210 	 0.040898 	 1.510931 	 17.958425
  211 	 0.137040 	 1.993921 	 26.542457
  212 	 0.055670 	 1.794908 	 20.243685
  213 	 0.037663 	 1.214712 	 6.966693
  214 	 0.049387 	 1.515607 	 16.619515
  215 	 0.143365 	 2.161799 	 23.717235
  216 	 0.060154 	 1.766918 	 18.557301
  217 	 0.042148 	 1.208949 	 6.762916
  218 	 0.053874 	 1.477614 	 15.466960
  219 	 0.131996 	 2.085286 	 21.436994
  220 	 0.038590 	 1.747151 	 16.032295
  221 	 0.037994 	 1.250978 	 7.117646
  222 	 0.062357 	 1.684762 	 21.235736
  223 	 0.127048 	 2.199996 	 23.532665
  224 	 0.047080 	 1.711114 	 14.957385
  225 	 0.042486 	 1.388214 	 7.601803
  226 	 0.066840 	 1.621750 	 19.387186
  227 	 0.038097 	 2.073165 	 21.282933
  228 	 0.051568 	 1.762445 	 14.017367
  229 	 0.046976 	 1.644197 	 23.475808
  230 	 0.071317 	 1.655955 	 17.835327
  231 	 0.042589 	 2.005501 	 19.426499
  232 	 0.056054 	 1.720711 	 12.967273
  233 	 0.051464 	 1.592279 	 20.665890
  234 	 0.036790 	 1.568709 	 15.185014
  235 	 0.036274 	 1.937528 	 17.868578
  236 	 0.065812 	 1.925784 	 24.218682
  237 	 0.030997 	 1.795645 	 23.767673
  238 	 0.041281 	 1.528660 	 14.222337
  239 	 0.041807 	 2.114184 	 27.176119
  240 	 0.037209 	 1.609374 	 11.447824
  241 	 0.036776 	 1.681650 	 17.389146
  242 	 0.037376 	 1.708246 	 18.900212
  243 	 0.057492 	 1.955245 	 19.056407
  244 	 0.052866 	 1.918394 	 23.880061
  245 	 0.037533 	 1.442366 	 15.518942
  246 	 0.041848 	 1.614202 	 17.045770
  247 	 0.064413 	 2.092361 	 23.076876
  248 	 0.058650 	 1.883229 	 20.987036
  249 	 0.043323 	 1.410237 	 14.242307
  250 	 0.038749 	 1.554018 	 15.515872
  251 	 0.070059 	 2.008673 	 20.357241
  252 	 0.064426 	 2.067793 	 22.447285
  253 	 0.036865 	 1.449795 	 13.182365
  254 	 0.044540 	 1.519401 	 14.239723
  255 	 0.037035 	 2.235503 	 23.438218
  256 	 0.070197 	 1.999060 	 19.864948
  257 	 0.042657 	 1.709148 	 24.731104
  258 	 0.050325 	 1.495005 	 13.158322
  259 	 0.040425 	 2.140721 	 20.636766
  260 	 0.075964 	 1.927846 	 17.817287
  261 	 0.023822 	 1.646841 	 21.633097
  262 	 0.056115 	 1.453023 	 12.230309
  263 	 0.046213 	 2.185933 	 33.758872
  264 	 0.081725 	 1.862158 	 16.151280
  265 	 0.029617 	 1.589046 	 19.225921
  266 	 0.061892 	 1.427242 	 11.425260
  267 	 0.051997 	 2.315931 	 28.235195
  268 	 0.087481 	 1.815894 	 14.772705
  269 	 0.035410 	 1.544312 	 17.301797
  270 	 0.067666 	 1.401607 	 10.720298
  271 	 0.057778 	 2.249833 	 25.766854
  272 	 0.093231 	 1.774300 	 13.611761
  273 	 0.038804 	 1.503779 	 15.728679
  274 	 0.073435 	 1.363438 	 10.097890
  275 	 0.063555 	 2.221488 	 22.419280
  276 	 0.037636 	 1.738606 	 12.620745
  277 	 0.044593 	 1.488505 	 14.418627
  278 	 0.031775 	 1.584955 	 23.022227
  279 	 0.069327 	 2.137976 	 19.844040
  280 	 0.043425 	 1.953379 	 26.613501
  281 	 0.050378 	 1.471166 	 13.750075
  282 	 0.037570 	 1.550024 	 21.355942
  283 	 0.072709 	 2.074230 	 18.594870
  284 	 0.046813 	 1.884999 	 23.057333
  285 	 0.037279 	 1.425386 	 12.737404
  286 	 0.043359 	 1.520194 	 19.915283
  287 	 0.038022 	 2.135385 	 24.582899
  288 	 0.050198 	 1.844909 	 21.386132
  289 	 0.040673 	 1.678421 	 24.142029
  290 	 0.035609 	 1.477321 	 17.857746
  291 	 0.041416 	 2.025431 	 22.689582
  292 	 0.038704 	 2.060673 	 25.635360
  293 	 0.044066 	 1.651491 	 21.179376
  294 	 0.039003 	 1.734253 	 23.750622
  295 	 0.047208 	 1.939413 	 21.067481
  296 	 0.042094 	 1.973789 	 23.582971
  297 	 0.038068 	 1.669420 	 18.865005
  298 	 0.037416 	 1.755199 	 20.879478
  299 	 0.052992 	 2.209985 	 24.115102
  300 	 0.047881 	 1.989349 	 20.748006
  301 	 0.041458 	 1.542019 	 17.009133
  302 	 0.048184 	 1.703345 	 18.628685
  303 	 0.058772 	 2.202816 	 20.467534
  304 	 0.053652 	 1.882126 	 18.524018
  305 	 0.048844 	 1.528160 	 16.084427
  306 	 0.037185 	 1.658657 	 17.527728
  307 	 0.062150 	 2.125367 	 18.300251
  308 	 0.057034 	 2.105247 	 24.639485
  309 	 0.054634 	 1.498732 	 14.716798
  310 	 0.036671 	 1.628609 	 15.915046
  311 	 0.067934 	 1.997996 	 17.231296
  312 	 0.062820 	 2.277866 	 21.561157
  313 	 0.036762 	 1.528028 	 13.274235
  314 	 0.046367 	 1.580059 	 14.240907
  315 	 0.075315 	 2.168829 	 24.899407
  316 	 0.070192 	 2.196374 	 20.093532
  317 	 0.040156 	 1.547051 	 12.704115
  318 	 0.049759 	 1.564169 	 13.159333
  319 	 0.078694 	 2.167407 	 20.017550
  320 	 0.075972 	 2.127221 	 18.780630
  321 	 0.048854 	 1.527505 	 11.615261
  322 	 0.038065 	 1.521355 	 12.598886
  323 	 0.086039 	 2.100796 	 19.137102
  324 	 0.079351 	 2.296443 	 21.995112
  325 	 0.036353 	 1.486419 	 10.702185
  326 	 0.038417 	 1.476430 	 12.084488
  327 	 0.093409 	 2.463745 	 25.155006
  328 	 0.082727 	 2.455013 	 22.615841
  329 	 0.036303 	 1.526220 	 9.689056
  330 	 0.035823 	 1.383906 	 11.295928
  331 	 0.103147 	 2.429335 	 23.751315
  332 	 0.088482 	 2.586493 	 24.025196
  333 	 0.042093 	 1.504879 	 8.853668
  334 	 0.041610 	 1.327109 	 10.110780
  335 	 0.112853 	 2.257323 	 22.425214
  336 	 0.098848 	 2.433144 	 21.092512
  337 	 0.044586 	 1.555736 	 8.153065
  338 	 0.037629 	 1.293729 	 9.204062
  339 	 0.122566 	 2.132121 	 20.839440
  340 	 0.108532 	 2.629291 	 24.372998
  341 	 0.047969 	 1.502193 	 7.554804
  342 	 0.041019 	 1.273263 	 8.746445
  343 	 0.037925 	 2.092690 	 18.598099
  344 	 0.114288 	 2.479088 	 21.358720
  345 	 0.053748 	 1.704259 	 20.953552
  346 	 0.037215 	 1.220354 	 8.058811
  347 	 0.047708 	 1.981897 	 15.736236
  348 	 0.123937 	 2.778612 	 23.247547
  349 	 0.063508 	 1.704932 	 17.388944
  350 	 0.042997 	 1.202964 	 7.707895
  351 	 0.057489 	 1.905598 	 13.641058
  352 	 0.129640 	 2.586292 	 20.492978
  353 	 0.073277 	 1.639538 	 14.861341
  354 	 0.048770 	 1.189057 	 7.383366
  355 	 0.037071 	 1.777505 	 12.598117
  356 	 0.135357 	 2.467268 	 17.073552
  357 	 0.038024 	 1.725104 	 21.335277
  358 	 0.058549 	 1.169087 	 6.813979
  359 	 0.046858 	 2.085002 	 22.818469
  360 	 0.146632 	 2.426600 	 15.540200
  361 	 0.043813 	 1.733767 	 17.649746
  362 	 0.064309 	 1.175496 	 6.392539
  363 	 0.056627 	 1.976769 	 18.652171
  364 	 0.156193 	 2.323743 	 13.493687
  365 	 0.053585 	 1.739379 	 15.054200
  366 	 0.074077 	 1.160277 	 5.966838
  367 	 0.066401 	 1.874903 	 16.839285
  368 	 0.140866 	 2.227857 	 12.273414
  369 	 0.059364 	 1.771451 	 13.773896
  370 	 0.081438 	 1.216196 	 6.818218
  371 	 0.037157 	 1.707675 	 14.458275
  372 	 0.146558 	 2.140482 	 11.462832
  373 	 0.069137 	 2.478633 	 23.278815
  374 	 0.087194 	 1.237954 	 6.395561
  375 	 0.042944 	 1.664071 	 13.344570
  376 	 0.156217 	 2.085333 	 10.753336
  377 	 0.037753 	 2.351079 	 20.515388
  378 	 0.036835 	 1.205827 	 6.172199
  379 	 0.046500 	 1.867302 	 22.960280
  380 	 0.033330 	 2.527179 	 23.455043
  381 	 0.043542 	 2.287824 	 19.120375
  382 	 0.042624 	 1.429143 	 25.555668
  383 	 0.052284 	 1.761186 	 20.266499
  384 	 0.038389 	 2.395866 	 20.650810
  385 	 0.037971 	 2.043487 	 17.216325
  386 	 0.032548 	 1.486062 	 21.839271
  387 	 0.058065 	 1.938770 	 22.845946
  388 	 0.045774 	 2.831322 	 25.326401
  389 	 0.029932 	 1.980043 	 15.658058
  390 	 0.039475 	 1.414742 	 18.806326
  391 	 0.063835 	 1.857489 	 26.786763
  392 	 0.053153 	 2.490009 	 21.333114
  393 	 0.037327 	 1.930788 	 14.038093
  394 	 0.046863 	 1.391571 	 16.514536
  395 	 0.071205 	 1.588475 	 22.357777
  396 	 0.060526 	 2.435918 	 18.428840
  397 	 0.044712 	 1.863485 	 12.986109
  398 	 0.053867 	 1.363313 	 15.054429
  399 	 0.038900 	 1.474471 	 19.797117
 