   0 	 -3.665265 	 0.195501 	 1.014105
    1 	 0.132351 	 0.368468 	 1.419176
    2 	 -2.611649 	 0.461206 	 7.290829
    3 	 -21.781674 	 0.573896 	 7.290829
    4 	 -8.877230 	 2.200289 	 18.405272
    5 	 -2.713390 	 7.707402 	 99.729790
    6 	 -16.046243 	 12.560554 	 99.729790
    7 	 -34.461476 	 29.497938 	 99.729790
    8 	 -16.046243 	 59.461239 	 99.729790
    9 	 -11.716618 	 93.199152 	 99.729790
   10 	 0.421402 	 96.605055 	 99.729790
   11 	 -3.002141 	 97.205931 	 99.729790
   12 	 28.894351 	 97.603921 	 99.729790
   13 	 -2.150475 	 95.479398 	 99.729790
   14 	 -2.150475 	 95.624301 	 108.751723
   15 	 -456.210788 	 88.660160 	 108.751723
   16 	 61.900805 	 98.790773 	 99.729790
   17 	 0.143077 	 97.693728 	 99.729790
   18 	 99.729790 	 99.729790 	 99.729790
   19 	 0.351946 	 96.486807 	 99.729790
   20 	 2.470465 	 98.207628 	 99.729790
   21 	 0.209416 	 95.501487 	 99.729790
   22 	 -4.578530 	 93.123399 	 99.729790
   23 	 42.964721 	 98.148205 	 108.751723
   24 	 -456.210788 	 90.822971 	 99.729790
   25 	 76.388513 	 99.166039 	 99.729790
   26 	 -2.150475 	 97.197854 	 99.729790
   27 	 0.421402 	 95.031722 	 99.729790
   28 	 0.209416 	 97.546116 	 99.729790
   29 	 61.900805 	 99.050120 	 99.729790
   30 	 0.167247 	 97.004853 	 99.729790
   31 	 -11.619151 	 93.486966 	 99.729790
   32 	 -11.619151 	 97.034867 	 99.729790
   33 	 2.719552 	 96.514517 	 99.729790
   34 	 76.388513 	 98.692400 	 99.729790
   35 	 -4.578530 	 95.893551 	 99.729790
   36 	 -12.029355 	 97.087208 	 99.729790
   37 	 0.693205 	 98.471687 	 99.729790
   38 	 -456.210788 	 93.394976 	 99.729790
   39 	 -3.002141 	 97.341076 	 99.729790
   40 	 61.900805 	 98.994076 	 99.729790
   41 	 0.209416 	 98.466312 	 99.729790
   42 	 85.537154 	 99.572094 	 99.729790
   43 	 -3.002141 	 94.796180 	 108.751723
   44 	 61.900805 	 99.409712 	 108.751723
   45 	 2.719552 	 98.852386 	 108.751723
   46 	 16.848607 	 99.034232 	 108.751723
   47 	 -16.702268 	 95.461010 	 108.751723
   48 	 -3.002141 	 98.955296 	 108.751723
   49 	 -4.578530 	 97.616737 	 108.751723
   50 	 -9.947419 	 97.572783 	 108.751723
   51 	 -16.015301 	 96.722759 	 108.751723
   52 	 -330.729166 	 94.314239 	 108.751723
   53 	 17.087846 	 100.374918 	 108.751723
   54 	 61.900805 	 101.743419 	 108.751723
   55 	 2.723766 	 101.093213 	 108.751723
   56 	 1.671100 	 99.577514 	 108.751723
   57 	 -330.729166 	 96.404105 	 108.751723
   58 	 -330.729166 	 96.511665 	 108.751723
   59 	 0.188831 	 97.018953 	 108.751723
   60 	 -9.947419 	 97.940045 	 108.751723
   61 	 -2.995769 	 97.877603 	 108.751723
   62 	 1.670144 	 97.980844 	 108.751723
   63 	 -456.210788 	 93.114725 	 108.751723
   64 	 0.143077 	 96.119463 	 108.751723
   65 	 -2.150088 	 98.770586 	 108.751723
   66 	 0.167246 	 100.206468 	 108.751723
   67 	 27.479189 	 99.066235 	 108.751723
   68 	 -9.947419 	 97.017819 	 108.751723
   69 	 0.167249 	 99.596322 	 108.751723
 