   0 	 0.128623 	 1.169681 	 84.101834
    1 	 -69.796943 	 46.874092 	 84.101834
    2 	 0.478700 	 83.035082 	 84.101834
    3 	 0.449067 	 88.174162 	 629.121879
    4 	 0.207019 	 106.630519 	 629.121879
    5 	 79.833128 	 289.950865 	 629.121879
    6 	 0.211695 	 490.886722 	 629.121879
    7 	 -204.175138 	 580.499080 	 1300.393889
    8 	 0.292361 	 630.996261 	 1300.393889
    9 	 0.292361 	 624.470896 	 1300.393889
   10 	 -204.175138 	 620.303766 	 1300.393889
   11 	 -89.098333 	 621.628342 	 1300.393889
   12 	 0.211695 	 615.412836 	 629.121879
   13 	 -204.175138 	 612.845188 	 629.121879
   14 	 -21050.028668 	 360.682875 	 629.121879
   15 	 34.404595 	 619.367454 	 629.121879
   16 	 345.940984 	 619.682515 	 629.121879
   17 	 345.940984 	 622.828970 	 629.121879
   18 	 -5.166017 	 608.284469 	 629.121879
   19 	 -21050.028668 	 388.242428 	 629.121879
   20 	 -597.680227 	 599.864307 	 629.121879
   21 	 -2704.182425 	 559.073452 	 629.121879
   22 	 -21050.028668 	 381.254034 	 629.121879
   23 	 34.404595 	 629.972487 	 1300.393889
   24 	 -21050.028668 	 385.993596 	 1300.393889
   25 	 -89.098333 	 607.896904 	 1300.393889
   26 	 -5.166017 	 622.992220 	 1300.393889
   27 	 -21050.028668 	 374.980885 	 1300.393889
   28 	 0.449765 	 623.963950 	 1300.393889
   29 	 8.042558 	 694.274523 	 1300.393889
   30 	 -8.885080 	 749.680415 	 1300.393889
   31 	 24.218194 	 856.771838 	 2255.633648
   32 	 0.211695 	 984.608024 	 2255.633648
   33 	 0.211695 	 1057.352502 	 2255.633648
   34 	 -204.175138 	 1153.405653 	 2255.633648
   35 	 629.121879 	 1379.806163 	 2255.633648
   36 	 0.292399 	 1568.075430 	 2255.633648
   37 	 -8.885080 	 1781.292438 	 2255.633648
   38 	 -166.059599 	 1930.037375 	 2255.633648
   39 	 -842.415871 	 2043.201919 	 2255.633648
   40 	 -5.137268 	 2198.672646 	 2255.633648
   41 	 -355.980659 	 2066.261358 	 2255.633648
   42 	 2255.633648 	 2255.633648 	 2255.633648
   43 	 -5.966625 	 2206.475763 	 2255.633648
   44 	 -460.289979 	 2150.403538 	 2255.633648
   45 	 -166.059599 	 2178.732978 	 2255.633648
   46 	 2255.633648 	 2255.633648 	 2255.633648
   47 	 -355.980659 	 2136.528444 	 2255.633648
   48 	 24.893141 	 2206.587682 	 2255.633648
   49 	 -166.059599 	 2129.809155 	 2255.633648
   50 	 0.206334 	 2205.909791 	 2255.633648
   51 	 0.211707 	 2189.330574 	 2255.633648
   52 	 0.136024 	 2180.454458 	 2255.633648
   53 	 35.913796 	 2230.970095 	 2255.633648
   54 	 2255.633648 	 2255.633648 	 2255.633648
   55 	 -166.059599 	 2203.668587 	 2255.633648
   56 	 0.802467 	 2230.579969 	 2255.633648
   57 	 0.166421 	 2230.572901 	 2255.633648
   58 	 1300.393889 	 2245.019873 	 2255.633648
   59 	 -8.864082 	 2205.418883 	 2255.633648
   60 	 -355.980659 	 2176.426516 	 2255.633648
   61 	 2255.633648 	 2255.633648 	 2255.633648
   62 	 0.292404 	 2205.704812 	 2255.633648
   63 	 0.211707 	 2205.787399 	 2255.633648
   64 	 -842.415871 	 2171.295978 	 2255.633648
   65 	 -5.137268 	 2186.774006 	 2255.633648
   66 	 -47.821099 	 2204.910815 	 2255.633648
   67 	 1300.393889 	 2245.019873 	 2255.633648
   68 	 -81.124034 	 2179.086472 	 2255.633648
   69 	 0.471350 	 2205.790284 	 2255.633648
 