   0 	 0.127608 	 0.332669 	 10.005903
    1 	 -28.632548 	 1.718071 	 11.144077
    2 	 -54.729672 	 7.297819 	 19.650583
    3 	 1.097027 	 10.158343 	 22.571634
    4 	 1.149535 	 10.494440 	 19.650583
    5 	 0.295741 	 11.050571 	 26.386207
    6 	 0.183506 	 11.961394 	 37.479421
    7 	 0.282884 	 25.972741 	 399.456625
    8 	 -1518.942056 	 146.603927 	 399.456625
    9 	 -146.200502 	 346.876850 	 474.885559
   10 	 399.456625 	 400.294724 	 474.885559
   11 	 0.285081 	 381.027562 	 474.885559
   12 	 7.786212 	 397.619029 	 474.885559
   13 	 0.183875 	 389.533901 	 474.885559
   14 	 0.141210 	 396.534589 	 474.885559
   15 	 0.285081 	 401.726180 	 474.885559
   16 	 -101.430062 	 396.997562 	 474.885559
   17 	 -5.562794 	 405.851700 	 474.885559
   18 	 -101.430062 	 402.025869 	 474.885559
   19 	 -1518.942056 	 382.085528 	 474.885559
   20 	 -2020.958942 	 374.606202 	 474.885559
   21 	 -265.072590 	 399.959082 	 474.885559
   22 	 0.209549 	 407.592036 	 474.885559
   23 	 0.422993 	 410.946804 	 474.885559
   24 	 7.786212 	 407.676221 	 474.885559
   25 	 -1518.942056 	 379.349050 	 474.885559
   26 	 399.456625 	 413.704313 	 474.885559
   27 	 399.456625 	 415.380511 	 474.885559
   28 	 0.699135 	 402.348880 	 474.885559
   29 	 0.183875 	 401.480312 	 474.885559
   30 	 -1518.942056 	 383.032946 	 474.885559
   31 	 0.699135 	 402.788931 	 474.885559
   32 	 0.183861 	 395.456821 	 474.885559
   33 	 0.209549 	 388.689318 	 585.177722
   34 	 -22.227046 	 404.429732 	 585.177722
   35 	 2.508906 	 417.674775 	 474.885559
   36 	 38.177677 	 413.880599 	 474.885559
   37 	 0.285081 	 401.810345 	 474.885559
   38 	 0.183875 	 409.861480 	 474.885559
   39 	 68.848104 	 420.926175 	 474.885559
   40 	 -22.227046 	 391.531130 	 474.885559
   41 	 -5.571666 	 410.880197 	 474.885559
   42 	 -22.227046 	 399.694801 	 474.885559
   43 	 249.850969 	 410.365829 	 474.885559
   44 	 -5.571666 	 401.447551 	 474.885559
   45 	 -97.724241 	 402.355126 	 474.885559
   46 	 0.183861 	 401.498826 	 474.885559
   47 	 399.456625 	 410.351916 	 474.885559
   48 	 7.786212 	 406.000022 	 474.885559
   49 	 399.456625 	 417.894809 	 474.885559
   50 	 399.456625 	 416.218611 	 474.885559
   51 	 -2020.958942 	 371.019319 	 474.885559
   52 	 0.183856 	 398.648345 	 474.885559
   53 	 -2020.958942 	 370.449784 	 474.885559
   54 	 -952.343045 	 390.167295 	 474.885559
   55 	 33.887127 	 422.213918 	 474.885559
   56 	 -13.232527 	 418.931326 	 474.885559
   57 	 0.300761 	 424.973100 	 474.885559
   58 	 -2020.958942 	 403.939676 	 474.885559
   59 	 -265.072590 	 435.273126 	 474.885559
   60 	 -9.229089 	 435.183681 	 474.885559
   61 	 0.183875 	 452.331702 	 474.885559
   62 	 0.183875 	 439.226684 	 474.885559
   63 	 0.587968 	 449.649496 	 474.885559
   64 	 10.049426 	 457.987324 	 474.885559
   65 	 -13.259265 	 434.855053 	 474.885559
   66 	 -9.229089 	 458.611217 	 474.885559
   67 	 -952.343045 	 450.646471 	 474.885559
   68 	 -97.724241 	 442.373289 	 474.885559
   69 	 -5.562794 	 449.075140 	 474.885559
 