   0 	 -1.000000 	 0.326769 	 10.000000
    1 	 -0.250000 	 -0.009376 	 0.500000
    2 	 0.007407 	 0.035242 	 0.500000
    3 	 0.007092 	 0.035030 	 0.500000
    4 	 0.007042 	 0.034308 	 0.500000
    5 	 0.006849 	 0.034208 	 0.500000
    6 	 0.006757 	 0.033567 	 0.500000
    7 	 0.006993 	 0.034439 	 0.500000
    8 	 0.007092 	 0.034994 	 0.500000
    9 	 0.007042 	 0.034417 	 0.500000
   10 	 0.007246 	 0.034564 	 0.500000
   11 	 0.007353 	 0.034886 	 0.500000
   12 	 0.007092 	 0.034534 	 0.500000
   13 	 0.007143 	 0.034520 	 0.500000
   14 	 0.007042 	 0.034447 	 0.500000
   15 	 0.007092 	 0.034509 	 0.500000
   16 	 0.007143 	 0.034520 	 0.500000
   17 	 0.006897 	 0.034461 	 0.500000
   18 	 0.006897 	 0.034588 	 0.500000
   19 	 0.006944 	 0.034515 	 0.500000
   20 	 0.007092 	 0.034510 	 0.500000
   21 	 0.007143 	 0.034582 	 0.500000
   22 	 0.007042 	 0.034514 	 0.500000
   23 	 0.007143 	 0.034520 	 0.500000
   24 	 0.007143 	 0.034520 	 0.500000
   25 	 0.007407 	 0.037152 	 0.500000
   26 	 0.007143 	 0.034520 	 0.500000
   27 	 0.007092 	 0.034370 	 0.500000
   28 	 0.007042 	 0.034429 	 0.500000
   29 	 0.007299 	 0.034561 	 0.500000
   30 	 0.007194 	 0.034679 	 0.500000
   31 	 0.007194 	 0.034560 	 0.500000
   32 	 0.007246 	 0.036204 	 0.500000
   33 	 -0.500000 	 0.171478 	 10.000000
   34 	 0.007194 	 0.034761 	 0.500000
   35 	 0.007246 	 0.032418 	 0.500000
   36 	 0.006711 	 0.033758 	 0.500000
   37 	 0.006944 	 0.033150 	 0.500000
   38 	 0.007143 	 0.033650 	 0.500000
   39 	 0.007194 	 0.033698 	 0.500000
   40 	 0.006711 	 0.033900 	 0.500000
   41 	 0.006993 	 0.034413 	 0.500000
   42 	 0.007042 	 0.034356 	 0.500000
   43 	 0.006993 	 0.034369 	 0.500000
   44 	 0.007194 	 0.035554 	 0.500000
   45 	 0.007299 	 0.035169 	 0.500000
   46 	 0.007194 	 0.034534 	 0.500000
   47 	 0.006944 	 0.034363 	 0.500000
   48 	 0.007092 	 0.034426 	 0.500000
   49 	 0.007194 	 0.034574 	 0.500000
   50 	 0.007299 	 0.034622 	 0.500000
   51 	 0.006993 	 0.034477 	 0.500000
   52 	 0.007194 	 0.032246 	 0.500000
   53 	 0.006410 	 0.030687 	 0.500000
   54 	 0.005747 	 0.032788 	 0.500000
   55 	 0.006711 	 0.033982 	 0.500000
   56 	 0.007143 	 0.034520 	 0.500000
   57 	 0.006897 	 0.034017 	 0.500000
   58 	 0.007092 	 0.034503 	 0.500000
   59 	 0.007042 	 0.034026 	 0.500000
   60 	 0.006993 	 0.034462 	 0.500000
   61 	 0.007463 	 0.034797 	 0.500000
   62 	 0.007143 	 0.034520 	 0.500000
   63 	 0.007143 	 0.034520 	 0.500000
   64 	 -1.000000 	 0.040442 	 1.000000
   65 	 0.007143 	 0.034520 	 0.500000
   66 	 0.007143 	 0.034520 	 0.500000
   67 	 0.007407 	 0.034657 	 0.500000
   68 	 0.006849 	 0.034269 	 0.500000
   69 	 0.006803 	 0.033915 	 0.500000
   70 	 0.007143 	 0.034815 	 0.500000
   71 	 0.007407 	 0.177246 	 10.000000
   72 	 -1.000000 	 1.101820 	 10.000000
   73 	 -0.250000 	 4.877857 	 10.000000
   74 	 -0.500000 	 0.839881 	 10.000000
   75 	 10.000000 	 10.000000 	 10.000000
   76 	 10.000000 	 10.000000 	 10.000000
   77 	 -1.000000 	 6.542857 	 10.000000
   78 	 10.000000 	 10.000000 	 10.000000
   79 	 -0.500000 	 4.150000 	 10.000000
   80 	 10.000000 	 10.000000 	 10.000000
   81 	 10.000000 	 10.000000 	 10.000000
   82 	 10.000000 	 10.000000 	 10.000000
   83 	 1.000000 	 4.214286 	 10.000000
   84 	 0.250000 	 2.352381 	 10.000000
   85 	 10.000000 	 10.000000 	 10.000000
   86 	 0.200000 	 8.880000 	 10.000000
   87 	 10.000000 	 10.000000 	 10.000000
   88 	 -0.500000 	 8.807143 	 10.000000
   89 	 10.000000 	 10.000000 	 10.000000
   90 	 -0.250000 	 5.059524 	 10.000000
   91 	 0.111111 	 9.154365 	 10.000000
   92 	 -1.000000 	 6.542857 	 10.000000
   93 	 -1.000000 	 2.276190 	 10.000000
   94 	 0.090909 	 0.442727 	 10.000000
   95 	 -1.000000 	 0.959694 	 10.000000
   96 	 -0.333333 	 0.191190 	 10.000000
   97 	 0.200000 	 1.366667 	 10.000000
   98 	 0.250000 	 7.510714 	 10.000000
   99 	 -0.500000 	 0.287698 	 10.000000
  100 	 -0.250000 	 1.517857 	 10.000000
  101 	 -0.333333 	 2.078571 	 10.000000
  102 	 -0.500000 	 -0.492857 	 -0.333333
  103 	 -0.500000 	 -0.036856 	 -0.007519
  104 	 -0.500000 	 -0.034518 	 -0.007092
  105 	 -0.500000 	 -0.034520 	 -0.007143
  106 	 -0.500000 	 -0.034379 	 -0.007042
  107 	 -0.500000 	 -0.034205 	 -0.007092
  108 	 -0.500000 	 -0.034656 	 -0.007246
  109 	 -0.500000 	 -0.034537 	 -0.006944
  110 	 -0.500000 	 -0.034462 	 -0.006803
  111 	 -0.500000 	 -0.034479 	 -0.007194
  112 	 -0.500000 	 -0.034432 	 -0.007092
  113 	 -0.166667 	 -0.024006 	 -0.006944
  114 	 -0.166667 	 -0.012393 	 -0.002611
  115 	 -0.166667 	 -0.011550 	 -0.002398
  116 	 -0.166667 	 -0.011509 	 -0.002387
  117 	 -0.166667 	 -0.011546 	 -0.002398
  118 	 -0.166667 	 -0.011467 	 -0.002370
  119 	 -0.166667 	 -0.012162 	 -0.002597
  120 	 -0.166667 	 -0.011448 	 -0.002347
  121 	 -0.166667 	 -0.011506 	 -0.002387
  122 	 -0.166667 	 -0.011248 	 -0.002342
  123 	 -0.125000 	 -0.009775 	 -0.002212
  124 	 -0.125000 	 -0.009232 	 -0.001880
  125 	 -0.125000 	 -0.008625 	 -0.001783
  126 	 -0.142857 	 -0.009032 	 -0.001789
  127 	 -0.125000 	 -0.009340 	 -0.002004
  128 	 -0.142857 	 -0.009170 	 -0.001815
  129 	 -0.142857 	 -0.009774 	 -0.002075
  130 	 -0.142857 	 -0.009863 	 -0.002041
  131 	 -0.142857 	 -0.009863 	 -0.002041
  132 	 -0.142857 	 -0.009885 	 -0.002058
  133 	 -0.142857 	 -0.010770 	 -0.002053
  134 	 -0.142857 	 -0.009687 	 -0.002037
  135 	 -0.142857 	 -0.009863 	 -0.002041
  136 	 -0.142857 	 -0.009860 	 -0.002041
  137 	 -0.142857 	 -0.009730 	 -0.002016
  138 	 -0.142857 	 -0.009867 	 -0.002045
  139 	 -0.142857 	 -0.009872 	 -0.002053
  140 	 -0.142857 	 -0.009828 	 -0.002041
  141 	 -0.200000 	 -0.011206 	 -0.002203
  142 	 -0.142857 	 -0.011638 	 -0.002564
  143 	 -0.142857 	 -0.009863 	 -0.002041
  144 	 -0.142857 	 -0.010436 	 -0.002070
  145 	 -0.142857 	 -0.010010 	 -0.002049
  146 	 -0.142857 	 -0.009863 	 -0.002041
  147 	 -0.142857 	 -0.009863 	 -0.002041
  148 	 -0.142857 	 -0.009863 	 -0.002041
  149 	 -0.142857 	 -0.009861 	 -0.002041
  150 	 -0.142857 	 -0.009863 	 -0.002041
  151 	 -0.142857 	 -0.009863 	 -0.002041
  152 	 -0.142857 	 -0.009863 	 -0.002041
  153 	 -0.142857 	 -0.009984 	 -0.002053
  154 	 -0.142857 	 -0.009880 	 -0.002053
  155 	 -0.142857 	 -0.009852 	 -0.002037
  156 	 -0.142857 	 -0.009863 	 -0.002041
  157 	 -0.142857 	 -0.009981 	 -0.002033
  158 	 -0.250000 	 -0.012039 	 -0.002066
  159 	 -0.250000 	 -0.014914 	 -0.002915
  160 	 -0.250000 	 -0.017132 	 -0.003559
  161 	 -0.250000 	 -0.017268 	 -0.003597
  162 	 -0.250000 	 -0.017281 	 -0.003571
  163 	 -0.250000 	 -0.017097 	 -0.003546
  164 	 -0.250000 	 -0.017327 	 -0.003597
  165 	 -0.250000 	 -0.017350 	 -0.003663
  166 	 -0.250000 	 -0.017454 	 -0.003623
  167 	 -0.250000 	 -0.017260 	 -0.003571
  168 	 -0.250000 	 -0.017225 	 -0.003546
  169 	 -0.250000 	 -0.017250 	 -0.003546
  170 	 -0.250000 	 -0.017252 	 -0.003546
  171 	 -0.250000 	 -0.017404 	 -0.003636
  172 	 -0.250000 	 -0.016010 	 -0.003610
  173 	 -0.200000 	 -0.015857 	 -0.003521
  174 	 -0.200000 	 -0.014151 	 -0.002890
  175 	 -0.200000 	 -0.013808 	 -0.002857
  176 	 -0.200000 	 -0.013808 	 -0.002849
  177 	 -0.200000 	 -0.013806 	 -0.002849
  178 	 -0.200000 	 -0.013830 	 -0.002907
  179 	 -0.200000 	 -0.013808 	 -0.002857
  180 	 -0.200000 	 -0.013830 	 -0.002899
  181 	 -0.200000 	 -0.013808 	 -0.002857
  182 	 -0.200000 	 -0.013808 	 -0.002857
  183 	 -0.200000 	 -0.013851 	 -0.002874
  184 	 -0.200000 	 -0.014027 	 -0.002899
  185 	 -0.200000 	 -0.013799 	 -0.002817
  186 	 -0.200000 	 -0.013818 	 -0.002874
  187 	 -0.200000 	 -0.013808 	 -0.002857
  188 	 -0.200000 	 -0.013813 	 -0.002865
  189 	 -0.200000 	 -0.013810 	 -0.002865
  190 	 -0.200000 	 -0.013828 	 -0.002874
  191 	 -0.200000 	 -0.013469 	 -0.002849
  192 	 -0.200000 	 -0.013605 	 -0.002833
  193 	 -0.125000 	 -0.011047 	 -0.002538
  194 	 -0.125000 	 -0.009018 	 -0.001898
  195 	 -0.200000 	 -0.010490 	 -0.001887
  196 	 -0.200000 	 -0.013786 	 -0.002825
  197 	 -0.200000 	 -0.013816 	 -0.002857
  198 	 -0.200000 	 -0.013777 	 -0.002849
  199 	 -0.200000 	 -0.013832 	 -0.002849
  200 	 -0.200000 	 -0.013755 	 -0.002849
  201 	 -0.200000 	 -0.013809 	 -0.002865
  202 	 -0.200000 	 -0.013858 	 -0.002874
  203 	 -0.200000 	 -0.013828 	 -0.002865
  204 	 -0.200000 	 -0.013796 	 -0.002833
  205 	 -0.200000 	 -0.013808 	 -0.002857
  206 	 -0.166667 	 -0.012929 	 -0.002849
  207 	 -0.166667 	 -0.011581 	 -0.002410
  208 	 -0.166667 	 -0.011549 	 -0.002398
  209 	 -0.166667 	 -0.011578 	 -0.002404
  210 	 -0.166667 	 -0.011507 	 -0.002381
  211 	 -0.166667 	 -0.011507 	 -0.002381
  212 	 -0.166667 	 -0.011652 	 -0.002415
  213 	 -0.166667 	 -0.011509 	 -0.002392
  214 	 -0.166667 	 -0.011522 	 -0.002410
  215 	 -0.166667 	 -0.011507 	 -0.002381
  216 	 -0.166667 	 -0.011506 	 -0.002375
  217 	 -0.166667 	 -0.011523 	 -0.002392
  218 	 -0.166667 	 -0.012120 	 -0.002451
  219 	 -0.166667 	 -0.011505 	 -0.002375
  220 	 -0.166667 	 -0.011466 	 -0.002364
  221 	 -0.166667 	 -0.011507 	 -0.002381
  222 	 -0.166667 	 -0.011507 	 -0.002381
  223 	 -0.166667 	 -0.011505 	 -0.002358
  224 	 -0.166667 	 -0.011504 	 -0.002370
  225 	 -0.166667 	 -0.010518 	 -0.002347
  226 	 -0.166667 	 -0.011132 	 -0.002353
  227 	 -0.166667 	 -0.011513 	 -0.002404
  228 	 -0.166667 	 -0.011507 	 -0.002381
  229 	 -0.166667 	 -0.011571 	 -0.002404
  230 	 -0.200000 	 -0.012171 	 -0.002381
  231 	 -0.200000 	 -0.013298 	 -0.002717
  232 	 -0.200000 	 -0.013808 	 -0.002857
  233 	 -0.200000 	 -0.013774 	 -0.002849
  234 	 -0.200000 	 -0.013801 	 -0.002882
  235 	 -0.200000 	 -0.013834 	 -0.002882
  236 	 -0.200000 	 -0.013808 	 -0.002857
  237 	 -0.200000 	 -0.013808 	 -0.002857
  238 	 -0.200000 	 -0.013805 	 -0.002849
  239 	 -0.200000 	 -0.013808 	 -0.002857
  240 	 -0.200000 	 -0.013811 	 -0.002865
  241 	 -0.200000 	 -0.013808 	 -0.002857
  242 	 -0.200000 	 -0.013829 	 -0.002874
  243 	 -0.200000 	 -0.013121 	 -0.002793
  244 	 -0.200000 	 -0.013819 	 -0.002882
  245 	 -0.200000 	 -0.013788 	 -0.002833
  246 	 -0.200000 	 -0.013808 	 -0.002857
  247 	 -0.200000 	 -0.013800 	 -0.002849
  248 	 -0.200000 	 -0.013903 	 -0.002874
  249 	 -0.200000 	 -0.013787 	 -0.002849
  250 	 -0.200000 	 -0.013822 	 -0.002865
  251 	 -0.200000 	 -0.013798 	 -0.002841
  252 	 -0.200000 	 -0.013799 	 -0.002857
  253 	 -0.200000 	 -0.013808 	 -0.002865
  254 	 -0.200000 	 -0.013808 	 -0.002857
  255 	 -0.200000 	 -0.013826 	 -0.002865
  256 	 -0.200000 	 -0.013808 	 -0.002857
  257 	 -0.200000 	 -0.013801 	 -0.002865
  258 	 -0.200000 	 -0.013814 	 -0.002890
  259 	 -0.200000 	 -0.014857 	 -0.002890
  260 	 -0.200000 	 -0.013808 	 -0.002857
  261 	 -0.200000 	 -0.013823 	 -0.002899
  262 	 -0.200000 	 -0.013872 	 -0.002882
  263 	 -0.200000 	 -0.013808 	 -0.002857
  264 	 -0.200000 	 -0.013770 	 -0.002882
  265 	 -0.200000 	 -0.013853 	 -0.002849
  266 	 -0.200000 	 -0.014203 	 -0.003096
  267 	 -0.200000 	 -0.013741 	 -0.002849
  268 	 -0.200000 	 -0.013808 	 -0.002857
  269 	 -0.200000 	 -0.013712 	 -0.002825
  270 	 -0.200000 	 -0.013929 	 -0.002924
  271 	 -0.200000 	 -0.013800 	 -0.002890
  272 	 -0.200000 	 -0.013880 	 -0.002899
  273 	 -0.200000 	 -0.013803 	 -0.002841
  274 	 -0.200000 	 -0.013808 	 -0.002857
  275 	 -0.200000 	 -0.013840 	 -0.002882
  276 	 -0.200000 	 -0.013832 	 -0.002907
  277 	 -0.200000 	 -0.013827 	 -0.002865
  278 	 -0.200000 	 -0.013816 	 -0.002882
  279 	 -0.200000 	 -0.013808 	 -0.002857
  280 	 -0.200000 	 -0.013808 	 -0.002865
  281 	 -0.200000 	 -0.014537 	 -0.002994
  282 	 -0.200000 	 -0.013810 	 -0.002865
  283 	 -0.200000 	 -0.013550 	 -0.002849
  284 	 -0.200000 	 -0.013734 	 -0.002833
  285 	 -0.200000 	 -0.014333 	 -0.002899
  286 	 -0.200000 	 -0.013875 	 -0.002874
  287 	 -0.200000 	 -0.013762 	 -0.002817
  288 	 -0.200000 	 -0.013995 	 -0.002882
  289 	 -0.200000 	 -0.013857 	 -0.002890
  290 	 -0.200000 	 -0.013658 	 -0.002817
  291 	 -0.200000 	 -0.013869 	 -0.002882
  292 	 -0.200000 	 -0.013807 	 -0.002841
  293 	 -0.200000 	 -0.013707 	 -0.002841
  294 	 -0.200000 	 -0.013808 	 -0.002857
  295 	 -0.200000 	 -0.013809 	 -0.002882
  296 	 -0.200000 	 -0.014131 	 -0.002825
  297 	 -0.200000 	 -0.013718 	 -0.002857
  298 	 -0.200000 	 -0.013638 	 -0.002833
  299 	 -0.200000 	 -0.013976 	 -0.002874
  300 	 -0.200000 	 -0.013890 	 -0.002899
  301 	 -0.200000 	 -0.013808 	 -0.002857
  302 	 -0.200000 	 -0.013810 	 -0.002865
  303 	 -0.200000 	 -0.014225 	 -0.002899
  304 	 -0.200000 	 -0.013813 	 -0.002865
  305 	 -0.200000 	 -0.013812 	 -0.002882
  306 	 -0.200000 	 -0.013808 	 -0.002857
  307 	 -0.200000 	 -0.013854 	 -0.002890
  308 	 -0.200000 	 -0.013816 	 -0.002874
  309 	 -0.200000 	 -0.013808 	 -0.002857
  310 	 -0.200000 	 -0.013796 	 -0.002849
  311 	 -0.200000 	 -0.014250 	 -0.002857
  312 	 -0.200000 	 -0.013808 	 -0.002857
  313 	 -0.200000 	 -0.013808 	 -0.002857
  314 	 -0.200000 	 -0.013960 	 -0.002907
  315 	 -0.200000 	 -0.013818 	 -0.002865
  316 	 -0.200000 	 -0.013814 	 -0.002865
  317 	 -0.200000 	 -0.013219 	 -0.002841
  318 	 -0.200000 	 -0.013796 	 -0.002857
  319 	 -0.200000 	 -0.013792 	 -0.002841
  320 	 -0.200000 	 -0.013926 	 -0.002882
  321 	 -0.200000 	 -0.014038 	 -0.002882
  322 	 -0.200000 	 -0.013072 	 -0.002740
  323 	 -0.200000 	 -0.013808 	 -0.002849
  324 	 -0.166667 	 -0.012772 	 -0.002786
  325 	 -0.166667 	 -0.011574 	 -0.002433
  326 	 -0.166667 	 -0.011736 	 -0.002370
  327 	 -0.166667 	 -0.011540 	 -0.002398
  328 	 -0.166667 	 -0.011503 	 -0.002370
  329 	 -0.166667 	 -0.011499 	 -0.002370
  330 	 -0.166667 	 -0.011608 	 -0.002415
  331 	 -0.166667 	 -0.011507 	 -0.002381
  332 	 -0.166667 	 -0.011507 	 -0.002375
  333 	 -0.166667 	 -0.011435 	 -0.002315
  334 	 -0.166667 	 -0.011523 	 -0.002398
  335 	 -0.166667 	 -0.011507 	 -0.002381
  336 	 -0.166667 	 -0.011524 	 -0.002398
  337 	 -0.166667 	 -0.011523 	 -0.002427
  338 	 -0.166667 	 -0.011511 	 -0.002387
  339 	 -0.166667 	 -0.011482 	 -0.002370
  340 	 -0.166667 	 -0.011507 	 -0.002381
  341 	 -0.166667 	 -0.011507 	 -0.002381
  342 	 -0.166667 	 -0.011511 	 -0.002392
  343 	 -0.166667 	 -0.011303 	 -0.002370
  344 	 -0.166667 	 -0.011507 	 -0.002381
  345 	 -0.166667 	 -0.011563 	 -0.002387
  346 	 -0.166667 	 -0.011507 	 -0.002381
  347 	 -0.166667 	 -0.011674 	 -0.002410
  348 	 -0.166667 	 -0.011531 	 -0.002387
  349 	 -0.166667 	 -0.011511 	 -0.002398
  350 	 -0.166667 	 -0.011525 	 -0.002392
  351 	 -0.166667 	 -0.011510 	 -0.002387
  352 	 -0.166667 	 -0.012838 	 -0.002445
  353 	 -0.166667 	 -0.011507 	 -0.002381
  354 	 -0.166667 	 -0.011507 	 -0.002381
  355 	 -0.166667 	 -0.011437 	 -0.002358
  356 	 -0.166667 	 -0.011503 	 -0.002375
  357 	 -0.166667 	 -0.011507 	 -0.002387
  358 	 -0.166667 	 -0.011548 	 -0.002387
  359 	 -0.166667 	 -0.011507 	 -0.002381
  360 	 -0.166667 	 -0.011508 	 -0.002392
  361 	 -0.166667 	 -0.011556 	 -0.002398
  362 	 -0.166667 	 -0.011507 	 -0.002381
  363 	 -0.166667 	 -0.011507 	 -0.002404
  364 	 -0.166667 	 -0.011510 	 -0.002398
  365 	 -0.166667 	 -0.011507 	 -0.002381
  366 	 -0.166667 	 -0.011537 	 -0.002404
  367 	 -0.166667 	 -0.011500 	 -0.002353
  368 	 -0.166667 	 -0.011512 	 -0.002387
  369 	 -0.166667 	 -0.011500 	 -0.002353
  370 	 -0.166667 	 -0.011507 	 -0.002381
  371 	 -0.166667 	 -0.011507 	 -0.002387
  372 	 -0.166667 	 -0.011514 	 -0.002392
  373 	 -0.166667 	 -0.011512 	 -0.002387
  374 	 -0.166667 	 -0.011501 	 -0.002370
  375 	 -0.166667 	 -0.011511 	 -0.002398
  376 	 -0.166667 	 -0.011512 	 -0.002398
  377 	 -0.166667 	 -0.011595 	 -0.002404
  378 	 -0.166667 	 -0.011507 	 -0.002381
  379 	 -0.166667 	 -0.011507 	 -0.002370
  380 	 -0.166667 	 -0.011083 	 -0.002208
  381 	 -0.166667 	 -0.011517 	 -0.002410
  382 	 -0.166667 	 -0.011527 	 -0.002387
  383 	 -0.166667 	 -0.011507 	 -0.002381
  384 	 -0.166667 	 -0.011566 	 -0.002415
  385 	 -0.166667 	 -0.011527 	 -0.002421
  386 	 -0.166667 	 -0.012069 	 -0.002392
  387 	 -0.166667 	 -0.011453 	 -0.002375
  388 	 -0.166667 	 -0.011510 	 -0.002392
  389 	 -0.166667 	 -0.011510 	 -0.002387
  390 	 -0.166667 	 -0.011492 	 -0.002353
  391 	 -0.166667 	 -0.011526 	 -0.002392
  392 	 -0.166667 	 -0.011547 	 -0.002392
  393 	 -0.166667 	 -0.011597 	 -0.002421
  394 	 -0.166667 	 -0.011509 	 -0.002392
  395 	 -0.166667 	 -0.011498 	 -0.002364
  396 	 -0.166667 	 -0.011506 	 -0.002370
  397 	 -0.166667 	 -0.011531 	 -0.002387
  398 	 -0.166667 	 -0.011808 	 -0.002439
  399 	 -0.166667 	 -0.011539 	 -0.002387
 