   0 	 -1.000000 	 0.095873 	 10.000000
    1 	 -0.200000 	 -0.016400 	 -0.003049
    2 	 -0.200000 	 -0.013787 	 -0.002833
    3 	 -0.200000 	 -0.013786 	 -0.002857
    4 	 -0.200000 	 -0.013476 	 -0.002833
    5 	 -0.200000 	 -0.013806 	 -0.002849
    6 	 -0.200000 	 -0.013819 	 -0.002899
    7 	 -0.200000 	 -0.013850 	 -0.002849
    8 	 -0.200000 	 -0.013797 	 -0.002841
    9 	 -0.200000 	 -0.013808 	 -0.002857
   10 	 -0.200000 	 -0.013791 	 -0.002841
   11 	 -0.200000 	 -0.013774 	 -0.002825
   12 	 -0.200000 	 -0.013952 	 -0.002882
   13 	 -0.200000 	 -0.013818 	 -0.002865
   14 	 -0.200000 	 -0.013777 	 -0.002907
   15 	 -0.200000 	 -0.013867 	 -0.002899
   16 	 -0.200000 	 -0.013764 	 -0.002857
   17 	 -0.200000 	 -0.013808 	 -0.002857
   18 	 -0.200000 	 -0.013799 	 -0.002841
   19 	 -0.200000 	 -0.013808 	 -0.002857
   20 	 -0.200000 	 -0.013815 	 -0.002865
   21 	 -0.200000 	 -0.013593 	 -0.002825
   22 	 -0.200000 	 -0.013798 	 -0.002882
   23 	 -0.200000 	 -0.013808 	 -0.002857
   24 	 -0.200000 	 0.128999 	 10.000000
   25 	 -1.000000 	 -0.978571 	 -0.500000
   26 	 -1.000000 	 -0.070643 	 -0.015152
   27 	 -1.000000 	 -0.070024 	 -0.014706
   28 	 -1.000000 	 -0.068969 	 -0.013158
   29 	 -1.000000 	 -0.069219 	 -0.014706
   30 	 -1.000000 	 -0.069041 	 -0.014286
   31 	 -1.000000 	 -0.069041 	 -0.014286
   32 	 -1.000000 	 -0.069041 	 -0.014286
   33 	 -1.000000 	 -0.069041 	 -0.014286
   34 	 -1.000000 	 -0.069117 	 -0.014493
   35 	 -1.000000 	 -0.068678 	 -0.013889
   36 	 -1.000000 	 -0.069041 	 -0.014286
   37 	 -1.000000 	 -0.069041 	 -0.014286
   38 	 -1.000000 	 -0.089436 	 -0.013889
   39 	 -1.000000 	 -0.069041 	 -0.014286
   40 	 -1.000000 	 -0.069041 	 -0.014286
   41 	 -1.000000 	 -0.069236 	 -0.015152
   42 	 -1.000000 	 -0.067821 	 -0.013514
   43 	 -1.000000 	 -0.069041 	 -0.014286
   44 	 -1.000000 	 -0.071202 	 -0.014706
   45 	 -1.000000 	 -0.078061 	 -0.015625
   46 	 -1.000000 	 -0.067109 	 -0.013699
   47 	 -1.000000 	 -0.068643 	 -0.014706
   48 	 -1.000000 	 -0.069041 	 -0.014286
   49 	 -1.000000 	 -0.069041 	 -0.014286
   50 	 -1.000000 	 -0.069041 	 -0.014286
   51 	 -1.000000 	 -0.069041 	 -0.014286
   52 	 -1.000000 	 -0.071170 	 -0.014925
   53 	 -1.000000 	 -0.065520 	 -0.013333
   54 	 -1.000000 	 -0.069041 	 -0.014286
   55 	 -1.000000 	 -0.067734 	 -0.013889
   56 	 -1.000000 	 -0.077271 	 -0.015152
   57 	 -1.000000 	 -0.068221 	 -0.014085
   58 	 -1.000000 	 -0.068384 	 -0.012987
   59 	 -1.000000 	 -0.062739 	 -0.013514
   60 	 -1.000000 	 0.563203 	 10.000000
   61 	 -1.000000 	 0.110796 	 10.000000
   62 	 -1.000000 	 -0.075280 	 -0.016667
   63 	 -1.000000 	 -0.069283 	 -0.014493
   64 	 -1.000000 	 -0.069669 	 -0.014706
   65 	 -1.000000 	 -0.067750 	 -0.013514
   66 	 -1.000000 	 -0.070877 	 -0.014493
   67 	 -1.000000 	 -0.069106 	 -0.015152
   68 	 -1.000000 	 -0.069041 	 -0.014286
   69 	 -1.000000 	 -0.069807 	 -0.014706
   70 	 -1.000000 	 -0.069024 	 -0.013699
   71 	 -1.000000 	 -0.067584 	 -0.013514
   72 	 -1.000000 	 -0.069041 	 -0.014286
   73 	 -1.000000 	 -0.069041 	 -0.014286
   74 	 -1.000000 	 -0.071306 	 -0.015152
   75 	 -1.000000 	 -0.069041 	 -0.014286
   76 	 -1.000000 	 -0.069912 	 -0.014493
   77 	 -1.000000 	 -0.069041 	 -0.014286
   78 	 -1.000000 	 -0.069079 	 -0.014493
   79 	 -1.000000 	 -0.069041 	 -0.014286
   80 	 -1.000000 	 -0.069257 	 -0.014493
   81 	 -1.000000 	 -0.073943 	 -0.014925
   82 	 -1.000000 	 -0.064458 	 -0.013333
   83 	 -1.000000 	 -0.068845 	 -0.014085
   84 	 -1.000000 	 -0.067975 	 -0.013889
   85 	 -1.000000 	 -0.069041 	 -0.014286
   86 	 -1.000000 	 -0.069041 	 -0.014286
   87 	 -1.000000 	 -0.068628 	 -0.014493
   88 	 -1.000000 	 -0.069750 	 -0.014706
   89 	 -1.000000 	 -0.067974 	 -0.013889
   90 	 -1.000000 	 -0.069041 	 -0.014286
   91 	 -1.000000 	 -0.068333 	 -0.012821
   92 	 -1.000000 	 -0.069120 	 -0.013889
   93 	 -1.000000 	 -0.069901 	 -0.015385
   94 	 -1.000000 	 -0.069038 	 -0.013889
   95 	 -1.000000 	 -0.069183 	 -0.015152
   96 	 -1.000000 	 -0.071912 	 -0.015152
   97 	 -1.000000 	 -0.068516 	 -0.014286
   98 	 -1.000000 	 -0.069041 	 -0.014286
   99 	 -1.000000 	 -0.069677 	 -0.014493
  100 	 -1.000000 	 -0.090058 	 -0.014706
  101 	 -1.000000 	 -0.067552 	 -0.014286
  102 	 -1.000000 	 -0.069041 	 -0.014286
  103 	 -1.000000 	 -0.069041 	 -0.014286
  104 	 -1.000000 	 -0.069041 	 -0.014286
  105 	 -1.000000 	 -0.065840 	 -0.013333
  106 	 -1.000000 	 -0.068386 	 -0.012821
  107 	 -1.000000 	 -0.098842 	 -0.016129
  108 	 -1.000000 	 -0.069041 	 -0.014286
  109 	 -1.000000 	 -0.074627 	 -0.014925
  110 	 -1.000000 	 -0.069122 	 -0.014493
  111 	 -1.000000 	 -0.068914 	 -0.013514
  112 	 -1.000000 	 -0.068967 	 -0.014085
  113 	 -1.000000 	 -0.068639 	 -0.013699
  114 	 -1.000000 	 -0.069041 	 -0.014286
  115 	 -1.000000 	 -0.069041 	 -0.014286
  116 	 -1.000000 	 -0.068670 	 -0.014085
  117 	 -1.000000 	 -0.069517 	 -0.014493
  118 	 -1.000000 	 -0.069041 	 -0.014286
  119 	 -1.000000 	 -0.069041 	 -0.014286
  120 	 -1.000000 	 -0.069041 	 -0.014286
  121 	 -1.000000 	 -0.067613 	 -0.012821
  122 	 -1.000000 	 -0.069041 	 -0.014286
  123 	 -1.000000 	 -0.067456 	 -0.014085
  124 	 -1.000000 	 -0.069094 	 -0.014085
  125 	 -1.000000 	 -0.069472 	 -0.015385
  126 	 -1.000000 	 -0.066898 	 -0.014706
  127 	 -1.000000 	 -0.069041 	 -0.014286
  128 	 -1.000000 	 -0.070602 	 -0.014706
  129 	 -1.000000 	 -0.069041 	 -0.014286
  130 	 -1.000000 	 -0.069041 	 -0.014286
  131 	 -1.000000 	 -0.069041 	 -0.014286
  132 	 -1.000000 	 -0.069347 	 -0.014493
  133 	 -1.000000 	 -0.069041 	 -0.014286
  134 	 -1.000000 	 -0.068795 	 -0.014085
  135 	 -1.000000 	 -0.069242 	 -0.014706
  136 	 -1.000000 	 -0.072665 	 -0.014085
  137 	 -1.000000 	 -0.069041 	 -0.014286
  138 	 -1.000000 	 -0.068975 	 -0.014493
  139 	 -1.000000 	 -0.066434 	 -0.012987
  140 	 -1.000000 	 -0.068592 	 -0.014085
  141 	 -1.000000 	 -0.068899 	 -0.013889
  142 	 -1.000000 	 -0.069041 	 -0.014286
  143 	 -1.000000 	 -0.069372 	 -0.014706
  144 	 -1.000000 	 -0.074321 	 -0.014706
  145 	 -1.000000 	 -0.068435 	 -0.013333
  146 	 -1.000000 	 -0.069692 	 -0.015152
  147 	 -1.000000 	 -0.063411 	 -0.012987
  148 	 -1.000000 	 -0.068704 	 -0.013699
  149 	 -1.000000 	 -0.069041 	 -0.014286
  150 	 -1.000000 	 -0.069041 	 -0.014286
  151 	 -1.000000 	 -0.067633 	 -0.013333
  152 	 -1.000000 	 -0.086676 	 -0.013889
  153 	 -1.000000 	 -0.068649 	 -0.013889
  154 	 -1.000000 	 -0.077271 	 -0.015152
  155 	 -1.000000 	 -0.069041 	 -0.014286
  156 	 -1.000000 	 -0.070871 	 -0.015152
  157 	 -1.000000 	 -0.068995 	 -0.014085
  158 	 -1.000000 	 -0.069817 	 -0.015152
  159 	 -1.000000 	 -0.070263 	 -0.014706
  160 	 -1.000000 	 -0.070366 	 -0.015152
  161 	 -1.000000 	 -0.065670 	 -0.014085
  162 	 -1.000000 	 -0.065704 	 -0.014286
  163 	 -1.000000 	 -0.069203 	 -0.014493
  164 	 -1.000000 	 -0.069041 	 -0.014286
  165 	 -1.000000 	 -0.069063 	 -0.014493
  166 	 -1.000000 	 -0.069004 	 -0.014085
  167 	 -1.000000 	 -0.062099 	 -0.014085
  168 	 -1.000000 	 -0.067467 	 -0.013889
  169 	 -1.000000 	 -0.063491 	 -0.013514
  170 	 -1.000000 	 -0.070749 	 -0.014706
  171 	 -1.000000 	 -0.069041 	 -0.014286
  172 	 -1.000000 	 -0.069041 	 -0.014286
  173 	 -1.000000 	 -0.071306 	 -0.015152
  174 	 -1.000000 	 -0.067914 	 -0.012821
  175 	 -1.000000 	 -0.068527 	 -0.014085
  176 	 -1.000000 	 -0.069041 	 -0.014286
  177 	 -1.000000 	 -0.069041 	 -0.014286
  178 	 -1.000000 	 -0.068129 	 -0.014925
  179 	 -1.000000 	 -0.069386 	 -0.014493
  180 	 -1.000000 	 -0.072822 	 -0.015873
  181 	 -1.000000 	 -0.068717 	 -0.013889
  182 	 -1.000000 	 -0.068373 	 -0.012821
  183 	 -1.000000 	 -0.068972 	 -0.014085
  184 	 -1.000000 	 -0.069041 	 -0.014286
  185 	 -1.000000 	 -0.066601 	 -0.013333
  186 	 -1.000000 	 -0.064559 	 -0.014925
  187 	 -1.000000 	 -0.069041 	 -0.014286
  188 	 -1.000000 	 -0.064665 	 -0.014286
  189 	 -1.000000 	 -0.069041 	 -0.014286
  190 	 -1.000000 	 -0.070062 	 -0.014706
  191 	 -1.000000 	 -0.069047 	 -0.014286
  192 	 -1.000000 	 -0.069041 	 -0.014286
  193 	 -1.000000 	 -0.070711 	 -0.014925
  194 	 -1.000000 	 -0.069041 	 -0.014286
  195 	 -1.000000 	 -0.068904 	 -0.014085
  196 	 -1.000000 	 -0.068967 	 -0.014085
  197 	 -1.000000 	 -0.097906 	 -0.014925
  198 	 -1.000000 	 -0.069491 	 -0.015152
  199 	 -1.000000 	 -0.069041 	 -0.014286
  200 	 -1.000000 	 -0.069041 	 -0.014286
  201 	 -1.000000 	 -0.069041 	 -0.014286
  202 	 -1.000000 	 -0.068917 	 -0.014085
  203 	 -1.000000 	 -0.067680 	 -0.013514
  204 	 -1.000000 	 -0.056618 	 -0.006711
  205 	 -1.000000 	 -0.049748 	 -0.007519
  206 	 -1.000000 	 -0.068045 	 -0.014493
  207 	 -0.500000 	 -0.055390 	 -0.014925
  208 	 -0.500000 	 -0.034949 	 -0.007576
  209 	 -0.500000 	 -0.034406 	 -0.006993
  210 	 -0.500000 	 -0.034581 	 -0.007246
  211 	 -0.500000 	 -0.034541 	 -0.007407
  212 	 -0.500000 	 -0.034582 	 -0.007353
  213 	 -0.500000 	 -0.034774 	 -0.007299
  214 	 -0.500000 	 -0.034520 	 -0.007143
  215 	 -0.500000 	 -0.034520 	 -0.007143
  216 	 -0.500000 	 -0.034520 	 -0.007143
  217 	 -0.500000 	 -0.035063 	 -0.007407
  218 	 -0.500000 	 -0.034890 	 -0.007519
  219 	 -0.500000 	 -0.034454 	 -0.007194
  220 	 -0.500000 	 -0.034550 	 -0.007246
  221 	 -0.500000 	 -0.034554 	 -0.007194
  222 	 -0.500000 	 -0.034859 	 -0.007246
  223 	 -0.500000 	 -0.035635 	 -0.007407
  224 	 -0.500000 	 -0.034913 	 -0.007299
  225 	 -0.500000 	 -0.034676 	 -0.007194
  226 	 -0.500000 	 -0.034936 	 -0.007092
  227 	 -0.500000 	 -0.034520 	 -0.007143
  228 	 -0.500000 	 -0.034520 	 -0.007143
  229 	 -0.500000 	 -0.034520 	 -0.007143
  230 	 -0.500000 	 -0.033475 	 -0.006993
  231 	 -0.500000 	 -0.036931 	 -0.007143
  232 	 -0.500000 	 -0.034483 	 -0.007092
  233 	 -0.500000 	 -0.034975 	 -0.007463
  234 	 -0.500000 	 -0.034520 	 -0.007143
  235 	 -0.500000 	 -0.034790 	 -0.007194
  236 	 -0.500000 	 -0.034507 	 -0.007092
  237 	 -0.500000 	 -0.034520 	 -0.007143
  238 	 -0.500000 	 -0.034617 	 -0.006993
  239 	 -0.500000 	 -0.034520 	 -0.007143
  240 	 -0.500000 	 -0.034520 	 -0.007143
  241 	 -0.500000 	 -0.040697 	 -0.007299
  242 	 -0.500000 	 -0.034520 	 -0.007143
  243 	 -0.500000 	 -0.034577 	 -0.007194
  244 	 -0.500000 	 -0.034655 	 -0.007194
  245 	 -0.500000 	 -0.034683 	 -0.007246
  246 	 -0.500000 	 -0.034473 	 -0.007042
  247 	 -0.500000 	 -0.034520 	 -0.007143
  248 	 -0.500000 	 -0.032246 	 -0.006803
  249 	 -0.500000 	 -0.045029 	 -0.007353
  250 	 -0.500000 	 -0.035446 	 -0.007246
  251 	 -0.500000 	 -0.034580 	 -0.007194
  252 	 -0.500000 	 -0.034536 	 -0.007353
  253 	 -0.500000 	 -0.034520 	 -0.007143
  254 	 -0.500000 	 -0.034541 	 -0.007143
  255 	 -0.500000 	 -0.035883 	 -0.007299
  256 	 -0.500000 	 -0.034573 	 -0.006944
  257 	 -0.500000 	 -0.034520 	 -0.007143
  258 	 -0.500000 	 -0.034520 	 -0.007143
  259 	 -0.500000 	 -0.034531 	 -0.007092
  260 	 -0.500000 	 -0.034110 	 -0.007092
  261 	 -0.500000 	 -0.034570 	 -0.007246
  262 	 -0.500000 	 -0.033515 	 -0.006803
  263 	 -0.500000 	 -0.035212 	 -0.007246
  264 	 -0.500000 	 -0.033974 	 -0.007092
  265 	 -0.500000 	 -0.034550 	 -0.007246
  266 	 -0.500000 	 -0.034520 	 -0.007143
  267 	 -0.500000 	 -0.034507 	 -0.007092
  268 	 -0.500000 	 -0.035216 	 -0.007519
  269 	 -0.500000 	 -0.034520 	 -0.007143
  270 	 -0.500000 	 -0.034182 	 -0.007042
  271 	 -0.500000 	 -0.034520 	 -0.007143
  272 	 -0.500000 	 -0.034429 	 -0.007092
  273 	 -0.500000 	 -0.034520 	 -0.007143
  274 	 -0.500000 	 -0.034101 	 -0.006897
  275 	 -0.500000 	 0.101460 	 10.000000
  276 	 0.007143 	 0.034520 	 0.500000
  277 	 0.007143 	 0.034520 	 0.500000
  278 	 0.007042 	 0.034356 	 0.500000
  279 	 0.006993 	 0.034433 	 0.500000
  280 	 0.006897 	 0.034260 	 0.500000
  281 	 0.007143 	 0.034520 	 0.500000
  282 	 0.006993 	 0.034446 	 0.500000
  283 	 0.006711 	 0.033835 	 0.500000
  284 	 0.006897 	 0.032787 	 0.500000
  285 	 0.006757 	 0.032724 	 0.500000
  286 	 0.006579 	 0.033043 	 0.500000
  287 	 0.006667 	 0.033197 	 0.500000
  288 	 0.006803 	 0.034386 	 0.500000
  289 	 0.007194 	 0.034521 	 0.500000
  290 	 0.007246 	 0.035439 	 0.500000
  291 	 0.007143 	 0.033625 	 0.500000
  292 	 0.006757 	 0.031301 	 0.500000
  293 	 0.006369 	 0.032655 	 0.500000
  294 	 0.006536 	 0.034058 	 0.500000
  295 	 0.007299 	 0.035193 	 0.500000
  296 	 0.007874 	 0.042032 	 0.500000
  297 	 0.007874 	 0.035983 	 0.500000
  298 	 0.008065 	 0.035494 	 0.500000
  299 	 0.007194 	 0.033691 	 0.500000
  300 	 0.006944 	 0.033135 	 0.500000
  301 	 0.006667 	 0.032494 	 0.500000
  302 	 0.006536 	 0.033160 	 0.500000
  303 	 0.006579 	 0.034165 	 0.500000
  304 	 0.006849 	 0.035838 	 0.500000
  305 	 0.008065 	 0.047293 	 1.000000
  306 	 0.009434 	 0.042736 	 0.500000
  307 	 0.008772 	 0.060402 	 1.000000
  308 	 0.015152 	 0.231792 	 10.000000
  309 	 -0.500000 	 -0.038800 	 -0.010638
  310 	 -0.500000 	 -0.034356 	 -0.006897
  311 	 -1.000000 	 -0.044372 	 -0.007194
  312 	 -0.500000 	 0.119272 	 10.000000
  313 	 -1.000000 	 -0.078845 	 -0.016393
  314 	 -1.000000 	 -0.070871 	 -0.015152
  315 	 -1.000000 	 -0.069041 	 -0.014286
  316 	 -1.000000 	 -0.068477 	 -0.013699
  317 	 -1.000000 	 -0.069041 	 -0.014286
  318 	 -1.000000 	 -0.067974 	 -0.013889
  319 	 -1.000000 	 -0.069041 	 -0.014286
  320 	 -1.000000 	 -0.070880 	 -0.014706
  321 	 -1.000000 	 -0.087051 	 -0.020833
  322 	 -1.000000 	 -0.069041 	 -0.014286
  323 	 -1.000000 	 -0.069041 	 -0.014286
  324 	 -1.000000 	 -0.069041 	 -0.014286
  325 	 -1.000000 	 -0.069041 	 -0.014286
  326 	 -1.000000 	 0.088513 	 10.000000
  327 	 -1.000000 	 -0.087226 	 -0.020408
  328 	 -1.000000 	 -0.068289 	 -0.014085
  329 	 -1.000000 	 -0.070265 	 -0.014493
  330 	 -1.000000 	 -0.069041 	 -0.014286
  331 	 -1.000000 	 -0.068950 	 -0.014085
  332 	 -1.000000 	 -0.069041 	 -0.014286
  333 	 -1.000000 	 -0.069041 	 -0.014286
  334 	 -1.000000 	 -0.069041 	 -0.014286
  335 	 -1.000000 	 -0.069041 	 -0.014286
  336 	 -1.000000 	 -0.071658 	 -0.016129
  337 	 -1.000000 	 -0.069370 	 -0.015385
  338 	 -1.000000 	 -0.069050 	 -0.014493
  339 	 -1.000000 	 -0.068999 	 -0.014286
  340 	 -1.000000 	 -0.069041 	 -0.014286
  341 	 -1.000000 	 -0.069041 	 -0.014286
  342 	 -1.000000 	 -0.067818 	 -0.014085
  343 	 -1.000000 	 -0.068870 	 -0.013699
  344 	 -1.000000 	 -0.069041 	 -0.014286
  345 	 -1.000000 	 -0.069041 	 -0.014286
  346 	 -1.000000 	 -0.064386 	 -0.013158
  347 	 -1.000000 	 -0.068471 	 -0.013889
  348 	 -1.000000 	 -0.068856 	 -0.014085
  349 	 -1.000000 	 -0.069124 	 -0.014925
  350 	 -1.000000 	 -0.068885 	 -0.014085
  351 	 -1.000000 	 -0.069053 	 -0.014493
  352 	 -1.000000 	 -0.071694 	 -0.014493
  353 	 -1.000000 	 -0.068014 	 -0.014706
  354 	 -1.000000 	 -0.068717 	 -0.013889
  355 	 -1.000000 	 -0.069521 	 -0.015152
  356 	 -1.000000 	 -0.068661 	 -0.013699
  357 	 -1.000000 	 -0.068724 	 -0.013333
  358 	 -1.000000 	 -0.069316 	 -0.015152
  359 	 -1.000000 	 -0.069004 	 -0.014085
  360 	 -1.000000 	 -0.070756 	 -0.015625
  361 	 -1.000000 	 -0.069019 	 -0.014085
  362 	 -0.250000 	 -0.043340 	 -0.013333
  363 	 -0.250000 	 -0.017972 	 -0.003676
  364 	 -0.250000 	 -0.017464 	 -0.003623
  365 	 -0.250000 	 -0.017080 	 -0.003597
  366 	 -0.250000 	 -0.017148 	 -0.003521
  367 	 -0.250000 	 -0.017285 	 -0.003623
  368 	 -0.250000 	 -0.017259 	 -0.003546
  369 	 -0.250000 	 -0.017260 	 -0.003571
  370 	 -0.250000 	 -0.017276 	 -0.003597
  371 	 -0.250000 	 -0.017260 	 -0.003571
  372 	 -0.250000 	 -0.017879 	 -0.003636
  373 	 -0.250000 	 -0.017276 	 -0.003597
  374 	 -0.250000 	 -0.017260 	 -0.003571
  375 	 -0.250000 	 -0.017415 	 -0.003597
  376 	 -0.250000 	 -0.017250 	 -0.003623
  377 	 -0.250000 	 -0.017281 	 -0.003610
  378 	 -0.250000 	 -0.017260 	 -0.003571
  379 	 -0.250000 	 -0.017342 	 -0.003623
  380 	 -0.250000 	 -0.017397 	 -0.003623
  381 	 -0.250000 	 -0.017244 	 -0.003663
  382 	 -0.250000 	 -0.020382 	 -0.004255
  383 	 -0.250000 	 -0.017486 	 -0.003610
  384 	 -0.250000 	 -0.017260 	 -0.003571
  385 	 -0.250000 	 -0.017255 	 -0.003546
  386 	 -0.250000 	 -0.017275 	 -0.003663
  387 	 -0.250000 	 -0.017294 	 -0.003623
  388 	 -0.250000 	 -0.017261 	 -0.003636
  389 	 -0.250000 	 -0.017304 	 -0.003571
  390 	 -0.250000 	 -0.017359 	 -0.003610
  391 	 -0.250000 	 -0.017281 	 -0.003584
  392 	 -0.250000 	 -0.017261 	 -0.003584
  393 	 -0.250000 	 -0.017804 	 -0.003623
  394 	 -0.250000 	 -0.017284 	 -0.003597
  395 	 -0.250000 	 -0.017185 	 -0.003597
  396 	 -0.250000 	 -0.017348 	 -0.003610
  397 	 -0.250000 	 -0.017349 	 -0.003610
  398 	 -0.250000 	 -0.017262 	 -0.003597
  399 	 -0.250000 	 -0.017463 	 -0.003610
 