   0 	 -1.000000 	 -0.078862 	 1.000000
    1 	 -0.333333 	 -0.023459 	 -0.004854
    2 	 -0.333333 	 -0.023020 	 -0.004785
    3 	 -0.333333 	 -0.023014 	 -0.004762
    4 	 -0.333333 	 -0.022989 	 -0.004739
    5 	 -0.333333 	 -0.023014 	 -0.004762
    6 	 -0.333333 	 -0.022732 	 -0.004762
    7 	 -0.333333 	 -0.023014 	 -0.004762
    8 	 -0.333333 	 -0.023126 	 -0.004854
    9 	 -0.333333 	 -0.024499 	 -0.005051
   10 	 -0.333333 	 -0.023037 	 -0.004808
   11 	 -0.333333 	 -0.022946 	 -0.004739
   12 	 -0.333333 	 -0.022998 	 -0.004695
   13 	 -0.333333 	 -0.023505 	 -0.004785
   14 	 -0.333333 	 -0.023014 	 -0.004762
   15 	 -0.333333 	 -0.023090 	 -0.004854
   16 	 -0.250000 	 -0.020703 	 -0.004651
   17 	 -0.333333 	 -0.019199 	 -0.003745
   18 	 -0.333333 	 -0.021527 	 -0.004367
   19 	 -0.250000 	 -0.019045 	 -0.004444
   20 	 -0.250000 	 -0.018426 	 -0.003759
   21 	 -0.250000 	 -0.017280 	 -0.003584
   22 	 -0.250000 	 -0.017300 	 -0.003597
   23 	 -0.250000 	 -0.017260 	 -0.003571
   24 	 -0.250000 	 -0.017260 	 -0.003571
   25 	 -0.250000 	 -0.017393 	 -0.003597
   26 	 -0.250000 	 -0.017261 	 -0.003597
   27 	 -0.250000 	 -0.017260 	 -0.003571
   28 	 -0.250000 	 -0.017277 	 -0.003584
   29 	 -0.250000 	 -0.017260 	 -0.003571
   30 	 -0.250000 	 -0.017129 	 -0.003534
   31 	 -0.250000 	 -0.017260 	 -0.003571
   32 	 -0.250000 	 -0.017278 	 -0.003610
   33 	 -0.250000 	 -0.017258 	 -0.003559
   34 	 -0.250000 	 -0.017284 	 -0.003597
   35 	 -0.250000 	 -0.017260 	 -0.003571
   36 	 -0.250000 	 -0.017260 	 -0.003571
   37 	 -0.250000 	 -0.017260 	 -0.003571
   38 	 -0.250000 	 -0.017259 	 -0.003521
   39 	 -0.250000 	 -0.017156 	 -0.003559
   40 	 -0.250000 	 -0.017006 	 -0.003472
   41 	 -0.250000 	 -0.017260 	 -0.003571
   42 	 -0.250000 	 -0.017793 	 -0.003650
   43 	 -0.250000 	 -0.017260 	 -0.003571
   44 	 -0.250000 	 -0.017205 	 -0.003521
   45 	 -0.250000 	 -0.017708 	 -0.003584
   46 	 -0.250000 	 -0.017261 	 -0.003571
   47 	 -0.250000 	 -0.017260 	 -0.003571
   48 	 -0.250000 	 -0.017273 	 -0.003584
   49 	 -0.250000 	 -0.017260 	 -0.003571
   50 	 -0.250000 	 -0.017260 	 -0.003571
   51 	 -0.250000 	 -0.017260 	 -0.003571
   52 	 -0.250000 	 -0.017103 	 -0.003509
   53 	 -0.250000 	 -0.017260 	 -0.003571
   54 	 -0.250000 	 -0.017280 	 -0.003623
   55 	 -0.250000 	 -0.017255 	 -0.003559
   56 	 -0.250000 	 -0.017196 	 -0.003559
   57 	 -0.250000 	 -0.017606 	 -0.003623
   58 	 -0.250000 	 -0.017247 	 -0.003571
   59 	 -0.250000 	 -0.017566 	 -0.003623
   60 	 -0.250000 	 -0.017248 	 -0.003559
   61 	 -0.250000 	 -0.017260 	 -0.003571
   62 	 -0.250000 	 -0.017260 	 -0.003571
   63 	 -0.250000 	 -0.017237 	 -0.003571
   64 	 -0.250000 	 -0.017202 	 -0.003521
   65 	 -0.250000 	 -0.017274 	 -0.003584
   66 	 -0.250000 	 -0.017260 	 -0.003571
   67 	 -0.250000 	 -0.017260 	 -0.003571
   68 	 -0.250000 	 -0.018281 	 -0.003745
   69 	 -0.250000 	 -0.017468 	 -0.003584
   70 	 -0.250000 	 -0.017366 	 -0.003623
   71 	 -0.250000 	 -0.017409 	 -0.003597
   72 	 -0.250000 	 -0.017220 	 -0.003534
   73 	 -0.250000 	 -0.017202 	 -0.003559
   74 	 -0.250000 	 -0.017262 	 -0.003584
   75 	 -0.250000 	 -0.017251 	 -0.003597
   76 	 -0.250000 	 -0.017290 	 -0.003597
   77 	 -0.250000 	 -0.017225 	 -0.003559
   78 	 -0.250000 	 -0.017354 	 -0.003584
   79 	 -0.250000 	 -0.017314 	 -0.003731
   80 	 -0.250000 	 -0.017260 	 -0.003571
   81 	 -0.250000 	 -0.016964 	 -0.003546
   82 	 -0.250000 	 -0.017241 	 -0.003546
   83 	 -0.250000 	 -0.017242 	 -0.003559
   84 	 -0.250000 	 -0.017338 	 -0.003597
   85 	 -0.250000 	 -0.017180 	 -0.003559
   86 	 -0.250000 	 -0.017248 	 -0.003559
   87 	 -0.250000 	 -0.017598 	 -0.003610
   88 	 -0.250000 	 -0.017242 	 -0.003559
   89 	 -0.250000 	 -0.017204 	 -0.003484
   90 	 -0.250000 	 -0.017260 	 -0.003571
   91 	 -0.250000 	 -0.017241 	 -0.003571
   92 	 -0.250000 	 -0.017260 	 -0.003559
   93 	 -0.250000 	 -0.017303 	 -0.003597
   94 	 -0.250000 	 -0.017312 	 -0.003623
   95 	 -0.250000 	 -0.017260 	 -0.003571
   96 	 -0.250000 	 -0.017287 	 -0.003597
   97 	 -0.250000 	 -0.017148 	 -0.003521
   98 	 -0.250000 	 -0.017260 	 -0.003571
   99 	 -0.250000 	 -0.018614 	 -0.003597
  100 	 -0.250000 	 -0.017260 	 -0.003571
  101 	 -0.250000 	 -0.017260 	 -0.003571
  102 	 -0.250000 	 -0.017265 	 -0.003597
  103 	 -0.250000 	 -0.017273 	 -0.003584
  104 	 -0.250000 	 -0.017260 	 -0.003571
  105 	 -0.250000 	 -0.017211 	 -0.003509
  106 	 -0.250000 	 -0.018599 	 -0.003584
  107 	 -0.250000 	 -0.017318 	 -0.003584
  108 	 -0.250000 	 -0.017610 	 -0.003584
  109 	 -0.250000 	 -0.017773 	 -0.003636
  110 	 -0.250000 	 -0.021139 	 -0.003636
  111 	 -0.250000 	 -0.017270 	 -0.003597
  112 	 -0.250000 	 -0.017337 	 -0.003623
  113 	 -0.250000 	 -0.017039 	 -0.003484
  114 	 -0.250000 	 -0.017283 	 -0.003650
  115 	 -0.250000 	 -0.017265 	 -0.003584
  116 	 -0.250000 	 -0.017534 	 -0.003623
  117 	 -0.250000 	 -0.017256 	 -0.003559
  118 	 -0.250000 	 -0.017213 	 -0.003534
  119 	 -0.250000 	 -0.017271 	 -0.003597
  120 	 -0.250000 	 -0.017201 	 -0.003509
  121 	 -0.250000 	 -0.017520 	 -0.003597
  122 	 -0.250000 	 -0.016590 	 -0.003534
  123 	 -0.250000 	 -0.016738 	 -0.003559
  124 	 -0.250000 	 -0.017264 	 -0.003584
  125 	 -0.250000 	 -0.017231 	 -0.003559
  126 	 -0.250000 	 -0.017291 	 -0.003610
  127 	 -0.250000 	 -0.017364 	 -0.003623
  128 	 -0.250000 	 -0.017354 	 -0.003584
  129 	 -0.250000 	 -0.017326 	 -0.003584
  130 	 -0.250000 	 -0.017266 	 -0.003597
  131 	 -0.250000 	 -0.017260 	 -0.003571
  132 	 -0.250000 	 -0.017243 	 -0.003546
  133 	 -0.250000 	 -0.017259 	 -0.003559
  134 	 -0.250000 	 -0.017248 	 -0.003559
  135 	 -0.250000 	 -0.017275 	 -0.003597
  136 	 -0.250000 	 -0.017260 	 -0.003571
  137 	 -0.250000 	 -0.017487 	 -0.003597
  138 	 -0.250000 	 -0.017245 	 -0.003546
  139 	 -0.250000 	 0.125630 	 10.000000
  140 	 -1.000000 	 3.470476 	 10.000000
  141 	 -0.500000 	 0.528571 	 10.000000
  142 	 1.000000 	 7.042857 	 10.000000
  143 	 0.333333 	 9.447619 	 10.000000
  144 	 0.200000 	 1.462857 	 10.000000
  145 	 -1.000000 	 1.907143 	 10.000000
  146 	 0.166667 	 0.665714 	 10.000000
  147 	 0.200000 	 2.001667 	 10.000000
  148 	 -0.333333 	 3.800000 	 10.000000
  149 	 0.200000 	 0.931429 	 10.000000
  150 	 10.000000 	 10.000000 	 10.000000
  151 	 10.000000 	 10.000000 	 10.000000
  152 	 -0.333333 	 5.571429 	 10.000000
  153 	 10.000000 	 10.000000 	 10.000000
  154 	 -1.000000 	 0.485714 	 10.000000
  155 	 0.500000 	 8.371429 	 10.000000
  156 	 -0.250000 	 -0.235000 	 -0.200000
  157 	 -0.250000 	 -0.017667 	 -0.003650
  158 	 -0.250000 	 -0.017333 	 -0.003597
  159 	 -0.250000 	 -0.017297 	 -0.003584
  160 	 -0.250000 	 -0.017260 	 -0.003571
  161 	 -0.250000 	 -0.017287 	 -0.003597
  162 	 -0.250000 	 -0.017272 	 -0.003623
  163 	 -0.250000 	 -0.017173 	 -0.003521
  164 	 -0.250000 	 -0.017309 	 -0.003663
  165 	 -0.250000 	 -0.017281 	 -0.003597
  166 	 -0.250000 	 -0.017260 	 -0.003571
  167 	 -0.250000 	 -0.017237 	 -0.003534
  168 	 -0.250000 	 -0.017260 	 -0.003571
  169 	 -0.250000 	 -0.017233 	 -0.003521
  170 	 -0.250000 	 -0.017257 	 -0.003534
  171 	 -0.250000 	 -0.017454 	 -0.003636
  172 	 -0.250000 	 -0.017260 	 -0.003571
  173 	 -0.250000 	 -0.017270 	 -0.003623
  174 	 -0.250000 	 -0.017254 	 -0.003584
  175 	 -0.250000 	 -0.017260 	 -0.003571
  176 	 -0.250000 	 -0.017260 	 -0.003571
  177 	 -0.250000 	 -0.017260 	 -0.003571
  178 	 -0.250000 	 -0.017539 	 -0.003636
  179 	 -0.250000 	 -0.017260 	 -0.003571
  180 	 -0.250000 	 -0.017260 	 -0.003571
  181 	 -0.250000 	 -0.017260 	 -0.003571
  182 	 -0.250000 	 0.125648 	 10.000000
  183 	 10.000000 	 10.000000 	 10.000000
  184 	 0.200000 	 4.690714 	 10.000000
  185 	 0.125000 	 1.596429 	 10.000000
  186 	 -1.000000 	 0.543810 	 10.000000
  187 	 0.500000 	 1.314286 	 10.000000
  188 	 1.000000 	 7.428571 	 10.000000
  189 	 0.500000 	 4.028571 	 10.000000
  190 	 -0.500000 	 4.300000 	 10.000000
  191 	 10.000000 	 10.000000 	 10.000000
  192 	 10.000000 	 10.000000 	 10.000000
  193 	 -1.000000 	 1.533333 	 10.000000
  194 	 1.000000 	 2.157143 	 10.000000
  195 	 -0.250000 	 1.096429 	 10.000000
  196 	 10.000000 	 10.000000 	 10.000000
  197 	 -1.000000 	 2.157143 	 10.000000
  198 	 -0.500000 	 0.373810 	 10.000000
  199 	 10.000000 	 10.000000 	 10.000000
  200 	 10.000000 	 10.000000 	 10.000000
  201 	 10.000000 	 10.000000 	 10.000000
  202 	 -1.000000 	 4.314286 	 10.000000
  203 	 0.333333 	 1.676190 	 10.000000
  204 	 -0.500000 	 6.700000 	 10.000000
  205 	 -0.333333 	 -0.254762 	 -0.250000
  206 	 -0.250000 	 -0.017260 	 -0.003571
  207 	 -0.250000 	 -0.017379 	 -0.003623
  208 	 -0.250000 	 -0.017259 	 -0.003559
  209 	 -0.250000 	 -0.017260 	 -0.003571
  210 	 -0.250000 	 -0.017283 	 -0.003597
  211 	 -0.111111 	 -0.013217 	 -0.003509
  212 	 -0.250000 	 -0.010538 	 -0.001678
  213 	 -0.250000 	 -0.017260 	 -0.003571
  214 	 -0.250000 	 -0.017260 	 -0.003571
  215 	 -0.250000 	 -0.017259 	 -0.003597
  216 	 -0.250000 	 -0.017258 	 -0.003521
  217 	 -0.250000 	 -0.017260 	 -0.003571
  218 	 -0.250000 	 -0.017240 	 -0.003559
  219 	 -0.250000 	 -0.017752 	 -0.003610
  220 	 -0.250000 	 -0.017241 	 -0.003571
  221 	 -0.250000 	 -0.017258 	 -0.003559
  222 	 -0.250000 	 -0.017260 	 -0.003571
  223 	 -0.250000 	 -0.017260 	 -0.003571
  224 	 -0.250000 	 -0.017277 	 -0.003597
  225 	 -0.250000 	 -0.017216 	 -0.003546
  226 	 -0.250000 	 -0.017324 	 -0.003610
  227 	 -0.250000 	 -0.017105 	 -0.003534
  228 	 -0.250000 	 -0.017266 	 -0.003597
  229 	 -0.250000 	 -0.017332 	 -0.003636
  230 	 -0.250000 	 -0.017260 	 -0.003571
  231 	 -0.250000 	 -0.016694 	 -0.003484
  232 	 -0.250000 	 -0.017272 	 -0.003610
  233 	 -0.250000 	 -0.017301 	 -0.003623
  234 	 -0.250000 	 -0.020128 	 -0.003636
  235 	 -0.250000 	 -0.017260 	 -0.003571
  236 	 -0.250000 	 -0.017227 	 -0.003521
  237 	 -0.250000 	 -0.017263 	 -0.003584
  238 	 -0.250000 	 -0.017463 	 -0.003610
  239 	 -0.250000 	 -0.017287 	 -0.003623
  240 	 -0.250000 	 -0.017248 	 -0.003571
  241 	 -0.250000 	 -0.017260 	 -0.003571
  242 	 -0.250000 	 -0.017441 	 -0.003534
  243 	 -0.250000 	 -0.017080 	 -0.003559
  244 	 -0.250000 	 -0.017260 	 -0.003571
  245 	 -0.250000 	 -0.017263 	 -0.003610
  246 	 -0.250000 	 -0.017257 	 -0.003571
  247 	 -0.250000 	 -0.017978 	 -0.003774
  248 	 -0.250000 	 -0.017422 	 -0.003534
  249 	 -0.250000 	 -0.017260 	 -0.003571
  250 	 -0.250000 	 -0.017260 	 -0.003571
  251 	 -0.250000 	 -0.017318 	 -0.003610
  252 	 -0.250000 	 -0.017261 	 -0.003584
  253 	 -0.250000 	 -0.017256 	 -0.003546
  254 	 -0.250000 	 -0.017245 	 -0.003559
  255 	 -0.250000 	 -0.017251 	 -0.003546
  256 	 -0.250000 	 -0.017219 	 -0.003559
  257 	 -0.250000 	 -0.017237 	 -0.003497
  258 	 -0.250000 	 -0.017241 	 -0.003534
  259 	 -0.250000 	 -0.017447 	 -0.003610
  260 	 -0.250000 	 -0.017235 	 -0.003534
  261 	 -0.250000 	 -0.017260 	 -0.003571
  262 	 -0.250000 	 -0.017260 	 -0.003571
  263 	 -0.250000 	 -0.017260 	 -0.003571
  264 	 -0.250000 	 -0.017574 	 -0.003597
  265 	 -0.250000 	 -0.017219 	 -0.003521
  266 	 -0.250000 	 -0.017260 	 -0.003571
  267 	 -0.250000 	 -0.017260 	 -0.003571
  268 	 -0.250000 	 -0.017243 	 -0.003559
  269 	 -0.250000 	 -0.016590 	 -0.003497
  270 	 -0.250000 	 -0.017161 	 -0.003484
  271 	 -0.250000 	 -0.017376 	 -0.003676
  272 	 -0.250000 	 -0.017260 	 -0.003571
  273 	 -0.250000 	 -0.017131 	 -0.003534
  274 	 -0.250000 	 -0.017260 	 -0.003571
  275 	 -0.250000 	 -0.016961 	 -0.003484
  276 	 -0.250000 	 -0.017260 	 -0.003571
  277 	 -0.250000 	 -0.017260 	 -0.003571
  278 	 -0.250000 	 -0.017255 	 -0.003546
  279 	 -0.250000 	 -0.020794 	 -0.003650
  280 	 -0.250000 	 -0.017258 	 -0.003559
  281 	 -0.250000 	 -0.017184 	 -0.003546
  282 	 -0.250000 	 -0.016777 	 -0.003571
  283 	 -0.250000 	 -0.017239 	 -0.003559
  284 	 -0.250000 	 -0.017227 	 -0.003559
  285 	 -0.250000 	 -0.017264 	 -0.003623
  286 	 -0.250000 	 -0.017254 	 -0.003559
  287 	 -0.250000 	 -0.017242 	 -0.003546
  288 	 -0.250000 	 -0.017254 	 -0.003546
  289 	 -0.250000 	 -0.017414 	 -0.003597
  290 	 -0.250000 	 -0.017354 	 -0.003584
  291 	 -0.250000 	 -0.017260 	 -0.003571
  292 	 -0.250000 	 -0.017262 	 -0.003584
  293 	 -0.250000 	 -0.017314 	 -0.003690
  294 	 -0.250000 	 -0.017257 	 -0.003571
  295 	 -0.250000 	 -0.017253 	 -0.003559
  296 	 -0.250000 	 -0.017617 	 -0.003636
  297 	 -0.250000 	 -0.017260 	 -0.003571
  298 	 -0.250000 	 -0.017286 	 -0.003636
  299 	 -0.250000 	 -0.017397 	 -0.003623
  300 	 -0.250000 	 -0.017280 	 -0.003584
  301 	 -0.250000 	 -0.017260 	 -0.003571
  302 	 -0.250000 	 -0.017264 	 -0.003584
  303 	 -0.250000 	 -0.017261 	 -0.003584
  304 	 -0.250000 	 -0.017684 	 -0.003584
  305 	 -0.250000 	 -0.017260 	 -0.003571
  306 	 -0.250000 	 -0.017260 	 -0.003571
  307 	 -0.250000 	 -0.017041 	 -0.003378
  308 	 -0.250000 	 -0.017260 	 -0.003571
  309 	 -0.250000 	 -0.017260 	 -0.003571
  310 	 -0.250000 	 -0.017131 	 -0.003497
  311 	 -0.250000 	 -0.017212 	 -0.003584
  312 	 -0.250000 	 -0.017321 	 -0.003623
  313 	 -0.250000 	 -0.017260 	 -0.003571
  314 	 -0.250000 	 -0.017260 	 -0.003571
  315 	 -0.250000 	 -0.017260 	 -0.003571
  316 	 -0.250000 	 -0.017266 	 -0.003597
  317 	 -0.250000 	 -0.017507 	 -0.003623
  318 	 -0.250000 	 -0.017271 	 -0.003610
  319 	 -0.250000 	 -0.017260 	 -0.003571
  320 	 -0.250000 	 -0.017271 	 -0.003584
  321 	 -0.250000 	 -0.017451 	 -0.003584
  322 	 -0.250000 	 -0.018750 	 -0.003546
  323 	 -0.250000 	 -0.017260 	 -0.003571
  324 	 -0.250000 	 -0.017260 	 -0.003571
  325 	 -0.250000 	 -0.017265 	 -0.003610
  326 	 -0.250000 	 -0.017260 	 -0.003571
  327 	 -0.250000 	 -0.017795 	 -0.003610
  328 	 -0.250000 	 -0.018510 	 -0.003584
  329 	 -0.250000 	 -0.017359 	 -0.003559
  330 	 -0.250000 	 -0.017298 	 -0.003676
  331 	 -0.250000 	 -0.017255 	 -0.003534
  332 	 -0.250000 	 -0.017162 	 -0.003610
  333 	 -0.250000 	 -0.017260 	 -0.003571
  334 	 -0.250000 	 -0.017318 	 -0.003610
  335 	 -0.250000 	 -0.017401 	 -0.003597
  336 	 -0.250000 	 -0.017285 	 -0.003623
  337 	 -0.250000 	 -0.017260 	 -0.003571
  338 	 -0.250000 	 -0.017278 	 -0.003623
  339 	 -0.250000 	 -0.017239 	 -0.003571
  340 	 -0.250000 	 -0.017387 	 -0.003584
  341 	 -0.250000 	 -0.017238 	 -0.003534
  342 	 -0.250000 	 -0.017172 	 -0.003546
  343 	 -0.250000 	 -0.017245 	 -0.003559
  344 	 -0.250000 	 -0.017243 	 -0.003509
  345 	 -0.250000 	 -0.016998 	 -0.003546
  346 	 -0.250000 	 -0.017267 	 -0.003571
  347 	 -0.250000 	 -0.017232 	 -0.003497
  348 	 -0.250000 	 -0.017867 	 -0.003663
  349 	 -0.250000 	 -0.017336 	 -0.003597
  350 	 -0.333333 	 -0.019064 	 -0.003584
  351 	 -0.250000 	 -0.020584 	 -0.004587
  352 	 -0.250000 	 -0.017798 	 -0.003731
  353 	 -0.250000 	 -0.017647 	 -0.003717
  354 	 -0.250000 	 -0.017298 	 -0.003610
  355 	 -0.200000 	 -0.015950 	 -0.003571
  356 	 -0.250000 	 -0.015176 	 -0.002890
  357 	 -0.200000 	 -0.015041 	 -0.003279
  358 	 -0.200000 	 -0.014112 	 -0.003003
  359 	 -0.200000 	 -0.013483 	 -0.002857
  360 	 -0.200000 	 -0.013823 	 -0.002890
  361 	 -0.200000 	 -0.013808 	 -0.002857
  362 	 -0.200000 	 -0.013808 	 -0.002865
  363 	 -0.250000 	 -0.015447 	 -0.002985
  364 	 -0.250000 	 -0.016963 	 -0.003367
  365 	 -0.250000 	 -0.017260 	 -0.003571
  366 	 -0.250000 	 -0.017681 	 -0.003623
  367 	 -0.200000 	 -0.015998 	 -0.003559
  368 	 -0.250000 	 -0.015354 	 -0.003049
  369 	 -0.250000 	 -0.016517 	 -0.003413
  370 	 -0.250000 	 -0.016576 	 -0.003356
  371 	 -0.250000 	 -0.017623 	 -0.003623
  372 	 -0.250000 	 -0.017278 	 -0.003650
  373 	 -0.250000 	 -0.017692 	 -0.003846
  374 	 -0.250000 	 -0.018209 	 -0.004016
  375 	 -0.250000 	 -0.016919 	 -0.003484
  376 	 -0.250000 	 -0.014916 	 -0.002695
  377 	 -0.250000 	 -0.017260 	 -0.003571
  378 	 -0.250000 	 -0.017335 	 -0.003546
  379 	 -0.250000 	 -0.017241 	 -0.003521
  380 	 -0.250000 	 -0.017380 	 -0.003597
  381 	 -0.250000 	 -0.017221 	 -0.003521
  382 	 -0.250000 	 -0.017298 	 -0.003623
  383 	 -0.250000 	 -0.017115 	 -0.003460
  384 	 -0.250000 	 -0.017138 	 -0.003546
  385 	 -0.250000 	 -0.017188 	 -0.003521
  386 	 -0.250000 	 -0.015883 	 -0.003534
  387 	 -0.250000 	 -0.017281 	 -0.003534
  388 	 -0.250000 	 -0.017260 	 -0.003571
  389 	 -0.250000 	 -0.017260 	 -0.003571
  390 	 -0.250000 	 -0.017248 	 -0.003559
  391 	 -0.250000 	 -0.017260 	 -0.003571
  392 	 -0.250000 	 -0.017186 	 -0.003521
  393 	 -0.250000 	 -0.016936 	 -0.003448
  394 	 -0.250000 	 -0.017062 	 -0.003509
  395 	 -0.250000 	 -0.017260 	 -0.003571
  396 	 -0.250000 	 -0.017268 	 -0.003597
  397 	 -0.250000 	 -0.017260 	 -0.003571
  398 	 -0.250000 	 -0.017260 	 -0.003571
  399 	 -0.250000 	 -0.017260 	 -0.003571
 