   0 	 -0.333333 	 -0.028655 	 0.333333
    1 	 -0.200000 	 -0.014112 	 -0.003497
    2 	 -0.200000 	 -0.013813 	 -0.002882
    3 	 -0.200000 	 -0.013808 	 -0.002857
    4 	 -0.200000 	 -0.013808 	 -0.002857
    5 	 -0.200000 	 -0.013927 	 -0.002890
    6 	 -0.200000 	 -0.013805 	 -0.002825
    7 	 -0.200000 	 -0.013055 	 -0.002825
    8 	 -0.200000 	 -0.013823 	 -0.002890
    9 	 -0.200000 	 -0.013808 	 -0.002857
   10 	 -0.200000 	 -0.013808 	 -0.002857
   11 	 -0.200000 	 -0.014292 	 -0.002890
   12 	 -0.200000 	 -0.013808 	 -0.002857
   13 	 -0.200000 	 -0.013760 	 -0.002833
   14 	 -0.200000 	 -0.013889 	 -0.002882
   15 	 -0.200000 	 -0.013815 	 -0.002865
   16 	 -0.200000 	 -0.013808 	 -0.002857
   17 	 -0.200000 	 -0.013808 	 -0.002857
   18 	 -0.200000 	 -0.013808 	 -0.002857
   19 	 -0.200000 	 -0.013829 	 -0.002865
   20 	 -0.200000 	 -0.013693 	 -0.002786
   21 	 -0.200000 	 -0.013808 	 -0.002857
   22 	 -0.200000 	 -0.013808 	 -0.002857
   23 	 -0.200000 	 -0.013808 	 -0.002857
   24 	 -0.200000 	 -0.013808 	 -0.002857
   25 	 -0.200000 	 -0.013808 	 -0.002857
   26 	 -0.200000 	 -0.013808 	 -0.002857
   27 	 -0.200000 	 -0.013808 	 -0.002857
   28 	 -0.200000 	 -0.013788 	 -0.002849
   29 	 -0.200000 	 -0.013750 	 -0.002833
   30 	 -0.200000 	 -0.013808 	 -0.002857
   31 	 -0.200000 	 -0.013808 	 -0.002857
   32 	 -0.200000 	 -0.013831 	 -0.002874
   33 	 -0.200000 	 -0.013810 	 -0.002865
   34 	 -0.200000 	 -0.014137 	 -0.002890
   35 	 -0.200000 	 -0.013828 	 -0.002865
   36 	 -0.200000 	 -0.013658 	 -0.002809
   37 	 -0.200000 	 -0.013833 	 -0.002882
   38 	 -0.200000 	 -0.013040 	 -0.002809
   39 	 -0.200000 	 -0.013281 	 -0.002825
   40 	 -0.200000 	 -0.013801 	 -0.002899
   41 	 -0.200000 	 -0.013808 	 -0.002857
   42 	 -0.200000 	 -0.013948 	 -0.002874
   43 	 -0.200000 	 -0.013808 	 -0.002857
   44 	 -0.200000 	 -0.013808 	 -0.002857
   45 	 -0.200000 	 -0.013719 	 -0.002825
   46 	 -0.200000 	 -0.013800 	 -0.002833
   47 	 -0.200000 	 -0.013808 	 -0.002857
   48 	 -0.200000 	 -0.013834 	 -0.002899
   49 	 -0.200000 	 -0.013814 	 -0.002874
   50 	 -0.200000 	 -0.013831 	 -0.002865
   51 	 -0.200000 	 -0.013837 	 -0.002874
   52 	 -0.200000 	 -0.013867 	 -0.002890
   53 	 -0.200000 	 -0.013796 	 -0.002841
   54 	 -0.200000 	 -0.013811 	 -0.002865
   55 	 -0.200000 	 -0.013818 	 -0.002849
   56 	 -0.333333 	 -0.016544 	 -0.002874
   57 	 -0.333333 	 -0.019790 	 -0.004000
   58 	 -0.333333 	 -0.023357 	 -0.004808
   59 	 -0.333333 	 -0.022844 	 -0.004785
   60 	 -0.333333 	 -0.023003 	 -0.004739
   61 	 -0.333333 	 -0.023014 	 -0.004762
   62 	 -0.333333 	 -0.023014 	 -0.004762
   63 	 -0.333333 	 -0.023014 	 -0.004762
   64 	 -0.333333 	 -0.023014 	 -0.004762
   65 	 -0.333333 	 -0.022913 	 -0.004762
   66 	 -0.333333 	 -0.023034 	 -0.004854
   67 	 -0.333333 	 -0.022948 	 -0.004673
   68 	 -0.333333 	 -0.024428 	 -0.004854
   69 	 -0.333333 	 -0.023064 	 -0.004808
   70 	 -0.333333 	 -0.025610 	 -0.004808
   71 	 -0.333333 	 -0.023014 	 -0.004762
   72 	 -0.333333 	 -0.023013 	 -0.004739
   73 	 -0.333333 	 -0.021748 	 -0.004505
   74 	 -0.333333 	 -0.023252 	 -0.004808
   75 	 -0.333333 	 -0.023014 	 -0.004762
   76 	 -0.333333 	 -0.023025 	 -0.004808
   77 	 -0.333333 	 -0.023014 	 -0.004762
   78 	 -0.333333 	 -0.023014 	 -0.004762
   79 	 -0.333333 	 -0.023043 	 -0.004878
   80 	 -0.333333 	 -0.023017 	 -0.004785
   81 	 -0.333333 	 -0.023014 	 -0.004762
   82 	 -0.333333 	 -0.022879 	 -0.004651
   83 	 -0.333333 	 -0.023085 	 -0.004785
   84 	 -0.333333 	 -0.023014 	 -0.004762
   85 	 -0.333333 	 -0.023468 	 -0.004831
   86 	 -0.333333 	 -0.023014 	 -0.004762
   87 	 -0.333333 	 -0.022968 	 -0.004673
   88 	 -0.333333 	 -0.023014 	 -0.004762
   89 	 -0.333333 	 -0.023014 	 -0.004762
   90 	 -0.333333 	 -0.023014 	 -0.004762
   91 	 -0.333333 	 -0.023014 	 -0.004762
   92 	 -0.333333 	 -0.023014 	 -0.004762
   93 	 -0.333333 	 -0.023030 	 -0.004785
   94 	 -0.333333 	 -0.023054 	 -0.004878
   95 	 -0.333333 	 -0.023026 	 -0.004831
   96 	 -0.333333 	 -0.022982 	 -0.004673
   97 	 -0.333333 	 -0.023014 	 -0.004762
   98 	 -0.333333 	 -0.022886 	 -0.004717
   99 	 -0.333333 	 -0.022999 	 -0.004673
  100 	 -0.333333 	 -0.023014 	 -0.004762
  101 	 -0.333333 	 -0.023014 	 -0.004762
  102 	 -0.333333 	 -0.023003 	 -0.004785
  103 	 -0.125000 	 -0.016728 	 -0.004717
  104 	 -0.333333 	 -0.012639 	 -0.001887
  105 	 -0.333333 	 -0.022840 	 -0.004717
  106 	 -0.333333 	 -0.023012 	 -0.004739
  107 	 -0.333333 	 -0.022826 	 -0.004566
  108 	 -0.333333 	 -0.022594 	 -0.004717
  109 	 -0.333333 	 -0.023111 	 -0.004808
  110 	 -0.333333 	 -0.022859 	 -0.004673
  111 	 -0.333333 	 -0.023022 	 -0.004808
  112 	 -0.333333 	 -0.023031 	 -0.004785
  113 	 -0.333333 	 -0.023048 	 -0.004831
  114 	 -0.333333 	 -0.023024 	 -0.004854
  115 	 -0.333333 	 -0.023058 	 -0.004762
  116 	 -0.333333 	 -0.022150 	 -0.004762
  117 	 -0.333333 	 -0.021282 	 -0.004673
  118 	 -0.333333 	 -0.022920 	 -0.004739
  119 	 -0.333333 	 -0.022667 	 -0.004651
  120 	 -0.333333 	 -0.023087 	 -0.004950
  121 	 -0.333333 	 -0.020700 	 -0.004695
  122 	 -0.333333 	 -0.023040 	 -0.004926
  123 	 -0.333333 	 -0.022424 	 -0.004651
  124 	 -0.333333 	 -0.023014 	 -0.004762
  125 	 -0.333333 	 -0.023108 	 -0.004902
  126 	 -0.333333 	 -0.022739 	 -0.004566
  127 	 -0.333333 	 -0.023094 	 -0.004785
  128 	 -0.333333 	 -0.023041 	 -0.004808
  129 	 -0.333333 	 -0.023016 	 -0.004785
  130 	 -0.333333 	 -0.022906 	 -0.004651
  131 	 -0.333333 	 -0.023288 	 -0.004785
  132 	 -0.333333 	 -0.023095 	 -0.004854
  133 	 -0.333333 	 -0.022953 	 -0.004651
  134 	 -0.333333 	 -0.023014 	 -0.004762
  135 	 -0.333333 	 -0.023221 	 -0.004831
  136 	 -0.333333 	 -0.023014 	 -0.004762
  137 	 -0.333333 	 -0.023014 	 -0.004762
  138 	 -0.333333 	 -0.023014 	 -0.004762
  139 	 -0.333333 	 -0.023014 	 -0.004762
  140 	 -0.333333 	 -0.023014 	 -0.004762
  141 	 -0.333333 	 -0.023023 	 -0.004785
  142 	 -0.333333 	 -0.023297 	 -0.004808
  143 	 -0.333333 	 -0.023014 	 -0.004762
  144 	 -0.333333 	 -0.023047 	 -0.004608
  145 	 -0.333333 	 -0.023105 	 -0.004785
  146 	 -0.333333 	 -0.023014 	 -0.004762
  147 	 -0.333333 	 -0.022998 	 -0.004739
  148 	 -0.333333 	 -0.023014 	 -0.004762
  149 	 -0.333333 	 -0.023022 	 -0.004854
  150 	 -0.333333 	 -0.023010 	 -0.004739
  151 	 -0.333333 	 -0.023014 	 -0.004762
  152 	 -0.333333 	 -0.022702 	 -0.004525
  153 	 -0.333333 	 -0.023014 	 -0.004762
  154 	 -0.333333 	 -0.023207 	 -0.004785
  155 	 -0.333333 	 -0.023054 	 -0.004785
  156 	 -0.333333 	 -0.023016 	 -0.004854
  157 	 -0.333333 	 -0.023014 	 -0.004762
  158 	 -0.333333 	 -0.023276 	 -0.004902
  159 	 -0.333333 	 -0.023014 	 -0.004762
  160 	 -0.333333 	 -0.023102 	 -0.004785
  161 	 -0.333333 	 -0.023031 	 -0.004695
  162 	 -0.333333 	 -0.023014 	 -0.004762
  163 	 -0.333333 	 -0.023023 	 -0.004785
  164 	 -0.333333 	 -0.023045 	 -0.004808
  165 	 -0.333333 	 -0.023014 	 -0.004762
  166 	 -0.333333 	 -0.022759 	 -0.004695
  167 	 -0.333333 	 -0.023117 	 -0.004854
  168 	 -0.333333 	 -0.023014 	 -0.004762
  169 	 -0.333333 	 -0.023110 	 -0.004785
  170 	 -0.333333 	 -0.023004 	 -0.004739
  171 	 -0.333333 	 -0.023026 	 -0.004762
  172 	 -0.333333 	 -0.023276 	 -0.004695
  173 	 -0.333333 	 -0.023001 	 -0.004762
  174 	 -0.333333 	 -0.023016 	 -0.004854
  175 	 -0.333333 	 -0.022959 	 -0.004739
  176 	 -0.333333 	 -0.022635 	 -0.004425
  177 	 -0.333333 	 -0.023014 	 -0.004762
  178 	 -0.333333 	 -0.023014 	 -0.004762
  179 	 -0.333333 	 -0.023131 	 -0.004785
  180 	 -0.333333 	 -0.023014 	 -0.004762
  181 	 -0.333333 	 -0.023014 	 -0.004785
  182 	 -0.500000 	 -0.027166 	 -0.005102
  183 	 -0.500000 	 -0.030689 	 -0.006410
  184 	 -0.500000 	 -0.034556 	 -0.007194
  185 	 -0.500000 	 -0.034308 	 -0.006897
  186 	 -0.500000 	 -0.034520 	 -0.007143
  187 	 -0.500000 	 -0.033560 	 -0.007143
  188 	 -0.500000 	 -0.034320 	 -0.006897
  189 	 -0.500000 	 -0.034554 	 -0.007194
  190 	 -0.500000 	 -0.034606 	 -0.007299
  191 	 -1.000000 	 -0.029431 	 1.000000
  192 	 0.013889 	 0.057535 	 1.000000
  193 	 0.013514 	 0.071193 	 1.000000
  194 	 0.014493 	 0.066659 	 1.000000
  195 	 0.013158 	 0.067387 	 1.000000
  196 	 0.012821 	 0.068228 	 1.000000
  197 	 0.013514 	 0.066729 	 1.000000
  198 	 0.013514 	 0.068625 	 1.000000
  199 	 0.015873 	 0.056820 	 1.000000
  200 	 0.012048 	 0.045813 	 1.000000
  201 	 0.012048 	 0.068207 	 1.000000
  202 	 0.014085 	 0.067925 	 1.000000
  203 	 0.014085 	 0.093877 	 1.000000
  204 	 -1.000000 	 0.244818 	 10.000000
  205 	 0.016949 	 0.074401 	 1.000000
  206 	 -1.000000 	 0.037960 	 1.000000
  207 	 0.013514 	 0.068417 	 1.000000
  208 	 0.014493 	 0.069148 	 1.000000
  209 	 0.014925 	 0.069442 	 1.000000
  210 	 0.013514 	 0.067173 	 1.000000
  211 	 0.013158 	 0.069867 	 1.000000
  212 	 0.014706 	 0.069206 	 1.000000
  213 	 0.014925 	 0.223661 	 10.000000
  214 	 -1.000000 	 0.975146 	 10.000000
  215 	 -1.000000 	 -0.123162 	 -0.031250
  216 	 -1.000000 	 -0.072174 	 -0.015152
  217 	 -1.000000 	 -0.069041 	 -0.014286
  218 	 -1.000000 	 -0.069041 	 -0.014286
  219 	 -1.000000 	 -0.077689 	 -0.015385
  220 	 -1.000000 	 -0.069041 	 -0.014286
  221 	 -1.000000 	 -0.068143 	 -0.014085
  222 	 -1.000000 	 -0.069083 	 -0.014493
  223 	 -1.000000 	 -0.069041 	 -0.014286
  224 	 -1.000000 	 -0.071540 	 -0.016667
  225 	 -1.000000 	 -0.067723 	 -0.013333
  226 	 -1.000000 	 -0.068670 	 -0.014085
  227 	 -1.000000 	 -0.069899 	 -0.014085
  228 	 -1.000000 	 -0.043160 	 -0.007353
  229 	 -1.000000 	 -0.068646 	 -0.014085
  230 	 -1.000000 	 -0.069041 	 -0.014286
  231 	 -1.000000 	 -0.066887 	 -0.012821
  232 	 -1.000000 	 -0.064938 	 -0.014286
  233 	 -1.000000 	 -0.068185 	 -0.013333
  234 	 -1.000000 	 -0.069347 	 -0.014493
  235 	 -1.000000 	 -0.097341 	 -0.014925
  236 	 -1.000000 	 -0.068231 	 -0.013333
  237 	 -1.000000 	 -0.069041 	 -0.014286
  238 	 -1.000000 	 -0.069063 	 -0.014493
  239 	 -1.000000 	 -0.069740 	 -0.014925
  240 	 -1.000000 	 -0.070391 	 -0.014925
  241 	 -1.000000 	 -0.069041 	 -0.014286
  242 	 -1.000000 	 0.096418 	 10.000000
  243 	 -1.000000 	 0.084459 	 10.000000
  244 	 -1.000000 	 0.053063 	 10.000000
  245 	 -1.000000 	 0.031175 	 10.000000
  246 	 -1.000000 	 0.854898 	 10.000000
  247 	 0.083333 	 0.183981 	 1.000000
  248 	 -1.000000 	 0.435479 	 10.000000
  249 	 -1.000000 	 0.351154 	 10.000000
  250 	 0.021739 	 0.078009 	 1.000000
  251 	 0.016949 	 0.076806 	 1.000000
  252 	 -1.000000 	 0.213649 	 10.000000
  253 	 0.012987 	 0.065135 	 1.000000
  254 	 0.013333 	 0.068276 	 1.000000
  255 	 0.015873 	 0.069874 	 1.000000
  256 	 0.016393 	 0.081582 	 1.000000
  257 	 -1.000000 	 0.211993 	 10.000000
  258 	 0.016667 	 0.077788 	 1.000000
  259 	 0.017544 	 0.077431 	 1.000000
  260 	 0.018868 	 0.078872 	 1.000000
  261 	 -1.000000 	 0.179731 	 10.000000
  262 	 0.014925 	 0.069475 	 1.000000
  263 	 0.014925 	 0.080955 	 1.000000
  264 	 0.017544 	 0.071685 	 1.000000
  265 	 -1.000000 	 0.363654 	 10.000000
  266 	 -1.000000 	 1.008011 	 10.000000
  267 	 -1.000000 	 0.549585 	 10.000000
  268 	 -1.000000 	 0.413953 	 10.000000
  269 	 0.043478 	 0.315427 	 10.000000
  270 	 -1.000000 	 0.437703 	 10.000000
  271 	 0.029412 	 0.116501 	 1.000000
  272 	 -1.000000 	 0.085471 	 10.000000
  273 	 0.055556 	 0.357312 	 10.000000
  274 	 -1.000000 	 -0.207807 	 -0.090909
  275 	 -1.000000 	 -0.083122 	 -0.014493
  276 	 -1.000000 	 -0.068822 	 -0.014085
  277 	 -1.000000 	 -0.069041 	 -0.014286
  278 	 -1.000000 	 -0.069702 	 -0.013889
  279 	 -1.000000 	 -0.069041 	 -0.014286
  280 	 -1.000000 	 -0.066123 	 -0.013514
  281 	 -1.000000 	 -0.069529 	 -0.013699
  282 	 -1.000000 	 -0.070749 	 -0.014706
  283 	 -1.000000 	 0.048342 	 10.000000
  284 	 0.004739 	 0.023013 	 0.333333
  285 	 0.004854 	 0.023449 	 0.333333
  286 	 0.004878 	 0.023733 	 0.333333
  287 	 0.004831 	 0.022821 	 0.333333
  288 	 0.004651 	 0.023295 	 0.333333
  289 	 0.004808 	 0.023492 	 0.333333
  290 	 0.004878 	 0.024983 	 0.333333
  291 	 0.005051 	 0.023434 	 0.333333
  292 	 0.005000 	 0.023253 	 0.333333
  293 	 0.004831 	 0.023182 	 0.333333
  294 	 0.005319 	 0.024789 	 0.333333
  295 	 0.005263 	 0.023772 	 0.333333
  296 	 0.005000 	 0.023292 	 0.333333
  297 	 0.004878 	 0.023022 	 0.333333
  298 	 0.004831 	 0.022905 	 0.333333
  299 	 0.004673 	 0.023002 	 0.333333
  300 	 0.004608 	 0.022858 	 0.333333
  301 	 0.004739 	 0.024744 	 0.333333
  302 	 0.005181 	 0.024521 	 0.333333
  303 	 0.005291 	 0.025738 	 0.333333
  304 	 -1.000000 	 0.048638 	 1.000000
  305 	 -1.000000 	 0.247873 	 10.000000
  306 	 0.008065 	 0.027033 	 0.333333
  307 	 0.006623 	 0.025805 	 0.333333
  308 	 0.005263 	 0.024174 	 0.333333
  309 	 0.005155 	 0.024025 	 0.333333
  310 	 0.005587 	 0.024949 	 0.333333
  311 	 0.005917 	 0.024644 	 0.333333
  312 	 -1.000000 	 0.013368 	 0.500000
  313 	 0.006061 	 0.024160 	 0.333333
  314 	 0.005102 	 0.040874 	 1.000000
  315 	 0.010638 	 0.037091 	 0.333333
  316 	 -1.000000 	 0.152816 	 10.000000
  317 	 0.006452 	 0.026873 	 0.333333
  318 	 0.005780 	 0.170582 	 10.000000
  319 	 0.025641 	 2.910048 	 10.000000
  320 	 -1.000000 	 6.185714 	 10.000000
  321 	 -1.000000 	 0.504286 	 10.000000
  322 	 -1.000000 	 1.550000 	 10.000000
  323 	 -0.500000 	 2.071429 	 10.000000
  324 	 -0.200000 	 -0.200000 	 -0.200000
  325 	 -0.200000 	 -0.014261 	 -0.002994
  326 	 -0.200000 	 -0.013715 	 -0.002849
  327 	 -0.200000 	 -0.013820 	 -0.002874
  328 	 -0.200000 	 -0.013807 	 -0.002825
  329 	 -0.200000 	 -0.013906 	 -0.002865
  330 	 -0.200000 	 -0.013822 	 -0.002882
  331 	 -0.200000 	 -0.013791 	 -0.002882
  332 	 -0.200000 	 -0.013808 	 -0.002857
  333 	 -0.200000 	 -0.013813 	 -0.002890
  334 	 -0.200000 	 -0.013811 	 -0.002833
  335 	 -0.200000 	 -0.013824 	 -0.002865
  336 	 -0.200000 	 -0.013779 	 -0.002833
  337 	 -0.200000 	 -0.013808 	 -0.002857
  338 	 -0.200000 	 -0.013808 	 -0.002857
  339 	 -0.200000 	 -0.014378 	 -0.002899
  340 	 -0.200000 	 -0.013894 	 -0.002841
  341 	 -0.200000 	 -0.013822 	 -0.002882
  342 	 -0.200000 	 -0.013863 	 -0.002817
  343 	 -0.200000 	 -0.013829 	 -0.002865
  344 	 -0.200000 	 -0.013801 	 -0.002849
  345 	 -0.200000 	 -0.013373 	 -0.002825
  346 	 -0.200000 	 -0.012987 	 -0.002809
  347 	 -0.200000 	 -0.013813 	 -0.002882
  348 	 -0.200000 	 -0.014283 	 -0.002874
  349 	 -0.200000 	 -0.013840 	 -0.002865
  350 	 -0.200000 	 -0.014038 	 -0.002924
  351 	 -0.200000 	 -0.013185 	 -0.002841
  352 	 -0.200000 	 -0.013809 	 -0.002899
  353 	 -0.200000 	 -0.014819 	 -0.003597
  354 	 -0.200000 	 -0.013870 	 -0.002841
  355 	 -0.200000 	 -0.014058 	 -0.002890
  356 	 -0.200000 	 -0.013870 	 -0.002890
  357 	 -0.200000 	 -0.013808 	 -0.002857
  358 	 -0.200000 	 -0.013805 	 -0.002825
  359 	 -0.200000 	 -0.013882 	 -0.002833
  360 	 -0.200000 	 -0.013775 	 -0.002825
  361 	 -0.200000 	 -0.013765 	 -0.002809
  362 	 -0.200000 	 -0.013817 	 -0.002865
  363 	 -0.200000 	 -0.013809 	 -0.002874
  364 	 -0.200000 	 -0.013813 	 -0.002865
  365 	 -0.200000 	 -0.013794 	 -0.002833
  366 	 -0.200000 	 -0.013816 	 -0.002874
  367 	 -0.200000 	 -0.013808 	 -0.002857
  368 	 -0.200000 	 -0.013818 	 -0.002865
  369 	 -0.200000 	 -0.013748 	 -0.002801
  370 	 -0.200000 	 -0.013752 	 -0.002857
  371 	 -0.200000 	 -0.013797 	 -0.002849
  372 	 -0.200000 	 -0.013808 	 -0.002857
  373 	 -0.200000 	 -0.013808 	 -0.002857
  374 	 -0.200000 	 -0.013834 	 -0.002857
  375 	 -0.200000 	 -0.013808 	 -0.002857
  376 	 -0.200000 	 -0.013808 	 -0.002857
  377 	 -0.200000 	 -0.014328 	 -0.002849
  378 	 -0.200000 	 -0.013834 	 -0.002890
  379 	 -0.200000 	 -0.013894 	 -0.002899
  380 	 -0.200000 	 -0.013808 	 -0.002857
  381 	 -0.200000 	 -0.013808 	 -0.002857
  382 	 -0.200000 	 -0.013846 	 -0.002874
  383 	 -0.200000 	 -0.013808 	 -0.002857
  384 	 -0.200000 	 -0.013836 	 -0.002907
  385 	 -0.200000 	 -0.013734 	 -0.002857
  386 	 -0.200000 	 -0.013712 	 -0.002793
  387 	 -0.200000 	 -0.013254 	 -0.002801
  388 	 -0.200000 	 -0.013844 	 -0.002882
  389 	 -0.200000 	 -0.013810 	 -0.002865
  390 	 -0.200000 	 -0.013808 	 -0.002865
  391 	 -0.200000 	 -0.014175 	 -0.002941
  392 	 -0.200000 	 -0.013931 	 -0.002857
  393 	 -0.200000 	 -0.013808 	 -0.002857
  394 	 -0.200000 	 -0.013808 	 -0.002857
  395 	 -0.200000 	 -0.013808 	 -0.002857
  396 	 -0.200000 	 -0.013808 	 -0.002857
  397 	 -0.200000 	 -0.013799 	 -0.002841
  398 	 -0.200000 	 -0.013803 	 -0.002817
  399 	 -0.200000 	 -0.013808 	 -0.002857
 