   0 	 -1.000000 	 -0.032118 	 0.500000
    1 	 -0.166667 	 -0.011919 	 -0.002833
    2 	 -0.166667 	 -0.011507 	 -0.002381
    3 	 -0.166667 	 -0.011512 	 -0.002387
    4 	 -0.166667 	 -0.011545 	 -0.002404
    5 	 -0.166667 	 -0.011596 	 -0.002398
    6 	 -0.166667 	 -0.011505 	 -0.002375
    7 	 -0.166667 	 -0.011529 	 -0.002387
    8 	 -0.166667 	 -0.011519 	 -0.002404
    9 	 -0.166667 	 -0.011732 	 -0.002387
   10 	 -0.166667 	 -0.011182 	 -0.002320
   11 	 -0.166667 	 -0.011507 	 -0.002381
   12 	 -0.166667 	 -0.011529 	 -0.002410
   13 	 -0.166667 	 -0.012291 	 -0.002415
   14 	 -0.166667 	 -0.011522 	 -0.002392
   15 	 -0.166667 	 -0.011509 	 -0.002392
   16 	 -0.166667 	 -0.011507 	 -0.002381
   17 	 -0.166667 	 -0.011557 	 -0.002398
   18 	 -0.166667 	 -0.011557 	 -0.002415
   19 	 -0.166667 	 -0.011494 	 -0.002364
   20 	 -0.166667 	 -0.011506 	 -0.002381
   21 	 -0.166667 	 -0.011515 	 -0.002398
   22 	 -0.166667 	 -0.011507 	 -0.002381
   23 	 -0.166667 	 -0.011514 	 -0.002387
   24 	 -0.166667 	 -0.011522 	 -0.002381
   25 	 -0.166667 	 -0.011557 	 -0.002410
   26 	 -0.166667 	 -0.011510 	 -0.002375
   27 	 -0.166667 	 -0.011483 	 -0.002375
   28 	 -0.166667 	 -0.011507 	 -0.002381
   29 	 -0.166667 	 -0.011532 	 -0.002398
   30 	 -0.166667 	 -0.011448 	 -0.002320
   31 	 -0.166667 	 -0.011507 	 -0.002381
   32 	 -0.166667 	 -0.011791 	 -0.002404
   33 	 -0.166667 	 -0.011507 	 -0.002381
   34 	 -0.166667 	 -0.011507 	 -0.002381
   35 	 -0.166667 	 -0.011516 	 -0.002404
   36 	 -0.166667 	 -0.011509 	 -0.002370
   37 	 -0.166667 	 -0.011507 	 -0.002381
   38 	 -0.166667 	 -0.011591 	 -0.002404
   39 	 -0.250000 	 -0.013680 	 -0.002564
   40 	 -0.250000 	 -0.017238 	 -0.003546
   41 	 -0.250000 	 -0.017260 	 -0.003571
   42 	 -0.142857 	 -0.014353 	 -0.003534
   43 	 -0.142857 	 -0.010127 	 -0.002128
   44 	 -0.142857 	 -0.009863 	 -0.002041
   45 	 -0.142857 	 -0.009851 	 -0.002028
   46 	 -0.142857 	 -0.009837 	 -0.002037
   47 	 -0.142857 	 -0.009872 	 -0.002053
   48 	 -0.142857 	 -0.009871 	 -0.002058
   49 	 -0.142857 	 -0.009876 	 -0.002053
   50 	 -0.142857 	 -0.009888 	 -0.002062
   51 	 -0.142857 	 -0.009983 	 -0.002049
   52 	 -0.142857 	 -0.009862 	 -0.002037
   53 	 -0.142857 	 -0.009863 	 -0.002041
   54 	 -0.142857 	 -0.009843 	 -0.002037
   55 	 -0.142857 	 -0.009847 	 -0.002028
   56 	 -0.142857 	 -0.009875 	 -0.002045
   57 	 -0.142857 	 -0.009817 	 -0.002024
   58 	 -0.142857 	 -0.009904 	 -0.002045
   59 	 -0.142857 	 -0.009801 	 -0.002028
   60 	 -0.142857 	 -0.009868 	 -0.002045
   61 	 -0.142857 	 -0.009867 	 -0.002045
   62 	 -0.142857 	 -0.009863 	 -0.002041
   63 	 -0.142857 	 -0.009829 	 -0.002028
   64 	 -0.142857 	 -0.009881 	 -0.002049
   65 	 -0.142857 	 -0.009862 	 -0.002037
   66 	 -0.142857 	 -0.009863 	 -0.002041
   67 	 -0.142857 	 -0.009863 	 -0.002041
   68 	 -0.142857 	 -0.009863 	 -0.002041
   69 	 -0.142857 	 -0.010051 	 -0.002049
   70 	 -0.142857 	 -0.009865 	 -0.002053
   71 	 -0.142857 	 -0.009863 	 -0.002041
   72 	 -0.142857 	 -0.009840 	 -0.002028
   73 	 -0.142857 	 -0.009941 	 -0.002088
   74 	 -0.142857 	 -0.009906 	 -0.002062
   75 	 -0.142857 	 -0.009863 	 -0.002037
   76 	 -0.142857 	 -0.009863 	 -0.002041
   77 	 -0.142857 	 -0.009863 	 -0.002041
   78 	 -0.142857 	 -0.009863 	 -0.002041
   79 	 -0.142857 	 -0.009859 	 -0.002024
   80 	 -0.142857 	 -0.009866 	 -0.002045
   81 	 -0.142857 	 -0.009864 	 -0.002028
   82 	 -0.142857 	 -0.010028 	 -0.002053
   83 	 -0.142857 	 -0.009858 	 -0.002049
   84 	 -0.142857 	 -0.009863 	 -0.002041
   85 	 -0.142857 	 -0.009871 	 -0.002062
   86 	 -0.142857 	 -0.009857 	 -0.002041
   87 	 -0.142857 	 -0.009864 	 -0.002045
   88 	 -0.142857 	 -0.009853 	 -0.002024
   89 	 -0.142857 	 -0.009902 	 -0.002070
   90 	 -0.142857 	 -0.009872 	 -0.002041
   91 	 -0.142857 	 -0.009898 	 -0.002045
   92 	 -0.142857 	 -0.009863 	 -0.002041
   93 	 -0.142857 	 -0.009860 	 -0.002037
   94 	 -0.142857 	 -0.009861 	 -0.002037
   95 	 -0.142857 	 -0.009875 	 -0.002062
   96 	 -0.142857 	 -0.009863 	 -0.002041
   97 	 -0.142857 	 -0.009860 	 -0.002024
   98 	 -0.142857 	 -0.009862 	 -0.002041
   99 	 -0.142857 	 -0.009862 	 -0.002037
  100 	 -0.142857 	 -0.009832 	 -0.002024
  101 	 -0.142857 	 -0.009835 	 -0.002028
  102 	 -0.142857 	 -0.009863 	 -0.002041
  103 	 -0.142857 	 -0.009863 	 -0.002041
  104 	 -0.142857 	 -0.009877 	 -0.002049
  105 	 -0.142857 	 -0.009874 	 -0.002045
  106 	 -0.142857 	 -0.009863 	 -0.002041
  107 	 -0.142857 	 -0.009863 	 -0.002041
  108 	 -0.142857 	 -0.009872 	 -0.002053
  109 	 -0.142857 	 -0.009845 	 -0.002033
  110 	 -0.142857 	 -0.009866 	 -0.002041
  111 	 -0.142857 	 -0.009874 	 -0.002045
  112 	 -0.142857 	 -0.010056 	 -0.002045
  113 	 -0.142857 	 -0.009892 	 -0.002049
  114 	 -0.142857 	 -0.009863 	 -0.002041
  115 	 -0.100000 	 -0.008770 	 -0.002041
  116 	 -0.100000 	 -0.007028 	 -0.001511
  117 	 -0.100000 	 -0.007224 	 -0.001515
  118 	 -0.100000 	 -0.006904 	 -0.001429
  119 	 -0.100000 	 -0.007346 	 -0.001453
  120 	 -0.100000 	 -0.006902 	 -0.001422
  121 	 -0.100000 	 -0.006925 	 -0.001433
  122 	 -0.100000 	 -0.006869 	 -0.001429
  123 	 -0.100000 	 -0.006904 	 -0.001429
  124 	 -0.100000 	 -0.006904 	 -0.001429
  125 	 -0.100000 	 -0.007320 	 -0.001431
  126 	 -0.100000 	 -0.006904 	 -0.001429
  127 	 -0.100000 	 -0.006905 	 -0.001431
  128 	 -0.100000 	 -0.006904 	 -0.001429
  129 	 -0.100000 	 -0.006907 	 -0.001431
  130 	 -0.100000 	 -0.006974 	 -0.001437
  131 	 -0.100000 	 -0.006904 	 -0.001429
  132 	 -0.100000 	 -0.006904 	 -0.001429
  133 	 -0.100000 	 -0.006903 	 -0.001427
  134 	 -0.100000 	 -0.006913 	 -0.001431
  135 	 -0.100000 	 -0.006917 	 -0.001431
  136 	 -0.100000 	 -0.006959 	 -0.001445
  137 	 -0.100000 	 -0.006904 	 -0.001429
  138 	 -0.100000 	 -0.006853 	 -0.001420
  139 	 -0.100000 	 -0.006904 	 -0.001429
  140 	 -0.100000 	 -0.006904 	 -0.001429
  141 	 -0.100000 	 -0.006844 	 -0.001418
  142 	 -0.100000 	 -0.006904 	 -0.001429
  143 	 -0.100000 	 -0.006905 	 -0.001431
  144 	 -0.100000 	 -0.006904 	 -0.001429
  145 	 -0.100000 	 -0.006866 	 -0.001418
  146 	 -0.100000 	 -0.006871 	 -0.001427
  147 	 -0.100000 	 -0.006882 	 -0.001425
  148 	 -0.100000 	 -0.006908 	 -0.001439
  149 	 -0.142857 	 -0.007887 	 -0.001471
  150 	 -0.142857 	 -0.009265 	 -0.001812
  151 	 -0.142857 	 -0.009553 	 -0.001866
  152 	 -0.142857 	 -0.009879 	 -0.002045
  153 	 -0.142857 	 -0.009863 	 -0.002041
  154 	 -0.142857 	 -0.009913 	 -0.002075
  155 	 -0.142857 	 -0.009866 	 -0.002045
  156 	 -0.142857 	 -0.009712 	 -0.002028
  157 	 -0.142857 	 -0.010011 	 -0.002020
  158 	 -0.125000 	 -0.009434 	 -0.002037
  159 	 -0.125000 	 -0.008782 	 -0.001842
  160 	 -0.125000 	 -0.008631 	 -0.001789
  161 	 -0.125000 	 -0.008630 	 -0.001786
  162 	 -0.125000 	 -0.008607 	 -0.001783
  163 	 -0.125000 	 -0.008630 	 -0.001786
  164 	 -0.125000 	 -0.008630 	 -0.001786
  165 	 -0.125000 	 -0.008636 	 -0.001792
  166 	 -0.125000 	 -0.008657 	 -0.001792
  167 	 -0.125000 	 -0.008633 	 -0.001812
  168 	 -0.125000 	 -0.008613 	 -0.001773
  169 	 -0.125000 	 -0.008630 	 -0.001786
  170 	 -0.125000 	 -0.008749 	 -0.001808
  171 	 -0.125000 	 -0.009012 	 -0.001802
  172 	 -0.125000 	 -0.008641 	 -0.001799
  173 	 -0.125000 	 -0.008667 	 -0.001799
  174 	 -0.125000 	 -0.008630 	 -0.001786
  175 	 -0.125000 	 -0.008827 	 -0.001808
  176 	 -0.125000 	 -0.008578 	 -0.001773
  177 	 -0.125000 	 -0.008630 	 -0.001786
  178 	 -0.125000 	 -0.008630 	 -0.001786
  179 	 -0.125000 	 -0.008638 	 -0.001792
  180 	 -0.125000 	 -0.008630 	 -0.001786
  181 	 -0.125000 	 -0.008627 	 -0.001783
  182 	 -0.125000 	 -0.008626 	 -0.001786
  183 	 -0.125000 	 -0.008626 	 -0.001783
  184 	 -0.125000 	 -0.008691 	 -0.001802
  185 	 -0.125000 	 -0.008632 	 -0.001789
  186 	 -0.125000 	 -0.008623 	 -0.001783
  187 	 -0.125000 	 -0.008613 	 -0.001792
  188 	 -0.125000 	 -0.008642 	 -0.001799
  189 	 -0.125000 	 -0.008632 	 -0.001808
  190 	 -0.125000 	 -0.008631 	 -0.001789
  191 	 -0.125000 	 -0.008668 	 -0.001789
  192 	 -0.125000 	 -0.008630 	 -0.001786
  193 	 -0.125000 	 -0.008630 	 -0.001786
  194 	 -0.125000 	 -0.008638 	 -0.001792
  195 	 -0.125000 	 -0.008718 	 -0.001805
  196 	 -0.125000 	 -0.008630 	 -0.001786
  197 	 -0.125000 	 -0.008497 	 -0.001776
  198 	 -0.125000 	 -0.008621 	 -0.001776
  199 	 -0.125000 	 -0.008630 	 -0.001786
  200 	 -0.125000 	 -0.008617 	 -0.001783
  201 	 -0.125000 	 -0.008630 	 -0.001786
  202 	 -0.125000 	 -0.008630 	 -0.001786
  203 	 -0.125000 	 -0.008725 	 -0.001799
  204 	 -0.125000 	 -0.008638 	 -0.001792
  205 	 -0.125000 	 -0.008637 	 -0.001789
  206 	 -0.125000 	 -0.008630 	 -0.001786
  207 	 -0.125000 	 -0.008659 	 -0.001808
  208 	 -0.125000 	 -0.008630 	 -0.001786
  209 	 -0.125000 	 -0.008621 	 -0.001789
  210 	 -0.125000 	 -0.008610 	 -0.001783
  211 	 -0.125000 	 -0.008620 	 -0.001783
  212 	 -0.125000 	 -0.008630 	 -0.001786
  213 	 -0.125000 	 -0.008710 	 -0.001786
  214 	 -0.125000 	 -0.008637 	 -0.001792
  215 	 -0.125000 	 -0.008630 	 -0.001786
  216 	 -0.125000 	 -0.008620 	 -0.001773
  217 	 -0.125000 	 -0.008638 	 -0.001789
  218 	 -0.125000 	 -0.008640 	 -0.001783
  219 	 -0.125000 	 -0.008630 	 -0.001786
  220 	 -0.125000 	 -0.009291 	 -0.001783
  221 	 -0.125000 	 -0.008630 	 -0.001786
  222 	 -0.125000 	 -0.008630 	 -0.001786
  223 	 -0.125000 	 -0.008630 	 -0.001786
  224 	 -0.125000 	 -0.008634 	 -0.001799
  225 	 -0.125000 	 -0.008630 	 -0.001786
  226 	 -0.125000 	 -0.008632 	 -0.001792
  227 	 -0.125000 	 -0.008644 	 -0.001795
  228 	 -0.125000 	 -0.008630 	 -0.001786
  229 	 -0.125000 	 -0.008630 	 -0.001786
  230 	 -0.125000 	 -0.008621 	 -0.001783
  231 	 -0.125000 	 -0.008630 	 -0.001786
  232 	 -0.125000 	 -0.008546 	 -0.001779
  233 	 -0.125000 	 -0.008694 	 -0.001792
  234 	 -0.125000 	 -0.008626 	 -0.001783
  235 	 -0.125000 	 -0.008639 	 -0.001792
  236 	 -0.125000 	 -0.008630 	 -0.001786
  237 	 -0.125000 	 -0.008672 	 -0.001799
  238 	 -0.125000 	 -0.008630 	 -0.001786
  239 	 -0.125000 	 -0.008667 	 -0.001795
  240 	 -0.125000 	 -0.008631 	 -0.001792
  241 	 -0.125000 	 -0.008359 	 -0.001779
  242 	 -0.125000 	 -0.008632 	 -0.001789
  243 	 -0.125000 	 -0.008646 	 -0.001795
  244 	 -0.125000 	 -0.008630 	 -0.001786
  245 	 -0.125000 	 -0.008635 	 -0.001792
  246 	 -0.125000 	 -0.008619 	 -0.001773
  247 	 -0.125000 	 -0.008648 	 -0.001805
  248 	 -0.125000 	 -0.008630 	 -0.001786
  249 	 -0.125000 	 -0.008746 	 -0.001795
  250 	 -0.125000 	 -0.008633 	 -0.001792
  251 	 -0.125000 	 -0.008717 	 -0.001805
  252 	 -0.125000 	 -0.008630 	 -0.001786
  253 	 -0.125000 	 -0.008624 	 -0.001783
  254 	 -0.125000 	 -0.008545 	 -0.001776
  255 	 -0.125000 	 -0.008630 	 -0.001786
  256 	 -0.125000 	 -0.008630 	 -0.001786
  257 	 -0.125000 	 -0.008629 	 -0.001776
  258 	 -0.125000 	 -0.008630 	 -0.001786
  259 	 -0.125000 	 -0.008630 	 -0.001786
  260 	 -0.125000 	 -0.008630 	 -0.001786
  261 	 -0.125000 	 -0.008630 	 -0.001786
  262 	 -0.125000 	 -0.008630 	 -0.001786
  263 	 -0.125000 	 -0.008630 	 -0.001789
  264 	 -0.125000 	 -0.008653 	 -0.001792
  265 	 -0.125000 	 -0.008636 	 -0.001789
  266 	 -0.125000 	 -0.008630 	 -0.001786
  267 	 -0.125000 	 -0.008891 	 -0.001799
  268 	 -0.125000 	 -0.008632 	 -0.001789
  269 	 -0.125000 	 -0.008621 	 -0.001786
  270 	 -0.125000 	 -0.008636 	 -0.001789
  271 	 -0.125000 	 -0.008628 	 -0.001789
  272 	 -0.125000 	 -0.008634 	 -0.001789
  273 	 -0.125000 	 -0.008573 	 -0.001757
  274 	 -0.125000 	 -0.008622 	 -0.001783
  275 	 -0.125000 	 -0.008500 	 -0.001770
  276 	 -0.125000 	 -0.008663 	 -0.001825
  277 	 -0.125000 	 -0.008606 	 -0.001776
  278 	 -0.125000 	 -0.008657 	 -0.001789
  279 	 -0.125000 	 -0.008630 	 -0.001786
  280 	 -0.125000 	 -0.008640 	 -0.001799
  281 	 -0.125000 	 -0.008630 	 -0.001786
  282 	 -0.125000 	 -0.008659 	 -0.001805
  283 	 -0.125000 	 -0.008614 	 -0.001783
  284 	 -0.125000 	 -0.008632 	 -0.001799
  285 	 -0.125000 	 -0.008630 	 -0.001789
  286 	 -0.125000 	 -0.008631 	 -0.001789
  287 	 -0.125000 	 -0.008628 	 -0.001789
  288 	 -0.125000 	 -0.008648 	 -0.001792
  289 	 -0.125000 	 -0.008628 	 -0.001776
  290 	 -0.125000 	 -0.008661 	 -0.001799
  291 	 -0.125000 	 -0.008619 	 -0.001783
  292 	 -0.125000 	 -0.008637 	 -0.001789
  293 	 -0.125000 	 -0.008627 	 -0.001770
  294 	 -0.125000 	 -0.008636 	 -0.001773
  295 	 -0.125000 	 -0.008775 	 -0.001795
  296 	 -0.125000 	 -0.008631 	 -0.001789
  297 	 -0.125000 	 -0.008630 	 -0.001776
  298 	 -0.125000 	 -0.008167 	 -0.001603
  299 	 -0.125000 	 -0.008247 	 -0.001653
  300 	 -0.125000 	 -0.008630 	 -0.001786
  301 	 -0.125000 	 -0.008648 	 -0.001818
  302 	 -0.125000 	 -0.008515 	 -0.001786
  303 	 -0.125000 	 -0.008629 	 -0.001783
  304 	 -0.125000 	 -0.008674 	 -0.001818
  305 	 -0.125000 	 -0.008630 	 -0.001786
  306 	 -0.125000 	 -0.008626 	 -0.001776
  307 	 -0.125000 	 -0.008640 	 -0.001783
  308 	 -0.125000 	 -0.008630 	 -0.001786
  309 	 -0.125000 	 -0.008630 	 -0.001786
  310 	 -0.125000 	 -0.008630 	 -0.001786
  311 	 -0.125000 	 -0.008631 	 -0.001789
  312 	 -0.125000 	 -0.008631 	 -0.001789
  313 	 -0.125000 	 -0.008631 	 -0.001789
  314 	 -0.125000 	 -0.008630 	 -0.001786
  315 	 -0.125000 	 -0.008647 	 -0.001792
  316 	 -0.125000 	 -0.008630 	 -0.001786
  317 	 -0.125000 	 -0.008630 	 -0.001786
  318 	 -0.125000 	 -0.008630 	 -0.001786
  319 	 -0.125000 	 -0.008638 	 -0.001802
  320 	 -0.125000 	 -0.008638 	 -0.001789
  321 	 -0.125000 	 -0.008887 	 -0.001805
  322 	 -0.125000 	 -0.008674 	 -0.001883
  323 	 -0.125000 	 -0.008629 	 -0.001776
  324 	 -0.125000 	 -0.008585 	 -0.001779
  325 	 -0.125000 	 -0.008592 	 -0.001786
  326 	 -0.125000 	 -0.008639 	 -0.001795
  327 	 -0.125000 	 -0.008630 	 -0.001786
  328 	 -0.125000 	 -0.008630 	 -0.001792
  329 	 -0.125000 	 -0.008572 	 -0.001786
  330 	 -0.125000 	 -0.008818 	 -0.001880
  331 	 -0.166667 	 -0.009809 	 -0.001866
  332 	 -0.166667 	 -0.011221 	 -0.002278
  333 	 -0.166667 	 -0.011506 	 -0.002404
  334 	 -0.166667 	 -0.011506 	 -0.002358
  335 	 -0.166667 	 -0.011496 	 -0.002358
  336 	 -0.166667 	 -0.011581 	 -0.002433
  337 	 -0.166667 	 -0.011512 	 -0.002404
  338 	 -0.166667 	 -0.011541 	 -0.002398
  339 	 -0.166667 	 -0.011456 	 -0.002358
  340 	 -0.166667 	 -0.011522 	 -0.002387
  341 	 -0.166667 	 -0.011513 	 -0.002392
  342 	 -0.166667 	 -0.011507 	 -0.002381
  343 	 -0.166667 	 -0.011507 	 -0.002381
  344 	 -0.166667 	 -0.011523 	 -0.002398
  345 	 -0.166667 	 -0.011507 	 -0.002392
  346 	 -0.166667 	 -0.011530 	 -0.002364
  347 	 -0.166667 	 -0.011507 	 -0.002381
  348 	 -0.166667 	 -0.011507 	 -0.002381
  349 	 -0.166667 	 -0.011814 	 -0.002427
  350 	 -0.166667 	 -0.011589 	 -0.002404
  351 	 -0.166667 	 -0.011488 	 -0.002375
  352 	 -0.166667 	 -0.011618 	 -0.002410
  353 	 -0.166667 	 -0.011487 	 -0.002381
  354 	 -0.166667 	 -0.011511 	 -0.002387
  355 	 -0.166667 	 -0.011520 	 -0.002392
  356 	 -0.166667 	 -0.011499 	 -0.002392
  357 	 -0.166667 	 -0.011541 	 -0.002398
  358 	 -0.166667 	 -0.011507 	 -0.002381
  359 	 -0.166667 	 -0.011529 	 -0.002364
  360 	 -0.166667 	 -0.011521 	 -0.002387
  361 	 -0.166667 	 -0.011408 	 -0.002358
  362 	 -0.166667 	 -0.011532 	 -0.002392
  363 	 -0.166667 	 -0.011507 	 -0.002381
  364 	 -0.166667 	 -0.011324 	 -0.002342
  365 	 -0.166667 	 -0.011678 	 -0.002392
  366 	 -0.166667 	 -0.011509 	 -0.002392
  367 	 -0.166667 	 -0.011547 	 -0.002404
  368 	 -0.166667 	 -0.011507 	 -0.002381
  369 	 -0.166667 	 -0.011492 	 -0.002381
  370 	 -0.166667 	 -0.011556 	 -0.002457
  371 	 -0.166667 	 -0.011507 	 -0.002381
  372 	 -0.166667 	 -0.011507 	 -0.002381
  373 	 -0.125000 	 -0.010458 	 -0.002370
  374 	 -0.125000 	 -0.009540 	 -0.001894
  375 	 -0.125000 	 -0.008625 	 -0.001779
  376 	 -0.125000 	 -0.008729 	 -0.001795
  377 	 -0.125000 	 -0.008685 	 -0.001799
  378 	 -0.125000 	 -0.008622 	 -0.001783
  379 	 -0.125000 	 -0.008630 	 -0.001786
  380 	 -0.125000 	 -0.008630 	 -0.001786
  381 	 -0.125000 	 -0.008648 	 -0.001805
  382 	 -0.125000 	 -0.008630 	 -0.001786
  383 	 -0.125000 	 -0.008630 	 -0.001786
  384 	 -0.125000 	 -0.008605 	 -0.001786
  385 	 -0.125000 	 -0.008642 	 -0.001795
  386 	 -0.125000 	 -0.008651 	 -0.001789
  387 	 -0.125000 	 -0.008630 	 -0.001786
  388 	 -0.125000 	 -0.008651 	 -0.001808
  389 	 -0.125000 	 -0.008627 	 -0.001770
  390 	 -0.125000 	 -0.008579 	 -0.001770
  391 	 -0.125000 	 -0.008629 	 -0.001773
  392 	 -0.125000 	 -0.008595 	 -0.001770
  393 	 -0.125000 	 -0.008686 	 -0.001812
  394 	 -0.125000 	 -0.008673 	 -0.001805
  395 	 -0.125000 	 -0.008777 	 -0.001799
  396 	 -0.125000 	 -0.008626 	 -0.001783
  397 	 -0.125000 	 -0.008630 	 -0.001786
  398 	 -0.125000 	 -0.008653 	 -0.001802
  399 	 -0.125000 	 -0.008630 	 -0.001786
 