   0 	 -0.500000 	 0.120639 	 10.000000
    1 	 -0.200000 	 -0.014309 	 -0.003165
    2 	 -0.200000 	 -0.015735 	 -0.002890
    3 	 -0.200000 	 -0.013809 	 -0.002890
    4 	 -0.200000 	 -0.013808 	 -0.002857
    5 	 -0.200000 	 -0.013805 	 -0.002849
    6 	 -0.200000 	 -0.013676 	 -0.002825
    7 	 -0.200000 	 -0.013808 	 -0.002857
    8 	 -0.200000 	 -0.013808 	 -0.002857
    9 	 -0.200000 	 -0.013830 	 -0.002890
   10 	 -0.200000 	 -0.013889 	 -0.002950
   11 	 -0.200000 	 -0.013808 	 -0.002857
   12 	 -0.200000 	 -0.013694 	 -0.002890
   13 	 -0.200000 	 -0.013787 	 -0.002849
   14 	 -0.200000 	 -0.013551 	 -0.002825
   15 	 -0.200000 	 -0.013882 	 -0.002874
   16 	 -0.200000 	 -0.013808 	 -0.002857
   17 	 -0.200000 	 -0.013787 	 -0.002849
   18 	 -0.200000 	 -0.013808 	 -0.002857
   19 	 -0.200000 	 -0.013789 	 -0.002841
   20 	 -0.200000 	 -0.013762 	 -0.002849
   21 	 -0.200000 	 -0.013792 	 -0.002817
   22 	 -0.200000 	 -0.013792 	 -0.002849
   23 	 -0.200000 	 -0.013808 	 -0.002857
   24 	 -0.200000 	 -0.013808 	 -0.002857
   25 	 -0.200000 	 -0.013896 	 -0.002882
   26 	 -0.200000 	 -0.013832 	 -0.002915
   27 	 -0.200000 	 -0.013745 	 -0.002849
   28 	 -0.200000 	 -0.013788 	 -0.002874
   29 	 -0.200000 	 -0.013822 	 -0.002882
   30 	 -0.200000 	 -0.013822 	 -0.002890
   31 	 -0.200000 	 -0.013496 	 -0.002833
   32 	 -0.200000 	 -0.013758 	 -0.002825
   33 	 -0.200000 	 -0.013663 	 -0.002825
   34 	 -0.200000 	 -0.013799 	 -0.002841
   35 	 -0.200000 	 -0.013808 	 -0.002857
   36 	 -0.200000 	 -0.013808 	 -0.002865
   37 	 -0.200000 	 -0.013970 	 -0.002941
   38 	 -0.200000 	 -0.013808 	 -0.002857
   39 	 -0.200000 	 -0.013967 	 -0.002865
   40 	 -0.200000 	 -0.013808 	 -0.002857
   41 	 -0.200000 	 -0.013805 	 -0.002825
   42 	 -0.200000 	 -0.013808 	 -0.002857
   43 	 -0.200000 	 -0.013844 	 -0.002915
   44 	 -0.200000 	 -0.013782 	 -0.002849
   45 	 -0.200000 	 -0.013778 	 -0.002825
   46 	 -0.200000 	 -0.013808 	 -0.002857
   47 	 -0.200000 	 -0.013808 	 -0.002857
   48 	 -0.200000 	 -0.013809 	 -0.002865
   49 	 -0.200000 	 -0.013826 	 -0.002857
   50 	 -0.200000 	 -0.013786 	 -0.002833
   51 	 -0.200000 	 -0.013796 	 -0.002849
   52 	 -0.200000 	 -0.013808 	 -0.002857
   53 	 -0.200000 	 -0.013808 	 -0.002857
   54 	 -0.200000 	 -0.014187 	 -0.002857
   55 	 -0.200000 	 -0.013825 	 -0.002890
   56 	 -0.200000 	 -0.013982 	 -0.002915
   57 	 -0.200000 	 -0.013804 	 -0.002849
   58 	 -0.200000 	 -0.014191 	 -0.002882
   59 	 -0.200000 	 -0.013806 	 -0.002865
   60 	 -0.200000 	 -0.013808 	 -0.002857
   61 	 -0.200000 	 -0.013808 	 -0.002849
   62 	 -0.200000 	 -0.013858 	 -0.002874
   63 	 -0.200000 	 -0.013841 	 -0.002874
   64 	 -0.200000 	 -0.013861 	 -0.002882
   65 	 -0.200000 	 -0.013808 	 -0.002857
   66 	 -0.200000 	 -0.013808 	 -0.002849
   67 	 -0.200000 	 -0.013462 	 -0.002725
   68 	 -0.200000 	 -0.013808 	 -0.002857
   69 	 -0.200000 	 -0.014007 	 -0.002874
   70 	 -0.200000 	 -0.013826 	 -0.002874
   71 	 -0.200000 	 -0.014065 	 -0.002915
   72 	 -0.200000 	 -0.013895 	 -0.002890
   73 	 -0.200000 	 -0.013935 	 -0.002865
   74 	 -0.200000 	 -0.013816 	 -0.002874
   75 	 -0.200000 	 -0.013855 	 -0.002857
   76 	 -0.200000 	 -0.013803 	 -0.002849
   77 	 -0.200000 	 -0.013087 	 -0.002825
   78 	 -0.200000 	 -0.013812 	 -0.002865
   79 	 -0.200000 	 -0.013845 	 -0.002890
   80 	 -0.200000 	 -0.013815 	 -0.002890
   81 	 -0.200000 	 -0.014317 	 -0.002882
   82 	 -0.200000 	 -0.013883 	 -0.002899
   83 	 -0.200000 	 -0.013808 	 -0.002857
   84 	 -0.200000 	 -0.013809 	 -0.002865
   85 	 -0.200000 	 -0.013808 	 -0.002857
   86 	 -0.200000 	 -0.013764 	 -0.002849
   87 	 -0.200000 	 -0.013714 	 -0.002849
   88 	 -0.200000 	 -0.013762 	 -0.002849
   89 	 -0.200000 	 -0.013790 	 -0.002817
   90 	 -0.200000 	 -0.013808 	 -0.002857
   91 	 -0.200000 	 -0.013797 	 -0.002857
   92 	 -0.200000 	 -0.013904 	 -0.002882
   93 	 -0.200000 	 -0.013845 	 -0.002890
   94 	 -0.200000 	 -0.013808 	 -0.002857
   95 	 -0.200000 	 -0.013828 	 -0.002865
   96 	 -0.200000 	 -0.013905 	 -0.002857
   97 	 -0.200000 	 -0.013663 	 -0.002801
   98 	 -0.200000 	 -0.013992 	 -0.002890
   99 	 -0.200000 	 -0.013757 	 -0.002841
  100 	 -0.200000 	 -0.013828 	 -0.002865
  101 	 -0.200000 	 -0.013809 	 -0.002890
  102 	 -0.200000 	 -0.013812 	 -0.002865
  103 	 -0.200000 	 -0.013808 	 -0.002857
  104 	 -0.200000 	 -0.013808 	 -0.002857
  105 	 -0.200000 	 -0.013712 	 -0.002817
  106 	 -0.200000 	 -0.013808 	 -0.002857
  107 	 -0.200000 	 -0.013772 	 -0.002833
  108 	 -0.200000 	 -0.013808 	 -0.002857
  109 	 -0.200000 	 -0.013811 	 -0.002865
  110 	 -0.200000 	 -0.013843 	 -0.002865
  111 	 -0.200000 	 -0.013725 	 -0.002825
  112 	 -0.200000 	 -0.013734 	 -0.002841
  113 	 -0.200000 	 -0.013762 	 -0.002849
  114 	 -0.200000 	 -0.013167 	 -0.002841
  115 	 -0.200000 	 -0.013899 	 -0.002882
  116 	 -0.200000 	 -0.013829 	 -0.002841
  117 	 -0.200000 	 -0.013808 	 -0.002857
  118 	 -0.200000 	 -0.013808 	 -0.002857
  119 	 -0.200000 	 -0.013808 	 -0.002857
  120 	 -0.200000 	 -0.013854 	 -0.002890
  121 	 -0.200000 	 -0.013055 	 -0.002825
  122 	 -0.200000 	 -0.013808 	 -0.002857
  123 	 -0.200000 	 -0.013762 	 -0.002849
  124 	 -0.200000 	 -0.013840 	 -0.002865
  125 	 -0.200000 	 -0.013892 	 -0.002907
  126 	 -0.200000 	 -0.014201 	 -0.002849
  127 	 -0.200000 	 -0.013816 	 -0.002890
  128 	 -0.200000 	 -0.013915 	 -0.002874
  129 	 -0.200000 	 -0.013808 	 -0.002857
  130 	 -0.200000 	 -0.013871 	 -0.002899
  131 	 -0.200000 	 -0.013757 	 -0.002849
  132 	 -0.200000 	 -0.013869 	 -0.002915
  133 	 -0.200000 	 -0.016303 	 -0.002874
  134 	 -0.200000 	 -0.013788 	 -0.002825
  135 	 -0.200000 	 -0.013781 	 -0.002817
  136 	 -0.200000 	 -0.013808 	 -0.002857
  137 	 -0.200000 	 -0.013808 	 -0.002857
  138 	 -0.200000 	 -0.013808 	 -0.002857
  139 	 -0.200000 	 -0.013343 	 -0.002849
  140 	 -0.200000 	 -0.013832 	 -0.002890
  141 	 -0.200000 	 -0.013788 	 -0.002841
  142 	 -0.200000 	 -0.013787 	 -0.002849
  143 	 -0.200000 	 -0.013685 	 -0.002857
  144 	 -0.200000 	 -0.013935 	 -0.002833
  145 	 -0.200000 	 -0.013808 	 -0.002857
  146 	 -0.200000 	 -0.013808 	 -0.002857
  147 	 -0.200000 	 -0.013808 	 -0.002857
  148 	 -0.200000 	 -0.013811 	 -0.002874
  149 	 -0.200000 	 -0.013816 	 -0.002865
  150 	 -0.200000 	 -0.013808 	 -0.002857
  151 	 -0.200000 	 -0.013837 	 -0.002890
  152 	 -0.200000 	 -0.013804 	 -0.002841
  153 	 -0.200000 	 -0.013795 	 -0.002849
  154 	 -0.200000 	 -0.013800 	 -0.002825
  155 	 -0.250000 	 -0.014934 	 -0.002899
  156 	 -0.250000 	 -0.016501 	 -0.003436
  157 	 -0.250000 	 -0.017260 	 -0.003571
  158 	 -0.250000 	 -0.017238 	 -0.003534
  159 	 -0.250000 	 -0.017249 	 -0.003623
  160 	 -0.250000 	 -0.017876 	 -0.003650
  161 	 -0.250000 	 -0.017313 	 -0.003597
  162 	 -0.250000 	 -0.017833 	 -0.003610
  163 	 -0.250000 	 -0.017239 	 -0.003559
  164 	 -0.250000 	 -0.016909 	 -0.003534
  165 	 -0.250000 	 -0.017261 	 -0.003584
  166 	 -0.250000 	 -0.017236 	 -0.003521
  167 	 -0.250000 	 -0.017260 	 -0.003571
  168 	 -0.250000 	 -0.017260 	 -0.003571
  169 	 -0.250000 	 -0.017256 	 -0.003559
  170 	 -0.250000 	 -0.017260 	 -0.003571
  171 	 -0.250000 	 -0.017260 	 -0.003571
  172 	 -0.250000 	 -0.017370 	 -0.003584
  173 	 -0.250000 	 -0.017298 	 -0.003610
  174 	 -0.250000 	 -0.017260 	 -0.003571
  175 	 -0.250000 	 -0.017264 	 -0.003584
  176 	 -0.250000 	 -0.017139 	 -0.003509
  177 	 -0.250000 	 -0.015942 	 -0.003559
  178 	 -0.250000 	 -0.017270 	 -0.003610
  179 	 -0.250000 	 -0.017399 	 -0.003610
  180 	 -0.250000 	 -0.017260 	 -0.003571
  181 	 -0.250000 	 -0.017260 	 -0.003571
  182 	 -0.250000 	 -0.017268 	 -0.003610
  183 	 -0.250000 	 -0.017309 	 -0.003636
  184 	 -0.500000 	 -0.022639 	 -0.003704
  185 	 -0.250000 	 -0.021726 	 -0.005348
  186 	 -0.250000 	 -0.018434 	 -0.004000
  187 	 -0.250000 	 -0.017268 	 -0.003584
  188 	 -0.250000 	 -0.017513 	 -0.003597
  189 	 -0.250000 	 -0.017231 	 -0.003559
  190 	 -0.250000 	 -0.017268 	 -0.003584
  191 	 -0.250000 	 -0.019544 	 -0.003610
  192 	 -0.250000 	 -0.015633 	 -0.003534
  193 	 -0.250000 	 -0.017337 	 -0.003610
  194 	 -0.250000 	 -0.017180 	 -0.003521
  195 	 -0.250000 	 -0.017606 	 -0.003623
  196 	 -0.250000 	 -0.017260 	 -0.003571
  197 	 -0.250000 	 -0.017312 	 -0.003623
  198 	 -0.250000 	 -0.017260 	 -0.003571
  199 	 -0.250000 	 -0.017238 	 -0.003597
  200 	 -0.250000 	 -0.017247 	 -0.003509
  201 	 -0.250000 	 -0.017253 	 -0.003597
  202 	 -0.250000 	 -0.017262 	 -0.003636
  203 	 -0.250000 	 -0.018067 	 -0.003704
  204 	 -0.250000 	 -0.017260 	 -0.003571
  205 	 -0.250000 	 -0.017255 	 -0.003559
  206 	 -0.250000 	 -0.017238 	 -0.003559
  207 	 -0.250000 	 -0.017392 	 -0.003584
  208 	 -0.250000 	 -0.017260 	 -0.003571
  209 	 -0.250000 	 -0.017260 	 -0.003571
  210 	 -0.250000 	 -0.017036 	 -0.003521
  211 	 -0.250000 	 -0.017260 	 -0.003571
  212 	 -0.250000 	 -0.017273 	 -0.003623
  213 	 -0.250000 	 -0.017251 	 -0.003610
  214 	 -0.250000 	 -0.017260 	 -0.003571
  215 	 -0.250000 	 -0.018509 	 -0.003676
  216 	 -0.250000 	 -0.017260 	 -0.003571
  217 	 -0.250000 	 -0.017257 	 -0.003559
  218 	 -0.250000 	 -0.017283 	 -0.003597
  219 	 -0.250000 	 -0.017349 	 -0.003571
  220 	 -0.250000 	 -0.017260 	 -0.003571
  221 	 -0.250000 	 -0.017260 	 -0.003571
  222 	 -0.250000 	 -0.017594 	 -0.003610
  223 	 -0.250000 	 -0.017266 	 -0.003623
  224 	 -0.250000 	 -0.017036 	 -0.003610
  225 	 -0.250000 	 -0.017263 	 -0.003597
  226 	 -0.250000 	 -0.017260 	 -0.003571
  227 	 -0.250000 	 -0.017242 	 -0.003559
  228 	 -0.250000 	 -0.016819 	 -0.003546
  229 	 -0.250000 	 -0.017319 	 -0.003597
  230 	 -0.250000 	 -0.017544 	 -0.003636
  231 	 -0.250000 	 -0.017190 	 -0.003509
  232 	 -0.250000 	 -0.017179 	 -0.003534
  233 	 -0.250000 	 -0.016779 	 -0.003623
  234 	 -0.250000 	 -0.017259 	 -0.003559
  235 	 -0.250000 	 -0.017128 	 -0.003559
  236 	 -0.250000 	 -0.016864 	 -0.003521
  237 	 -0.250000 	 -0.017314 	 -0.003610
  238 	 -0.250000 	 -0.017264 	 -0.003584
  239 	 -0.250000 	 -0.017179 	 -0.003521
  240 	 -0.250000 	 -0.017194 	 -0.003610
  241 	 -0.250000 	 -0.017247 	 -0.003571
  242 	 -0.250000 	 -0.017232 	 -0.003597
  243 	 -0.250000 	 -0.017254 	 -0.003559
  244 	 -0.250000 	 -0.017288 	 -0.003623
  245 	 -0.250000 	 -0.017227 	 -0.003623
  246 	 -0.250000 	 -0.017259 	 -0.003534
  247 	 -0.250000 	 -0.020754 	 -0.003636
  248 	 -0.250000 	 -0.017260 	 -0.003559
  249 	 -0.250000 	 -0.016564 	 -0.003413
  250 	 -0.250000 	 -0.020771 	 -0.003571
  251 	 -0.250000 	 -0.017253 	 -0.003546
  252 	 -0.250000 	 -0.017260 	 -0.003571
  253 	 -0.250000 	 -0.017532 	 -0.003559
  254 	 -0.250000 	 -0.017294 	 -0.003623
  255 	 -0.250000 	 -0.017260 	 -0.003571
  256 	 -0.250000 	 -0.017337 	 -0.003623
  257 	 -0.250000 	 -0.017262 	 -0.003610
  258 	 -0.250000 	 -0.017260 	 -0.003571
  259 	 -0.250000 	 -0.017260 	 -0.003571
  260 	 -0.250000 	 -0.017260 	 -0.003571
  261 	 -0.250000 	 -0.017327 	 -0.003584
  262 	 -0.250000 	 -0.017260 	 -0.003571
  263 	 -0.250000 	 -0.017260 	 -0.003571
  264 	 -0.250000 	 -0.017189 	 -0.003534
  265 	 -0.250000 	 -0.017276 	 -0.003571
  266 	 -0.200000 	 -0.016024 	 -0.003559
  267 	 -0.200000 	 -0.014505 	 -0.002959
  268 	 -0.200000 	 -0.013751 	 -0.002817
  269 	 -0.200000 	 -0.013808 	 -0.002857
  270 	 -0.200000 	 -0.013817 	 -0.002924
  271 	 -0.200000 	 -0.013808 	 -0.002857
  272 	 -0.200000 	 -0.013808 	 -0.002857
  273 	 -0.200000 	 -0.013055 	 -0.002825
  274 	 -0.200000 	 -0.013834 	 -0.002890
  275 	 -0.200000 	 -0.013825 	 -0.002857
  276 	 -0.200000 	 -0.013788 	 -0.002817
  277 	 -0.200000 	 -0.013850 	 -0.002865
  278 	 -0.200000 	 -0.013788 	 -0.002825
  279 	 -0.200000 	 -0.015071 	 -0.002841
  280 	 -0.200000 	 -0.013771 	 -0.002841
  281 	 -0.200000 	 -0.013816 	 -0.002890
  282 	 -0.200000 	 -0.013969 	 -0.002907
  283 	 -0.200000 	 -0.013724 	 -0.002849
  284 	 -0.200000 	 -0.013791 	 -0.002849
  285 	 -0.200000 	 -0.013895 	 -0.002899
  286 	 -0.200000 	 -0.013806 	 -0.002849
  287 	 -0.200000 	 -0.013815 	 -0.002874
  288 	 -0.200000 	 -0.013810 	 -0.002865
  289 	 -0.200000 	 -0.013720 	 -0.002865
  290 	 -0.200000 	 -0.013902 	 -0.002890
  291 	 -0.200000 	 -0.014070 	 -0.002865
  292 	 -0.200000 	 -0.013808 	 -0.002857
  293 	 -0.200000 	 -0.013801 	 -0.002874
  294 	 -0.200000 	 -0.013808 	 -0.002857
  295 	 -0.200000 	 -0.013820 	 -0.002874
  296 	 -0.200000 	 -0.013808 	 -0.002857
  297 	 -0.200000 	 -0.013798 	 -0.002849
  298 	 -0.200000 	 -0.013732 	 -0.002817
  299 	 -0.200000 	 -0.013808 	 -0.002857
  300 	 -0.200000 	 -0.013816 	 -0.002890
  301 	 -0.200000 	 -0.013700 	 -0.002801
  302 	 -0.200000 	 -0.013808 	 -0.002857
  303 	 -0.200000 	 -0.013828 	 -0.002874
  304 	 -0.200000 	 -0.013805 	 -0.002857
  305 	 -0.200000 	 -0.013808 	 -0.002857
  306 	 -0.200000 	 -0.013808 	 -0.002857
  307 	 -0.200000 	 -0.013725 	 -0.002841
  308 	 -0.200000 	 -0.013795 	 -0.002825
  309 	 -0.200000 	 -0.013808 	 -0.002857
  310 	 -0.200000 	 -0.013808 	 -0.002857
  311 	 -0.200000 	 -0.013808 	 -0.002857
  312 	 -0.200000 	 -0.014191 	 -0.002882
  313 	 -0.200000 	 -0.014580 	 -0.002933
  314 	 -0.200000 	 -0.013967 	 -0.002924
  315 	 -0.200000 	 -0.013808 	 -0.002857
  316 	 -0.200000 	 -0.013803 	 -0.002857
  317 	 -0.200000 	 -0.013804 	 -0.002849
  318 	 -0.200000 	 -0.014134 	 -0.002874
  319 	 -0.200000 	 -0.013818 	 -0.002874
  320 	 -0.200000 	 -0.013807 	 -0.002849
  321 	 -0.200000 	 -0.013648 	 -0.002825
  322 	 -0.200000 	 -0.013808 	 -0.002857
  323 	 -0.200000 	 -0.013599 	 -0.002849
  324 	 -0.200000 	 -0.013808 	 -0.002857
  325 	 -0.200000 	 -0.013921 	 -0.002899
  326 	 -0.200000 	 -0.013870 	 -0.002865
  327 	 -0.200000 	 -0.013824 	 -0.002833
  328 	 -0.200000 	 -0.013805 	 -0.002849
  329 	 -0.200000 	 -0.013781 	 -0.002833
  330 	 -0.200000 	 -0.013741 	 -0.002849
  331 	 -0.200000 	 -0.013761 	 -0.002793
  332 	 -0.200000 	 -0.013808 	 -0.002857
  333 	 -0.200000 	 -0.013794 	 -0.002841
  334 	 -0.200000 	 -0.013808 	 -0.002857
  335 	 -0.200000 	 -0.013802 	 -0.002849
  336 	 -0.200000 	 -0.013988 	 -0.002899
  337 	 -0.200000 	 -0.013833 	 -0.002907
  338 	 -0.200000 	 -0.013808 	 -0.002857
  339 	 -0.200000 	 -0.013783 	 -0.002865
  340 	 -0.200000 	 -0.013808 	 -0.002857
  341 	 -0.200000 	 -0.013178 	 -0.002857
  342 	 -0.200000 	 -0.013813 	 -0.002915
  343 	 -0.200000 	 -0.013687 	 -0.002817
  344 	 -0.200000 	 -0.013726 	 -0.002865
  345 	 -0.200000 	 -0.013803 	 -0.002882
  346 	 -0.200000 	 -0.013873 	 -0.002899
  347 	 -0.200000 	 -0.013812 	 -0.002874
  348 	 -0.200000 	 -0.013480 	 -0.002833
  349 	 -0.200000 	 -0.013804 	 -0.002849
  350 	 -0.200000 	 -0.013768 	 -0.002833
  351 	 -0.200000 	 -0.013801 	 -0.002849
  352 	 -0.200000 	 -0.013719 	 -0.002825
  353 	 -0.200000 	 -0.013808 	 -0.002857
  354 	 -0.200000 	 -0.013784 	 -0.002849
  355 	 -0.200000 	 -0.013795 	 -0.002849
  356 	 -0.200000 	 -0.013808 	 -0.002857
  357 	 -0.200000 	 -0.013692 	 -0.002849
  358 	 -0.200000 	 -0.013809 	 -0.002849
  359 	 -0.200000 	 -0.014053 	 -0.002849
  360 	 -0.200000 	 -0.013834 	 -0.002874
  361 	 -0.200000 	 -0.013814 	 -0.002882
  362 	 -0.200000 	 -0.013808 	 -0.002857
  363 	 -0.200000 	 -0.013808 	 -0.002857
  364 	 -0.200000 	 -0.013808 	 -0.002857
  365 	 -0.200000 	 -0.013808 	 -0.002857
  366 	 -0.200000 	 -0.013808 	 -0.002857
  367 	 -0.200000 	 -0.014031 	 -0.002882
  368 	 -0.200000 	 -0.013787 	 -0.002849
  369 	 -0.200000 	 -0.013726 	 -0.002801
  370 	 -0.200000 	 -0.013772 	 -0.002809
  371 	 -0.200000 	 -0.013808 	 -0.002857
  372 	 -0.200000 	 -0.013803 	 -0.002849
  373 	 -0.200000 	 -0.013808 	 -0.002857
  374 	 -0.200000 	 -0.013808 	 -0.002857
  375 	 -0.200000 	 -0.013811 	 -0.002874
  376 	 -0.200000 	 -0.013785 	 -0.002849
  377 	 -0.200000 	 -0.013779 	 -0.002841
  378 	 -0.200000 	 -0.013808 	 -0.002857
  379 	 -0.200000 	 -0.013851 	 -0.002924
  380 	 -0.200000 	 -0.013839 	 -0.002857
  381 	 -0.200000 	 -0.013824 	 -0.002899
  382 	 -0.200000 	 -0.013755 	 -0.002825
  383 	 -0.200000 	 -0.013902 	 -0.002907
  384 	 -0.200000 	 -0.013808 	 -0.002857
  385 	 -0.200000 	 -0.013816 	 -0.002865
  386 	 -0.200000 	 -0.015169 	 -0.002907
  387 	 -0.200000 	 -0.013780 	 -0.002849
  388 	 -0.200000 	 -0.013809 	 -0.002865
  389 	 -0.200000 	 -0.013792 	 -0.002865
  390 	 -0.200000 	 -0.013808 	 -0.002857
  391 	 -0.200000 	 -0.013840 	 -0.002882
  392 	 -0.200000 	 -0.013782 	 -0.002841
  393 	 -0.200000 	 -0.014136 	 -0.002874
  394 	 -0.200000 	 -0.013765 	 -0.002833
  395 	 -0.200000 	 -0.014033 	 -0.002907
  396 	 -0.200000 	 -0.013811 	 -0.002865
  397 	 -0.200000 	 -0.013808 	 -0.002849
  398 	 -0.200000 	 -0.013731 	 -0.002825
  399 	 -0.200000 	 -0.013808 	 -0.002857
 