   0 	 -1.000000 	 -0.046984 	 0.500000
    1 	 0.002841 	 0.013785 	 0.200000
    2 	 0.002865 	 0.013780 	 0.200000
    3 	 0.002899 	 0.013876 	 0.200000
    4 	 0.002907 	 0.015208 	 0.200000
    5 	 0.003077 	 0.014642 	 0.200000
    6 	 0.003040 	 0.014873 	 0.200000
    7 	 0.003165 	 0.017899 	 0.250000
    8 	 0.003717 	 0.035683 	 1.000000
    9 	 0.005988 	 0.055327 	 1.000000
   10 	 0.012195 	 0.060168 	 1.000000
   11 	 0.012195 	 0.056149 	 1.000000
   12 	 0.011494 	 0.067872 	 1.000000
   13 	 0.013514 	 0.065725 	 1.000000
   14 	 0.013333 	 0.067325 	 1.000000
   15 	 0.014085 	 0.069107 	 1.000000
   16 	 0.014493 	 0.066646 	 0.500000
   17 	 0.015873 	 0.089401 	 1.000000
   18 	 0.017857 	 0.077093 	 1.000000
   19 	 0.017241 	 0.082849 	 1.000000
   20 	 0.016129 	 0.103462 	 1.000000
   21 	 0.022222 	 0.108224 	 1.000000
   22 	 0.000000 	 0.086783 	 1.000000
   23 	 0.018519 	 0.079381 	 1.000000
   24 	 0.015385 	 0.075967 	 1.000000
   25 	 0.000000 	 0.075105 	 1.000000
   26 	 0.015625 	 0.101718 	 1.000000
   27 	 0.000000 	 0.086175 	 1.000000
   28 	 0.017857 	 0.079276 	 1.000000
   29 	 0.017544 	 0.079854 	 1.000000
   30 	 0.018182 	 0.072695 	 1.000000
   31 	 0.015625 	 0.070956 	 1.000000
   32 	 0.013889 	 0.068807 	 1.000000
   33 	 0.014286 	 0.067757 	 1.000000
   34 	 0.014925 	 0.068953 	 1.000000
   35 	 0.014493 	 0.088573 	 1.000000
   36 	 0.020833 	 0.101654 	 1.000000
   37 	 0.025641 	 0.104037 	 1.000000
   38 	 0.020833 	 0.054243 	 0.200000
   39 	 0.014085 	 0.057244 	 1.000000
   40 	 0.011236 	 0.057956 	 1.000000
   41 	 0.011905 	 0.068634 	 1.000000
   42 	 0.012987 	 0.065837 	 1.000000
   43 	 0.013889 	 0.068034 	 1.000000
   44 	 -1.000000 	 0.056520 	 1.000000
   45 	 0.013699 	 0.059909 	 1.000000
   46 	 0.013333 	 0.069321 	 1.000000
   47 	 0.012821 	 0.066047 	 1.000000
   48 	 0.013158 	 0.065762 	 1.000000
   49 	 0.013889 	 0.072341 	 1.000000
   50 	 0.016949 	 0.080235 	 1.000000
   51 	 0.000000 	 0.099749 	 1.000000
   52 	 0.016129 	 0.070358 	 1.000000
   53 	 0.014085 	 0.068866 	 1.000000
   54 	 0.014493 	 0.069313 	 1.000000
   55 	 0.014286 	 0.067176 	 1.000000
   56 	 0.015625 	 0.073020 	 1.000000
   57 	 0.018519 	 0.071149 	 1.000000
   58 	 0.016393 	 0.070317 	 1.000000
   59 	 0.000000 	 0.069235 	 1.000000
   60 	 0.014706 	 0.070572 	 1.000000
   61 	 0.014286 	 0.068181 	 1.000000
   62 	 0.014925 	 0.069675 	 1.000000
   63 	 0.013699 	 0.068445 	 1.000000
   64 	 0.013889 	 0.066465 	 1.000000
   65 	 0.015152 	 0.060941 	 1.000000
   66 	 0.014286 	 0.090659 	 1.000000
   67 	 0.015385 	 0.079887 	 1.000000
   68 	 0.016393 	 0.078106 	 1.000000
   69 	 0.000000 	 0.140717 	 1.000000
   70 	 0.021739 	 0.123490 	 1.000000
   71 	 0.024390 	 0.083692 	 1.000000
   72 	 0.021277 	 0.092807 	 1.000000
   73 	 0.000000 	 0.155618 	 1.000000
   74 	 0.027027 	 0.116053 	 1.000000
   75 	 0.000000 	 0.253565 	 1.000000
   76 	 -1.000000 	 -0.034314 	 1.000000
   77 	 -1.000000 	 -0.032614 	 1.000000
   78 	 0.014493 	 0.069329 	 1.000000
   79 	 0.014085 	 0.069008 	 1.000000
   80 	 0.014286 	 0.064828 	 1.000000
   81 	 0.014085 	 0.068380 	 1.000000
   82 	 0.013514 	 0.063083 	 1.000000
   83 	 0.012195 	 0.066460 	 1.000000
   84 	 0.013699 	 0.068835 	 1.000000
   85 	 0.014085 	 0.064480 	 1.000000
   86 	 0.013158 	 0.062762 	 1.000000
   87 	 0.013333 	 0.062008 	 1.000000
   88 	 0.011364 	 0.050481 	 1.000000
   89 	 0.010526 	 0.060681 	 1.000000
   90 	 0.010989 	 0.039967 	 0.250000
   91 	 0.009709 	 0.054700 	 1.000000
   92 	 0.011628 	 0.068844 	 1.000000
   93 	 0.016667 	 0.073982 	 1.000000
   94 	 0.015625 	 0.069125 	 1.000000
   95 	 0.014286 	 0.075945 	 1.000000
   96 	 0.016393 	 0.069350 	 1.000000
   97 	 0.014286 	 0.073748 	 1.000000
   98 	 0.013889 	 0.067227 	 1.000000
   99 	 0.013158 	 0.067040 	 1.000000
  100 	 0.014925 	 0.073568 	 1.000000
  101 	 0.016949 	 0.072426 	 1.000000
  102 	 0.014085 	 0.083119 	 1.000000
  103 	 0.017241 	 0.072668 	 1.000000
  104 	 -1.000000 	 0.071242 	 1.000000
  105 	 0.000000 	 0.111173 	 1.000000
  106 	 0.027778 	 0.092351 	 1.000000
  107 	 0.023256 	 0.112006 	 1.000000
  108 	 -1.000000 	 -0.151973 	 1.000000
  109 	 0.003584 	 0.017142 	 0.250000
  110 	 0.003623 	 0.017469 	 0.250000
  111 	 0.003534 	 0.017393 	 0.250000
  112 	 0.003650 	 0.017421 	 0.250000
  113 	 0.003559 	 0.017278 	 0.250000
  114 	 0.003546 	 0.017209 	 0.250000
  115 	 0.003559 	 0.017251 	 0.250000
  116 	 0.003534 	 0.017139 	 0.250000
  117 	 0.003636 	 0.017272 	 0.250000
  118 	 0.003571 	 0.017260 	 0.250000
  119 	 0.003546 	 0.017188 	 0.250000
  120 	 0.003571 	 0.017260 	 0.250000
  121 	 0.003584 	 0.017291 	 0.250000
  122 	 0.003610 	 0.017279 	 0.250000
  123 	 0.003559 	 0.017299 	 0.250000
  124 	 0.003509 	 0.019005 	 0.250000
  125 	 0.003922 	 0.019011 	 0.250000
  126 	 0.004065 	 0.017745 	 0.250000
  127 	 0.003509 	 0.017084 	 0.250000
  128 	 0.003610 	 0.017362 	 0.250000
  129 	 0.003571 	 0.017260 	 0.250000
  130 	 0.003521 	 0.017214 	 0.250000
  131 	 0.003484 	 0.017054 	 0.250000
  132 	 0.003571 	 0.017281 	 0.250000
  133 	 0.003534 	 0.017225 	 0.250000
  134 	 0.003597 	 0.017361 	 0.250000
  135 	 0.003497 	 0.016964 	 0.250000
  136 	 0.003650 	 0.017549 	 0.250000
  137 	 0.003759 	 0.017594 	 0.250000
  138 	 0.003650 	 0.017309 	 0.250000
  139 	 0.003534 	 0.017239 	 0.250000
  140 	 0.003546 	 0.017171 	 0.250000
  141 	 0.003497 	 0.017531 	 0.250000
  142 	 0.003663 	 0.018500 	 0.250000
  143 	 0.003831 	 0.017989 	 0.250000
  144 	 0.003817 	 0.018642 	 0.250000
  145 	 0.003937 	 0.018371 	 0.250000
  146 	 0.003891 	 0.019865 	 0.333333
  147 	 0.004065 	 0.020881 	 0.333333
  148 	 0.004132 	 0.021773 	 0.333333
  149 	 0.004484 	 0.021877 	 0.333333
  150 	 0.004425 	 0.021184 	 0.333333
  151 	 0.004386 	 0.022110 	 0.333333
  152 	 0.004525 	 0.034675 	 1.000000
  153 	 0.006579 	 0.031243 	 0.333333
  154 	 0.007812 	 0.049873 	 1.000000
  155 	 0.010000 	 0.061611 	 1.000000
  156 	 0.012346 	 0.064702 	 1.000000
  157 	 0.012821 	 0.041964 	 0.250000
  158 	 0.009709 	 0.050179 	 1.000000
  159 	 0.008929 	 0.061602 	 1.000000
  160 	 0.012195 	 0.064386 	 1.000000
  161 	 0.013333 	 0.068920 	 1.000000
  162 	 0.014286 	 0.069041 	 1.000000
  163 	 0.015152 	 0.070214 	 1.000000
  164 	 0.012658 	 0.067327 	 1.000000
  165 	 0.013889 	 0.068224 	 1.000000
  166 	 0.013889 	 0.068798 	 1.000000
  167 	 0.014493 	 0.069566 	 1.000000
  168 	 0.015385 	 0.070856 	 1.000000
  169 	 0.014706 	 0.068739 	 1.000000
  170 	 0.014286 	 0.069041 	 1.000000
  171 	 0.014085 	 0.071934 	 1.000000
  172 	 0.015385 	 0.069615 	 1.000000
  173 	 0.014286 	 0.069041 	 1.000000
  174 	 0.014286 	 0.069041 	 1.000000
  175 	 0.014493 	 0.070027 	 1.000000
  176 	 0.014085 	 0.073044 	 1.000000
  177 	 0.014085 	 0.066992 	 1.000000
  178 	 0.015152 	 0.072171 	 1.000000
  179 	 0.015873 	 0.073691 	 1.000000
  180 	 0.014493 	 0.083122 	 1.000000
  181 	 0.000000 	 0.076367 	 1.000000
  182 	 0.016129 	 0.075175 	 1.000000
  183 	 0.015625 	 0.070746 	 1.000000
  184 	 -1.000000 	 0.064385 	 1.000000
  185 	 0.013514 	 0.068407 	 1.000000
  186 	 0.014706 	 0.076963 	 1.000000
  187 	 0.017857 	 0.057743 	 0.500000
  188 	 0.013699 	 0.066438 	 1.000000
  189 	 0.013889 	 0.072699 	 1.000000
  190 	 0.015873 	 0.081562 	 1.000000
  191 	 0.020408 	 0.084427 	 1.000000
  192 	 0.017544 	 0.073354 	 1.000000
  193 	 0.017544 	 0.071144 	 1.000000
  194 	 -1.000000 	 0.044086 	 1.000000
  195 	 0.014085 	 0.082962 	 1.000000
  196 	 0.017544 	 0.076189 	 1.000000
  197 	 0.017857 	 0.077820 	 1.000000
  198 	 0.018182 	 0.079564 	 1.000000
  199 	 0.019231 	 0.081658 	 1.000000
  200 	 0.020000 	 0.100273 	 1.000000
  201 	 0.019608 	 0.075731 	 1.000000
  202 	 0.016129 	 0.060891 	 0.500000
  203 	 0.000000 	 0.083416 	 1.000000
  204 	 0.017857 	 0.091578 	 1.000000
  205 	 0.022727 	 0.100482 	 1.000000
  206 	 0.018519 	 0.086926 	 1.000000
  207 	 0.018868 	 0.054635 	 0.250000
  208 	 0.016129 	 0.075986 	 1.000000
  209 	 0.016129 	 0.078048 	 1.000000
  210 	 0.018182 	 0.085284 	 1.000000
  211 	 0.018519 	 0.090503 	 1.000000
  212 	 0.017544 	 0.073173 	 1.000000
  213 	 0.016129 	 0.075799 	 1.000000
  214 	 0.016393 	 0.070774 	 1.000000
  215 	 0.000000 	 0.065121 	 1.000000
  216 	 0.012048 	 0.042279 	 0.250000
  217 	 0.010204 	 0.055373 	 1.000000
  218 	 0.011111 	 0.067571 	 1.000000
  219 	 -1.000000 	 0.051655 	 1.000000
  220 	 0.012987 	 0.080065 	 1.000000
  221 	 -1.000000 	 0.057322 	 1.000000
  222 	 0.017857 	 0.076205 	 1.000000
  223 	 0.015385 	 0.057744 	 1.000000
  224 	 0.018519 	 0.088293 	 1.000000
  225 	 0.020408 	 0.078422 	 1.000000
  226 	 0.018182 	 0.074396 	 1.000000
  227 	 0.016949 	 0.071447 	 1.000000
  228 	 0.000000 	 0.084307 	 1.000000
  229 	 0.015385 	 0.069692 	 1.000000
  230 	 0.014286 	 0.067961 	 1.000000
  231 	 0.014286 	 0.069041 	 1.000000
  232 	 0.014085 	 0.068732 	 1.000000
  233 	 0.014085 	 0.068646 	 1.000000
  234 	 0.013333 	 0.068530 	 1.000000
  235 	 0.012987 	 0.065500 	 1.000000
  236 	 0.012658 	 0.067799 	 1.000000
  237 	 0.014085 	 0.057798 	 1.000000
  238 	 0.012987 	 0.067826 	 1.000000
  239 	 0.013333 	 0.071249 	 1.000000
  240 	 0.014286 	 0.069344 	 1.000000
  241 	 0.014706 	 0.069329 	 1.000000
  242 	 0.013889 	 0.065970 	 1.000000
  243 	 0.013889 	 0.069010 	 1.000000
  244 	 0.013889 	 0.067222 	 1.000000
  245 	 0.013514 	 0.068481 	 1.000000
  246 	 0.013889 	 0.070047 	 1.000000
  247 	 0.012987 	 0.065867 	 1.000000
  248 	 0.014286 	 0.069041 	 1.000000
  249 	 0.014085 	 0.067361 	 1.000000
  250 	 0.013889 	 0.068659 	 1.000000
  251 	 0.014286 	 0.069041 	 1.000000
  252 	 0.014493 	 0.069177 	 1.000000
  253 	 0.015385 	 0.080626 	 1.000000
  254 	 0.016667 	 0.106078 	 1.000000
  255 	 0.029412 	 0.097918 	 1.000000
  256 	 0.022727 	 0.073525 	 1.000000
  257 	 -1.000000 	 0.066221 	 1.000000
  258 	 0.012821 	 0.072945 	 1.000000
  259 	 0.017241 	 0.082563 	 1.000000
  260 	 0.031250 	 0.118122 	 1.000000
  261 	 -1.000000 	 0.043781 	 1.000000
  262 	 -0.500000 	 -0.067349 	 -0.017241
  263 	 -0.333333 	 -0.023001 	 -0.004717
  264 	 -0.333333 	 -0.023333 	 -0.004878
  265 	 -0.333333 	 -0.023014 	 -0.004762
  266 	 -0.333333 	 -0.023014 	 -0.004762
  267 	 -0.333333 	 -0.022897 	 -0.004695
  268 	 -0.333333 	 -0.023029 	 -0.004854
  269 	 -0.333333 	 -0.023023 	 -0.004785
  270 	 -0.333333 	 -0.022830 	 -0.004695
  271 	 -0.333333 	 -0.023202 	 -0.004878
  272 	 -0.333333 	 -0.023014 	 -0.004762
  273 	 -0.333333 	 -0.023161 	 -0.004785
  274 	 -0.333333 	 -0.023102 	 -0.004785
  275 	 -0.333333 	 -0.023225 	 -0.004808
  276 	 -0.333333 	 -0.023226 	 -0.004831
  277 	 -0.333333 	 -0.023014 	 -0.004762
  278 	 -0.333333 	 -0.023107 	 -0.004831
  279 	 -0.333333 	 -0.028939 	 -0.005848
  280 	 -0.333333 	 -0.022974 	 -0.004739
  281 	 -0.333333 	 -0.023014 	 -0.004762
  282 	 -0.333333 	 -0.023050 	 -0.004902
  283 	 -0.333333 	 -0.023062 	 -0.004785
  284 	 -0.333333 	 -0.023094 	 -0.004831
  285 	 -0.333333 	 -0.023118 	 -0.005025
  286 	 -0.333333 	 -0.023011 	 -0.004739
  287 	 -0.333333 	 -0.023023 	 -0.004785
  288 	 -0.333333 	 -0.023560 	 -0.004854
  289 	 -0.333333 	 -0.023053 	 -0.004785
  290 	 -0.333333 	 -0.023207 	 -0.004785
  291 	 -0.333333 	 -0.023103 	 -0.004739
  292 	 -0.333333 	 -0.023014 	 -0.004762
  293 	 -0.333333 	 -0.022378 	 -0.004673
  294 	 -0.333333 	 -0.022984 	 -0.004739
  295 	 -0.333333 	 -0.022999 	 -0.004739
  296 	 -0.333333 	 -0.023014 	 -0.004762
  297 	 -0.333333 	 -0.023014 	 -0.004762
  298 	 -0.333333 	 -0.022733 	 -0.004831
  299 	 -0.333333 	 -0.022935 	 -0.004630
  300 	 -0.333333 	 -0.023022 	 -0.004831
  301 	 -0.333333 	 -0.023063 	 -0.004739
  302 	 -0.333333 	 -0.022998 	 -0.004739
  303 	 -0.333333 	 -0.023035 	 -0.004831
  304 	 -0.333333 	 -0.022935 	 -0.004739
  305 	 -0.333333 	 -0.023121 	 -0.004739
  306 	 -0.333333 	 -0.023140 	 -0.004808
  307 	 -0.333333 	 -0.023201 	 -0.004854
  308 	 -0.333333 	 -0.023396 	 0.000000
  309 	 -0.500000 	 -0.185714 	 0.000000
  310 	 -1.000000 	 -0.564286 	 0.000000
  311 	 -0.333333 	 -0.319048 	 0.000000
  312 	 0.000000 	 0.000000 	 0.000000
  313 	 -0.500000 	 -0.257143 	 0.000000
  314 	 0.000000 	 0.000000 	 0.000000
  315 	 -1.000000 	 -0.700000 	 0.000000
  316 	 -1.000000 	 0.194286 	 1.000000
  317 	 -1.000000 	 -0.671429 	 0.000000
  318 	 0.000000 	 0.228571 	 1.000000
  319 	 -0.500000 	 -0.215714 	 0.000000
  320 	 0.000000 	 0.000000 	 0.000000
  321 	 -0.333333 	 -0.052381 	 0.000000
  322 	 -1.000000 	 0.157143 	 1.000000
  323 	 -0.500000 	 -0.149286 	 0.000000
  324 	 -1.000000 	 -0.385714 	 1.000000
  325 	 0.000000 	 0.571429 	 1.000000
  326 	 0.000000 	 0.385119 	 1.000000
  327 	 0.000000 	 0.158110 	 1.000000
  328 	 0.000000 	 0.227555 	 1.000000
  329 	 0.000000 	 0.303112 	 1.000000
  330 	 0.000000 	 0.235680 	 1.000000
  331 	 0.000000 	 0.356020 	 1.000000
  332 	 -1.000000 	 0.635714 	 1.000000
  333 	 -1.000000 	 -0.457687 	 0.000000
  334 	 -0.200000 	 -0.029841 	 0.000000
  335 	 -0.333333 	 -0.130952 	 0.000000
  336 	 -0.333333 	 -0.289116 	 0.000000
  337 	 -0.500000 	 -0.316667 	 0.500000
  338 	 0.000000 	 0.142347 	 0.250000
  339 	 0.000000 	 0.082109 	 1.000000
  340 	 0.000000 	 0.209994 	 1.000000
  341 	 0.000000 	 0.167092 	 0.333333
  342 	 0.000000 	 0.095181 	 0.333333
  343 	 0.000000 	 0.085844 	 0.333333
  344 	 0.000000 	 0.343090 	 1.000000
  345 	 -1.000000 	 0.310437 	 1.000000
  346 	 -1.000000 	 -0.038831 	 0.500000
  347 	 -1.000000 	 -0.314286 	 1.000000
  348 	 -0.200000 	 -0.185714 	 0.000000
  349 	 -0.500000 	 -0.364286 	 0.000000
  350 	 -0.333333 	 -0.009524 	 1.000000
  351 	 -0.200000 	 -0.124762 	 0.000000
  352 	 -1.000000 	 -0.592857 	 0.000000
  353 	 0.000000 	 0.204762 	 0.333333
  354 	 0.000000 	 0.191071 	 0.333333
  355 	 0.000000 	 0.093722 	 0.333333
  356 	 -1.000000 	 0.065242 	 0.500000
  357 	 -1.000000 	 -0.180357 	 0.500000
  358 	 -1.000000 	 -0.214286 	 0.500000
  359 	 -0.500000 	 -0.135714 	 0.000000
  360 	 -1.000000 	 0.058333 	 0.333333
  361 	 0.000000 	 0.240068 	 1.000000
  362 	 -1.000000 	 0.101905 	 1.000000
  363 	 -0.333333 	 -0.194592 	 0.000000
  364 	 -1.000000 	 -0.300000 	 0.000000
  365 	 -1.000000 	 -0.914286 	 0.000000
  366 	 -0.200000 	 -0.082857 	 0.000000
  367 	 -0.333333 	 -0.185714 	 0.000000
  368 	 -0.500000 	 0.721429 	 1.000000
  369 	 -0.500000 	 -0.262245 	 0.000000
  370 	 -0.500000 	 -0.490476 	 0.000000
  371 	 -0.200000 	 -0.148571 	 0.000000
  372 	 -1.000000 	 0.067857 	 0.250000
  373 	 0.000000 	 0.064286 	 0.250000
  374 	 -1.000000 	 -0.242857 	 0.000000
  375 	 -1.000000 	 -0.471429 	 0.000000
  376 	 0.000000 	 0.528571 	 1.000000
  377 	 -1.000000 	 -0.071429 	 1.000000
  378 	 0.000000 	 0.000000 	 0.000000
  379 	 -0.250000 	 -0.078571 	 0.000000
  380 	 0.000000 	 0.000000 	 0.000000
  381 	 0.000000 	 0.414286 	 1.000000
  382 	 -0.333333 	 0.129762 	 1.000000
  383 	 -1.000000 	 0.168889 	 1.000000
  384 	 0.000000 	 0.092114 	 0.333333
  385 	 0.071429 	 0.185996 	 1.000000
  386 	 -1.000000 	 -0.357857 	 1.000000
  387 	 -1.000000 	 -0.070136 	 -0.014706
  388 	 -1.000000 	 -0.069372 	 -0.014706
  389 	 -1.000000 	 -0.067045 	 -0.013158
  390 	 -1.000000 	 -0.068716 	 -0.014706
  391 	 -1.000000 	 -0.070451 	 -0.015152
  392 	 -1.000000 	 -0.066650 	 -0.014286
  393 	 -1.000000 	 -0.060369 	 -0.013699
  394 	 -1.000000 	 -0.070094 	 -0.015385
  395 	 -1.000000 	 -0.072468 	 -0.015152
  396 	 -1.000000 	 -0.068983 	 -0.013889
  397 	 -1.000000 	 -0.068967 	 -0.014085
  398 	 -1.000000 	 -0.069041 	 -0.014286
  399 	 -1.000000 	 -0.065994 	 -0.013699
  400 	 -1.000000 	 -0.069935 	 -0.014706
  401 	 -1.000000 	 -0.069041 	 -0.014286
  402 	 -1.000000 	 -0.069050 	 0.000000
  403 	 -1.000000 	 -0.110714 	 0.250000
  404 	 0.000000 	 0.000000 	 0.000000
  405 	 -0.500000 	 -0.269048 	 1.000000
  406 	 -0.333333 	 -0.266667 	 0.000000
  407 	 -0.333333 	 -0.052381 	 0.000000
  408 	 -0.333333 	 -0.285714 	 0.000000
  409 	 0.000000 	 0.421429 	 0.500000
  410 	 0.000000 	 0.000000 	 0.000000
  411 	 -0.500000 	 -0.342857 	 0.000000
  412 	 0.000000 	 0.000000 	 0.000000
  413 	 0.000000 	 0.000000 	 0.000000
  414 	 0.000000 	 0.000000 	 0.000000
  415 	 -1.000000 	 -0.185714 	 0.333333
  416 	 -0.500000 	 -0.357143 	 1.000000
  417 	 -1.000000 	 -0.148571 	 0.000000
  418 	 0.000000 	 0.000000 	 0.000000
  419 	 0.000000 	 0.055952 	 0.333333
  420 	 0.000000 	 0.108909 	 0.250000
  421 	 0.000000 	 0.096187 	 0.250000
  422 	 -0.500000 	 0.038517 	 1.000000
  423 	 0.016129 	 0.043085 	 0.250000
  424 	 0.000000 	 0.044107 	 1.000000
  425 	 0.000000 	 0.031960 	 0.250000
  426 	 0.009346 	 0.053046 	 1.000000
  427 	 0.010101 	 0.042045 	 1.000000
  428 	 0.008621 	 0.042834 	 1.000000
  429 	 0.009901 	 0.061982 	 1.000000
  430 	 0.011765 	 0.067857 	 1.000000
  431 	 0.014286 	 0.073597 	 1.000000
  432 	 0.015625 	 0.077805 	 1.000000
  433 	 0.014493 	 0.072155 	 1.000000
  434 	 0.014706 	 0.043333 	 0.200000
  435 	 0.014706 	 0.072477 	 1.000000
  436 	 0.017544 	 0.081793 	 1.000000
  437 	 0.017857 	 0.080242 	 1.000000
  438 	 0.017857 	 0.070011 	 1.000000
  439 	 0.014493 	 0.069213 	 1.000000
  440 	 0.014493 	 0.068599 	 1.000000
  441 	 0.013889 	 0.054768 	 0.500000
  442 	 0.012500 	 0.064738 	 1.000000
  443 	 0.012821 	 0.063037 	 1.000000
  444 	 0.013514 	 0.064134 	 1.000000
  445 	 0.013699 	 0.072270 	 1.000000
  446 	 0.014493 	 0.063095 	 1.000000
  447 	 0.014085 	 0.062256 	 0.500000
  448 	 0.013699 	 0.086510 	 1.000000
  449 	 0.021277 	 0.079358 	 1.000000
  450 	 0.020000 	 0.098111 	 1.000000
  451 	 -1.000000 	 0.069168 	 1.000000
  452 	 0.024390 	 0.085536 	 1.000000
  453 	 0.017857 	 0.068634 	 1.000000
  454 	 0.016667 	 0.071305 	 1.000000
  455 	 0.015873 	 0.071244 	 1.000000
  456 	 0.014706 	 0.071315 	 1.000000
  457 	 0.014925 	 0.069312 	 1.000000
  458 	 0.014493 	 0.069583 	 1.000000
  459 	 0.015152 	 0.077271 	 1.000000
  460 	 0.014286 	 0.066245 	 1.000000
  461 	 0.013699 	 0.068279 	 1.000000
  462 	 0.012500 	 0.063610 	 1.000000
  463 	 0.012987 	 0.068820 	 1.000000
  464 	 0.015873 	 0.075815 	 1.000000
  465 	 0.017241 	 0.071298 	 1.000000
  466 	 0.015625 	 0.073219 	 1.000000
  467 	 0.000000 	 0.093909 	 1.000000
  468 	 0.014493 	 0.068930 	 1.000000
  469 	 0.015385 	 0.069706 	 1.000000
  470 	 0.014493 	 0.069056 	 1.000000
  471 	 0.014925 	 0.073896 	 1.000000
  472 	 0.015385 	 0.071819 	 1.000000
  473 	 0.015152 	 0.071655 	 1.000000
  474 	 0.000000 	 0.115389 	 1.000000
  475 	 0.021739 	 0.083418 	 1.000000
  476 	 0.019231 	 0.078151 	 1.000000
  477 	 0.017241 	 0.070566 	 1.000000
  478 	 0.014493 	 0.068806 	 1.000000
  479 	 0.013889 	 0.068469 	 1.000000
  480 	 0.014706 	 0.068921 	 1.000000
  481 	 0.014925 	 0.070285 	 1.000000
  482 	 0.016393 	 0.070144 	 1.000000
  483 	 0.015625 	 0.067113 	 1.000000
  484 	 0.015385 	 0.071820 	 1.000000
  485 	 0.014286 	 0.079778 	 1.000000
  486 	 0.033333 	 0.106350 	 1.000000
  487 	 -1.000000 	 0.040130 	 1.000000
  488 	 0.030303 	 0.096991 	 1.000000
  489 	 0.028571 	 0.064282 	 0.250000
  490 	 0.027027 	 0.127144 	 1.000000
  491 	 -1.000000 	 0.029594 	 1.000000
  492 	 0.011364 	 0.061163 	 1.000000
  493 	 0.012195 	 0.051637 	 0.500000
  494 	 0.012346 	 0.057407 	 1.000000
  495 	 0.011494 	 0.050763 	 0.500000
  496 	 0.010101 	 0.039048 	 0.500000
  497 	 0.009901 	 0.051548 	 0.500000
  498 	 0.010989 	 0.049512 	 1.000000
  499 	 0.011765 	 0.063625 	 1.000000
 