0	0.000033	0.000038
1	0.000034	0.000038
2	0.000035	0.000039
3	0.000037	0.000039
4	0.000037	0.000040
5	0.000038	0.000040
6	0.000039	0.000040
7	0.000039	0.000041
8	0.000040	0.000041
9	0.000040	0.000041
10	0.000040	0.000042
11	0.000041	0.000042
12	0.000041	0.000042
13	0.000041	0.000043
14	0.000042	0.000043
15	0.000042	0.000043
16	0.000042	0.000043
17	0.000043	0.000043
18	0.000043	0.000044
19	0.000043	0.000044
20	0.000043	0.000044
21	0.000043	0.000045
22	0.000044	0.000045
23	0.000044	0.000045
24	0.000044	0.000045
25	0.000045	0.000046
26	0.000045	0.000046
27	0.000045	0.000046
28	0.000045	0.000046
29	0.000045	0.000046
30	0.000046	0.000046
31	0.000046	0.000047
32	0.000046	0.000047
33	0.000046	0.000047
34	0.000046	0.000047
35	0.000046	0.000047
36	0.000047	0.000047
37	0.000047	0.000048
38	0.000047	0.000048
39	0.000047	0.000048
40	0.000048	0.000048
41	0.000048	0.000048
42	0.000048	0.000049
43	0.000048	0.000049
44	0.000048	0.000049
45	0.000048	0.000049
46	0.000049	0.000050
47	0.000049	0.000050
48	0.000049	0.000050
49	0.000049	0.000050
50	0.000050	0.000050
51	0.000050	0.000051
52	0.000050	0.000051
53	0.000050	0.000051
54	0.000051	0.000051
55	0.000051	0.000052
56	0.000051	0.000052
57	0.000051	0.000052
58	0.000051	0.000052
59	0.000051	0.000052
60	0.000051	0.000052
61	0.000051	0.000052
62	0.000052	0.000053
63	0.000052	0.000053
64	0.000052	0.000053
65	0.000052	0.000053
66	0.000052	0.000053
67	0.000052	0.000053
68	0.000052	0.000053
69	0.000052	0.000053
70	0.000053	0.000053
71	0.000053	0.000053
72	0.000053	0.000054
73	0.000053	0.000054
74	0.000053	0.000054
75	0.000053	0.000054
76	0.000054	0.000054
77	0.000054	0.000054
78	0.000054	0.000054
79	0.000053	0.000054
80	0.000054	0.000054
81	0.000054	0.000054
82	0.000054	0.000055
83	0.000054	0.000055
84	0.000054	0.000055
85	0.000054	0.000055
86	0.000054	0.000055
87	0.000055	0.000055
88	0.000055	0.000056
89	0.000055	0.000056
90	0.000055	0.000056
91	0.000055	0.000056
92	0.000055	0.000056
93	0.000056	0.000056
94	0.000055	0.000056
95	0.000056	0.000056
96	0.000056	0.000057
97	0.000056	0.000056
98	0.000056	0.000057
99	0.000056	0.000057
100	0.000056	0.000057
101	0.000057	0.000057
102	0.000057	0.000057
103	0.000057	0.000057
104	0.000057	0.000057
105	0.000057	0.000057
106	0.000057	0.000058
107	0.000057	0.000058
108	0.000057	0.000058
109	0.000057	0.000058
110	0.000057	0.000058
111	0.000057	0.000058
112	0.000058	0.000058
113	0.000058	0.000058
114	0.000058	0.000058
115	0.000058	0.000059
116	0.000058	0.000059
117	0.000058	0.000059
118	0.000059	0.000059
119	0.000059	0.000059
120	0.000059	0.000059
121	0.000059	0.000059
122	0.000059	0.000059
123	0.000059	0.000059
124	0.000059	0.000059
125	0.000059	0.000060
126	0.000059	0.000060
127	0.000059	0.000060
128	0.000059	0.000060
129	0.000060	0.000060
130	0.000060	0.000060
131	0.000060	0.000060
132	0.000060	0.000060
133	0.000060	0.000060
134	0.000060	0.000060
135	0.000060	0.000060
136	0.000060	0.000060
137	0.000060	0.000060
138	0.000060	0.000060
139	0.000060	0.000061
140	0.000060	0.000061
141	0.000060	0.000061
142	0.000060	0.000061
143	0.000060	0.000061
144	0.000060	0.000061
145	0.000061	0.000061
146	0.000061	0.000061
147	0.000061	0.000061
148	0.000061	0.000061
149	0.000061	0.000061
150	0.000061	0.000061
151	0.000061	0.000061
152	0.000061	0.000062
153	0.000061	0.000062
154	0.000061	0.000062
155	0.000061	0.000062
156	0.000061	0.000062
157	0.000062	0.000062
158	0.000062	0.000062
159	0.000062	0.000062
160	0.000062	0.000062
161	0.000062	0.000063
162	0.000062	0.000063
163	0.000062	0.000063
164	0.000062	0.000063
165	0.000062	0.000063
166	0.000062	0.000063
167	0.000062	0.000063
168	0.000062	0.000063
169	0.000063	0.000063
170	0.000063	0.000063
171	0.000063	0.000063
172	0.000063	0.000063
173	0.000063	0.000063
174	0.000063	0.000063
175	0.000063	0.000063
176	0.000063	0.000063
177	0.000063	0.000064
178	0.000063	0.000064
179	0.000063	0.000064
180	0.000063	0.000064
181	0.000063	0.000064
182	0.000063	0.000064
183	0.000063	0.000064
184	0.000063	0.000064
185	0.000064	0.000064
186	0.000063	0.000064
187	0.000063	0.000064
188	0.000064	0.000064
189	0.000064	0.000064
190	0.000064	0.000064
191	0.000064	0.000064
192	0.000064	0.000065
193	0.000064	0.000065
194	0.000064	0.000065
195	0.000064	0.000065
196	0.000064	0.000065
197	0.000064	0.000065
198	0.000064	0.000065
199	0.000064	0.000065
200	0.000065	0.000065
201	0.000064	0.000065
202	0.000065	0.000065
203	0.000065	0.000065
204	0.000065	0.000065
205	0.000065	0.000065
206	0.000065	0.000065
207	0.000065	0.000066
208	0.000065	0.000065
209	0.000065	0.000065
210	0.000065	0.000065
211	0.000065	0.000066
212	0.000065	0.000065
213	0.000065	0.000066
214	0.000065	0.000066
215	0.000065	0.000066
216	0.000066	0.000066
217	0.000066	0.000066
218	0.000066	0.000066
219	0.000066	0.000066
220	0.000066	0.000066
221	0.000066	0.000066
222	0.000066	0.000066
223	0.000066	0.000066
224	0.000066	0.000066
225	0.000066	0.000067
226	0.000066	0.000066
227	0.000066	0.000067
228	0.000066	0.000066
229	0.000066	0.000067
230	0.000066	0.000067
231	0.000066	0.000067
232	0.000066	0.000067
233	0.000066	0.000067
234	0.000066	0.000067
235	0.000066	0.000067
236	0.000066	0.000067
237	0.000066	0.000067
238	0.000066	0.000067
239	0.000067	0.000067
240	0.000066	0.000067
241	0.000066	0.000067
242	0.000066	0.000067
243	0.000066	0.000067
244	0.000066	0.000067
245	0.000067	0.000067
246	0.000066	0.000067
247	0.000067	0.000067
248	0.000067	0.000067
249	0.000067	0.000067
250	0.000067	0.000067
251	0.000067	0.000068
252	0.000067	0.000067
253	0.000067	0.000068
254	0.000067	0.000068
255	0.000067	0.000068
256	0.000067	0.000068
257	0.000067	0.000068
258	0.000068	0.000068
259	0.000067	0.000068
260	0.000068	0.000068
261	0.000067	0.000068
262	0.000068	0.000068
263	0.000068	0.000068
264	0.000068	0.000068
265	0.000068	0.000068
266	0.000068	0.000069
267	0.000068	0.000068
268	0.000068	0.000069
269	0.000068	0.000068
270	0.000068	0.000069
271	0.000068	0.000069
272	0.000068	0.000069
273	0.000068	0.000068
274	0.000068	0.000069
275	0.000068	0.000069
276	0.000068	0.000069
277	0.000068	0.000069
278	0.000068	0.000069
279	0.000068	0.000069
280	0.000069	0.000069
281	0.000068	0.000069
282	0.000069	0.000069
283	0.000069	0.000069
284	0.000069	0.000069
285	0.000069	0.000069
286	0.000069	0.000069
287	0.000069	0.000069
288	0.000069	0.000069
289	0.000069	0.000069
290	0.000069	0.000069
291	0.000069	0.000070
292	0.000069	0.000070
293	0.000069	0.000070
294	0.000069	0.000070
295	0.000069	0.000070
296	0.000069	0.000070
297	0.000069	0.000070
298	0.000069	0.000070
299	0.000069	0.000070
300	0.000069	0.000070
301	0.000069	0.000070
302	0.000069	0.000070
303	0.000070	0.000070
304	0.000070	0.000070
305	0.000070	0.000070
306	0.000070	0.000070
307	0.000070	0.000070
308	0.000070	0.000070
309	0.000070	0.000070
310	0.000070	0.000070
311	0.000070	0.000070
312	0.000069	0.000070
313	0.000070	0.000071
314	0.000070	0.000070
315	0.000070	0.000070
316	0.000070	0.000071
317	0.000070	0.000070
318	0.000070	0.000070
319	0.000070	0.000071
320	0.000070	0.000071
321	0.000070	0.000071
322	0.000070	0.000071
323	0.000070	0.000071
324	0.000071	0.000071
325	0.000070	0.000071
326	0.000071	0.000071
327	0.000071	0.000071
328	0.000071	0.000071
329	0.000071	0.000071
330	0.000071	0.000071
331	0.000071	0.000071
332	0.000071	0.000071
333	0.000071	0.000071
334	0.000071	0.000071
335	0.000071	0.000071
336	0.000071	0.000071
337	0.000071	0.000071
338	0.000071	0.000071
339	0.000071	0.000071
340	0.000071	0.000071
341	0.000071	0.000071
342	0.000071	0.000071
343	0.000071	0.000071
344	0.000071	0.000071
345	0.000071	0.000072
346	0.000071	0.000072
347	0.000071	0.000072
348	0.000071	0.000071
349	0.000071	0.000072
350	0.000071	0.000072
351	0.000071	0.000072
352	0.000071	0.000072
353	0.000072	0.000072
354	0.000071	0.000072
355	0.000072	0.000072
356	0.000071	0.000072
357	0.000072	0.000072
358	0.000072	0.000072
359	0.000072	0.000072
360	0.000072	0.000072
361	0.000072	0.000072
362	0.000072	0.000072
363	0.000072	0.000072
364	0.000072	0.000072
365	0.000072	0.000072
366	0.000072	0.000072
367	0.000072	0.000072
368	0.000072	0.000072
369	0.000072	0.000072
370	0.000072	0.000072
371	0.000072	0.000073
372	0.000072	0.000073
373	0.000072	0.000073
374	0.000072	0.000073
375	0.000072	0.000073
376	0.000072	0.000073
377	0.000072	0.000073
378	0.000072	0.000073
379	0.000072	0.000073
380	0.000072	0.000073
381	0.000073	0.000073
382	0.000072	0.000073
383	0.000072	0.000073
384	0.000072	0.000073
385	0.000072	0.000073
386	0.000072	0.000073
387	0.000072	0.000073
388	0.000073	0.000073
389	0.000073	0.000073
390	0.000073	0.000073
391	0.000073	0.000073
392	0.000073	0.000073
393	0.000073	0.000073
394	0.000073	0.000073
395	0.000073	0.000073
396	0.000073	0.000073
397	0.000073	0.000073
398	0.000073	0.000073
399	0.000073	0.000073
400	0.000073	0.000074
401	0.000073	0.000073
402	0.000073	0.000073
403	0.000073	0.000074
404	0.000073	0.000074
405	0.000073	0.000074
406	0.000073	0.000074
407	0.000073	0.000074
408	0.000073	0.000074
409	0.000073	0.000074
410	0.000073	0.000074
411	0.000073	0.000074
412	0.000074	0.000074
413	0.000073	0.000074
414	0.000073	0.000074
415	0.000074	0.000074
416	0.000074	0.000074
417	0.000074	0.000074
418	0.000074	0.000074
419	0.000074	0.000074
420	0.000073	0.000074
421	0.000074	0.000074
422	0.000074	0.000074
423	0.000074	0.000074
424	0.000074	0.000074
425	0.000074	0.000074
426	0.000074	0.000074
427	0.000074	0.000074
428	0.000074	0.000074
429	0.000074	0.000074
430	0.000074	0.000074
431	0.000074	0.000074
432	0.000074	0.000074
433	0.000074	0.000074
434	0.000074	0.000074
435	0.000074	0.000074
436	0.000074	0.000074
437	0.000074	0.000074
438	0.000074	0.000074
439	0.000074	0.000074
440	0.000074	0.000075
441	0.000074	0.000075
442	0.000074	0.000075
443	0.000074	0.000075
444	0.000074	0.000075
445	0.000074	0.000075
446	0.000074	0.000075
447	0.000074	0.000075
448	0.000074	0.000075
449	0.000074	0.000075
450	0.000074	0.000075
451	0.000075	0.000075
452	0.000075	0.000075
453	0.000075	0.000075
454	0.000075	0.000075
455	0.000075	0.000075
456	0.000075	0.000075
457	0.000075	0.000075
458	0.000075	0.000075
459	0.000075	0.000075
460	0.000075	0.000075
461	0.000075	0.000075
462	0.000075	0.000075
463	0.000075	0.000075
464	0.000075	0.000075
465	0.000075	0.000075
466	0.000075	0.000075
467	0.000075	0.000075
468	0.000075	0.000075
469	0.000075	0.000075
470	0.000075	0.000075
471	0.000075	0.000076
472	0.000075	0.000076
473	0.000075	0.000076
474	0.000075	0.000076
475	0.000076	0.000076
476	0.000075	0.000076
477	0.000075	0.000076
478	0.000075	0.000076
479	0.000075	0.000076
480	0.000075	0.000076
481	0.000075	0.000076
482	0.000075	0.000076
483	0.000075	0.000076
484	0.000076	0.000076
485	0.000076	0.000076
486	0.000076	0.000076
487	0.000076	0.000076
488	0.000076	0.000076
489	0.000076	0.000076
490	0.000076	0.000076
491	0.000076	0.000076
492	0.000076	0.000076
493	0.000076	0.000077
494	0.000076	0.000076
495	0.000076	0.000077
496	0.000076	0.000076
497	0.000076	0.000076
498	0.000076	0.000077
0	0.000033	0.000038
1	0.000034	0.000039
2	0.000035	0.000039
3	0.000036	0.000040
4	0.000037	0.000041
5	0.000038	0.000042
6	0.000039	0.000042
7	0.000039	0.000042
8	0.000040	0.000043
9	0.000040	0.000044
10	0.000041	0.000044
11	0.000042	0.000045
12	0.000042	0.000046
13	0.000043	0.000046
14	0.000044	0.000047
15	0.000044	0.000047
16	0.000045	0.000048
17	0.000045	0.000049
18	0.000046	0.000049
19	0.000046	0.000050
20	0.000047	0.000050
21	0.000048	0.000051
22	0.000048	0.000051
23	0.000048	0.000052
24	0.000049	0.000052
25	0.000049	0.000053
26	0.000050	0.000053
27	0.000050	0.000053
28	0.000051	0.000054
29	0.000051	0.000054
30	0.000052	0.000055
31	0.000052	0.000055
32	0.000052	0.000056
33	0.000053	0.000056
34	0.000053	0.000056
35	0.000053	0.000056
36	0.000053	0.000057
37	0.000054	0.000057
38	0.000054	0.000057
39	0.000055	0.000058
40	0.000055	0.000058
41	0.000055	0.000059
42	0.000056	0.000059
43	0.000056	0.000060
44	0.000057	0.000060
45	0.000057	0.000060
46	0.000057	0.000061
47	0.000057	0.000060
48	0.000057	0.000061
49	0.000058	0.000061
50	0.000058	0.000061
51	0.000058	0.000062
52	0.000059	0.000062
53	0.000059	0.000062
54	0.000059	0.000063
55	0.000060	0.000063
56	0.000060	0.000063
57	0.000060	0.000063
58	0.000060	0.000063
59	0.000060	0.000064
60	0.000060	0.000064
61	0.000061	0.000064
62	0.000061	0.000065
63	0.000061	0.000065
64	0.000062	0.000065
65	0.000062	0.000065
66	0.000062	0.000065
67	0.000062	0.000065
68	0.000062	0.000066
69	0.000062	0.000066
70	0.000063	0.000066
71	0.000063	0.000067
72	0.000063	0.000067
73	0.000063	0.000067
74	0.000064	0.000067
75	0.000064	0.000067
76	0.000064	0.000067
77	0.000064	0.000068
78	0.000065	0.000068
79	0.000064	0.000068
80	0.000065	0.000068
81	0.000064	0.000068
82	0.000065	0.000068
83	0.000065	0.000068
84	0.000065	0.000069
85	0.000066	0.000069
86	0.000066	0.000069
87	0.000066	0.000070
88	0.000066	0.000070
89	0.000066	0.000070
90	0.000066	0.000070
91	0.000066	0.000070
92	0.000066	0.000070
93	0.000067	0.000070
94	0.000067	0.000070
95	0.000067	0.000070
96	0.000067	0.000070
97	0.000067	0.000071
98	0.000067	0.000071
99	0.000067	0.000071
100	0.000067	0.000071
101	0.000067	0.000071
102	0.000068	0.000071
103	0.000068	0.000071
104	0.000068	0.000072
105	0.000068	0.000072
106	0.000069	0.000072
107	0.000068	0.000072
108	0.000068	0.000072
109	0.000068	0.000073
110	0.000069	0.000073
111	0.000068	0.000073
112	0.000069	0.000073
113	0.000069	0.000072
114	0.000069	0.000073
115	0.000069	0.000073
116	0.000069	0.000073
117	0.000069	0.000073
118	0.000070	0.000073
119	0.000069	0.000073
120	0.000069	0.000073
121	0.000070	0.000073
122	0.000070	0.000073
123	0.000070	0.000074
124	0.000070	0.000074
125	0.000070	0.000074
126	0.000070	0.000074
127	0.000070	0.000074
128	0.000070	0.000074
129	0.000070	0.000074
130	0.000070	0.000074
131	0.000070	0.000074
132	0.000071	0.000075
133	0.000071	0.000075
134	0.000071	0.000075
135	0.000071	0.000075
136	0.000071	0.000075
137	0.000071	0.000075
138	0.000071	0.000075
139	0.000071	0.000075
140	0.000071	0.000075
141	0.000072	0.000075
142	0.000071	0.000076
143	0.000072	0.000076
144	0.000072	0.000076
145	0.000072	0.000076
146	0.000072	0.000076
147	0.000072	0.000076
148	0.000072	0.000076
149	0.000072	0.000076
150	0.000072	0.000076
151	0.000072	0.000076
152	0.000073	0.000077
153	0.000073	0.000077
154	0.000073	0.000077
155	0.000072	0.000076
156	0.000073	0.000077
157	0.000073	0.000077
158	0.000073	0.000077
159	0.000073	0.000077
160	0.000073	0.000077
161	0.000074	0.000078
162	0.000073	0.000078
163	0.000073	0.000078
164	0.000074	0.000078
165	0.000074	0.000078
166	0.000074	0.000078
167	0.000074	0.000078
168	0.000074	0.000078
169	0.000074	0.000078
170	0.000074	0.000078
171	0.000074	0.000079
172	0.000074	0.000078
173	0.000074	0.000078
174	0.000074	0.000078
175	0.000074	0.000078
176	0.000074	0.000078
177	0.000074	0.000078
178	0.000075	0.000079
179	0.000075	0.000078
180	0.000075	0.000079
181	0.000075	0.000079
182	0.000075	0.000079
183	0.000075	0.000079
184	0.000075	0.000079
185	0.000075	0.000079
186	0.000075	0.000079
187	0.000075	0.000079
188	0.000075	0.000079
189	0.000075	0.000080
190	0.000076	0.000080
191	0.000075	0.000080
192	0.000076	0.000080
193	0.000075	0.000080
194	0.000076	0.000080
195	0.000075	0.000080
196	0.000076	0.000080
197	0.000075	0.000080
198	0.000075	0.000080
199	0.000076	0.000080
200	0.000076	0.000080
201	0.000076	0.000080
202	0.000076	0.000080
203	0.000076	0.000080
204	0.000076	0.000080
205	0.000076	0.000080
206	0.000077	0.000081
207	0.000076	0.000080
208	0.000076	0.000080
209	0.000077	0.000081
210	0.000076	0.000081
211	0.000076	0.000080
212	0.000076	0.000081
213	0.000077	0.000081
214	0.000077	0.000081
215	0.000076	0.000081
216	0.000077	0.000081
217	0.000076	0.000080
218	0.000077	0.000081
219	0.000076	0.000081
220	0.000076	0.000081
221	0.000077	0.000081
222	0.000077	0.000081
223	0.000077	0.000081
224	0.000077	0.000081
225	0.000078	0.000082
226	0.000077	0.000081
227	0.000077	0.000082
228	0.000077	0.000081
229	0.000078	0.000082
230	0.000077	0.000081
231	0.000078	0.000082
232	0.000077	0.000082
233	0.000078	0.000082
234	0.000078	0.000082
235	0.000078	0.000082
236	0.000078	0.000082
237	0.000077	0.000082
238	0.000078	0.000082
239	0.000078	0.000082
240	0.000078	0.000082
241	0.000078	0.000082
242	0.000077	0.000082
243	0.000078	0.000082
244	0.000078	0.000083
245	0.000077	0.000082
246	0.000078	0.000083
247	0.000078	0.000083
248	0.000078	0.000083
249	0.000078	0.000082
250	0.000078	0.000083
251	0.000078	0.000083
252	0.000078	0.000083
253	0.000078	0.000082
254	0.000078	0.000083
255	0.000078	0.000082
256	0.000079	0.000083
257	0.000078	0.000083
258	0.000078	0.000083
259	0.000079	0.000083
260	0.000078	0.000083
261	0.000079	0.000083
262	0.000078	0.000083
263	0.000079	0.000083
264	0.000079	0.000083
265	0.000079	0.000083
266	0.000078	0.000083
267	0.000079	0.000083
268	0.000079	0.000083
269	0.000079	0.000083
270	0.000079	0.000083
271	0.000079	0.000083
272	0.000079	0.000083
273	0.000079	0.000083
274	0.000079	0.000084
275	0.000079	0.000084
276	0.000079	0.000083
277	0.000079	0.000084
278	0.000079	0.000084
279	0.000079	0.000083
280	0.000079	0.000083
281	0.000079	0.000083
282	0.000079	0.000084
283	0.000079	0.000084
284	0.000079	0.000083
285	0.000079	0.000084
286	0.000079	0.000084
287	0.000079	0.000083
288	0.000079	0.000084
289	0.000080	0.000084
290	0.000079	0.000084
291	0.000079	0.000084
292	0.000079	0.000084
293	0.000079	0.000084
294	0.000079	0.000084
295	0.000080	0.000085
296	0.000080	0.000085
297	0.000080	0.000085
298	0.000079	0.000084
299	0.000079	0.000084
300	0.000079	0.000084
301	0.000080	0.000084
302	0.000080	0.000085
303	0.000080	0.000084
304	0.000080	0.000084
305	0.000080	0.000084
306	0.000080	0.000085
307	0.000080	0.000085
308	0.000080	0.000085
309	0.000080	0.000085
310	0.000080	0.000085
311	0.000080	0.000085
312	0.000080	0.000085
313	0.000080	0.000085
314	0.000080	0.000085
315	0.000080	0.000085
316	0.000080	0.000085
317	0.000081	0.000085
318	0.000080	0.000085
319	0.000081	0.000086
320	0.000080	0.000085
321	0.000080	0.000086
322	0.000081	0.000086
323	0.000081	0.000086
324	0.000081	0.000086
325	0.000081	0.000086
326	0.000081	0.000085
327	0.000081	0.000086
328	0.000081	0.000086
329	0.000081	0.000086
330	0.000081	0.000086
331	0.000081	0.000086
332	0.000081	0.000086
333	0.000081	0.000086
334	0.000081	0.000085
335	0.000081	0.000086
336	0.000081	0.000086
337	0.000082	0.000086
338	0.000081	0.000086
339	0.000081	0.000086
340	0.000081	0.000086
341	0.000081	0.000086
342	0.000081	0.000086
343	0.000082	0.000086
344	0.000081	0.000086
345	0.000081	0.000086
346	0.000081	0.000086
347	0.000081	0.000086
348	0.000081	0.000086
349	0.000081	0.000086
350	0.000081	0.000086
351	0.000082	0.000087
352	0.000082	0.000087
353	0.000081	0.000086
354	0.000082	0.000086
355	0.000082	0.000087
356	0.000082	0.000086
357	0.000082	0.000087
358	0.000082	0.000086
359	0.000082	0.000087
360	0.000081	0.000086
361	0.000082	0.000087
362	0.000082	0.000087
363	0.000082	0.000087
364	0.000082	0.000087
365	0.000082	0.000087
366	0.000082	0.000087
367	0.000081	0.000086
368	0.000082	0.000087
369	0.000082	0.000087
370	0.000082	0.000087
371	0.000082	0.000087
372	0.000082	0.000086
373	0.000082	0.000087
374	0.000082	0.000087
375	0.000083	0.000087
376	0.000082	0.000087
377	0.000082	0.000087
378	0.000082	0.000087
379	0.000082	0.000087
380	0.000083	0.000088
381	0.000082	0.000087
382	0.000082	0.000087
383	0.000082	0.000087
384	0.000083	0.000087
385	0.000082	0.000087
386	0.000083	0.000087
387	0.000083	0.000088
388	0.000082	0.000087
389	0.000083	0.000087
390	0.000083	0.000087
391	0.000083	0.000087
392	0.000082	0.000087
393	0.000083	0.000088
394	0.000083	0.000088
395	0.000082	0.000087
396	0.000082	0.000087
397	0.000082	0.000087
398	0.000083	0.000088
399	0.000083	0.000087
400	0.000083	0.000088
401	0.000083	0.000088
402	0.000083	0.000088
403	0.000083	0.000088
404	0.000083	0.000088
405	0.000083	0.000088
406	0.000083	0.000088
407	0.000083	0.000088
408	0.000083	0.000088
409	0.000083	0.000088
410	0.000083	0.000088
411	0.000082	0.000088
412	0.000083	0.000088
413	0.000083	0.000088
414	0.000083	0.000088
415	0.000082	0.000088
416	0.000083	0.000088
417	0.000083	0.000088
418	0.000083	0.000088
419	0.000083	0.000088
420	0.000083	0.000088
421	0.000083	0.000088
422	0.000084	0.000088
423	0.000083	0.000088
424	0.000083	0.000088
425	0.000083	0.000089
426	0.000083	0.000088
427	0.000083	0.000088
428	0.000083	0.000088
429	0.000083	0.000088
430	0.000083	0.000088
431	0.000083	0.000089
432	0.000083	0.000088
433	0.000083	0.000088
434	0.000083	0.000088
435	0.000084	0.000089
436	0.000083	0.000088
437	0.000083	0.000088
438	0.000084	0.000088
439	0.000083	0.000088
440	0.000083	0.000089
441	0.000084	0.000089
442	0.000083	0.000088
443	0.000083	0.000088
444	0.000084	0.000089
445	0.000083	0.000088
446	0.000084	0.000089
447	0.000083	0.000089
448	0.000083	0.000088
449	0.000083	0.000088
450	0.000083	0.000089
451	0.000084	0.000089
452	0.000083	0.000088
453	0.000084	0.000089
454	0.000084	0.000089
455	0.000083	0.000089
456	0.000084	0.000089
457	0.000084	0.000089
458	0.000083	0.000088
459	0.000083	0.000089
460	0.000083	0.000089
461	0.000084	0.000089
462	0.000084	0.000089
463	0.000084	0.000089
464	0.000084	0.000089
465	0.000084	0.000089
466	0.000084	0.000089
467	0.000084	0.000089
468	0.000084	0.000089
469	0.000084	0.000089
470	0.000084	0.000089
471	0.000084	0.000089
472	0.000084	0.000089
473	0.000084	0.000089
474	0.000084	0.000089
475	0.000084	0.000089
476	0.000084	0.000089
477	0.000084	0.000089
478	0.000084	0.000089
479	0.000084	0.000089
480	0.000084	0.000089
481	0.000084	0.000089
482	0.000084	0.000089
483	0.000084	0.000089
484	0.000084	0.000089
485	0.000084	0.000089
486	0.000084	0.000089
487	0.000084	0.000089
488	0.000084	0.000089
489	0.000084	0.000089
490	0.000084	0.000089
491	0.000084	0.000089
492	0.000084	0.000089
493	0.000084	0.000089
494	0.000084	0.000089
495	0.000084	0.000089
496	0.000084	0.000089
497	0.000084	0.000089
498	0.000084	0.000089
