   0 	 0.001300 	 0.001869 	 0.004028
    1 	 0.001236 	 0.002088 	 0.004686
    2 	 0.001192 	 0.002307 	 0.004686
    3 	 0.001269 	 0.002588 	 0.007235
    4 	 0.001436 	 0.002937 	 0.008189
    5 	 0.001524 	 0.003507 	 0.010208
    6 	 0.001976 	 0.003826 	 0.008189
    7 	 0.001956 	 0.004576 	 0.014062
    8 	 0.002307 	 0.006019 	 0.017332
    9 	 0.002560 	 0.007791 	 0.039237
   10 	 0.002560 	 0.011678 	 0.082887
   11 	 0.002560 	 0.022116 	 0.106661
   12 	 0.005519 	 0.048908 	 0.248895
   13 	 0.012214 	 0.086625 	 0.249441
   14 	 0.020112 	 0.140548 	 0.249278
   15 	 0.029749 	 0.188194 	 0.248709
   16 	 0.081258 	 0.219396 	 0.248249
   17 	 0.081288 	 0.226851 	 0.247895
   18 	 0.235158 	 0.236806 	 0.244770
   19 	 0.235177 	 0.236371 	 0.244768
   20 	 0.235350 	 0.235793 	 0.235884
   21 	 0.235351 	 0.235817 	 0.235883
   22 	 0.235844 	 0.235849 	 0.235873
   23 	 0.235844 	 0.235847 	 0.235873
   24 	 0.235844 	 0.235846 	 0.235846
   25 	 0.235844 	 0.235846 	 0.235846
   26 	 0.235846 	 0.235846 	 0.235846
   27 	 0.015156 	 0.233087 	 0.235846
   28 	 0.235846 	 0.235846 	 0.235846
   29 	 0.038888 	 0.233546 	 0.248795
   30 	 0.038888 	 0.233384 	 0.235846
   31 	 0.081346 	 0.234049 	 0.247335
   32 	 0.235846 	 0.235989 	 0.247335
   33 	 0.235208 	 0.235950 	 0.244765
   34 	 0.235208 	 0.235838 	 0.235846
   35 	 0.235351 	 0.235840 	 0.235881
   36 	 0.016499 	 0.233104 	 0.235881
   37 	 0.235844 	 0.235846 	 0.235873
   38 	 0.235844 	 0.236007 	 0.248712
   39 	 0.235844 	 0.235846 	 0.235846
   40 	 0.235132 	 0.235837 	 0.235846
   41 	 0.235846 	 0.235846 	 0.235846
   42 	 0.235846 	 0.235846 	 0.235885
   43 	 0.235846 	 0.235846 	 0.235846
   44 	 0.235844 	 0.235846 	 0.235846
   45 	 0.235846 	 0.235846 	 0.235846
   46 	 0.035212 	 0.233338 	 0.235846
   47 	 0.235846 	 0.235846 	 0.235846
   48 	 0.235846 	 0.235992 	 0.247560
   49 	 0.235846 	 0.235846 	 0.235846
   50 	 0.235196 	 0.235838 	 0.235846
   51 	 0.235846 	 0.235846 	 0.235846
   52 	 0.235846 	 0.235846 	 0.235882
   53 	 0.235846 	 0.235846 	 0.235846
   54 	 0.235844 	 0.235846 	 0.235846
   55 	 0.235846 	 0.235846 	 0.235846
   56 	 0.235846 	 0.235846 	 0.235846
   57 	 0.235846 	 0.235846 	 0.235846
   58 	 0.235846 	 0.235846 	 0.235846
   59 	 0.235846 	 0.235846 	 0.235846
   60 	 0.235846 	 0.235846 	 0.235846
   61 	 0.235846 	 0.235846 	 0.235846
   62 	 0.235846 	 0.235846 	 0.235846
   63 	 0.235846 	 0.235846 	 0.235846
   64 	 0.235846 	 0.235846 	 0.235846
   65 	 0.235846 	 0.235846 	 0.235846
   66 	 0.235846 	 0.235846 	 0.235846
   67 	 0.235846 	 0.235846 	 0.235846
   68 	 0.235846 	 0.235846 	 0.235846
   69 	 0.235846 	 0.235846 	 0.235846
   70 	 0.235846 	 0.235846 	 0.235846
   71 	 0.235846 	 0.235846 	 0.235846
   72 	 0.235846 	 0.235846 	 0.235846
   73 	 0.013507 	 0.233067 	 0.235846
   74 	 0.056619 	 0.233605 	 0.235846
   75 	 0.038888 	 0.231307 	 0.248897
   76 	 0.235846 	 0.235976 	 0.246255
   77 	 0.235122 	 0.236110 	 0.247335
   78 	 0.235268 	 0.235839 	 0.235846
   79 	 0.015156 	 0.233072 	 0.235886
   80 	 0.235846 	 0.235846 	 0.235878
   81 	 0.235844 	 0.236008 	 0.248795
   82 	 0.235844 	 0.235846 	 0.235846
   83 	 0.235128 	 0.235837 	 0.235846
   84 	 0.235846 	 0.235846 	 0.235846
   85 	 0.235846 	 0.235846 	 0.235886
   86 	 0.018102 	 0.233124 	 0.235846
   87 	 0.019026 	 0.233136 	 0.235846
   88 	 0.235846 	 0.236005 	 0.248613
   89 	 0.018102 	 0.233283 	 0.248556
   90 	 0.235138 	 0.235837 	 0.235846
   91 	 0.235141 	 0.235997 	 0.248613
   92 	 0.235846 	 0.235846 	 0.235885
   93 	 0.235138 	 0.235837 	 0.235885
   94 	 0.235844 	 0.235846 	 0.235846
   95 	 0.043421 	 0.233441 	 0.235885
   96 	 0.235846 	 0.235846 	 0.235846
   97 	 0.235844 	 0.235986 	 0.247058
   98 	 0.235846 	 0.235846 	 0.235846
   99 	 0.014564 	 0.230738 	 0.235846
  100 	 0.235846 	 0.235846 	 0.235846
  101 	 0.014564 	 0.233378 	 0.248832
  102 	 0.235846 	 0.235846 	 0.235846
  103 	 0.235126 	 0.235992 	 0.248832
  104 	 0.235846 	 0.235846 	 0.235846
  105 	 -0.886015 	 0.221814 	 0.235886
  106 	 0.235846 	 0.235846 	 0.235846
  107 	 0.235844 	 0.236907 	 0.320698
  108 	 0.235846 	 0.235846 	 0.235846
  109 	 0.231219 	 0.235788 	 0.235846
  110 	 0.235846 	 0.235846 	 0.235846
  111 	 0.013507 	 0.233070 	 0.236103
  112 	 0.235846 	 0.235846 	 0.235846
  113 	 0.235831 	 0.236009 	 0.248897
  114 	 0.235846 	 0.235846 	 0.235846
  115 	 0.235122 	 0.235837 	 0.235847
  116 	 0.235846 	 0.235846 	 0.235846
  117 	 0.235846 	 0.235846 	 0.235886
  118 	 -0.886015 	 0.219173 	 0.235846
  119 	 0.235844 	 0.235846 	 0.235846
  120 	 -0.886015 	 0.223038 	 0.320698
  121 	 0.235846 	 0.235846 	 0.235846
  122 	 0.231219 	 0.236840 	 0.320698
  123 	 0.235846 	 0.235846 	 0.235846
  124 	 0.231219 	 0.235792 	 0.236103
  125 	 0.235846 	 0.235846 	 0.235846
  126 	 0.013507 	 0.233070 	 0.236103
  127 	 0.235846 	 0.235846 	 0.235846
  128 	 0.235831 	 0.236009 	 0.248897
  129 	 0.235846 	 0.235846 	 0.235846
  130 	 0.235122 	 0.235837 	 0.235847
  131 	 0.235846 	 0.235846 	 0.235846
  132 	 0.235846 	 0.235846 	 0.235886
  133 	 0.235846 	 0.235846 	 0.235846
  134 	 0.043421 	 0.233440 	 0.235846
  135 	 0.235846 	 0.235846 	 0.235846
  136 	 0.235846 	 0.235986 	 0.247058
  137 	 0.235846 	 0.235846 	 0.235846
  138 	 0.235224 	 0.240925 	 0.642795
  139 	 0.235846 	 0.261280 	 0.642795
  140 	 0.049149 	 0.304471 	 0.642795
  141 	 0.215192 	 0.374172 	 0.642795
  142 	 0.215192 	 0.464934 	 0.730456
  143 	 0.215192 	 0.519370 	 0.651444
  144 	 0.215192 	 0.537173 	 0.651444
  145 	 0.221546 	 0.535030 	 0.651444
  146 	 0.214792 	 0.537119 	 0.651444
  147 	 0.221546 	 0.536143 	 0.648759
  148 	 0.507279 	 0.538962 	 0.651614
  149 	 0.507971 	 0.539126 	 0.648759
 