   0 	 0.001003 	 0.001782 	 0.002770
    1 	 0.001208 	 0.001948 	 0.003226
    2 	 0.001173 	 0.002076 	 0.003821
    3 	 0.001414 	 0.002235 	 0.003942
    4 	 0.001419 	 0.002285 	 0.005867
    5 	 0.001333 	 0.002432 	 0.005069
    6 	 0.001511 	 0.002703 	 0.006594
    7 	 0.001511 	 0.003128 	 0.007378
    8 	 0.001425 	 0.003515 	 0.007527
    9 	 0.001925 	 0.004418 	 0.024045
   10 	 0.001925 	 0.005871 	 0.027609
   11 	 0.002396 	 0.008316 	 0.027610
   12 	 0.003041 	 0.012641 	 0.039244
   13 	 0.003635 	 0.019514 	 0.149334
   14 	 0.005602 	 0.046998 	 0.249486
   15 	 -0.734829 	 0.119808 	 0.249377
   16 	 -0.256448 	 0.184016 	 0.249377
   17 	 -0.256431 	 0.192652 	 0.305868
   18 	 0.103930 	 0.208894 	 0.266826
   19 	 0.105022 	 0.215851 	 0.266824
   20 	 0.104018 	 0.220642 	 0.243419
   21 	 0.038889 	 0.222955 	 0.243354
   22 	 0.038888 	 0.227354 	 0.243414
   23 	 0.038888 	 0.232978 	 0.247335
   24 	 0.144416 	 0.234047 	 0.247335
   25 	 0.144423 	 0.234870 	 0.247335
   26 	 0.235208 	 0.235949 	 0.241043
   27 	 0.235208 	 0.235901 	 0.241043
   28 	 0.235557 	 0.235840 	 0.235881
   29 	 0.235557 	 0.235843 	 0.235881
   30 	 0.235844 	 0.235846 	 0.235862
   31 	 0.235844 	 0.235846 	 0.235862
   32 	 0.235845 	 0.235846 	 0.235846
   33 	 0.235845 	 0.235846 	 0.235846
   34 	 0.012594 	 0.233055 	 0.235846
   35 	 0.235846 	 0.235846 	 0.235846
   36 	 0.235846 	 0.236010 	 0.248954
   37 	 0.235846 	 0.235846 	 0.235846
   38 	 0.235119 	 0.235837 	 0.235846
   39 	 0.235846 	 0.235846 	 0.235846
   40 	 0.022469 	 0.230512 	 0.235886
   41 	 0.022469 	 0.233179 	 0.235846
   42 	 0.235844 	 0.236158 	 0.248343
   43 	 0.235846 	 0.236002 	 0.248343
   44 	 0.235153 	 0.235828 	 0.235846
   45 	 0.235153 	 0.235837 	 0.235846
   46 	 0.015156 	 0.233088 	 0.235884
   47 	 0.025551 	 0.233218 	 0.235884
   48 	 0.235844 	 0.236008 	 0.248795
   49 	 0.235844 	 0.236000 	 0.248153
   50 	 0.235128 	 0.235837 	 0.235846
   51 	 0.235163 	 0.235837 	 0.235846
   52 	 0.235846 	 0.235846 	 0.235886
   53 	 0.235846 	 0.235846 	 0.235884
   54 	 0.144417 	 0.234703 	 0.235846
   55 	 0.144417 	 0.234703 	 0.235846
   56 	 0.235846 	 0.235911 	 0.241043
   57 	 0.235846 	 0.235911 	 0.241043
   58 	 0.235557 	 0.235842 	 0.235846
   59 	 0.235557 	 0.235842 	 0.235846
   60 	 0.235846 	 0.235846 	 0.235862
   61 	 0.235846 	 0.235846 	 0.235862
   62 	 0.235845 	 0.235846 	 0.235846
   63 	 0.043421 	 0.233440 	 0.235846
   64 	 0.235846 	 0.235846 	 0.235846
   65 	 0.235846 	 0.235986 	 0.247058
   66 	 0.235846 	 0.235846 	 0.235846
   67 	 0.013035 	 0.233053 	 0.235846
   68 	 0.235846 	 0.235846 	 0.235846
   69 	 0.021191 	 0.233327 	 0.248927
   70 	 0.235846 	 0.235846 	 0.235846
   71 	 0.235120 	 0.235994 	 0.248422
   72 	 0.235846 	 0.235846 	 0.235846
   73 	 0.235148 	 0.235838 	 0.235886
   74 	 0.235846 	 0.235846 	 0.235846
   75 	 0.235844 	 0.235846 	 0.235885
   76 	 -0.262260 	 0.229619 	 0.235846
   77 	 0.235844 	 0.235846 	 0.235846
   78 	 0.235846 	 0.236238 	 0.267240
   79 	 0.038888 	 0.233384 	 0.235846
   80 	 0.234112 	 0.235824 	 0.235846
   81 	 0.235846 	 0.235989 	 0.247335
   82 	 0.235846 	 0.235847 	 0.235942
   83 	 0.235208 	 0.235838 	 0.235846
   84 	 0.235840 	 0.235846 	 0.235846
   85 	 0.235846 	 0.235846 	 0.235881
   86 	 0.235846 	 0.235846 	 0.235846
   87 	 0.023911 	 0.233197 	 0.235846
   88 	 0.235846 	 0.235846 	 0.235846
   89 	 0.235846 	 0.236001 	 0.248254
   90 	 0.235846 	 0.235846 	 0.235846
   91 	 0.235158 	 0.235837 	 0.235846
   92 	 0.235846 	 0.235846 	 0.235846
   93 	 0.235846 	 0.235846 	 0.235884
   94 	 0.235846 	 0.235846 	 0.235846
   95 	 0.235844 	 0.235846 	 0.235846
   96 	 0.235846 	 0.235846 	 0.235846
   97 	 0.235846 	 0.235846 	 0.235846
   98 	 0.027433 	 0.230695 	 0.235846
   99 	 0.235846 	 0.235846 	 0.235846
  100 	 0.235846 	 0.236147 	 0.248038
  101 	 0.012594 	 0.233055 	 0.235846
  102 	 0.023911 	 0.233180 	 0.235846
  103 	 0.235846 	 0.236010 	 0.248954
  104 	 0.235846 	 0.236002 	 0.248254
  105 	 0.235119 	 0.235837 	 0.235846
  106 	 0.235158 	 0.235837 	 0.235846
  107 	 0.235846 	 0.235846 	 0.235886
  108 	 0.014016 	 0.233073 	 0.235884
  109 	 0.235844 	 0.235846 	 0.235846
  110 	 0.235844 	 0.236008 	 0.248866
  111 	 0.235846 	 0.235846 	 0.235846
  112 	 0.235124 	 0.235837 	 0.235846
  113 	 0.235846 	 0.235846 	 0.235846
  114 	 0.235846 	 0.235846 	 0.235886
  115 	 0.235846 	 0.235846 	 0.235846
  116 	 -0.262260 	 0.229619 	 0.235846
  117 	 0.235846 	 0.235846 	 0.235846
  118 	 0.235846 	 0.236238 	 0.267240
  119 	 0.235846 	 0.235846 	 0.235846
  120 	 0.234112 	 0.235824 	 0.235846
  121 	 0.029614 	 0.233268 	 0.235846
  122 	 0.029614 	 0.233269 	 0.235942
  123 	 0.235846 	 0.235996 	 0.247904
  124 	 0.235840 	 0.235996 	 0.247904
  125 	 0.235177 	 0.235837 	 0.235846
  126 	 0.235177 	 0.235837 	 0.235846
  127 	 0.235846 	 0.235846 	 0.235883
  128 	 0.013035 	 0.233061 	 0.235883
  129 	 0.029614 	 0.233268 	 0.235846
  130 	 0.235844 	 0.236009 	 0.248927
  131 	 0.235846 	 0.235996 	 0.247904
  132 	 0.235120 	 0.235837 	 0.235846
  133 	 0.235177 	 0.235837 	 0.235846
  134 	 0.235846 	 0.235846 	 0.235886
  135 	 0.235846 	 0.235846 	 0.235883
  136 	 0.235844 	 0.235846 	 0.235846
  137 	 0.235844 	 0.235846 	 0.235846
  138 	 0.235846 	 0.235846 	 0.235846
  139 	 0.066767 	 0.233732 	 0.235846
  140 	 0.235846 	 0.235846 	 0.235846
  141 	 0.235846 	 0.235968 	 0.245641
  142 	 0.235846 	 0.235846 	 0.235846
  143 	 0.235302 	 0.235839 	 0.235846
  144 	 0.235846 	 0.235846 	 0.235846
  145 	 0.235846 	 0.235846 	 0.235876
  146 	 0.235846 	 0.235846 	 0.235846
  147 	 0.235844 	 0.235846 	 0.235846
  148 	 0.235846 	 0.235846 	 0.235846
  149 	 0.235846 	 0.235846 	 0.235846
 