   0 	 0.001200 	 0.001835 	 0.003600
    1 	 0.001227 	 0.002000 	 0.004258
    2 	 0.001269 	 0.002167 	 0.004462
    3 	 0.001367 	 0.002365 	 0.008767
    4 	 0.001414 	 0.002716 	 0.008767
    5 	 0.001589 	 0.003295 	 0.008013
    6 	 0.001470 	 0.003834 	 0.008978
    7 	 0.001849 	 0.004529 	 0.015857
    8 	 0.002087 	 0.005784 	 0.019111
    9 	 0.002492 	 0.008461 	 0.039243
   10 	 0.003670 	 0.012315 	 0.043848
   11 	 0.003670 	 0.019762 	 0.067812
   12 	 -0.247232 	 0.047780 	 0.755164
   13 	 -0.742767 	 0.304475 	 0.755470
   14 	 0.008976 	 0.684854 	 0.932291
   15 	 0.098811 	 0.665061 	 1.732825
   16 	 0.078083 	 0.499884 	 0.752539
   17 	 0.327581 	 0.510401 	 0.704885
   18 	 0.482533 	 0.550651 	 0.715337
   19 	 0.493890 	 0.546855 	 0.607003
   20 	 0.491353 	 0.534712 	 0.554818
   21 	 0.048392 	 0.529677 	 0.551344
   22 	 0.533425 	 0.539216 	 0.552116
   23 	 0.534415 	 0.541304 	 0.730860
   24 	 0.534195 	 0.537902 	 0.539583
   25 	 0.487634 	 0.537363 	 0.539294
   26 	 0.012546 	 0.531717 	 0.539359
   27 	 0.537879 	 0.538444 	 0.553253
   28 	 0.537861 	 0.540825 	 0.750522
   29 	 0.021056 	 0.531662 	 0.538289
   30 	 0.483003 	 0.537515 	 0.538294
   31 	 0.538170 	 0.540812 	 0.745759
   32 	 0.538169 	 0.538401 	 0.554674
   33 	 0.484117 	 0.537515 	 0.538205
   34 	 0.533466 	 0.538138 	 0.538205
   35 	 0.538195 	 0.538400 	 0.554331
   36 	 0.013956 	 0.531661 	 0.539571
   37 	 0.533564 	 0.538139 	 0.538198
   38 	 0.012984 	 0.534271 	 0.749729
   39 	 0.538197 	 0.538214 	 0.539542
   40 	 0.018003 	 0.533659 	 0.750276
   41 	 0.537808 	 0.538192 	 0.538197
   42 	 0.483060 	 0.540328 	 0.747461
   43 	 0.538197 	 0.538198 	 0.538310
   44 	 0.483718 	 0.537663 	 0.554656
   45 	 0.538164 	 0.538197 	 0.538197
   46 	 0.533471 	 0.538358 	 0.554454
   47 	 0.538197 	 0.538197 	 0.538206
   48 	 0.533529 	 0.538151 	 0.539569
   49 	 0.538194 	 0.538197 	 0.538197
   50 	 0.537800 	 0.538210 	 0.539552
   51 	 0.538197 	 0.538197 	 0.538198
   52 	 0.537805 	 0.538193 	 0.538312
   53 	 0.538197 	 0.538197 	 0.538197
   54 	 0.538164 	 0.538198 	 0.538311
   55 	 0.538197 	 0.538197 	 0.538197
   56 	 0.538164 	 0.538197 	 0.538207
   57 	 0.538197 	 0.538197 	 0.538197
   58 	 0.538194 	 0.538197 	 0.538206
   59 	 0.015724 	 0.531666 	 0.538197
   60 	 0.538194 	 0.538197 	 0.538198
   61 	 0.538197 	 0.540829 	 0.748737
   62 	 0.015724 	 0.531666 	 0.538198
   63 	 0.483420 	 0.537512 	 0.538197
   64 	 0.538197 	 0.540829 	 0.748737
   65 	 0.538197 	 0.538401 	 0.554545
   66 	 0.483420 	 0.537512 	 0.538197
   67 	 0.533503 	 0.538138 	 0.538197
   68 	 0.538197 	 0.538401 	 0.554545
   69 	 0.538197 	 0.538214 	 0.539560
   70 	 0.533503 	 0.538138 	 0.538197
   71 	 0.537802 	 0.538192 	 0.538197
   72 	 0.538197 	 0.538214 	 0.539560
   73 	 0.017173 	 0.531686 	 0.538311
   74 	 0.537802 	 0.538192 	 0.538197
   75 	 0.538164 	 0.540818 	 0.747925
   76 	 0.029351 	 0.531838 	 0.538311
   77 	 0.483610 	 0.537515 	 0.538207
   78 	 0.538164 	 0.540734 	 0.741174
   79 	 0.013956 	 0.531848 	 0.554487
   80 	 0.485193 	 0.537535 	 0.538207
   81 	 0.533519 	 0.540783 	 0.749729
   82 	 0.538194 	 0.538394 	 0.554001
   83 	 0.038436 	 0.531279 	 0.539555
   84 	 0.533658 	 0.538140 	 0.538198
   85 	 0.537804 	 0.540873 	 0.736217
   86 	 0.538197 	 0.538213 	 0.539515
   87 	 0.486363 	 0.537492 	 0.538311
   88 	 0.537815 	 0.538192 	 0.538197
   89 	 0.538164 	 0.538407 	 0.553642
   90 	 0.538197 	 0.538198 	 0.538307
   91 	 0.533760 	 0.538137 	 0.538206
   92 	 0.538165 	 0.538197 	 0.538197
   93 	 0.538194 	 0.538214 	 0.539485
   94 	 0.038436 	 0.531950 	 0.538206
   95 	 0.537824 	 0.538192 	 0.538198
   96 	 0.538194 	 0.540672 	 0.736217
   97 	 0.538197 	 0.538198 	 0.538305
   98 	 0.486363 	 0.537549 	 0.538198
   99 	 0.538166 	 0.538197 	 0.538197
  100 	 0.538197 	 0.538390 	 0.553642
  101 	 0.538197 	 0.538197 	 0.538206
  102 	 0.533760 	 0.538141 	 0.538197
  103 	 0.538194 	 0.538197 	 0.538197
  104 	 0.538197 	 0.538213 	 0.539485
  105 	 0.021056 	 0.531733 	 0.538198
  106 	 0.031861 	 0.531863 	 0.538197
  107 	 0.538197 	 0.540791 	 0.745759
  108 	 0.023740 	 0.528553 	 0.739798
  109 	 0.484117 	 0.537521 	 0.538197
  110 	 0.485518 	 0.542320 	 0.744270
  111 	 0.538197 	 0.538399 	 0.554331
  112 	 0.484466 	 0.537138 	 0.553901
  113 	 0.023740 	 0.525348 	 0.538197
  114 	 0.014500 	 0.531968 	 0.554224
  115 	 0.012546 	 0.536756 	 0.744270
  116 	 0.533594 	 0.540746 	 0.749424
  117 	 0.484466 	 0.539512 	 0.750522
  118 	 0.483259 	 0.537537 	 0.539533
  119 	 0.483003 	 0.537906 	 0.554224
  120 	 0.537810 	 0.538394 	 0.554595
  121 	 0.014500 	 0.531742 	 0.554674
  122 	 0.012984 	 0.531575 	 0.538309
  123 	 0.533466 	 0.540811 	 0.749424
  124 	 0.538164 	 0.540864 	 0.750276
  125 	 0.483259 	 0.537518 	 0.539571
  126 	 0.018003 	 0.531001 	 0.538206
  127 	 0.537799 	 0.538400 	 0.554595
  128 	 0.013956 	 0.534467 	 0.747461
  129 	 0.533489 	 0.538139 	 0.538312
  130 	 0.483718 	 0.540101 	 0.749729
  131 	 0.538164 	 0.538214 	 0.539564
  132 	 0.483188 	 0.537730 	 0.554454
  133 	 0.537801 	 0.538192 	 0.538207
  134 	 0.533529 	 0.538339 	 0.554617
  135 	 0.023740 	 0.531768 	 0.538312
  136 	 0.533483 	 0.538156 	 0.539552
  137 	 0.019930 	 0.534294 	 0.744270
  138 	 0.017173 	 0.531696 	 0.539566
  139 	 0.484466 	 0.540128 	 0.746386
  140 	 0.537801 	 0.540815 	 0.747925
  141 	 0.483970 	 0.537719 	 0.554224
  142 	 0.483610 	 0.537516 	 0.538312
  143 	 0.533594 	 0.538342 	 0.554376
  144 	 0.538164 	 0.538400 	 0.554487
  145 	 0.023740 	 0.531725 	 0.539533
  146 	 0.533519 	 0.538139 	 0.538207
  147 	 0.048430 	 0.534663 	 0.744270
  148 	 0.016417 	 0.531692 	 0.539555
  149 	 0.484466 	 0.539930 	 0.730840
 