   0 	 0.001170 	 0.001884 	 0.003901
    1 	 0.001200 	 0.001954 	 0.004210
    2 	 0.001291 	 0.002092 	 0.004210
    3 	 0.001436 	 0.002178 	 0.005603
    4 	 0.001481 	 0.002276 	 0.005688
    5 	 0.001481 	 0.002398 	 0.005688
    6 	 0.001493 	 0.002593 	 0.005688
    7 	 0.001682 	 0.002662 	 0.005439
    8 	 0.001697 	 0.003019 	 0.006964
    9 	 0.001595 	 0.003379 	 0.011123
   10 	 0.001602 	 0.003902 	 0.011123
   11 	 0.001906 	 0.004437 	 0.011123
   12 	 0.001966 	 0.005117 	 0.013550
   13 	 0.002396 	 0.006017 	 0.013550
   14 	 0.002770 	 0.006648 	 0.019111
   15 	 0.003144 	 0.008048 	 0.029816
   16 	 0.003144 	 0.009464 	 0.029816
   17 	 0.003821 	 0.010727 	 0.029818
   18 	 0.005602 	 0.015048 	 0.029819
   19 	 -0.736778 	 0.009559 	 0.029818
   20 	 0.007377 	 0.023766 	 0.032401
   21 	 0.007377 	 0.024777 	 0.032398
   22 	 0.013070 	 0.026876 	 0.032404
   23 	 0.013070 	 0.026923 	 0.032404
   24 	 0.013070 	 0.028876 	 0.148845
   25 	 -0.741485 	 0.023846 	 0.248551
   26 	 -0.750689 	 0.038248 	 0.248145
   27 	 -0.749239 	 0.108896 	 0.248863
   28 	 -0.749235 	 0.190086 	 0.307221
   29 	 -0.895858 	 0.208512 	 0.307222
   30 	 -0.895573 	 0.193333 	 0.307222
   31 	 0.049372 	 0.225621 	 0.321714
   32 	 0.081956 	 0.235677 	 0.321684
   33 	 0.081346 	 0.234506 	 0.246695
   34 	 0.081313 	 0.233935 	 0.244728
   35 	 0.235244 	 0.235924 	 0.244765
   36 	 0.235353 	 0.235956 	 0.244767
   37 	 0.235351 	 0.235841 	 0.235879
   38 	 0.235351 	 0.235840 	 0.235873
   39 	 0.235844 	 0.235846 	 0.235873
   40 	 0.235844 	 0.235846 	 0.235873
   41 	 0.235844 	 0.235846 	 0.235846
   42 	 0.235844 	 0.235846 	 0.235846
   43 	 0.235846 	 0.235846 	 0.235846
   44 	 0.235846 	 0.235846 	 0.235846
   45 	 0.235846 	 0.235846 	 0.235846
   46 	 0.235846 	 0.235846 	 0.235846
   47 	 0.013035 	 0.233061 	 0.235846
   48 	 0.016499 	 0.233104 	 0.235846
   49 	 0.235846 	 0.241096 	 0.642795
   50 	 0.012594 	 0.238303 	 0.642795
   51 	 0.066767 	 0.251699 	 0.642795
   52 	 0.215192 	 0.266264 	 0.642795
   53 	 0.215192 	 0.310062 	 0.651444
   54 	 0.215192 	 0.419646 	 0.643090
   55 	 0.215192 	 0.509413 	 0.651444
   56 	 0.215192 	 0.561313 	 0.651444
   57 	 0.507279 	 0.552219 	 0.651444
   58 	 0.507279 	 0.533558 	 0.651444
   59 	 0.507279 	 0.534662 	 0.547304
   60 	 0.507279 	 0.539724 	 0.547304
   61 	 0.535572 	 0.539264 	 0.547304
   62 	 0.535572 	 0.537770 	 0.547304
   63 	 0.535572 	 0.537892 	 0.538958
   64 	 0.535572 	 0.538322 	 0.538958
   65 	 0.537976 	 0.538286 	 0.538958
   66 	 0.537976 	 0.538161 	 0.538958
   67 	 0.537976 	 0.538171 	 0.538261
   68 	 0.018918 	 0.527739 	 0.538261
   69 	 0.538178 	 0.538204 	 0.538261
   70 	 0.538178 	 0.542193 	 0.746951
   71 	 0.538178 	 0.538195 	 0.538202
   72 	 0.483838 	 0.537138 	 0.538202
   73 	 0.538195 	 0.538198 	 0.538202
   74 	 0.538195 	 0.538511 	 0.554417
   75 	 0.055666 	 0.532165 	 0.538197
   76 	 0.533539 	 0.538107 	 0.538197
   77 	 0.538197 	 0.540557 	 0.726995
   78 	 0.538197 	 0.538223 	 0.539549
   79 	 0.488555 	 0.537576 	 0.538197
   80 	 0.042858 	 0.531998 	 0.538197
   81 	 0.538197 	 0.538382 	 0.552971
   82 	 0.538197 	 0.540645 	 0.733828
   83 	 0.533951 	 0.538144 	 0.538197
   84 	 0.042858 	 0.531364 	 0.538197
   85 	 0.538197 	 0.538212 	 0.539430
   86 	 0.538197 	 0.540833 	 0.733828
   87 	 0.537840 	 0.538192 	 0.538197
   88 	 0.486929 	 0.537501 	 0.538197
   89 	 0.017173 	 0.525207 	 0.538300
   90 	 0.538197 	 0.538404 	 0.553468
   91 	 0.538167 	 0.543421 	 0.747925
   92 	 0.533810 	 0.538137 	 0.538197
   93 	 0.483610 	 0.536837 	 0.538206
   94 	 0.538197 	 0.538214 	 0.539471
   95 	 0.538194 	 0.538603 	 0.554487
   96 	 0.537828 	 0.538192 	 0.538197
   97 	 0.533519 	 0.538080 	 0.538198
   98 	 0.538197 	 0.538198 	 0.538304
   99 	 0.538197 	 0.538231 	 0.539555
  100 	 0.538166 	 0.538197 	 0.538197
  101 	 0.537804 	 0.538187 	 0.538197
  102 	 0.538197 	 0.538197 	 0.538206
  103 	 -0.284847 	 0.527912 	 0.538311
  104 	 0.538194 	 0.538197 	 0.538197
  105 	 0.538164 	 0.543546 	 0.966173
  106 	 0.538197 	 0.538197 	 0.538198
  107 	 0.437439 	 0.536938 	 0.538206
  108 	 0.055666 	 0.532165 	 0.538197
  109 	 0.538194 	 0.538583 	 0.569055
  110 	 0.538197 	 0.540557 	 0.726995
  111 	 0.529405 	 0.538087 	 0.538198
  112 	 0.488555 	 0.537576 	 0.538197
  113 	 0.538197 	 0.538229 	 0.540756
  114 	 0.023740 	 0.531951 	 0.552971
  115 	 0.537457 	 0.538188 	 0.538197
  116 	 0.533951 	 0.540720 	 0.744270
  117 	 0.538197 	 0.538200 	 0.538411
  118 	 0.484466 	 0.537541 	 0.539430
  119 	 0.538135 	 0.538196 	 0.538197
  120 	 0.016417 	 0.531871 	 0.554224
  121 	 0.538197 	 0.538197 	 0.538215
  122 	 0.533594 	 0.540768 	 0.748349
  123 	 0.538192 	 0.538197 	 0.538197
  124 	 0.483510 	 0.537530 	 0.539533
  125 	 0.538197 	 0.538197 	 0.538198
  126 	 0.220147 	 0.534421 	 0.554518
  127 	 -0.284847 	 0.523933 	 0.538197
  128 	 0.220147 	 0.535553 	 0.649348
  129 	 0.538197 	 0.544936 	 0.966173
  130 	 0.507819 	 0.539223 	 0.649348
  131 	 0.437439 	 0.536558 	 0.538197
  132 	 0.507819 	 0.537924 	 0.547142
  133 	 0.538197 	 0.538694 	 0.569055
  134 	 0.055666 	 0.532246 	 0.547142
  135 	 0.529405 	 0.538055 	 0.538197
  136 	 0.065446 	 0.534624 	 0.726995
  137 	 0.015087 	 0.525235 	 0.540756
  138 	 0.488555 	 0.539879 	 0.721863
  139 	 0.537457 	 0.543416 	 0.749094
  140 	 0.048430 	 0.531652 	 0.552971
  141 	 0.483336 	 0.536839 	 0.538411
  142 	 0.533951 	 0.540732 	 0.730840
  143 	 0.538135 	 0.538602 	 0.554571
  144 	 0.487639 	 0.537528 	 0.539430
  145 	 0.533495 	 0.538081 	 0.538215
  146 	 0.537840 	 0.538396 	 0.553251
  147 	 0.538192 	 0.538231 	 0.539562
  148 	 0.034841 	 0.531848 	 0.538300
  149 	 -0.284847 	 0.527899 	 0.538198
 