   0 	 0.001173 	 0.001858 	 0.003312
    1 	 0.001177 	 0.002051 	 0.007527
    2 	 0.001269 	 0.002324 	 0.007527
    3 	 0.001342 	 0.002504 	 0.005520
    4 	 0.001362 	 0.002810 	 0.005439
    5 	 0.001470 	 0.003017 	 0.005439
    6 	 0.001616 	 0.003223 	 0.007844
    7 	 0.001659 	 0.003529 	 0.008767
    8 	 0.001804 	 0.004082 	 0.009200
    9 	 0.001705 	 0.004638 	 0.011123
   10 	 0.002492 	 0.005917 	 0.016562
   11 	 0.003092 	 0.006795 	 0.016562
   12 	 0.003782 	 0.008477 	 0.017332
   13 	 0.002945 	 0.010230 	 0.022587
   14 	 0.003942 	 0.013963 	 0.149401
   15 	 -0.739719 	 0.023178 	 0.249001
   16 	 -0.741488 	 0.088395 	 0.249366
   17 	 -0.247533 	 0.151891 	 0.751842
   18 	 -0.742767 	 0.207443 	 0.752281
   19 	 -0.742765 	 0.307508 	 0.748663
   20 	 -0.820849 	 0.376889 	 0.730344
   21 	 -0.910492 	 0.519759 	 1.732819
   22 	 -0.253563 	 0.556402 	 2.003966
   23 	 0.023681 	 0.542585 	 2.442793
   24 	 0.215289 	 0.537825 	 0.937826
   25 	 0.017185 	 0.537083 	 0.744302
   26 	 0.442932 	 0.539294 	 0.651403
   27 	 0.018913 	 0.533296 	 0.747919
   28 	 0.507289 	 0.537963 	 0.567282
   29 	 0.048435 	 0.534333 	 0.746953
   30 	 0.048435 	 0.532141 	 0.547301
   31 	 0.012546 	 0.533469 	 0.730837
   32 	 0.535573 	 0.540586 	 0.730837
   33 	 0.487639 	 0.540389 	 0.750522
   34 	 0.487639 	 0.537570 	 0.538958
   35 	 0.483003 	 0.537646 	 0.553251
   36 	 0.537977 	 0.538384 	 0.553251
   37 	 0.533872 	 0.538363 	 0.554674
   38 	 0.048430 	 0.532021 	 0.538261
   39 	 0.533466 	 0.538149 	 0.539453
   40 	 0.538178 	 0.540621 	 0.730840
   41 	 0.012546 	 0.531640 	 0.539571
   42 	 0.012546 	 0.530990 	 0.538202
   43 	 0.029351 	 0.534486 	 0.750522
   44 	 0.029351 	 0.528319 	 0.750522
   45 	 0.483003 	 0.540045 	 0.741174
   46 	 0.483003 	 0.542527 	 0.741174
   47 	 0.485193 	 0.537740 	 0.554674
   48 	 0.485193 	 0.537094 	 0.554674
   49 	 0.533466 	 0.538335 	 0.554001
   50 	 0.015724 	 0.531997 	 0.554001
   51 	 0.533658 	 0.538157 	 0.539571
   52 	 0.031861 	 0.534405 	 0.748737
   53 	 0.537799 	 0.538208 	 0.539515
   54 	 0.016417 	 0.527246 	 0.739798
   55 	 0.537815 	 0.538194 	 0.538312
   56 	 0.485518 	 0.542861 	 0.748349
   57 	 0.538164 	 0.538198 	 0.538307
   58 	 0.483510 	 0.537000 	 0.553901
   59 	 0.538165 	 0.538197 	 0.538207
   60 	 0.533686 	 0.538556 	 0.554518
   61 	 0.538194 	 0.538197 	 0.538206
   62 	 0.533511 	 0.538094 	 0.539507
   63 	 0.538194 	 0.538197 	 0.538198
   64 	 0.537818 	 0.538227 	 0.539558
   65 	 0.538197 	 0.538197 	 0.538198
   66 	 0.537803 	 0.538188 	 0.538307
   67 	 0.538197 	 0.538197 	 0.538197
   68 	 0.538165 	 0.538199 	 0.538311
   69 	 0.538197 	 0.538197 	 0.538197
   70 	 0.014500 	 0.525172 	 0.538206
   71 	 0.038436 	 0.531950 	 0.538197
   72 	 0.538194 	 0.543440 	 0.749424
   73 	 0.220147 	 0.536697 	 0.736217
   74 	 0.483259 	 0.536832 	 0.538198
   75 	 0.486363 	 0.538938 	 0.649348
   76 	 0.022318 	 0.532156 	 0.554595
   77 	 0.507819 	 0.538010 	 0.553642
   78 	 0.533489 	 0.540666 	 0.745058
   79 	 0.533760 	 0.538253 	 0.547142
   80 	 0.484281 	 0.537557 	 0.539564
   81 	 0.535618 	 0.538181 	 0.539485
   82 	 0.537801 	 0.538388 	 0.554281
   83 	 0.537824 	 0.538202 	 0.538945
   84 	 0.533578 	 0.538142 	 0.538312
   85 	 0.537980 	 0.538196 	 0.538305
   86 	 0.538164 	 0.538213 	 0.539538
   87 	 0.538166 	 0.538197 	 0.538260
   88 	 0.019930 	 0.531714 	 0.538207
   89 	 0.538179 	 0.538197 	 0.538206
   90 	 0.018918 	 0.534310 	 0.746386
   91 	 0.538194 	 0.538197 	 0.538202
   92 	 0.023740 	 0.533697 	 0.746951
   93 	 0.538195 	 0.538197 	 0.538198
   94 	 0.018003 	 0.533793 	 0.744270
   95 	 0.538197 	 0.538197 	 0.538197
   96 	 0.484466 	 0.540286 	 0.747461
   97 	 0.538197 	 0.538197 	 0.538197
   98 	 0.029351 	 0.531314 	 0.554224
   99 	 0.538197 	 0.538197 	 0.538197
  100 	 0.533594 	 0.540892 	 0.741174
  101 	 0.538197 	 0.538197 	 0.538197
  102 	 0.485193 	 0.537489 	 0.539533
  103 	 0.538197 	 0.538197 	 0.538197
  104 	 0.537810 	 0.538408 	 0.554001
  105 	 0.538197 	 0.538197 	 0.538197
  106 	 0.533658 	 0.538136 	 0.538309
  107 	 0.538197 	 0.538197 	 0.538197
  108 	 0.538164 	 0.538215 	 0.539515
  109 	 0.538197 	 0.538197 	 0.538197
  110 	 0.537815 	 0.538192 	 0.538206
  111 	 0.538197 	 0.538197 	 0.538197
  112 	 0.013956 	 0.531645 	 0.538307
  113 	 0.538197 	 0.538197 	 0.538197
  114 	 0.079394 	 0.535106 	 0.749729
  115 	 0.079394 	 0.532462 	 0.538197
  116 	 0.483188 	 0.539715 	 0.714667
  117 	 0.538197 	 0.540403 	 0.714667
  118 	 0.491515 	 0.537819 	 0.554617
  119 	 0.018855 	 0.531705 	 0.538197
  120 	 0.018918 	 0.525329 	 0.552067
  121 	 0.538197 	 0.540807 	 0.746986
  122 	 0.534209 	 0.543383 	 0.746951
  123 	 0.483829 	 0.537517 	 0.538197
  124 	 0.483838 	 0.536847 	 0.539355
  125 	 0.025356 	 0.531989 	 0.554420
  126 	 0.537862 	 0.538600 	 0.554417
  127 	 0.533539 	 0.540703 	 0.743376
  128 	 0.533539 	 0.538081 	 0.538294
  129 	 0.484676 	 0.537545 	 0.539550
  130 	 0.538169 	 0.538231 	 0.539549
  131 	 0.537805 	 0.538392 	 0.554159
  132 	 0.537805 	 0.538187 	 0.538205
  133 	 0.533613 	 0.538141 	 0.538310
  134 	 0.538195 	 0.538200 	 0.538310
  135 	 0.038436 	 0.531966 	 0.539528
  136 	 0.538164 	 0.538196 	 0.538198
  137 	 0.537812 	 0.540667 	 0.736217
  138 	 0.018918 	 0.531706 	 0.538206
  139 	 0.018918 	 0.531059 	 0.538309
  140 	 0.538194 	 0.540806 	 0.746951
  141 	 0.538165 	 0.540999 	 0.746951
  142 	 0.483838 	 0.537517 	 0.538198
  143 	 0.483838 	 0.537462 	 0.538206
  144 	 0.015724 	 0.525366 	 0.554417
  145 	 0.538194 	 0.538416 	 0.554417
  146 	 0.533539 	 0.543386 	 0.748737
  147 	 0.533539 	 0.538134 	 0.538198
  148 	 0.483420 	 0.536848 	 0.539549
  149 	 0.538197 	 0.538215 	 0.539549
 