   0 	 0.001204 	 0.001843 	 0.003312
    1 	 0.001256 	 0.002014 	 0.003312
    2 	 0.001256 	 0.002004 	 0.004516
    3 	 0.001256 	 0.002112 	 0.003466
    4 	 0.001287 	 0.002143 	 0.003466
    5 	 0.001430 	 0.002343 	 0.006594
    6 	 0.001296 	 0.002798 	 0.007235
    7 	 0.001338 	 0.003451 	 0.015210
    8 	 0.001296 	 0.004403 	 0.019111
    9 	 0.001430 	 0.006720 	 0.019111
   10 	 0.002396 	 0.009231 	 0.035503
   11 	 0.002396 	 0.012279 	 0.035504
   12 	 0.004163 	 0.016807 	 0.035504
   13 	 0.006158 	 0.021989 	 0.039242
   14 	 0.006594 	 0.027873 	 0.039241
   15 	 0.013069 	 0.030216 	 0.039225
   16 	 0.015202 	 0.032523 	 0.039225
   17 	 0.015202 	 0.034223 	 0.039225
   18 	 0.015207 	 0.035159 	 0.039224
   19 	 0.015849 	 0.035592 	 0.039193
   20 	 0.035458 	 0.035883 	 0.039220
   21 	 0.015201 	 0.035722 	 0.039193
   22 	 0.035458 	 0.035835 	 0.039193
   23 	 0.035458 	 0.035835 	 0.039193
   24 	 0.035458 	 0.035882 	 0.039193
   25 	 0.035458 	 0.035788 	 0.039193
   26 	 0.035458 	 0.035742 	 0.039193
   27 	 0.035458 	 0.035555 	 0.039193
   28 	 0.035458 	 0.035649 	 0.039193
   29 	 0.035458 	 0.035602 	 0.039193
   30 	 0.035458 	 0.035555 	 0.039193
   31 	 0.015849 	 0.035112 	 0.039193
   32 	 0.022571 	 0.035488 	 0.039193
   33 	 0.035458 	 0.035883 	 0.039224
   34 	 0.035458 	 0.035975 	 0.039193
   35 	 0.035458 	 0.036022 	 0.039193
   36 	 0.035458 	 0.036255 	 0.039193
   37 	 0.035458 	 0.036021 	 0.039193
   38 	 0.035458 	 0.036021 	 0.039193
   39 	 0.035458 	 0.036255 	 0.039193
   40 	 0.035458 	 0.036208 	 0.039193
   41 	 0.035458 	 0.036021 	 0.039193
   42 	 0.035458 	 0.036068 	 0.039193
   43 	 0.035458 	 0.036255 	 0.039193
   44 	 0.035458 	 0.036021 	 0.039193
   45 	 0.012626 	 0.036015 	 0.039193
   46 	 0.035458 	 0.036255 	 0.039193
   47 	 0.035458 	 0.036068 	 0.039193
   48 	 0.035458 	 0.035834 	 0.039193
   49 	 0.035458 	 0.035975 	 0.039193
   50 	 0.035458 	 0.035882 	 0.039193
   51 	 0.013544 	 0.035794 	 0.039193
   52 	 0.013544 	 0.035474 	 0.039193
   53 	 0.013544 	 0.035707 	 0.039193
   54 	 0.013544 	 0.036168 	 0.039193
   55 	 0.035458 	 0.036628 	 0.039193
   56 	 0.035458 	 0.036674 	 0.039193
   57 	 0.035458 	 0.036720 	 0.039193
   58 	 0.035458 	 0.036953 	 0.039193
   59 	 0.035458 	 0.037093 	 0.039193
   60 	 0.035458 	 0.037512 	 0.039193
   61 	 0.035458 	 0.037512 	 0.039193
   62 	 0.035458 	 0.037418 	 0.039193
   63 	 0.011824 	 0.037123 	 0.039193
   64 	 0.011824 	 0.037449 	 0.039193
   65 	 0.011824 	 0.037823 	 0.039193
   66 	 0.035458 	 0.038351 	 0.039230
   67 	 0.035458 	 0.038537 	 0.039230
   68 	 0.035458 	 0.038443 	 0.039193
   69 	 0.035458 	 0.038256 	 0.039193
   70 	 0.035458 	 0.038583 	 0.039193
   71 	 0.035458 	 0.038583 	 0.039193
   72 	 0.035458 	 0.038816 	 0.039193
   73 	 0.035458 	 0.039002 	 0.039193
   74 	 0.035458 	 0.039002 	 0.039193
   75 	 0.035458 	 0.039001 	 0.039193
   76 	 0.035458 	 0.039048 	 0.039193
   77 	 0.032376 	 0.039010 	 0.039193
   78 	 0.035458 	 0.039141 	 0.039193
   79 	 0.035458 	 0.039048 	 0.039198
   80 	 0.035458 	 0.039141 	 0.039193
   81 	 0.035458 	 0.039141 	 0.039193
   82 	 0.039188 	 0.039188 	 0.039193
   83 	 0.039188 	 0.039188 	 0.039193
   84 	 0.016552 	 0.038905 	 0.039188
   85 	 0.016552 	 0.038905 	 0.039188
   86 	 0.017322 	 0.038915 	 0.039222
   87 	 0.039188 	 0.039188 	 0.039222
   88 	 0.010205 	 0.038826 	 0.039221
   89 	 0.013543 	 0.038867 	 0.039188
   90 	 0.039188 	 0.039188 	 0.039232
   91 	 0.039188 	 0.039188 	 0.039227
   92 	 0.039188 	 0.039188 	 0.039188
   93 	 0.039188 	 0.039188 	 0.039188
   94 	 0.039188 	 0.039188 	 0.039188
   95 	 0.039188 	 0.039188 	 0.039188
   96 	 0.020130 	 0.038949 	 0.039188
   97 	 0.020130 	 0.038949 	 0.039188
   98 	 0.039188 	 0.039188 	 0.039217
   99 	 0.039188 	 0.039188 	 0.039217
  100 	 0.039188 	 0.039188 	 0.039188
  101 	 0.039188 	 0.039188 	 0.039188
  102 	 0.039188 	 0.039188 	 0.039188
  103 	 0.039188 	 0.039188 	 0.039188
  104 	 0.039188 	 0.039188 	 0.039188
  105 	 0.039188 	 0.039188 	 0.039188
  106 	 0.039188 	 0.039188 	 0.039188
  107 	 0.039188 	 0.039188 	 0.039188
  108 	 0.039188 	 0.039188 	 0.039188
  109 	 0.039188 	 0.039188 	 0.039188
  110 	 0.039188 	 0.039188 	 0.039188
  111 	 0.039188 	 0.039188 	 0.039188
  112 	 0.039188 	 0.039188 	 0.039188
  113 	 0.039188 	 0.039188 	 0.039188
  114 	 0.039188 	 0.039188 	 0.039188
  115 	 0.039188 	 0.039188 	 0.039188
  116 	 0.039188 	 0.039188 	 0.039188
  117 	 0.039188 	 0.039188 	 0.039188
  118 	 0.039188 	 0.039188 	 0.039188
  119 	 0.039188 	 0.039188 	 0.039188
  120 	 0.039188 	 0.039188 	 0.039188
  121 	 0.039188 	 0.039188 	 0.039188
  122 	 0.039188 	 0.039188 	 0.039188
  123 	 0.039188 	 0.039188 	 0.039188
  124 	 0.039188 	 0.039188 	 0.039188
  125 	 0.039188 	 0.039188 	 0.039188
  126 	 0.039188 	 0.039188 	 0.039188
  127 	 0.039188 	 0.039188 	 0.039188
  128 	 0.039188 	 0.039188 	 0.039188
  129 	 0.039188 	 0.039188 	 0.039188
  130 	 0.032376 	 0.039103 	 0.039188
  131 	 0.009675 	 0.038734 	 0.039188
  132 	 0.032376 	 0.039103 	 0.039198
  133 	 0.039188 	 0.039188 	 0.039233
  134 	 0.039188 	 0.039188 	 0.039198
  135 	 0.039188 	 0.039188 	 0.039188
  136 	 0.010492 	 0.038829 	 0.039188
  137 	 0.039188 	 0.039188 	 0.039188
  138 	 0.039188 	 0.039188 	 0.039232
  139 	 0.029787 	 0.039070 	 0.039188
  140 	 0.039188 	 0.039188 	 0.039188
  141 	 0.025681 	 0.039019 	 0.039202
  142 	 0.039188 	 0.039188 	 0.039188
  143 	 0.019098 	 0.038937 	 0.039208
  144 	 0.039188 	 0.039188 	 0.039188
  145 	 0.039188 	 0.039188 	 0.039219
  146 	 0.009675 	 0.038819 	 0.039188
  147 	 0.039188 	 0.039188 	 0.039188
  148 	 0.039188 	 0.039188 	 0.039233
  149 	 0.011460 	 0.038841 	 0.039188
 