   0 	 0.001057 	 0.001868 	 0.003282
    1 	 0.001256 	 0.001973 	 0.004516
    2 	 0.001170 	 0.002104 	 0.006594
    3 	 0.001162 	 0.002192 	 0.004516
    4 	 0.001342 	 0.002560 	 0.005961
    5 	 0.001252 	 0.002750 	 0.006480
    6 	 0.001595 	 0.002956 	 0.006480
    7 	 0.001452 	 0.003322 	 0.010496
    8 	 0.001849 	 0.003830 	 0.010800
    9 	 0.001858 	 0.004419 	 0.010800
   10 	 0.002053 	 0.004845 	 0.019111
   11 	 0.002008 	 0.005884 	 0.021295
   12 	 0.002833 	 0.007813 	 0.020145
   13 	 0.003707 	 0.010220 	 0.032410
   14 	 0.004163 	 0.013020 	 0.032411
   15 	 0.004746 	 0.016276 	 0.049700
   16 	 0.006058 	 0.019025 	 0.067791
   17 	 0.006158 	 0.025224 	 0.248708
   18 	 0.007096 	 0.048195 	 0.249249
   19 	 -0.248155 	 0.141482 	 0.746846
   20 	 -0.263186 	 0.211752 	 0.746846
   21 	 -0.263137 	 0.315367 	 0.746852
   22 	 -0.232617 	 0.418832 	 0.940350
   23 	 -0.263007 	 0.435474 	 0.946323
   24 	 0.099883 	 0.493444 	 0.919759
   25 	 -0.293620 	 0.525436 	 0.946207
   26 	 0.043421 	 0.542543 	 0.704353
   27 	 0.441293 	 0.550445 	 0.974432
   28 	 0.494019 	 0.538555 	 0.733525
   29 	 0.435865 	 0.535565 	 0.567810
   30 	 0.487001 	 0.538248 	 0.551305
   31 	 0.529754 	 0.539029 	 0.569566
   32 	 0.534427 	 0.538194 	 0.553446
   33 	 0.018004 	 0.531450 	 0.540654
   34 	 0.533816 	 0.538199 	 0.539291
   35 	 0.537486 	 0.540884 	 0.747461
   36 	 0.537880 	 0.538197 	 0.539469
   37 	 0.483718 	 0.537495 	 0.538403
   38 	 0.537829 	 0.538197 	 0.538289
   39 	 0.538137 	 0.538406 	 0.554454
   40 	 0.538170 	 0.538197 	 0.538304
   41 	 0.025356 	 0.531726 	 0.538214
   42 	 0.538166 	 0.538197 	 0.538205
   43 	 0.018003 	 0.534277 	 0.743376
   44 	 0.538195 	 0.538197 	 0.538206
   45 	 0.484676 	 0.540139 	 0.747461
   46 	 0.013453 	 0.531638 	 0.538198
   47 	 0.013956 	 0.531164 	 0.554159
   48 	 0.013956 	 0.534292 	 0.750012
   49 	 0.533613 	 0.540987 	 0.749729
   50 	 0.483122 	 0.540153 	 0.749729
   51 	 0.018003 	 0.530965 	 0.539528
   52 	 0.483188 	 0.537715 	 0.554637
   53 	 0.537812 	 0.541030 	 0.747461
   54 	 0.533477 	 0.538343 	 0.554617
   55 	 0.483718 	 0.537454 	 0.538309
   56 	 0.533483 	 0.538155 	 0.539568
   57 	 0.538165 	 0.538418 	 0.554454
   58 	 0.019930 	 0.531731 	 0.539566
   59 	 0.533529 	 0.538133 	 0.538206
   60 	 0.537801 	 0.540796 	 0.746386
   61 	 0.027211 	 0.531811 	 0.538312
   62 	 0.483970 	 0.537520 	 0.538312
   63 	 0.538164 	 0.540748 	 0.742352
   64 	 0.538164 	 0.538399 	 0.554376
   65 	 0.484916 	 0.537531 	 0.538207
   66 	 0.533551 	 0.538139 	 0.538207
   67 	 0.538194 	 0.538396 	 0.554086
   68 	 0.538194 	 0.538214 	 0.539546
   69 	 0.533634 	 0.538140 	 0.538198
   70 	 0.537806 	 0.538192 	 0.538198
   71 	 0.538197 	 0.538213 	 0.539522
   72 	 0.538197 	 0.538198 	 0.538310
   73 	 0.537813 	 0.538192 	 0.538197
   74 	 0.538164 	 0.538197 	 0.538197
   75 	 0.015724 	 0.531667 	 0.538308
   76 	 0.538197 	 0.538197 	 0.538206
   77 	 0.538165 	 0.540828 	 0.748737
   78 	 0.538194 	 0.538197 	 0.538197
   79 	 0.483420 	 0.537512 	 0.538206
   80 	 0.018003 	 0.531695 	 0.538198
   81 	 0.538194 	 0.538401 	 0.554545
   82 	 0.538197 	 0.540813 	 0.747461
   83 	 0.533503 	 0.538138 	 0.538198
   84 	 0.042858 	 0.531324 	 0.538197
   85 	 0.538197 	 0.538214 	 0.539560
   86 	 0.023740 	 0.534415 	 0.733828
   87 	 0.015724 	 0.531661 	 0.538197
   88 	 0.486929 	 0.540074 	 0.744270
   89 	 0.538197 	 0.540830 	 0.748737
   90 	 0.013956 	 0.531180 	 0.553468
   91 	 0.483420 	 0.537512 	 0.538197
   92 	 0.533810 	 0.540982 	 0.749729
   93 	 0.538197 	 0.538401 	 0.554545
   94 	 0.483188 	 0.537469 	 0.539471
   95 	 0.031861 	 0.531809 	 0.538197
   96 	 0.537828 	 0.538414 	 0.554617
   97 	 0.538197 	 0.540734 	 0.739798
   98 	 0.533483 	 0.538135 	 0.538304
   99 	 0.485518 	 0.537534 	 0.538197
  100 	 0.538166 	 0.538215 	 0.539566
  101 	 0.538197 	 0.538395 	 0.553901
  102 	 0.537801 	 0.538192 	 0.538206
  103 	 0.533686 	 0.538140 	 0.538197
  104 	 0.538194 	 0.538198 	 0.538312
  105 	 0.538197 	 0.538213 	 0.539507
  106 	 0.012546 	 0.531626 	 0.538198
  107 	 0.537818 	 0.538192 	 0.538197
  108 	 0.538197 	 0.540851 	 0.750522
  109 	 0.538197 	 0.538198 	 0.538307
  110 	 0.038436 	 0.531260 	 0.538197
  111 	 0.538165 	 0.538197 	 0.538197
  112 	 0.014500 	 0.527971 	 0.736217
  113 	 0.538197 	 0.538197 	 0.538206
  114 	 0.022318 	 0.536219 	 0.749424
  115 	 0.538194 	 0.538197 	 0.538197
  116 	 0.483259 	 0.539644 	 0.745058
  117 	 0.018003 	 0.531695 	 0.538198
  118 	 0.484281 	 0.537865 	 0.554595
  119 	 0.538197 	 0.540813 	 0.747461
  120 	 0.533489 	 0.538300 	 0.554281
  121 	 0.014500 	 0.530970 	 0.538197
  122 	 0.533578 	 0.538168 	 0.539564
  123 	 0.538197 	 0.541040 	 0.749424
  124 	 0.537801 	 0.538205 	 0.539538
  125 	 0.483259 	 0.537452 	 0.538197
  126 	 0.537809 	 0.538194 	 0.538312
  127 	 0.538197 	 0.538419 	 0.554595
  128 	 0.538164 	 0.538198 	 0.538309
  129 	 0.533489 	 0.538133 	 0.538197
  130 	 0.538164 	 0.538197 	 0.538207
  131 	 0.538197 	 0.538215 	 0.539564
  132 	 0.538194 	 0.538197 	 0.538206
  133 	 0.537801 	 0.538192 	 0.538197
  134 	 0.538194 	 0.538197 	 0.538198
  135 	 0.538197 	 0.538198 	 0.538312
  136 	 0.538197 	 0.538197 	 0.538198
  137 	 0.538164 	 0.538196 	 0.538197
  138 	 0.538197 	 0.538197 	 0.538197
  139 	 0.538197 	 0.538197 	 0.538207
  140 	 0.538197 	 0.538197 	 0.538197
  141 	 0.538194 	 0.538197 	 0.538197
  142 	 0.538197 	 0.538197 	 0.538197
  143 	 0.018003 	 0.531695 	 0.538198
  144 	 0.538197 	 0.538197 	 0.538197
  145 	 0.538197 	 0.540813 	 0.747461
  146 	 0.538197 	 0.538197 	 0.538197
  147 	 0.016417 	 0.530994 	 0.538197
  148 	 0.025356 	 0.525494 	 0.538197
  149 	 0.538197 	 0.541027 	 0.748349
 