   0 	 0.001031 	 0.001786 	 0.003282
    1 	 0.001124 	 0.001784 	 0.003531
    2 	 0.001081 	 0.001924 	 0.003144
    3 	 0.001296 	 0.002105 	 0.004409
    4 	 0.001357 	 0.002276 	 0.004409
    5 	 0.001219 	 0.002554 	 0.005867
    6 	 0.001309 	 0.002725 	 0.005688
    7 	 0.001414 	 0.003028 	 0.005361
    8 	 0.001795 	 0.003259 	 0.008013
    9 	 0.001849 	 0.003902 	 0.018179
   10 	 0.001697 	 0.005107 	 0.018179
   11 	 0.001729 	 0.006556 	 0.018178
   12 	 0.002749 	 0.008787 	 0.018178
   13 	 0.003861 	 0.012194 	 0.067821
   14 	 0.003942 	 0.019297 	 0.248608
   15 	 0.004258 	 0.072813 	 0.754635
   16 	 -0.771202 	 0.278435 	 0.755400
   17 	 0.017330 	 0.536564 	 0.755221
   18 	 0.020045 	 0.593258 	 1.822631
   19 	 0.210245 	 0.525576 	 0.747837
   20 	 0.211081 	 0.515407 	 0.746322
   21 	 0.221475 	 0.531913 	 0.653550
   22 	 0.222770 	 0.542265 	 0.653193
   23 	 0.017169 	 0.530825 	 0.648788
   24 	 0.506829 	 0.537398 	 0.648244
   25 	 0.013955 	 0.534874 	 0.747928
   26 	 0.508104 	 0.538463 	 0.547439
   27 	 0.483609 	 0.540013 	 0.749730
   28 	 0.055668 	 0.532090 	 0.547057
   29 	 0.483188 	 0.537758 	 0.554487
   30 	 0.535643 	 0.540579 	 0.726994
   31 	 0.038435 	 0.532086 	 0.554617
   32 	 0.013956 	 0.531017 	 0.538938
   33 	 0.533482 	 0.540633 	 0.736218
   34 	 0.537982 	 0.541028 	 0.749729
   35 	 0.486363 	 0.537560 	 0.539566
   36 	 0.483188 	 0.537456 	 0.538259
   37 	 0.537801 	 0.538387 	 0.553642
   38 	 0.538179 	 0.538418 	 0.554617
   39 	 0.533760 	 0.538142 	 0.538312
   40 	 0.012984 	 0.531568 	 0.538202
   41 	 0.538164 	 0.538213 	 0.539485
   42 	 0.538195 	 0.540866 	 0.750276
   43 	 0.537824 	 0.538192 	 0.538207
   44 	 0.483060 	 0.537502 	 0.538197
   45 	 0.538194 	 0.538198 	 0.538305
   46 	 0.538197 	 0.538404 	 0.554656
   47 	 0.538166 	 0.538197 	 0.538198
   48 	 0.533471 	 0.538137 	 0.538197
   49 	 0.048430 	 0.532075 	 0.538206
   50 	 0.538197 	 0.538214 	 0.539569
   51 	 0.538194 	 0.540605 	 0.730840
   52 	 0.537800 	 0.538192 	 0.538197
   53 	 0.487639 	 0.537565 	 0.538198
   54 	 0.538197 	 0.538198 	 0.538312
   55 	 0.538197 	 0.538385 	 0.553251
   56 	 0.538164 	 0.538197 	 0.538197
   57 	 0.042858 	 0.531951 	 0.538197
   58 	 0.538197 	 0.538197 	 0.538207
   59 	 0.538197 	 0.540658 	 0.733828
   60 	 0.025356 	 0.531786 	 0.538197
   61 	 0.486929 	 0.537552 	 0.538197
   62 	 0.538197 	 0.540762 	 0.743376
   63 	 0.538197 	 0.538389 	 0.553468
   64 	 0.484676 	 0.537528 	 0.538197
   65 	 0.533810 	 0.538142 	 0.538197
   66 	 0.538197 	 0.538396 	 0.554159
   67 	 0.022318 	 0.531764 	 0.539471
   68 	 0.533613 	 0.538140 	 0.538197
   69 	 0.537828 	 0.540778 	 0.745058
   70 	 0.021056 	 0.531749 	 0.539528
   71 	 0.021056 	 0.531060 	 0.538304
   72 	 0.537812 	 0.540787 	 0.745759
   73 	 0.538166 	 0.540992 	 0.745759
   74 	 0.484117 	 0.537522 	 0.538309
   75 	 0.484117 	 0.537463 	 0.538206
   76 	 0.042858 	 0.532206 	 0.554331
   77 	 0.048430 	 0.532293 	 0.554331
   78 	 0.533564 	 0.540585 	 0.733828
   79 	 0.533564 	 0.540542 	 0.730840
   80 	 0.013453 	 0.531014 	 0.539542
   81 	 0.487639 	 0.537583 	 0.539542
   82 	 0.013956 	 0.534478 	 0.750012
   83 	 0.537808 	 0.538380 	 0.553251
   84 	 0.483122 	 0.540099 	 0.749729
   85 	 0.533871 	 0.538144 	 0.538310
   86 	 0.483188 	 0.537730 	 0.554637
   87 	 0.538164 	 0.538212 	 0.539453
   88 	 0.533477 	 0.538339 	 0.554617
   89 	 0.537833 	 0.538193 	 0.538206
   90 	 0.533483 	 0.538156 	 0.539568
   91 	 0.538194 	 0.538198 	 0.538302
   92 	 -0.284847 	 0.527921 	 0.539566
   93 	 0.538166 	 0.538197 	 0.538198
   94 	 0.537801 	 0.543543 	 0.966173
   95 	 0.538197 	 0.538197 	 0.538206
   96 	 0.437439 	 0.536938 	 0.538312
   97 	 0.538194 	 0.538197 	 0.538197
   98 	 0.538164 	 0.538582 	 0.569055
   99 	 0.013956 	 0.531644 	 0.538198
  100 	 0.013453 	 0.531528 	 0.538207
  101 	 0.538197 	 0.540841 	 0.749729
  102 	 0.538194 	 0.540877 	 0.750012
  103 	 0.483188 	 0.537509 	 0.538197
  104 	 0.483122 	 0.537499 	 0.538198
  105 	 0.538197 	 0.538402 	 0.554617
  106 	 0.022318 	 0.531957 	 0.554637
  107 	 0.533483 	 0.538138 	 0.538197
  108 	 0.533477 	 0.540723 	 0.745058
  109 	 0.538197 	 0.538214 	 0.539566
  110 	 0.484281 	 0.537540 	 0.539568
  111 	 0.537801 	 0.538192 	 0.538197
  112 	 0.537800 	 0.538393 	 0.554281
  113 	 0.538197 	 0.538198 	 0.538312
  114 	 0.042858 	 0.531949 	 0.538312
  115 	 0.538164 	 0.538197 	 0.538197
  116 	 0.538164 	 0.540659 	 0.733828
  117 	 0.538197 	 0.538197 	 0.538207
  118 	 0.486929 	 0.537551 	 0.538207
  119 	 0.538194 	 0.538197 	 0.538197
  120 	 0.015087 	 0.531850 	 0.553468
  121 	 0.538197 	 0.538197 	 0.538198
  122 	 0.533810 	 0.540778 	 0.749094
  123 	 0.538197 	 0.538197 	 0.538197
  124 	 0.483336 	 0.537527 	 0.539471
  125 	 0.025356 	 0.531786 	 0.538197
  126 	 0.537828 	 0.538397 	 0.554571
  127 	 0.538197 	 0.540762 	 0.743376
  128 	 0.533495 	 0.538140 	 0.538304
  129 	 0.055666 	 0.531496 	 0.538197
  130 	 0.538166 	 0.538214 	 0.539562
  131 	 0.538197 	 0.540756 	 0.726995
  132 	 0.013956 	 0.531639 	 0.538206
  133 	 0.488555 	 0.537519 	 0.538197
  134 	 0.538194 	 0.540842 	 0.749729
  135 	 0.538197 	 0.538398 	 0.552971
  136 	 0.483188 	 0.537509 	 0.538198
  137 	 0.533951 	 0.538139 	 0.538197
  138 	 0.021056 	 0.531938 	 0.554617
  139 	 0.538197 	 0.538214 	 0.539430
  140 	 0.533483 	 0.540732 	 0.745759
  141 	 0.019930 	 0.531714 	 0.538197
  142 	 0.484117 	 0.537538 	 0.539566
  143 	 0.012984 	 0.534236 	 0.746386
  144 	 0.537801 	 0.538394 	 0.554331
  145 	 0.483970 	 0.540170 	 0.750276
  146 	 0.533564 	 0.538140 	 0.538312
  147 	 0.483060 	 0.537710 	 0.554376
  148 	 0.538164 	 0.538213 	 0.539542
  149 	 0.065446 	 0.532435 	 0.554656
 