   0 	 0.001110 	 0.001801 	 0.003254
    1 	 0.001291 	 0.001851 	 0.002411
    2 	 0.001208 	 0.001914 	 0.003066
    3 	 0.001208 	 0.001944 	 0.003372
    4 	 0.001215 	 0.002091 	 0.004409
    5 	 0.001430 	 0.002256 	 0.003671
    6 	 0.001414 	 0.002386 	 0.004409
    7 	 0.001609 	 0.002639 	 0.004870
    8 	 0.001721 	 0.002801 	 0.006058
    9 	 0.001886 	 0.003028 	 0.005867
   10 	 0.001867 	 0.003305 	 0.006836
   11 	 0.001787 	 0.003580 	 0.007844
   12 	 0.001729 	 0.004352 	 0.009200
   13 	 0.001840 	 0.005122 	 0.017333
   14 	 0.002307 	 0.005530 	 0.012631
   15 	 0.003171 	 0.006322 	 0.039236
   16 	 0.002749 	 0.008761 	 0.039243
   17 	 0.003565 	 0.020556 	 0.106632
   18 	 -0.249401 	 0.020486 	 0.106646
   19 	 0.005284 	 0.054222 	 0.106650
   20 	 -0.247520 	 0.068120 	 0.109581
   21 	 0.029787 	 0.088721 	 0.106630
   22 	 -0.253655 	 0.069848 	 0.106542
   23 	 -0.253591 	 0.092005 	 0.106352
   24 	 0.039086 	 0.100694 	 0.109658
   25 	 -0.252113 	 0.096606 	 0.109657
   26 	 0.082190 	 0.103809 	 0.106247
   27 	 0.082216 	 0.103858 	 0.109639
   28 	 -0.253592 	 0.099618 	 0.105763
   29 	 0.039086 	 0.104691 	 0.105763
   30 	 0.105500 	 0.105570 	 0.109657
   31 	 0.027532 	 0.104537 	 0.106247
   32 	 0.027532 	 0.104527 	 0.105503
   33 	 0.105494 	 0.105514 	 0.106378
   34 	 0.105503 	 0.105514 	 0.106378
   35 	 0.105493 	 0.105503 	 0.105503
   36 	 0.105493 	 0.105503 	 0.105503
   37 	 0.105503 	 0.105503 	 0.105503
   38 	 0.105503 	 0.105503 	 0.105503
   39 	 0.105503 	 0.105503 	 0.105503
   40 	 0.105503 	 0.105503 	 0.105503
   41 	 0.014591 	 0.104366 	 0.105503
   42 	 0.105503 	 0.105503 	 0.105503
   43 	 0.105503 	 0.105516 	 0.106524
   44 	 0.105503 	 0.105503 	 0.105503
   45 	 0.082218 	 0.105212 	 0.105503
   46 	 0.105503 	 0.105503 	 0.105503
   47 	 0.011452 	 0.104330 	 0.105763
   48 	 0.057040 	 0.104897 	 0.105503
   49 	 0.105500 	 0.105516 	 0.106560
   50 	 0.105503 	 0.105510 	 0.106045
   51 	 0.105491 	 0.105503 	 0.105503
   52 	 0.105497 	 0.105503 	 0.105503
   53 	 0.105503 	 0.105503 	 0.105503
   54 	 0.105503 	 0.105503 	 0.105503
   55 	 0.105503 	 0.105503 	 0.105503
   56 	 0.105503 	 0.105503 	 0.105503
   57 	 0.105503 	 0.105503 	 0.105503
   58 	 0.105503 	 0.105503 	 0.105503
   59 	 0.105503 	 0.105503 	 0.105503
   60 	 0.105503 	 0.105503 	 0.105503
   61 	 0.105503 	 0.105503 	 0.105503
   62 	 0.105503 	 0.105503 	 0.105503
   63 	 0.105503 	 0.105503 	 0.105503
   64 	 0.105503 	 0.105503 	 0.105503
   65 	 0.105503 	 0.105503 	 0.105503
   66 	 -0.253592 	 0.101014 	 0.105503
   67 	 0.015186 	 0.104083 	 0.105503
   68 	 0.082218 	 0.105264 	 0.109657
   69 	 0.105503 	 0.105519 	 0.106518
   70 	 0.105457 	 0.105505 	 0.105763
   71 	 0.105491 	 0.105503 	 0.105503
   72 	 0.105500 	 0.105503 	 0.105503
   73 	 0.105503 	 0.105503 	 0.105503
   74 	 0.105503 	 0.105503 	 0.105503
   75 	 0.105503 	 0.105503 	 0.105503
   76 	 0.017302 	 0.103923 	 0.105503
   77 	 0.067353 	 0.105026 	 0.105503
   78 	 0.067353 	 0.104567 	 0.106494
   79 	 0.012202 	 0.103865 	 0.105929
   80 	 0.105492 	 0.105513 	 0.105929
   81 	 0.013057 	 0.104366 	 0.106552
   82 	 0.105498 	 0.105503 	 0.105503
   83 	 0.067353 	 0.105039 	 0.106542
   84 	 0.105503 	 0.105503 	 0.105503
   85 	 0.020103 	 0.104440 	 0.105929
   86 	 0.105503 	 0.105503 	 0.105503
   87 	 0.105498 	 0.105515 	 0.106462
   88 	 0.105503 	 0.105503 	 0.105503
   89 	 0.105492 	 0.105503 	 0.105503
   90 	 0.105503 	 0.105503 	 0.105503
   91 	 0.105503 	 0.105503 	 0.105503
   92 	 0.105503 	 0.105503 	 0.105503
   93 	 0.105503 	 0.105503 	 0.105503
   94 	 0.105503 	 0.105503 	 0.105503
   95 	 0.105503 	 0.105503 	 0.105503
   96 	 0.105503 	 0.105503 	 0.105503
   97 	 0.105503 	 0.105503 	 0.105503
   98 	 0.105503 	 0.105503 	 0.105503
   99 	 0.105503 	 0.105503 	 0.105503
  100 	 0.105503 	 0.105503 	 0.105503
  101 	 0.105503 	 0.105503 	 0.105503
  102 	 0.105503 	 0.105503 	 0.105503
  103 	 0.105503 	 0.105503 	 0.105503
  104 	 0.105503 	 0.105503 	 0.105503
  105 	 0.105503 	 0.105503 	 0.105503
  106 	 0.105503 	 0.105503 	 0.105503
  107 	 0.019074 	 0.104422 	 0.105503
  108 	 0.105503 	 0.105503 	 0.105503
  109 	 0.011452 	 0.104339 	 0.106474
  110 	 0.105503 	 0.105503 	 0.105503
  111 	 0.105492 	 0.105516 	 0.106560
  112 	 0.105503 	 0.105503 	 0.105503
  113 	 0.105491 	 0.105503 	 0.105503
  114 	 0.105503 	 0.105503 	 0.105503
  115 	 0.032307 	 0.104588 	 0.105503
  116 	 0.032307 	 0.104588 	 0.105503
  117 	 0.105503 	 0.105513 	 0.106324
  118 	 0.105503 	 0.105513 	 0.106324
  119 	 0.105494 	 0.105503 	 0.105503
  120 	 0.105494 	 0.105503 	 0.105503
  121 	 0.029729 	 0.104556 	 0.105503
  122 	 0.012202 	 0.104337 	 0.105503
  123 	 0.032307 	 0.104598 	 0.106353
  124 	 0.105503 	 0.105516 	 0.106552
  125 	 0.105493 	 0.105513 	 0.106324
  126 	 0.105491 	 0.105503 	 0.105503
  127 	 0.105494 	 0.105503 	 0.105503
  128 	 0.105503 	 0.105503 	 0.105503
  129 	 0.105503 	 0.105503 	 0.105503
  130 	 0.105503 	 0.105503 	 0.105503
  131 	 0.105503 	 0.105503 	 0.105503
  132 	 0.067353 	 0.105026 	 0.105503
  133 	 0.105503 	 0.105503 	 0.105503
  134 	 0.105503 	 0.105508 	 0.105929
  135 	 0.015186 	 0.104374 	 0.105503
  136 	 0.105498 	 0.105503 	 0.105503
  137 	 0.105503 	 0.105515 	 0.106518
  138 	 0.105503 	 0.105503 	 0.105503
  139 	 0.067353 	 0.105026 	 0.105503
  140 	 0.015186 	 0.103897 	 0.105503
  141 	 0.105503 	 0.105508 	 0.105929
  142 	 0.105503 	 0.105521 	 0.106518
  143 	 0.105498 	 0.105503 	 0.105503
  144 	 0.105491 	 0.105503 	 0.105503
  145 	 0.105503 	 0.105503 	 0.105503
  146 	 0.105503 	 0.105503 	 0.105503
  147 	 0.105503 	 0.105503 	 0.105503
  148 	 0.105503 	 0.105503 	 0.105503
  149 	 0.105503 	 0.105503 	 0.105503
 