   0 	 0.015846 	 0.128951 	 4.470277
    1 	 0.017784 	 1.273339 	 6.684490
    2 	 0.035428 	 2.681509 	 9.199830
    3 	 0.032825 	 1.950547 	 6.168926
    4 	 0.106117 	 0.859579 	 5.471247
    5 	 0.100469 	 1.006285 	 3.884626
    6 	 0.176188 	 1.571550 	 3.102534
    7 	 0.039256 	 1.304511 	 3.084813
    8 	 0.235453 	 0.778765 	 2.480232
    9 	 0.301703 	 0.928035 	 3.755787
   10 	 0.369832 	 1.243003 	 2.355194
   11 	 0.251232 	 1.079475 	 1.950446
   12 	 0.387763 	 0.789808 	 1.684830
   13 	 0.036755 	 0.876984 	 2.105566
   14 	 0.039112 	 1.069308 	 1.676831
   15 	 0.038104 	 1.007374 	 3.839444
   16 	 0.032901 	 0.857717 	 4.412826
   17 	 0.246060 	 0.915248 	 3.806575
   18 	 0.115044 	 1.018921 	 3.897102
   19 	 0.248122 	 0.938066 	 2.128746
   20 	 0.098200 	 0.832934 	 2.271505
   21 	 0.428001 	 0.904654 	 2.151344
   22 	 0.088058 	 1.008209 	 4.380204
   23 	 0.265915 	 0.895572 	 1.534448
   24 	 0.105210 	 0.862491 	 3.628996
   25 	 0.580131 	 0.929212 	 2.042424
   26 	 0.259424 	 1.011186 	 3.837155
   27 	 0.448084 	 0.901462 	 1.266093
   28 	 0.246054 	 0.876707 	 2.395074
   29 	 0.037161 	 0.895761 	 1.486582
   30 	 0.412478 	 0.960661 	 2.113926
   31 	 0.037029 	 0.930999 	 3.833460
   32 	 0.347188 	 0.873971 	 1.571888
   33 	 0.037376 	 0.899329 	 3.019968
   34 	 0.043115 	 0.951777 	 2.195978
   35 	 0.117810 	 1.153033 	 17.119902
   36 	 0.119085 	 0.942249 	 3.702133
   37 	 0.057773 	 0.938643 	 2.928173
   38 	 0.119863 	 0.961542 	 2.917283
   39 	 0.122022 	 0.959174 	 3.527679
   40 	 0.038667 	 1.001651 	 6.579064
   41 	 0.038882 	 1.063054 	 6.658541
   42 	 0.145451 	 1.019573 	 5.031024
   43 	 0.038263 	 0.944660 	 3.003166
   44 	 0.038542 	 0.937828 	 4.162299
   45 	 0.121628 	 1.020929 	 3.788416
   46 	 0.043630 	 1.067644 	 5.085393
   47 	 0.119372 	 1.000882 	 4.307966
   48 	 0.194890 	 1.006691 	 3.740697
   49 	 0.230093 	 1.069817 	 6.350335
   50 	 0.135752 	 1.048734 	 4.292025
   51 	 0.038744 	 0.992216 	 3.728656
   52 	 0.037716 	 1.057177 	 5.686608
   53 	 0.255235 	 1.335413 	 12.862751
   54 	 0.174654 	 1.136538 	 6.245090
   55 	 0.077502 	 0.981510 	 3.398643
   56 	 0.154510 	 1.059701 	 4.656492
   57 	 0.275912 	 1.303840 	 8.503240
   58 	 0.213685 	 1.115937 	 5.167702
   59 	 0.114561 	 0.984312 	 3.512320
   60 	 0.192060 	 1.054637 	 3.920266
   61 	 0.038870 	 1.217123 	 6.465736
   62 	 0.252419 	 1.100160 	 4.257854
   63 	 0.115887 	 1.141135 	 15.705918
   64 	 0.233500 	 1.032926 	 3.418581
   65 	 0.038537 	 1.220889 	 8.020107
   66 	 0.114694 	 1.072074 	 3.669724
   67 	 0.124066 	 1.284292 	 13.168765
   68 	 0.269700 	 1.139289 	 6.662471
   69 	 0.075707 	 1.198163 	 6.628388
   70 	 0.149562 	 1.071617 	 3.403676
   71 	 0.150004 	 1.191923 	 8.635078
   72 	 0.290548 	 1.115636 	 5.272526
   73 	 0.037565 	 1.138090 	 5.299302
   74 	 0.188185 	 1.019774 	 2.472891
   75 	 0.187382 	 1.310358 	 16.216531
   76 	 0.038481 	 1.079398 	 4.432922
   77 	 0.061513 	 1.155474 	 5.074039
   78 	 0.223632 	 1.232479 	 15.979207
   79 	 0.196088 	 1.232080 	 11.680418
   80 	 0.062425 	 1.063641 	 4.010709
   81 	 0.085445 	 1.104625 	 4.606416
   82 	 0.037522 	 1.187259 	 11.706214
   83 	 0.215959 	 1.362984 	 8.140328
   84 	 0.052735 	 1.206890 	 16.227981
   85 	 0.122483 	 1.073005 	 4.184824
   86 	 0.061535 	 1.209410 	 13.014935
   87 	 0.238588 	 1.311148 	 7.565294
   88 	 0.076693 	 1.127151 	 11.677500
   89 	 0.131763 	 1.065683 	 4.045501
   90 	 0.085562 	 1.243783 	 10.030811
   91 	 0.245791 	 1.260077 	 6.415898
   92 	 0.099465 	 1.114425 	 10.619966
   93 	 0.155306 	 1.081822 	 3.914036
   94 	 0.093949 	 1.206663 	 8.165611
   95 	 0.037547 	 1.183772 	 5.573946
   96 	 0.121127 	 1.077460 	 8.471053
   97 	 0.179094 	 1.310083 	 16.516043
   98 	 0.117729 	 1.203409 	 6.938333
   99 	 0.060463 	 1.149154 	 4.948181
  100 	 0.035694 	 1.050434 	 7.105833
  101 	 0.201240 	 1.293891 	 14.479529
  102 	 0.140559 	 1.417273 	 22.576467
  103 	 0.069022 	 1.148677 	 4.765525
  104 	 0.044277 	 1.021826 	 6.704238
  105 	 0.208833 	 1.257130 	 12.702924
  106 	 0.128412 	 1.223420 	 5.726905
  107 	 0.078669 	 1.141186 	 4.599127
  108 	 0.037128 	 1.082287 	 7.298651
  109 	 0.217027 	 1.247742 	 11.458848
  110 	 0.134379 	 1.376438 	 16.631100
  111 	 0.037536 	 1.114068 	 4.147196
  112 	 0.032349 	 1.030670 	 6.309993
  113 	 0.037055 	 1.378624 	 21.675157
  114 	 0.158343 	 1.643137 	 26.490907
  115 	 0.046087 	 1.115317 	 3.897013
  116 	 0.037741 	 1.045956 	 5.514402
  117 	 0.256252 	 1.348685 	 18.285916
  118 	 0.037077 	 1.501082 	 16.463304
  119 	 0.036992 	 1.087008 	 3.681861
  120 	 0.060709 	 1.250563 	 21.892758
  121 	 0.239235 	 1.536039 	 21.933778
  122 	 0.045659 	 1.470937 	 14.428043
  123 	 0.036706 	 1.097441 	 4.034949
  124 	 0.069268 	 1.209747 	 18.430020
  125 	 0.129157 	 1.735601 	 22.072206
  126 	 0.054231 	 1.420778 	 12.842211
  127 	 0.045288 	 1.190465 	 7.259138
  128 	 0.077816 	 1.247447 	 15.915764
  129 	 0.127074 	 1.665452 	 18.556927
  130 	 0.062797 	 1.389389 	 11.571914
  131 	 0.053863 	 1.327332 	 7.370593
  132 	 0.086352 	 1.226423 	 14.006213
  133 	 0.125919 	 1.583278 	 16.009400
  134 	 0.071353 	 1.337252 	 10.531638
  135 	 0.062430 	 1.371824 	 7.433915
  136 	 0.094875 	 1.309380 	 12.507331
  137 	 0.128505 	 1.533876 	 14.078599
  138 	 0.079898 	 1.306779 	 9.664213
  139 	 0.070986 	 1.398303 	 7.293691
  140 	 0.103383 	 1.282189 	 11.299665
  141 	 0.136943 	 1.431128 	 12.564951
  142 	 0.037967 	 1.307622 	 8.929961
  143 	 0.079532 	 1.363379 	 6.870805
  144 	 0.111875 	 1.467180 	 21.474301
  145 	 0.145361 	 1.398129 	 11.346609
  146 	 0.037573 	 1.289551 	 7.318576
  147 	 0.088065 	 1.313888 	 6.495133
  148 	 0.135708 	 1.648846 	 21.657829
  149 	 0.031939 	 1.351164 	 10.344969
  150 	 0.046154 	 1.290503 	 6.929634
  151 	 0.096585 	 1.511205 	 24.667585
  152 	 0.087442 	 1.491707 	 18.263378
  153 	 0.040525 	 1.323636 	 9.507052
  154 	 0.054729 	 1.341602 	 10.412121
  155 	 0.105090 	 1.445744 	 20.356261
  156 	 0.095963 	 1.432685 	 15.790643
  157 	 0.049104 	 1.321096 	 8.795845
  158 	 0.037979 	 1.323428 	 9.563642
  159 	 0.113579 	 1.370153 	 17.329755
  160 	 0.037470 	 1.615973 	 21.468738
  161 	 0.057676 	 1.373915 	 8.184711
  162 	 0.046530 	 1.531869 	 21.705856
  163 	 0.122051 	 1.341507 	 15.088502
  164 	 0.046052 	 1.547986 	 18.139096
  165 	 0.066238 	 1.338989 	 7.653990
  166 	 0.055103 	 1.462713 	 18.297491
  167 	 0.130504 	 1.325101 	 13.362212
  168 	 0.054627 	 1.518597 	 15.697738
  169 	 0.074790 	 1.340378 	 7.188855
  170 	 0.036670 	 1.403554 	 15.816114
  171 	 0.138867 	 1.298618 	 11.991874
  172 	 0.063192 	 1.741964 	 22.089778
  173 	 0.038331 	 1.300481 	 6.781194
  174 	 0.045161 	 1.367438 	 13.929065
  175 	 0.147280 	 1.507682 	 21.307762
  176 	 0.071748 	 1.680446 	 18.600960
  177 	 0.037587 	 1.269283 	 6.415196
  178 	 0.037583 	 1.338979 	 12.445851
  179 	 0.126701 	 1.678270 	 21.650928
  180 	 0.080293 	 1.838268 	 21.653101
  181 	 0.046169 	 1.324474 	 7.390919
  182 	 0.046164 	 1.378110 	 11.249529
  183 	 0.135144 	 1.593027 	 18.258475
  184 	 0.088825 	 1.750622 	 18.260018
  185 	 0.054743 	 1.302968 	 6.956814
  186 	 0.036619 	 1.321338 	 8.942564
  187 	 0.118439 	 1.536373 	 15.786981
  188 	 0.111717 	 1.901633 	 22.114345
  189 	 0.063309 	 1.336259 	 7.070185
  190 	 0.045173 	 1.297944 	 8.311354
  191 	 0.141267 	 1.555982 	 13.906489
  192 	 0.120193 	 1.801678 	 18.596843
  193 	 0.037372 	 1.295668 	 6.672573
  194 	 0.053748 	 1.340366 	 7.764397
  195 	 0.037621 	 1.719689 	 21.752588
  196 	 0.128651 	 1.745977 	 16.039073
  197 	 0.045953 	 1.668223 	 21.635396
  198 	 0.062314 	 1.307983 	 7.285946
  199 	 0.046202 	 1.638081 	 18.330661
  200 	 0.137089 	 1.674791 	 14.101516
  201 	 0.054528 	 1.597882 	 18.247436
  202 	 0.070871 	 1.237198 	 6.863948
  203 	 0.054769 	 1.650408 	 15.840868
  204 	 0.145506 	 1.684372 	 12.583179
  205 	 0.037690 	 1.483563 	 15.780528
  206 	 0.079417 	 1.189213 	 6.389512
  207 	 0.036466 	 1.851395 	 21.603144
  208 	 0.156296 	 1.678103 	 11.361451
  209 	 0.046266 	 1.632926 	 21.067701
  210 	 0.037414 	 1.128888 	 6.064423
  211 	 0.021157 	 1.749055 	 17.462357
  212 	 0.164663 	 1.857277 	 21.732685
  213 	 0.057191 	 1.727882 	 33.605208
  214 	 0.045995 	 1.110289 	 5.692729
  215 	 0.029750 	 1.680531 	 15.199707
  216 	 0.038876 	 1.728404 	 18.316537
  217 	 0.038504 	 1.594196 	 26.075816
  218 	 0.054570 	 1.346754 	 22.184851
  219 	 0.038337 	 1.853927 	 21.229406
  220 	 0.045058 	 1.672102 	 15.830329
  221 	 0.047085 	 1.542095 	 22.453199
  222 	 0.037121 	 1.253109 	 18.636422
  223 	 0.044520 	 1.738419 	 17.958018
  224 	 0.038838 	 1.689594 	 13.940077
  225 	 0.034617 	 1.474312 	 18.825279
  226 	 0.032752 	 1.538801 	 22.203568
  227 	 0.053096 	 1.979169 	 23.138788
  228 	 0.045020 	 1.848628 	 22.855849
  229 	 0.043201 	 1.402267 	 16.864594
  230 	 0.037513 	 1.423804 	 18.649618
  231 	 0.059109 	 1.883396 	 18.449689
  232 	 0.053596 	 2.105540 	 21.685984
  233 	 0.054176 	 1.425480 	 14.769152
  234 	 0.046094 	 1.352478 	 16.078277
  235 	 0.035490 	 1.675084 	 13.059235
  236 	 0.062172 	 2.029758 	 18.283379
  237 	 0.076524 	 1.404041 	 13.109543
  238 	 0.054626 	 1.286751 	 14.129927
  239 	 0.076230 	 1.613941 	 11.747596
  240 	 0.070729 	 1.981644 	 16.440396
  241 	 0.085062 	 1.369651 	 11.788236
  242 	 0.060794 	 1.227560 	 12.605769
  243 	 0.037235 	 1.576598 	 10.957518
  244 	 0.079184 	 1.914920 	 14.410465
  245 	 0.091190 	 1.533080 	 21.817589
  246 	 0.069353 	 1.261670 	 11.391557
  247 	 0.045817 	 1.528529 	 10.021044
  248 	 0.037829 	 1.816665 	 10.828058
  249 	 0.099704 	 1.611213 	 18.376762
  250 	 0.027445 	 1.470519 	 21.538195
  251 	 0.054391 	 1.467932 	 9.233229
  252 	 0.032123 	 1.980273 	 27.743161
  253 	 0.092600 	 1.615069 	 15.875252
  254 	 0.036034 	 1.572204 	 24.556177
  255 	 0.062957 	 1.507595 	 9.881378
  256 	 0.037378 	 1.971600 	 22.404555
  257 	 0.101112 	 1.620957 	 13.974863
  258 	 0.044617 	 1.710558 	 21.749403
  259 	 0.037816 	 1.509719 	 9.114732
  260 	 0.045960 	 1.892393 	 18.791099
  261 	 0.109609 	 1.953012 	 21.544402
  262 	 0.037872 	 1.603472 	 19.470353
  263 	 0.046397 	 1.476721 	 8.459585
  264 	 0.041506 	 2.061432 	 21.518131
  265 	 0.118089 	 1.845615 	 18.182717
  266 	 0.046454 	 1.557556 	 19.957731
  267 	 0.037018 	 1.449951 	 7.893340
  268 	 0.050084 	 1.970318 	 18.164016
  269 	 0.126551 	 1.876176 	 21.921068
  270 	 0.055028 	 1.502840 	 18.023099
  271 	 0.045600 	 1.511180 	 7.399118
  272 	 0.055414 	 1.910968 	 15.716381
  273 	 0.134994 	 1.790043 	 18.450063
  274 	 0.037267 	 1.406978 	 15.621664
  275 	 0.054175 	 1.485186 	 6.964062
  276 	 0.063988 	 2.370389 	 21.802048
  277 	 0.143417 	 1.536490 	 15.929874
  278 	 0.038238 	 1.361495 	 13.776324
  279 	 0.037965 	 1.475436 	 6.683720
  280 	 0.072543 	 2.497641 	 21.350269
  281 	 0.149425 	 1.745893 	 22.642523
  282 	 0.046819 	 1.318544 	 12.699536
  283 	 0.044153 	 1.446886 	 6.425702
  284 	 0.036972 	 2.323978 	 18.861172
  285 	 0.155417 	 1.716721 	 19.859941
  286 	 0.053002 	 1.529724 	 23.162980
  287 	 0.050337 	 1.429489 	 6.187467
  288 	 0.043131 	 2.227989 	 16.891444
  289 	 0.161455 	 1.668850 	 17.687558
  290 	 0.059180 	 1.551875 	 20.271222
  291 	 0.056517 	 1.370936 	 5.964620
  292 	 0.049310 	 2.130650 	 15.295229
  293 	 0.167481 	 1.611207 	 15.944609
  294 	 0.036769 	 1.618902 	 19.116760
  295 	 0.036207 	 1.344088 	 5.757676
  296 	 0.052293 	 2.308714 	 23.272751
  297 	 0.173494 	 1.878901 	 23.581122
  298 	 0.042957 	 1.541825 	 17.096011
  299 	 0.042396 	 1.332055 	 5.565004
  300 	 0.058472 	 2.109102 	 15.733837
  301 	 0.179494 	 1.842507 	 20.577964
  302 	 0.063532 	 1.466344 	 15.462645
  303 	 0.048547 	 1.302070 	 5.385191
  304 	 0.064646 	 1.974107 	 14.340563
  305 	 0.185481 	 1.791923 	 19.399735
  306 	 0.069702 	 1.416341 	 12.682934
  307 	 0.051539 	 1.258243 	 5.217004
  308 	 0.078808 	 1.848025 	 13.174857
  309 	 0.191453 	 1.750499 	 17.319273
  310 	 0.075866 	 1.426264 	 11.763654
  311 	 0.057692 	 1.229111 	 5.059362
  312 	 0.084963 	 1.803816 	 12.140864
  313 	 0.197411 	 1.726669 	 15.578301
  314 	 0.082324 	 1.403827 	 10.933403
  315 	 0.064166 	 1.216920 	 4.904089
  316 	 0.091411 	 1.745481 	 10.160081
  317 	 0.203642 	 1.610297 	 12.458527
  318 	 0.098364 	 1.344851 	 9.468708
  319 	 0.080226 	 1.194549 	 4.765500
  320 	 0.037870 	 1.670903 	 8.883801
  321 	 0.209569 	 1.528556 	 11.570539
  322 	 0.112486 	 1.578613 	 18.528948
  323 	 0.037641 	 1.117601 	 4.628152
  324 	 0.037464 	 1.611065 	 8.425598
  325 	 0.115899 	 1.766778 	 22.401148
  326 	 0.116734 	 1.661761 	 22.745730
  327 	 0.044628 	 1.155992 	 8.190101
  328 	 0.043952 	 1.672631 	 8.114655
  329 	 0.121994 	 1.737074 	 19.369468
  330 	 0.100052 	 1.468121 	 17.196208
  331 	 0.051610 	 1.105543 	 7.782442
  332 	 0.057657 	 1.692394 	 9.411553
  333 	 0.127405 	 1.648519 	 14.768798
  334 	 0.106179 	 1.442653 	 15.466272
  335 	 0.067627 	 1.183511 	 7.440209
  336 	 0.064630 	 1.655037 	 8.898453
  337 	 0.132282 	 1.579170 	 13.399975
  338 	 0.112301 	 1.435570 	 13.960692
  339 	 0.074537 	 1.229033 	 7.205567
  340 	 0.071596 	 1.781409 	 8.382169
  341 	 0.138662 	 1.553677 	 12.264300
  342 	 0.119201 	 1.382294 	 10.571233
  343 	 0.081491 	 1.217871 	 6.865195
  344 	 0.037797 	 1.729949 	 7.923846
  345 	 0.145514 	 1.590008 	 11.300586
  346 	 0.125912 	 1.589079 	 22.322727
  347 	 0.088436 	 1.201382 	 6.556777
  348 	 0.044783 	 1.687641 	 7.523766
  349 	 0.125950 	 1.536487 	 10.478201
  350 	 0.132789 	 1.534485 	 19.311217
  351 	 0.095373 	 1.270703 	 7.521618
  352 	 0.051765 	 1.640876 	 7.118014
  353 	 0.128489 	 1.465570 	 9.768244
  354 	 0.140351 	 1.489872 	 17.017037
  355 	 0.102299 	 1.323004 	 7.380654
  356 	 0.058740 	 1.567381 	 6.307133
  357 	 0.135361 	 1.586226 	 9.149193
  358 	 0.037813 	 1.504726 	 15.211324
  359 	 0.109216 	 1.310667 	 7.024396
  360 	 0.065710 	 1.762833 	 22.314965
  361 	 0.031756 	 1.465734 	 8.604688
  362 	 0.044799 	 1.412292 	 11.917488
  363 	 0.116121 	 1.677388 	 25.802625
  364 	 0.037393 	 1.623096 	 19.305411
  365 	 0.038745 	 1.447144 	 8.122073
  366 	 0.051780 	 1.786638 	 22.526104
  367 	 0.122846 	 1.618172 	 21.860188
  368 	 0.044357 	 1.550636 	 17.012532
  369 	 0.038056 	 1.456270 	 7.701429
  370 	 0.058756 	 1.669360 	 19.471494
  371 	 0.127642 	 1.724722 	 22.194406
  372 	 0.034765 	 1.481841 	 15.207727
  373 	 0.027899 	 1.477257 	 7.427075
  374 	 0.065677 	 1.764736 	 18.880312
  375 	 0.134516 	 2.067655 	 28.653931
  376 	 0.052946 	 1.444782 	 13.759422
  377 	 0.034877 	 1.443536 	 7.066351
  378 	 0.072641 	 1.676720 	 16.681786
  379 	 0.141152 	 1.917893 	 23.879401
  380 	 0.059920 	 1.466744 	 12.556419
  381 	 0.034473 	 1.452418 	 6.749814
  382 	 0.079596 	 1.657528 	 14.943104
  383 	 0.120511 	 2.042509 	 24.112224
  384 	 0.066889 	 1.511775 	 11.547852
  385 	 0.041441 	 1.479875 	 7.842480
  386 	 0.086544 	 1.613021 	 12.838750
  387 	 0.127215 	 1.935135 	 20.643463
  388 	 0.037511 	 1.479225 	 10.690184
  389 	 0.048425 	 1.492509 	 7.450705
  390 	 0.093483 	 1.808797 	 22.466242
  391 	 0.117091 	 1.660777 	 13.511355
  392 	 0.044497 	 1.448864 	 9.951975
  393 	 0.038294 	 1.497445 	 8.058593
  394 	 0.100412 	 1.740420 	 19.418461
  395 	 0.123983 	 1.960509 	 22.078185
  396 	 0.051468 	 1.439267 	 9.309950
  397 	 0.045279 	 1.470062 	 7.634551
  398 	 0.107331 	 1.647029 	 17.103298
  399 	 0.130863 	 1.890457 	 19.128049
 