   0 	 0.016473 	 0.074466 	 0.649309
    1 	 0.022480 	 0.152688 	 0.894935
    2 	 0.025376 	 0.425266 	 3.590594
    3 	 0.026932 	 0.939539 	 3.945404
    4 	 0.020482 	 1.030618 	 3.841222
    5 	 0.038612 	 0.884225 	 3.798083
    6 	 0.033789 	 0.911048 	 4.024252
    7 	 0.036308 	 1.229191 	 4.292856
    8 	 0.235341 	 1.132761 	 3.865640
    9 	 0.210981 	 1.015125 	 3.828372
   10 	 0.109391 	 0.861297 	 2.158044
   11 	 0.094366 	 1.011643 	 2.381625
   12 	 0.222879 	 1.041996 	 3.068513
   13 	 0.384662 	 0.968093 	 3.216821
   14 	 0.304413 	 0.885964 	 2.233244
   15 	 0.040313 	 0.924755 	 1.684743
   16 	 0.114920 	 0.958646 	 1.889242
   17 	 0.114658 	 0.972460 	 3.893890
   18 	 0.105761 	 0.888168 	 2.942731
   19 	 0.242790 	 0.918622 	 2.945009
   20 	 0.290717 	 0.947210 	 3.024244
   21 	 0.317067 	 0.930826 	 2.177275
   22 	 0.040438 	 0.888871 	 1.971543
   23 	 0.416289 	 0.911991 	 1.845131
   24 	 0.043561 	 0.954203 	 3.891990
   25 	 0.037024 	 0.898387 	 1.548732
   26 	 0.043658 	 0.900832 	 3.845252
   27 	 0.293869 	 0.932073 	 3.817901
   28 	 0.129120 	 0.948330 	 3.723586
   29 	 0.131083 	 0.896653 	 1.959368
   30 	 0.253802 	 0.898731 	 2.893350
   31 	 0.457819 	 0.927118 	 2.809120
   32 	 0.321559 	 0.923289 	 2.126295
   33 	 0.330511 	 0.884359 	 1.482977
   34 	 0.425316 	 0.885903 	 1.858532
   35 	 0.039681 	 0.900986 	 1.715234
   36 	 0.039500 	 0.901722 	 1.491167
   37 	 0.346793 	 0.907802 	 3.509010
   38 	 0.039562 	 0.897671 	 3.267974
   39 	 0.266361 	 0.891369 	 1.775275
   40 	 0.286987 	 0.925250 	 3.905308
   41 	 0.298290 	 0.899214 	 1.954421
   42 	 0.039314 	 0.870987 	 1.917006
   43 	 0.102241 	 0.900367 	 1.942541
   44 	 0.237958 	 0.976004 	 3.398890
   45 	 0.262617 	 0.912683 	 2.877355
   46 	 0.257852 	 0.869921 	 2.105451
   47 	 0.323211 	 0.920558 	 2.076772
   48 	 0.421594 	 0.950885 	 2.108140
   49 	 0.434467 	 0.890344 	 1.881784
   50 	 0.113002 	 0.850532 	 1.567168
   51 	 0.259546 	 0.879271 	 1.511106
   52 	 0.356675 	 0.959655 	 2.718117
   53 	 0.037300 	 0.923499 	 2.090099
   54 	 0.340760 	 0.883762 	 1.738520
   55 	 0.113250 	 0.920013 	 3.935461
   56 	 0.501859 	 0.925572 	 1.794495
   57 	 0.218209 	 0.948709 	 2.986970
   58 	 0.288855 	 0.886450 	 1.392062
   59 	 0.311928 	 0.907180 	 2.300389
   60 	 0.617527 	 0.922211 	 1.977634
   61 	 0.397316 	 0.925743 	 1.883850
   62 	 0.455761 	 0.890618 	 1.143083
   63 	 0.476111 	 0.896255 	 1.622808
   64 	 0.726542 	 0.914442 	 1.489160
   65 	 0.542974 	 0.905123 	 1.438826
   66 	 0.567702 	 0.888853 	 1.053365
   67 	 0.259700 	 0.897215 	 1.347262
   68 	 0.572296 	 0.906765 	 1.257858
   69 	 0.556641 	 0.909625 	 2.063559
   70 	 0.037296 	 0.883626 	 1.208903
   71 	 0.438585 	 0.899496 	 1.289422
   72 	 0.102096 	 0.877329 	 1.114627
   73 	 0.681049 	 0.898141 	 1.223264
   74 	 0.311343 	 0.945586 	 3.135821
   75 	 0.101022 	 0.891798 	 1.111174
   76 	 0.043268 	 0.879286 	 2.028630
   77 	 0.127496 	 0.910707 	 3.582658
   78 	 0.340122 	 0.944716 	 3.381029
   79 	 0.037211 	 0.922350 	 2.907010
   80 	 0.278425 	 0.906720 	 1.738750
   81 	 0.319907 	 0.924435 	 3.904558
   82 	 0.512992 	 0.920103 	 2.017247
   83 	 0.039638 	 0.901749 	 1.861480
   84 	 0.447678 	 0.898192 	 1.366323
   85 	 0.483166 	 0.951355 	 3.867907
   86 	 0.629873 	 0.909677 	 1.500199
   87 	 0.247108 	 0.890549 	 1.427620
   88 	 0.043879 	 0.874422 	 1.180397
   89 	 0.349709 	 0.940397 	 2.153277
   90 	 0.258818 	 0.928183 	 2.017352
   91 	 0.036389 	 0.885963 	 1.894624
   92 	 0.447657 	 0.905725 	 2.288761
   93 	 0.482457 	 0.978130 	 3.917132
   94 	 0.261146 	 0.904672 	 1.500246
   95 	 0.241918 	 0.874498 	 1.085048
   96 	 0.039539 	 0.913156 	 2.093600
   97 	 0.135291 	 0.945562 	 2.177615
   98 	 0.465962 	 0.924221 	 1.290835
   99 	 0.416855 	 0.940400 	 2.804337
  100 	 0.674736 	 0.953715 	 1.677418
  101 	 0.350038 	 0.958647 	 2.130583
  102 	 0.578062 	 0.928522 	 1.364497
  103 	 0.354116 	 0.926407 	 1.757662
  104 	 0.509533 	 0.949397 	 1.479991
  105 	 0.039537 	 0.928063 	 2.469037
  106 	 0.130572 	 0.938472 	 1.786884
  107 	 0.371701 	 1.118762 	 6.682832
  108 	 0.095378 	 1.004965 	 5.534896
  109 	 0.037319 	 0.940039 	 2.370789
  110 	 0.179051 	 0.990369 	 3.157778
  111 	 0.386505 	 1.127834 	 6.857801
  112 	 0.311267 	 0.988324 	 4.274397
  113 	 0.141341 	 0.943894 	 2.023452
  114 	 0.130956 	 0.974003 	 2.767272
  115 	 0.481707 	 1.049610 	 4.027910
  116 	 0.354840 	 1.034676 	 5.498864
  117 	 0.245073 	 0.955904 	 1.877558
  118 	 0.174943 	 0.991478 	 2.440573
  119 	 0.518549 	 1.054531 	 3.561591
  120 	 0.403702 	 1.017721 	 3.538038
  121 	 0.276879 	 0.953121 	 1.788752
  122 	 0.039515 	 0.958505 	 2.141317
  123 	 0.120274 	 1.022375 	 3.050841
  124 	 0.038194 	 1.213157 	 11.060083
  125 	 0.322400 	 1.072464 	 5.869456
  126 	 0.037032 	 1.065910 	 13.387967
  127 	 0.039564 	 1.011453 	 2.678814
  128 	 0.074296 	 1.453834 	 13.401843
  129 	 0.366339 	 1.194147 	 13.146888
  130 	 0.074288 	 1.026181 	 8.711105
  131 	 0.075770 	 0.995654 	 2.401314
  132 	 0.114129 	 1.294414 	 7.987998
  133 	 0.410204 	 1.183568 	 7.894517
  134 	 0.124395 	 0.996382 	 6.089057
  135 	 0.116628 	 0.971566 	 2.238621
  136 	 0.162666 	 1.212151 	 5.730821
  137 	 0.439692 	 1.250845 	 6.530494
  138 	 0.039383 	 0.966312 	 5.670020
  139 	 0.151962 	 0.969150 	 2.038355
  140 	 0.174797 	 1.340826 	 11.175354
  141 	 0.487601 	 1.182901 	 5.062788
  142 	 0.038211 	 0.928542 	 4.430719
  143 	 0.137679 	 0.935776 	 1.910945
  144 	 0.116313 	 1.438448 	 11.221914
  145 	 0.120260 	 1.186908 	 5.302829
  146 	 0.088822 	 0.996191 	 5.980384
  147 	 0.037986 	 0.966922 	 5.842505
  148 	 0.165692 	 1.267415 	 7.157050
  149 	 0.124347 	 1.268388 	 11.250408
  150 	 0.037053 	 0.949606 	 3.222379
  151 	 0.088485 	 0.992890 	 5.732408
  152 	 0.040356 	 1.426882 	 13.536838
  153 	 0.038267 	 1.166373 	 8.000942
  154 	 0.037073 	 1.055516 	 13.011417
  155 	 0.116720 	 1.164575 	 13.374903
  156 	 0.038224 	 1.435711 	 11.367150
  157 	 0.074483 	 1.173879 	 6.222964
  158 	 0.086869 	 1.111459 	 8.894561
  159 	 0.156361 	 1.098675 	 8.026755
  160 	 0.111969 	 1.328553 	 8.232586
  161 	 0.124032 	 1.132341 	 5.185088
  162 	 0.120932 	 1.077312 	 6.735425
  163 	 0.190986 	 1.083375 	 6.229301
  164 	 0.147668 	 1.238303 	 6.351937
  165 	 0.159597 	 1.096454 	 4.395877
  166 	 0.156181 	 1.002903 	 5.429812
  167 	 0.131646 	 1.034572 	 4.768799
  168 	 0.182458 	 1.191605 	 5.211571
  169 	 0.208104 	 1.107242 	 3.813748
  170 	 0.190575 	 1.004527 	 4.583834
  171 	 0.259724 	 1.014554 	 3.739667
  172 	 0.216435 	 1.147477 	 4.141213
  173 	 0.038922 	 1.100289 	 3.219332
  174 	 0.238066 	 0.996922 	 3.740632
  175 	 0.307141 	 1.173297 	 13.258815
  176 	 0.129800 	 1.127660 	 3.652753
  177 	 0.075214 	 1.083432 	 2.910013
  178 	 0.271116 	 1.037701 	 5.534027
  179 	 0.339384 	 1.097769 	 7.929310
  180 	 0.104517 	 1.091445 	 3.153389
  181 	 0.125310 	 1.053101 	 2.508251
  182 	 0.111881 	 1.053867 	 6.134352
  183 	 0.360562 	 1.064129 	 6.180090
  184 	 0.162052 	 1.123573 	 6.143244
  185 	 0.037231 	 1.015906 	 2.137508
  186 	 0.117359 	 1.018178 	 5.036461
  187 	 0.038197 	 1.245391 	 21.127861
  188 	 0.038105 	 1.171293 	 5.660637
  189 	 0.047198 	 1.205445 	 11.223749
  190 	 0.176269 	 1.110257 	 11.235379
  191 	 0.088695 	 1.108829 	 10.193855
  192 	 0.036154 	 1.148686 	 5.297471
  193 	 0.097994 	 1.162987 	 7.163607
  194 	 0.188382 	 1.197445 	 11.487149
  195 	 0.130098 	 1.065004 	 9.050304
  196 	 0.086670 	 1.103232 	 4.573054
  197 	 0.037214 	 1.190139 	 5.549462
  198 	 0.216265 	 1.200644 	 10.083720
  199 	 0.179793 	 1.146389 	 11.348923
  200 	 0.098672 	 1.072522 	 3.793100
  201 	 0.087795 	 1.146060 	 4.334773
  202 	 0.262826 	 1.200386 	 9.060296
  203 	 0.230072 	 1.087571 	 8.718810
  204 	 0.109755 	 1.056672 	 3.632059
  205 	 0.113904 	 1.129587 	 3.762630
  206 	 0.040705 	 1.097140 	 6.224519
  207 	 0.038662 	 1.036550 	 6.067810
  208 	 0.160333 	 1.141242 	 9.959658
  209 	 0.161595 	 1.261452 	 11.165421
  210 	 0.100279 	 1.048498 	 4.544775
  211 	 0.088852 	 1.054354 	 6.108922
  212 	 0.107549 	 1.140866 	 6.649860
  213 	 0.036671 	 1.213120 	 10.994858
  214 	 0.150095 	 1.092270 	 9.053932
  215 	 0.039438 	 1.096008 	 10.291177
  216 	 0.037455 	 1.121612 	 5.807380
  217 	 0.096790 	 1.324330 	 10.086953
  218 	 0.170722 	 1.169238 	 12.827902
  219 	 0.098555 	 1.070928 	 6.807833
  220 	 0.077884 	 1.146194 	 4.734360
  221 	 0.146775 	 1.236734 	 6.727005
  222 	 0.210276 	 1.107092 	 7.887434
  223 	 0.130997 	 1.028061 	 5.339733
  224 	 0.125984 	 1.120425 	 3.840605
  225 	 0.185535 	 1.247169 	 7.513323
  226 	 0.036999 	 1.056216 	 6.006596
  227 	 0.131451 	 1.013138 	 4.408502
  228 	 0.129057 	 1.219908 	 11.481204
  229 	 0.036422 	 1.159085 	 5.815627
  230 	 0.087004 	 1.058897 	 5.556877
  231 	 0.037252 	 1.148894 	 8.269801
  232 	 0.036891 	 1.134538 	 6.872661
  233 	 0.037437 	 1.170553 	 8.213420
  234 	 0.035782 	 1.240518 	 16.079527
  235 	 0.121520 	 1.213182 	 10.423536
  236 	 0.061995 	 1.314678 	 16.371555
  237 	 0.095829 	 1.154766 	 6.141766
  238 	 0.060768 	 1.157467 	 8.857823
  239 	 0.124558 	 1.071036 	 5.522894
  240 	 0.036965 	 1.166235 	 8.955131
  241 	 0.180656 	 1.191562 	 5.805259
  242 	 0.111047 	 1.267566 	 8.125806
  243 	 0.171887 	 1.058631 	 4.245284
  244 	 0.122454 	 1.138076 	 8.094115
  245 	 0.141133 	 1.145475 	 5.423362
  246 	 0.037459 	 1.209721 	 7.353384
  247 	 0.183963 	 1.095509 	 6.509037
  248 	 0.133442 	 1.260572 	 14.132420
  249 	 0.037300 	 1.107816 	 4.144847
  250 	 0.036220 	 1.168338 	 6.852031
  251 	 0.235109 	 1.187998 	 11.337870
  252 	 0.117622 	 1.379263 	 20.525463
  253 	 0.088028 	 1.103314 	 3.496395
  254 	 0.048664 	 1.198082 	 7.157050
  255 	 0.284212 	 1.115861 	 7.197956
  256 	 0.039412 	 1.237873 	 16.349547
  257 	 0.137953 	 1.082531 	 3.370267
  258 	 0.060974 	 1.296966 	 11.072796
  259 	 0.037880 	 1.106755 	 5.295132
  260 	 0.089898 	 1.143803 	 8.938638
  261 	 0.039697 	 1.165089 	 11.263871
  262 	 0.111718 	 1.222159 	 7.102369
  263 	 0.088681 	 1.194881 	 11.037906
  264 	 0.124635 	 1.119955 	 6.149398
  265 	 0.090181 	 1.145610 	 7.164302
  266 	 0.162269 	 1.257965 	 5.696875
  267 	 0.040158 	 1.090557 	 7.088129
  268 	 0.174005 	 1.078238 	 4.691110
  269 	 0.140075 	 1.223036 	 10.981981
  270 	 0.210881 	 1.181182 	 4.446331
  271 	 0.090638 	 1.049748 	 5.236288
  272 	 0.222359 	 1.048541 	 3.819988
  273 	 0.189136 	 1.150431 	 7.065236
  274 	 0.129859 	 1.098847 	 3.659532
  275 	 0.140526 	 1.015396 	 4.166035
  276 	 0.269510 	 1.104180 	 5.532218
  277 	 0.039827 	 1.104018 	 5.223961
  278 	 0.179111 	 1.069701 	 3.120998
  279 	 0.114861 	 1.169379 	 11.022075
  280 	 0.315269 	 1.071884 	 4.347612
  281 	 0.090310 	 1.102887 	 6.032800
  282 	 0.227350 	 1.028364 	 2.730983
  283 	 0.164374 	 1.137035 	 7.081657
  284 	 0.039734 	 1.059442 	 3.474038
  285 	 0.037309 	 1.043520 	 4.645252
  286 	 0.042657 	 1.116263 	 11.033349
  287 	 0.122829 	 1.320288 	 11.336778
  288 	 0.037640 	 1.134905 	 10.688629
  289 	 0.087814 	 1.074090 	 5.756107
  290 	 0.093114 	 1.178606 	 11.294304
  291 	 0.172206 	 1.177256 	 7.190867
  292 	 0.087870 	 1.059237 	 6.943776
  293 	 0.138088 	 1.061132 	 4.267929
  294 	 0.142966 	 1.181385 	 7.206155
  295 	 0.231544 	 1.129269 	 5.291348
  296 	 0.137797 	 1.015642 	 5.158207
  297 	 0.036958 	 1.009816 	 3.540523
  298 	 0.191971 	 1.132216 	 5.299505
  299 	 0.278441 	 1.267681 	 11.381958
  300 	 0.037808 	 0.979670 	 4.117405
  301 	 0.087467 	 0.969771 	 3.036365
  302 	 0.239906 	 1.250230 	 11.272988
  303 	 0.323911 	 1.233477 	 7.227151
  304 	 0.084948 	 0.926573 	 1.678053
  305 	 0.115466 	 0.942655 	 2.668010
  306 	 0.037148 	 1.244466 	 7.361165
  307 	 0.367794 	 1.263230 	 6.010833
  308 	 0.134915 	 1.056439 	 11.357452
  309 	 0.164969 	 0.938887 	 2.388377
  310 	 0.087655 	 1.176945 	 5.381694
  311 	 0.037268 	 1.188434 	 4.632434
  312 	 0.032738 	 0.999384 	 7.217351
  313 	 0.213523 	 1.050598 	 11.342045
  314 	 0.137585 	 1.334121 	 11.956318
  315 	 0.039650 	 1.130299 	 3.781819
  316 	 0.073538 	 0.984546 	 5.305473
  317 	 0.260911 	 1.228007 	 11.043602
  318 	 0.186693 	 1.237522 	 8.036139
  319 	 0.090135 	 1.100282 	 3.207068
  320 	 0.123655 	 0.976698 	 4.208871
  321 	 0.306940 	 1.119952 	 7.090456
  322 	 0.137886 	 1.147671 	 5.728867
  323 	 0.117664 	 1.065464 	 2.794547
  324 	 0.039348 	 0.986691 	 4.464573
  325 	 0.124931 	 1.102265 	 5.932454
  326 	 0.123242 	 1.237155 	 11.080608
  327 	 0.037197 	 1.086196 	 5.687277
  328 	 0.089373 	 1.104797 	 5.742450
  329 	 0.174271 	 1.188323 	 11.351123
  330 	 0.094017 	 1.138106 	 5.698897
  331 	 0.039971 	 1.021745 	 4.441063
  332 	 0.172861 	 1.131854 	 5.985791
  333 	 0.222620 	 1.294252 	 11.004647
  334 	 0.165654 	 1.097251 	 4.469057
  335 	 0.090452 	 0.989211 	 3.656043
  336 	 0.221241 	 1.089344 	 4.534045
  337 	 0.130636 	 1.206727 	 7.074525
  338 	 0.038026 	 1.049486 	 3.674566
  339 	 0.140343 	 1.067031 	 5.508553
  340 	 0.038225 	 1.179358 	 11.245284
  341 	 0.122700 	 1.135514 	 5.228965
  342 	 0.088525 	 1.145078 	 11.220234
  343 	 0.189399 	 1.094167 	 5.760359
  344 	 0.088722 	 1.100525 	 7.172295
  345 	 0.114696 	 1.085622 	 4.093350
  346 	 0.138443 	 1.112089 	 5.724709
  347 	 0.241298 	 1.098052 	 6.013393
  348 	 0.112819 	 1.038955 	 5.281426
  349 	 0.037948 	 1.003844 	 3.422335
  350 	 0.126545 	 1.127256 	 6.488484
  351 	 0.097028 	 1.193796 	 6.828373
  352 	 0.121668 	 1.042458 	 5.508285
  353 	 0.108906 	 1.011390 	 6.577732
  354 	 0.179750 	 1.144324 	 5.794824
  355 	 0.150861 	 1.240688 	 6.101072
  356 	 0.037886 	 1.019660 	 4.335576
  357 	 0.162550 	 1.036444 	 4.956369
  358 	 0.227973 	 1.216590 	 11.263014
  359 	 0.199710 	 1.190745 	 4.596655
  360 	 0.088387 	 1.003366 	 3.585857
  361 	 0.128881 	 1.008456 	 3.990270
  362 	 0.038133 	 1.109489 	 7.179438
  363 	 0.122513 	 1.185862 	 5.438301
  364 	 0.138306 	 1.179399 	 11.231848
  365 	 0.182176 	 1.009166 	 3.263142
  366 	 0.088631 	 1.044917 	 5.285244
  367 	 0.131850 	 1.128403 	 4.216280
  368 	 0.187401 	 1.117752 	 7.166876
  369 	 0.234127 	 1.048751 	 5.471957
  370 	 0.138470 	 1.016112 	 4.196371
  371 	 0.181066 	 1.096816 	 3.508437
  372 	 0.120518 	 1.037865 	 3.797570
  373 	 0.280951 	 1.025268 	 4.310984
  374 	 0.040027 	 1.093771 	 5.833681
  375 	 0.140273 	 1.010892 	 3.013399
  376 	 0.169936 	 1.150808 	 10.997798
  377 	 0.038328 	 1.107169 	 5.230874
  378 	 0.090508 	 1.069663 	 4.528256
  379 	 0.189330 	 1.103445 	 11.207284
  380 	 0.120648 	 1.172780 	 7.071720
  381 	 0.055663 	 1.072687 	 4.162673
  382 	 0.140398 	 1.106374 	 5.829279
  383 	 0.237328 	 1.189055 	 9.384163
  384 	 0.170063 	 1.112423 	 5.227454
  385 	 0.105594 	 1.071539 	 3.469473
  386 	 0.189453 	 1.092257 	 4.525649
  387 	 0.284061 	 1.112960 	 6.390037
  388 	 0.218505 	 1.078103 	 4.160549
  389 	 0.036691 	 1.049328 	 2.985425
  390 	 0.106928 	 1.036425 	 3.711881
  391 	 0.326290 	 1.156552 	 11.416644
  392 	 0.265761 	 1.127767 	 6.336007
  393 	 0.087203 	 1.097405 	 2.651182
  394 	 0.120857 	 1.048421 	 3.157953
  395 	 0.035753 	 1.082309 	 7.240996
  396 	 0.290761 	 1.133732 	 5.689688
  397 	 0.137139 	 1.181826 	 11.031031
  398 	 0.174198 	 1.049111 	 2.893010
  399 	 0.090237 	 1.046608 	 5.318061
 