   0 	 0.015315 	 0.059819 	 0.257036
    1 	 0.015708 	 0.135919 	 4.284492
    2 	 0.024246 	 0.545206 	 3.975372
    3 	 0.036518 	 1.862592 	 4.110816
    4 	 0.037561 	 2.044018 	 3.861133
    5 	 0.211772 	 0.999197 	 3.704836
    6 	 0.244664 	 0.675750 	 3.690566
    7 	 0.147664 	 1.184936 	 2.246322
    8 	 0.037322 	 1.208702 	 2.091769
    9 	 0.037344 	 0.875460 	 2.420933
   10 	 0.430076 	 0.971469 	 3.673891
   11 	 0.376742 	 1.098403 	 3.693522
   12 	 0.041366 	 1.020401 	 1.502145
   13 	 0.099026 	 0.840648 	 1.638962
   14 	 0.040701 	 0.944114 	 4.912420
   15 	 0.037230 	 0.978295 	 2.923753
   16 	 0.193971 	 0.951334 	 3.524844
   17 	 0.316741 	 0.901088 	 3.568503
   18 	 0.263335 	 0.902133 	 1.860907
   19 	 0.258458 	 0.924595 	 1.786541
   20 	 0.470299 	 0.905444 	 1.811807
   21 	 0.103273 	 0.864441 	 1.994186
   22 	 0.105770 	 0.860302 	 1.401937
   23 	 0.105902 	 0.917547 	 2.851664
   24 	 0.114209 	 0.933953 	 2.867220
   25 	 0.323137 	 0.903234 	 2.866135
   26 	 0.321521 	 0.900996 	 3.184626
   27 	 0.040587 	 0.887426 	 1.836423
   28 	 0.038133 	 0.878315 	 1.918205
   29 	 0.281550 	 0.903724 	 3.649807
   30 	 0.042456 	 0.911654 	 3.294533
   31 	 0.256884 	 0.886718 	 1.906395
   32 	 0.282683 	 0.912401 	 3.503165
   33 	 0.036881 	 0.893600 	 1.726108
   34 	 0.265353 	 0.892642 	 1.937674
   35 	 0.120018 	 0.898522 	 3.572944
   36 	 0.457651 	 0.896126 	 1.996993
   37 	 0.260529 	 0.920858 	 2.754684
   38 	 0.109100 	 0.881138 	 1.418338
   39 	 0.334663 	 0.887673 	 1.968779
   40 	 0.288232 	 0.910292 	 3.237295
   41 	 0.106245 	 0.897591 	 1.760370
   42 	 0.285723 	 0.895363 	 1.806255
   43 	 0.499159 	 0.910308 	 2.927019
   44 	 0.276580 	 0.894258 	 2.059636
   45 	 0.037990 	 0.883198 	 1.347420
   46 	 0.441728 	 0.908884 	 1.970135
   47 	 0.042389 	 0.914667 	 4.205398
   48 	 0.456301 	 0.886717 	 1.460434
   49 	 0.121378 	 0.944206 	 3.610254
   50 	 0.129505 	 0.887948 	 1.312971
   51 	 0.038031 	 0.891735 	 2.744407
   52 	 0.104720 	 0.911216 	 3.127883
   53 	 0.113176 	 0.989394 	 4.358606
   54 	 0.280621 	 0.926821 	 3.354354
   55 	 0.038093 	 0.894628 	 3.261830
   56 	 0.277982 	 0.909144 	 2.109610
   57 	 0.108165 	 0.985686 	 4.319796
   58 	 0.111791 	 0.916940 	 2.093005
   59 	 0.221259 	 0.915802 	 2.847666
   60 	 0.122004 	 0.913844 	 2.818566
   61 	 0.328142 	 0.959612 	 2.411622
   62 	 0.331305 	 0.953404 	 3.203038
   63 	 0.112704 	 0.887229 	 1.929230
   64 	 0.294426 	 0.902481 	 1.867396
   65 	 0.300397 	 0.950036 	 3.266867
   66 	 0.042570 	 0.903627 	 2.063447
   67 	 0.277696 	 0.898860 	 1.981780
   68 	 0.040054 	 0.890778 	 1.455139
   69 	 0.043280 	 0.910092 	 2.122712
   70 	 0.415607 	 0.958052 	 4.283500
   71 	 0.430921 	 0.953946 	 4.283020
   72 	 0.222816 	 0.904579 	 1.676427
   73 	 0.037414 	 0.891040 	 1.585488
   74 	 0.534809 	 0.929040 	 2.313656
   75 	 0.560134 	 0.987419 	 4.393403
   76 	 0.397859 	 0.904704 	 1.361269
   77 	 0.040355 	 0.881061 	 1.315904
   78 	 0.042523 	 0.909967 	 1.691308
   79 	 0.661899 	 0.984502 	 4.163985
   80 	 0.528791 	 0.940344 	 4.126730
   81 	 0.229495 	 0.884017 	 1.169182
   82 	 0.231533 	 0.897285 	 1.390839
   83 	 0.036898 	 0.913861 	 2.338660
   84 	 0.315915 	 0.918033 	 2.293403
   85 	 0.394235 	 0.945194 	 4.258974
   86 	 0.401090 	 0.919214 	 1.939055
   87 	 0.224362 	 0.913763 	 1.711055
   88 	 0.056926 	 0.886623 	 1.664197
   89 	 0.124085 	 0.911274 	 2.373255
   90 	 0.333230 	 0.972439 	 4.046513
   91 	 0.388930 	 0.946664 	 3.087515
   92 	 0.236032 	 0.910215 	 1.876068
   93 	 0.309318 	 0.902723 	 1.727622
   94 	 0.112560 	 0.927905 	 2.643880
   95 	 0.042502 	 0.907186 	 2.001929
   96 	 0.357366 	 0.945294 	 3.302947
   97 	 0.036716 	 0.925086 	 2.972634
   98 	 0.286275 	 0.919569 	 1.826264
   99 	 0.036904 	 0.920321 	 4.345645
  100 	 0.297285 	 0.914629 	 2.098747
  101 	 0.220481 	 0.972579 	 4.403278
  102 	 0.113080 	 0.916444 	 2.011729
  103 	 0.217548 	 0.894031 	 1.802838
  104 	 0.037655 	 0.919249 	 3.297287
  105 	 0.042565 	 0.942192 	 2.755213
  106 	 0.037451 	 0.965408 	 5.569337
  107 	 0.036402 	 0.933210 	 4.237910
  108 	 0.173589 	 0.945202 	 4.369660
  109 	 0.225830 	 0.965039 	 4.413027
  110 	 0.219319 	 0.931732 	 2.751116
  111 	 0.217239 	 0.921983 	 2.403673
  112 	 0.039866 	 0.924594 	 2.441887
  113 	 0.385568 	 0.941464 	 2.456165
  114 	 0.387029 	 0.966589 	 4.286944
  115 	 0.384902 	 0.918503 	 1.736810
  116 	 0.225777 	 0.920938 	 1.732416
  117 	 0.113022 	 0.922029 	 1.490086
  118 	 0.042293 	 0.931223 	 2.706527
  119 	 0.595243 	 0.952783 	 3.297916
  120 	 0.319591 	 0.975092 	 5.405611
  121 	 0.037589 	 0.911757 	 1.540456
  122 	 0.124271 	 0.945829 	 1.961589
  123 	 0.384769 	 1.309160 	 22.031872
  124 	 0.303202 	 1.047162 	 5.377180
  125 	 0.044136 	 0.958850 	 2.239797
  126 	 0.183902 	 0.978780 	 2.785498
  127 	 0.040046 	 1.078910 	 9.556954
  128 	 0.358000 	 1.042726 	 4.777785
  129 	 0.103994 	 1.106750 	 7.457044
  130 	 0.208908 	 0.990181 	 2.389488
  131 	 0.133049 	 1.030042 	 4.009723
  132 	 0.037681 	 1.021788 	 3.668266
  133 	 0.037673 	 1.036858 	 3.591326
  134 	 0.125605 	 1.059272 	 6.840844
  135 	 0.277729 	 1.256287 	 21.990856
  136 	 0.126703 	 1.097712 	 7.495960
  137 	 0.037413 	 1.019182 	 3.462025
  138 	 0.133240 	 1.143874 	 7.434783
  139 	 0.284267 	 1.516553 	 18.776746
  140 	 0.133444 	 1.042399 	 5.201834
  141 	 0.053226 	 0.982006 	 3.326968
  142 	 0.037502 	 1.105815 	 6.923099
  143 	 0.299871 	 1.422832 	 9.944527
  144 	 0.144365 	 1.329828 	 20.617740
  145 	 0.100464 	 0.989854 	 3.216769
  146 	 0.048364 	 1.114972 	 6.507673
  147 	 0.309812 	 1.393401 	 9.305451
  148 	 0.031034 	 1.349282 	 16.845351
  149 	 0.107337 	 0.981812 	 3.148500
  150 	 0.059320 	 1.078368 	 5.716688
  151 	 0.037634 	 1.345231 	 8.450439
  152 	 0.126359 	 1.292357 	 14.220791
  153 	 0.118183 	 1.270993 	 20.561804
  154 	 0.070265 	 1.151908 	 7.280205
  155 	 0.036738 	 1.295165 	 7.859074
  156 	 0.128208 	 1.203917 	 7.932405
  157 	 0.116298 	 1.791454 	 20.742141
  158 	 0.125185 	 1.195701 	 7.183496
  159 	 0.048182 	 1.365851 	 7.855604
  160 	 0.136574 	 1.176387 	 7.565178
  161 	 0.035306 	 1.710496 	 18.025963
  162 	 0.037885 	 1.242663 	 6.965030
  163 	 0.055454 	 1.635490 	 21.595577
  164 	 0.143430 	 1.345420 	 10.674058
  165 	 0.037839 	 1.604989 	 16.011777
  166 	 0.037920 	 1.142201 	 6.475414
  167 	 0.037981 	 1.694441 	 20.475311
  168 	 0.127546 	 1.612622 	 22.261847
  169 	 0.048823 	 1.794096 	 22.231504
  170 	 0.044906 	 1.194606 	 7.217816
  171 	 0.044967 	 1.601517 	 17.913879
  172 	 0.037213 	 1.604988 	 17.887226
  173 	 0.055788 	 1.690986 	 19.242952
  174 	 0.037446 	 1.322588 	 22.617584
  175 	 0.051948 	 1.544684 	 15.926507
  176 	 0.044200 	 1.976422 	 21.814102
  177 	 0.038464 	 1.512651 	 16.736899
  178 	 0.036890 	 1.282470 	 20.833447
  179 	 0.036805 	 1.826313 	 21.995545
  180 	 0.036790 	 2.202567 	 22.784081
  181 	 0.045456 	 1.699682 	 22.828312
  182 	 0.037394 	 1.419192 	 22.836437
  183 	 0.043784 	 1.731378 	 17.712930
  184 	 0.037356 	 2.355259 	 20.663559
  185 	 0.038337 	 1.565364 	 21.015385
  186 	 0.048385 	 1.593837 	 22.544638
  187 	 0.047520 	 1.989958 	 20.268682
  188 	 0.044349 	 2.207864 	 16.839124
  189 	 0.037884 	 1.472156 	 18.342047
  190 	 0.059369 	 1.517133 	 18.067172
  191 	 0.054499 	 2.154809 	 20.456642
  192 	 0.055325 	 2.104166 	 15.830468
  193 	 0.048875 	 1.402831 	 15.267460
  194 	 0.037573 	 1.449696 	 16.467642
  195 	 0.065452 	 2.034978 	 18.351341
  196 	 0.060711 	 2.205217 	 23.270317
  197 	 0.037845 	 1.489332 	 13.651567
  198 	 0.042959 	 1.489988 	 15.501192
  199 	 0.073223 	 2.181159 	 23.124188
  200 	 0.064465 	 2.059228 	 20.678747
  201 	 0.043235 	 1.449510 	 11.873278
  202 	 0.048346 	 1.405820 	 13.165830
  203 	 0.084184 	 1.973597 	 22.555702
  204 	 0.075911 	 1.855565 	 11.897264
  205 	 0.044324 	 1.434572 	 11.684364
  206 	 0.037077 	 1.352394 	 12.934775
  207 	 0.085545 	 1.923922 	 20.110971
  208 	 0.077266 	 2.133641 	 23.541979
  209 	 0.049711 	 1.427412 	 10.747490
  210 	 0.042468 	 1.337255 	 12.140903
  211 	 0.093001 	 1.797673 	 18.145269
  212 	 0.082330 	 2.085549 	 21.022711
  213 	 0.055094 	 1.537838 	 8.620624
  214 	 0.047564 	 1.324711 	 11.943208
  215 	 0.115982 	 1.757367 	 16.530451
  216 	 0.036975 	 2.021294 	 20.422979
  217 	 0.036692 	 1.508219 	 8.519189
  218 	 0.048961 	 1.488280 	 16.673692
  219 	 0.117363 	 2.121959 	 23.927962
  220 	 0.059955 	 1.957345 	 18.497579
  221 	 0.035465 	 1.470117 	 8.441469
  222 	 0.054057 	 1.490096 	 16.298505
  223 	 0.118387 	 2.533456 	 27.125894
  224 	 0.061350 	 1.938195 	 16.818859
  225 	 0.036863 	 1.471564 	 8.348146
  226 	 0.038119 	 1.381532 	 15.936238
  227 	 0.119767 	 2.477137 	 26.134732
  228 	 0.037660 	 2.196189 	 25.497899
  229 	 0.038262 	 1.476306 	 8.273556
  230 	 0.036619 	 1.641463 	 25.799610
  231 	 0.120793 	 2.389953 	 25.213264
  232 	 0.036794 	 2.233007 	 26.302510
  233 	 0.039659 	 1.453451 	 8.183804
  234 	 0.038018 	 1.896015 	 26.181825
  235 	 0.107993 	 2.333958 	 24.354912
  236 	 0.038192 	 2.215252 	 25.563929
  237 	 0.041058 	 1.576578 	 9.141328
  238 	 0.039115 	 1.804749 	 24.238926
  239 	 0.109351 	 2.313035 	 23.720490
  240 	 0.041254 	 2.223062 	 24.681917
  241 	 0.042149 	 1.556333 	 8.775668
  242 	 0.040514 	 1.784652 	 23.610463
  243 	 0.113937 	 2.347783 	 23.121658
  244 	 0.042352 	 2.171574 	 24.030543
  245 	 0.037427 	 1.526208 	 8.515190
  246 	 0.041608 	 1.526631 	 23.014105
  247 	 0.031139 	 2.563523 	 25.955694
  248 	 0.043449 	 2.219710 	 23.414998
  249 	 0.038510 	 1.814025 	 31.018437
  250 	 0.037313 	 1.490383 	 22.447197
  251 	 0.032238 	 2.533139 	 25.246054
  252 	 0.044547 	 2.381746 	 26.032651
  253 	 0.039608 	 1.763983 	 29.996008
  254 	 0.038412 	 1.463613 	 21.907326
  255 	 0.033337 	 2.501028 	 24.564927
  256 	 0.038188 	 2.194563 	 24.806691
  257 	 0.040707 	 1.760995 	 29.038898
  258 	 0.040310 	 2.008137 	 25.453007
  259 	 0.034435 	 2.604857 	 23.919642
  260 	 0.039273 	 2.035697 	 19.916363
  261 	 0.041803 	 1.726859 	 28.141043
  262 	 0.050207 	 2.056193 	 24.769130
  263 	 0.035533 	 2.618854 	 20.261636
  264 	 0.037939 	 1.924929 	 16.861347
  265 	 0.039066 	 1.666726 	 27.297860
  266 	 0.059303 	 2.208232 	 25.615363
  267 	 0.036631 	 2.709525 	 19.820938
  268 	 0.039008 	 1.979036 	 16.555361
  269 	 0.050449 	 1.644051 	 26.503087
  270 	 0.036874 	 2.050231 	 24.932570
  271 	 0.037730 	 2.644062 	 18.148038
  272 	 0.040094 	 2.575387 	 26.333516
  273 	 0.055099 	 1.647027 	 25.753343
  274 	 0.037969 	 2.045900 	 24.275635
  275 	 0.038828 	 2.548287 	 16.393688
  276 	 0.041192 	 2.564808 	 25.345015
  277 	 0.060995 	 1.617960 	 23.624863
  278 	 0.031251 	 2.004796 	 23.645289
  279 	 0.042321 	 2.452740 	 16.104352
  280 	 0.042290 	 3.104462 	 30.910764
  281 	 0.061958 	 1.678642 	 23.030540
  282 	 0.032350 	 1.984903 	 23.046903
  283 	 0.043419 	 2.410127 	 15.858381
  284 	 0.043388 	 3.010468 	 29.895312
  285 	 0.063054 	 1.638590 	 22.462544
  286 	 0.033449 	 1.843284 	 22.478109
  287 	 0.044516 	 2.219217 	 15.411420
  288 	 0.044486 	 2.819509 	 28.944522
  289 	 0.039338 	 1.453936 	 18.651003
  290 	 0.034548 	 1.832628 	 21.936765
  291 	 0.053613 	 2.494039 	 24.729027
  292 	 0.045583 	 2.460387 	 23.072051
  293 	 0.040437 	 1.406933 	 18.277099
  294 	 0.043340 	 1.670934 	 18.287108
  295 	 0.054686 	 2.372120 	 20.187113
  296 	 0.054656 	 2.341740 	 21.304765
  297 	 0.049514 	 1.345910 	 11.822274
  298 	 0.036928 	 1.673001 	 17.935239
  299 	 0.084578 	 2.190996 	 12.592194
  300 	 0.036280 	 2.532932 	 21.725895
  301 	 0.079407 	 1.414830 	 11.671574
  302 	 0.046026 	 1.935501 	 26.752545
  303 	 0.085670 	 2.337818 	 12.421224
  304 	 0.037367 	 2.502629 	 21.219837
  305 	 0.080500 	 1.480717 	 11.524695
  306 	 0.047106 	 1.907459 	 25.996355
  307 	 0.086714 	 2.316884 	 12.254864
  308 	 0.038465 	 2.468600 	 20.744505
  309 	 0.081593 	 1.457052 	 11.387734
  310 	 0.048203 	 1.894369 	 25.274656
  311 	 0.037587 	 2.310871 	 12.092929
  312 	 0.035687 	 2.362818 	 20.282741
  313 	 0.082658 	 2.094463 	 25.848635
  314 	 0.049300 	 2.182670 	 27.183168
  315 	 0.038685 	 2.279641 	 11.939142
  316 	 0.036691 	 2.330252 	 19.841132
  317 	 0.083750 	 2.129435 	 25.095149
  318 	 0.050398 	 2.445162 	 26.461257
  319 	 0.039847 	 2.266382 	 11.785446
  320 	 0.037790 	 2.303501 	 19.418389
  321 	 0.084842 	 2.094773 	 24.422044
  322 	 0.051495 	 2.352558 	 25.651255
  323 	 0.040945 	 2.229980 	 10.644804
  324 	 0.038971 	 2.233873 	 18.320886
  325 	 0.093926 	 1.970225 	 19.982090
  326 	 0.054555 	 2.233064 	 20.802707
  327 	 0.050020 	 2.127100 	 10.523458
  328 	 0.048050 	 2.102972 	 15.709571
  329 	 0.039090 	 1.858154 	 18.163850
  330 	 0.037020 	 2.172748 	 20.346017
  331 	 0.055027 	 1.934022 	 8.233145
  332 	 0.029435 	 2.280355 	 21.682711
  333 	 0.121326 	 1.889286 	 17.816781
  334 	 0.046117 	 2.532336 	 32.748829
  335 	 0.056123 	 1.908756 	 7.541362
  336 	 0.030534 	 2.278282 	 21.178644
  337 	 0.132583 	 1.797351 	 17.505957
  338 	 0.047197 	 2.419876 	 31.611118
  339 	 0.037504 	 1.885322 	 7.480398
  340 	 0.031633 	 2.170257 	 17.762891
  341 	 0.133663 	 1.827497 	 21.457287
  342 	 0.056268 	 2.250368 	 25.619122
  343 	 0.046602 	 1.911510 	 7.159514
  344 	 0.039032 	 2.033311 	 15.297921
  345 	 0.139497 	 1.761365 	 18.517891
  346 	 0.035867 	 2.103867 	 20.776323
  347 	 0.032540 	 1.867071 	 7.112527
  348 	 0.037315 	 2.419581 	 23.112424
  349 	 0.140575 	 1.948683 	 24.015549
  350 	 0.043253 	 2.337789 	 21.544731
  351 	 0.041638 	 1.825786 	 6.681129
  352 	 0.046395 	 2.375353 	 22.546417
  353 	 0.149472 	 1.924352 	 20.392437
  354 	 0.044351 	 2.251737 	 18.588926
  355 	 0.049035 	 1.794855 	 6.306293
  356 	 0.053792 	 2.375535 	 22.001811
  357 	 0.141483 	 1.872338 	 19.946080
  358 	 0.045449 	 2.239793 	 18.217489
  359 	 0.037831 	 1.756128 	 7.013436
  360 	 0.054889 	 2.302529 	 18.332284
  361 	 0.142399 	 2.169729 	 21.307849
  362 	 0.054545 	 2.274146 	 17.126505
  363 	 0.037182 	 1.710953 	 6.854069
  364 	 0.058385 	 2.280582 	 17.970962
  365 	 0.135907 	 2.236465 	 26.121695
  366 	 0.037239 	 2.241829 	 16.810875
  367 	 0.038281 	 1.800242 	 7.298876
  368 	 0.059481 	 2.532961 	 26.082772
  369 	 0.036741 	 2.203214 	 25.393108
  370 	 0.038334 	 2.291510 	 16.506708
  371 	 0.039379 	 2.067383 	 26.426228
  372 	 0.060577 	 2.512858 	 25.358596
  373 	 0.037840 	 2.178872 	 24.704119
  374 	 0.037404 	 2.248159 	 16.213390
  375 	 0.040477 	 2.035570 	 25.680772
  376 	 0.036439 	 2.806189 	 25.971077
  377 	 0.038938 	 2.228531 	 24.051586
  378 	 0.035320 	 2.451191 	 26.638758
  379 	 0.041575 	 2.041676 	 24.976276
  380 	 0.037538 	 3.121702 	 27.457305
  381 	 0.040036 	 2.112045 	 23.432693
  382 	 0.036419 	 2.417981 	 25.420879
  383 	 0.042673 	 2.011799 	 24.309458
  384 	 0.039336 	 3.009786 	 26.653345
  385 	 0.040951 	 1.904905 	 22.485339
  386 	 0.037517 	 2.418979 	 24.730400
  387 	 0.044470 	 2.015791 	 23.780569
  388 	 0.040433 	 2.985961 	 25.895186
  389 	 0.042042 	 1.899894 	 21.944317
  390 	 0.036721 	 2.386855 	 24.077158
  391 	 0.045508 	 1.977784 	 23.179191
  392 	 0.034859 	 3.227874 	 26.440470
  393 	 0.043140 	 1.907529 	 21.455590
  394 	 0.037819 	 2.521344 	 27.809255
  395 	 0.046606 	 1.966261 	 22.603918
  396 	 0.035958 	 3.074240 	 24.501466
  397 	 0.044238 	 1.900198 	 17.951531
  398 	 0.027872 	 2.388527 	 26.984835
  399 	 0.037380 	 1.948068 	 22.056559
 