   0 	 0.014110 	 0.088231 	 2.673083
    1 	 0.014926 	 0.742377 	 4.156278
    2 	 0.031053 	 1.835607 	 4.033230
    3 	 0.095079 	 1.827494 	 5.777208
    4 	 0.039945 	 0.793778 	 3.399945
    5 	 0.041530 	 0.646008 	 2.486499
    6 	 0.041681 	 1.227793 	 4.742829
    7 	 0.076802 	 1.223765 	 6.470134
    8 	 0.042771 	 0.818516 	 2.454347
    9 	 0.043159 	 0.832404 	 4.655444
   10 	 0.037801 	 1.012565 	 3.345923
   11 	 0.040652 	 0.999896 	 3.328239
   12 	 0.042314 	 0.941939 	 2.827152
   13 	 0.040945 	 0.984462 	 4.724900
   14 	 0.109104 	 1.068707 	 4.784007
   15 	 0.041591 	 0.937621 	 4.540396
   16 	 0.041463 	 0.938829 	 3.467354
   17 	 0.040537 	 1.093930 	 4.494205
   18 	 0.259615 	 1.078798 	 3.639504
   19 	 0.030618 	 1.041345 	 4.851149
   20 	 0.036958 	 0.798193 	 2.585214
   21 	 0.040733 	 1.035933 	 6.336395
   22 	 0.040646 	 1.230781 	 6.091684
   23 	 0.039220 	 1.071719 	 6.156366
   24 	 0.039640 	 0.994049 	 6.299369
   25 	 0.037863 	 1.197204 	 6.072131
   26 	 0.040995 	 1.185339 	 5.413613
   27 	 0.119824 	 1.178975 	 9.036132
   28 	 0.176875 	 1.129283 	 6.022799
   29 	 0.109082 	 1.209494 	 4.020181
   30 	 0.158801 	 1.109381 	 3.451438
   31 	 0.240551 	 1.036434 	 5.596545
   32 	 0.283773 	 1.026571 	 3.369263
   33 	 0.176946 	 1.119153 	 3.182166
   34 	 0.264136 	 1.068965 	 2.525311
   35 	 0.305005 	 0.988911 	 3.128899
   36 	 0.370516 	 1.012191 	 2.960013
   37 	 0.038721 	 1.067139 	 2.665917
   38 	 0.040202 	 1.013316 	 2.243181
   39 	 0.360965 	 1.047211 	 5.228354
   40 	 0.120356 	 1.060288 	 8.779475
   41 	 0.034597 	 1.040364 	 2.352582
   42 	 0.112954 	 1.096021 	 5.153159
   43 	 0.362055 	 1.044917 	 6.027830
   44 	 0.175523 	 0.983408 	 4.412016
   45 	 0.161313 	 1.007998 	 2.336150
   46 	 0.036883 	 1.040384 	 4.031885
   47 	 0.301741 	 1.039631 	 4.330638
   48 	 0.120546 	 1.145363 	 8.777578
   49 	 0.225005 	 1.008259 	 2.764409
   50 	 0.112470 	 1.026853 	 4.335645
   51 	 0.308374 	 0.995230 	 2.927355
   52 	 0.224934 	 1.105510 	 5.477359
   53 	 0.329223 	 1.023679 	 2.684753
   54 	 0.038356 	 0.972198 	 3.003596
   55 	 0.363537 	 0.978022 	 2.481864
   56 	 0.041644 	 1.135352 	 8.924086
   57 	 0.118414 	 1.011999 	 2.162872
   58 	 0.038932 	 1.113384 	 9.456825
   59 	 0.039314 	 0.979579 	 4.004583
   60 	 0.104296 	 1.151163 	 8.878475
   61 	 0.040139 	 1.069416 	 9.669828
   62 	 0.111705 	 1.028039 	 4.646931
   63 	 0.102632 	 1.167098 	 9.112501
   64 	 0.210339 	 1.127205 	 5.393608
   65 	 0.108618 	 1.026564 	 6.380309
   66 	 0.182946 	 0.999792 	 2.984526
   67 	 0.154586 	 1.090526 	 5.484932
   68 	 0.323360 	 1.057012 	 3.914729
   69 	 0.179384 	 0.999769 	 4.995367
   70 	 0.118566 	 1.005832 	 2.710320
   71 	 0.196933 	 1.052121 	 4.016324
   72 	 0.360189 	 1.053847 	 4.134526
   73 	 0.038185 	 0.955921 	 3.744855
   74 	 0.040153 	 0.976714 	 2.324019
   75 	 0.259548 	 1.146028 	 5.900209
   76 	 0.039929 	 1.115356 	 10.024814
   77 	 0.166071 	 0.952942 	 3.180178
   78 	 0.099060 	 1.078302 	 9.649809
   79 	 0.122744 	 1.098051 	 4.252973
   80 	 0.038319 	 1.049145 	 4.443335
   81 	 0.231832 	 0.992235 	 5.036677
   82 	 0.221281 	 1.086715 	 8.927040
   83 	 0.195837 	 1.069791 	 3.317502
   84 	 0.110445 	 1.041494 	 3.509003
   85 	 0.295753 	 0.982055 	 3.819166
   86 	 0.279869 	 1.031895 	 5.667477
   87 	 0.258180 	 1.030206 	 2.719031
   88 	 0.120446 	 1.009165 	 2.910625
   89 	 0.352581 	 0.977051 	 3.106748
   90 	 0.036707 	 1.012554 	 4.120234
   91 	 0.315821 	 1.012676 	 2.126842
   92 	 0.239588 	 1.118847 	 10.383484
   93 	 0.357278 	 0.976827 	 2.634898
   94 	 0.038090 	 0.952905 	 3.272382
   95 	 0.291741 	 1.010958 	 2.105802
   96 	 0.294154 	 1.346453 	 10.062188
   97 	 0.036806 	 0.954887 	 2.846239
   98 	 0.098618 	 0.945727 	 2.749113
   99 	 0.305518 	 1.234112 	 10.503514
  100 	 0.354169 	 1.200444 	 5.649644
  101 	 0.094718 	 0.970434 	 2.601332
  102 	 0.175191 	 0.932423 	 2.379997
  103 	 0.365266 	 1.066622 	 6.829752
  104 	 0.037613 	 1.138555 	 4.273664
  105 	 0.039915 	 0.982255 	 2.296919
  106 	 0.038740 	 1.042221 	 10.244524
  107 	 0.372744 	 1.120166 	 9.131142
  108 	 0.039151 	 1.185230 	 11.268935
  109 	 0.038026 	 0.982335 	 2.336755
  110 	 0.088275 	 1.191961 	 8.976941
  111 	 0.039801 	 1.164055 	 11.308960
  112 	 0.110598 	 1.119783 	 6.762473
  113 	 0.037201 	 1.034147 	 10.019922
  114 	 0.146471 	 1.071462 	 5.549450
  115 	 0.038145 	 1.348387 	 10.287946
  116 	 0.178271 	 1.070879 	 4.843289
  117 	 0.096638 	 1.081655 	 9.975576
  118 	 0.122158 	 1.033226 	 4.093823
  119 	 0.099741 	 1.197926 	 6.411974
  120 	 0.127535 	 1.039163 	 5.600429
  121 	 0.038852 	 1.067309 	 6.260141
  122 	 0.176777 	 1.109254 	 5.332330
  123 	 0.157984 	 1.229979 	 11.254722
  124 	 0.185449 	 1.009944 	 3.606494
  125 	 0.038159 	 1.013105 	 4.587488
  126 	 0.272740 	 1.073073 	 4.074175
  127 	 0.215073 	 1.247844 	 9.974157
  128 	 0.242473 	 0.996938 	 2.986500
  129 	 0.099660 	 0.973331 	 3.607858
  130 	 0.322155 	 1.040143 	 3.306084
  131 	 0.269661 	 1.194639 	 5.908089
  132 	 0.292083 	 0.990648 	 2.616743
  133 	 0.038125 	 0.935673 	 2.939784
  134 	 0.373588 	 1.017632 	 2.840240
  135 	 0.332294 	 1.231826 	 9.205987
  136 	 0.344550 	 0.988256 	 2.076462
  137 	 0.107922 	 0.939525 	 2.549110
  138 	 0.468064 	 0.994741 	 2.471886
  139 	 0.039662 	 1.143930 	 5.633122
  140 	 0.038117 	 0.958677 	 1.893712
  141 	 0.175762 	 1.054948 	 9.826855
  142 	 0.509343 	 1.159917 	 10.191921
  143 	 0.101144 	 1.087446 	 4.204125
  144 	 0.038381 	 0.948435 	 1.756409
  145 	 0.234515 	 1.050858 	 6.205619
  146 	 0.549901 	 1.198975 	 10.164619
  147 	 0.038437 	 1.077395 	 3.417464
  148 	 0.040921 	 0.936925 	 1.639611
  149 	 0.287566 	 1.120032 	 10.158810
  150 	 0.589029 	 1.229386 	 9.908754
  151 	 0.037644 	 1.037167 	 2.877153
  152 	 0.049420 	 0.913877 	 1.637657
  153 	 0.312470 	 1.151755 	 10.241343
  154 	 0.589047 	 1.253030 	 8.967037
  155 	 0.071998 	 1.049998 	 2.655548
  156 	 0.110778 	 0.917101 	 1.535751
  157 	 0.368250 	 1.126456 	 7.575861
  158 	 0.311524 	 1.208660 	 5.784418
  159 	 0.038689 	 1.014111 	 2.335086
  160 	 0.039703 	 0.927932 	 2.676490
  161 	 0.123181 	 1.160995 	 9.921698
  162 	 0.365151 	 1.252841 	 10.029815
  163 	 0.100220 	 1.031295 	 4.216184
  164 	 0.099110 	 0.916878 	 2.340543
  165 	 0.038099 	 1.047353 	 6.160692
  166 	 0.340189 	 1.147665 	 3.517732
  167 	 0.160754 	 1.119799 	 10.193789
  168 	 0.118115 	 0.920972 	 2.498822
  169 	 0.097525 	 1.014490 	 4.529935
  170 	 0.260625 	 1.176399 	 5.614353
  171 	 0.040370 	 1.147410 	 6.665561
  172 	 0.176465 	 0.939374 	 3.118914
  173 	 0.039540 	 1.048290 	 7.342356
  174 	 0.116414 	 1.121409 	 4.191735
  175 	 0.039594 	 1.163576 	 8.925380
  176 	 0.235198 	 0.981025 	 5.668502
  177 	 0.039668 	 1.106007 	 10.040750
  178 	 0.038137 	 1.083547 	 2.817710
  179 	 0.099003 	 1.194162 	 10.033282
  180 	 0.347499 	 1.070142 	 10.189838
  181 	 0.039244 	 1.087441 	 5.941136
  182 	 0.097543 	 1.065205 	 2.475870
  183 	 0.166635 	 1.209891 	 10.076176
  184 	 0.393040 	 1.018236 	 6.347497
  185 	 0.098692 	 1.038149 	 4.483601
  186 	 0.156067 	 1.049947 	 2.207311
  187 	 0.116892 	 1.139180 	 6.301536
  188 	 0.125683 	 0.983901 	 4.628192
  189 	 0.123073 	 1.050728 	 5.653178
  190 	 0.125352 	 1.075560 	 5.385512
  191 	 0.174777 	 1.141734 	 5.462297
  192 	 0.038061 	 0.972257 	 5.395151
  193 	 0.181084 	 1.021221 	 4.259364
  194 	 0.183313 	 1.221984 	 10.197699
  195 	 0.038132 	 1.057938 	 4.147933
  196 	 0.097488 	 0.963000 	 4.109934
  197 	 0.038538 	 1.104626 	 10.190327
  198 	 0.129158 	 1.184202 	 6.761890
  199 	 0.097558 	 1.178549 	 10.148344
  200 	 0.146587 	 1.000629 	 5.228544
  201 	 0.039115 	 1.041692 	 6.346879
  202 	 0.038282 	 1.109490 	 5.076481
  203 	 0.155849 	 1.196576 	 10.089281
  204 	 0.194686 	 1.069378 	 10.174824
  205 	 0.087179 	 1.024324 	 4.848517
  206 	 0.097706 	 1.077814 	 3.982704
  207 	 0.203728 	 1.180853 	 6.698858
  208 	 0.243884 	 1.022671 	 6.340932
  209 	 0.038147 	 1.009435 	 3.791794
  210 	 0.038468 	 1.033022 	 3.290726
  211 	 0.124795 	 1.205344 	 10.188852
  212 	 0.298443 	 1.152514 	 10.155562
  213 	 0.039795 	 1.038341 	 5.411408
  214 	 0.038018 	 1.007255 	 2.789847
  215 	 0.039755 	 1.216380 	 10.020522
  216 	 0.274630 	 1.207652 	 10.202172
  217 	 0.099201 	 1.088593 	 10.024607
  218 	 0.037822 	 0.977060 	 2.988373
  219 	 0.099161 	 1.213706 	 6.281364
  220 	 0.129282 	 1.154626 	 10.222708
  221 	 0.038794 	 1.017927 	 6.282950
  222 	 0.097251 	 1.063693 	 5.283133
  223 	 0.157655 	 1.283537 	 10.122058
  224 	 0.037343 	 1.102267 	 6.359279
  225 	 0.098212 	 0.988644 	 4.594422
  226 	 0.155781 	 1.232518 	 10.273014
  227 	 0.212223 	 1.236269 	 6.320639
  228 	 0.096777 	 1.064596 	 4.634336
  229 	 0.107671 	 0.967511 	 3.673459
  230 	 0.123624 	 1.188593 	 6.378484
  231 	 0.134432 	 1.227905 	 5.964076
  232 	 0.038036 	 1.064542 	 5.445912
  233 	 0.123725 	 0.985207 	 5.410333
  234 	 0.038143 	 1.273605 	 9.790832
  235 	 0.035282 	 1.251177 	 5.743004
  236 	 0.038217 	 1.160622 	 10.159008
  237 	 0.172325 	 1.155821 	 10.495170
  238 	 0.097857 	 1.278498 	 9.968403
  239 	 0.094721 	 1.194643 	 4.304326
  240 	 0.099717 	 1.093318 	 6.334857
  241 	 0.229130 	 1.040279 	 4.253582
  242 	 0.123055 	 1.204918 	 6.179831
  243 	 0.231713 	 1.134037 	 3.458648
  244 	 0.107556 	 1.093339 	 5.462841
  245 	 0.284491 	 1.042613 	 3.428027
  246 	 0.181382 	 1.218253 	 5.968173
  247 	 0.286695 	 1.097977 	 2.902833
  248 	 0.115485 	 1.042985 	 4.142821
  249 	 0.038424 	 1.008292 	 2.966523
  250 	 0.237935 	 1.155885 	 4.426980
  251 	 0.038282 	 1.235490 	 16.660093
  252 	 0.111960 	 1.013851 	 3.573948
  253 	 0.059946 	 1.122336 	 11.276296
  254 	 0.130221 	 1.192400 	 6.159137
  255 	 0.035498 	 1.121852 	 9.062415
  256 	 0.161043 	 1.045840 	 5.257054
  257 	 0.109686 	 1.206783 	 11.641771
  258 	 0.189442 	 1.132155 	 4.729418
  259 	 0.085527 	 1.143051 	 7.136500
  260 	 0.208702 	 1.056947 	 4.964203
  261 	 0.138956 	 1.119689 	 6.446324
  262 	 0.116940 	 1.106004 	 4.342123
  263 	 0.154609 	 1.114046 	 5.281048
  264 	 0.124859 	 1.066022 	 5.975853
  265 	 0.188048 	 1.070031 	 4.877834
  266 	 0.033497 	 1.148895 	 5.705859
  267 	 0.202518 	 1.124722 	 4.794209
  268 	 0.173146 	 1.301400 	 21.979611
  269 	 0.206007 	 1.043360 	 3.953853
  270 	 0.038495 	 1.119153 	 4.473346
  271 	 0.122283 	 1.102607 	 4.047199
  272 	 0.124089 	 1.446716 	 19.803783
  273 	 0.246354 	 1.166152 	 7.109816
  274 	 0.036861 	 1.155299 	 7.236483
  275 	 0.038125 	 1.060198 	 3.870658
  276 	 0.137960 	 1.513918 	 17.586775
  277 	 0.257556 	 1.285969 	 13.788294
  278 	 0.038173 	 1.130417 	 6.267240
  279 	 0.038370 	 1.028022 	 3.709811
  280 	 0.159255 	 1.475079 	 13.779231
  281 	 0.268686 	 1.465983 	 13.707662
  282 	 0.037349 	 1.083259 	 5.529295
  283 	 0.072846 	 1.003945 	 3.299390
  284 	 0.179221 	 1.408993 	 10.055446
  285 	 0.301988 	 1.289337 	 6.761407
  286 	 0.038256 	 1.014180 	 4.143855
  287 	 0.121831 	 0.974411 	 2.972758
  288 	 0.116342 	 1.321784 	 10.177551
  289 	 0.038347 	 1.220476 	 7.472134
  290 	 0.097959 	 1.098787 	 5.532723
  291 	 0.040078 	 1.415388 	 15.797078
  292 	 0.179626 	 1.238781 	 9.094299
  293 	 0.063063 	 1.376557 	 15.679395
  294 	 0.109525 	 1.046124 	 4.136917
  295 	 0.063535 	 1.322758 	 11.811496
  296 	 0.241027 	 1.190317 	 6.252918
  297 	 0.084534 	 1.286392 	 11.463308
  298 	 0.158594 	 1.041967 	 3.807686
  299 	 0.036863 	 1.220011 	 6.918771
  300 	 0.123986 	 1.127548 	 5.549583
  301 	 0.039530 	 1.366083 	 16.511740
  302 	 0.129043 	 1.088188 	 6.760508
  303 	 0.060336 	 1.226370 	 10.047206
  304 	 0.146572 	 1.220599 	 6.357088
  305 	 0.099033 	 1.365133 	 13.434346
  306 	 0.157008 	 1.069570 	 6.306304
  307 	 0.074317 	 1.214536 	 9.006303
  308 	 0.134178 	 1.162366 	 5.916868
  309 	 0.110299 	 1.286014 	 11.585262
  310 	 0.168666 	 1.062515 	 5.417770
  311 	 0.038272 	 1.180041 	 6.329174
  312 	 0.184099 	 1.168594 	 5.471469
  313 	 0.157461 	 1.441019 	 19.094267
  314 	 0.182297 	 1.054660 	 5.099475
  315 	 0.036667 	 1.138850 	 5.584686
  316 	 0.132346 	 1.143349 	 5.146773
  317 	 0.037281 	 1.494741 	 17.162357
  318 	 0.193484 	 1.131489 	 6.927816
  319 	 0.058194 	 1.377772 	 15.902853
  320 	 0.143854 	 1.115505 	 4.348120
  321 	 0.062834 	 1.295166 	 11.655733
  322 	 0.225870 	 1.109307 	 6.043995
  323 	 0.085706 	 1.270753 	 11.556099
  324 	 0.165126 	 1.096915 	 4.006887
  325 	 0.086445 	 1.270991 	 10.234741
  326 	 0.248695 	 1.104737 	 5.355452
  327 	 0.095925 	 1.234366 	 10.157997
  328 	 0.142426 	 1.041275 	 3.436552
  329 	 0.036476 	 1.240413 	 8.359476
  330 	 0.038219 	 1.149897 	 6.096600
  331 	 0.039717 	 1.361355 	 17.218929
  332 	 0.037237 	 1.286440 	 19.113503
  333 	 0.058035 	 1.268004 	 7.091029
  334 	 0.052260 	 1.341816 	 20.309792
  335 	 0.035011 	 1.292628 	 14.278544
  336 	 0.049180 	 1.308309 	 15.561792
  337 	 0.046825 	 1.621847 	 19.933334
  338 	 0.064171 	 1.371096 	 16.345232
  339 	 0.050113 	 1.280225 	 16.999600
  340 	 0.061135 	 1.220982 	 13.128380
  341 	 0.058783 	 1.518270 	 16.099716
  342 	 0.076101 	 1.399825 	 13.673341
  343 	 0.062067 	 1.147212 	 7.200013
  344 	 0.073071 	 1.233355 	 10.235283
  345 	 0.128190 	 1.490136 	 13.501360
  346 	 0.097587 	 1.380895 	 11.754906
  347 	 0.073948 	 1.201012 	 7.133187
  348 	 0.038410 	 1.171720 	 8.390191
  349 	 0.135258 	 1.381966 	 10.465915
  350 	 0.118881 	 1.574537 	 16.664032
  351 	 0.038533 	 1.167934 	 6.580925
  352 	 0.059932 	 1.148284 	 7.640544
  353 	 0.151678 	 1.544062 	 19.789218
  354 	 0.118734 	 1.458869 	 12.265159
  355 	 0.050502 	 1.139830 	 6.109567
  356 	 0.081388 	 1.275815 	 7.649121
  357 	 0.163357 	 1.468815 	 15.999508
  358 	 0.130529 	 1.399580 	 9.709832
  359 	 0.062455 	 1.120834 	 5.406667
  360 	 0.102861 	 1.266757 	 7.016107
  361 	 0.134003 	 1.490786 	 11.896967
  362 	 0.142286 	 1.360519 	 8.706157
  363 	 0.036471 	 1.178687 	 6.849197
  364 	 0.114703 	 1.214828 	 6.156907
  365 	 0.124969 	 1.586310 	 17.220411
  366 	 0.038231 	 1.315026 	 7.892465
  367 	 0.058030 	 1.229646 	 7.300898
  368 	 0.107272 	 1.382825 	 19.908160
  369 	 0.136745 	 1.519426 	 15.715814
  370 	 0.050176 	 1.423914 	 7.759640
  371 	 0.063582 	 1.193320 	 6.315338
  372 	 0.121329 	 1.306611 	 16.083326
  373 	 0.036752 	 1.419473 	 11.739627
  374 	 0.037038 	 1.371239 	 7.500234
  375 	 0.084680 	 1.331396 	 17.137407
  376 	 0.132946 	 1.423125 	 17.053892
  377 	 0.058275 	 1.316722 	 9.409152
  378 	 0.058563 	 1.338711 	 6.470555
  379 	 0.106036 	 1.279460 	 12.519509
  380 	 0.154260 	 1.355353 	 12.474517
  381 	 0.079738 	 1.271235 	 7.834777
  382 	 0.036668 	 1.303653 	 6.014670
  383 	 0.127285 	 1.277064 	 10.900639
  384 	 0.165665 	 1.615233 	 23.658665
  385 	 0.091637 	 1.251180 	 7.179518
  386 	 0.042246 	 1.252790 	 5.340021
  387 	 0.139053 	 1.238018 	 8.831050
  388 	 0.186511 	 1.572908 	 18.434416
  389 	 0.037087 	 1.232898 	 6.913111
  390 	 0.054211 	 1.220910 	 5.037511
  391 	 0.144402 	 1.432381 	 20.372193
  392 	 0.197663 	 1.411245 	 13.190693
  393 	 0.049058 	 1.213616 	 6.024024
  394 	 0.075742 	 1.223444 	 4.560730
  395 	 0.165848 	 1.381514 	 18.295714
  396 	 0.218707 	 1.368955 	 11.397037
  397 	 0.054641 	 1.198981 	 5.334819
  398 	 0.087650 	 1.217372 	 4.458178
  399 	 0.126151 	 1.336061 	 17.531286
 