   0 	 0.014828 	 0.219719 	 13.774107
    1 	 0.023758 	 6.509913 	 13.774107
    2 	 0.072219 	 7.874015 	 11.437968
    3 	 0.072219 	 2.584904 	 10.377986
    4 	 0.086877 	 0.267210 	 6.905156
    5 	 0.035297 	 3.306460 	 6.905156
    6 	 0.039419 	 4.810802 	 6.270510
    7 	 0.142854 	 1.890026 	 9.268085
    8 	 0.153508 	 0.388300 	 8.332019
    9 	 0.107059 	 2.330357 	 4.641363
   10 	 0.118565 	 3.449532 	 4.422671
   11 	 0.133856 	 1.454857 	 5.328828
   12 	 0.222456 	 0.412434 	 5.231094
   13 	 0.185136 	 1.915306 	 4.843649
   14 	 0.188548 	 2.756969 	 3.361842
   15 	 0.097985 	 1.257854 	 3.879936
   16 	 0.291168 	 0.446755 	 3.829249
   17 	 0.253002 	 1.659662 	 5.862171
   18 	 0.054922 	 2.307581 	 3.194885
   19 	 0.168499 	 1.153244 	 3.687286
   20 	 0.036287 	 0.602196 	 7.378856
   21 	 0.265965 	 1.498107 	 4.147683
   22 	 0.134202 	 2.101024 	 9.183874
   23 	 0.236951 	 1.076300 	 2.953638
   24 	 0.108032 	 0.611539 	 4.655451
   25 	 0.259914 	 1.355856 	 3.149101
   26 	 0.211504 	 1.861209 	 5.536103
   27 	 0.131247 	 1.040538 	 2.936740
   28 	 0.038810 	 0.638167 	 4.113677
   29 	 0.130983 	 1.347420 	 4.905629
   30 	 0.238876 	 1.795639 	 8.975840
   31 	 0.200875 	 1.064213 	 4.911996
   32 	 0.110516 	 0.667688 	 3.889904
   33 	 0.202799 	 1.279390 	 4.548045
   34 	 0.038812 	 1.648749 	 7.626816
   35 	 0.037023 	 1.036510 	 4.306654
   36 	 0.130763 	 0.933128 	 15.381751
   37 	 0.231179 	 1.342254 	 9.056119
   38 	 0.064707 	 1.554610 	 6.713070
   39 	 0.109483 	 1.022800 	 4.009962
   40 	 0.147196 	 0.920316 	 12.061750
   41 	 0.037352 	 1.358018 	 7.783116
   42 	 0.082782 	 1.512574 	 6.046101
   43 	 0.097719 	 1.195029 	 18.001204
   44 	 0.164899 	 0.922269 	 9.902773
   45 	 0.055496 	 1.361897 	 8.069762
   46 	 0.100715 	 1.463751 	 5.232876
   47 	 0.122802 	 1.102486 	 11.669187
   48 	 0.116854 	 0.897812 	 8.409342
   49 	 0.085504 	 1.301483 	 6.711299
   50 	 0.038767 	 1.441213 	 6.800237
   51 	 0.148599 	 1.121106 	 9.642848
   52 	 0.146644 	 1.112036 	 17.554120
   53 	 0.103508 	 1.263548 	 5.720840
   54 	 0.056908 	 1.391568 	 6.066342
   55 	 0.174245 	 1.088304 	 7.219774
   56 	 0.163877 	 1.097745 	 12.032577
   57 	 0.037603 	 1.226631 	 4.929868
   58 	 0.082977 	 1.349877 	 5.261028
   59 	 0.202099 	 1.239313 	 17.920287
   60 	 0.189135 	 1.075761 	 9.883698
   61 	 0.038325 	 1.208485 	 4.539283
   62 	 0.100909 	 1.326808 	 4.823112
   63 	 0.038389 	 1.328911 	 15.497959
   64 	 0.206556 	 1.034158 	 7.867248
   65 	 0.035713 	 1.326856 	 15.482462
   66 	 0.036508 	 1.303918 	 4.296352
   67 	 0.064513 	 1.398770 	 16.151633
   68 	 0.121488 	 1.143406 	 13.984428
   69 	 0.061813 	 1.341087 	 12.089941
   70 	 0.071415 	 1.370595 	 6.771047
   71 	 0.082589 	 1.281568 	 11.361957
   72 	 0.147118 	 1.081285 	 11.158824
   73 	 0.087811 	 1.329004 	 9.192098
   74 	 0.089405 	 1.352584 	 5.769727
   75 	 0.108480 	 1.279851 	 8.771117
   76 	 0.172773 	 0.969850 	 5.152231
   77 	 0.113774 	 1.259380 	 7.425011
   78 	 0.193109 	 1.298012 	 5.025796
   79 	 0.134206 	 1.238199 	 7.144158
   80 	 0.034890 	 0.945877 	 4.559782
   81 	 0.139378 	 1.265812 	 6.234165
   82 	 0.126444 	 1.573213 	 18.002557
   83 	 0.159687 	 1.202098 	 6.039466
   84 	 0.055467 	 1.014924 	 6.913536
   85 	 0.127569 	 1.251557 	 5.255229
   86 	 0.144264 	 1.463092 	 13.574608
   87 	 0.189199 	 1.230324 	 6.860184
   88 	 0.073525 	 1.002612 	 6.155209
   89 	 0.144176 	 1.213986 	 4.557897
   90 	 0.161985 	 1.394076 	 10.403116
   91 	 0.130001 	 1.175115 	 6.158559
   92 	 0.082688 	 0.995126 	 5.549850
   93 	 0.104014 	 1.294538 	 6.747609
   94 	 0.038020 	 1.303916 	 9.497797
   95 	 0.147802 	 1.208251 	 8.182338
   96 	 0.037779 	 1.374507 	 16.496336
   97 	 0.121943 	 1.247776 	 6.024023
   98 	 0.060553 	 1.453919 	 17.863707
   99 	 0.165502 	 1.244085 	 7.135557
  100 	 0.055922 	 1.289412 	 12.697973
  101 	 0.139787 	 1.219348 	 5.443599
  102 	 0.038133 	 1.331395 	 12.735211
  103 	 0.124030 	 1.199775 	 6.329647
  104 	 0.039247 	 1.455761 	 17.751571
  105 	 0.120060 	 1.265280 	 7.030863
  106 	 0.056275 	 1.474650 	 17.407218
  107 	 0.141863 	 1.236241 	 7.232727
  108 	 0.036416 	 1.374038 	 15.043173
  109 	 0.137913 	 1.256357 	 6.247546
  110 	 0.066395 	 1.630403 	 21.451749
  111 	 0.159598 	 1.188592 	 6.751584
  112 	 0.046577 	 1.322583 	 11.821027
  113 	 0.147890 	 1.242473 	 5.624363
  114 	 0.036945 	 1.508740 	 17.612853
  115 	 0.037027 	 1.147795 	 6.325513
  116 	 0.037609 	 1.955102 	 21.189578
  117 	 0.157835 	 1.465452 	 18.107172
  118 	 0.035997 	 1.650333 	 20.916585
  119 	 0.037812 	 1.144784 	 5.951126
  120 	 0.037748 	 1.921855 	 18.451368
  121 	 0.167523 	 1.606687 	 20.828284
  122 	 0.054143 	 1.733529 	 20.855829
  123 	 0.047970 	 1.144284 	 5.384359
  124 	 0.047906 	 1.762291 	 13.823012
  125 	 0.038716 	 1.471010 	 15.112650
  126 	 0.072248 	 1.572336 	 15.127121
  127 	 0.066125 	 1.295899 	 17.569663
  128 	 0.066027 	 1.700517 	 11.056074
  129 	 0.056857 	 1.329408 	 11.858863
  130 	 0.090299 	 1.500958 	 11.872677
  131 	 0.084196 	 1.308664 	 13.323136
  132 	 0.084098 	 1.591778 	 9.216642
  133 	 0.074955 	 1.346595 	 9.766015
  134 	 0.108286 	 1.363883 	 8.907259
  135 	 0.102205 	 1.253821 	 10.734794
  136 	 0.094434 	 1.491743 	 7.906040
  137 	 0.092997 	 1.291322 	 8.305272
  138 	 0.036169 	 1.304583 	 8.878350
  139 	 0.037060 	 1.264728 	 8.993019
  140 	 0.112403 	 1.750067 	 18.392813
  141 	 0.110973 	 1.614503 	 18.096189
  142 	 0.054315 	 1.280682 	 7.656784
  143 	 0.055205 	 1.240141 	 6.330203
  144 	 0.130293 	 1.557175 	 13.790188
  145 	 0.035728 	 1.486748 	 13.623097
  146 	 0.072420 	 1.270015 	 6.734304
  147 	 0.037669 	 1.379668 	 18.543151
  148 	 0.148093 	 1.533379 	 11.035120
  149 	 0.053875 	 1.595821 	 17.898932
  150 	 0.090471 	 1.241178 	 6.013474
  151 	 0.055785 	 1.348698 	 12.364699
  152 	 0.036461 	 1.425547 	 8.512771
  153 	 0.080757 	 1.469566 	 13.516231
  154 	 0.117220 	 1.564980 	 18.294461
  155 	 0.035848 	 1.328821 	 10.105445
  156 	 0.054607 	 1.295957 	 7.384435
  157 	 0.098779 	 1.580279 	 18.502049
  158 	 0.113207 	 1.552681 	 12.253799
  159 	 0.053995 	 1.340021 	 8.548568
  160 	 0.038457 	 1.290889 	 7.609950
  161 	 0.116730 	 1.309860 	 8.413414
  162 	 0.130942 	 1.631132 	 15.277126
  163 	 0.118601 	 1.314805 	 7.411242
  164 	 0.065379 	 1.264110 	 6.705004
  165 	 0.038285 	 1.275308 	 7.309874
  166 	 0.148527 	 1.581828 	 11.964662
  167 	 0.038013 	 1.373751 	 15.317493
  168 	 0.083453 	 1.252243 	 5.997845
  169 	 0.065170 	 1.433016 	 17.789338
  170 	 0.038804 	 1.475644 	 9.837433
  171 	 0.056156 	 1.307931 	 11.994726
  172 	 0.101465 	 1.385563 	 15.196660
  173 	 0.083183 	 1.369478 	 13.448812
  174 	 0.065706 	 1.391397 	 8.356674
  175 	 0.074256 	 1.254605 	 9.863611
  176 	 0.039035 	 1.352497 	 11.918066
  177 	 0.101196 	 1.294640 	 10.816010
  178 	 0.083778 	 1.532277 	 17.471951
  179 	 0.092300 	 1.203497 	 8.375488
  180 	 0.057175 	 1.306750 	 9.806007
  181 	 0.119137 	 1.256737 	 9.049755
  182 	 0.101789 	 1.439632 	 13.266990
  183 	 0.110278 	 1.165473 	 7.281350
  184 	 0.075272 	 1.257957 	 8.334070
  185 	 0.136950 	 1.236723 	 7.783406
  186 	 0.037955 	 1.323482 	 10.698414
  187 	 0.038160 	 1.078058 	 4.162996
  188 	 0.091651 	 1.404459 	 17.807956
  189 	 0.134348 	 1.428417 	 17.743055
  190 	 0.056097 	 1.283712 	 9.103279
  191 	 0.056302 	 1.195640 	 6.555308
  192 	 0.036715 	 1.370813 	 13.459429
  193 	 0.152126 	 1.348064 	 13.422397
  194 	 0.074197 	 1.653329 	 18.209859
  195 	 0.074401 	 1.169095 	 5.871102
  196 	 0.038714 	 1.269803 	 10.822858
  197 	 0.037058 	 1.268740 	 11.025174
  198 	 0.092242 	 1.702737 	 13.688360
  199 	 0.090316 	 1.338355 	 18.096800
  200 	 0.072953 	 1.224552 	 9.054532
  201 	 0.055203 	 1.322832 	 9.215187
  202 	 0.110243 	 1.653672 	 10.970602
  203 	 0.108303 	 1.262264 	 13.623443
  204 	 0.036877 	 1.184538 	 7.785525
  205 	 0.036907 	 1.290140 	 7.904974
  206 	 0.128144 	 1.740260 	 18.156331
  207 	 0.126212 	 1.397091 	 18.146556
  208 	 0.055022 	 1.179454 	 6.833218
  209 	 0.055052 	 1.286295 	 6.924630
  210 	 0.036802 	 1.628386 	 13.657086
  211 	 0.144033 	 1.375042 	 13.651565
  212 	 0.073125 	 1.360653 	 18.181187
  213 	 0.038942 	 1.247553 	 6.163955
  214 	 0.038489 	 1.486436 	 10.949949
  215 	 0.161756 	 1.491676 	 17.500140
  216 	 0.091173 	 1.536813 	 17.640189
  217 	 0.038663 	 1.166193 	 4.401325
  218 	 0.056630 	 1.428630 	 9.143016
  219 	 0.226269 	 1.772696 	 17.586141
  220 	 0.109156 	 1.429891 	 13.363567
  221 	 0.056804 	 1.116236 	 4.090504
  222 	 0.074729 	 1.360922 	 7.852016
  223 	 0.119118 	 1.622970 	 13.298077
  224 	 0.127092 	 1.371357 	 10.760954
  225 	 0.075096 	 1.231150 	 7.282351
  226 	 0.092772 	 1.320420 	 6.882691
  227 	 0.136976 	 1.520176 	 10.718564
  228 	 0.144909 	 1.316128 	 8.946810
  229 	 0.038340 	 1.188742 	 6.444296
  230 	 0.111545 	 1.219255 	 6.130876
  231 	 0.039017 	 1.582909 	 17.686673
  232 	 0.037335 	 1.323249 	 7.707439
  233 	 0.056482 	 1.429193 	 17.477396
  234 	 0.129439 	 1.377665 	 18.006511
  235 	 0.057183 	 1.491831 	 13.390172
  236 	 0.055479 	 1.245065 	 6.773272
  237 	 0.074570 	 1.370293 	 13.265520
  238 	 0.036179 	 1.308669 	 13.590760
  239 	 0.075280 	 1.385271 	 10.779380
  240 	 0.073481 	 1.388146 	 18.389464
  241 	 0.092613 	 1.382013 	 10.697460
  242 	 0.054325 	 1.268291 	 10.907384
  243 	 0.093321 	 1.319043 	 9.024183
  244 	 0.091528 	 1.305968 	 13.788309
  245 	 0.038354 	 1.400985 	 8.966891
  246 	 0.072430 	 1.285788 	 9.113419
  247 	 0.111295 	 1.446675 	 16.962270
  248 	 0.061926 	 1.268167 	 11.046109
  249 	 0.034009 	 1.351765 	 7.722277
  250 	 0.090381 	 1.304904 	 12.496005
  251 	 0.129191 	 1.612554 	 19.153700
  252 	 0.079910 	 1.257702 	 9.218229
  253 	 0.052160 	 1.316092 	 6.789280
  254 	 0.037548 	 1.229461 	 10.192657
  255 	 0.146899 	 1.491140 	 14.212629
  256 	 0.097935 	 1.404723 	 17.937975
  257 	 0.037994 	 1.263692 	 6.060628
  258 	 0.055691 	 1.265054 	 8.610670
  259 	 0.164505 	 1.789305 	 17.827082
  260 	 0.115890 	 1.319193 	 13.551760
  261 	 0.056038 	 1.223363 	 5.476289
  262 	 0.073679 	 1.215617 	 7.457675
  263 	 0.130144 	 1.611508 	 13.488443
  264 	 0.133765 	 1.268476 	 10.895719
  265 	 0.074038 	 1.278334 	 6.745626
  266 	 0.035288 	 1.177219 	 6.584778
  267 	 0.147847 	 1.455846 	 10.853262
  268 	 0.151449 	 1.423480 	 18.730669
  269 	 0.091985 	 1.274881 	 6.026002
  270 	 0.053337 	 1.179015 	 5.894519
  271 	 0.038407 	 1.415245 	 9.083906
  272 	 0.169127 	 1.423366 	 13.998379
  273 	 0.109865 	 1.413785 	 17.696870
  274 	 0.071345 	 1.141371 	 5.341112
  275 	 0.056449 	 1.422333 	 7.808553
  276 	 0.180975 	 1.412981 	 11.167619
  277 	 0.127769 	 1.344204 	 13.413917
  278 	 0.089399 	 1.118713 	 5.023222
  279 	 0.074449 	 1.365454 	 6.855488
  280 	 0.198739 	 1.362017 	 9.302419
  281 	 0.145484 	 1.299531 	 10.805088
  282 	 0.039201 	 1.058201 	 3.871972
  283 	 0.092393 	 1.323991 	 6.113051
  284 	 0.241265 	 1.534718 	 17.451739
  285 	 0.123664 	 1.248882 	 9.050317
  286 	 0.057242 	 1.054596 	 3.855566
  287 	 0.037127 	 1.341347 	 7.053987
  288 	 0.035233 	 1.450407 	 13.272894
  289 	 0.037796 	 1.586308 	 18.107161
  290 	 0.075239 	 1.416455 	 18.750008
  291 	 0.055172 	 1.545860 	 17.890242
  292 	 0.053282 	 1.410182 	 10.713644
  293 	 0.055840 	 1.466646 	 13.647847
  294 	 0.036629 	 1.377921 	 14.009157
  295 	 0.037278 	 1.514183 	 13.524496
  296 	 0.071290 	 1.571183 	 18.271815
  297 	 0.036704 	 1.586811 	 18.057601
  298 	 0.054675 	 1.299040 	 11.186961
  299 	 0.055323 	 1.480655 	 10.876529
  300 	 0.089245 	 1.332845 	 7.742465
  301 	 0.091788 	 1.457146 	 13.619729
  302 	 0.031658 	 1.255594 	 9.315723
  303 	 0.073325 	 1.437482 	 9.100145
  304 	 0.107137 	 1.465216 	 20.097159
  305 	 0.037885 	 1.347586 	 10.937872
  306 	 0.049714 	 1.219214 	 7.984845
  307 	 0.091274 	 1.766247 	 17.862031
  308 	 0.037691 	 1.388927 	 14.746324
  309 	 0.055928 	 1.314135 	 9.142905
  310 	 0.067730 	 1.207761 	 7.752690
  311 	 0.109254 	 1.646758 	 13.508401
  312 	 0.128687 	 1.397349 	 11.650885
  313 	 0.073929 	 1.280741 	 7.852144
  314 	 0.085697 	 1.174902 	 6.812590
  315 	 0.127061 	 1.622389 	 10.866145
  316 	 0.125939 	 1.341205 	 9.634165
  317 	 0.091876 	 1.234108 	 6.888909
  318 	 0.035984 	 1.221423 	 6.942559
  319 	 0.037467 	 1.516380 	 9.092899
  320 	 0.037128 	 1.475525 	 18.489745
  321 	 0.109757 	 1.450321 	 17.996360
  322 	 0.054031 	 1.373581 	 18.106842
  323 	 0.036484 	 1.528504 	 7.821210
  324 	 0.055173 	 1.376772 	 13.863636
  325 	 0.036144 	 1.622262 	 18.320386
  326 	 0.037731 	 1.271724 	 13.647666
  327 	 0.054454 	 1.915486 	 18.435139
  328 	 0.073176 	 1.502624 	 17.911278
  329 	 0.054191 	 1.489829 	 13.782814
  330 	 0.038434 	 1.183340 	 9.882835
  331 	 0.072459 	 1.708662 	 13.832974
  332 	 0.101001 	 1.674136 	 17.688553
  333 	 0.072197 	 1.437173 	 11.042528
  334 	 0.038274 	 1.111782 	 8.396266
  335 	 0.039156 	 1.620470 	 11.074617
  336 	 0.118844 	 1.749211 	 17.738700
  337 	 0.090149 	 1.616869 	 17.465488
  338 	 0.037018 	 1.083738 	 7.302235
  339 	 0.057196 	 1.551882 	 9.237939
  340 	 0.136606 	 1.773478 	 18.142968
  341 	 0.039499 	 1.437358 	 13.280829
  342 	 0.055069 	 1.090858 	 6.463882
  343 	 0.075194 	 1.650280 	 17.361267
  344 	 0.154274 	 1.650846 	 13.667063
  345 	 0.037983 	 1.354352 	 10.718799
  346 	 0.073072 	 1.079283 	 5.801346
  347 	 0.093137 	 1.769907 	 17.830646
  348 	 0.171838 	 1.543575 	 10.968298
  349 	 0.056026 	 1.290268 	 8.989833
  350 	 0.091022 	 1.068728 	 5.264885
  351 	 0.111013 	 1.643994 	 13.490479
  352 	 0.038784 	 1.456674 	 9.164084
  353 	 0.074027 	 1.249940 	 7.745137
  354 	 0.036604 	 1.211623 	 17.579488
  355 	 0.036751 	 1.501813 	 10.854576
  356 	 0.056826 	 1.785093 	 18.280114
  357 	 0.036668 	 1.658059 	 18.231135
  358 	 0.054488 	 1.151220 	 13.346506
  359 	 0.036057 	 1.584713 	 18.258796
  360 	 0.038128 	 1.636680 	 15.875995
  361 	 0.038016 	 1.656850 	 13.718019
  362 	 0.037295 	 1.273108 	 17.784729
  363 	 0.072801 	 1.880155 	 17.820216
  364 	 0.039445 	 1.779215 	 21.836606
  365 	 0.056059 	 1.576471 	 12.300003
  366 	 0.037499 	 1.429531 	 20.857398
  367 	 0.081244 	 1.744208 	 15.489676
  368 	 0.047903 	 1.864559 	 18.430882
  369 	 0.037400 	 1.483407 	 11.142804
  370 	 0.035947 	 1.293779 	 15.150814
  371 	 0.089598 	 1.853933 	 18.017883
  372 	 0.065924 	 1.932945 	 22.498680
  373 	 0.032480 	 1.413316 	 9.285182
  374 	 0.044411 	 1.301258 	 13.436467
  375 	 0.038902 	 1.854337 	 24.402219
  376 	 0.036756 	 1.840272 	 18.899537
  377 	 0.040950 	 1.611171 	 21.096017
  378 	 0.052888 	 1.504933 	 22.096748
  379 	 0.036803 	 1.738721 	 16.934940
  380 	 0.045238 	 1.733420 	 14.086973
  381 	 0.058468 	 1.698512 	 18.214077
  382 	 0.070945 	 1.409352 	 18.608752
  383 	 0.054877 	 1.619466 	 13.060324
  384 	 0.053714 	 1.650584 	 11.230305
  385 	 0.034715 	 1.716877 	 13.702950
  386 	 0.088901 	 1.335102 	 13.847802
  387 	 0.072879 	 1.866142 	 18.304617
  388 	 0.072119 	 1.564492 	 9.345664
  389 	 0.038481 	 1.570020 	 10.943481
  390 	 0.036926 	 1.265955 	 12.403964
  391 	 0.091228 	 1.977958 	 17.673899
  392 	 0.080564 	 1.974833 	 21.551874
  393 	 0.056553 	 1.587164 	 9.814974
  394 	 0.037029 	 1.228233 	 11.227855
  395 	 0.101693 	 1.842811 	 13.323843
  396 	 0.088997 	 1.995934 	 21.772739
  397 	 0.074952 	 1.480144 	 8.319920
  398 	 0.036238 	 1.198349 	 10.214832
  399 	 0.078845 	 1.805138 	 11.982990
 