0	0.000590	0.000680
1	0.000616	0.000692
2	0.000638	0.000703
3	0.000657	0.000714
4	0.000673	0.000727
5	0.000687	0.000740
6	0.000700	0.000752
7	0.000711	0.000759
8	0.000721	0.000771
9	0.000731	0.000783
10	0.000741	0.000793
11	0.000751	0.000802
12	0.000761	0.000811
13	0.000771	0.000821
14	0.000779	0.000832
15	0.000788	0.000847
16	0.000798	0.000853
17	0.000807	0.000864
18	0.000817	0.000873
19	0.000826	0.000881
20	0.000836	0.000887
21	0.000845	0.000897
22	0.000854	0.000908
23	0.000862	0.000916
24	0.000870	0.000925
25	0.000878	0.000938
26	0.000887	0.000947
27	0.000895	0.000953
28	0.000903	0.000959
29	0.000911	0.000971
30	0.000919	0.000977
31	0.000927	0.000985
32	0.000934	0.000994
33	0.000942	0.001003
34	0.000948	0.001010
35	0.000957	0.001016
36	0.000966	0.001024
37	0.000971	0.001029
38	0.000977	0.001038
39	0.000985	0.001049
40	0.000992	0.001053
41	0.000998	0.001059
42	0.001003	0.001065
43	0.001013	0.001067
44	0.001017	0.001074
45	0.001022	0.001079
46	0.001031	0.001086
47	0.001034	0.001091
48	0.001039	0.001096
49	0.001043	0.001102
50	0.001049	0.001110
51	0.001054	0.001113
52	0.001058	0.001119
53	0.001064	0.001124
54	0.001069	0.001128
55	0.001073	0.001135
56	0.001079	0.001140
57	0.001081	0.001145
58	0.001087	0.001148
59	0.001091	0.001151
60	0.001098	0.001158
61	0.001099	0.001161
62	0.001107	0.001166
63	0.001109	0.001169
64	0.001113	0.001174
65	0.001116	0.001180
66	0.001121	0.001182
67	0.001123	0.001186
68	0.001128	0.001190
69	0.001133	0.001195
70	0.001133	0.001198
71	0.001139	0.001204
72	0.001142	0.001207
73	0.001144	0.001210
74	0.001148	0.001214
75	0.001154	0.001223
76	0.001157	0.001223
77	0.001161	0.001228
78	0.001163	0.001229
79	0.001170	0.001232
80	0.001174	0.001234
81	0.001172	0.001240
82	0.001179	0.001245
83	0.001184	0.001255
84	0.001187	0.001257
85	0.001193	0.001261
86	0.001198	0.001264
87	0.001200	0.001269
88	0.001203	0.001269
89	0.001206	0.001274
90	0.001208	0.001278
91	0.001210	0.001282
92	0.001214	0.001285
93	0.001217	0.001286
94	0.001220	0.001288
95	0.001221	0.001292
96	0.001227	0.001292
97	0.001227	0.001297
98	0.001231	0.001301
99	0.001236	0.001303
100	0.001234	0.001305
101	0.001240	0.001309
102	0.001242	0.001311
103	0.001246	0.001314
104	0.001247	0.001318
105	0.001251	0.001319
106	0.001251	0.001323
107	0.001255	0.001324
108	0.001261	0.001328
109	0.001263	0.001331
110	0.001262	0.001332
111	0.001265	0.001334
112	0.001268	0.001337
113	0.001272	0.001341
114	0.001272	0.001344
115	0.001273	0.001346
116	0.001274	0.001349
117	0.001275	0.001351
118	0.001283	0.001353
119	0.001286	0.001358
120	0.001287	0.001361
121	0.001291	0.001361
122	0.001290	0.001363
123	0.001292	0.001366
124	0.001293	0.001368
125	0.001295	0.001369
126	0.001299	0.001372
127	0.001298	0.001371
128	0.001299	0.001373
129	0.001306	0.001376
130	0.001306	0.001376
131	0.001306	0.001378
132	0.001307	0.001382
133	0.001308	0.001383
134	0.001312	0.001384
135	0.001311	0.001386
136	0.001313	0.001387
137	0.001315	0.001391
138	0.001315	0.001392
139	0.001320	0.001393
140	0.001322	0.001395
141	0.001324	0.001398
142	0.001322	0.001402
143	0.001324	0.001403
144	0.001327	0.001405
145	0.001331	0.001406
146	0.001329	0.001410
147	0.001331	0.001411
148	0.001337	0.001412
149	0.001336	0.001413
150	0.001339	0.001415
151	0.001337	0.001416
152	0.001343	0.001417
153	0.001337	0.001419
154	0.001342	0.001422
155	0.001344	0.001424
156	0.001348	0.001426
157	0.001351	0.001428
158	0.001356	0.001431
159	0.001354	0.001431
160	0.001353	0.001433
161	0.001356	0.001434
162	0.001358	0.001436
163	0.001361	0.001436
164	0.001358	0.001436
165	0.001363	0.001439
166	0.001363	0.001441
167	0.001364	0.001445
168	0.001363	0.001445
169	0.001366	0.001447
170	0.001365	0.001450
171	0.001372	0.001452
172	0.001372	0.001453
173	0.001369	0.001455
174	0.001367	0.001456
175	0.001378	0.001459
176	0.001375	0.001461
177	0.001379	0.001462
178	0.001376	0.001465
179	0.001382	0.001466
180	0.001387	0.001472
181	0.001385	0.001472
182	0.001391	0.001472
183	0.001393	0.001476
184	0.001394	0.001476
185	0.001395	0.001477
186	0.001396	0.001480
187	0.001395	0.001481
188	0.001397	0.001481
189	0.001396	0.001483
190	0.001399	0.001483
191	0.001397	0.001485
192	0.001402	0.001486
193	0.001404	0.001488
194	0.001408	0.001489
195	0.001406	0.001490
196	0.001405	0.001491
197	0.001405	0.001492
198	0.001412	0.001495
199	0.001412	0.001499
200	0.001411	0.001501
201	0.001410	0.001501
202	0.001412	0.001504
203	0.001411	0.001505
204	0.001419	0.001504
205	0.001427	0.001506
206	0.001417	0.001507
207	0.001426	0.001508
208	0.001424	0.001508
209	0.001425	0.001512
210	0.001427	0.001514
211	0.001428	0.001515
212	0.001429	0.001515
213	0.001433	0.001516
214	0.001432	0.001520
215	0.001432	0.001520
216	0.001435	0.001523
217	0.001432	0.001523
218	0.001435	0.001525
219	0.001440	0.001527
220	0.001441	0.001530
221	0.001441	0.001530
222	0.001444	0.001530
223	0.001448	0.001530
224	0.001447	0.001533
225	0.001441	0.001535
226	0.001445	0.001536
227	0.001444	0.001536
228	0.001447	0.001536
229	0.001450	0.001537
230	0.001445	0.001538
231	0.001453	0.001540
232	0.001453	0.001541
233	0.001455	0.001541
234	0.001451	0.001541
235	0.001453	0.001543
236	0.001459	0.001544
237	0.001459	0.001545
238	0.001457	0.001547
239	0.001456	0.001548
240	0.001464	0.001548
241	0.001459	0.001549
242	0.001458	0.001549
243	0.001457	0.001550
244	0.001466	0.001551
245	0.001459	0.001552
246	0.001465	0.001555
247	0.001463	0.001554
248	0.001463	0.001556
249	0.001461	0.001558
250	0.001468	0.001558
251	0.001467	0.001558
252	0.001470	0.001558
253	0.001471	0.001560
254	0.001475	0.001560
255	0.001470	0.001561
256	0.001471	0.001561
257	0.001470	0.001561
258	0.001472	0.001562
259	0.001475	0.001563
260	0.001472	0.001563
261	0.001478	0.001563
262	0.001475	0.001563
263	0.001481	0.001563
264	0.001472	0.001565
265	0.001479	0.001566
266	0.001479	0.001566
267	0.001479	0.001568
268	0.001477	0.001570
269	0.001473	0.001571
270	0.001477	0.001574
271	0.001480	0.001574
272	0.001481	0.001576
273	0.001479	0.001577
274	0.001484	0.001578
275	0.001485	0.001579
276	0.001486	0.001579
277	0.001483	0.001580
278	0.001485	0.001582
279	0.001491	0.001582
280	0.001489	0.001582
281	0.001488	0.001583
282	0.001490	0.001583
283	0.001492	0.001585
284	0.001488	0.001588
285	0.001489	0.001588
286	0.001487	0.001589
287	0.001495	0.001590
288	0.001492	0.001593
289	0.001499	0.001593
290	0.001501	0.001595
291	0.001498	0.001595
292	0.001500	0.001596
293	0.001505	0.001597
294	0.001506	0.001598
295	0.001506	0.001602
296	0.001508	0.001602
297	0.001502	0.001603
298	0.001505	0.001606
299	0.001508	0.001606
300	0.001502	0.001606
301	0.001510	0.001606
302	0.001512	0.001607
303	0.001515	0.001608
304	0.001515	0.001609
305	0.001518	0.001611
306	0.001511	0.001610
307	0.001513	0.001612
308	0.001510	0.001613
309	0.001512	0.001611
310	0.001514	0.001612
311	0.001518	0.001613
312	0.001522	0.001615
313	0.001519	0.001614
314	0.001516	0.001614
315	0.001522	0.001616
316	0.001519	0.001616
317	0.001520	0.001618
318	0.001523	0.001618
319	0.001523	0.001617
320	0.001521	0.001619
321	0.001524	0.001620
322	0.001524	0.001622
323	0.001524	0.001623
324	0.001524	0.001623
325	0.001526	0.001623
326	0.001525	0.001624
327	0.001533	0.001624
328	0.001527	0.001625
329	0.001524	0.001626
330	0.001527	0.001626
331	0.001528	0.001627
332	0.001527	0.001627
333	0.001527	0.001627
334	0.001528	0.001628
335	0.001531	0.001628
336	0.001534	0.001629
337	0.001536	0.001629
338	0.001531	0.001630
339	0.001535	0.001629
340	0.001528	0.001629
341	0.001535	0.001630
342	0.001540	0.001629
343	0.001531	0.001629
344	0.001532	0.001629
345	0.001531	0.001631
346	0.001534	0.001631
347	0.001538	0.001631
348	0.001537	0.001632
349	0.001534	0.001633
350	0.001533	0.001634
351	0.001539	0.001635
352	0.001537	0.001635
353	0.001531	0.001636
354	0.001532	0.001638
355	0.001530	0.001639
356	0.001539	0.001640
357	0.001534	0.001640
358	0.001544	0.001642
359	0.001542	0.001642
360	0.001542	0.001642
361	0.001537	0.001643
362	0.001541	0.001643
363	0.001542	0.001643
364	0.001544	0.001643
365	0.001547	0.001644
366	0.001553	0.001644
367	0.001547	0.001644
368	0.001544	0.001645
369	0.001546	0.001645
370	0.001544	0.001647
371	0.001548	0.001648
372	0.001540	0.001648
373	0.001549	0.001648
374	0.001545	0.001648
375	0.001553	0.001650
376	0.001546	0.001650
377	0.001552	0.001651
378	0.001549	0.001651
379	0.001551	0.001651
380	0.001548	0.001652
381	0.001553	0.001652
382	0.001555	0.001653
383	0.001560	0.001653
384	0.001554	0.001654
385	0.001553	0.001654
386	0.001554	0.001655
387	0.001554	0.001655
388	0.001558	0.001655
389	0.001557	0.001655
390	0.001555	0.001655
391	0.001554	0.001655
392	0.001557	0.001655
393	0.001555	0.001656
394	0.001555	0.001656
395	0.001557	0.001656
396	0.001554	0.001656
397	0.001562	0.001657
398	0.001556	0.001657
399	0.001555	0.001657
400	0.001556	0.001657
401	0.001558	0.001657
402	0.001555	0.001658
403	0.001558	0.001658
404	0.001559	0.001658
405	0.001553	0.001659
406	0.001559	0.001658
407	0.001554	0.001659
408	0.001563	0.001659
409	0.001556	0.001660
410	0.001554	0.001660
411	0.001557	0.001660
412	0.001556	0.001660
413	0.001560	0.001661
414	0.001556	0.001661
415	0.001558	0.001661
416	0.001556	0.001663
417	0.001557	0.001662
418	0.001563	0.001662
419	0.001565	0.001662
420	0.001561	0.001662
421	0.001562	0.001662
422	0.001561	0.001662
423	0.001563	0.001663
424	0.001564	0.001663
425	0.001559	0.001663
426	0.001565	0.001664
427	0.001564	0.001664
428	0.001565	0.001664
429	0.001564	0.001664
430	0.001561	0.001665
431	0.001562	0.001666
432	0.001561	0.001666
433	0.001565	0.001666
434	0.001558	0.001666
435	0.001562	0.001666
436	0.001565	0.001666
437	0.001565	0.001667
438	0.001564	0.001667
439	0.001563	0.001669
440	0.001563	0.001669
441	0.001564	0.001669
442	0.001564	0.001669
443	0.001565	0.001669
444	0.001566	0.001671
445	0.001565	0.001670
446	0.001566	0.001670
447	0.001568	0.001672
448	0.001569	0.001673
449	0.001575	0.001673
450	0.001571	0.001671
451	0.001568	0.001671
452	0.001567	0.001671
453	0.001570	0.001672
454	0.001576	0.001672
455	0.001575	0.001672
456	0.001573	0.001672
457	0.001567	0.001673
458	0.001565	0.001673
459	0.001568	0.001673
460	0.001567	0.001673
461	0.001571	0.001674
462	0.001570	0.001674
463	0.001566	0.001674
464	0.001568	0.001675
465	0.001571	0.001675
466	0.001569	0.001676
467	0.001570	0.001676
468	0.001578	0.001678
469	0.001574	0.001678
470	0.001576	0.001679
471	0.001573	0.001680
472	0.001577	0.001679
473	0.001580	0.001679
474	0.001580	0.001681
475	0.001579	0.001682
476	0.001579	0.001682
477	0.001578	0.001682
478	0.001573	0.001682
479	0.001578	0.001682
480	0.001579	0.001682
481	0.001577	0.001682
482	0.001575	0.001682
483	0.001578	0.001683
484	0.001578	0.001683
485	0.001582	0.001683
486	0.001581	0.001683
487	0.001574	0.001683
488	0.001572	0.001684
489	0.001579	0.001686
490	0.001579	0.001685
491	0.001576	0.001685
492	0.001576	0.001685
493	0.001582	0.001685
494	0.001577	0.001685
495	0.001583	0.001686
496	0.001577	0.001686
497	0.001578	0.001686
498	0.001587	0.001686
499	0.001579	0.001686
