   0 	 0.014110 	 0.088231 	 2.673083
    1 	 0.018910 	 0.967424 	 2.673083
    2 	 0.067724 	 2.086297 	 2.754799
    3 	 0.129721 	 1.346226 	 2.680555
    4 	 0.171736 	 0.478922 	 2.263346
    5 	 0.280845 	 0.804475 	 1.805636
    6 	 0.379155 	 1.252680 	 1.832052
    7 	 0.356170 	 0.985558 	 1.976621
    8 	 0.453278 	 0.643768 	 1.327572
    9 	 0.038894 	 0.780744 	 1.369357
   10 	 0.111272 	 0.991808 	 1.208638
   11 	 0.038811 	 0.901075 	 2.421344
   12 	 0.044670 	 0.728804 	 2.060275
   13 	 0.269325 	 0.820639 	 2.421832
   14 	 0.038672 	 0.909638 	 2.387945
   15 	 0.357663 	 0.859383 	 1.554182
   16 	 0.362051 	 0.830942 	 2.465412
   17 	 0.518596 	 0.821484 	 1.366564
   18 	 0.352173 	 0.858606 	 1.376367
   19 	 0.040979 	 0.830800 	 1.120202
   20 	 0.096777 	 0.798152 	 1.376893
   21 	 0.096275 	 0.830423 	 2.409180
   22 	 0.315290 	 0.889023 	 3.716408
   23 	 0.331993 	 0.853991 	 2.125965
   24 	 0.107079 	 0.807050 	 1.450558
   25 	 0.120777 	 0.823913 	 1.416244
   26 	 0.121199 	 0.873635 	 2.078231
   27 	 0.095798 	 0.880813 	 2.020703
   28 	 0.113818 	 0.857350 	 2.030522
   29 	 0.117815 	 0.859481 	 2.128122
   30 	 0.040492 	 0.873592 	 2.049526
   31 	 0.039447 	 0.882374 	 2.073334
   32 	 0.452320 	 0.888311 	 2.412010
   33 	 0.041278 	 0.854601 	 2.217066
   34 	 0.040709 	 0.866540 	 1.580360
   35 	 0.385927 	 0.928367 	 5.406056
   36 	 0.044643 	 0.916673 	 5.422727
   37 	 0.171722 	 0.884482 	 1.759253
   38 	 0.179648 	 0.915413 	 2.388097
   39 	 0.520683 	 0.928442 	 3.170354
   40 	 0.356456 	 0.914756 	 2.932996
   41 	 0.112619 	 0.873470 	 1.303276
   42 	 0.325024 	 0.920064 	 1.931413
   43 	 0.120023 	 0.957099 	 3.650717
   44 	 0.113615 	 0.925402 	 2.133452
   45 	 0.040575 	 0.941500 	 3.791859
   46 	 0.435777 	 0.945730 	 3.707617
   47 	 0.034802 	 0.988542 	 3.566163
   48 	 0.259651 	 0.940656 	 1.674827
   49 	 0.268690 	 0.969206 	 5.025077
   50 	 0.544625 	 0.939033 	 2.479228
   51 	 0.109609 	 0.948856 	 2.325637
   52 	 0.039692 	 0.920882 	 1.422021
   53 	 0.037381 	 0.975188 	 3.947755
   54 	 0.631584 	 0.984458 	 5.452812
   55 	 0.041099 	 0.970062 	 5.522394
   56 	 0.178123 	 0.918637 	 1.299403
   57 	 0.112324 	 1.001639 	 4.940728
   58 	 0.041134 	 0.927762 	 2.946181
   59 	 0.122193 	 0.970724 	 3.905879
   60 	 0.291175 	 1.001365 	 4.479608
   61 	 0.246939 	 1.009102 	 3.843298
   62 	 0.215475 	 0.935080 	 2.210067
   63 	 0.038766 	 0.920975 	 2.559908
   64 	 0.412513 	 0.962524 	 2.784159
   65 	 0.369876 	 1.041180 	 5.480468
   66 	 0.038670 	 0.925356 	 1.797873
   67 	 0.038624 	 0.895784 	 1.882615
   68 	 0.041014 	 0.954942 	 5.000752
   69 	 0.038718 	 1.046613 	 5.001894
   70 	 0.194384 	 0.996947 	 5.413793
   71 	 0.042685 	 0.896817 	 1.569350
   72 	 0.179937 	 0.937123 	 2.957844
   73 	 0.040959 	 1.026425 	 5.365231
   74 	 0.322420 	 0.972970 	 3.089880
   75 	 0.109955 	 0.943313 	 5.415398
   76 	 0.309255 	 0.934094 	 2.221630
   77 	 0.179885 	 1.051619 	 3.885679
   78 	 0.041517 	 0.933550 	 2.207727
   79 	 0.117996 	 0.932924 	 3.090377
   80 	 0.041095 	 0.974597 	 5.399067
   81 	 0.309207 	 1.022616 	 3.821236
   82 	 0.181121 	 0.980883 	 4.940831
   83 	 0.251096 	 0.930264 	 2.207958
   84 	 0.041108 	 0.932961 	 3.078619
   85 	 0.425232 	 0.971616 	 2.639942
   86 	 0.310336 	 0.999942 	 4.940531
   87 	 0.359242 	 0.929086 	 1.757680
   88 	 0.196687 	 0.920733 	 2.202471
   89 	 0.119072 	 0.929335 	 1.921077
   90 	 0.115126 	 0.960826 	 2.937837
   91 	 0.484314 	 0.983503 	 3.805577
   92 	 0.038603 	 0.966504 	 4.536666
   93 	 0.111094 	 0.922893 	 1.592322
   94 	 0.213659 	 0.994781 	 5.485372
   95 	 0.317760 	 0.992431 	 3.924734
   96 	 0.109493 	 0.940937 	 2.798311
   97 	 0.244736 	 0.933627 	 2.167036
   98 	 0.102178 	 0.998168 	 4.288291
   99 	 0.432763 	 0.964519 	 2.462836
  100 	 0.037517 	 0.964380 	 4.350129
  101 	 0.039693 	 0.922134 	 1.734719
  102 	 0.037501 	 1.017528 	 5.518240
  103 	 0.527421 	 1.013448 	 6.017107
  104 	 0.124336 	 1.058191 	 6.008673
  105 	 0.041096 	 0.912204 	 1.526436
  106 	 0.162995 	 0.972696 	 3.730848
  107 	 0.037465 	 1.022355 	 5.643470
  108 	 0.258095 	 0.963814 	 3.122049
  109 	 0.172796 	 0.956412 	 6.054542
  110 	 0.306208 	 0.945468 	 2.592053
  111 	 0.040872 	 0.915820 	 2.287376
  112 	 0.365143 	 0.934335 	 2.260866
  113 	 0.414066 	 1.062118 	 5.417957
  114 	 0.324795 	 0.949617 	 2.029044
  115 	 0.180041 	 0.926266 	 1.845817
  116 	 0.460631 	 0.958114 	 2.215848
  117 	 0.117432 	 1.004057 	 3.243924
  118 	 0.041137 	 0.918792 	 1.654724
  119 	 0.111476 	 0.946262 	 3.829477
  120 	 0.276729 	 0.998627 	 2.653667
  121 	 0.041166 	 1.031708 	 4.181021
  122 	 0.336954 	 0.939422 	 2.507340
  123 	 0.115046 	 0.965778 	 5.409317
  124 	 0.378295 	 0.989472 	 2.097960
  125 	 0.039422 	 1.034121 	 5.496131
  126 	 0.344910 	 0.928736 	 2.013941
  127 	 0.177436 	 1.033531 	 9.405359
  128 	 0.325720 	 0.988330 	 2.046621
  129 	 0.104722 	 0.993130 	 3.277227
  130 	 0.317889 	 0.945723 	 2.130289
  131 	 0.295140 	 0.981814 	 4.302514
  132 	 0.128452 	 0.970995 	 2.272782
  133 	 0.228822 	 0.978688 	 2.340607
  134 	 0.041083 	 0.980370 	 3.991183
  135 	 0.404350 	 0.974245 	 2.849639
  136 	 0.242525 	 1.029470 	 7.765003
  137 	 0.336503 	 0.956649 	 2.192744
  138 	 0.040248 	 0.928795 	 2.715730
  139 	 0.433793 	 0.963878 	 2.180534
  140 	 0.352991 	 1.114520 	 6.546734
  141 	 0.438705 	 0.964648 	 1.798908
  142 	 0.110666 	 0.923546 	 2.013323
  143 	 0.518730 	 0.958006 	 1.801136
  144 	 0.339021 	 1.069648 	 5.041199
  145 	 0.514182 	 0.960352 	 1.574234
  146 	 0.193885 	 0.941578 	 2.142606
  147 	 0.036718 	 0.956109 	 1.557918
  148 	 0.444700 	 1.042196 	 3.109600
  149 	 0.621265 	 1.003221 	 5.542694
  150 	 0.315687 	 0.941386 	 1.878286
  151 	 0.175858 	 0.945871 	 1.410506
  152 	 0.311255 	 1.008219 	 2.313816
  153 	 0.667465 	 1.006979 	 4.394478
  154 	 0.038015 	 0.926312 	 2.225908
  155 	 0.037917 	 0.930699 	 1.292717
  156 	 0.305439 	 1.198805 	 11.146405
  157 	 0.302776 	 1.093890 	 7.960687
  158 	 0.089173 	 0.944986 	 2.444155
  159 	 0.123634 	 0.943627 	 2.445727
  160 	 0.388824 	 1.114431 	 7.392439
  161 	 0.400412 	 1.063307 	 4.398815
  162 	 0.039670 	 0.931534 	 2.030357
  163 	 0.106908 	 0.943160 	 2.136241
  164 	 0.333502 	 1.173637 	 9.313625
  165 	 0.121521 	 1.058408 	 6.385374
  166 	 0.106595 	 0.945085 	 2.492508
  167 	 0.123648 	 1.004253 	 5.284824
  168 	 0.336740 	 1.112284 	 6.238510
  169 	 0.135441 	 1.055364 	 5.226073
  170 	 0.153013 	 0.971995 	 2.479915
  171 	 0.189675 	 1.063728 	 5.343572
  172 	 0.395005 	 1.096696 	 4.884898
  173 	 0.117491 	 1.020760 	 4.142930
  174 	 0.202487 	 0.948669 	 2.238615
  175 	 0.238400 	 1.083843 	 5.910488
  176 	 0.124561 	 1.080161 	 3.427302
  177 	 0.167724 	 1.039209 	 3.447087
  178 	 0.119423 	 0.992032 	 5.673395
  179 	 0.128254 	 1.002625 	 3.468857
  180 	 0.094211 	 1.071704 	 4.772753
  181 	 0.280981 	 1.077970 	 5.556975
  182 	 0.037671 	 1.129051 	 6.853492
  183 	 0.178016 	 0.996420 	 3.005881
  184 	 0.037248 	 1.163440 	 11.189268
  185 	 0.039464 	 1.041113 	 4.353204
  186 	 0.088960 	 1.182097 	 11.242482
  187 	 0.226567 	 1.099874 	 10.969241
  188 	 0.088541 	 1.095116 	 7.109329
  189 	 0.037632 	 1.011001 	 3.593671
  190 	 0.037840 	 1.097073 	 7.130577
  191 	 0.274321 	 1.157301 	 10.190321
  192 	 0.039884 	 1.168233 	 11.168207
  193 	 0.097553 	 0.988736 	 3.120899
  194 	 0.089093 	 1.168619 	 10.918981
  195 	 0.312058 	 1.096075 	 6.700028
  196 	 0.091152 	 1.071177 	 7.102621
  197 	 0.135485 	 0.998940 	 2.725546
  198 	 0.139692 	 1.153497 	 6.594045
  199 	 0.354592 	 1.067215 	 5.507068
  200 	 0.150472 	 1.024185 	 5.224888
  201 	 0.179896 	 0.991829 	 2.495686
  202 	 0.037488 	 1.106871 	 4.739962
  203 	 0.351923 	 1.065678 	 4.317866
  204 	 0.122200 	 1.144615 	 11.212313
  205 	 0.228856 	 1.014130 	 2.477563
  206 	 0.035648 	 1.140239 	 5.750438
  207 	 0.038019 	 1.018934 	 3.564355
  208 	 0.172350 	 1.191022 	 11.448464
  209 	 0.276544 	 1.152699 	 10.150306
  210 	 0.039478 	 1.081040 	 4.294607
  211 	 0.098020 	 0.993440 	 2.984679
  212 	 0.228357 	 1.126313 	 6.402511
  213 	 0.325732 	 1.111038 	 5.655533
  214 	 0.154938 	 1.026749 	 2.747021
  215 	 0.127755 	 0.974574 	 2.624399
  216 	 0.039575 	 1.009758 	 4.839392
  217 	 0.040074 	 1.104411 	 5.572434
  218 	 0.039697 	 1.232869 	 10.955919
  219 	 0.121366 	 1.081055 	 10.896329
  220 	 0.037670 	 1.061640 	 7.342298
  221 	 0.039685 	 1.123538 	 5.778135
  222 	 0.135245 	 1.270524 	 11.189396
  223 	 0.039714 	 1.179239 	 10.942778
  224 	 0.088959 	 1.038026 	 5.442331
  225 	 0.090955 	 1.178087 	 10.939267
  226 	 0.182016 	 1.207006 	 7.109380
  227 	 0.090984 	 1.275915 	 9.591887
  228 	 0.139519 	 0.992203 	 3.245307
  229 	 0.039716 	 1.112937 	 7.008507
  230 	 0.306880 	 1.180195 	 6.543686
  231 	 0.037612 	 1.374720 	 10.939047
  232 	 0.151621 	 0.999018 	 2.788781
  233 	 0.039055 	 1.241212 	 15.695651
  234 	 0.125082 	 1.142954 	 6.063503
  235 	 0.063503 	 1.439466 	 15.347902
  236 	 0.163527 	 1.054001 	 7.226372
  237 	 0.065099 	 1.277472 	 8.680353
  238 	 0.137884 	 1.099663 	 5.655249
  239 	 0.037963 	 1.388250 	 12.755250
  240 	 0.036644 	 1.063856 	 6.614455
  241 	 0.078239 	 1.294741 	 11.152843
  242 	 0.149010 	 1.269658 	 20.022361
  243 	 0.089250 	 1.253993 	 9.584145
  244 	 0.049879 	 1.041056 	 5.710693
  245 	 0.104056 	 1.377284 	 7.646167
  246 	 0.174313 	 1.213186 	 13.161508
  247 	 0.130340 	 1.283760 	 8.521107
  248 	 0.037416 	 1.017173 	 4.989686
  249 	 0.117173 	 1.345966 	 6.961869
  250 	 0.199881 	 1.364817 	 15.744126
  251 	 0.142192 	 1.223062 	 5.959016
  252 	 0.063308 	 1.013335 	 4.690858
  253 	 0.036601 	 1.297771 	 6.431219
  254 	 0.117302 	 1.291727 	 13.053487
  255 	 0.155171 	 1.365299 	 15.948602
  256 	 0.076530 	 1.093290 	 7.656846
  257 	 0.062599 	 1.265139 	 5.516614
  258 	 0.124705 	 1.261211 	 11.132148
  259 	 0.180835 	 1.289293 	 13.175405
  260 	 0.038344 	 1.124092 	 6.960123
  261 	 0.075822 	 1.222927 	 5.151064
  262 	 0.143139 	 1.403529 	 15.517320
  263 	 0.037194 	 1.331317 	 11.220515
  264 	 0.063732 	 1.084220 	 6.392273
  265 	 0.088916 	 1.221385 	 4.550943
  266 	 0.155803 	 1.343963 	 11.131849
  267 	 0.219094 	 1.241937 	 8.694470
  268 	 0.089725 	 1.080604 	 5.913564
  269 	 0.114085 	 1.187558 	 4.249900
  270 	 0.126923 	 1.267621 	 9.706367
  271 	 0.233863 	 1.193160 	 7.133415
  272 	 0.102749 	 1.166845 	 6.534968
  273 	 0.139924 	 1.195501 	 4.045905
  274 	 0.152414 	 1.222737 	 8.617058
  275 	 0.129253 	 1.160731 	 6.023210
  276 	 0.115681 	 1.171400 	 5.601795
  277 	 0.123539 	 1.198734 	 6.436970
  278 	 0.128138 	 1.168516 	 7.053129
  279 	 0.155032 	 1.268077 	 7.307856
  280 	 0.141258 	 1.219761 	 7.070258
  281 	 0.037882 	 1.145271 	 5.940631
  282 	 0.037972 	 1.127788 	 6.470049
  283 	 0.167956 	 1.499222 	 15.629323
  284 	 0.153937 	 1.403104 	 19.503919
  285 	 0.063876 	 1.109526 	 5.517050
  286 	 0.037498 	 1.079126 	 5.554403
  287 	 0.180820 	 1.433878 	 11.114121
  288 	 0.179565 	 1.715579 	 19.644213
  289 	 0.089868 	 1.097893 	 4.832777
  290 	 0.050838 	 1.086606 	 4.862268
  291 	 0.206352 	 1.393077 	 9.692919
  292 	 0.204567 	 1.527811 	 12.997474
  293 	 0.037764 	 1.073326 	 4.552646
  294 	 0.076111 	 1.068323 	 4.175936
  295 	 0.037499 	 1.524139 	 19.583081
  296 	 0.143167 	 1.411476 	 11.184354
  297 	 0.051030 	 1.463449 	 19.685392
  298 	 0.089304 	 1.117968 	 5.907832
  299 	 0.050765 	 1.460461 	 15.544884
  300 	 0.168887 	 1.357194 	 8.630945
  301 	 0.064275 	 1.363203 	 15.609193
  302 	 0.115684 	 1.100405 	 5.488877
  303 	 0.064010 	 1.411088 	 12.890772
  304 	 0.037668 	 1.333935 	 7.752904
  305 	 0.077495 	 1.296851 	 12.934889
  306 	 0.125618 	 1.291712 	 19.620139
  307 	 0.077231 	 1.360387 	 11.013830
  308 	 0.050934 	 1.322110 	 7.198515
  309 	 0.090685 	 1.229864 	 11.045953
  310 	 0.034727 	 1.227000 	 15.991431
  311 	 0.090436 	 1.297872 	 9.616731
  312 	 0.062482 	 1.513121 	 20.821632
  313 	 0.038427 	 1.246843 	 9.639861
  314 	 0.047996 	 1.175909 	 13.195825
  315 	 0.103611 	 1.568790 	 21.355165
  316 	 0.075733 	 1.446842 	 17.731659
  317 	 0.046809 	 1.226803 	 8.553495
  318 	 0.056364 	 1.140456 	 11.231746
  319 	 0.116797 	 1.480068 	 16.636531
  320 	 0.038452 	 1.394184 	 14.354573
  321 	 0.060061 	 1.216416 	 7.686596
  322 	 0.069600 	 1.324570 	 19.323020
  323 	 0.129872 	 1.433510 	 13.631279
  324 	 0.037604 	 1.332560 	 12.062763
  325 	 0.037712 	 1.184403 	 6.984611
  326 	 0.082808 	 1.673446 	 19.644962
  327 	 0.142900 	 1.601043 	 19.603178
  328 	 0.050869 	 1.295108 	 10.404911
  329 	 0.050978 	 1.147486 	 6.402057
  330 	 0.095986 	 1.500043 	 15.583797
  331 	 0.155876 	 1.525421 	 15.557527
  332 	 0.038039 	 1.248217 	 9.150321
  333 	 0.064223 	 1.169822 	 5.911004
  334 	 0.038120 	 1.823824 	 19.478259
  335 	 0.168796 	 1.414999 	 8.852898
  336 	 0.051304 	 1.422495 	 19.447791
  337 	 0.112788 	 1.137549 	 5.491602
  338 	 0.051385 	 1.482549 	 15.320978
  339 	 0.181656 	 1.360215 	 7.930973
  340 	 0.065213 	 1.366978 	 15.459631
  341 	 0.125877 	 1.123416 	 5.129355
  342 	 0.064469 	 1.347977 	 11.573974
  343 	 0.194452 	 1.338455 	 7.185102
  344 	 0.082825 	 1.350760 	 12.858591
  345 	 0.118709 	 1.079945 	 3.247364
  346 	 0.077689 	 1.295377 	 10.403138
  347 	 0.138236 	 1.334625 	 6.569451
  348 	 0.096002 	 1.303980 	 10.990378
  349 	 0.151912 	 1.127148 	 6.599091
  350 	 0.037956 	 1.370567 	 9.148953
  351 	 0.151202 	 1.310715 	 6.052822
  352 	 0.109143 	 1.489715 	 19.510046
  353 	 0.142343 	 1.056085 	 2.924853
  354 	 0.036779 	 1.337615 	 8.167033
  355 	 0.340350 	 1.373070 	 6.424973
  356 	 0.035967 	 1.710241 	 19.968245
  357 	 0.123790 	 1.054427 	 2.827656
  358 	 0.050046 	 1.573811 	 20.297417
  359 	 0.351994 	 1.425893 	 7.294468
  360 	 0.049235 	 1.587961 	 15.786267
  361 	 0.136841 	 1.045225 	 2.764766
  362 	 0.063293 	 1.555985 	 15.991017
  363 	 0.359963 	 1.380930 	 6.660419
  364 	 0.062483 	 1.509109 	 13.056042
  365 	 0.149841 	 1.046321 	 2.679079
  366 	 0.076515 	 1.483497 	 13.195544
  367 	 0.371419 	 1.325469 	 6.129648
  368 	 0.075727 	 1.425042 	 11.134002
  369 	 0.162788 	 1.017812 	 2.599301
  370 	 0.085957 	 1.577559 	 11.232483
  371 	 0.383288 	 1.318364 	 5.678969
  372 	 0.037672 	 1.355226 	 10.074838
  373 	 0.037705 	 1.006849 	 2.521506
  374 	 0.038073 	 1.832544 	 19.618607
  375 	 0.341103 	 1.501598 	 19.605804
  376 	 0.050937 	 1.593711 	 19.465472
  377 	 0.038221 	 0.979324 	 2.821644
  378 	 0.051338 	 1.715234 	 15.567230
  379 	 0.126359 	 1.694690 	 19.409614
  380 	 0.064183 	 1.558453 	 15.470786
  381 	 0.051486 	 1.044127 	 7.160311
  382 	 0.064582 	 1.628492 	 13.109134
  383 	 0.038400 	 1.546242 	 15.435529
  384 	 0.076205 	 1.479021 	 12.839863
  385 	 0.064733 	 1.309876 	 19.342477
  386 	 0.077802 	 1.521413 	 11.172511
  387 	 0.051667 	 1.473456 	 12.605126
  388 	 0.089389 	 1.521985 	 10.822287
  389 	 0.079249 	 1.249113 	 15.090373
  390 	 0.092288 	 1.447801 	 9.738179
  391 	 0.038736 	 1.375561 	 10.947002
  392 	 0.102549 	 1.450014 	 9.470727
  393 	 0.091228 	 1.509438 	 19.217637
  394 	 0.037961 	 1.408056 	 8.631959
  395 	 0.052000 	 1.372149 	 9.566855
  396 	 0.115606 	 1.606933 	 19.025483
  397 	 0.104368 	 1.412766 	 15.314038
  398 	 0.052524 	 1.385450 	 7.757581
  399 	 0.065237 	 1.401525 	 8.498466
 