   0 	 0.016064 	 0.074310 	 2.214841
    1 	 0.019172 	 0.836934 	 3.411806
    2 	 0.043614 	 1.891869 	 3.589252
    3 	 0.044471 	 1.472922 	 3.662707
    4 	 0.186008 	 0.574534 	 2.583474
    5 	 0.041299 	 0.730926 	 2.016249
    6 	 0.043664 	 1.148264 	 1.872554
    7 	 0.381018 	 1.061812 	 2.630681
    8 	 0.038340 	 0.740756 	 3.369686
    9 	 0.346767 	 0.802693 	 1.656403
   10 	 0.113961 	 1.037441 	 3.068990
   11 	 0.523696 	 0.965291 	 1.551135
   12 	 0.112161 	 0.815043 	 2.724343
   13 	 0.550264 	 0.827673 	 1.356828
   14 	 0.039331 	 0.969336 	 2.465722
   15 	 0.127147 	 0.909577 	 1.554329
   16 	 0.340829 	 0.860378 	 3.419608
   17 	 0.580195 	 0.857616 	 1.728171
   18 	 0.272279 	 0.926443 	 1.411850
   19 	 0.458785 	 0.927014 	 1.350474
   20 	 0.038881 	 0.860107 	 1.773746
   21 	 0.040499 	 0.856877 	 1.404722
   22 	 0.258775 	 0.968688 	 3.424878
   23 	 0.040585 	 1.016395 	 9.813666
   24 	 0.038048 	 0.882163 	 1.953603
   25 	 0.040365 	 0.913682 	 3.405008
   26 	 0.451467 	 0.993611 	 3.434680
   27 	 0.288483 	 1.031826 	 7.820748
   28 	 0.038183 	 0.899522 	 1.949825
   29 	 0.038949 	 0.905821 	 1.642196
   30 	 0.331254 	 1.035177 	 3.880737
   31 	 0.531672 	 1.174889 	 8.737487
   32 	 0.252765 	 0.952432 	 2.507811
   33 	 0.113910 	 0.938280 	 1.702207
   34 	 0.110376 	 1.032759 	 3.183036
   35 	 0.040487 	 1.086420 	 3.909156
   36 	 0.278758 	 0.995429 	 3.963906
   37 	 0.116215 	 0.987457 	 7.485770
   38 	 0.124419 	 1.022442 	 3.198379
   39 	 0.038111 	 1.151195 	 5.327224
   40 	 0.307477 	 1.039143 	 5.104150
   41 	 0.040566 	 1.080951 	 13.886839
   42 	 0.194626 	 1.019557 	 2.752722
   43 	 0.071694 	 1.294429 	 13.428967
   44 	 0.356059 	 1.019031 	 4.375861
   45 	 0.074050 	 0.995975 	 7.843526
   46 	 0.117497 	 0.995732 	 2.564371
   47 	 0.126087 	 1.183233 	 6.512553
   48 	 0.376822 	 1.085462 	 6.605161
   49 	 0.152245 	 0.999098 	 5.388304
   50 	 0.150544 	 0.989184 	 2.144900
   51 	 0.184199 	 1.137418 	 4.722656
   52 	 0.456892 	 1.050911 	 4.423910
   53 	 0.210236 	 0.979633 	 4.103417
   54 	 0.222251 	 0.978347 	 2.037522
   55 	 0.123433 	 1.073289 	 3.476615
   56 	 0.323130 	 1.027402 	 3.903941
   57 	 0.281522 	 1.053287 	 5.716469
   58 	 0.252816 	 1.000987 	 2.402516
   59 	 0.172653 	 1.058781 	 3.091931
   60 	 0.250978 	 1.005031 	 3.353271
   61 	 0.126412 	 1.007130 	 4.619943
   62 	 0.037248 	 0.989100 	 3.306020
   63 	 0.036882 	 1.077907 	 5.620745
   64 	 0.262390 	 1.120729 	 8.972772
   65 	 0.126043 	 1.110817 	 7.693361
   66 	 0.039035 	 0.969566 	 3.375071
   67 	 0.037039 	 1.063037 	 5.166822
   68 	 0.126070 	 1.137980 	 7.568015
   69 	 0.123991 	 1.368847 	 9.538454
   70 	 0.037660 	 1.036941 	 5.166077
   71 	 0.040903 	 1.025877 	 5.222177
   72 	 0.034025 	 1.164132 	 9.482238
   73 	 0.038799 	 1.323086 	 9.224848
   74 	 0.104996 	 1.017493 	 7.702678
   75 	 0.036735 	 1.118134 	 10.157836
   76 	 0.129256 	 1.102063 	 5.797222
   77 	 0.097796 	 1.393554 	 9.507020
   78 	 0.127756 	 0.968402 	 4.883858
   79 	 0.040756 	 1.035334 	 6.357426
   80 	 0.201639 	 1.158901 	 5.242294
   81 	 0.155644 	 1.343307 	 8.601700
   82 	 0.188331 	 0.976175 	 4.656814
   83 	 0.115011 	 1.008528 	 4.827562
   84 	 0.120886 	 1.081211 	 3.908827
   85 	 0.204957 	 1.256459 	 5.487617
   86 	 0.252689 	 1.037674 	 6.143050
   87 	 0.037809 	 0.979220 	 3.846784
   88 	 0.160355 	 1.066535 	 3.354843
   89 	 0.256681 	 1.401288 	 9.495841
   90 	 0.110876 	 1.017676 	 4.944243
   91 	 0.104479 	 0.963334 	 3.349173
   92 	 0.200878 	 1.091957 	 6.158538
   93 	 0.040211 	 1.249951 	 6.411135
   94 	 0.038076 	 0.980357 	 2.728984
   95 	 0.154736 	 1.052738 	 8.642249
   96 	 0.116697 	 1.181499 	 11.163643
   97 	 0.112641 	 1.214275 	 5.085546
   98 	 0.037002 	 1.011327 	 5.428967
   99 	 0.194664 	 1.002861 	 5.551201
  100 	 0.182466 	 1.239215 	 14.104025
  101 	 0.171388 	 1.164077 	 3.701449
  102 	 0.037615 	 0.993159 	 4.621793
  103 	 0.037527 	 0.984397 	 4.871195
  104 	 0.213252 	 1.201731 	 9.557324
  105 	 0.203870 	 1.229259 	 9.521339
  106 	 0.103898 	 0.978474 	 3.561865
  107 	 0.104655 	 1.008632 	 4.205750
  108 	 0.040437 	 1.139449 	 5.834373
  109 	 0.040438 	 1.161907 	 5.808730
  110 	 0.169438 	 1.057561 	 9.264620
  111 	 0.117357 	 1.061785 	 8.625291
  112 	 0.107157 	 1.085850 	 4.220518
  113 	 0.111356 	 1.201967 	 6.049902
  114 	 0.233208 	 1.070559 	 6.606702
  115 	 0.037283 	 1.104117 	 5.591075
  116 	 0.112572 	 1.063301 	 3.325485
  117 	 0.176723 	 1.231679 	 9.543503
  118 	 0.037548 	 1.077172 	 5.553324
  119 	 0.104047 	 1.044336 	 4.094619
  120 	 0.177910 	 1.119814 	 9.519486
  121 	 0.036704 	 1.215585 	 6.561366
  122 	 0.104675 	 1.035048 	 4.156105
  123 	 0.150855 	 1.102714 	 9.596603
  124 	 0.236765 	 1.166759 	 6.066245
  125 	 0.103837 	 1.157122 	 5.187921
  126 	 0.163033 	 1.039798 	 3.286613
  127 	 0.099394 	 1.104340 	 8.551628
  128 	 0.298141 	 1.145863 	 5.677541
  129 	 0.116758 	 1.192588 	 7.576091
  130 	 0.175210 	 1.034283 	 3.011672
  131 	 0.130851 	 1.081584 	 6.695324
  132 	 0.133278 	 1.096958 	 4.812090
  133 	 0.037420 	 1.141665 	 6.069770
  134 	 0.206356 	 1.091064 	 6.068776
  135 	 0.163621 	 1.216346 	 14.021355
  136 	 0.163863 	 1.082231 	 4.556718
  137 	 0.071154 	 1.143698 	 5.062742
  138 	 0.114833 	 1.048194 	 5.056568
  139 	 0.126263 	 1.125700 	 9.518878
  140 	 0.118395 	 1.207504 	 6.723456
  141 	 0.104910 	 1.265891 	 7.301213
  142 	 0.038088 	 1.111736 	 7.604838
  143 	 0.136763 	 1.089538 	 7.204088
  144 	 0.130912 	 1.378997 	 19.535772
  145 	 0.138558 	 1.235583 	 6.672753
  146 	 0.051099 	 1.098303 	 6.943878
  147 	 0.127734 	 1.057908 	 5.798507
  148 	 0.143741 	 1.306991 	 15.576438
  149 	 0.037596 	 1.245964 	 7.100547
  150 	 0.064146 	 1.082282 	 5.629343
  151 	 0.140575 	 1.189033 	 13.986816
  152 	 0.037384 	 1.193950 	 10.199332
  153 	 0.071323 	 1.190145 	 6.507243
  154 	 0.097920 	 1.483319 	 19.808058
  155 	 0.153366 	 1.284047 	 11.845100
  156 	 0.050360 	 1.186538 	 9.007392
  157 	 0.084330 	 1.162976 	 6.007225
  158 	 0.110859 	 1.339472 	 15.758025
  159 	 0.166104 	 1.225341 	 8.458099
  160 	 0.063407 	 1.203972 	 8.067200
  161 	 0.038092 	 1.120076 	 4.999899
  162 	 0.036887 	 1.327310 	 13.070687
  163 	 0.130508 	 1.404397 	 19.534192
  164 	 0.076221 	 1.441696 	 20.005371
  165 	 0.036739 	 1.139893 	 6.963405
  166 	 0.036904 	 1.356146 	 11.195600
  167 	 0.143338 	 1.762481 	 20.064669
  168 	 0.089214 	 1.510221 	 19.998395
  169 	 0.038209 	 1.100726 	 6.392296
  170 	 0.037938 	 1.460696 	 9.773826
  171 	 0.155613 	 1.807203 	 19.190676
  172 	 0.102177 	 1.632300 	 19.593101
  173 	 0.052017 	 1.064638 	 5.927222
  174 	 0.051004 	 1.342828 	 7.618752
  175 	 0.167844 	 1.698639 	 15.357018
  176 	 0.131030 	 1.619557 	 15.599571
  177 	 0.065061 	 1.045735 	 5.526578
  178 	 0.064051 	 1.286198 	 6.938188
  179 	 0.180516 	 1.674264 	 12.794045
  180 	 0.037001 	 1.538103 	 12.828637
  181 	 0.078077 	 1.038607 	 5.229689
  182 	 0.037880 	 1.532775 	 20.963712
  183 	 0.112888 	 1.570128 	 10.967727
  184 	 0.047670 	 1.652525 	 19.615463
  185 	 0.091068 	 1.097167 	 7.937261
  186 	 0.050946 	 1.599108 	 17.132112
  187 	 0.125818 	 1.502827 	 9.599888
  188 	 0.058325 	 1.557183 	 15.613724
  189 	 0.104026 	 1.129535 	 7.198466
  190 	 0.063875 	 1.467010 	 9.977511
  191 	 0.138666 	 1.470553 	 8.716422
  192 	 0.099806 	 1.480772 	 13.409344
  193 	 0.037024 	 1.101543 	 6.589083
  194 	 0.074515 	 1.430384 	 8.856900
  195 	 0.151465 	 1.634721 	 19.950324
  196 	 0.112740 	 1.392486 	 8.589923
  197 	 0.050112 	 1.084639 	 6.166554
  198 	 0.038083 	 1.382806 	 8.662539
  199 	 0.035974 	 1.608910 	 18.935192
  200 	 0.115297 	 1.601492 	 23.156993
  201 	 0.052782 	 1.374379 	 25.857265
  202 	 0.043110 	 1.377109 	 8.474777
  203 	 0.038670 	 1.428363 	 15.178665
  204 	 0.048444 	 1.573751 	 21.829298
  205 	 0.065870 	 1.451627 	 19.316255
  206 	 0.038644 	 1.466602 	 16.248465
  207 	 0.051763 	 1.401858 	 14.583582
  208 	 0.061534 	 1.824268 	 24.187067
  209 	 0.037402 	 1.574646 	 18.361203
  210 	 0.037420 	 1.444066 	 15.568060
  211 	 0.054455 	 1.511771 	 24.936650
  212 	 0.064223 	 2.046433 	 24.925298
  213 	 0.040093 	 1.560016 	 17.496379
  214 	 0.040116 	 1.407923 	 14.942553
  215 	 0.057146 	 1.395846 	 7.995863
  216 	 0.036754 	 2.127671 	 23.355993
  217 	 0.125022 	 1.543219 	 16.709585
  218 	 0.042811 	 1.736501 	 25.346164
  219 	 0.036183 	 1.384941 	 7.829475
  220 	 0.037954 	 2.033670 	 21.972882
  221 	 0.036887 	 1.709438 	 25.717891
  222 	 0.031628 	 1.927614 	 24.597903
  223 	 0.038879 	 1.666260 	 25.260955
  224 	 0.040649 	 2.230237 	 29.130793
  225 	 0.039583 	 1.681537 	 24.050380
  226 	 0.034325 	 1.815317 	 19.474401
  227 	 0.041575 	 1.706668 	 23.650400
  228 	 0.051321 	 1.979751 	 27.008936
  229 	 0.042263 	 1.576391 	 19.129688
  230 	 0.037021 	 1.772851 	 18.511220
  231 	 0.052246 	 1.746524 	 22.240267
  232 	 0.054013 	 1.942487 	 25.175530
  233 	 0.044958 	 1.548190 	 18.199828
  234 	 0.039717 	 1.739531 	 17.632504
  235 	 0.054937 	 1.722260 	 20.982810
  236 	 0.056705 	 1.797975 	 19.834618
  237 	 0.039364 	 1.393625 	 15.235199
  238 	 0.050410 	 1.932643 	 16.833661
  239 	 0.065626 	 1.939502 	 23.773095
  240 	 0.059339 	 1.731444 	 16.363909
  241 	 0.030769 	 1.419461 	 13.101713
  242 	 0.061061 	 1.893218 	 16.118920
  243 	 0.076264 	 2.097174 	 24.114352
  244 	 0.062029 	 1.672977 	 14.363635
  245 	 0.041447 	 1.311587 	 12.664057
  246 	 0.038461 	 1.692411 	 15.449137
  247 	 0.078882 	 2.042810 	 22.651804
  248 	 0.036997 	 1.812087 	 20.341215
  249 	 0.035525 	 1.308520 	 12.257595
  250 	 0.049155 	 1.867091 	 20.965845
  251 	 0.081511 	 2.091629 	 26.160870
  252 	 0.047690 	 1.757721 	 16.707098
  253 	 0.038221 	 1.367421 	 11.874941
  254 	 0.059845 	 1.791026 	 17.126064
  255 	 0.038022 	 1.943877 	 24.437264
  256 	 0.058381 	 1.719704 	 15.988448
  257 	 0.040917 	 1.679745 	 24.556494
  258 	 0.036982 	 1.605058 	 16.371608
  259 	 0.040718 	 1.894940 	 22.927041
  260 	 0.036855 	 2.493509 	 25.200276
  261 	 0.043611 	 1.606354 	 21.825488
  262 	 0.039678 	 1.981830 	 25.281514
  263 	 0.035994 	 1.903071 	 21.226231
  264 	 0.039547 	 2.366038 	 23.580878
  265 	 0.038057 	 1.767646 	 25.844064
  266 	 0.042398 	 1.921422 	 22.398093
  267 	 0.038690 	 2.203455 	 24.535465
  268 	 0.044636 	 2.273205 	 21.658697
  269 	 0.040753 	 1.727249 	 24.160664
  270 	 0.046165 	 1.933731 	 20.105943
  271 	 0.041385 	 2.135950 	 23.013439
  272 	 0.049708 	 2.146415 	 19.506442
  273 	 0.043448 	 1.696412 	 22.683456
  274 	 0.051252 	 1.941056 	 18.245462
  275 	 0.044080 	 1.931041 	 21.669504
  276 	 0.054800 	 2.081004 	 17.745675
  277 	 0.039140 	 1.644413 	 21.376759
  278 	 0.056336 	 1.887633 	 17.391284
  279 	 0.046774 	 2.126646 	 22.604028
  280 	 0.037969 	 1.991654 	 16.938933
  281 	 0.044230 	 1.682244 	 20.212680
  282 	 0.059026 	 2.130518 	 24.588633
  283 	 0.049461 	 2.058309 	 21.308353
  284 	 0.040665 	 1.946446 	 16.200572
  285 	 0.036974 	 1.753507 	 18.327956
  286 	 0.061716 	 2.053986 	 21.850867
  287 	 0.054546 	 2.251578 	 23.767673
  288 	 0.045759 	 1.919697 	 14.966481
  289 	 0.042064 	 1.806662 	 17.468375
  290 	 0.066793 	 1.982457 	 19.546842
  291 	 0.057230 	 2.086476 	 19.118183
  292 	 0.035727 	 1.747567 	 14.389889
  293 	 0.052299 	 1.816610 	 16.686238
  294 	 0.069480 	 2.456723 	 26.023242
  295 	 0.059910 	 2.021943 	 18.182192
  296 	 0.038423 	 1.794751 	 13.854209
  297 	 0.036444 	 1.771561 	 15.382182
  298 	 0.072166 	 2.305934 	 22.818944
  299 	 0.064999 	 1.961705 	 22.756226
  300 	 0.037235 	 1.637750 	 13.357163
  301 	 0.043939 	 1.829562 	 14.771289
  302 	 0.037774 	 2.561270 	 25.040432
  303 	 0.067687 	 1.979068 	 21.441360
  304 	 0.039931 	 1.839822 	 24.707433
  305 	 0.046633 	 1.741903 	 14.047595
  306 	 0.037177 	 2.491296 	 23.457034
  307 	 0.071173 	 1.921325 	 20.270412
  308 	 0.042626 	 2.053514 	 25.077116
  309 	 0.049326 	 1.873686 	 13.323321
  310 	 0.038329 	 2.470560 	 22.062267
  311 	 0.075041 	 1.848849 	 19.110797
  312 	 0.045321 	 2.266527 	 23.324854
  313 	 0.052319 	 1.959083 	 13.272956
  314 	 0.042872 	 2.431815 	 20.824336
  315 	 0.075326 	 1.818467 	 17.325292
  316 	 0.048015 	 2.171951 	 21.943202
  317 	 0.057718 	 1.953650 	 12.816262
  318 	 0.045562 	 2.374860 	 19.718210
  319 	 0.078009 	 1.859622 	 16.469551
  320 	 0.050708 	 2.108093 	 20.592388
  321 	 0.060707 	 1.908881 	 12.344237
  322 	 0.048555 	 2.266521 	 18.619331
  323 	 0.080990 	 1.804212 	 15.696844
  324 	 0.053699 	 2.026883 	 19.396652
  325 	 0.063695 	 1.848594 	 11.906207
  326 	 0.051547 	 2.233981 	 17.636998
  327 	 0.083969 	 1.765239 	 14.993645
  328 	 0.038369 	 1.853564 	 18.332699
  329 	 0.024387 	 1.700397 	 11.498394
  330 	 0.054538 	 2.275498 	 24.172581
  331 	 0.038407 	 1.608672 	 12.910924
  332 	 0.041364 	 1.750769 	 17.154928
  333 	 0.038921 	 1.740245 	 24.150545
  334 	 0.058282 	 2.164060 	 22.540760
  335 	 0.041402 	 1.804074 	 23.854440
  336 	 0.044358 	 1.676982 	 13.347045
  337 	 0.041916 	 1.744178 	 22.521603
  338 	 0.074906 	 2.084329 	 21.115670
  339 	 0.036283 	 1.789406 	 22.263946
  340 	 0.035363 	 1.605373 	 12.712138
  341 	 0.044910 	 1.912335 	 21.149190
  342 	 0.078646 	 2.274355 	 26.066467
  343 	 0.047276 	 1.820599 	 20.872626
  344 	 0.038153 	 1.615139 	 12.129086
  345 	 0.047903 	 1.863607 	 20.009422
  346 	 0.036402 	 2.380088 	 24.299761
  347 	 0.049969 	 1.721938 	 19.645293
  348 	 0.041148 	 1.830434 	 25.574232
  349 	 0.037841 	 1.818763 	 18.878971
  350 	 0.039097 	 2.391671 	 22.705493
  351 	 0.052961 	 1.955389 	 24.485361
  352 	 0.044036 	 1.754175 	 23.754495
  353 	 0.040836 	 1.796261 	 17.966030
  354 	 0.042093 	 2.380029 	 21.396592
  355 	 0.037227 	 1.974362 	 22.812170
  356 	 0.038709 	 1.638201 	 22.325147
  357 	 0.043830 	 2.050010 	 25.045629
  358 	 0.037506 	 2.523314 	 23.975349
  359 	 0.039922 	 1.937849 	 21.491273
  360 	 0.037182 	 1.851042 	 24.687566
  361 	 0.046524 	 1.976245 	 23.461857
  362 	 0.040502 	 2.513108 	 25.074027
  363 	 0.042173 	 1.995000 	 21.356554
  364 	 0.038858 	 1.913635 	 24.508719
  365 	 0.046823 	 2.042636 	 23.544383
  366 	 0.040801 	 2.561085 	 25.537609
  367 	 0.042472 	 1.983134 	 21.220884
  368 	 0.039154 	 1.671958 	 24.330119
  369 	 0.047117 	 2.025692 	 23.379537
  370 	 0.037970 	 2.573290 	 25.346096
  371 	 0.042772 	 1.971034 	 21.089301
  372 	 0.039453 	 1.821146 	 26.130264
  373 	 0.047417 	 2.021333 	 23.216986
  374 	 0.038269 	 2.580488 	 25.155110
  375 	 0.037251 	 1.971141 	 20.957003
  376 	 0.039753 	 1.898810 	 25.927306
  377 	 0.047716 	 2.304027 	 26.630391
  378 	 0.036754 	 2.567787 	 24.966985
  379 	 0.034804 	 1.914622 	 20.826357
  380 	 0.040052 	 2.179306 	 26.987870
  381 	 0.048015 	 2.587775 	 28.486829
  382 	 0.037053 	 2.561244 	 24.781657
  383 	 0.035104 	 1.897808 	 20.697335
  384 	 0.040339 	 1.834963 	 25.530718
  385 	 0.036875 	 2.519883 	 28.245726
  386 	 0.019364 	 2.646383 	 24.606947
  387 	 0.035403 	 2.222188 	 26.899615
  388 	 0.040638 	 2.100705 	 50.855085
  389 	 0.029847 	 3.064432 	 28.008675
  390 	 0.019664 	 2.690808 	 24.426915
  391 	 0.035703 	 2.266819 	 33.171282
  392 	 0.040938 	 2.146723 	 48.161153
  393 	 0.030146 	 3.066399 	 27.775575
  394 	 0.020763 	 2.622628 	 23.788020
  395 	 0.036001 	 2.246419 	 32.844714
  396 	 0.042037 	 2.492181 	 47.475475
  397 	 0.030446 	 3.337635 	 27.547114
  398 	 0.021063 	 2.672880 	 23.181709
  399 	 0.036301 	 2.238894 	 32.524519
 