   0 	 0.017775 	 0.080147 	 1.297522
    1 	 0.022087 	 0.417134 	 1.297522
    2 	 0.035556 	 0.741969 	 3.567962
    3 	 0.044652 	 0.883903 	 3.723048
    4 	 0.038196 	 0.806558 	 3.190183
    5 	 0.113538 	 0.915280 	 3.365634
    6 	 0.105617 	 0.858832 	 2.669235
    7 	 0.042949 	 0.840644 	 2.088942
    8 	 0.109105 	 0.869895 	 2.230867
    9 	 0.378894 	 0.918667 	 3.462021
   10 	 0.042793 	 0.937353 	 2.816859
   11 	 0.269693 	 0.884731 	 1.483252
   12 	 0.104606 	 0.887880 	 3.463891
   13 	 0.313714 	 0.913995 	 1.939515
   14 	 0.227661 	 0.913924 	 2.853015
   15 	 0.037989 	 0.856575 	 1.786946
   16 	 0.322694 	 0.899425 	 2.111660
   17 	 0.124086 	 0.940085 	 3.522503
   18 	 0.424167 	 0.901645 	 1.758726
   19 	 0.265364 	 0.876215 	 2.702803
   20 	 0.126854 	 0.878260 	 1.492387
   21 	 0.039984 	 0.904856 	 1.955936
   22 	 0.319538 	 0.919515 	 2.682734
   23 	 0.318521 	 0.906128 	 3.497924
   24 	 0.341456 	 0.884751 	 1.768542
   25 	 0.267107 	 0.913468 	 1.771726
   26 	 0.496415 	 0.897190 	 1.702545
   27 	 0.101016 	 0.876409 	 1.949293
   28 	 0.339130 	 0.877048 	 1.347136
   29 	 0.337561 	 0.915888 	 2.882545
   30 	 0.627732 	 0.901616 	 1.709313
   31 	 0.037955 	 0.854843 	 1.713912
   32 	 0.037631 	 0.870608 	 1.144647
   33 	 0.123437 	 0.969004 	 3.598395
   34 	 0.043623 	 0.914348 	 3.526949
   35 	 0.260126 	 0.883347 	 2.707558
   36 	 0.040008 	 0.866836 	 3.552108
   37 	 0.338586 	 0.909425 	 1.976185
   38 	 0.263296 	 0.965019 	 3.497628
   39 	 0.040643 	 0.853866 	 1.710905
   40 	 0.267128 	 0.845892 	 1.195474
   41 	 0.043616 	 0.944402 	 3.489875
   42 	 0.101047 	 0.909567 	 1.949213
   43 	 0.037864 	 0.869215 	 3.454041
   44 	 0.043587 	 0.894933 	 2.882284
   45 	 0.043576 	 0.980888 	 3.524059
   46 	 0.040043 	 0.909782 	 3.454393
   47 	 0.265255 	 0.905423 	 3.454519
   48 	 0.040034 	 0.928974 	 3.497196
   49 	 0.270240 	 0.920019 	 1.956355
   50 	 0.107465 	 0.919743 	 3.497318
   51 	 0.454080 	 0.884608 	 1.937461
   52 	 0.267150 	 0.908570 	 2.829939
   53 	 0.043592 	 0.892252 	 1.428612
   54 	 0.101093 	 0.891580 	 1.949129
   55 	 0.597189 	 0.906001 	 3.454332
   56 	 0.112799 	 0.897000 	 2.881902
   57 	 0.267649 	 0.882110 	 1.186115
   58 	 0.037842 	 0.897399 	 2.488190
   59 	 0.495377 	 0.891642 	 1.947233
   60 	 0.038711 	 0.909576 	 3.524335
   61 	 0.040201 	 0.876534 	 1.256792
   62 	 0.265235 	 0.915582 	 3.513575
   63 	 0.105741 	 0.884730 	 3.036740
   64 	 0.122635 	 0.876005 	 1.956429
   65 	 0.100890 	 0.890692 	 2.843810
   66 	 0.040017 	 0.875307 	 1.953528
   67 	 0.342829 	 0.910321 	 2.883587
   68 	 0.101175 	 0.959287 	 3.497523
   69 	 0.105175 	 0.880666 	 1.698576
   70 	 0.267135 	 0.905948 	 2.881220
   71 	 0.514277 	 0.933842 	 2.848397
   72 	 0.319783 	 0.933179 	 2.912455
   73 	 0.319458 	 0.886603 	 1.315483
   74 	 0.121444 	 0.911721 	 1.767775
   75 	 0.037861 	 0.906190 	 1.636500
   76 	 0.114657 	 0.943304 	 2.722241
   77 	 0.038193 	 0.957872 	 5.058210
   78 	 0.037839 	 0.907314 	 2.773486
   79 	 0.037972 	 1.032444 	 8.978230
   80 	 0.110849 	 0.992838 	 3.524361
   81 	 0.110481 	 1.016683 	 5.999869
   82 	 0.265234 	 0.990957 	 5.436280
   83 	 0.125064 	 1.058283 	 5.447185
   84 	 0.181509 	 0.976728 	 2.112625
   85 	 0.037883 	 1.009586 	 5.046332
   86 	 0.446404 	 0.980563 	 3.927596
   87 	 0.118541 	 1.123300 	 5.309174
   88 	 0.249957 	 0.989606 	 1.924914
   89 	 0.185795 	 1.028978 	 5.218082
   90 	 0.124879 	 0.981426 	 3.095433
   91 	 0.171940 	 1.083886 	 3.862568
   92 	 0.038047 	 1.007382 	 5.051044
   93 	 0.254086 	 0.993641 	 4.080965
   94 	 0.195155 	 1.097607 	 8.997096
   95 	 0.240728 	 1.045137 	 2.552113
   96 	 0.110251 	 0.983244 	 3.727802
   97 	 0.112048 	 0.966075 	 3.186458
   98 	 0.040510 	 1.056037 	 5.454012
   99 	 0.121261 	 1.132728 	 5.401087
  100 	 0.120889 	 1.051434 	 8.657222
  101 	 0.122692 	 0.965904 	 4.019915
  102 	 0.114543 	 1.048447 	 5.154935
  103 	 0.244205 	 1.154084 	 5.107459
  104 	 0.191276 	 1.070233 	 5.305712
  105 	 0.191513 	 0.956099 	 2.690303
  106 	 0.039581 	 0.997725 	 3.782484
  107 	 0.361873 	 1.067633 	 3.757570
  108 	 0.259364 	 1.149225 	 8.874632
  109 	 0.038130 	 0.953107 	 2.298995
  110 	 0.111760 	 0.992448 	 3.007843
  111 	 0.421231 	 1.189623 	 8.839350
  112 	 0.136285 	 1.050211 	 5.409492
  113 	 0.112203 	 0.905992 	 1.881066
  114 	 0.182662 	 1.019896 	 4.775894
  115 	 0.038031 	 1.164731 	 5.341806
  116 	 0.206148 	 1.035826 	 3.909884
  117 	 0.038107 	 1.043791 	 9.696443
  118 	 0.251068 	 1.009077 	 3.810284
  119 	 0.102339 	 1.288948 	 10.592407
  120 	 0.040251 	 0.994172 	 3.162875
  121 	 0.037986 	 0.998028 	 5.699984
  122 	 0.309026 	 1.179960 	 8.822183
  123 	 0.173218 	 1.270909 	 9.002069
  124 	 0.040213 	 0.979967 	 2.616938
  125 	 0.110191 	 0.966197 	 4.059797
  126 	 0.371742 	 1.207926 	 8.825075
  127 	 0.241961 	 1.183900 	 6.309513
  128 	 0.112383 	 0.974250 	 2.247989
  129 	 0.156872 	 0.944747 	 3.173988
  130 	 0.390215 	 1.126158 	 5.634354
  131 	 0.119266 	 1.125141 	 4.873952
  132 	 0.175455 	 0.958624 	 2.196281
  133 	 0.200712 	 1.020324 	 5.967800
  134 	 0.445517 	 1.112965 	 4.469165
  135 	 0.040673 	 1.071526 	 4.015862
  136 	 0.038426 	 0.922281 	 2.025040
  137 	 0.246053 	 1.142882 	 9.454216
  138 	 0.039020 	 1.264833 	 11.530540
  139 	 0.040340 	 1.028249 	 3.307390
  140 	 0.086239 	 1.127835 	 11.452156
  141 	 0.040174 	 1.185322 	 11.281556
  142 	 0.086953 	 1.170454 	 6.607667
  143 	 0.088262 	 1.179051 	 9.499029
  144 	 0.150241 	 1.117431 	 7.393544
  145 	 0.104741 	 1.106826 	 7.322658
  146 	 0.036971 	 1.105787 	 4.643794
  147 	 0.135668 	 1.113226 	 6.534180
  148 	 0.212581 	 1.209462 	 11.727372
  149 	 0.151918 	 1.051980 	 4.699963
  150 	 0.084921 	 1.075921 	 3.833167
  151 	 0.131830 	 1.065168 	 4.607903
  152 	 0.256840 	 1.126815 	 7.506330
  153 	 0.035373 	 1.067587 	 5.551555
  154 	 0.037386 	 1.042411 	 3.106164
  155 	 0.117634 	 1.343118 	 20.630072
  156 	 0.249376 	 1.301522 	 19.807358
  157 	 0.048320 	 1.086681 	 5.328329
  158 	 0.050453 	 1.042578 	 3.133067
  159 	 0.186636 	 1.243753 	 10.349770
  160 	 0.117626 	 1.173220 	 8.315812
  161 	 0.095973 	 1.047346 	 5.093832
  162 	 0.119148 	 1.081438 	 6.026778
  163 	 0.036873 	 1.214041 	 6.931289
  164 	 0.037107 	 1.111081 	 5.406923
  165 	 0.143275 	 1.140873 	 11.740862
  166 	 0.183311 	 1.233316 	 11.708594
  167 	 0.081890 	 1.141590 	 6.562758
  168 	 0.085056 	 1.060911 	 4.317591
  169 	 0.123883 	 1.126710 	 7.924580
  170 	 0.229048 	 1.183325 	 10.187809
  171 	 0.036999 	 1.175285 	 6.054315
  172 	 0.097693 	 1.069248 	 4.199063
  173 	 0.164815 	 1.232195 	 11.723459
  174 	 0.235662 	 1.151692 	 9.025807
  175 	 0.036808 	 1.145127 	 5.620665
  176 	 0.037190 	 1.063026 	 3.660090
  177 	 0.117087 	 1.368081 	 12.329306
  178 	 0.272243 	 1.231458 	 11.697261
  179 	 0.081021 	 1.146614 	 6.046404
  180 	 0.085394 	 1.042926 	 3.119706
  181 	 0.165030 	 1.308390 	 10.624562
  182 	 0.136634 	 1.165008 	 7.479738
  183 	 0.093696 	 1.075643 	 4.181824
  184 	 0.133461 	 1.108531 	 6.678495
  185 	 0.236400 	 1.338730 	 9.363679
  186 	 0.149441 	 1.139591 	 6.823106
  187 	 0.105281 	 1.056391 	 4.008020
  188 	 0.146280 	 1.104846 	 6.152285
  189 	 0.039672 	 1.258786 	 6.949392
  190 	 0.162196 	 1.102010 	 6.274312
  191 	 0.143627 	 1.263875 	 11.908653
  192 	 0.158263 	 1.114580 	 5.704639
  193 	 0.083880 	 1.265016 	 6.380530
  194 	 0.174894 	 1.092483 	 5.835578
  195 	 0.100224 	 1.247539 	 10.311370
  196 	 0.170979 	 1.102603 	 5.319309
  197 	 0.039680 	 1.123020 	 4.591827
  198 	 0.127103 	 1.077076 	 5.432454
  199 	 0.123074 	 1.438511 	 18.946389
  200 	 0.038995 	 1.126341 	 7.132506
  201 	 0.052664 	 1.170223 	 7.133978
  202 	 0.139946 	 1.343120 	 19.195753
  203 	 0.037811 	 1.333424 	 15.205868
  204 	 0.051964 	 1.123192 	 6.533975
  205 	 0.065707 	 1.337082 	 12.545345
  206 	 0.037632 	 1.266533 	 15.369447
  207 	 0.079628 	 1.240579 	 9.293029
  208 	 0.065009 	 1.298213 	 19.711444
  209 	 0.107456 	 1.231764 	 8.228573
  210 	 0.037988 	 1.191320 	 12.802657
  211 	 0.120912 	 1.271084 	 8.294892
  212 	 0.078029 	 1.569386 	 19.573903
  213 	 0.119950 	 1.295239 	 7.462012
  214 	 0.051054 	 1.171859 	 10.973456
  215 	 0.067404 	 1.243113 	 7.515957
  216 	 0.091020 	 1.370561 	 10.757971
  217 	 0.038297 	 1.173472 	 6.299482
  218 	 0.037749 	 1.167098 	 7.523300
  219 	 0.136738 	 1.420484 	 19.456313
  220 	 0.036822 	 1.345076 	 8.162769
  221 	 0.051363 	 1.216412 	 6.673851
  222 	 0.036734 	 1.355051 	 21.775919
  223 	 0.129201 	 1.318608 	 16.539133
  224 	 0.045895 	 1.370042 	 8.388163
  225 	 0.059974 	 1.222035 	 6.992960
  226 	 0.119086 	 1.272024 	 16.950668
  227 	 0.123596 	 1.238922 	 14.477173
  228 	 0.058949 	 1.300938 	 6.973545
  229 	 0.069031 	 1.293844 	 7.107521
  230 	 0.037545 	 1.283377 	 13.149378
  231 	 0.140437 	 1.282731 	 12.131372
  232 	 0.076001 	 1.667524 	 19.629085
  233 	 0.082342 	 1.238545 	 6.347705
  234 	 0.050911 	 1.259223 	 11.185520
  235 	 0.035189 	 1.299233 	 10.935890
  236 	 0.089297 	 1.515193 	 16.663646
  237 	 0.037075 	 1.464207 	 22.578769
  238 	 0.059964 	 1.222132 	 9.372355
  239 	 0.044264 	 1.453023 	 18.357163
  240 	 0.106499 	 1.408330 	 9.817030
  241 	 0.054351 	 1.289436 	 11.605805
  242 	 0.101687 	 1.156409 	 6.738585
  243 	 0.086064 	 1.357063 	 12.172759
  244 	 0.148199 	 1.379172 	 9.026352
  245 	 0.082062 	 1.222990 	 6.672698
  246 	 0.035578 	 1.111059 	 6.199665
  247 	 0.126024 	 1.277241 	 11.177888
  248 	 0.037475 	 1.798987 	 20.007600
  249 	 0.089390 	 1.224000 	 6.302356
  250 	 0.049912 	 1.261569 	 16.187838
  251 	 0.157974 	 1.229784 	 9.116632
  252 	 0.061615 	 1.656663 	 17.448229
  253 	 0.109529 	 1.223602 	 5.845422
  254 	 0.057268 	 1.226901 	 14.489542
  255 	 0.170858 	 1.140547 	 7.517176
  256 	 0.068980 	 1.479422 	 12.891833
  257 	 0.132670 	 1.223614 	 5.231280
  258 	 0.077447 	 1.199063 	 12.138853
  259 	 0.190669 	 1.118352 	 6.537210
  260 	 0.082330 	 1.410664 	 10.230535
  261 	 0.140913 	 1.191138 	 4.544020
  262 	 0.097619 	 1.134504 	 8.544819
  263 	 0.126426 	 1.145840 	 6.202976
  264 	 0.108799 	 1.316414 	 5.382374
  265 	 0.160687 	 1.244037 	 7.167140
  266 	 0.122940 	 1.166437 	 8.203524
  267 	 0.139265 	 1.127466 	 5.744250
  268 	 0.036738 	 1.343004 	 6.981273
  269 	 0.036601 	 1.197073 	 5.748271
  270 	 0.142825 	 1.312329 	 17.440501
  271 	 0.173570 	 1.469940 	 17.574249
  272 	 0.057270 	 1.311598 	 6.401021
  273 	 0.056836 	 1.173598 	 5.158099
  274 	 0.037795 	 1.234432 	 12.841881
  275 	 0.193110 	 1.239372 	 12.058507
  276 	 0.077789 	 1.472970 	 17.213270
  277 	 0.072628 	 1.162138 	 4.679240
  278 	 0.038669 	 1.178192 	 10.966225
  279 	 0.212606 	 1.196235 	 10.316881
  280 	 0.038528 	 1.617502 	 16.872262
  281 	 0.096738 	 1.144925 	 4.221085
  282 	 0.059198 	 1.344298 	 19.257472
  283 	 0.037682 	 1.191338 	 8.522372
  284 	 0.038626 	 1.491902 	 12.531688
  285 	 0.036854 	 1.328949 	 13.815537
  286 	 0.079575 	 1.375524 	 13.637658
  287 	 0.036525 	 1.332880 	 17.405121
  288 	 0.073216 	 1.415392 	 10.012463
  289 	 0.057387 	 1.637029 	 18.648165
  290 	 0.038270 	 1.292852 	 12.148333
  291 	 0.053555 	 1.251715 	 12.872086
  292 	 0.082179 	 1.574786 	 19.353509
  293 	 0.034536 	 1.497978 	 15.146927
  294 	 0.051646 	 1.233662 	 9.365176
  295 	 0.065980 	 1.355896 	 16.996296
  296 	 0.037908 	 1.451291 	 16.461995
  297 	 0.058766 	 1.532631 	 13.319056
  298 	 0.060712 	 1.370990 	 16.074969
  299 	 0.074944 	 1.301795 	 13.856902
  300 	 0.062173 	 1.384908 	 11.762979
  301 	 0.072119 	 1.491673 	 11.898570
  302 	 0.035986 	 1.232901 	 14.030486
  303 	 0.083951 	 1.253159 	 11.734488
  304 	 0.071227 	 1.529942 	 16.587468
  305 	 0.085043 	 1.454068 	 10.746757
  306 	 0.060253 	 1.196400 	 12.449081
  307 	 0.038393 	 1.209192 	 9.492814
  308 	 0.079548 	 1.495585 	 12.414113
  309 	 0.105242 	 1.408980 	 9.427501
  310 	 0.080494 	 1.149523 	 10.015188
  311 	 0.105925 	 1.314388 	 9.403625
  312 	 0.099607 	 1.500309 	 9.921173
  313 	 0.106191 	 1.412986 	 8.380438
  314 	 0.037109 	 1.125665 	 8.339815
  315 	 0.062989 	 1.273391 	 8.361855
  316 	 0.119558 	 1.644928 	 19.798386
  317 	 0.119301 	 1.491532 	 13.090884
  318 	 0.031350 	 1.124867 	 7.306866
  319 	 0.076311 	 1.227958 	 7.535732
  320 	 0.125347 	 1.811375 	 23.337373
  321 	 0.132499 	 1.515319 	 11.388097
  322 	 0.042833 	 1.176088 	 7.437888
  323 	 0.087722 	 1.194337 	 6.944494
  324 	 0.132193 	 1.600690 	 18.404993
  325 	 0.038604 	 1.538097 	 10.078364
  326 	 0.054287 	 1.225314 	 6.959273
  327 	 0.099109 	 1.372910 	 19.229213
  328 	 0.143417 	 1.580281 	 14.773797
  329 	 0.051968 	 1.498252 	 8.911908
  330 	 0.039612 	 1.132362 	 6.211355
  331 	 0.038183 	 1.245202 	 9.721201
  332 	 0.036927 	 1.557868 	 18.970961
  333 	 0.102730 	 1.716728 	 19.386246
  334 	 0.052676 	 1.374776 	 11.386010
  335 	 0.051559 	 1.294232 	 8.611072
  336 	 0.087738 	 1.425583 	 9.654772
  337 	 0.115953 	 1.592665 	 14.671621
  338 	 0.103091 	 1.238705 	 7.213008
  339 	 0.068117 	 1.199578 	 7.243586
  340 	 0.119347 	 1.377829 	 8.354848
  341 	 0.136893 	 1.598283 	 11.084440
  342 	 0.119375 	 1.223426 	 6.260750
  343 	 0.090082 	 1.121393 	 6.288004
  344 	 0.111277 	 1.475690 	 8.225359
  345 	 0.158461 	 1.626960 	 6.715866
  346 	 0.035832 	 1.236467 	 7.332612
  347 	 0.148534 	 1.093116 	 4.971142
  348 	 0.136128 	 1.585552 	 19.072401
  349 	 0.127230 	 1.499910 	 5.951175
  350 	 0.052264 	 1.169135 	 6.547575
  351 	 0.037782 	 1.105383 	 6.952670
  352 	 0.152416 	 1.554426 	 14.521467
  353 	 0.143487 	 1.679527 	 19.538134
  354 	 0.068785 	 1.132738 	 5.916585
  355 	 0.051128 	 1.076843 	 6.075809
  356 	 0.168416 	 1.566655 	 12.167674
  357 	 0.164018 	 1.600362 	 14.764923
  358 	 0.082046 	 1.081965 	 5.404943
  359 	 0.035435 	 1.059941 	 5.536560
  360 	 0.184449 	 1.494651 	 10.137248
  361 	 0.110316 	 1.937510 	 19.632955
  362 	 0.098446 	 1.112994 	 4.973903
  363 	 0.050900 	 1.107334 	 7.948129
  364 	 0.200876 	 1.435877 	 8.776078
  365 	 0.110445 	 1.774343 	 14.814801
  366 	 0.038244 	 1.067583 	 3.812782
  367 	 0.037228 	 1.119601 	 7.871203
  368 	 0.033629 	 1.523206 	 18.233418
  369 	 0.037157 	 1.817154 	 18.577537
  370 	 0.054794 	 1.353349 	 19.908958
  371 	 0.053780 	 1.256639 	 15.586661
  372 	 0.050187 	 1.437867 	 14.006681
  373 	 0.037241 	 1.662415 	 14.208495
  374 	 0.071310 	 1.275628 	 14.973011
  375 	 0.036378 	 1.429399 	 18.573090
  376 	 0.066713 	 1.404498 	 10.171903
  377 	 0.053793 	 1.715333 	 18.875751
  378 	 0.093678 	 1.137186 	 5.343606
  379 	 0.052931 	 1.332489 	 14.205899
  380 	 0.035079 	 1.379787 	 9.068016
  381 	 0.070311 	 1.599075 	 14.381969
  382 	 0.109950 	 1.297569 	 19.350084
  383 	 0.069451 	 1.163868 	 11.506001
  384 	 0.051635 	 1.410154 	 7.901992
  385 	 0.086792 	 1.593212 	 11.620964
  386 	 0.126298 	 1.240759 	 15.376310
  387 	 0.085929 	 1.128445 	 9.671926
  388 	 0.064965 	 1.371171 	 6.998005
  389 	 0.038173 	 1.550263 	 9.753369
  390 	 0.142560 	 1.166089 	 12.260160
  391 	 0.102363 	 1.323662 	 18.527717
  392 	 0.081460 	 1.369781 	 6.282996
  393 	 0.053927 	 1.643615 	 9.349039
  394 	 0.158760 	 1.212755 	 11.619795
  395 	 0.106782 	 1.253463 	 14.341600
  396 	 0.085937 	 1.347874 	 5.728672
  397 	 0.038266 	 1.519066 	 8.157776
  398 	 0.174080 	 1.153944 	 9.829237
  399 	 0.105371 	 1.462744 	 18.226233
 