   0 	 0.015913 	 0.055583 	 0.333979
    1 	 0.015913 	 0.094566 	 0.333979
    2 	 0.026247 	 0.230610 	 7.036288
    3 	 0.044926 	 2.188451 	 7.690878
    4 	 0.041850 	 4.020080 	 7.307413
    5 	 0.041172 	 2.051047 	 6.429791
    6 	 0.034254 	 0.436345 	 6.559525
    7 	 0.091750 	 1.510783 	 6.588855
    8 	 0.041663 	 2.678078 	 6.903507
    9 	 0.041364 	 1.644599 	 4.941945
   10 	 0.137550 	 0.566076 	 6.567595
   11 	 0.197920 	 1.288616 	 6.580491
   12 	 0.149741 	 2.052899 	 4.029830
   13 	 0.149452 	 1.390212 	 3.241281
   14 	 0.102883 	 0.615241 	 3.841117
   15 	 0.294544 	 1.104676 	 3.845379
   16 	 0.253055 	 1.754795 	 4.684221
   17 	 0.119002 	 1.230697 	 2.463396
   18 	 0.209608 	 0.647712 	 2.749863
   19 	 0.037255 	 1.039001 	 5.060689
   20 	 0.343715 	 1.474936 	 3.122976
   21 	 0.194579 	 1.222968 	 6.727009
   22 	 0.309179 	 0.747539 	 2.292559
   23 	 0.146233 	 0.996948 	 3.276762
   24 	 0.355528 	 1.343896 	 2.526665
   25 	 0.298030 	 1.118514 	 3.893584
   26 	 0.107795 	 0.770110 	 2.145333
   27 	 0.249689 	 1.005670 	 2.649495
   28 	 0.449654 	 1.303741 	 4.578852
   29 	 0.115442 	 1.040528 	 3.046098
   30 	 0.215640 	 0.787445 	 1.867924
   31 	 0.036506 	 1.030905 	 4.423965
   32 	 0.505427 	 1.241823 	 3.065226
   33 	 0.039630 	 1.130818 	 8.687652
   34 	 0.096459 	 0.811459 	 1.767948
   35 	 0.114063 	 1.091088 	 8.458060
   36 	 0.040658 	 1.159622 	 4.649898
   37 	 0.117044 	 1.054596 	 5.190400
   38 	 0.036560 	 0.966186 	 5.279024
   39 	 0.190716 	 1.084132 	 5.111313
   40 	 0.111034 	 1.244276 	 8.343085
   41 	 0.192655 	 1.027279 	 3.649425
   42 	 0.118741 	 0.974633 	 5.145778
   43 	 0.268239 	 1.043664 	 3.994332
   44 	 0.037072 	 1.148854 	 5.067369
   45 	 0.243609 	 1.004641 	 2.844639
   46 	 0.194327 	 1.024387 	 7.789871
   47 	 0.122017 	 1.003158 	 3.058953
   48 	 0.116901 	 1.099712 	 3.601959
   49 	 0.321342 	 1.039678 	 4.984614
   50 	 0.123789 	 0.984099 	 5.115072
   51 	 0.039014 	 0.972953 	 2.551815
   52 	 0.036438 	 1.124349 	 4.828837
   53 	 0.383904 	 1.114508 	 8.175656
   54 	 0.203577 	 1.035403 	 6.800981
   55 	 0.121150 	 0.943639 	 2.140392
   56 	 0.145258 	 1.062075 	 3.543870
   57 	 0.455915 	 1.137659 	 4.891184
   58 	 0.278019 	 1.009141 	 4.467109
   59 	 0.202258 	 0.928237 	 1.964965
   60 	 0.203883 	 1.039288 	 2.767635
   61 	 0.036937 	 1.104396 	 3.911478
   62 	 0.351341 	 1.002934 	 3.683921
   63 	 0.249901 	 0.999751 	 8.655207
   64 	 0.108393 	 0.993958 	 2.164777
   65 	 0.114772 	 1.089635 	 2.965075
   66 	 0.444825 	 1.049124 	 5.347809
   67 	 0.036813 	 0.957132 	 4.437105
   68 	 0.184124 	 0.975999 	 1.800425
   69 	 0.222479 	 1.165990 	 11.084908
   70 	 0.532191 	 1.026282 	 3.393001
   71 	 0.038263 	 0.926042 	 3.630040
   72 	 0.114173 	 0.960765 	 1.637221
   73 	 0.271515 	 1.249720 	 8.384844
   74 	 0.113995 	 1.026776 	 5.187457
   75 	 0.118155 	 0.942702 	 3.037531
   76 	 0.111005 	 1.038154 	 5.192257
   77 	 0.037168 	 1.115478 	 5.082459
   78 	 0.190648 	 1.062933 	 4.593284
   79 	 0.036866 	 1.117824 	 8.637975
   80 	 0.036329 	 0.980622 	 3.650324
   81 	 0.114724 	 1.127895 	 6.781224
   82 	 0.262873 	 1.209144 	 8.701002
   83 	 0.036753 	 1.019144 	 5.172666
   84 	 0.113487 	 0.978184 	 2.928493
   85 	 0.116558 	 1.188314 	 8.669079
   86 	 0.335654 	 1.122935 	 5.205982
   87 	 0.114652 	 1.043353 	 5.124051
   88 	 0.036861 	 0.935671 	 2.572986
   89 	 0.191035 	 1.100129 	 5.174603
   90 	 0.380809 	 1.344724 	 11.128272
   91 	 0.191292 	 1.008873 	 3.708722
   92 	 0.089231 	 0.926473 	 2.176708
   93 	 0.265384 	 1.035634 	 3.705183
   94 	 0.443398 	 1.184109 	 5.958377
   95 	 0.265634 	 0.997246 	 2.907111
   96 	 0.165646 	 0.926257 	 2.014511
   97 	 0.331377 	 1.025585 	 2.905004
   98 	 0.477758 	 1.153464 	 4.474281
   99 	 0.035390 	 0.979564 	 2.262561
  100 	 0.219097 	 0.935864 	 1.797405
  101 	 0.127302 	 1.133426 	 8.706201
  102 	 0.119233 	 1.042744 	 3.359116
  103 	 0.039216 	 1.027643 	 4.856690
  104 	 0.191807 	 1.077894 	 5.054779
  105 	 0.203679 	 1.083909 	 7.948113
  106 	 0.187330 	 1.013948 	 3.654881
  107 	 0.036776 	 1.005813 	 3.542597
  108 	 0.036898 	 1.045365 	 4.160949
  109 	 0.136452 	 1.268410 	 14.842024
  110 	 0.128528 	 1.081698 	 8.658166
  111 	 0.067238 	 1.043657 	 5.986175
  112 	 0.040116 	 1.071513 	 5.508788
  113 	 0.159013 	 1.153288 	 6.856942
  114 	 0.111665 	 1.114078 	 8.423487
  115 	 0.144185 	 1.024084 	 4.545175
  116 	 0.117618 	 1.088372 	 5.791549
  117 	 0.218542 	 1.115121 	 5.721321
  118 	 0.170353 	 1.054635 	 5.096369
  119 	 0.172416 	 1.009330 	 3.682669
  120 	 0.124429 	 1.009060 	 4.307497
  121 	 0.265868 	 1.082928 	 4.436239
  122 	 0.227993 	 1.133899 	 5.369744
  123 	 0.112553 	 1.004122 	 3.373048
  124 	 0.185173 	 0.995588 	 3.558805
  125 	 0.137558 	 1.117876 	 6.040343
  126 	 0.039164 	 1.124733 	 4.198622
  127 	 0.040178 	 1.046215 	 4.626257
  128 	 0.036777 	 1.066121 	 8.491583
  129 	 0.212546 	 1.159660 	 8.419035
  130 	 0.036907 	 1.142114 	 8.667235
  131 	 0.118708 	 1.037429 	 3.434700
  132 	 0.114340 	 1.173455 	 8.657522
  133 	 0.035533 	 1.092738 	 5.068220
  134 	 0.036678 	 1.170437 	 5.432562
  135 	 0.036875 	 1.080157 	 8.761735
  136 	 0.181968 	 1.165780 	 8.433283
  137 	 0.112751 	 1.150585 	 8.659850
  138 	 0.118508 	 1.147406 	 4.576727
  139 	 0.114394 	 1.044611 	 6.033162
  140 	 0.214808 	 1.102120 	 6.459633
  141 	 0.038381 	 1.074449 	 5.094409
  142 	 0.153548 	 1.096884 	 3.983941
  143 	 0.192241 	 1.167373 	 8.548422
  144 	 0.247173 	 1.058503 	 4.841496
  145 	 0.116486 	 1.041585 	 4.075963
  146 	 0.203112 	 1.059895 	 3.285528
  147 	 0.037035 	 1.087152 	 6.549387
  148 	 0.301048 	 1.019951 	 3.508626
  149 	 0.151976 	 1.119624 	 8.647881
  150 	 0.280079 	 1.049130 	 2.656592
  151 	 0.036775 	 1.019250 	 4.336966
  152 	 0.368671 	 1.011457 	 2.854836
  153 	 0.226472 	 1.371607 	 23.937976
  154 	 0.116563 	 1.053200 	 2.469922
  155 	 0.041712 	 1.020483 	 4.320185
  156 	 0.394397 	 1.048402 	 5.606543
  157 	 0.119087 	 1.215040 	 13.829054
  158 	 0.177291 	 1.042792 	 2.444670
  159 	 0.071886 	 1.072077 	 6.439693
  160 	 0.037680 	 1.007122 	 4.681844
  161 	 0.155166 	 1.112833 	 6.502549
  162 	 0.211948 	 1.189240 	 15.556898
  163 	 0.131319 	 1.050585 	 5.383105
  164 	 0.036801 	 0.999162 	 4.609404
  165 	 0.184526 	 1.148141 	 6.784406
  166 	 0.036903 	 1.598128 	 15.772703
  167 	 0.146254 	 1.065007 	 5.276334
  168 	 0.063255 	 1.508942 	 23.864528
  169 	 0.189346 	 1.157669 	 6.790973
  170 	 0.041894 	 1.586007 	 15.562867
  171 	 0.147146 	 1.046294 	 3.732094
  172 	 0.064235 	 1.464571 	 23.246618
  173 	 0.039205 	 1.163288 	 6.750099
  174 	 0.043008 	 1.628514 	 14.929169
  175 	 0.148036 	 1.291395 	 24.872415
  176 	 0.066961 	 1.252097 	 20.829954
  177 	 0.040197 	 1.210094 	 6.673948
  178 	 0.047996 	 1.398516 	 13.471617
  179 	 0.141411 	 1.262590 	 22.125298
  180 	 0.074203 	 1.219751 	 18.869243
  181 	 0.041757 	 1.279000 	 7.021952
  182 	 0.052993 	 1.332046 	 11.210435
  183 	 0.142309 	 1.248534 	 21.387013
  184 	 0.089163 	 1.185964 	 17.243307
  185 	 0.046746 	 1.265509 	 6.788441
  186 	 0.057977 	 1.352168 	 9.600352
  187 	 0.126474 	 1.354284 	 19.324998
  188 	 0.104109 	 1.164980 	 15.878880
  189 	 0.051712 	 1.345355 	 7.606060
  190 	 0.062947 	 1.317906 	 9.165176
  191 	 0.131374 	 1.308174 	 17.633049
  192 	 0.109049 	 1.250150 	 14.717261
  193 	 0.056696 	 1.350729 	 7.332778
  194 	 0.067917 	 1.341206 	 8.768146
  195 	 0.136355 	 1.394143 	 16.208601
  196 	 0.037742 	 1.207473 	 13.714137
  197 	 0.061677 	 1.306952 	 7.074367
  198 	 0.072891 	 1.605171 	 23.396085
  199 	 0.141256 	 1.388611 	 14.997756
  200 	 0.042733 	 1.211433 	 12.838468
  201 	 0.037869 	 1.284526 	 6.837346
  202 	 0.077861 	 1.395950 	 8.173476
  203 	 0.146149 	 1.580571 	 20.296867
  204 	 0.122272 	 1.191818 	 11.203151
  205 	 0.049257 	 1.282828 	 6.347243
  206 	 0.089221 	 1.456912 	 7.885387
  207 	 0.157425 	 1.514844 	 16.486260
  208 	 0.036984 	 1.163407 	 9.938303
  209 	 0.060653 	 1.267144 	 5.923303
  210 	 0.030751 	 1.565032 	 20.667908
  211 	 0.168500 	 1.470005 	 15.208449
  212 	 0.036696 	 1.387403 	 23.724277
  213 	 0.065731 	 1.236353 	 5.558630
  214 	 0.042142 	 1.744447 	 20.791729
  215 	 0.179736 	 1.427999 	 12.964900
  216 	 0.048084 	 1.397132 	 18.676909
  217 	 0.077064 	 1.210847 	 5.231889
  218 	 0.053528 	 1.633459 	 16.811102
  219 	 0.190720 	 1.446733 	 11.304086
  220 	 0.059444 	 1.338449 	 15.401738
  221 	 0.088374 	 1.179204 	 4.947556
  222 	 0.064880 	 1.578407 	 14.115480
  223 	 0.201655 	 1.420628 	 10.022603
  224 	 0.070787 	 1.290241 	 13.109643
  225 	 0.099661 	 1.143567 	 4.693615
  226 	 0.076213 	 1.510122 	 12.167366
  227 	 0.212539 	 1.452682 	 9.004050
  228 	 0.033466 	 1.394226 	 11.413770
  229 	 0.110411 	 1.133759 	 4.465498
  230 	 0.087465 	 1.666411 	 22.288376
  231 	 0.037622 	 1.385688 	 8.209423
  232 	 0.044844 	 1.321413 	 10.114821
  233 	 0.121642 	 1.336324 	 20.398914
  234 	 0.098754 	 1.661953 	 17.779827
  235 	 0.048995 	 1.346546 	 7.516404
  236 	 0.056207 	 1.270033 	 7.827571
  237 	 0.132841 	 1.329811 	 16.557702
  238 	 0.127568 	 1.590098 	 14.791260
  239 	 0.060353 	 1.377428 	 6.932847
  240 	 0.036876 	 1.225879 	 7.195913
  241 	 0.037800 	 1.215061 	 13.936638
  242 	 0.138517 	 1.730248 	 20.714116
  243 	 0.035314 	 1.750325 	 21.367474
  244 	 0.048250 	 1.196336 	 6.670342
  245 	 0.037003 	 1.454540 	 21.406915
  246 	 0.037371 	 1.635321 	 15.810348
  247 	 0.046694 	 1.926139 	 20.659999
  248 	 0.037483 	 1.364921 	 20.504176
  249 	 0.048309 	 1.377490 	 16.208965
  250 	 0.048743 	 1.796116 	 19.053786
  251 	 0.061651 	 1.877049 	 16.747970
  252 	 0.052445 	 1.377939 	 16.626909
  253 	 0.059668 	 1.329867 	 13.689083
  254 	 0.037511 	 1.689076 	 15.662924
  255 	 0.072990 	 1.740964 	 14.071004
  256 	 0.037829 	 1.527955 	 20.445171
  257 	 0.071011 	 1.307099 	 11.849725
  258 	 0.048884 	 1.784536 	 20.313314
  259 	 0.041869 	 1.562207 	 10.852527
  260 	 0.049201 	 1.532790 	 16.588131
  261 	 0.092048 	 1.409918 	 12.809209
  262 	 0.060243 	 1.745272 	 16.501323
  263 	 0.037768 	 1.578941 	 9.447529
  264 	 0.060559 	 1.471382 	 15.327387
  265 	 0.105720 	 1.547438 	 20.338569
  266 	 0.065194 	 1.721907 	 13.896729
  267 	 0.049071 	 1.596459 	 8.088009
  268 	 0.071752 	 1.406229 	 12.659152
  269 	 0.123429 	 1.439586 	 16.536936
  270 	 0.034380 	 1.599655 	 12.026193
  271 	 0.060429 	 1.517292 	 6.385361
  272 	 0.083073 	 1.606658 	 21.843700
  273 	 0.038120 	 1.435466 	 13.921943
  274 	 0.045756 	 1.565397 	 10.585023
  275 	 0.071758 	 1.724783 	 20.193729
  276 	 0.035935 	 1.416583 	 16.790936
  277 	 0.049492 	 1.337586 	 11.687984
  278 	 0.059507 	 1.689246 	 20.106409
  279 	 0.085475 	 1.705024 	 15.799681
  280 	 0.049589 	 1.303647 	 13.641250
  281 	 0.063237 	 1.290813 	 10.073068
  282 	 0.038384 	 1.531099 	 15.775628
  283 	 0.099139 	 1.607166 	 13.398145
  284 	 0.063334 	 1.504992 	 20.086813
  285 	 0.074560 	 1.329108 	 9.046596
  286 	 0.049756 	 1.506069 	 13.380875
  287 	 0.036951 	 1.609208 	 11.633261
  288 	 0.074657 	 1.474467 	 16.351710
  289 	 0.085876 	 1.485633 	 20.682301
  290 	 0.061128 	 1.442388 	 11.620266
  291 	 0.048318 	 1.554604 	 9.682765
  292 	 0.085928 	 1.437659 	 13.346136
  293 	 0.103155 	 1.355033 	 16.745287
  294 	 0.074864 	 1.389634 	 10.274546
  295 	 0.038605 	 1.529590 	 8.729442
  296 	 0.036673 	 1.395162 	 11.592305
  297 	 0.114405 	 1.497127 	 19.228746
  298 	 0.085100 	 1.538272 	 20.801682
  299 	 0.050654 	 1.509956 	 7.948780
  300 	 0.048047 	 1.362665 	 10.362711
  301 	 0.038099 	 1.399555 	 16.114972
  302 	 0.037869 	 1.447598 	 17.287064
  303 	 0.062003 	 1.695965 	 18.832575
  304 	 0.035948 	 1.611258 	 18.914549
  305 	 0.053050 	 1.323894 	 13.927080
  306 	 0.048451 	 1.631114 	 21.859001
  307 	 0.071744 	 1.731405 	 15.515787
  308 	 0.045716 	 1.560071 	 17.167178
  309 	 0.036466 	 1.193896 	 11.541502
  310 	 0.058212 	 1.582983 	 16.497192
  311 	 0.086540 	 1.885285 	 20.891842
  312 	 0.037784 	 1.440554 	 15.241105
  313 	 0.047849 	 1.153510 	 7.743512
  314 	 0.065580 	 1.655373 	 21.605724
  315 	 0.037722 	 1.776789 	 18.099996
  316 	 0.037900 	 1.521671 	 13.498881
  317 	 0.055226 	 1.373630 	 22.162142
  318 	 0.037569 	 1.758446 	 22.074899
  319 	 0.045107 	 1.736681 	 15.967794
  320 	 0.038478 	 1.585570 	 22.640476
  321 	 0.062600 	 1.296353 	 17.696939
  322 	 0.044150 	 1.886834 	 21.796772
  323 	 0.038443 	 1.703942 	 14.285676
  324 	 0.045864 	 1.428258 	 19.704601
  325 	 0.069964 	 1.446857 	 20.063091
  326 	 0.050733 	 1.709626 	 17.462831
  327 	 0.049814 	 1.650673 	 13.060978
  328 	 0.057243 	 1.405032 	 16.094612
  329 	 0.076521 	 1.412031 	 17.725951
  330 	 0.062107 	 1.488296 	 15.469614
  331 	 0.056393 	 1.599606 	 11.373898
  332 	 0.064615 	 1.419738 	 14.554532
  333 	 0.087833 	 1.324095 	 13.154032
  334 	 0.068676 	 1.515455 	 13.155246
  335 	 0.075956 	 1.470896 	 8.294044
  336 	 0.075949 	 1.371091 	 12.488137
  337 	 0.120473 	 1.297905 	 11.447344
  338 	 0.079980 	 1.396770 	 7.424612
  339 	 0.087258 	 1.437397 	 7.583076
  340 	 0.034414 	 1.326914 	 10.943320
  341 	 0.035557 	 1.271949 	 10.564327
  342 	 0.037955 	 1.591538 	 23.915158
  343 	 0.094556 	 1.611039 	 23.278890
  344 	 0.041803 	 1.554742 	 22.048217
  345 	 0.042945 	 1.332971 	 9.808138
  346 	 0.045340 	 1.540566 	 20.323984
  347 	 0.101888 	 1.547326 	 19.862865
  348 	 0.049185 	 1.485019 	 18.960966
  349 	 0.037686 	 1.365268 	 9.150170
  350 	 0.036519 	 1.497213 	 17.672513
  351 	 0.036634 	 1.708051 	 22.180077
  352 	 0.056561 	 1.720871 	 22.769245
  353 	 0.037485 	 1.717839 	 22.709670
  354 	 0.043905 	 1.550861 	 15.634437
  355 	 0.044020 	 1.867859 	 22.279362
  356 	 0.036995 	 1.595097 	 19.491419
  357 	 0.044870 	 1.731916 	 19.447774
  358 	 0.051285 	 1.828682 	 22.525228
  359 	 0.051400 	 1.806159 	 19.131547
  360 	 0.037808 	 1.477978 	 17.040082
  361 	 0.022455 	 1.568431 	 17.006741
  362 	 0.030105 	 2.232794 	 22.119848
  363 	 0.058775 	 2.191013 	 33.495580
  364 	 0.045193 	 1.639568 	 26.663397
  365 	 0.029848 	 1.497116 	 15.111528
  366 	 0.037494 	 2.112976 	 19.013882
  367 	 0.066142 	 2.055196 	 26.847010
  368 	 0.052573 	 1.559656 	 22.274593
  369 	 0.037227 	 1.457344 	 13.597624
  370 	 0.044879 	 2.007950 	 16.674254
  371 	 0.073502 	 2.000665 	 22.062037
  372 	 0.059946 	 1.490385 	 19.128032
  373 	 0.045312 	 1.428922 	 12.360594
  374 	 0.036200 	 1.926259 	 14.848670
  375 	 0.039296 	 1.695074 	 15.208955
  376 	 0.034588 	 1.903288 	 22.935967
  377 	 0.065716 	 1.636740 	 21.415128
  378 	 0.043586 	 2.086978 	 23.816229
  379 	 0.021128 	 1.623883 	 13.676945
  380 	 0.041975 	 1.785989 	 19.613386
  381 	 0.073072 	 1.817458 	 34.213348
  382 	 0.050965 	 1.984363 	 20.253108
  383 	 0.029221 	 1.585081 	 12.426610
  384 	 0.049355 	 1.594910 	 17.133690
  385 	 0.080425 	 1.710502 	 26.794258
  386 	 0.058339 	 1.906361 	 17.404808
  387 	 0.037311 	 1.553341 	 11.386333
  388 	 0.057429 	 1.495066 	 15.211589
  389 	 0.087768 	 1.556818 	 22.365796
  390 	 0.065707 	 1.814639 	 15.260500
  391 	 0.044696 	 1.546571 	 10.431060
  392 	 0.037913 	 1.428292 	 13.678507
  393 	 0.095800 	 1.565906 	 19.195204
  394 	 0.073068 	 1.948971 	 22.068638
  395 	 0.052076 	 1.493900 	 9.624680
  396 	 0.037312 	 1.440578 	 12.427321
  397 	 0.103820 	 1.527832 	 16.813427
  398 	 0.038015 	 2.036630 	 22.365296
  399 	 0.059422 	 1.438512 	 8.967023
 