   0 	 0.018474 	 0.069386 	 0.736974
    1 	 0.019235 	 0.214692 	 0.736974
    2 	 0.023989 	 0.487000 	 1.355862
    3 	 0.080869 	 0.605663 	 1.459345
    4 	 0.122470 	 0.577193 	 1.059974
    5 	 0.089108 	 0.567380 	 1.388756
    6 	 0.138907 	 0.570833 	 1.159362
    7 	 0.038783 	 0.599283 	 1.325416
    8 	 0.038729 	 0.713483 	 1.285170
    9 	 0.045051 	 0.798846 	 1.536229
   10 	 0.399916 	 0.734984 	 1.475081
   11 	 0.409139 	 0.704097 	 1.461453
   12 	 0.406630 	 0.730942 	 1.113537
   13 	 0.092478 	 0.721405 	 1.018225
   14 	 0.222811 	 0.726188 	 0.956179
   15 	 0.411108 	 0.770181 	 1.880838
   16 	 0.406863 	 0.766610 	 1.685739
   17 	 0.039072 	 0.741686 	 1.123206
   18 	 0.308039 	 0.749441 	 1.015565
   19 	 0.230412 	 0.761984 	 1.474335
   20 	 0.230238 	 0.752400 	 1.055700
   21 	 0.228996 	 0.756622 	 1.663440
   22 	 0.229747 	 0.766568 	 1.326893
   23 	 0.475593 	 0.797553 	 1.151814
   24 	 0.548819 	 0.824431 	 1.150818
   25 	 0.558343 	 0.821793 	 1.268404
   26 	 0.613490 	 0.819254 	 1.228576
   27 	 0.297816 	 0.824771 	 1.265251
   28 	 0.109326 	 0.836705 	 1.239388
   29 	 0.095312 	 0.864904 	 2.197932
   30 	 0.553882 	 0.864697 	 1.669377
   31 	 0.379200 	 0.886280 	 2.906029
   32 	 0.113101 	 0.858350 	 1.349980
   33 	 0.098955 	 0.871434 	 1.747155
   34 	 0.437302 	 0.922037 	 3.950988
   35 	 0.421016 	 0.887528 	 2.428630
   36 	 0.111962 	 0.874637 	 1.348562
   37 	 0.389313 	 0.940942 	 1.953829
   38 	 0.040925 	 0.945557 	 2.644752
   39 	 0.125135 	 0.920319 	 2.054785
   40 	 0.038470 	 0.922588 	 2.431166
   41 	 0.295974 	 0.996539 	 4.631018
   42 	 0.296349 	 1.058827 	 7.735736
   43 	 0.110098 	 0.948336 	 2.346268
   44 	 0.115786 	 0.935269 	 2.688544
   45 	 0.402209 	 1.004840 	 3.868497
   46 	 0.360355 	 1.015396 	 3.785214
   47 	 0.248281 	 0.946732 	 1.956650
   48 	 0.239417 	 0.935544 	 1.998583
   49 	 0.263531 	 0.974095 	 2.575455
   50 	 0.039398 	 0.994149 	 2.578537
   51 	 0.367127 	 0.966200 	 2.890753
   52 	 0.375808 	 1.000596 	 5.324863
   53 	 0.329951 	 0.973612 	 2.183757
   54 	 0.114293 	 0.968738 	 2.182418
   55 	 0.110653 	 0.949846 	 2.525566
   56 	 0.431751 	 1.025404 	 5.266126
   57 	 0.375155 	 1.019619 	 4.783478
   58 	 0.184688 	 0.981373 	 1.944955
   59 	 0.205159 	 0.959061 	 2.185531
   60 	 0.479627 	 1.005734 	 3.744081
   61 	 0.439303 	 0.987344 	 2.897219
   62 	 0.039252 	 0.942790 	 1.730025
   63 	 0.039902 	 0.920527 	 1.859762
   64 	 0.113726 	 1.006383 	 5.329020
   65 	 0.404196 	 1.070357 	 7.230538
   66 	 0.039433 	 0.998328 	 4.786396
   67 	 0.136744 	 0.944163 	 1.989669
   68 	 0.038826 	 1.049676 	 7.427586
   69 	 0.039342 	 0.972733 	 2.873672
   70 	 0.131996 	 1.050814 	 5.592035
   71 	 0.337328 	 1.041892 	 6.842656
   72 	 0.175474 	 0.996791 	 3.676525
   73 	 0.037996 	 0.930295 	 2.382495
   74 	 0.264906 	 1.004445 	 3.877858
   75 	 0.413805 	 1.099392 	 7.507732
   76 	 0.252407 	 0.996102 	 2.776962
   77 	 0.040022 	 0.921321 	 2.083745
   78 	 0.117719 	 0.968763 	 2.593315
   79 	 0.115121 	 1.119914 	 8.063088
   80 	 0.374684 	 1.027643 	 4.795738
   81 	 0.122772 	 0.952528 	 4.856229
   82 	 0.115187 	 0.957100 	 2.148302
   83 	 0.202485 	 1.112943 	 4.724296
   84 	 0.038433 	 1.028972 	 4.753154
   85 	 0.208043 	 0.937711 	 3.409650
   86 	 0.206443 	 1.030621 	 7.737960
   87 	 0.285678 	 1.047062 	 3.365942
   88 	 0.117371 	 0.995709 	 3.555647
   89 	 0.039918 	 0.952857 	 2.716820
   90 	 0.274873 	 1.021193 	 5.005725
   91 	 0.348409 	 1.095127 	 8.717049
   92 	 0.134566 	 0.971746 	 2.519296
   93 	 0.113643 	 0.941054 	 2.297747
   94 	 0.039448 	 1.012397 	 4.609010
   95 	 0.114821 	 1.091318 	 4.891332
   96 	 0.040112 	 1.126496 	 8.206947
   97 	 0.117825 	 0.960542 	 4.863312
   98 	 0.120375 	 1.075273 	 8.702346
   99 	 0.114074 	 1.105595 	 4.793288
  100 	 0.113834 	 1.057494 	 4.931569
  101 	 0.205419 	 0.988278 	 5.294531
  102 	 0.117649 	 1.006294 	 5.095969
  103 	 0.117451 	 1.058957 	 3.568633
  104 	 0.193111 	 1.080094 	 4.998784
  105 	 0.038381 	 1.001226 	 5.003739
  106 	 0.196805 	 0.982431 	 3.629621
  107 	 0.040002 	 1.200498 	 9.541378
  108 	 0.116160 	 0.967467 	 2.433596
  109 	 0.103909 	 1.048268 	 8.710644
  110 	 0.310602 	 1.067049 	 5.036256
  111 	 0.113825 	 1.159588 	 5.595684
  112 	 0.195044 	 0.996101 	 2.594691
  113 	 0.039572 	 0.959830 	 5.096204
  114 	 0.107761 	 1.027091 	 3.705851
  115 	 0.117743 	 1.161843 	 7.670379
  116 	 0.040035 	 0.993507 	 5.477640
  117 	 0.125584 	 1.005147 	 4.795181
  118 	 0.180101 	 1.108313 	 7.643207
  119 	 0.037926 	 1.085929 	 4.621411
  120 	 0.129299 	 0.967459 	 3.691388
  121 	 0.212215 	 1.086668 	 7.768425
  122 	 0.264397 	 1.032505 	 4.543412
  123 	 0.127239 	 1.033753 	 3.300173
  124 	 0.039621 	 0.959939 	 2.815339
  125 	 0.294901 	 1.045067 	 4.586339
  126 	 0.344099 	 1.107265 	 7.667495
  127 	 0.213806 	 1.010802 	 2.730744
  128 	 0.128894 	 0.950996 	 2.299384
  129 	 0.306812 	 0.994337 	 3.119096
  130 	 0.123854 	 1.038323 	 4.551783
  131 	 0.132094 	 0.995361 	 2.515016
  132 	 0.214658 	 0.982731 	 5.033883
  133 	 0.324691 	 1.004570 	 2.485482
  134 	 0.039519 	 1.006075 	 3.273779
  135 	 0.307948 	 0.993554 	 2.406793
  136 	 0.262784 	 1.045539 	 7.673484
  137 	 0.110287 	 0.995888 	 2.507849
  138 	 0.128795 	 0.991627 	 2.828181
  139 	 0.384268 	 1.037135 	 5.402868
  140 	 0.340718 	 1.030713 	 4.911718
  141 	 0.182559 	 0.981498 	 2.178326
  142 	 0.199899 	 0.981933 	 2.297701
  143 	 0.339538 	 0.999801 	 3.455912
  144 	 0.418673 	 0.993184 	 3.439982
  145 	 0.281951 	 0.981531 	 2.240455
  146 	 0.037819 	 0.950262 	 1.962814
  147 	 0.389760 	 0.969342 	 2.803074
  148 	 0.486946 	 1.062946 	 5.442022
  149 	 0.347479 	 0.992589 	 2.013858
  150 	 0.117734 	 0.929943 	 1.751478
  151 	 0.038042 	 0.936759 	 2.281654
  152 	 0.530820 	 1.118855 	 4.795394
  153 	 0.424366 	 1.195567 	 8.861945
  154 	 0.202931 	 0.933712 	 1.608701
  155 	 0.111698 	 0.937412 	 1.941121
  156 	 0.590772 	 1.082116 	 3.600614
  157 	 0.492145 	 1.103790 	 5.362004
  158 	 0.270899 	 0.914584 	 1.360560
  159 	 0.039397 	 0.921222 	 1.660729
  160 	 0.607686 	 1.063718 	 2.840112
  161 	 0.119442 	 1.139593 	 8.756837
  162 	 0.343064 	 0.924010 	 1.455847
  163 	 0.113173 	 0.962624 	 5.034192
  164 	 0.364106 	 1.025784 	 2.368190
  165 	 0.115937 	 1.050737 	 2.744243
  166 	 0.123479 	 0.933668 	 2.198257
  167 	 0.117449 	 0.961114 	 4.837072
  168 	 0.439936 	 1.046708 	 4.933908
  169 	 0.203588 	 1.109189 	 4.801950
  170 	 0.038101 	 0.917105 	 1.884176
  171 	 0.205055 	 0.942066 	 3.346853
  172 	 0.117089 	 1.115630 	 9.008962
  173 	 0.039962 	 1.087371 	 3.573286
  174 	 0.110087 	 0.978009 	 4.710554
  175 	 0.125254 	 1.014508 	 8.860400
  176 	 0.039763 	 1.003217 	 4.887909
  177 	 0.111917 	 1.084049 	 4.998645
  178 	 0.201503 	 1.126032 	 7.409444
  179 	 0.115555 	 1.043837 	 5.319208
  180 	 0.133251 	 0.984102 	 3.370378
  181 	 0.184692 	 1.076203 	 4.744848
  182 	 0.039989 	 1.035431 	 4.850820
  183 	 0.037962 	 0.981023 	 3.623034
  184 	 0.203020 	 1.117360 	 8.858302
  185 	 0.270568 	 1.120945 	 7.509656
  186 	 0.111688 	 0.969023 	 3.353230
  187 	 0.131495 	 0.948934 	 2.911483
  188 	 0.289987 	 1.140587 	 4.938565
  189 	 0.111308 	 1.068366 	 4.847432
  190 	 0.118692 	 0.946894 	 2.755679
  191 	 0.038390 	 0.966990 	 4.842432
  192 	 0.353534 	 1.126674 	 4.866382
  193 	 0.203366 	 1.183322 	 7.987877
  194 	 0.038238 	 0.930202 	 2.228490
  195 	 0.101348 	 0.915661 	 3.349340
  196 	 0.433334 	 1.166570 	 7.865490
  197 	 0.125346 	 1.184887 	 5.256290
  198 	 0.125617 	 0.929425 	 1.907911
  199 	 0.186864 	 0.957849 	 4.888876
  200 	 0.499797 	 1.099938 	 5.037348
  201 	 0.114464 	 1.109848 	 3.849652
  202 	 0.195154 	 0.930262 	 1.680680
  203 	 0.253495 	 0.986969 	 4.769542
  204 	 0.117472 	 1.032443 	 3.644923
  205 	 0.039578 	 1.056518 	 3.005758
  206 	 0.267973 	 1.054463 	 5.117353
  207 	 0.205809 	 1.020146 	 5.879637
  208 	 0.039327 	 1.011062 	 2.753512
  209 	 0.167996 	 1.032290 	 3.508661
  210 	 0.351036 	 1.101173 	 8.910484
  211 	 0.278896 	 1.002144 	 3.799458
  212 	 0.111317 	 0.993894 	 2.240968
  213 	 0.257079 	 1.014350 	 2.718897
  214 	 0.311103 	 1.013387 	 4.842229
  215 	 0.307659 	 0.973152 	 3.030499
  216 	 0.177663 	 1.019758 	 2.490644
  217 	 0.118831 	 0.996720 	 2.541632
  218 	 0.274366 	 0.992823 	 3.991012
  219 	 0.225325 	 1.023964 	 4.672227
  220 	 0.244725 	 1.016760 	 2.879640
  221 	 0.201502 	 1.026674 	 3.119880
  222 	 0.336153 	 0.982895 	 2.941823
  223 	 0.097634 	 1.028326 	 3.644288
  224 	 0.112134 	 1.002626 	 2.444674
  225 	 0.038081 	 1.023323 	 5.729560
  226 	 0.122854 	 1.055386 	 5.226460
  227 	 0.172341 	 1.076928 	 6.558183
  228 	 0.188702 	 1.029822 	 4.949186
  229 	 0.118989 	 0.985843 	 4.077628
  230 	 0.198871 	 1.006230 	 3.522344
  231 	 0.038429 	 1.072978 	 5.211359
  232 	 0.274971 	 1.021554 	 3.192124
  233 	 0.126370 	 1.039315 	 8.982422
  234 	 0.120008 	 0.949122 	 2.841949
  235 	 0.110432 	 1.085755 	 4.864533
  236 	 0.118037 	 1.059985 	 5.019885
  237 	 0.179294 	 0.984135 	 4.447759
  238 	 0.196202 	 1.001204 	 5.129869
  239 	 0.220899 	 1.047410 	 3.965204
  240 	 0.192058 	 1.022219 	 3.631056
  241 	 0.245122 	 0.980589 	 3.403690
  242 	 0.120796 	 0.980359 	 3.686533
  243 	 0.120962 	 1.013135 	 3.105380
  244 	 0.265715 	 1.051741 	 5.000114
  245 	 0.117896 	 1.001934 	 4.995965
  246 	 0.196734 	 0.982620 	 2.698194
  247 	 0.039095 	 1.004804 	 4.304854
  248 	 0.039449 	 1.005070 	 3.576108
  249 	 0.038116 	 1.105581 	 8.197035
  250 	 0.037789 	 1.051223 	 8.329957
  251 	 0.120774 	 1.073398 	 9.567903
  252 	 0.108064 	 1.153672 	 9.462869
  253 	 0.039735 	 1.036304 	 5.342629
  254 	 0.104784 	 1.066900 	 5.397657
  255 	 0.040267 	 1.039609 	 5.468727
  256 	 0.040845 	 1.027574 	 5.841682
  257 	 0.116856 	 1.185225 	 9.374943
  258 	 0.039521 	 1.163887 	 8.925023
  259 	 0.105863 	 1.099609 	 5.456837
  260 	 0.038590 	 1.123401 	 9.440990
  261 	 0.037644 	 1.086007 	 5.362986
  262 	 0.034258 	 1.180914 	 9.524725
  263 	 0.184020 	 1.210894 	 9.487576
  264 	 0.104263 	 1.216622 	 9.934638
  265 	 0.039458 	 1.013700 	 3.863688
  266 	 0.099990 	 1.086718 	 5.584629
  267 	 0.254447 	 1.203166 	 9.446672
  268 	 0.176959 	 1.130007 	 5.821892
  269 	 0.105026 	 0.996814 	 3.116749
  270 	 0.084884 	 1.038060 	 3.903829
  271 	 0.037256 	 1.095264 	 5.496750
  272 	 0.251065 	 1.118941 	 6.262371
  273 	 0.117734 	 1.067276 	 8.586923
  274 	 0.157690 	 0.992770 	 3.068755
  275 	 0.115450 	 1.110781 	 5.292870
  276 	 0.318964 	 1.097623 	 4.221378
  277 	 0.038278 	 1.007413 	 5.499027
  278 	 0.117494 	 0.981179 	 2.511532
  279 	 0.179342 	 1.160173 	 9.553153
  280 	 0.121663 	 1.083909 	 5.200364
  281 	 0.101547 	 0.973856 	 3.867840
  282 	 0.040198 	 0.990217 	 5.317377
  283 	 0.039428 	 1.095446 	 5.603907
  284 	 0.186561 	 1.153027 	 8.695781
  285 	 0.035811 	 1.069524 	 8.754426
  286 	 0.114127 	 0.969784 	 3.826127
  287 	 0.038118 	 1.073694 	 9.040729
  288 	 0.125328 	 1.113330 	 5.576414
  289 	 0.109804 	 1.199689 	 9.567747
  290 	 0.039404 	 0.998017 	 5.248581
  291 	 0.103707 	 1.035230 	 5.417002
  292 	 0.037496 	 1.175136 	 7.092018
  293 	 0.182408 	 1.233162 	 5.878656
  294 	 0.139696 	 1.113589 	 8.905077
  295 	 0.167970 	 1.001397 	 3.887899
  296 	 0.099375 	 1.081577 	 4.662102
  297 	 0.252787 	 1.131652 	 4.119133
  298 	 0.187543 	 1.167348 	 5.741362
  299 	 0.039457 	 0.968720 	 3.052625
  300 	 0.044736 	 1.016706 	 3.360855
  301 	 0.037594 	 1.236745 	 8.427696
  302 	 0.128281 	 1.191764 	 8.870256
  303 	 0.039317 	 1.039955 	 8.897300
  304 	 0.111794 	 1.043565 	 4.924151
  305 	 0.111541 	 1.211196 	 9.318191
  306 	 0.039126 	 1.071159 	 5.561937
  307 	 0.106539 	 0.975675 	 5.366505
  308 	 0.177169 	 1.197234 	 6.948001
  309 	 0.133486 	 1.151304 	 5.729367
  310 	 0.141788 	 1.016313 	 3.968749
  311 	 0.171251 	 1.003767 	 4.801096
  312 	 0.117203 	 1.103649 	 4.766728
  313 	 0.039354 	 1.068922 	 4.064193
  314 	 0.038536 	 1.000796 	 4.504454
  315 	 0.241605 	 1.113770 	 9.314948
  316 	 0.039205 	 1.168595 	 8.493589
  317 	 0.106499 	 1.016731 	 2.844103
  318 	 0.116708 	 1.062472 	 8.771546
  319 	 0.335965 	 1.059543 	 5.730692
  320 	 0.112310 	 1.063062 	 5.104439
  321 	 0.038070 	 0.992486 	 2.475464
  322 	 0.039279 	 1.109503 	 5.297212
  323 	 0.391441 	 1.126715 	 8.859737
  324 	 0.039374 	 1.011007 	 3.853885
  325 	 0.112031 	 0.969906 	 2.144815
  326 	 0.124011 	 1.183168 	 8.758534
  327 	 0.037453 	 1.089916 	 5.352448
  328 	 0.113151 	 1.042910 	 5.208043
  329 	 0.184106 	 1.107449 	 9.482869
  330 	 0.039369 	 1.072430 	 5.520255
  331 	 0.104628 	 1.031870 	 3.966585
  332 	 0.179255 	 1.191558 	 10.228196
  333 	 0.247857 	 1.135607 	 5.792807
  334 	 0.097214 	 1.036025 	 4.207788
  335 	 0.116531 	 0.991674 	 3.265233
  336 	 0.117232 	 1.089589 	 6.426166
  337 	 0.300009 	 1.182565 	 5.502643
  338 	 0.039374 	 1.074929 	 5.693727
  339 	 0.038052 	 0.976435 	 2.717325
  340 	 0.038309 	 1.193541 	 13.267136
  341 	 0.037745 	 1.226939 	 9.685099
  342 	 0.074990 	 1.148264 	 9.660966
  343 	 0.102971 	 1.070986 	 10.400928
  344 	 0.102815 	 1.086698 	 7.496828
  345 	 0.055737 	 1.124301 	 6.196915
  346 	 0.132219 	 1.107678 	 5.951839
  347 	 0.159690 	 1.103760 	 7.410861
  348 	 0.032907 	 1.024376 	 5.246079
  349 	 0.133739 	 1.091677 	 5.110113
  350 	 0.125950 	 1.236916 	 10.952020
  351 	 0.117827 	 1.051914 	 5.204574
  352 	 0.090688 	 1.038982 	 4.981336
  353 	 0.190921 	 1.118340 	 6.059602
  354 	 0.198423 	 1.215353 	 8.098613
  355 	 0.163452 	 1.055708 	 3.904409
  356 	 0.122594 	 1.052578 	 3.893732
  357 	 0.117450 	 1.085032 	 5.267261
  358 	 0.252593 	 1.140196 	 5.525052
  359 	 0.040093 	 1.050850 	 5.686671
  360 	 0.035830 	 1.000811 	 3.215504
  361 	 0.174062 	 1.197013 	 10.152992
  362 	 0.120169 	 1.260490 	 9.898106
  363 	 0.097930 	 1.036727 	 4.307334
  364 	 0.100440 	 1.137283 	 5.609506
  365 	 0.229057 	 1.222034 	 6.396736
  366 	 0.131595 	 1.204814 	 7.505265
  367 	 0.033186 	 1.004311 	 3.478788
  368 	 0.037442 	 1.121679 	 5.263297
  369 	 0.285291 	 1.249749 	 10.954611
  370 	 0.187921 	 1.246865 	 9.742598
  371 	 0.090802 	 0.988902 	 2.912130
  372 	 0.102030 	 1.082845 	 4.064702
  373 	 0.039301 	 1.183878 	 6.702342
  374 	 0.039034 	 1.154572 	 7.416727
  375 	 0.036751 	 1.256607 	 13.869366
  376 	 0.134237 	 1.251681 	 13.921053
  377 	 0.071931 	 1.241198 	 10.542834
  378 	 0.071535 	 1.110091 	 5.199218
  379 	 0.094329 	 1.147782 	 9.548255
  380 	 0.039368 	 1.155225 	 9.584509
  381 	 0.104098 	 1.156828 	 6.547565
  382 	 0.103982 	 1.233469 	 13.856626
  383 	 0.120919 	 1.139009 	 7.304725
  384 	 0.071865 	 1.103558 	 6.158306
  385 	 0.039308 	 1.059161 	 3.728517
  386 	 0.036096 	 1.141844 	 9.554320
  387 	 0.265864 	 1.241716 	 13.868118
  388 	 0.104310 	 1.229933 	 14.514684
  389 	 0.071938 	 1.052223 	 3.348241
  390 	 0.036773 	 1.073975 	 7.293424
  391 	 0.036826 	 1.158701 	 9.547667
  392 	 0.136496 	 1.489355 	 14.373447
  393 	 0.104379 	 1.260070 	 14.362442
  394 	 0.069337 	 1.054018 	 5.906817
  395 	 0.069267 	 1.105072 	 6.528312
  396 	 0.110495 	 1.343949 	 9.790746
  397 	 0.152413 	 1.163257 	 8.469757
  398 	 0.101796 	 1.091024 	 6.978625
  399 	 0.117612 	 1.066928 	 5.399185
 