0	-0.648496	0.072504	4.468076
1	-0.373691	0.014032	1.479281
2	-0.315193	0.044973	1.671841
3	-0.317884	0.260285	0.738173
4	-0.196658	0.176934	0.751709
5	-0.234747	0.074298	0.781926
6	-0.280283	0.178952	0.756066
7	-0.255980	0.224748	0.729339
8	0.042701	0.460288	1.389567
9	0.414221	0.747894	1.427184
10	0.011408	0.776977	1.701404
11	0.035505	0.578509	1.369364
12	-0.370445	0.306760	1.394674
13	0.050797	0.502999	1.394649
14	-0.277909	0.565609	1.394581
15	0.095023	0.762541	1.404273
16	0.085865	0.615631	1.404193
17	0.043169	0.793773	1.394695
18	-0.234357	0.623585	1.104373
19	-0.284360	0.260259	1.405157
20	0.442358	0.723760	2.040294
21	-0.224345	0.254083	2.040782
22	0.065656	0.748639	1.717670
23	0.381719	1.000812	1.723985
24	-0.227351	0.538646	1.433597
25	0.087339	0.904162	2.040764
26	0.052194	0.991693	1.740477
27	-0.303853	0.660221	1.723585
28	0.326805	0.793108	2.014162
29	0.026754	0.457642	2.304432
30	0.343583	1.058349	2.304495
31	0.690177	1.162664	1.723823
32	-0.248672	0.397007	1.417339
33	0.127510	1.094589	1.723808
34	0.373985	0.825747	1.723801
35	-0.228904	0.337713	1.723854
36	0.059547	0.698569	1.723803
37	0.133753	0.955523	1.723780
38	-0.211554	0.846159	1.723853
39	0.027425	1.256551	1.723740
40	-0.355791	0.627036	2.011206
41	-0.002737	0.712305	2.013412
42	-0.090534	0.977732	1.694318
43	-0.350052	0.500437	1.690401
44	0.299234	0.879216	2.018875
45	0.011776	0.623550	2.015157
46	-0.349440	0.374335	1.723164
47	-0.059351	0.970127	2.013421
48	-0.255686	0.683524	2.018911
49	-0.341390	0.572090	2.013401
50	-0.006867	0.836546	1.698807
51	-0.030917	0.680135	1.692976
52	0.328421	1.032667	1.695904
53	0.022029	1.223775	1.687587
54	-0.397170	0.491738	1.036160
55	0.016973	0.429075	1.045018
56	-0.309105	0.129259	0.733350
57	-0.280753	0.390578	0.733477
58	-0.277162	0.188186	0.755114
59	-0.290010	0.206868	0.757720
60	-0.312693	-0.008899	0.443246
61	-0.312709	-0.009701	0.733560
62	-0.327232	0.064410	0.730697
63	-0.285904	0.214677	0.709370
64	-0.288824	0.157030	1.056644
65	-0.268880	0.319188	1.379629
66	0.087626	0.650299	1.054167
67	0.031176	0.490948	1.038004
68	0.068790	0.616594	1.056770
69	0.090007	0.482459	1.699493
70	-0.356171	0.272505	1.379085
71	0.022022	0.670183	1.379059
72	-0.232226	0.621125	1.699270
73	-0.289698	0.525935	1.989578
74	0.455621	1.030382	1.986129
75	-0.317259	0.848854	1.992284
76	0.064442	0.792970	1.661706
77	0.040266	1.002098	1.669293
78	0.378954	0.836419	1.669261
79	-0.354930	1.130964	1.989257
80	-0.254610	0.684421	2.315136
81	0.018971	1.203114	1.986712
82	0.016279	0.992328	1.986858
83	-0.202568	0.740830	1.701868
84	-0.267639	1.012109	1.989039
85	0.691751	1.332887	1.988910
86	0.346887	1.316254	1.983992
87	0.054165	1.018430	1.989513
88	0.405598	1.113070	1.989407
89	0.061156	0.536222	1.989401
90	-0.287295	0.705439	1.992626
91	0.426439	0.894758	1.992657
92	0.738036	1.301208	1.992618
93	0.137537	1.094176	1.992664
94	0.060154	0.963359	2.030349
95	0.269586	0.961307	2.025071
96	0.187482	0.862107	1.694408
97	0.087320	0.603010	1.702657
98	-0.289784	0.693521	2.283280
99	-0.233387	1.125166	2.283312
100	-0.198996	0.627769	1.637726
101	-0.301683	0.492707	1.637923
102	-0.010834	0.539419	1.637805
103	0.430029	0.977773	1.637881
104	-0.013508	0.664359	1.637905
105	-0.299528	0.427791	1.949732
106	0.721503	1.096777	1.949783
107	0.450732	0.976857	1.949757
108	0.430968	1.334939	1.949738
109	-0.271727	0.387857	1.949775
110	-0.191106	0.615904	1.626769
111	-0.265006	0.280457	1.341967
112	0.746311	1.128442	1.632267
113	0.057156	0.940655	1.632384
114	0.096589	0.594975	1.632047
115	0.153300	1.043559	1.659199
116	0.024019	0.809154	1.946314
117	-0.002800	0.413973	1.304336
118	-0.279307	0.630534	1.336125
119	0.400775	0.986499	1.332950
120	-0.279609	0.620952	1.351228
121	-0.352333	0.490799	1.336183
122	0.073729	0.787251	1.367615
123	0.055952	0.419032	1.359209
124	-0.270079	0.709526	1.997201
125	-0.271577	0.794872	1.701541
126	0.080448	0.483252	1.696117
127	0.413819	0.954512	1.986509
128	0.044649	0.844607	1.986497
129	0.082811	0.480334	1.370494
130	0.050552	0.683345	1.337869
131	-0.324470	0.380829	1.336183
132	0.347543	0.753663	1.663139
133	0.019558	0.717229	1.352408
134	0.081358	0.632403	1.668520
135	-0.214298	0.500084	1.663160
136	-0.246791	0.658908	1.660567
137	0.664569	1.098667	1.663237
138	0.105352	0.909889	1.663208
139	0.376890	1.015311	1.663248
140	0.341996	0.810906	1.658972
141	-0.269304	0.732765	1.674013
142	0.043644	0.987079	1.668628
143	-0.220862	0.524686	1.975129
144	0.083566	0.666076	1.668550
145	-0.045472	1.167992	1.980125
146	-0.377069	0.751176	1.980093
147	-0.029606	0.858427	1.974652
148	0.394650	0.784731	1.980019
149	0.409902	1.242224	1.974592
150	0.057764	0.924888	1.649481
151	-0.280928	0.721633	1.657286
152	-0.020163	1.045006	1.652028
153	-0.291441	0.463458	1.975064
154	-0.339389	0.491978	1.346023
155	-0.311162	0.465335	1.367078
156	-0.044853	0.304389	1.367094
157	0.019795	0.855729	1.367065
158	-0.382615	0.473492	1.657463
159	-0.319113	0.330182	1.367087
160	0.011040	0.733748	1.980483
161	0.074419	0.655673	1.673535
162	-0.309101	0.278005	1.076776
163	-0.352131	0.379001	1.963866
164	0.064190	0.741698	1.350922
165	-0.330705	0.647366	1.350957
166	0.042822	0.790763	1.674013
167	-0.336131	0.537423	1.673816
168	0.050851	0.700616	1.689750
169	-0.336174	0.798419	1.690212
170	-0.317535	0.600296	1.690141
171	-0.261479	0.632619	1.383646
172	0.072733	0.711598	1.399731
173	0.027209	0.601602	1.690057
174	0.053436	0.859440	1.673933
175	0.081400	0.788331	1.689964
176	0.027771	0.762537	1.399723
177	0.097749	0.553771	1.399760
178	0.366499	0.901252	1.399632
179	0.011633	0.770971	1.399503
180	-0.249034	0.760982	1.722546
181	0.425742	0.851632	1.399448
182	0.323631	0.878531	1.399437
183	0.393504	0.946419	1.399500
184	0.699956	0.963309	1.689884
185	-0.272207	0.418986	1.363418
186	-0.291985	0.401412	1.415739
187	-0.321547	0.393622	1.093187
188	-0.016392	0.430781	1.093194
189	-0.258406	0.219578	0.786706
190	0.026901	0.480844	1.689954
191	0.006154	0.365081	1.044047
192	0.024428	0.450513	1.044424
193	0.009953	0.499676	0.715407
194	0.011009	0.332338	1.044554
195	0.005710	0.575504	0.721676
196	0.005576	0.392208	0.721695
197	-0.349330	0.234271	0.721730
198	-0.360485	0.076881	1.012063
199	-0.284701	0.063967	1.019001
200	-0.343964	0.016059	1.028109
201	-0.350234	0.270186	0.995624
202	-0.343854	0.081145	0.705339
203	-0.327640	0.352763	1.028254
204	-0.312859	0.303673	0.721926
205	0.020478	0.383096	0.721918
206	-0.334356	-0.013989	0.367048
207	-0.341249	-0.033142	0.108613
208	-0.364488	-0.000042	0.689245
209	-0.331710	0.039185	0.398847
210	-0.379017	-0.007346	0.398902
211	-0.379019	-0.004521	0.689084
212	-0.319923	-0.007138	0.398671
213	-0.340428	0.016379	0.398867
214	-0.372596	-0.016362	0.397037
215	-0.374635	-0.003806	0.962193
216	-0.433064	-0.009855	0.349285
217	-0.400346	-0.022440	0.349371
218	-0.395001	-0.023413	0.042953
219	-0.394966	-0.019372	0.333006
220	-0.383780	0.004281	0.333162
221	-0.418046	0.033113	0.978731
222	-0.380420	0.333742	0.978815
223	-0.334159	0.302895	1.334034
224	0.322117	0.633378	1.044126
225	0.323206	0.627592	0.721004
226	-0.354208	0.240840	0.720958
227	-0.257835	0.463234	0.721245
228	-0.309414	0.178241	1.044303
229	-0.258219	0.255897	0.721173
230	-0.418311	0.276189	1.317945
231	-0.256226	0.114859	0.737344
232	-0.246921	0.399500	0.769884
233	-0.291746	0.086480	1.060687
234	-0.317102	0.181751	0.737259
235	0.344210	0.631048	0.737611
236	-0.244506	0.556161	0.737663
237	-0.299892	0.052058	0.737904
238	-0.270683	0.355996	0.737496
239	-0.370583	0.080398	1.060488
240	0.306869	0.628799	0.737379
241	-0.404635	0.212631	0.737124
242	0.280408	0.631948	1.027343
243	-0.407214	0.098075	1.060221
244	-0.333474	0.143000	0.737096
245	-0.374977	0.120762	1.060077
246	-0.256542	0.763754	1.383064
247	0.322911	0.867443	1.673237
248	0.300464	0.621546	1.361569
249	0.018213	0.411121	1.361649
250	-0.016745	0.473400	1.361613
251	0.015524	0.496259	1.361888
252	-0.188333	0.621575	1.361739
253	0.074136	0.757894	1.362024
254	-0.268619	0.663620	1.378161
255	1.043251	1.283890	1.679706
256	0.081950	0.629809	0.727605
257	-0.288327	0.259776	1.991160
258	0.782234	1.090560	1.991195
259	0.277886	1.134401	1.964024
260	0.321026	0.809914	1.958651
261	0.011512	0.983315	1.668511
262	0.381431	1.217769	1.668443
263	-0.357864	0.312398	2.314102
264	0.360967	1.210246	1.991046
265	0.082398	1.394499	1.991061
266	-0.262763	1.036038	2.007223
267	-0.005352	0.901188	2.007249
268	0.399482	1.242442	2.007276
269	0.444657	1.050915	2.007278
270	0.093009	1.409584	2.007311
271	-0.270651	0.241194	1.700853
272	-0.333922	0.512217	2.007498
273	-0.285443	0.311401	2.007322
274	-0.293402	0.330914	2.302971
275	-0.024431	1.127674	2.319091
276	0.067700	1.351978	2.319170
277	-0.304864	0.935248	2.642235
278	0.120118	1.091726	2.335712
279	0.008512	0.617530	2.335736
280	0.658911	1.352865	2.335793
281	0.074531	1.369632	2.335721
282	0.441931	1.082201	2.309848
283	0.403188	1.354406	2.658359
284	0.022638	1.043009	2.345385
285	0.380462	1.232838	1.738515
286	-0.383457	0.692706	2.932148
287	0.354033	1.167508	2.351183
288	-0.358978	0.542916	2.351394
289	-0.286324	0.836593	2.674504
290	0.401896	1.174082	2.351412
291	0.118130	1.193020	2.351489
292	-0.203038	0.848028	2.351447
293	0.159897	1.363983	2.351476
294	0.047030	1.057654	2.351231
295	0.330418	1.290990	2.997568
296	0.456933	1.316746	2.400460
297	-0.163423	0.801797	2.400430
298	0.352716	1.360159	2.690762
299	-0.278624	0.856443	3.304114
300	0.705566	1.282143	2.701934
301	0.798540	1.725778	2.701913
302	0.314683	1.459589	2.374013
303	0.056603	1.092644	2.378914
304	-0.126220	0.907824	2.690739
305	-0.169819	1.224037	2.666537
306	0.029531	0.952455	2.335924
307	0.443435	1.124396	2.367698
308	0.712361	1.200896	2.674159
309	0.314377	0.869989	2.061010
310	0.002615	1.116349	2.351494
311	0.056504	1.765548	2.351483
312	0.102263	1.205612	2.674507
313	-0.325345	0.748981	2.997338
314	0.067970	0.936575	3.282711
315	0.799739	1.178082	2.707399
316	0.188181	0.850749	2.673825
317	0.465776	1.215105	2.981347
318	0.768411	1.502459	2.664199
319	0.423801	1.000855	2.981424
320	0.336660	1.780769	3.304099
321	0.728910	1.764394	3.304214
322	0.479092	1.495758	3.304219
323	0.017421	1.242363	3.304223
324	0.069993	1.134765	3.298856
325	0.184465	1.211243	3.304460
326	1.516667	2.009889	3.304492
327	0.099415	1.278493	3.304512
328	0.455915	1.329745	3.304501
329	1.064317	1.796415	3.304449
330	-0.265004	0.761619	3.304154
331	1.477324	2.391618	3.304239
332	1.745989	2.410623	2.973622
333	0.180905	1.560861	2.981591
334	-0.267498	0.856718	2.691319
335	0.522792	1.836933	2.981642
336	1.035005	1.755318	3.271935
337	0.821153	1.641683	2.981666
338	0.662631	1.444322	2.981632
339	0.820946	1.919979	2.981616
340	0.833264	1.686248	2.997791
341	0.422281	1.650125	3.271978
342	-0.097834	1.231564	2.981621
343	0.689208	1.527303	3.288029
344	0.071286	1.019100	2.981602
345	0.429044	1.245530	2.981610
346	-0.280938	0.901615	2.981604
347	-0.258507	1.417427	2.981601
348	0.347093	1.449373	3.320709
349	0.524384	1.630449	3.296527
350	-0.228883	1.150658	2.990048
351	0.121860	1.353804	3.586825
352	0.121327	1.764912	3.280384
353	0.700734	1.945458	2.984675
354	0.142472	1.619281	3.296482
355	0.380867	1.657889	3.296470
356	0.668524	1.626308	3.353079
357	-0.241847	1.232764	3.336948
358	-0.144390	1.274811	3.336961
359	0.221134	1.384931	3.627298
360	-0.288776	1.376597	3.030495
361	-0.281757	1.133638	3.917659
362	0.101234	1.188331	3.594740
363	0.782474	1.744819	3.627263
364	0.775993	1.874431	3.627313
365	0.512603	1.989655	3.627342
366	0.451271	1.493687	3.611180
367	0.781310	2.060616	3.627309
368	1.761098	2.699554	3.337007
369	0.747060	1.690498	3.627336
370	0.261250	1.174361	3.627359
371	1.119774	2.425085	3.302632
372	0.244577	2.039571	3.594874
373	-0.296252	0.627117	3.594734
374	0.002025	1.465580	3.270495
375	0.431920	1.906127	3.271863
376	0.022703	1.222215	3.594638
377	0.125703	1.641376	3.288085
378	0.341632	2.233337	3.287798
379	-0.238093	1.112302	3.288023
380	0.498880	1.535304	2.976110
381	-0.277789	1.190707	3.266551
382	0.353695	1.229035	3.578353
383	0.377982	2.045366	3.901145
384	0.751976	2.413388	3.610517
385	0.741003	2.466515	3.610425
386	0.430782	1.858629	3.900712
387	0.991848	2.258119	3.643121
388	0.489319	1.713306	3.610411
389	1.097074	2.090891	3.610367
390	0.719667	2.709261	3.610395
391	-0.086719	1.302899	3.610403
392	0.046062	1.822406	3.610373
393	0.682090	1.746172	3.610377
394	0.342889	1.816510	3.928035
395	1.419480	2.453291	3.916776
396	0.357716	1.758127	3.916872
397	0.442862	1.992078	3.916843
398	0.858225	1.724659	3.916738
399	-0.369615	1.738234	3.900703
