   0 	 -1.000000 	 0.005444 	 1.000000
    1 	 -0.166667 	 0.154314 	 10.000000
    2 	 -0.200000 	 -0.016092 	 -0.002890
    3 	 -0.166667 	 -0.011511 	 -0.002398
    4 	 -0.166667 	 -0.012120 	 -0.002410
    5 	 -0.166667 	 -0.011524 	 -0.002398
    6 	 -0.166667 	 -0.011422 	 -0.002381
    7 	 -0.166667 	 -0.011524 	 -0.002387
    8 	 -0.166667 	 -0.011504 	 -0.002370
    9 	 -0.166667 	 -0.011507 	 -0.002381
   10 	 -0.166667 	 -0.011621 	 -0.002392
   11 	 -0.166667 	 -0.011297 	 -0.002358
   12 	 -0.166667 	 -0.011507 	 -0.002381
   13 	 -0.166667 	 -0.011501 	 -0.002375
   14 	 -0.166667 	 -0.011506 	 -0.002370
   15 	 -0.166667 	 -0.011505 	 -0.002370
   16 	 -0.166667 	 -0.011507 	 -0.002381
   17 	 -0.166667 	 -0.011507 	 -0.002381
   18 	 -0.166667 	 -0.011753 	 -0.002410
   19 	 -0.166667 	 -0.011507 	 -0.002381
   20 	 -0.166667 	 -0.011683 	 -0.002387
   21 	 -0.166667 	 -0.011507 	 -0.002381
   22 	 -0.166667 	 -0.011495 	 -0.002358
   23 	 -0.166667 	 -0.011507 	 -0.002381
   24 	 -0.166667 	 -0.011543 	 -0.002370
   25 	 -0.166667 	 -0.011539 	 -0.002387
   26 	 -0.166667 	 -0.011507 	 -0.002381
   27 	 -0.166667 	 -0.011468 	 -0.002398
   28 	 -0.166667 	 -0.011689 	 -0.002421
   29 	 -0.166667 	 -0.011498 	 -0.002387
   30 	 -0.166667 	 -0.011507 	 -0.002381
   31 	 -0.166667 	 -0.011796 	 -0.002398
   32 	 -0.166667 	 -0.011530 	 -0.002398
   33 	 -0.166667 	 -0.011507 	 -0.002381
   34 	 -0.166667 	 -0.011507 	 -0.002381
   35 	 -0.166667 	 -0.011520 	 -0.002387
   36 	 -0.166667 	 -0.011528 	 -0.002415
   37 	 -0.166667 	 -0.011507 	 -0.002381
   38 	 -0.166667 	 -0.011512 	 -0.002421
   39 	 -0.166667 	 -0.011507 	 -0.002381
   40 	 -0.166667 	 -0.012013 	 -0.002398
   41 	 -0.166667 	 -0.011510 	 -0.002375
   42 	 -0.166667 	 -0.011510 	 -0.002398
   43 	 -0.166667 	 -0.011506 	 -0.002375
   44 	 -0.166667 	 -0.011985 	 -0.002421
   45 	 -0.166667 	 -0.012184 	 -0.002381
   46 	 -0.166667 	 -0.011507 	 -0.002381
   47 	 -0.166667 	 -0.011549 	 -0.002404
   48 	 -0.166667 	 -0.011730 	 -0.002404
   49 	 -0.166667 	 -0.011509 	 -0.002410
   50 	 -0.166667 	 -0.011569 	 -0.002398
   51 	 -0.166667 	 -0.011504 	 -0.002358
   52 	 -0.166667 	 -0.011504 	 -0.002370
   53 	 -0.166667 	 -0.011521 	 -0.002387
   54 	 -0.166667 	 -0.011507 	 -0.002381
   55 	 -0.166667 	 -0.011529 	 -0.002387
   56 	 -0.166667 	 -0.011507 	 -0.002381
   57 	 -0.166667 	 -0.011507 	 -0.002381
   58 	 -0.166667 	 -0.011525 	 -0.002364
   59 	 -0.166667 	 -0.011522 	 -0.002404
   60 	 -0.166667 	 -0.011471 	 -0.002375
   61 	 -0.166667 	 -0.011505 	 -0.002381
   62 	 -0.166667 	 -0.011509 	 -0.002387
   63 	 -0.166667 	 -0.011705 	 -0.002404
   64 	 -0.166667 	 -0.011506 	 -0.002392
   65 	 -0.166667 	 -0.011519 	 -0.002375
   66 	 -0.166667 	 -0.011506 	 -0.002375
   67 	 -0.166667 	 -0.011525 	 -0.002404
   68 	 -0.333333 	 -0.014789 	 -0.002387
   69 	 -0.333333 	 -0.019261 	 -0.003623
   70 	 -0.333333 	 -0.023014 	 -0.004762
   71 	 -0.333333 	 -0.023073 	 -0.004785
   72 	 -0.333333 	 -0.022888 	 -0.004717
   73 	 -0.333333 	 -0.023014 	 -0.004762
   74 	 -0.333333 	 -0.022700 	 -0.004762
   75 	 -0.333333 	 -0.023095 	 -0.004854
   76 	 -0.333333 	 -0.024815 	 -0.004878
   77 	 -0.333333 	 -0.023032 	 -0.004739
   78 	 -0.333333 	 -0.022989 	 -0.004739
   79 	 -0.333333 	 -0.022962 	 -0.004762
   80 	 -0.333333 	 -0.022941 	 -0.004695
   81 	 -0.333333 	 -0.023014 	 -0.004762
   82 	 -0.333333 	 -0.020121 	 -0.004717
   83 	 -0.333333 	 -0.022961 	 -0.004695
   84 	 -0.333333 	 -0.023482 	 -0.004808
   85 	 -0.333333 	 -0.023104 	 -0.004854
   86 	 -0.333333 	 -0.024136 	 -0.004831
   87 	 -0.333333 	 -0.023058 	 -0.004831
   88 	 -0.333333 	 -0.025621 	 -0.004902
   89 	 -0.333333 	 -0.023014 	 -0.004762
   90 	 -0.333333 	 -0.022911 	 -0.004673
   91 	 -0.333333 	 -0.023073 	 -0.004808
   92 	 -0.333333 	 -0.022659 	 -0.004808
   93 	 -0.333333 	 -0.023143 	 -0.004854
   94 	 -0.333333 	 -0.022988 	 -0.004673
   95 	 -0.333333 	 -0.023352 	 -0.004854
   96 	 -0.333333 	 -0.023053 	 -0.004878
   97 	 -0.333333 	 -0.023014 	 -0.004762
   98 	 -0.333333 	 -0.024085 	 -0.004902
   99 	 -0.333333 	 -0.024216 	 -0.004831
  100 	 -0.333333 	 -0.022922 	 -0.004695
  101 	 -0.333333 	 -0.023014 	 -0.004762
  102 	 -0.333333 	 -0.022995 	 -0.004717
  103 	 -0.333333 	 -0.023014 	 -0.004762
  104 	 -0.333333 	 -0.023014 	 -0.004762
  105 	 -0.333333 	 -0.023488 	 -0.004695
  106 	 -0.333333 	 -0.023411 	 -0.004808
  107 	 -0.333333 	 -0.023008 	 -0.004717
  108 	 -0.333333 	 -0.021493 	 -0.004695
  109 	 -0.166667 	 -0.018319 	 -0.004695
  110 	 -0.166667 	 -0.012457 	 -0.002591
  111 	 -0.166667 	 -0.011513 	 -0.002398
  112 	 -0.166667 	 -0.011516 	 -0.002387
  113 	 -0.166667 	 -0.011507 	 -0.002381
  114 	 -0.166667 	 -0.011515 	 -0.002375
  115 	 -0.166667 	 -0.011507 	 -0.002381
  116 	 -0.166667 	 -0.011558 	 -0.002410
  117 	 -0.166667 	 -0.011510 	 -0.002398
  118 	 -0.166667 	 -0.011466 	 -0.002392
  119 	 -0.166667 	 -0.011634 	 -0.002398
  120 	 -0.166667 	 -0.011515 	 -0.002387
  121 	 -0.166667 	 -0.011507 	 -0.002381
  122 	 -0.166667 	 -0.011538 	 -0.002415
  123 	 -0.166667 	 -0.011576 	 -0.002427
  124 	 -0.166667 	 -0.011507 	 -0.002381
  125 	 -0.166667 	 -0.011511 	 -0.002404
  126 	 -0.166667 	 -0.011639 	 -0.002415
  127 	 -0.166667 	 -0.011350 	 -0.002358
  128 	 -0.100000 	 -0.009724 	 -0.002381
  129 	 -0.166667 	 -0.008823 	 -0.001570
  130 	 -0.166667 	 -0.010128 	 -0.002062
  131 	 -0.166667 	 -0.011525 	 -0.002392
  132 	 -0.166667 	 -0.011525 	 -0.002410
  133 	 -0.166667 	 -0.011532 	 -0.002392
  134 	 -0.166667 	 -0.011507 	 -0.002381
  135 	 -0.166667 	 -0.011507 	 -0.002381
  136 	 -0.166667 	 -0.011678 	 -0.002392
  137 	 -0.166667 	 -0.011508 	 -0.002398
  138 	 -0.166667 	 -0.011629 	 -0.002427
  139 	 -0.166667 	 -0.011596 	 -0.002392
  140 	 -0.166667 	 -0.011445 	 -0.002375
  141 	 -0.166667 	 -0.011508 	 -0.002387
  142 	 -0.166667 	 -0.011507 	 -0.002381
  143 	 -0.166667 	 -0.011521 	 -0.002398
  144 	 -0.166667 	 -0.011499 	 -0.002370
  145 	 -0.166667 	 -0.011335 	 -0.002358
  146 	 -0.166667 	 -0.011507 	 -0.002381
  147 	 -0.166667 	 -0.011678 	 -0.002404
  148 	 -0.166667 	 -0.011510 	 -0.002387
  149 	 -0.166667 	 -0.011587 	 -0.002398
  150 	 -0.166667 	 -0.011514 	 -0.002387
  151 	 -0.166667 	 -0.011501 	 -0.002375
  152 	 -0.166667 	 -0.011510 	 -0.002387
  153 	 -0.200000 	 -0.012248 	 -0.002387
  154 	 -0.200000 	 -0.013413 	 -0.002717
  155 	 -0.200000 	 -0.013716 	 -0.002770
  156 	 -0.200000 	 -0.013919 	 -0.002899
  157 	 -0.200000 	 -0.013808 	 -0.002857
  158 	 -0.200000 	 -0.013804 	 -0.002849
  159 	 -0.200000 	 -0.013808 	 -0.002857
  160 	 -0.200000 	 -0.013775 	 -0.002833
  161 	 -0.200000 	 -0.013798 	 -0.002857
  162 	 -0.200000 	 -0.013808 	 -0.002857
  163 	 -0.200000 	 -0.013776 	 -0.002841
  164 	 -0.200000 	 -0.013842 	 -0.002874
  165 	 -0.200000 	 -0.013805 	 -0.002833
  166 	 -0.200000 	 -0.014217 	 -0.002857
  167 	 -0.200000 	 -0.013798 	 -0.002857
  168 	 -0.200000 	 -0.013808 	 -0.002857
  169 	 -0.200000 	 -0.013808 	 -0.002857
  170 	 -0.200000 	 -0.013809 	 -0.002865
  171 	 -0.200000 	 -0.013498 	 -0.002817
  172 	 -0.200000 	 -0.013808 	 -0.002857
  173 	 -0.200000 	 -0.013860 	 -0.002890
  174 	 -0.200000 	 -0.013808 	 -0.002857
  175 	 -0.500000 	 -0.019438 	 -0.002865
  176 	 -0.200000 	 -0.019523 	 -0.004854
  177 	 -0.200000 	 -0.013808 	 -0.002857
  178 	 -0.200000 	 -0.014023 	 -0.002915
  179 	 -0.200000 	 -0.013808 	 -0.002857
  180 	 -0.200000 	 -0.013836 	 -0.002899
  181 	 -0.200000 	 -0.013808 	 -0.002857
  182 	 -0.200000 	 -0.013808 	 -0.002857
  183 	 -0.200000 	 -0.013809 	 -0.002882
  184 	 -0.200000 	 -0.013799 	 -0.002833
  185 	 -0.200000 	 -0.013899 	 -0.002907
  186 	 -0.200000 	 -0.013877 	 -0.002907
  187 	 -0.200000 	 -0.013831 	 -0.002890
  188 	 -0.200000 	 -0.013808 	 -0.002857
  189 	 -0.200000 	 -0.013808 	 -0.002857
  190 	 -0.200000 	 -0.013805 	 -0.002849
  191 	 -0.200000 	 -0.013781 	 -0.002841
  192 	 -0.200000 	 -0.013799 	 -0.002841
  193 	 -0.200000 	 -0.013794 	 -0.002841
  194 	 -0.200000 	 -0.013818 	 -0.002865
  195 	 -0.200000 	 -0.013796 	 -0.002817
  196 	 -0.200000 	 -0.013814 	 -0.002865
  197 	 -0.200000 	 -0.013799 	 -0.002833
  198 	 -0.200000 	 -0.013784 	 -0.002849
  199 	 -0.200000 	 -0.013808 	 -0.002857
  200 	 -0.200000 	 -0.013770 	 -0.002890
  201 	 -0.200000 	 -0.013834 	 -0.002865
  202 	 -0.200000 	 -0.013837 	 -0.002882
  203 	 -0.200000 	 -0.013808 	 -0.002857
  204 	 -0.200000 	 -0.013808 	 -0.002857
  205 	 -0.200000 	 -0.013878 	 -0.002882
  206 	 -0.200000 	 -0.013808 	 -0.002857
  207 	 -0.200000 	 -0.013802 	 -0.002849
  208 	 -0.200000 	 -0.013775 	 -0.002882
  209 	 -0.200000 	 -0.013827 	 -0.002865
  210 	 -0.200000 	 -0.013808 	 -0.002857
  211 	 -0.200000 	 -0.014350 	 -0.002907
  212 	 -0.200000 	 -0.013808 	 -0.002857
  213 	 -0.200000 	 -0.013824 	 -0.002865
  214 	 -0.125000 	 -0.011823 	 -0.002833
  215 	 -0.200000 	 -0.010346 	 -0.001901
  216 	 -0.200000 	 -0.013160 	 -0.002513
  217 	 -0.200000 	 -0.013807 	 -0.002849
  218 	 -0.200000 	 -0.013804 	 -0.002849
  219 	 -0.200000 	 -0.013986 	 -0.002907
  220 	 -0.200000 	 -0.013808 	 -0.002857
  221 	 -0.200000 	 -0.013731 	 -0.002833
  222 	 -0.200000 	 -0.013728 	 -0.002841
  223 	 -0.200000 	 -0.013820 	 -0.002890
  224 	 -0.200000 	 -0.013799 	 -0.002865
  225 	 -0.200000 	 -0.013815 	 -0.002865
  226 	 -0.200000 	 -0.013808 	 -0.002857
  227 	 -0.200000 	 -0.013808 	 -0.002857
  228 	 -0.200000 	 -0.013842 	 -0.002890
  229 	 -0.200000 	 -0.013973 	 -0.002890
  230 	 -0.200000 	 -0.013803 	 -0.002825
  231 	 -0.200000 	 -0.013808 	 -0.002857
  232 	 -0.200000 	 -0.013637 	 -0.002793
  233 	 -0.200000 	 -0.014110 	 -0.002874
  234 	 -0.200000 	 -0.013808 	 -0.002857
  235 	 -0.200000 	 -0.013843 	 -0.002890
  236 	 -0.200000 	 -0.013785 	 -0.002849
  237 	 -0.200000 	 -0.013808 	 -0.002857
  238 	 -0.200000 	 -0.013901 	 -0.002890
  239 	 -0.200000 	 -0.014166 	 -0.002882
  240 	 -0.200000 	 -0.013808 	 -0.002857
  241 	 -0.200000 	 -0.013808 	 -0.002857
  242 	 -0.200000 	 -0.013808 	 -0.002857
  243 	 -0.200000 	 -0.013993 	 -0.002882
  244 	 -0.200000 	 -0.013819 	 -0.002899
  245 	 -0.200000 	 -0.013811 	 -0.002865
  246 	 -0.200000 	 -0.013764 	 -0.002874
  247 	 -0.200000 	 -0.013741 	 -0.002849
  248 	 -0.200000 	 -0.013923 	 -0.002882
  249 	 -0.200000 	 -0.013807 	 -0.002833
  250 	 -0.200000 	 -0.013808 	 -0.002857
  251 	 -0.200000 	 -0.013808 	 -0.002857
  252 	 -0.200000 	 -0.013430 	 -0.002865
  253 	 -0.200000 	 -0.013803 	 -0.002833
  254 	 -0.200000 	 -0.013764 	 -0.002817
  255 	 -0.200000 	 -0.013805 	 -0.002865
  256 	 -0.200000 	 -0.013804 	 -0.002865
  257 	 -0.200000 	 -0.013810 	 -0.002865
  258 	 -0.200000 	 -0.013806 	 -0.002841
  259 	 -0.200000 	 -0.013808 	 -0.002857
  260 	 -0.200000 	 -0.013763 	 -0.002849
  261 	 -0.200000 	 -0.013710 	 -0.002833
  262 	 -0.200000 	 -0.013864 	 -0.002941
  263 	 -0.200000 	 0.129222 	 10.000000
  264 	 -1.000000 	 1.985714 	 10.000000
  265 	 -1.000000 	 6.071429 	 10.000000
  266 	 0.500000 	 5.035714 	 10.000000
  267 	 -1.000000 	 0.600000 	 10.000000
  268 	 0.250000 	 4.010714 	 10.000000
  269 	 0.500000 	 2.028571 	 10.000000
  270 	 10.000000 	 10.000000 	 10.000000
  271 	 -0.250000 	 1.653571 	 10.000000
  272 	 -0.333333 	 8.671429 	 10.000000
  273 	 -0.500000 	 1.655714 	 10.000000
  274 	 -1.000000 	 7.957143 	 10.000000
  275 	 -0.333333 	 0.387041 	 10.000000
  276 	 1.000000 	 7.171429 	 10.000000
  277 	 -1.000000 	 3.442857 	 10.000000
  278 	 10.000000 	 10.000000 	 10.000000
  279 	 -1.000000 	 -0.214286 	 10.000000
  280 	 -1.000000 	 1.985714 	 10.000000
  281 	 -0.333333 	 2.414286 	 10.000000
  282 	 -0.500000 	 -0.030952 	 10.000000
  283 	 -0.200000 	 0.845714 	 10.000000
  284 	 -1.000000 	 3.950000 	 10.000000
  285 	 10.000000 	 10.000000 	 10.000000
  286 	 -0.333333 	 4.332143 	 10.000000
  287 	 10.000000 	 10.000000 	 10.000000
  288 	 0.250000 	 3.592857 	 10.000000
  289 	 0.166667 	 0.488095 	 10.000000
  290 	 0.166667 	 1.172857 	 10.000000
  291 	 0.500000 	 9.457143 	 10.000000
  292 	 -0.333333 	 4.557143 	 10.000000
  293 	 0.250000 	 4.591667 	 10.000000
  294 	 1.000000 	 8.071429 	 10.000000
  295 	 -1.000000 	 7.328571 	 10.000000
  296 	 -1.000000 	 5.900000 	 10.000000
  297 	 -1.000000 	 2.442857 	 10.000000
  298 	 -0.333333 	 1.790476 	 10.000000
  299 	 -1.000000 	 -0.214286 	 10.000000
  300 	 -0.500000 	 3.304762 	 10.000000
  301 	 -0.250000 	 7.950000 	 10.000000
  302 	 10.000000 	 10.000000 	 10.000000
  303 	 1.000000 	 7.428571 	 10.000000
  304 	 0.166667 	 2.931429 	 10.000000
  305 	 -1.000000 	 5.757143 	 10.000000
  306 	 -0.500000 	 3.328571 	 10.000000
  307 	 10.000000 	 10.000000 	 10.000000
  308 	 -1.000000 	 -0.685714 	 10.000000
  309 	 -1.000000 	 0.869048 	 10.000000
  310 	 -1.000000 	 4.114286 	 10.000000
  311 	 1.000000 	 6.785714 	 10.000000
  312 	 -1.000000 	 0.909524 	 10.000000
  313 	 0.250000 	 2.060714 	 10.000000
  314 	 -0.250000 	 3.130952 	 10.000000
  315 	 -0.500000 	 1.600000 	 10.000000
  316 	 10.000000 	 10.000000 	 10.000000
  317 	 0.250000 	 1.364286 	 10.000000
  318 	 -0.200000 	 2.860000 	 10.000000
  319 	 -1.000000 	 0.327143 	 10.000000
  320 	 -1.000000 	 1.828571 	 10.000000
  321 	 10.000000 	 10.000000 	 10.000000
  322 	 -0.500000 	 3.892857 	 10.000000
  323 	 -1.000000 	 -0.600000 	 10.000000
  324 	 0.250000 	 0.785714 	 10.000000
  325 	 -1.000000 	 0.302857 	 10.000000
  326 	 10.000000 	 10.000000 	 10.000000
  327 	 -0.333333 	 4.676190 	 10.000000
  328 	 -0.250000 	 1.146429 	 10.000000
  329 	 -1.000000 	 2.269762 	 10.000000
  330 	 -1.000000 	 0.207143 	 10.000000
  331 	 10.000000 	 10.000000 	 10.000000
  332 	 10.000000 	 10.000000 	 10.000000
  333 	 -1.000000 	 1.671429 	 10.000000
  334 	 -1.000000 	 -0.214286 	 10.000000
  335 	 0.500000 	 4.028571 	 10.000000
  336 	 -1.000000 	 1.242857 	 10.000000
  337 	 0.500000 	 1.950000 	 10.000000
  338 	 0.333333 	 8.619048 	 10.000000
  339 	 -1.000000 	 9.528571 	 10.000000
  340 	 -1.000000 	 5.771429 	 10.000000
  341 	 -1.000000 	 5.576190 	 10.000000
  342 	 0.500000 	 2.135714 	 10.000000
  343 	 0.250000 	 7.647619 	 10.000000
  344 	 -0.250000 	 0.526429 	 10.000000
  345 	 -0.250000 	 2.697857 	 10.000000
  346 	 -1.000000 	 1.985714 	 10.000000
  347 	 -1.000000 	 6.857143 	 10.000000
  348 	 10.000000 	 10.000000 	 10.000000
  349 	 1.000000 	 8.457143 	 10.000000
  350 	 -1.000000 	 1.658571 	 10.000000
  351 	 -1.000000 	 1.864286 	 10.000000
  352 	 -1.000000 	 5.128571 	 10.000000
  353 	 -1.000000 	 2.928571 	 10.000000
  354 	 -0.250000 	 0.451304 	 10.000000
  355 	 -1.000000 	 0.192857 	 10.000000
  356 	 -1.000000 	 5.300000 	 10.000000
  357 	 -1.000000 	 -0.160238 	 10.000000
  358 	 0.333333 	 5.211905 	 10.000000
  359 	 0.142857 	 2.999660 	 10.000000
  360 	 0.166667 	 0.261905 	 0.500000
  361 	 -0.333333 	 2.600000 	 10.000000
  362 	 -1.000000 	 1.871429 	 10.000000
  363 	 -0.333333 	 5.029932 	 10.000000
  364 	 -1.000000 	 2.398810 	 10.000000
  365 	 0.333333 	 1.300000 	 10.000000
  366 	 -1.000000 	 5.192857 	 10.000000
  367 	 10.000000 	 10.000000 	 10.000000
  368 	 10.000000 	 10.000000 	 10.000000
  369 	 -1.000000 	 2.509524 	 10.000000
  370 	 0.125000 	 3.107143 	 10.000000
  371 	 -1.000000 	 4.105714 	 10.000000
  372 	 -1.000000 	 2.928571 	 10.000000
  373 	 -1.000000 	 0.798810 	 10.000000
  374 	 -1.000000 	 3.790476 	 10.000000
  375 	 0.333333 	 4.476190 	 10.000000
  376 	 -0.500000 	 3.489286 	 10.000000
  377 	 10.000000 	 10.000000 	 10.000000
  378 	 -1.000000 	 7.642857 	 10.000000
  379 	 0.500000 	 0.900000 	 10.000000
  380 	 -1.000000 	 5.360238 	 10.000000
  381 	 0.500000 	 6.478571 	 10.000000
  382 	 0.333333 	 4.376190 	 10.000000
  383 	 -1.000000 	 1.480000 	 10.000000
  384 	 10.000000 	 10.000000 	 10.000000
  385 	 10.000000 	 10.000000 	 10.000000
  386 	 0.500000 	 0.771429 	 10.000000
  387 	 10.000000 	 10.000000 	 10.000000
  388 	 10.000000 	 10.000000 	 10.000000
  389 	 10.000000 	 10.000000 	 10.000000
  390 	 -0.500000 	 7.021429 	 10.000000
  391 	 -0.250000 	 0.296230 	 10.000000
  392 	 10.000000 	 10.000000 	 10.000000
  393 	 10.000000 	 10.000000 	 10.000000
  394 	 -1.000000 	 2.477381 	 10.000000
  395 	 0.200000 	 6.545714 	 10.000000
  396 	 10.000000 	 10.000000 	 10.000000
  397 	 0.500000 	 1.178571 	 10.000000
  398 	 0.333333 	 1.852381 	 10.000000
  399 	 0.500000 	 7.964286 	 10.000000
 