   0 	 -1.000000 	 0.335656 	 10.000000
    1 	 0.004808 	 0.157380 	 10.000000
    2 	 -0.333333 	 0.506693 	 10.000000
    3 	 -1.000000 	 8.362857 	 10.000000
    4 	 1.000000 	 5.371429 	 10.000000
    5 	 0.200000 	 2.182857 	 10.000000
    6 	 -0.500000 	 4.300000 	 10.000000
    7 	 0.500000 	 2.707143 	 10.000000
    8 	 -1.000000 	 4.278571 	 10.000000
    9 	 1.000000 	 2.285714 	 10.000000
   10 	 10.000000 	 10.000000 	 10.000000
   11 	 -0.250000 	 2.548214 	 10.000000
   12 	 -0.500000 	 1.111905 	 10.000000
   13 	 -0.250000 	 1.809286 	 10.000000
   14 	 -1.000000 	 3.242857 	 10.000000
   15 	 1.000000 	 2.671429 	 10.000000
   16 	 -0.250000 	 3.860714 	 10.000000
   17 	 10.000000 	 10.000000 	 10.000000
   18 	 -0.333333 	 0.942857 	 1.000000
   19 	 0.200000 	 1.811429 	 10.000000
   20 	 1.000000 	 1.642857 	 10.000000
   21 	 0.125000 	 1.158571 	 10.000000
   22 	 0.200000 	 2.450000 	 10.000000
   23 	 10.000000 	 10.000000 	 10.000000
   24 	 1.000000 	 8.328571 	 10.000000
   25 	 -1.000000 	 1.400000 	 10.000000
   26 	 10.000000 	 10.000000 	 10.000000
   27 	 -0.250000 	 2.678571 	 10.000000
   28 	 10.000000 	 10.000000 	 10.000000
   29 	 10.000000 	 10.000000 	 10.000000
   30 	 10.000000 	 10.000000 	 10.000000
   31 	 -1.000000 	 5.571429 	 10.000000
   32 	 0.333333 	 0.864286 	 10.000000
   33 	 1.000000 	 9.485714 	 10.000000
   34 	 -1.000000 	 4.971429 	 10.000000
   35 	 1.000000 	 2.157143 	 10.000000
   36 	 10.000000 	 10.000000 	 10.000000
   37 	 10.000000 	 10.000000 	 10.000000
   38 	 0.250000 	 9.303571 	 10.000000
   39 	 0.500000 	 8.914286 	 10.000000
   40 	 -1.000000 	 2.873968 	 10.000000
   41 	 -0.500000 	 2.650000 	 10.000000
   42 	 -1.000000 	 4.342857 	 10.000000
   43 	 -0.250000 	 3.557143 	 10.000000
   44 	 10.000000 	 10.000000 	 10.000000
   45 	 0.200000 	 2.204762 	 10.000000
   46 	 0.500000 	 0.785714 	 1.000000
   47 	 -1.000000 	 2.928571 	 10.000000
   48 	 1.000000 	 3.957143 	 10.000000
   49 	 -0.500000 	 4.867857 	 10.000000
   50 	 10.000000 	 10.000000 	 10.000000
   51 	 -1.000000 	 1.528571 	 10.000000
   52 	 10.000000 	 10.000000 	 10.000000
   53 	 -1.000000 	 7.385714 	 10.000000
   54 	 0.500000 	 6.607143 	 10.000000
   55 	 10.000000 	 10.000000 	 10.000000
   56 	 0.142857 	 3.628401 	 10.000000
   57 	 -0.500000 	 3.063095 	 10.000000
   58 	 0.500000 	 5.114286 	 10.000000
   59 	 0.250000 	 6.378571 	 10.000000
   60 	 0.142857 	 0.446531 	 1.000000
   61 	 0.142857 	 0.323810 	 10.000000
   62 	 -1.000000 	 1.411905 	 10.000000
   63 	 -0.250000 	 3.251531 	 10.000000
   64 	 -0.500000 	 0.116667 	 10.000000
   65 	 -1.000000 	 2.928571 	 10.000000
   66 	 1.000000 	 5.500000 	 10.000000
   67 	 -0.250000 	 3.850000 	 10.000000
   68 	 0.333333 	 5.757143 	 10.000000
   69 	 10.000000 	 10.000000 	 10.000000
   70 	 -0.250000 	 1.214286 	 10.000000
   71 	 -0.333333 	 2.010204 	 10.000000
   72 	 -0.250000 	 3.117857 	 10.000000
   73 	 -0.333333 	 5.409524 	 10.000000
   74 	 10.000000 	 10.000000 	 10.000000
   75 	 -0.250000 	 6.925000 	 10.000000
   76 	 -0.250000 	 3.117857 	 10.000000
   77 	 -0.250000 	 6.485714 	 10.000000
   78 	 10.000000 	 10.000000 	 10.000000
   79 	 -1.000000 	 8.742857 	 10.000000
   80 	 -0.250000 	 8.242857 	 10.000000
   81 	 10.000000 	 10.000000 	 10.000000
   82 	 0.333333 	 1.576190 	 10.000000
   83 	 0.500000 	 1.721429 	 10.000000
   84 	 1.000000 	 8.585714 	 10.000000
   85 	 -0.333333 	 6.352381 	 10.000000
   86 	 10.000000 	 10.000000 	 10.000000
   87 	 -0.250000 	 8.389286 	 10.000000
   88 	 0.500000 	 4.921429 	 10.000000
   89 	 0.500000 	 2.357143 	 10.000000
   90 	 0.250000 	 0.389286 	 10.000000
   91 	 0.125000 	 3.014286 	 10.000000
   92 	 10.000000 	 10.000000 	 10.000000
   93 	 10.000000 	 10.000000 	 10.000000
   94 	 10.000000 	 10.000000 	 10.000000
   95 	 -0.250000 	 0.628571 	 10.000000
   96 	 10.000000 	 10.000000 	 10.000000
   97 	 10.000000 	 10.000000 	 10.000000
   98 	 0.333333 	 4.257143 	 10.000000
   99 	 0.200000 	 5.377143 	 10.000000
  100 	 1.000000 	 6.142857 	 10.000000
  101 	 0.333333 	 3.442857 	 10.000000
  102 	 -1.000000 	 4.342857 	 10.000000
  103 	 0.500000 	 2.942857 	 10.000000
  104 	 -1.000000 	 7.342857 	 10.000000
  105 	 -1.000000 	 1.764286 	 10.000000
  106 	 10.000000 	 10.000000 	 10.000000
  107 	 10.000000 	 10.000000 	 10.000000
  108 	 10.000000 	 10.000000 	 10.000000
  109 	 -0.500000 	 0.778571 	 10.000000
  110 	 0.333333 	 2.252381 	 10.000000
  111 	 0.125000 	 0.208061 	 1.000000
  112 	 0.058824 	 1.277501 	 10.000000
  113 	 10.000000 	 10.000000 	 10.000000
  114 	 1.000000 	 4.085714 	 10.000000
  115 	 0.500000 	 6.471429 	 10.000000
  116 	 0.250000 	 1.804762 	 10.000000
  117 	 -0.250000 	 0.299405 	 10.000000
  118 	 0.333333 	 9.585714 	 10.000000
  119 	 10.000000 	 10.000000 	 10.000000
  120 	 -0.500000 	 7.000000 	 10.000000
  121 	 -0.500000 	 4.300000 	 10.000000
  122 	 10.000000 	 10.000000 	 10.000000
  123 	 10.000000 	 10.000000 	 10.000000
  124 	 1.000000 	 7.042857 	 10.000000
  125 	 -1.000000 	 7.496429 	 10.000000
  126 	 0.166667 	 0.860714 	 10.000000
  127 	 -0.500000 	 1.817857 	 10.000000
  128 	 -0.250000 	 1.348028 	 10.000000
  129 	 10.000000 	 10.000000 	 10.000000
  130 	 10.000000 	 10.000000 	 10.000000
  131 	 -1.000000 	 8.500000 	 10.000000
  132 	 10.000000 	 10.000000 	 10.000000
  133 	 10.000000 	 10.000000 	 10.000000
  134 	 1.000000 	 1.257143 	 10.000000
  135 	 -0.250000 	 2.135714 	 10.000000
  136 	 1.000000 	 9.228571 	 10.000000
  137 	 10.000000 	 10.000000 	 10.000000
  138 	 0.333333 	 2.266667 	 10.000000
  139 	 0.500000 	 6.878571 	 10.000000
  140 	 -0.500000 	 0.610714 	 10.000000
  141 	 -1.000000 	 2.970238 	 10.000000
  142 	 10.000000 	 10.000000 	 10.000000
  143 	 -0.200000 	 2.568571 	 10.000000
  144 	 1.000000 	 3.957143 	 10.000000
  145 	 10.000000 	 10.000000 	 10.000000
  146 	 -0.500000 	 5.221429 	 10.000000
  147 	 10.000000 	 10.000000 	 10.000000
  148 	 1.000000 	 1.771429 	 10.000000
  149 	 10.000000 	 10.000000 	 10.000000
  150 	 0.500000 	 6.471429 	 10.000000
  151 	 -0.250000 	 2.559286 	 10.000000
  152 	 -1.000000 	 8.585714 	 10.000000
  153 	 0.125000 	 0.331071 	 10.000000
  154 	 0.125000 	 5.510119 	 10.000000
  155 	 0.500000 	 6.842857 	 10.000000
  156 	 -1.000000 	 -0.064286 	 10.000000
  157 	 -1.000000 	 4.623810 	 10.000000
  158 	 -0.250000 	 6.785714 	 10.000000
  159 	 -0.500000 	 2.507143 	 10.000000
  160 	 10.000000 	 10.000000 	 10.000000
  161 	 0.500000 	 8.642857 	 10.000000
  162 	 0.500000 	 0.835714 	 1.000000
  163 	 0.500000 	 8.657143 	 10.000000
  164 	 10.000000 	 10.000000 	 10.000000
  165 	 -0.500000 	 8.950000 	 10.000000
  166 	 -1.000000 	 0.150000 	 10.000000
  167 	 -0.333333 	 3.535714 	 10.000000
  168 	 10.000000 	 10.000000 	 10.000000
  169 	 1.000000 	 6.142857 	 10.000000
  170 	 -1.000000 	 6.395238 	 10.000000
  171 	 -0.200000 	 6.065714 	 10.000000
  172 	 1.000000 	 4.471429 	 10.000000
  173 	 10.000000 	 10.000000 	 10.000000
  174 	 -0.500000 	 5.278571 	 10.000000
  175 	 0.500000 	 7.285714 	 10.000000
  176 	 10.000000 	 10.000000 	 10.000000
  177 	 1.000000 	 4.471429 	 10.000000
  178 	 10.000000 	 10.000000 	 10.000000
  179 	 -1.000000 	 7.800000 	 10.000000
  180 	 0.500000 	 9.185714 	 10.000000
  181 	 10.000000 	 10.000000 	 10.000000
  182 	 -1.000000 	 0.750000 	 10.000000
  183 	 10.000000 	 10.000000 	 10.000000
  184 	 10.000000 	 10.000000 	 10.000000
  185 	 0.500000 	 4.435714 	 10.000000
  186 	 0.200000 	 6.992381 	 10.000000
  187 	 -0.250000 	 7.950000 	 10.000000
  188 	 10.000000 	 10.000000 	 10.000000
  189 	 0.500000 	 0.500000 	 0.500000
  190 	 -0.500000 	 1.115714 	 10.000000
  191 	 10.000000 	 10.000000 	 10.000000
  192 	 -1.000000 	 1.200000 	 10.000000
  193 	 -1.000000 	 -0.310476 	 -0.200000
  194 	 -0.200000 	 -0.013815 	 -0.002915
  195 	 -0.200000 	 -0.013846 	 -0.002865
  196 	 -0.200000 	 -0.013856 	 -0.002899
  197 	 -0.200000 	 -0.013848 	 -0.002874
  198 	 -0.200000 	 -0.013802 	 -0.002841
  199 	 -0.200000 	 -0.013857 	 -0.002899
  200 	 -0.333333 	 -0.017593 	 -0.003413
  201 	 -0.200000 	 -0.017008 	 -0.003937
  202 	 -0.200000 	 -0.015837 	 -0.003175
  203 	 -0.200000 	 -0.013808 	 -0.002857
  204 	 -0.250000 	 -0.014908 	 -0.002865
  205 	 -0.250000 	 -0.016657 	 -0.003436
  206 	 -0.250000 	 -0.017287 	 -0.003610
  207 	 -0.250000 	 -0.017245 	 -0.003509
  208 	 -0.250000 	 -0.017260 	 -0.003571
  209 	 -0.250000 	 -0.017272 	 -0.003597
  210 	 -0.250000 	 -0.015563 	 -0.003559
  211 	 -0.250000 	 -0.017382 	 -0.003571
  212 	 -0.250000 	 -0.017318 	 -0.003623
  213 	 -0.250000 	 -0.017195 	 -0.003521
  214 	 -0.250000 	 -0.017217 	 -0.003497
  215 	 -0.250000 	 -0.017451 	 -0.003584
  216 	 -0.250000 	 -0.017417 	 -0.003584
  217 	 -0.250000 	 -0.017169 	 -0.003460
  218 	 -0.250000 	 -0.017755 	 -0.003623
  219 	 -0.250000 	 -0.017387 	 -0.003731
  220 	 -0.250000 	 -0.017536 	 -0.003817
  221 	 -0.250000 	 -0.018631 	 -0.003745
  222 	 -0.333333 	 -0.019675 	 -0.003731
  223 	 -0.333333 	 -0.021515 	 -0.004405
  224 	 -0.333333 	 -0.022798 	 -0.004739
  225 	 -0.333333 	 -0.023014 	 -0.004762
  226 	 -0.333333 	 -0.023062 	 -0.004785
  227 	 -0.333333 	 -0.023014 	 -0.004762
  228 	 -0.333333 	 -0.023014 	 -0.004762
  229 	 -0.333333 	 -0.023076 	 -0.004831
  230 	 -0.333333 	 -0.022680 	 -0.004785
  231 	 -0.333333 	 -0.023014 	 -0.004762
  232 	 -0.333333 	 -0.024919 	 -0.004808
  233 	 -0.333333 	 -0.023014 	 -0.004762
  234 	 -0.333333 	 -0.022561 	 -0.004608
  235 	 -0.333333 	 -0.023397 	 -0.004926
  236 	 -0.333333 	 -0.023014 	 -0.004762
  237 	 -0.333333 	 -0.023388 	 -0.004902
  238 	 -0.333333 	 -0.022574 	 -0.004608
  239 	 -0.333333 	 -0.023014 	 -0.004762
  240 	 -0.333333 	 -0.023064 	 -0.004854
  241 	 -0.333333 	 -0.023004 	 -0.004717
  242 	 -0.333333 	 -0.023014 	 -0.004762
  243 	 -0.333333 	 -0.023047 	 -0.004785
  244 	 -0.333333 	 -0.023699 	 -0.004831
  245 	 -0.333333 	 -0.023014 	 -0.004762
  246 	 -0.333333 	 -0.023036 	 -0.004785
  247 	 -0.333333 	 -0.023166 	 -0.004926
  248 	 -0.333333 	 -0.023015 	 -0.004785
  249 	 -0.333333 	 -0.023014 	 -0.004762
  250 	 -0.333333 	 -0.023169 	 -0.004808
  251 	 -0.333333 	 -0.023101 	 -0.004902
  252 	 -0.333333 	 -0.022742 	 -0.004762
  253 	 -0.333333 	 -0.023014 	 -0.004762
  254 	 -0.333333 	 -0.023014 	 -0.004762
  255 	 -0.333333 	 -0.023278 	 -0.004878
  256 	 -0.333333 	 -0.023120 	 -0.004785
  257 	 -0.333333 	 -0.023019 	 -0.004785
  258 	 -0.333333 	 -0.023014 	 -0.004762
  259 	 -0.333333 	 -0.022964 	 -0.004651
  260 	 -0.333333 	 -0.023069 	 -0.004785
  261 	 -0.333333 	 -0.023014 	 -0.004762
  262 	 -0.333333 	 -0.023296 	 -0.004926
  263 	 -0.333333 	 -0.022991 	 -0.004717
  264 	 -0.333333 	 -0.022990 	 -0.004739
  265 	 -0.333333 	 -0.023208 	 -0.004808
  266 	 -0.333333 	 -0.025150 	 -0.004902
  267 	 -0.333333 	 -0.023033 	 -0.004785
  268 	 -0.333333 	 -0.023045 	 -0.004854
  269 	 -0.333333 	 -0.022756 	 -0.004739
  270 	 -0.333333 	 -0.022981 	 -0.004739
  271 	 -0.333333 	 -0.023220 	 -0.004785
  272 	 -0.333333 	 -0.020844 	 -0.004566
  273 	 -0.333333 	 -0.024420 	 -0.004808
  274 	 -0.333333 	 -0.022989 	 -0.004717
  275 	 -0.333333 	 -0.023054 	 -0.004785
  276 	 -0.333333 	 -0.022439 	 -0.004717
  277 	 -0.333333 	 -0.023014 	 -0.004762
  278 	 -0.333333 	 -0.023029 	 -0.004695
  279 	 -0.333333 	 -0.022978 	 -0.004785
  280 	 -0.333333 	 -0.023014 	 -0.004762
  281 	 -0.333333 	 -0.022938 	 -0.004717
  282 	 -0.333333 	 -0.023016 	 -0.004808
  283 	 -1.000000 	 -0.035134 	 -0.004808
  284 	 -0.333333 	 -0.030431 	 -0.007353
  285 	 -0.333333 	 -0.023907 	 -0.005263
  286 	 -0.333333 	 -0.023014 	 -0.004762
  287 	 -0.500000 	 -0.012085 	 1.000000
  288 	 0.013889 	 0.068910 	 1.000000
  289 	 0.014286 	 0.069041 	 1.000000
  290 	 0.014286 	 0.069041 	 1.000000
  291 	 0.014286 	 0.069041 	 1.000000
  292 	 0.013699 	 0.068870 	 1.000000
  293 	 0.014085 	 0.069004 	 1.000000
  294 	 0.014286 	 0.069041 	 1.000000
  295 	 0.013889 	 0.068362 	 1.000000
  296 	 0.013889 	 0.068503 	 1.000000
  297 	 0.014286 	 0.069307 	 1.000000
  298 	 0.015152 	 0.070433 	 1.000000
  299 	 0.017241 	 0.072126 	 1.000000
  300 	 0.015385 	 0.073714 	 1.000000
  301 	 0.015625 	 0.071175 	 1.000000
  302 	 0.014493 	 0.069125 	 1.000000
  303 	 0.013699 	 0.067770 	 1.000000
  304 	 0.011628 	 0.057109 	 1.000000
  305 	 0.011765 	 0.038537 	 0.250000
  306 	 0.011765 	 0.060348 	 1.000000
  307 	 0.012658 	 0.065134 	 1.000000
  308 	 0.013889 	 0.081555 	 1.000000
  309 	 0.018182 	 0.083714 	 1.000000
  310 	 0.017544 	 0.085163 	 1.000000
  311 	 0.020408 	 0.098339 	 1.000000
  312 	 0.020000 	 0.083911 	 1.000000
  313 	 0.019231 	 0.096509 	 1.000000
  314 	 0.022727 	 0.100075 	 1.000000
  315 	 -1.000000 	 0.466692 	 10.000000
  316 	 0.025641 	 0.106110 	 1.000000
  317 	 0.027027 	 0.242727 	 10.000000
  318 	 0.043478 	 0.157891 	 1.000000
  319 	 0.037037 	 0.537711 	 10.000000
  320 	 0.125000 	 3.404303 	 10.000000
  321 	 10.000000 	 10.000000 	 10.000000
  322 	 -0.250000 	 9.267857 	 10.000000
  323 	 0.500000 	 4.300000 	 10.000000
  324 	 -0.250000 	 0.782738 	 10.000000
  325 	 -0.333333 	 2.369388 	 10.000000
  326 	 0.333333 	 1.861905 	 10.000000
  327 	 0.333333 	 9.861905 	 10.000000
  328 	 10.000000 	 10.000000 	 10.000000
  329 	 10.000000 	 10.000000 	 10.000000
  330 	 0.333333 	 1.852381 	 10.000000
  331 	 0.500000 	 7.292857 	 10.000000
  332 	 10.000000 	 10.000000 	 10.000000
  333 	 1.000000 	 3.057143 	 10.000000
  334 	 1.000000 	 4.985714 	 10.000000
  335 	 1.000000 	 9.614286 	 10.000000
  336 	 10.000000 	 10.000000 	 10.000000
  337 	 10.000000 	 10.000000 	 10.000000
  338 	 10.000000 	 10.000000 	 10.000000
  339 	 10.000000 	 10.000000 	 10.000000
  340 	 -0.333333 	 8.673810 	 10.000000
  341 	 0.166667 	 1.604762 	 10.000000
  342 	 0.333333 	 0.747619 	 10.000000
  343 	 10.000000 	 10.000000 	 10.000000
  344 	 -1.000000 	 5.757143 	 10.000000
  345 	 10.000000 	 10.000000 	 10.000000
  346 	 -1.000000 	 -0.314286 	 10.000000
  347 	 -1.000000 	 6.057143 	 10.000000
  348 	 -1.000000 	 6.071429 	 10.000000
  349 	 0.333333 	 6.409524 	 10.000000
  350 	 0.500000 	 1.578571 	 10.000000
  351 	 0.250000 	 1.582143 	 10.000000
  352 	 0.333333 	 1.071429 	 10.000000
  353 	 0.333333 	 7.580952 	 10.000000
  354 	 -1.000000 	 3.104762 	 10.000000
  355 	 10.000000 	 10.000000 	 10.000000
  356 	 -1.000000 	 1.395238 	 10.000000
  357 	 0.250000 	 4.176190 	 10.000000
  358 	 -0.250000 	 7.071429 	 10.000000
  359 	 0.166667 	 0.938095 	 10.000000
  360 	 1.000000 	 4.985714 	 10.000000
  361 	 -1.000000 	 6.571429 	 10.000000
  362 	 10.000000 	 10.000000 	 10.000000
  363 	 0.500000 	 9.607143 	 10.000000
  364 	 1.000000 	 4.085714 	 10.000000
  365 	 10.000000 	 10.000000 	 10.000000
  366 	 -0.250000 	 1.067857 	 10.000000
  367 	 -0.500000 	 -0.175000 	 10.000000
  368 	 10.000000 	 10.000000 	 10.000000
  369 	 10.000000 	 10.000000 	 10.000000
  370 	 1.000000 	 2.542857 	 10.000000
  371 	 -0.500000 	 -0.204808 	 -0.066667
  372 	 -1.000000 	 -0.048725 	 -0.007299
  373 	 -1.000000 	 -0.055503 	 -0.011628
  374 	 -1.000000 	 -0.072781 	 -0.015385
  375 	 -1.000000 	 -0.065520 	 -0.013333
  376 	 -1.000000 	 -0.069041 	 -0.014286
  377 	 -1.000000 	 -0.069524 	 -0.015625
  378 	 -1.000000 	 -0.104881 	 -0.021739
  379 	 -1.000000 	 -0.077094 	 -0.014925
  380 	 -1.000000 	 -0.079952 	 -0.017857
  381 	 -1.000000 	 -0.070265 	 -0.014493
  382 	 -1.000000 	 -0.069353 	 -0.014706
  383 	 -1.000000 	 -0.066889 	 -0.013514
  384 	 -1.000000 	 -0.067584 	 -0.013514
  385 	 -1.000000 	 -0.069087 	 -0.014493
  386 	 -1.000000 	 -0.069041 	 -0.014286
  387 	 -1.000000 	 -0.069041 	 -0.014286
  388 	 -1.000000 	 -0.069041 	 -0.014286
  389 	 -1.000000 	 -0.069231 	 -0.015152
  390 	 -1.000000 	 -0.069041 	 -0.014286
  391 	 -1.000000 	 -0.069551 	 -0.014493
  392 	 -1.000000 	 -0.069041 	 -0.014286
  393 	 -1.000000 	 -0.075523 	 -0.014286
  394 	 -1.000000 	 0.074438 	 10.000000
  395 	 -1.000000 	 -0.069126 	 -0.014706
  396 	 -1.000000 	 -0.068047 	 -0.012987
  397 	 -1.000000 	 -0.069832 	 -0.014286
  398 	 -1.000000 	 -0.069041 	 -0.014286
  399 	 -1.000000 	 -0.079610 	 -0.014925
 