   0 	 -0.500000 	 -0.070193 	 -0.016129
    1 	 -0.500000 	 -0.034550 	 -0.007092
    2 	 -0.500000 	 -0.034404 	 -0.007092
    3 	 -0.500000 	 -0.034726 	 -0.007299
    4 	 -0.500000 	 -0.034520 	 -0.007143
    5 	 -0.500000 	 -0.034505 	 -0.007143
    6 	 -1.000000 	 -0.046198 	 -0.007634
    7 	 -1.000000 	 -0.053376 	 -0.010638
    8 	 -1.000000 	 -0.058847 	 -0.011765
    9 	 -1.000000 	 -0.061655 	 -0.013158
   10 	 -1.000000 	 -0.065805 	 -0.012195
   11 	 -1.000000 	 -0.054902 	 -0.011494
   12 	 -1.000000 	 -0.058429 	 -0.011628
   13 	 -0.500000 	 -0.051338 	 -0.011765
   14 	 -0.500000 	 -0.036738 	 -0.007634
   15 	 -0.500000 	 -0.034497 	 -0.007092
   16 	 -0.500000 	 -0.034605 	 -0.007194
   17 	 -0.500000 	 -0.034467 	 -0.006849
   18 	 -0.500000 	 -0.034520 	 -0.007143
   19 	 -0.500000 	 -0.037990 	 -0.007246
   20 	 -0.500000 	 -0.034520 	 -0.007143
   21 	 -0.500000 	 -0.034614 	 -0.007353
   22 	 -0.500000 	 -0.036014 	 -0.007634
   23 	 -0.500000 	 -0.034520 	 -0.007143
   24 	 -0.500000 	 -0.035092 	 -0.007299
   25 	 -0.500000 	 -0.035277 	 -0.007194
   26 	 -0.500000 	 -0.035467 	 -0.007299
   27 	 -0.500000 	 -0.034630 	 -0.007246
   28 	 -0.500000 	 -0.032772 	 -0.006289
   29 	 -0.500000 	 -0.034050 	 -0.006849
   30 	 -0.500000 	 -0.034520 	 -0.007143
   31 	 -0.500000 	 -0.034466 	 -0.007042
   32 	 -0.500000 	 -0.034520 	 -0.007143
   33 	 -0.500000 	 -0.034510 	 -0.007092
   34 	 -0.500000 	 -0.034637 	 -0.007194
   35 	 -0.500000 	 -0.034520 	 -0.007143
   36 	 -0.500000 	 -0.034499 	 -0.007092
   37 	 -0.500000 	 -0.034160 	 -0.007194
   38 	 -0.500000 	 -0.037245 	 -0.007299
   39 	 -0.500000 	 -0.034390 	 -0.007092
   40 	 -0.500000 	 -0.034520 	 -0.007143
   41 	 -0.500000 	 -0.034520 	 -0.007143
   42 	 -0.500000 	 -0.034655 	 -0.007092
   43 	 -0.500000 	 -0.034191 	 -0.007042
   44 	 -0.500000 	 -0.034520 	 -0.007143
   45 	 -0.500000 	 -0.033908 	 -0.006897
   46 	 -0.500000 	 -0.034457 	 -0.007042
   47 	 -0.500000 	 -0.035048 	 -0.007353
   48 	 -0.500000 	 -0.034520 	 -0.007143
   49 	 -0.500000 	 -0.034397 	 -0.007143
   50 	 -0.500000 	 -0.034520 	 -0.007143
   51 	 -0.500000 	 -0.034739 	 -0.007299
   52 	 -0.500000 	 -0.034742 	 -0.007299
   53 	 -0.500000 	 -0.036298 	 -0.007353
   54 	 -0.500000 	 -0.034516 	 -0.006993
   55 	 -0.500000 	 -0.034520 	 -0.007143
   56 	 -0.500000 	 -0.034520 	 -0.007143
   57 	 -0.500000 	 -0.034637 	 -0.007519
   58 	 -0.500000 	 -0.034390 	 -0.007092
   59 	 -0.500000 	 -0.034520 	 -0.007143
   60 	 -0.500000 	 -0.034026 	 -0.007042
   61 	 -0.500000 	 -0.034228 	 -0.006897
   62 	 -0.500000 	 -0.034565 	 -0.007143
   63 	 -0.500000 	 -0.034493 	 -0.007092
   64 	 -0.500000 	 -0.034520 	 -0.007143
   65 	 -0.500000 	 -0.035114 	 -0.007692
   66 	 -0.500000 	 -0.034141 	 -0.006993
   67 	 -0.500000 	 -0.034676 	 -0.007353
   68 	 -0.500000 	 -0.035903 	 -0.007042
   69 	 -0.500000 	 -0.034163 	 -0.006897
   70 	 -0.500000 	 -0.034520 	 -0.007143
   71 	 -0.500000 	 -0.034417 	 -0.006993
   72 	 -0.500000 	 -0.034520 	 -0.007143
   73 	 -0.500000 	 -0.034484 	 -0.007042
   74 	 -0.333333 	 -0.030141 	 -0.007042
   75 	 -0.333333 	 -0.023297 	 -0.005025
   76 	 -0.333333 	 -0.022551 	 -0.004695
   77 	 -0.333333 	 -0.023014 	 -0.004762
   78 	 -0.333333 	 -0.023014 	 -0.004762
   79 	 -0.333333 	 -0.023288 	 -0.004785
   80 	 -0.250000 	 -0.019884 	 -0.004673
   81 	 -0.250000 	 -0.018337 	 -0.003817
   82 	 -0.250000 	 -0.017139 	 -0.003472
   83 	 -0.250000 	 -0.017250 	 -0.003546
   84 	 -0.250000 	 -0.017035 	 -0.003497
   85 	 -0.250000 	 -0.017601 	 -0.003623
   86 	 -0.333333 	 -0.022595 	 -0.003584
   87 	 -0.250000 	 -0.017279 	 -0.003610
   88 	 -0.250000 	 -0.017222 	 -0.003509
   89 	 -0.250000 	 -0.017252 	 -0.003571
   90 	 -0.250000 	 -0.017051 	 -0.003436
   91 	 -0.250000 	 -0.017352 	 -0.003623
   92 	 -0.250000 	 -0.017306 	 -0.003623
   93 	 -0.250000 	 -0.017260 	 -0.003571
   94 	 -0.250000 	 -0.017260 	 -0.003571
   95 	 -0.250000 	 -0.017254 	 -0.003559
   96 	 -0.250000 	 -0.017260 	 -0.003571
   97 	 -0.250000 	 -0.017257 	 -0.003534
   98 	 -0.250000 	 -0.017329 	 -0.003610
   99 	 -0.250000 	 -0.017260 	 -0.003571
  100 	 -0.250000 	 -0.017497 	 -0.003650
  101 	 -0.250000 	 -0.017252 	 -0.003534
  102 	 -0.250000 	 -0.017291 	 -0.003597
  103 	 -0.333333 	 -0.020123 	 -0.003817
  104 	 -0.333333 	 -0.021614 	 -0.004386
  105 	 -0.250000 	 -0.020438 	 -0.004444
  106 	 -0.250000 	 -0.017260 	 -0.003571
  107 	 -0.250000 	 -0.017080 	 -0.003559
  108 	 -0.250000 	 -0.017260 	 -0.003571
  109 	 -0.250000 	 -0.017347 	 -0.003690
  110 	 -0.250000 	 -0.017275 	 -0.003584
  111 	 -0.250000 	 -0.017148 	 -0.003534
  112 	 -0.250000 	 -0.016989 	 -0.003597
  113 	 -0.250000 	 -0.017336 	 -0.003636
  114 	 -0.250000 	 -0.017229 	 -0.003559
  115 	 -0.250000 	 -0.017247 	 -0.003571
  116 	 -0.250000 	 -0.017427 	 -0.003584
  117 	 -0.250000 	 -0.017260 	 -0.003571
  118 	 -0.250000 	 -0.017237 	 -0.003571
  119 	 -0.250000 	 -0.017264 	 -0.003584
  120 	 -0.250000 	 -0.017076 	 -0.003597
  121 	 -0.250000 	 -0.017618 	 -0.003584
  122 	 -0.250000 	 -0.017242 	 -0.003559
  123 	 -0.250000 	 -0.017553 	 -0.003650
  124 	 -0.250000 	 -0.017248 	 -0.003521
  125 	 -0.250000 	 -0.017251 	 -0.003597
  126 	 -0.250000 	 -0.018593 	 -0.004545
  127 	 -0.250000 	 -0.017257 	 -0.003534
  128 	 -0.250000 	 -0.017267 	 -0.003571
  129 	 -0.250000 	 -0.016954 	 -0.003623
  130 	 -0.250000 	 -0.017232 	 -0.003546
  131 	 -0.250000 	 -0.017242 	 -0.003571
  132 	 -0.250000 	 -0.017328 	 -0.003636
  133 	 -0.250000 	 -0.017256 	 -0.003610
  134 	 -0.250000 	 -0.017269 	 -0.003584
  135 	 -0.250000 	 -0.017245 	 -0.003497
  136 	 -0.250000 	 -0.017258 	 -0.003509
  137 	 -0.250000 	 -0.016122 	 -0.002976
  138 	 -0.250000 	 -0.016410 	 -0.003165
  139 	 -1.000000 	 -0.030158 	 -0.003597
  140 	 -0.250000 	 -0.023828 	 -0.006061
  141 	 -0.250000 	 -0.017283 	 -0.003597
  142 	 -0.250000 	 -0.017229 	 -0.003559
  143 	 -0.500000 	 -0.022551 	 -0.003636
  144 	 -0.500000 	 -0.031904 	 -0.005780
  145 	 -0.500000 	 -0.034582 	 -0.007353
  146 	 -0.500000 	 -0.034520 	 -0.007143
  147 	 -0.500000 	 -0.034540 	 -0.007194
  148 	 -0.500000 	 -0.036799 	 -0.007246
  149 	 -0.500000 	 -0.034520 	 -0.007143
  150 	 -0.500000 	 -0.034443 	 -0.006944
  151 	 -0.500000 	 -0.035212 	 -0.007246
  152 	 -0.500000 	 -0.034983 	 -0.007092
  153 	 -0.500000 	 -0.034532 	 -0.007194
  154 	 -0.500000 	 -0.034506 	 -0.006993
  155 	 -0.500000 	 -0.034785 	 -0.007246
  156 	 -0.500000 	 -0.034510 	 -0.007092
  157 	 -0.500000 	 -0.034308 	 -0.006897
  158 	 -0.500000 	 -0.034482 	 -0.007042
  159 	 -0.500000 	 -0.034042 	 -0.007092
  160 	 -0.500000 	 -0.034494 	 -0.007092
  161 	 -0.500000 	 -0.035307 	 -0.007194
  162 	 -0.500000 	 -0.034520 	 -0.007143
  163 	 -0.500000 	 -0.034520 	 -0.007143
  164 	 -0.500000 	 -0.036274 	 -0.007407
  165 	 -0.500000 	 -0.033749 	 -0.006757
  166 	 -0.500000 	 -0.033260 	 -0.006711
  167 	 -0.500000 	 -0.034520 	 -0.007143
  168 	 -0.500000 	 -0.034531 	 -0.007194
  169 	 -0.500000 	 -0.034783 	 -0.007407
  170 	 -0.500000 	 -0.034739 	 -0.007194
  171 	 -0.500000 	 -0.034838 	 -0.007463
  172 	 -0.500000 	 -0.034471 	 -0.006944
  173 	 -0.500000 	 -0.034643 	 -0.007299
  174 	 -0.500000 	 -0.034635 	 -0.007299
  175 	 -0.500000 	 -0.035301 	 -0.007353
  176 	 -0.500000 	 -0.033903 	 -0.006849
  177 	 -0.500000 	 -0.033525 	 -0.006849
  178 	 -0.500000 	 -0.034530 	 -0.007194
  179 	 -0.500000 	 -0.033964 	 -0.006897
  180 	 -0.500000 	 -0.034830 	 -0.007463
  181 	 -0.500000 	 -0.034528 	 -0.007194
  182 	 -0.500000 	 -0.034522 	 -0.007194
  183 	 -0.500000 	 -0.034496 	 -0.007299
  184 	 -0.500000 	 -0.034506 	 -0.007042
  185 	 -0.500000 	 -0.036078 	 -0.007299
  186 	 -0.500000 	 -0.034520 	 -0.007143
  187 	 -0.500000 	 -0.034520 	 -0.007143
  188 	 -0.500000 	 -0.035884 	 -0.007407
  189 	 -0.500000 	 -0.034370 	 -0.007092
  190 	 -0.500000 	 -0.033821 	 -0.006897
  191 	 -0.500000 	 -0.034520 	 -0.007143
  192 	 -0.500000 	 -0.034521 	 -0.007194
  193 	 -0.500000 	 -0.039981 	 -0.007692
  194 	 -0.500000 	 -0.036454 	 -0.007692
  195 	 -0.500000 	 -0.034520 	 -0.007143
  196 	 -0.500000 	 -0.034520 	 -0.007143
  197 	 -0.500000 	 -0.034561 	 -0.007092
  198 	 -0.500000 	 -0.034291 	 -0.007092
  199 	 -0.500000 	 -0.034520 	 -0.007143
  200 	 -0.500000 	 -0.034520 	 -0.007143
  201 	 -0.500000 	 -0.034506 	 -0.006993
  202 	 -0.500000 	 -0.034390 	 -0.007042
  203 	 -0.500000 	 -0.034696 	 -0.007353
  204 	 -0.500000 	 -0.034520 	 -0.007143
  205 	 -0.500000 	 -0.034818 	 -0.007299
  206 	 -0.500000 	 -0.034413 	 -0.006944
  207 	 -0.500000 	 -0.035103 	 -0.007407
  208 	 -0.500000 	 -0.034118 	 -0.006993
  209 	 -0.500000 	 -0.034520 	 -0.007143
  210 	 -0.500000 	 -0.037229 	 -0.007194
  211 	 -0.500000 	 -0.034520 	 -0.007143
  212 	 -0.500000 	 -0.034520 	 -0.007143
  213 	 -0.500000 	 -0.034720 	 -0.007092
  214 	 -0.500000 	 -0.034520 	 -0.007143
  215 	 -0.500000 	 -0.034269 	 -0.007042
  216 	 -0.500000 	 -0.034520 	 -0.007143
  217 	 -0.500000 	 -0.034481 	 -0.007042
  218 	 -0.500000 	 -0.034437 	 -0.007042
  219 	 -0.500000 	 -0.041431 	 -0.007194
  220 	 -0.500000 	 -0.034520 	 -0.007143
  221 	 -0.500000 	 -0.035562 	 -0.007519
  222 	 -0.500000 	 -0.034329 	 -0.007092
  223 	 -0.500000 	 -0.034608 	 -0.007299
  224 	 -0.500000 	 -0.034513 	 -0.007042
  225 	 -0.500000 	 -0.034520 	 -0.007143
  226 	 -0.500000 	 -0.034908 	 -0.007407
  227 	 -0.500000 	 -0.034520 	 -0.007143
  228 	 -0.500000 	 -0.034385 	 -0.007143
  229 	 -0.500000 	 -0.034717 	 -0.007353
  230 	 -0.500000 	 -0.034520 	 -0.007143
  231 	 -0.500000 	 -0.033284 	 -0.006803
  232 	 -0.500000 	 -0.034808 	 -0.007246
  233 	 -0.500000 	 -0.034520 	 -0.007143
  234 	 -0.500000 	 -0.034773 	 -0.007353
  235 	 -0.500000 	 -0.034520 	 -0.007143
  236 	 -0.500000 	 -0.034447 	 -0.007092
  237 	 -0.500000 	 -0.034289 	 -0.007092
  238 	 -0.500000 	 -0.034520 	 -0.007143
  239 	 -0.500000 	 -0.034538 	 -0.007194
  240 	 -0.500000 	 -0.034507 	 -0.007042
  241 	 -0.500000 	 -0.034789 	 -0.007463
  242 	 -0.500000 	 -0.034923 	 -0.007353
  243 	 -0.500000 	 -0.031433 	 -0.006944
  244 	 -0.500000 	 -0.033319 	 -0.006173
  245 	 -0.500000 	 -0.034741 	 -0.007519
  246 	 -0.500000 	 -0.034520 	 -0.007143
  247 	 -0.500000 	 -0.034520 	 -0.007143
  248 	 -0.500000 	 -0.035817 	 -0.007692
  249 	 -0.500000 	 -0.034348 	 -0.006993
  250 	 -0.500000 	 -0.034419 	 -0.006944
  251 	 -0.500000 	 -0.034520 	 -0.007143
  252 	 -0.500000 	 -0.034358 	 -0.006944
  253 	 -0.500000 	 -0.034744 	 -0.006944
  254 	 -0.500000 	 -0.034520 	 -0.007143
  255 	 -0.500000 	 -0.034637 	 -0.007194
  256 	 -0.500000 	 -0.034520 	 -0.007143
  257 	 -0.500000 	 -0.034948 	 -0.007246
  258 	 -0.500000 	 -0.032869 	 -0.007092
  259 	 -0.500000 	 -0.034426 	 -0.007092
  260 	 -0.500000 	 -0.034520 	 -0.007143
  261 	 -0.500000 	 -0.034520 	 -0.007143
  262 	 -0.500000 	 -0.035317 	 -0.007143
  263 	 -0.500000 	 -0.034825 	 -0.007463
  264 	 -0.500000 	 -0.035562 	 -0.007194
  265 	 -0.500000 	 -0.034520 	 -0.007143
  266 	 -0.500000 	 -0.034520 	 -0.007143
  267 	 -0.500000 	 -0.034520 	 -0.007143
  268 	 -0.500000 	 -0.034520 	 -0.007143
  269 	 -0.500000 	 -0.034520 	 -0.007143
  270 	 -0.500000 	 -0.034607 	 -0.007143
  271 	 -0.500000 	 -0.034499 	 -0.007092
  272 	 -0.500000 	 -0.034548 	 -0.007246
  273 	 -0.500000 	 -0.034224 	 -0.007042
  274 	 -0.500000 	 -0.034520 	 -0.007143
  275 	 -0.250000 	 -0.027450 	 -0.006944
  276 	 -0.250000 	 -0.017692 	 -0.003817
  277 	 -0.250000 	 -0.017191 	 -0.003571
  278 	 -0.250000 	 -0.017260 	 -0.003571
  279 	 -0.166667 	 -0.015094 	 -0.003546
  280 	 -0.166667 	 -0.012228 	 -0.002545
  281 	 -0.166667 	 -0.011506 	 -0.002387
  282 	 -0.166667 	 -0.011507 	 -0.002381
  283 	 -0.166667 	 -0.011507 	 -0.002381
  284 	 -0.166667 	 -0.011500 	 -0.002375
  285 	 -0.166667 	 -0.011507 	 -0.002381
  286 	 -0.166667 	 -0.011503 	 -0.002375
  287 	 -0.166667 	 -0.011511 	 -0.002392
  288 	 -0.166667 	 -0.011508 	 -0.002398
  289 	 -0.166667 	 -0.011423 	 -0.002364
  290 	 -0.166667 	 -0.011510 	 -0.002404
  291 	 -0.166667 	 -0.011508 	 -0.002381
  292 	 -0.166667 	 -0.011446 	 -0.002370
  293 	 -0.166667 	 -0.011505 	 -0.002375
  294 	 -0.166667 	 -0.011507 	 -0.002381
  295 	 -0.166667 	 -0.011515 	 -0.002404
  296 	 -0.166667 	 -0.011514 	 -0.002398
  297 	 -0.166667 	 -0.011458 	 -0.002375
  298 	 -0.166667 	 -0.011527 	 -0.002381
  299 	 -0.166667 	 -0.011490 	 -0.002410
  300 	 -0.166667 	 -0.011550 	 -0.002421
  301 	 -0.166667 	 -0.011507 	 -0.002381
  302 	 -0.166667 	 -0.011527 	 -0.002404
  303 	 -0.166667 	 -0.011614 	 -0.002398
  304 	 -0.166667 	 -0.011505 	 -0.002375
  305 	 -0.200000 	 -0.012258 	 -0.002392
  306 	 -0.166667 	 -0.012680 	 -0.002710
  307 	 -0.166667 	 -0.011916 	 -0.002427
  308 	 -0.166667 	 -0.011507 	 -0.002381
  309 	 -0.166667 	 -0.011508 	 -0.002387
  310 	 -0.166667 	 -0.011494 	 -0.002347
  311 	 -0.166667 	 -0.011295 	 -0.002392
  312 	 -0.166667 	 -0.011478 	 -0.002353
  313 	 -0.166667 	 -0.011623 	 -0.002410
  314 	 -0.166667 	 -0.011502 	 -0.002375
  315 	 -0.166667 	 -0.011523 	 -0.002392
  316 	 -0.166667 	 -0.011507 	 -0.002381
  317 	 -0.166667 	 -0.011506 	 -0.002375
  318 	 -0.166667 	 -0.011605 	 -0.002404
  319 	 -0.166667 	 -0.011486 	 -0.002364
  320 	 -0.166667 	 -0.011521 	 -0.002353
  321 	 -0.166667 	 -0.011645 	 -0.002410
  322 	 -0.166667 	 -0.011353 	 -0.002353
  323 	 -0.142857 	 -0.010948 	 -0.002404
  324 	 -0.166667 	 -0.010470 	 -0.002083
  325 	 -0.166667 	 -0.011486 	 -0.002404
  326 	 -0.166667 	 -0.011478 	 -0.002375
  327 	 -0.166667 	 -0.011507 	 -0.002404
  328 	 -0.166667 	 -0.011485 	 -0.002358
  329 	 -0.166667 	 -0.011529 	 -0.002392
  330 	 -0.166667 	 -0.011616 	 -0.002387
  331 	 -0.166667 	 -0.011350 	 -0.002358
  332 	 -0.166667 	 -0.011453 	 -0.002381
  333 	 -0.166667 	 -0.011507 	 -0.002381
  334 	 -0.166667 	 -0.011506 	 -0.002370
  335 	 -0.166667 	 -0.011503 	 -0.002375
  336 	 -0.166667 	 -0.011514 	 -0.002392
  337 	 -0.166667 	 -0.011515 	 -0.002370
  338 	 -0.166667 	 -0.011515 	 -0.002347
  339 	 -0.111111 	 -0.009535 	 -0.002179
  340 	 -0.111111 	 -0.008221 	 -0.001684
  341 	 -0.111111 	 -0.007730 	 -0.001597
  342 	 -0.111111 	 -0.007671 	 -0.001587
  343 	 -0.111111 	 -0.007671 	 -0.001587
  344 	 -0.111111 	 -0.007686 	 -0.001597
  345 	 -0.111111 	 -0.007677 	 -0.001597
  346 	 -0.111111 	 -0.007671 	 -0.001587
  347 	 -0.111111 	 -0.007671 	 -0.001587
  348 	 -0.111111 	 -0.007967 	 -0.001597
  349 	 -0.111111 	 -0.007689 	 -0.001592
  350 	 -0.111111 	 -0.007665 	 -0.001585
  351 	 -0.111111 	 -0.007671 	 -0.001587
  352 	 -0.200000 	 -0.009464 	 -0.001600
  353 	 -0.200000 	 -0.011554 	 -0.002315
  354 	 -0.200000 	 -0.014019 	 -0.002874
  355 	 -0.200000 	 -0.014035 	 -0.002907
  356 	 -0.200000 	 -0.013853 	 -0.002924
  357 	 -0.200000 	 -0.013808 	 -0.002857
  358 	 -0.200000 	 -0.013808 	 -0.002857
  359 	 -0.200000 	 -0.013868 	 -0.002882
  360 	 -0.166667 	 -0.012229 	 -0.002725
  361 	 -0.166667 	 -0.012145 	 -0.002469
  362 	 -0.166667 	 -0.011745 	 -0.002500
  363 	 -0.166667 	 -0.011509 	 -0.002392
  364 	 -0.166667 	 -0.011353 	 -0.002336
  365 	 -0.166667 	 -0.011507 	 -0.002381
  366 	 -0.166667 	 -0.011513 	 -0.002387
  367 	 -0.166667 	 -0.011521 	 -0.002398
  368 	 -0.166667 	 -0.011507 	 -0.002381
  369 	 -0.166667 	 -0.011612 	 -0.002398
  370 	 -0.166667 	 -0.011507 	 -0.002381
  371 	 -0.166667 	 -0.011507 	 -0.002381
  372 	 -0.166667 	 -0.011527 	 -0.002404
  373 	 -0.166667 	 -0.011507 	 -0.002381
  374 	 -0.166667 	 -0.011654 	 -0.002398
  375 	 -0.166667 	 -0.011507 	 -0.002381
  376 	 -0.166667 	 -0.011507 	 -0.002381
  377 	 -0.166667 	 -0.011508 	 -0.002387
  378 	 -0.166667 	 -0.011507 	 -0.002381
  379 	 -0.166667 	 -0.011484 	 -0.002358
  380 	 -0.166667 	 -0.011522 	 -0.002381
  381 	 -0.166667 	 -0.011507 	 -0.002381
  382 	 -0.166667 	 -0.011507 	 -0.002381
  383 	 -0.166667 	 -0.011507 	 -0.002381
  384 	 -0.166667 	 -0.011516 	 -0.002364
  385 	 -0.166667 	 -0.011500 	 -0.002375
  386 	 -0.166667 	 -0.011509 	 -0.002387
  387 	 -0.166667 	 -0.011490 	 -0.002375
  388 	 -0.166667 	 -0.011506 	 -0.002370
  389 	 -0.142857 	 -0.010819 	 -0.002309
  390 	 -0.142857 	 -0.009965 	 -0.002123
  391 	 -0.142857 	 -0.009801 	 -0.002024
  392 	 -0.142857 	 -0.009863 	 -0.002041
  393 	 -0.142857 	 -0.009822 	 -0.002058
  394 	 -0.142857 	 -0.009838 	 -0.002053
  395 	 -0.142857 	 -0.009863 	 -0.002041
  396 	 -0.142857 	 -0.009928 	 -0.002037
  397 	 -0.142857 	 -0.009867 	 -0.002045
  398 	 -0.142857 	 -0.009885 	 -0.002053
  399 	 -0.142857 	 -0.009876 	 -0.002053
 