   0 	 -0.500000 	 0.120639 	 10.000000
    1 	 -0.200000 	 -0.014491 	 -0.002907
    2 	 -0.166667 	 -0.012991 	 -0.002841
    3 	 -0.166667 	 -0.011734 	 -0.002463
    4 	 -0.166667 	 -0.011507 	 -0.002381
    5 	 -0.166667 	 -0.011507 	 -0.002381
    6 	 -0.166667 	 -0.011507 	 -0.002381
    7 	 -0.166667 	 -0.011507 	 -0.002381
    8 	 -0.166667 	 -0.011507 	 -0.002381
    9 	 -0.166667 	 -0.011531 	 -0.002392
   10 	 -0.166667 	 -0.011480 	 -0.002364
   11 	 -0.166667 	 -0.011559 	 -0.002398
   12 	 -0.500000 	 -0.017485 	 -0.002381
   13 	 -0.500000 	 -0.024505 	 -0.003676
   14 	 -0.500000 	 -0.037529 	 -0.007353
   15 	 -0.500000 	 -0.029811 	 -0.006993
   16 	 -0.500000 	 -0.035033 	 -0.007246
   17 	 -0.500000 	 -0.034520 	 -0.007143
   18 	 -0.500000 	 -0.034520 	 -0.007143
   19 	 -0.500000 	 -0.034665 	 -0.007194
   20 	 -0.500000 	 -0.034520 	 -0.007143
   21 	 -0.500000 	 -0.032045 	 -0.007042
   22 	 -0.500000 	 -0.034520 	 -0.007143
   23 	 -0.500000 	 -0.034596 	 -0.007246
   24 	 -0.500000 	 -0.034520 	 -0.007143
   25 	 -0.500000 	 -0.034520 	 -0.007143
   26 	 -0.500000 	 -0.034882 	 -0.007407
   27 	 -0.500000 	 -0.036629 	 -0.007576
   28 	 -0.500000 	 -0.034247 	 -0.007143
   29 	 -0.500000 	 -0.035316 	 -0.007519
   30 	 -0.500000 	 -0.034375 	 -0.007143
   31 	 -0.500000 	 -0.034528 	 -0.007194
   32 	 -0.500000 	 -0.034520 	 -0.007143
   33 	 -0.500000 	 -0.034859 	 -0.007299
   34 	 -0.500000 	 -0.034531 	 -0.007246
   35 	 -0.500000 	 -0.034455 	 -0.007042
   36 	 -0.500000 	 -0.034520 	 -0.007143
   37 	 -0.500000 	 -0.034520 	 -0.007143
   38 	 -0.500000 	 -0.034656 	 -0.007246
   39 	 -0.500000 	 -0.034520 	 -0.007143
   40 	 -0.500000 	 -0.034520 	 -0.007143
   41 	 -0.500000 	 -0.034114 	 -0.006993
   42 	 -0.500000 	 -0.032666 	 -0.007246
   43 	 -0.500000 	 -0.034486 	 -0.007194
   44 	 -0.500000 	 -0.034520 	 -0.007143
   45 	 -0.500000 	 -0.034520 	 -0.007143
   46 	 -0.500000 	 -0.034520 	 -0.007143
   47 	 -0.500000 	 -0.034520 	 -0.007143
   48 	 -0.500000 	 -0.034825 	 -0.007092
   49 	 -0.500000 	 -0.034971 	 -0.007299
   50 	 -0.500000 	 -0.034256 	 -0.007042
   51 	 -0.500000 	 -0.034444 	 -0.006993
   52 	 -0.500000 	 -0.034520 	 -0.007143
   53 	 -0.500000 	 -0.033734 	 -0.006944
   54 	 -0.500000 	 -0.034460 	 -0.006897
   55 	 -0.500000 	 -0.034239 	 -0.006993
   56 	 -0.500000 	 -0.034566 	 -0.007299
   57 	 -0.500000 	 -0.034291 	 -0.007092
   58 	 -0.500000 	 -0.034694 	 -0.007299
   59 	 -0.500000 	 -0.034523 	 -0.007194
   60 	 -0.500000 	 -0.034520 	 -0.007143
   61 	 -0.500000 	 -0.034205 	 -0.007092
   62 	 -0.500000 	 -0.034520 	 -0.007143
   63 	 -0.500000 	 -0.034891 	 -0.007246
   64 	 -0.500000 	 -0.034520 	 -0.007143
   65 	 -0.500000 	 -0.034520 	 -0.007143
   66 	 -0.500000 	 -0.033034 	 -0.006944
   67 	 -0.500000 	 -0.034520 	 -0.007143
   68 	 -0.500000 	 -0.028755 	 -0.006897
   69 	 -0.500000 	 -0.034546 	 -0.007299
   70 	 -1.000000 	 -0.044384 	 -0.007194
   71 	 -1.000000 	 -0.057631 	 -0.011236
   72 	 -1.000000 	 0.021383 	 10.000000
   73 	 1.000000 	 5.885714 	 10.000000
   74 	 0.333333 	 0.609524 	 10.000000
   75 	 -1.000000 	 8.585714 	 10.000000
   76 	 -0.250000 	 4.910714 	 10.000000
   77 	 0.500000 	 4.978571 	 10.000000
   78 	 -1.000000 	 -0.685714 	 10.000000
   79 	 0.333333 	 6.133333 	 10.000000
   80 	 0.500000 	 2.264286 	 10.000000
   81 	 -1.000000 	 6.228571 	 10.000000
   82 	 0.250000 	 8.189286 	 10.000000
   83 	 -1.000000 	 5.285714 	 10.000000
   84 	 -1.000000 	 8.754286 	 10.000000
   85 	 10.000000 	 10.000000 	 10.000000
   86 	 -0.333333 	 5.600476 	 10.000000
   87 	 10.000000 	 10.000000 	 10.000000
   88 	 0.200000 	 7.487143 	 10.000000
   89 	 -0.200000 	 0.555714 	 10.000000
   90 	 -1.000000 	 1.602381 	 10.000000
   91 	 10.000000 	 10.000000 	 10.000000
   92 	 10.000000 	 10.000000 	 10.000000
   93 	 -0.500000 	 2.688095 	 10.000000
   94 	 -1.000000 	 5.557143 	 10.000000
   95 	 -1.000000 	 7.142857 	 10.000000
   96 	 0.500000 	 6.850000 	 10.000000
   97 	 -0.500000 	 0.485918 	 10.000000
   98 	 -1.000000 	 4.657143 	 10.000000
   99 	 1.000000 	 9.228571 	 10.000000
  100 	 -0.333333 	 4.261905 	 10.000000
  101 	 -0.250000 	 1.077143 	 10.000000
  102 	 -1.000000 	 0.257143 	 10.000000
  103 	 -0.500000 	 2.145238 	 10.000000
  104 	 10.000000 	 10.000000 	 10.000000
  105 	 -0.500000 	 3.478571 	 10.000000
  106 	 -1.000000 	 -0.528571 	 10.000000
  107 	 10.000000 	 10.000000 	 10.000000
  108 	 -0.500000 	 5.050000 	 10.000000
  109 	 1.000000 	 6.400000 	 10.000000
  110 	 0.250000 	 5.016667 	 10.000000
  111 	 -0.500000 	 4.150000 	 10.000000
  112 	 10.000000 	 10.000000 	 10.000000
  113 	 -1.000000 	 2.457143 	 10.000000
  114 	 -1.000000 	 0.153571 	 10.000000
  115 	 1.000000 	 6.014286 	 10.000000
  116 	 10.000000 	 10.000000 	 10.000000
  117 	 -1.000000 	 -1.000000 	 -1.000000
  118 	 -1.000000 	 -0.069242 	 -0.014493
  119 	 -1.000000 	 -0.069041 	 -0.014286
  120 	 -1.000000 	 -0.069041 	 -0.014286
  121 	 -1.000000 	 -0.069660 	 -0.014493
  122 	 -1.000000 	 -0.067257 	 -0.012987
  123 	 -1.000000 	 -0.067050 	 -0.013333
  124 	 -1.000000 	 0.049054 	 10.000000
  125 	 0.004854 	 0.025182 	 0.333333
  126 	 0.005208 	 0.025927 	 0.333333
  127 	 0.005650 	 0.024483 	 0.333333
  128 	 0.005348 	 0.025661 	 0.333333
  129 	 0.005291 	 0.025165 	 0.333333
  130 	 0.005587 	 0.023891 	 0.333333
  131 	 0.004926 	 0.022483 	 0.333333
  132 	 0.004831 	 0.023046 	 0.333333
  133 	 0.004587 	 0.024136 	 0.333333
  134 	 0.004902 	 0.023107 	 0.333333
  135 	 0.004902 	 0.023209 	 0.333333
  136 	 0.004739 	 0.023013 	 0.333333
  137 	 0.004831 	 0.023423 	 0.333333
  138 	 0.004878 	 0.023558 	 0.333333
  139 	 0.004831 	 0.023001 	 0.333333
  140 	 0.004950 	 0.024180 	 0.333333
  141 	 0.005181 	 0.027991 	 0.500000
  142 	 0.005556 	 0.028777 	 0.500000
  143 	 0.005988 	 0.025993 	 0.333333
  144 	 0.005587 	 0.025554 	 0.333333
  145 	 0.005348 	 0.028953 	 0.500000
  146 	 0.005882 	 0.029507 	 0.500000
  147 	 0.005780 	 0.026180 	 0.333333
  148 	 0.005780 	 0.028616 	 0.500000
  149 	 0.005952 	 0.025509 	 0.333333
  150 	 0.005682 	 0.032623 	 0.500000
  151 	 0.006250 	 0.031643 	 0.500000
  152 	 0.006623 	 0.027955 	 0.333333
  153 	 0.006410 	 0.026853 	 0.333333
  154 	 0.005882 	 0.027534 	 0.333333
  155 	 0.005650 	 0.029567 	 0.500000
  156 	 0.005988 	 0.030254 	 0.500000
  157 	 0.006250 	 0.032912 	 0.500000
  158 	 0.006757 	 0.034014 	 0.500000
  159 	 0.006897 	 0.039889 	 0.500000
  160 	 0.008696 	 0.047386 	 0.500000
  161 	 -1.000000 	 0.380998 	 10.000000
  162 	 0.011111 	 0.080910 	 0.500000
  163 	 -0.500000 	 0.192705 	 10.000000
  164 	 0.007937 	 0.037106 	 0.500000
  165 	 0.008130 	 0.036910 	 0.500000
  166 	 0.007519 	 0.036251 	 0.500000
  167 	 0.008547 	 0.035874 	 0.500000
  168 	 0.008696 	 0.034284 	 0.500000
  169 	 0.007092 	 0.034338 	 0.500000
  170 	 0.007692 	 0.035183 	 0.500000
  171 	 0.007353 	 0.034592 	 0.500000
  172 	 0.007353 	 0.034543 	 0.500000
  173 	 0.007143 	 0.034520 	 0.500000
  174 	 0.007042 	 0.034102 	 0.500000
  175 	 0.006944 	 0.034137 	 0.500000
  176 	 0.006993 	 0.033862 	 0.500000
  177 	 0.006849 	 0.034315 	 0.500000
  178 	 0.006993 	 0.034375 	 0.500000
  179 	 0.007092 	 0.034508 	 0.500000
  180 	 0.007143 	 0.034764 	 0.500000
  181 	 0.007519 	 0.036585 	 0.500000
  182 	 0.007692 	 0.036086 	 0.500000
  183 	 0.007519 	 0.035084 	 0.500000
  184 	 0.007519 	 0.036384 	 0.500000
  185 	 0.007519 	 0.035777 	 0.500000
  186 	 0.007407 	 0.044398 	 1.000000
  187 	 0.008403 	 0.038466 	 0.500000
  188 	 0.008333 	 0.038351 	 0.500000
  189 	 0.008850 	 0.037388 	 0.500000
  190 	 0.008547 	 0.187595 	 10.000000
  191 	 -0.500000 	 -0.057284 	 -0.013333
  192 	 -0.500000 	 -0.034520 	 -0.007143
  193 	 -0.500000 	 -0.034520 	 -0.007143
  194 	 -0.500000 	 -0.034365 	 -0.006993
  195 	 -0.500000 	 -0.035562 	 -0.007194
  196 	 -0.500000 	 -0.034722 	 -0.007246
  197 	 -0.500000 	 -0.034535 	 -0.007246
  198 	 -0.500000 	 -0.034304 	 -0.007042
  199 	 -0.500000 	 -0.034520 	 -0.007143
  200 	 -0.200000 	 -0.025525 	 -0.006993
  201 	 -0.500000 	 -0.020399 	 -0.003145
  202 	 -0.200000 	 -0.019212 	 -0.004854
  203 	 -0.200000 	 -0.013808 	 -0.002857
  204 	 -0.200000 	 -0.013801 	 -0.002849
  205 	 -0.200000 	 -0.013934 	 -0.002907
  206 	 -0.200000 	 -0.013808 	 -0.002857
  207 	 -0.200000 	 -0.013877 	 -0.002865
  208 	 -0.200000 	 -0.013914 	 -0.002882
  209 	 -0.200000 	 -0.014032 	 -0.002865
  210 	 -0.200000 	 -0.013788 	 -0.002841
  211 	 -0.200000 	 -0.013809 	 -0.002865
  212 	 -0.111111 	 -0.011381 	 -0.002833
  213 	 -0.111111 	 -0.008020 	 -0.001698
  214 	 -0.111111 	 -0.007673 	 -0.001590
  215 	 -0.111111 	 -0.007678 	 -0.001600
  216 	 -0.111111 	 -0.007640 	 -0.001587
  217 	 -0.111111 	 -0.007712 	 -0.001603
  218 	 -0.111111 	 -0.007666 	 -0.001592
  219 	 -0.111111 	 -0.007684 	 -0.001592
  220 	 -0.111111 	 -0.007690 	 -0.001613
  221 	 -0.111111 	 -0.007671 	 -0.001587
  222 	 -0.111111 	 -0.007686 	 -0.001608
  223 	 -0.111111 	 -0.007671 	 -0.001587
  224 	 -0.111111 	 -0.007696 	 -0.001590
  225 	 -0.111111 	 -0.007694 	 -0.001597
  226 	 -0.111111 	 -0.007656 	 -0.001587
  227 	 -0.111111 	 -0.007671 	 -0.001587
  228 	 -0.111111 	 -0.007873 	 -0.001595
  229 	 -0.111111 	 -0.007661 	 -0.001580
  230 	 -0.111111 	 -0.007669 	 -0.001585
  231 	 -0.111111 	 -0.007672 	 -0.001592
  232 	 -0.111111 	 -0.007669 	 -0.001597
  233 	 -0.111111 	 -0.007825 	 -0.001597
  234 	 -0.111111 	 -0.007671 	 -0.001587
  235 	 -0.111111 	 -0.007757 	 -0.001605
  236 	 -0.111111 	 -0.007671 	 -0.001587
  237 	 -0.111111 	 -0.007668 	 -0.001595
  238 	 -0.111111 	 -0.007674 	 -0.001595
  239 	 -0.111111 	 -0.007683 	 -0.001595
  240 	 -0.111111 	 -0.007736 	 -0.001595
  241 	 -0.166667 	 -0.008841 	 -0.001613
  242 	 -0.166667 	 -0.011501 	 -0.002381
  243 	 -0.166667 	 -0.011521 	 -0.002370
  244 	 -0.166667 	 -0.011559 	 -0.002398
  245 	 -0.166667 	 -0.011535 	 -0.002375
  246 	 -0.166667 	 -0.011516 	 -0.002387
  247 	 -0.166667 	 -0.011530 	 -0.002392
  248 	 -0.166667 	 -0.011663 	 -0.002387
  249 	 -0.166667 	 -0.011518 	 -0.002398
  250 	 -0.166667 	 -0.011508 	 -0.002398
  251 	 -0.166667 	 -0.011507 	 -0.002381
  252 	 -0.166667 	 -0.011504 	 -0.002375
  253 	 -0.166667 	 -0.011508 	 -0.002387
  254 	 -0.166667 	 -0.011512 	 -0.002398
  255 	 -0.166667 	 -0.011511 	 -0.002404
  256 	 -0.166667 	 -0.011510 	 -0.002410
  257 	 -0.166667 	 -0.011525 	 -0.002398
  258 	 -0.166667 	 -0.011596 	 -0.002398
  259 	 -0.250000 	 -0.013260 	 -0.002392
  260 	 -0.250000 	 -0.015754 	 -0.003106
  261 	 -0.250000 	 -0.017251 	 -0.003559
  262 	 -0.250000 	 -0.017199 	 -0.003521
  263 	 -0.250000 	 -0.017311 	 -0.003610
  264 	 -0.250000 	 -0.017241 	 -0.003521
  265 	 -0.250000 	 -0.017257 	 -0.003521
  266 	 -0.250000 	 -0.017261 	 -0.003571
  267 	 -0.250000 	 -0.017165 	 -0.003425
  268 	 -0.250000 	 -0.016851 	 -0.003390
  269 	 -0.250000 	 -0.017260 	 -0.003571
  270 	 -0.250000 	 -0.017269 	 -0.003584
  271 	 -0.250000 	 -0.017342 	 -0.003571
  272 	 -0.250000 	 -0.017248 	 -0.003584
  273 	 -0.250000 	 -0.017260 	 -0.003571
  274 	 -0.250000 	 -0.017318 	 -0.003731
  275 	 -0.250000 	 -0.017419 	 -0.003636
  276 	 -0.250000 	 -0.017260 	 -0.003571
  277 	 -0.250000 	 -0.017264 	 -0.003571
  278 	 -0.250000 	 -0.017616 	 -0.003584
  279 	 -0.250000 	 -0.017626 	 -0.003584
  280 	 -0.250000 	 -0.017223 	 -0.003546
  281 	 -0.250000 	 -0.015512 	 -0.003484
  282 	 -0.250000 	 -0.017269 	 -0.003584
  283 	 -0.250000 	 -0.017248 	 -0.003559
  284 	 -0.250000 	 -0.017286 	 -0.003610
  285 	 -0.250000 	 -0.017348 	 -0.003663
  286 	 -0.250000 	 -0.019751 	 -0.003636
  287 	 -0.250000 	 -0.017225 	 -0.003534
  288 	 -0.250000 	 -0.017267 	 -0.003623
  289 	 -0.250000 	 -0.017566 	 -0.003623
  290 	 -0.250000 	 -0.017181 	 -0.003534
  291 	 -0.250000 	 -0.017344 	 -0.003690
  292 	 -0.250000 	 -0.017260 	 -0.003571
  293 	 -0.250000 	 -0.017043 	 -0.003584
  294 	 -0.250000 	 -0.017163 	 -0.003534
  295 	 -0.250000 	 -0.017260 	 -0.003571
  296 	 -0.333333 	 -0.004746 	 1.000000
  297 	 0.014925 	 0.069689 	 1.000000
  298 	 0.013333 	 0.068384 	 1.000000
  299 	 -1.000000 	 0.184873 	 10.000000
  300 	 0.015385 	 0.072221 	 1.000000
  301 	 0.014286 	 0.069041 	 1.000000
  302 	 0.014286 	 0.069139 	 1.000000
  303 	 0.014706 	 0.071006 	 1.000000
  304 	 0.015152 	 0.070989 	 1.000000
  305 	 0.013333 	 0.069435 	 1.000000
  306 	 0.014493 	 0.067129 	 1.000000
  307 	 0.013514 	 0.069018 	 1.000000
  308 	 0.014925 	 0.069759 	 1.000000
  309 	 0.014493 	 0.072031 	 1.000000
  310 	 0.016949 	 0.075234 	 1.000000
  311 	 0.018182 	 0.080839 	 1.000000
  312 	 0.019608 	 0.103049 	 1.000000
  313 	 -1.000000 	 0.412845 	 10.000000
  314 	 0.031250 	 0.267663 	 10.000000
  315 	 0.100000 	 1.165482 	 10.000000
  316 	 -0.500000 	 -0.128050 	 -0.041667
  317 	 -0.500000 	 -0.036392 	 -0.008000
  318 	 -0.500000 	 -0.034620 	 -0.007143
  319 	 -0.500000 	 -0.034520 	 -0.007143
  320 	 -0.500000 	 -0.034855 	 -0.007042
  321 	 -0.500000 	 -0.034373 	 -0.007042
  322 	 -0.500000 	 -0.030457 	 -0.006849
  323 	 -0.500000 	 -0.034547 	 -0.007407
  324 	 -0.500000 	 -0.034499 	 -0.007092
  325 	 -0.500000 	 -0.034938 	 -0.007299
  326 	 -0.500000 	 -0.034638 	 -0.007407
  327 	 -0.500000 	 -0.034520 	 -0.007143
  328 	 -0.500000 	 -0.034635 	 -0.007407
  329 	 -0.500000 	 -0.033390 	 -0.006944
  330 	 -0.500000 	 -0.035104 	 -0.007519
  331 	 -0.500000 	 -0.039379 	 -0.007299
  332 	 -0.500000 	 -0.034390 	 -0.007092
  333 	 -0.500000 	 -0.034520 	 -0.007143
  334 	 -0.500000 	 -0.034390 	 -0.007092
  335 	 -0.500000 	 -0.034531 	 -0.007194
  336 	 -0.500000 	 -0.037518 	 -0.007143
  337 	 -0.500000 	 -0.034335 	 -0.007042
  338 	 -0.500000 	 -0.034424 	 -0.007194
  339 	 -0.500000 	 -0.033647 	 -0.007143
  340 	 -0.500000 	 -0.034864 	 -0.007246
  341 	 -0.500000 	 -0.032821 	 -0.006993
  342 	 -0.500000 	 -0.034573 	 -0.007353
  343 	 -0.500000 	 -0.033500 	 -0.006993
  344 	 -0.500000 	 -0.034521 	 -0.006993
  345 	 -0.500000 	 -0.034370 	 -0.007092
  346 	 -0.500000 	 -0.034568 	 -0.007194
  347 	 -0.500000 	 -0.032568 	 -0.007092
  348 	 -0.500000 	 -0.034520 	 -0.007143
  349 	 -0.500000 	 -0.036204 	 -0.007246
  350 	 -0.500000 	 -0.035146 	 -0.007299
  351 	 -0.500000 	 -0.034530 	 -0.007194
  352 	 -0.500000 	 -0.034373 	 -0.006803
  353 	 -0.500000 	 -0.031923 	 -0.006803
  354 	 -0.500000 	 -0.034446 	 -0.007042
  355 	 -0.500000 	 -0.035445 	 -0.007299
  356 	 -0.500000 	 -0.034520 	 -0.007143
  357 	 -0.500000 	 -0.034520 	 -0.007143
  358 	 -0.500000 	 -0.034523 	 -0.007246
  359 	 -0.500000 	 -0.034370 	 -0.007092
  360 	 -0.500000 	 -0.034520 	 -0.007143
  361 	 -0.500000 	 -0.034443 	 -0.006944
  362 	 -0.500000 	 -0.034440 	 -0.006993
  363 	 -0.500000 	 -0.034539 	 -0.007463
  364 	 -0.500000 	 -0.034391 	 -0.006897
  365 	 -0.500000 	 -0.030489 	 -0.006250
  366 	 -0.500000 	 -0.034909 	 -0.007299
  367 	 -0.500000 	 -0.034687 	 -0.006993
  368 	 -0.500000 	 -0.034520 	 -0.007143
  369 	 -0.500000 	 -0.035823 	 -0.007353
  370 	 -0.500000 	 -0.035195 	 -0.007299
  371 	 -0.500000 	 -0.034572 	 -0.007353
  372 	 -0.500000 	 -0.033146 	 -0.006944
  373 	 -0.500000 	 -0.034517 	 -0.007092
  374 	 -0.500000 	 -0.035621 	 -0.007299
  375 	 -0.500000 	 -0.034818 	 -0.007299
  376 	 -0.500000 	 0.099734 	 10.000000
  377 	 0.007353 	 0.034686 	 0.500000
  378 	 0.007194 	 0.035562 	 0.500000
  379 	 0.007463 	 0.035119 	 0.500000
  380 	 0.007752 	 0.036723 	 0.500000
  381 	 0.007463 	 0.035704 	 0.500000
  382 	 0.007299 	 0.036071 	 0.500000
  383 	 0.007519 	 0.038260 	 0.500000
  384 	 0.007576 	 0.036449 	 0.500000
  385 	 0.007874 	 0.036685 	 0.500000
  386 	 0.007463 	 0.036010 	 0.500000
  387 	 0.008000 	 0.035736 	 0.500000
  388 	 0.006897 	 0.034766 	 0.500000
  389 	 0.006757 	 0.034045 	 0.500000
  390 	 0.007092 	 0.034885 	 0.500000
  391 	 0.007042 	 0.035566 	 0.500000
  392 	 0.007092 	 0.034333 	 0.500000
  393 	 0.006803 	 0.034162 	 0.500000
  394 	 0.007299 	 0.037323 	 0.500000
  395 	 0.007692 	 0.037577 	 0.500000
  396 	 0.008197 	 0.037314 	 0.500000
  397 	 0.007299 	 0.034873 	 0.500000
  398 	 0.007463 	 0.035511 	 0.500000
  399 	 0.007143 	 0.028970 	 0.500000
 