   0 	 -0.333333 	 -0.028655 	 0.333333
    1 	 -0.200000 	 -0.014741 	 -0.003185
    2 	 -0.200000 	 -0.013891 	 -0.002874
    3 	 -0.200000 	 -0.013808 	 -0.002857
    4 	 -0.200000 	 -0.013714 	 -0.002849
    5 	 -0.200000 	 -0.013859 	 -0.002882
    6 	 -0.200000 	 -0.013809 	 -0.002874
    7 	 -0.200000 	 -0.013808 	 -0.002857
    8 	 -0.200000 	 -0.013808 	 -0.002857
    9 	 -0.200000 	 -0.013798 	 -0.002849
   10 	 -0.200000 	 -0.013897 	 -0.002849
   11 	 -0.200000 	 -0.013816 	 -0.002865
   12 	 -0.200000 	 -0.013808 	 -0.002857
   13 	 -0.200000 	 -0.013877 	 -0.002865
   14 	 -0.200000 	 -0.013808 	 -0.002857
   15 	 -0.200000 	 -0.013823 	 -0.002865
   16 	 -0.200000 	 -0.013808 	 -0.002857
   17 	 -0.200000 	 -0.013896 	 -0.002882
   18 	 -0.200000 	 -0.013837 	 -0.002865
   19 	 -0.200000 	 -0.013774 	 -0.002849
   20 	 -0.200000 	 -0.013803 	 -0.002849
   21 	 -0.200000 	 -0.013808 	 -0.002857
   22 	 -0.200000 	 -0.013808 	 -0.002857
   23 	 -0.200000 	 -0.013808 	 -0.002857
   24 	 -0.200000 	 -0.013808 	 -0.002857
   25 	 -0.200000 	 -0.013808 	 -0.002857
   26 	 -0.200000 	 -0.013808 	 -0.002857
   27 	 -0.200000 	 -0.013805 	 -0.002833
   28 	 -0.200000 	 -0.013637 	 -0.002841
   29 	 -0.200000 	 -0.013816 	 -0.002833
   30 	 -0.200000 	 -0.013808 	 -0.002857
   31 	 -0.200000 	 -0.013805 	 -0.002833
   32 	 -0.200000 	 -0.013718 	 -0.002817
   33 	 -0.200000 	 -0.013828 	 -0.002865
   34 	 -0.200000 	 -0.013861 	 -0.002865
   35 	 -0.200000 	 -0.013808 	 -0.002857
   36 	 -0.200000 	 -0.013808 	 -0.002865
   37 	 -0.200000 	 -0.014106 	 -0.002899
   38 	 -0.200000 	 -0.013784 	 -0.002833
   39 	 -0.200000 	 -0.013808 	 -0.002857
   40 	 -0.200000 	 -0.013805 	 -0.002833
   41 	 -0.200000 	 -0.013815 	 -0.002865
   42 	 -0.200000 	 -0.013725 	 -0.002825
   43 	 -0.200000 	 -0.013755 	 -0.002825
   44 	 -0.200000 	 -0.013825 	 -0.002882
   45 	 -0.200000 	 -0.013810 	 -0.002865
   46 	 -0.200000 	 -0.013952 	 -0.002882
   47 	 -0.200000 	 -0.013814 	 -0.002874
   48 	 -0.200000 	 -0.013808 	 -0.002857
   49 	 -0.200000 	 -0.013781 	 -0.002833
   50 	 -0.200000 	 -0.014031 	 -0.002841
   51 	 -0.200000 	 -0.013837 	 -0.002865
   52 	 -0.200000 	 -0.013808 	 -0.002857
   53 	 -0.200000 	 -0.013929 	 -0.002865
   54 	 -0.200000 	 -0.013828 	 -0.002882
   55 	 -0.200000 	 -0.013623 	 -0.002857
   56 	 -0.200000 	 -0.013810 	 -0.002874
   57 	 -0.200000 	 -0.013808 	 -0.002857
   58 	 -0.200000 	 -0.013771 	 -0.002809
   59 	 -0.200000 	 -0.013806 	 -0.002849
   60 	 -0.200000 	 -0.013808 	 -0.002857
   61 	 -0.200000 	 -0.013808 	 -0.002857
   62 	 -0.200000 	 -0.013872 	 -0.002865
   63 	 -0.200000 	 -0.013657 	 -0.002833
   64 	 -0.200000 	 -0.013862 	 -0.002899
   65 	 -0.200000 	 -0.013778 	 -0.002825
   66 	 -0.200000 	 -0.013812 	 -0.002865
   67 	 -0.200000 	 -0.013894 	 -0.002890
   68 	 -0.200000 	 -0.013808 	 -0.002857
   69 	 -0.200000 	 -0.013372 	 -0.002817
   70 	 -0.200000 	 -0.013808 	 -0.002857
   71 	 -0.200000 	 -0.013808 	 -0.002857
   72 	 -0.333333 	 -0.016548 	 -0.002882
   73 	 -0.333333 	 -0.020657 	 -0.003906
   74 	 -0.333333 	 -0.023014 	 -0.004762
   75 	 -0.333333 	 -0.023007 	 -0.004739
   76 	 -0.333333 	 -0.023014 	 -0.004762
   77 	 -0.333333 	 -0.022986 	 -0.004739
   78 	 -0.333333 	 -0.023025 	 -0.004785
   79 	 -0.333333 	 -0.022988 	 -0.004673
   80 	 -0.333333 	 -0.023014 	 -0.004762
   81 	 -0.333333 	 -0.023121 	 -0.004902
   82 	 -0.333333 	 -0.023014 	 -0.004762
   83 	 -0.333333 	 -0.023014 	 -0.004762
   84 	 -0.333333 	 -0.023014 	 -0.004762
   85 	 -0.333333 	 -0.024321 	 -0.004926
   86 	 -0.333333 	 -0.023069 	 -0.004785
   87 	 -0.333333 	 -0.023014 	 -0.004762
   88 	 -0.333333 	 -0.022753 	 -0.004651
   89 	 -0.333333 	 -0.023049 	 -0.004808
   90 	 -0.333333 	 -0.023324 	 -0.004854
   91 	 -0.333333 	 -0.023012 	 -0.004878
   92 	 -0.333333 	 -0.022803 	 -0.004673
   93 	 -0.333333 	 -0.023078 	 -0.004878
   94 	 -0.333333 	 -0.023045 	 -0.004785
   95 	 -0.333333 	 -0.022811 	 -0.004717
   96 	 -0.333333 	 -0.023037 	 -0.004808
   97 	 -0.333333 	 -0.023165 	 -0.004854
   98 	 -0.333333 	 -0.023042 	 -0.004785
   99 	 -0.333333 	 -0.025610 	 -0.004808
  100 	 -0.333333 	 -0.023061 	 -0.004808
  101 	 -0.333333 	 -0.023109 	 -0.004785
  102 	 -0.333333 	 -0.023021 	 -0.004854
  103 	 -0.333333 	 -0.022976 	 -0.004673
  104 	 -0.333333 	 -0.023014 	 -0.004762
  105 	 -0.333333 	 -0.023149 	 -0.004762
  106 	 -0.333333 	 -0.023363 	 -0.004808
  107 	 -0.333333 	 -0.023019 	 -0.004785
  108 	 -0.333333 	 -0.023014 	 -0.004762
  109 	 -0.333333 	 -0.023203 	 -0.004785
  110 	 -0.333333 	 -0.022973 	 -0.004739
  111 	 -1.000000 	 -0.037580 	 -0.005208
  112 	 -0.333333 	 -0.042282 	 -0.009009
  113 	 -1.000000 	 -0.035614 	 -0.005236
  114 	 -1.000000 	 -0.071002 	 -0.015152
  115 	 -1.000000 	 -0.060127 	 -0.013514
  116 	 -1.000000 	 -0.069205 	 -0.013889
  117 	 -1.000000 	 -0.069692 	 -0.015152
  118 	 -1.000000 	 -0.068615 	 -0.013699
  119 	 -1.000000 	 -0.065462 	 -0.013158
  120 	 -1.000000 	 -0.069041 	 -0.014286
  121 	 -1.000000 	 -0.070453 	 -0.014286
  122 	 -1.000000 	 -0.068811 	 -0.013699
  123 	 -1.000000 	 -0.069348 	 -0.014706
  124 	 -1.000000 	 -0.075046 	 -0.016129
  125 	 -1.000000 	 -0.068069 	 -0.013514
  126 	 -1.000000 	 -0.069109 	 -0.014493
  127 	 -1.000000 	 -0.069041 	 -0.014286
  128 	 -1.000000 	 -0.071217 	 -0.014493
  129 	 -1.000000 	 -0.066544 	 -0.013158
  130 	 -1.000000 	 -0.070540 	 -0.016393
  131 	 -1.000000 	 -0.068592 	 -0.014085
  132 	 -1.000000 	 -0.069041 	 -0.014286
  133 	 -1.000000 	 -0.068856 	 -0.013699
  134 	 -1.000000 	 -0.069041 	 -0.014286
  135 	 -1.000000 	 -0.067376 	 -0.013699
  136 	 -1.000000 	 -0.069041 	 -0.014286
  137 	 -1.000000 	 -0.069041 	 -0.014286
  138 	 -1.000000 	 -0.069041 	 -0.014286
  139 	 -1.000000 	 -0.068645 	 -0.013333
  140 	 -1.000000 	 -0.091480 	 -0.013333
  141 	 -1.000000 	 -0.069486 	 -0.014493
  142 	 -1.000000 	 -0.069730 	 -0.014286
  143 	 -1.000000 	 -0.068467 	 -0.013158
  144 	 -1.000000 	 -0.068682 	 -0.013889
  145 	 -1.000000 	 -0.069245 	 -0.014493
  146 	 -1.000000 	 -0.069041 	 -0.014286
  147 	 -1.000000 	 -0.069742 	 -0.016129
  148 	 -1.000000 	 -0.068981 	 -0.013889
  149 	 -1.000000 	 -0.070543 	 -0.015152
  150 	 -1.000000 	 -0.066234 	 -0.012987
  151 	 -1.000000 	 -0.069041 	 -0.014286
  152 	 -1.000000 	 -0.070096 	 -0.014706
  153 	 -1.000000 	 -0.069041 	 -0.014286
  154 	 -1.000000 	 -0.069041 	 -0.014286
  155 	 -1.000000 	 -0.069041 	 -0.014286
  156 	 -1.000000 	 -0.063150 	 -0.013699
  157 	 -1.000000 	 -0.069041 	 -0.014286
  158 	 -1.000000 	 -0.069041 	 -0.014286
  159 	 -1.000000 	 -0.070093 	 -0.013889
  160 	 -1.000000 	 -0.073221 	 -0.014925
  161 	 -1.000000 	 -0.068104 	 -0.013699
  162 	 -1.000000 	 -0.058075 	 -0.013699
  163 	 -1.000000 	 -0.069041 	 -0.014286
  164 	 -1.000000 	 -0.069692 	 -0.014706
  165 	 -1.000000 	 -0.069041 	 -0.014286
  166 	 -1.000000 	 -0.069041 	 -0.014286
  167 	 -1.000000 	 -0.069041 	 -0.014286
  168 	 -0.250000 	 -0.043445 	 -0.013699
  169 	 -0.333333 	 -0.020155 	 -0.003922
  170 	 -0.333333 	 -0.021738 	 -0.004348
  171 	 -0.333333 	 -0.022872 	 -0.004739
  172 	 -0.333333 	 -0.022994 	 -0.004785
  173 	 -0.333333 	 -0.023110 	 -0.004854
  174 	 -0.333333 	 -0.023014 	 -0.004762
  175 	 -0.333333 	 -0.022763 	 -0.004695
  176 	 -0.333333 	 -0.023014 	 -0.004762
  177 	 -0.333333 	 -0.023014 	 -0.004762
  178 	 -0.333333 	 -0.023196 	 -0.004831
  179 	 -0.333333 	 -0.022864 	 -0.004587
  180 	 -0.333333 	 -0.023014 	 -0.004762
  181 	 -0.333333 	 -0.023014 	 -0.004785
  182 	 -0.333333 	 -0.024067 	 -0.005319
  183 	 -0.333333 	 -0.022998 	 -0.004695
  184 	 -0.333333 	 -0.022963 	 -0.004739
  185 	 -0.333333 	 -0.022927 	 -0.004673
  186 	 -0.500000 	 -0.012166 	 1.000000
  187 	 0.013889 	 0.069017 	 1.000000
  188 	 0.016393 	 0.071815 	 1.000000
  189 	 0.014925 	 0.073099 	 1.000000
  190 	 0.017857 	 0.264378 	 10.000000
  191 	 -0.500000 	 -0.044763 	 -0.011628
  192 	 -0.333333 	 -0.026710 	 -0.005780
  193 	 -0.333333 	 -0.022904 	 -0.004695
  194 	 -0.333333 	 -0.023014 	 -0.004762
  195 	 -0.333333 	 -0.023014 	 -0.004762
  196 	 -0.333333 	 -0.022809 	 -0.004695
  197 	 -0.333333 	 -0.023014 	 -0.004762
  198 	 -0.333333 	 -0.022996 	 -0.004695
  199 	 -0.333333 	 -0.022908 	 -0.004785
  200 	 -0.333333 	 -0.023033 	 -0.004808
  201 	 -0.333333 	 -0.023059 	 -0.004808
  202 	 -0.333333 	 -0.023014 	 -0.004762
  203 	 -0.333333 	 -0.024032 	 -0.004878
  204 	 -0.333333 	 -0.023059 	 -0.004831
  205 	 -0.333333 	 -0.022976 	 -0.004739
  206 	 -0.333333 	 -0.023122 	 -0.004808
  207 	 -0.333333 	 -0.022152 	 -0.004808
  208 	 -0.333333 	 -0.022784 	 -0.004785
  209 	 -0.333333 	 -0.023129 	 -0.004831
  210 	 -0.333333 	 -0.023014 	 -0.004762
  211 	 -0.333333 	 -0.022962 	 -0.004739
  212 	 -0.333333 	 -0.023153 	 -0.004808
  213 	 -0.333333 	 -0.024158 	 -0.004762
  214 	 -0.333333 	 -0.023014 	 -0.004762
  215 	 -0.333333 	 -0.023117 	 -0.004878
  216 	 -0.333333 	 -0.022974 	 -0.004717
  217 	 -0.333333 	 -0.022945 	 -0.004717
  218 	 -0.333333 	 -0.022567 	 -0.004717
  219 	 -0.333333 	 -0.022912 	 -0.004762
  220 	 -0.333333 	 -0.023541 	 -0.004831
  221 	 -0.333333 	 -0.023456 	 -0.004926
  222 	 -0.333333 	 -0.023162 	 -0.004831
  223 	 -0.333333 	 -0.023014 	 -0.004762
  224 	 -0.333333 	 -0.022830 	 -0.004695
  225 	 -0.333333 	 -0.023014 	 -0.004762
  226 	 -0.333333 	 -0.023241 	 -0.004785
  227 	 -0.333333 	 -0.023039 	 -0.004785
  228 	 -0.333333 	 -0.020762 	 -0.004785
  229 	 -0.333333 	 -0.022854 	 -0.004717
  230 	 -0.333333 	 -0.022928 	 -0.004739
  231 	 -0.333333 	 -0.023734 	 -0.004902
  232 	 -0.200000 	 -0.019444 	 -0.004717
  233 	 -0.200000 	 -0.014556 	 -0.003145
  234 	 -0.200000 	 -0.013808 	 -0.002857
  235 	 -0.200000 	 -0.013828 	 -0.002890
  236 	 -0.200000 	 -0.014080 	 -0.002933
  237 	 -0.250000 	 -0.014908 	 -0.002865
  238 	 -0.250000 	 -0.016656 	 -0.003436
  239 	 -0.250000 	 -0.018223 	 -0.003759
  240 	 -0.250000 	 -0.017326 	 -0.003584
  241 	 -0.250000 	 -0.017260 	 -0.003571
  242 	 -0.250000 	 -0.017087 	 -0.003521
  243 	 -0.333333 	 -0.019082 	 -0.003584
  244 	 -0.333333 	 -0.022096 	 -0.004464
  245 	 -0.333333 	 -0.023229 	 -0.004854
  246 	 -0.333333 	 -0.022974 	 -0.004739
  247 	 -0.333333 	 -0.022541 	 -0.004651
  248 	 -0.333333 	 -0.023937 	 -0.004878
  249 	 -0.333333 	 -0.022795 	 -0.004695
  250 	 -0.333333 	 -0.024145 	 -0.004902
  251 	 -0.333333 	 -0.022739 	 -0.004587
  252 	 -0.333333 	 -0.022378 	 -0.004630
  253 	 -0.333333 	 -0.023302 	 -0.004717
  254 	 -0.333333 	 -0.023014 	 -0.004762
  255 	 -0.333333 	 -0.023189 	 -0.004854
  256 	 -0.333333 	 -0.023010 	 -0.004739
  257 	 -0.333333 	 -0.023014 	 -0.004762
  258 	 -0.333333 	 -0.023014 	 -0.004762
  259 	 -0.333333 	 -0.022984 	 -0.004854
  260 	 -0.333333 	 -0.022683 	 -0.004587
  261 	 -0.142857 	 -0.014914 	 -0.003663
  262 	 -0.142857 	 -0.010656 	 -0.002232
  263 	 -0.142857 	 -0.010034 	 -0.002028
  264 	 -0.142857 	 -0.009853 	 -0.002049
  265 	 -0.142857 	 -0.009863 	 -0.002041
  266 	 -0.142857 	 -0.009870 	 -0.002037
  267 	 -0.142857 	 -0.009872 	 -0.002045
  268 	 -0.142857 	 -0.009909 	 -0.002045
  269 	 -0.142857 	 -0.009863 	 -0.002041
  270 	 -0.142857 	 -0.010507 	 -0.002053
  271 	 -0.142857 	 -0.009863 	 -0.002041
  272 	 -0.142857 	 -0.009870 	 -0.002045
  273 	 -0.142857 	 -0.009863 	 -0.002041
  274 	 -0.142857 	 -0.009989 	 -0.002053
  275 	 -0.142857 	 -0.009863 	 -0.002041
  276 	 -0.142857 	 -0.009846 	 -0.002037
  277 	 -0.142857 	 -0.009864 	 -0.002045
  278 	 -0.142857 	 -0.009864 	 -0.002045
  279 	 -0.166667 	 -0.010399 	 -0.002053
  280 	 -0.166667 	 -0.011326 	 -0.002283
  281 	 -0.166667 	 -0.011494 	 -0.002387
  282 	 -0.166667 	 -0.011468 	 -0.002364
  283 	 -0.166667 	 -0.011526 	 -0.002415
  284 	 -0.166667 	 -0.011220 	 -0.002381
  285 	 -0.166667 	 -0.011518 	 -0.002410
  286 	 -0.166667 	 -0.012161 	 -0.002717
  287 	 -0.166667 	 -0.011507 	 -0.002370
  288 	 -0.166667 	 -0.010401 	 -0.002070
  289 	 -0.166667 	 -0.011476 	 -0.002370
  290 	 -0.166667 	 -0.011897 	 -0.002421
  291 	 -0.166667 	 -0.011444 	 -0.002398
  292 	 -0.166667 	 -0.011510 	 -0.002387
  293 	 -0.166667 	 -0.011532 	 -0.002398
  294 	 -0.166667 	 -0.011502 	 -0.002370
  295 	 -0.166667 	 -0.011507 	 -0.002387
  296 	 -0.166667 	 -0.011507 	 -0.002381
  297 	 -0.166667 	 -0.012858 	 -0.002439
  298 	 -0.166667 	 -0.011515 	 -0.002398
  299 	 -0.166667 	 -0.011510 	 -0.002398
  300 	 -0.166667 	 -0.011539 	 -0.002404
  301 	 -0.166667 	 -0.011612 	 -0.002375
  302 	 -0.166667 	 -0.011546 	 -0.002427
  303 	 -0.166667 	 -0.011523 	 -0.002398
  304 	 -0.166667 	 -0.011507 	 -0.002381
  305 	 -0.166667 	 -0.011504 	 -0.002375
  306 	 -0.166667 	 -0.011501 	 -0.002370
  307 	 -0.166667 	 -0.011517 	 -0.002398
  308 	 -0.166667 	 -0.011507 	 -0.002381
  309 	 -0.166667 	 -0.011622 	 -0.002427
  310 	 -0.166667 	 -0.011505 	 -0.002370
  311 	 -0.166667 	 -0.011507 	 -0.002381
  312 	 -0.166667 	 -0.011507 	 -0.002381
  313 	 -0.166667 	 -0.011494 	 -0.002370
  314 	 -0.166667 	 -0.011616 	 -0.002387
  315 	 -0.166667 	 -0.011584 	 -0.002381
  316 	 -0.166667 	 -0.011482 	 -0.002387
  317 	 -0.166667 	 -0.011554 	 -0.002410
  318 	 -0.166667 	 -0.011500 	 -0.002370
  319 	 -0.166667 	 -0.011500 	 -0.002375
  320 	 -0.166667 	 -0.011507 	 -0.002381
  321 	 -0.166667 	 -0.012210 	 -0.002404
  322 	 -0.166667 	 -0.011400 	 -0.002342
  323 	 -0.166667 	 -0.011507 	 -0.002381
  324 	 -0.166667 	 -0.011615 	 -0.002433
  325 	 -0.166667 	 -0.011507 	 -0.002392
  326 	 -0.166667 	 -0.011821 	 -0.002597
  327 	 -0.166667 	 -0.011502 	 -0.002370
  328 	 -0.166667 	 -0.011507 	 -0.002381
  329 	 -0.166667 	 -0.011550 	 -0.002381
  330 	 -0.166667 	 -0.011507 	 -0.002381
  331 	 -0.200000 	 -0.012250 	 -0.002392
  332 	 -0.200000 	 -0.013258 	 -0.002703
  333 	 -0.200000 	 -0.013808 	 -0.002857
  334 	 -0.200000 	 -0.013842 	 -0.002882
  335 	 -0.200000 	 -0.013877 	 -0.002857
  336 	 -0.200000 	 -0.013973 	 -0.002882
  337 	 -0.200000 	 -0.013834 	 -0.002857
  338 	 -0.200000 	 -0.015785 	 -0.002874
  339 	 -0.200000 	 -0.013808 	 -0.002857
  340 	 -0.200000 	 -0.013807 	 -0.002841
  341 	 -0.200000 	 -0.013821 	 -0.002899
  342 	 -0.200000 	 -0.012428 	 -0.002825
  343 	 -0.200000 	 -0.014022 	 -0.002882
  344 	 -0.200000 	 -0.013959 	 -0.002915
  345 	 -0.200000 	 -0.013685 	 -0.002849
  346 	 -0.200000 	 -0.013814 	 -0.002874
  347 	 -0.200000 	 -0.013809 	 -0.002874
  348 	 -0.200000 	 -0.013798 	 -0.002841
  349 	 -0.200000 	 -0.013808 	 -0.002857
  350 	 -0.200000 	 -0.013808 	 -0.002857
  351 	 -0.200000 	 -0.014314 	 -0.002890
  352 	 -0.166667 	 -0.012959 	 -0.002833
  353 	 -0.166667 	 -0.012009 	 -0.002475
  354 	 -0.166667 	 -0.011507 	 -0.002381
  355 	 -0.166667 	 -0.011513 	 -0.002381
  356 	 -0.166667 	 -0.011579 	 -0.002421
  357 	 -0.166667 	 -0.011507 	 -0.002381
  358 	 -0.166667 	 -0.011773 	 -0.002410
  359 	 -0.166667 	 -0.011507 	 -0.002381
  360 	 -0.166667 	 -0.011502 	 -0.002375
  361 	 -0.166667 	 -0.011507 	 -0.002381
  362 	 -0.166667 	 -0.011507 	 -0.002381
  363 	 -0.166667 	 -0.011507 	 -0.002381
  364 	 -0.166667 	 -0.011509 	 -0.002398
  365 	 -0.166667 	 -0.011507 	 -0.002381
  366 	 -0.166667 	 -0.011507 	 -0.002381
  367 	 -0.166667 	 -0.011507 	 -0.002381
  368 	 -0.166667 	 -0.011581 	 -0.002421
  369 	 -0.166667 	 -0.011521 	 -0.002398
  370 	 -0.166667 	 -0.011507 	 -0.002381
  371 	 -0.166667 	 -0.011515 	 -0.002398
  372 	 -0.166667 	 -0.011512 	 -0.002387
  373 	 -0.166667 	 -0.011655 	 -0.002398
  374 	 -0.166667 	 -0.011201 	 -0.002358
  375 	 -0.166667 	 -0.011494 	 -0.002358
  376 	 -0.166667 	 -0.011511 	 -0.002392
  377 	 -0.166667 	 -0.011528 	 -0.002392
  378 	 -0.166667 	 -0.011507 	 -0.002381
  379 	 -0.166667 	 -0.011234 	 -0.002370
  380 	 -0.166667 	 -0.011644 	 -0.002410
  381 	 -0.166667 	 -0.011507 	 -0.002381
  382 	 -0.166667 	 -0.011520 	 -0.002404
  383 	 -0.166667 	 -0.011507 	 -0.002381
  384 	 -0.166667 	 -0.011523 	 -0.002387
  385 	 -0.166667 	 -0.011472 	 -0.002358
  386 	 -0.166667 	 -0.011526 	 -0.002404
  387 	 -0.166667 	 -0.011507 	 -0.002381
  388 	 -0.166667 	 -0.011507 	 -0.002381
  389 	 -0.166667 	 -0.011507 	 -0.002381
  390 	 -0.166667 	 -0.011507 	 -0.002381
  391 	 -0.166667 	 -0.011507 	 -0.002381
  392 	 -0.166667 	 -0.011507 	 -0.002381
  393 	 -0.166667 	 -0.011507 	 -0.002381
  394 	 -0.166667 	 -0.011507 	 -0.002381
  395 	 -0.166667 	 -0.011388 	 -0.002387
  396 	 -0.166667 	 -0.011624 	 -0.002410
  397 	 -0.166667 	 -0.011505 	 -0.002381
  398 	 -0.166667 	 -0.011543 	 -0.002398
  399 	 -0.166667 	 -0.011716 	 -0.002398
 