   0 	 -0.333333 	 0.246727 	 10.000000
    1 	 -0.125000 	 -0.010705 	 -0.002469
    2 	 -0.142857 	 -0.010773 	 -0.002066
    3 	 -0.142857 	 -0.009505 	 -0.001976
    4 	 -0.142857 	 -0.009786 	 -0.002033
    5 	 -0.142857 	 -0.009896 	 -0.002049
    6 	 -0.142857 	 -0.009852 	 -0.002037
    7 	 -0.142857 	 -0.009859 	 -0.002037
    8 	 -0.142857 	 -0.009843 	 -0.002053
    9 	 -0.142857 	 -0.009863 	 -0.002041
   10 	 -0.142857 	 -0.010056 	 -0.002028
   11 	 -0.142857 	 -0.009136 	 -0.001818
   12 	 -0.142857 	 -0.009862 	 -0.002053
   13 	 -0.142857 	 -0.009882 	 -0.002045
   14 	 -0.142857 	 -0.009864 	 -0.002049
   15 	 -0.142857 	 -0.009866 	 -0.002058
   16 	 -0.142857 	 -0.009810 	 -0.002024
   17 	 -0.142857 	 -0.009809 	 -0.002041
   18 	 -0.142857 	 -0.009863 	 -0.002041
   19 	 -0.142857 	 -0.009869 	 -0.002045
   20 	 -0.250000 	 -0.012178 	 -0.002062
   21 	 -0.142857 	 -0.012296 	 -0.002915
   22 	 -0.142857 	 -0.010562 	 -0.002247
   23 	 -0.142857 	 -0.009870 	 -0.002053
   24 	 -0.142857 	 -0.009885 	 -0.002049
   25 	 -0.142857 	 -0.009896 	 -0.002070
   26 	 -0.333333 	 -0.013458 	 -0.002041
   27 	 -0.333333 	 -0.019593 	 -0.003497
   28 	 -0.333333 	 -0.018339 	 -0.003367
   29 	 -0.333333 	 -0.023078 	 -0.004785
   30 	 -0.333333 	 -0.023482 	 -0.004808
   31 	 -0.333333 	 -0.023442 	 -0.004785
   32 	 -0.333333 	 -0.022984 	 -0.004717
   33 	 -0.333333 	 -0.026165 	 -0.005618
   34 	 -0.333333 	 -0.023014 	 -0.004762
   35 	 -0.333333 	 -0.022620 	 -0.004673
   36 	 -0.333333 	 -0.023014 	 -0.004762
   37 	 -0.333333 	 -0.023059 	 -0.004785
   38 	 -0.333333 	 -0.022654 	 -0.004673
   39 	 -0.333333 	 -0.023036 	 -0.004808
   40 	 -0.333333 	 -0.023014 	 -0.004762
   41 	 -0.333333 	 -0.022879 	 -0.004651
   42 	 -0.333333 	 -0.022988 	 -0.004608
   43 	 -0.333333 	 -0.023025 	 -0.004717
   44 	 -0.333333 	 -0.023088 	 -0.004785
   45 	 -0.333333 	 -0.023024 	 -0.004739
   46 	 -0.333333 	 -0.023013 	 -0.004739
   47 	 -0.333333 	 -0.023332 	 -0.004808
   48 	 -0.333333 	 -0.021763 	 -0.004587
   49 	 -0.333333 	 -0.022954 	 -0.004739
   50 	 -0.333333 	 -0.023090 	 -0.004831
   51 	 -0.333333 	 -0.023037 	 -0.004695
   52 	 -0.333333 	 -0.022891 	 -0.004630
   53 	 -0.333333 	 -0.022914 	 -0.004808
   54 	 -0.333333 	 -0.023014 	 -0.004762
   55 	 -0.333333 	 -0.023042 	 -0.004785
   56 	 -0.333333 	 -0.023002 	 -0.004739
   57 	 -0.333333 	 -0.023728 	 -0.004808
   58 	 -0.333333 	 -0.023014 	 -0.004762
   59 	 -0.333333 	 -0.022729 	 -0.004695
   60 	 -0.333333 	 -0.023037 	 -0.004785
   61 	 -0.333333 	 -0.023014 	 -0.004762
   62 	 -0.333333 	 -0.023084 	 -0.004739
   63 	 -0.333333 	 -0.023002 	 -0.004739
   64 	 -0.333333 	 -0.023014 	 -0.004762
   65 	 -0.333333 	 -0.022803 	 -0.004673
   66 	 -0.333333 	 -0.023279 	 -0.004854
   67 	 -0.333333 	 -0.023014 	 -0.004762
   68 	 -0.333333 	 -0.023073 	 -0.004831
   69 	 -0.333333 	 -0.023060 	 -0.004717
   70 	 -0.333333 	 -0.023014 	 -0.004762
   71 	 -0.333333 	 -0.023257 	 -0.004878
   72 	 -0.333333 	 -0.023197 	 -0.004878
   73 	 -0.333333 	 -0.024120 	 -0.004808
   74 	 -0.333333 	 -0.022235 	 -0.004785
   75 	 -0.333333 	 -0.023017 	 -0.004808
   76 	 -0.333333 	 -0.022216 	 -0.004673
   77 	 -0.333333 	 -0.023033 	 -0.004808
   78 	 -0.333333 	 -0.022225 	 -0.004651
   79 	 -0.333333 	 -0.022597 	 -0.004717
   80 	 -0.333333 	 -0.022988 	 -0.004673
   81 	 -0.333333 	 -0.022990 	 -0.004762
   82 	 -0.333333 	 -0.022509 	 -0.004785
   83 	 -0.333333 	 -0.022810 	 -0.004695
   84 	 -0.333333 	 -0.023001 	 -0.004739
   85 	 -0.333333 	 -0.022861 	 -0.004695
   86 	 -0.333333 	 -0.023027 	 -0.004831
   87 	 -0.333333 	 -0.022936 	 -0.004739
   88 	 -1.000000 	 -0.037559 	 -0.005556
   89 	 -0.333333 	 -0.032067 	 -0.008197
   90 	 -0.333333 	 -0.022798 	 -0.004762
   91 	 -0.333333 	 -0.023236 	 -0.004878
   92 	 -0.333333 	 -0.023014 	 -0.004762
   93 	 -0.333333 	 -0.022974 	 -0.004651
   94 	 -0.142857 	 -0.015503 	 -0.003344
   95 	 -0.142857 	 -0.010230 	 -0.002237
   96 	 -0.142857 	 -0.009865 	 -0.002053
   97 	 -0.142857 	 -0.009916 	 -0.002053
   98 	 -0.142857 	 -0.009883 	 -0.002058
   99 	 -0.142857 	 -0.009902 	 -0.002049
  100 	 -0.142857 	 -0.009810 	 -0.002020
  101 	 -0.142857 	 -0.009893 	 -0.002045
  102 	 -0.142857 	 -0.009865 	 -0.002053
  103 	 -0.142857 	 -0.009868 	 -0.002053
  104 	 -0.142857 	 -0.009850 	 -0.002024
  105 	 -0.142857 	 -0.009872 	 -0.002049
  106 	 -0.142857 	 -0.009875 	 -0.002058
  107 	 -0.142857 	 -0.009873 	 -0.002045
  108 	 -0.142857 	 -0.009863 	 -0.002041
  109 	 -0.142857 	 -0.009912 	 -0.002045
  110 	 -0.142857 	 -0.009864 	 -0.002053
  111 	 -0.142857 	 -0.009863 	 -0.002041
  112 	 -0.142857 	 -0.009863 	 -0.002041
  113 	 -0.142857 	 -0.009863 	 -0.002041
  114 	 -0.142857 	 -0.009863 	 -0.002041
  115 	 -0.142857 	 -0.009867 	 -0.002049
  116 	 -0.142857 	 -0.009937 	 -0.002062
  117 	 -0.142857 	 -0.009874 	 -0.002045
  118 	 -0.142857 	 -0.009863 	 -0.002041
  119 	 -0.142857 	 -0.009869 	 -0.002058
  120 	 -0.142857 	 -0.009863 	 -0.002041
  121 	 -0.142857 	 -0.009863 	 -0.002041
  122 	 -0.090909 	 -0.008526 	 -0.002053
  123 	 -0.142857 	 -0.007614 	 -0.001383
  124 	 -0.142857 	 -0.008992 	 -0.001634
  125 	 -0.142857 	 -0.009863 	 -0.002045
  126 	 -0.142857 	 -0.009863 	 -0.002041
  127 	 -0.142857 	 -0.009862 	 -0.002041
  128 	 -0.142857 	 -0.009863 	 -0.002041
  129 	 -0.142857 	 -0.009867 	 -0.002041
  130 	 -0.142857 	 -0.009863 	 -0.002041
  131 	 -0.142857 	 -0.009755 	 -0.002037
  132 	 -0.142857 	 -0.009665 	 -0.002033
  133 	 -0.142857 	 -0.009863 	 -0.002041
  134 	 -0.142857 	 -0.009712 	 -0.002033
  135 	 -0.142857 	 -0.009863 	 -0.002041
  136 	 -0.142857 	 -0.009863 	 -0.002041
  137 	 -0.142857 	 -0.009868 	 -0.002053
  138 	 -0.142857 	 -0.009839 	 -0.002016
  139 	 -0.142857 	 -0.009866 	 -0.002045
  140 	 -0.142857 	 -0.009863 	 -0.002041
  141 	 -0.142857 	 -0.009874 	 -0.002058
  142 	 -0.142857 	 -0.009898 	 -0.002045
  143 	 -0.142857 	 -0.009860 	 -0.002037
  144 	 -0.142857 	 -0.009850 	 -0.002041
  145 	 -0.142857 	 -0.009904 	 -0.002053
  146 	 -0.142857 	 -0.009867 	 -0.002028
  147 	 -0.142857 	 -0.009850 	 -0.002041
  148 	 -0.142857 	 -0.009863 	 -0.002041
  149 	 -0.142857 	 -0.009855 	 -0.002037
  150 	 -0.142857 	 -0.009863 	 -0.002041
  151 	 -0.142857 	 -0.010060 	 -0.002053
  152 	 -0.142857 	 -0.009873 	 -0.002070
  153 	 -0.142857 	 -0.009863 	 -0.002041
  154 	 -0.142857 	 -0.009804 	 -0.002020
  155 	 -0.142857 	 -0.009863 	 -0.002041
  156 	 -0.142857 	 -0.009863 	 -0.002041
  157 	 -0.142857 	 -0.009918 	 -0.002062
  158 	 -0.142857 	 -0.009863 	 -0.002041
  159 	 -0.142857 	 -0.009873 	 -0.002053
  160 	 -0.142857 	 -0.009879 	 -0.002053
  161 	 -0.142857 	 -0.009863 	 -0.002037
  162 	 -0.142857 	 -0.009862 	 -0.002037
  163 	 -0.142857 	 -0.009863 	 -0.002041
  164 	 -0.142857 	 -0.009844 	 -0.002033
  165 	 -0.142857 	 -0.009874 	 -0.002053
  166 	 -0.142857 	 -0.009863 	 -0.002041
  167 	 -0.142857 	 -0.009863 	 -0.002041
  168 	 -0.142857 	 -0.009860 	 -0.002020
  169 	 -0.142857 	 -0.009879 	 -0.002045
  170 	 -0.142857 	 -0.009866 	 -0.002045
  171 	 -0.142857 	 -0.009866 	 -0.002053
  172 	 -0.142857 	 -0.009863 	 -0.002041
  173 	 -0.142857 	 -0.009864 	 -0.002045
  174 	 -0.142857 	 -0.009868 	 -0.002053
  175 	 -0.142857 	 -0.009851 	 -0.002024
  176 	 -0.142857 	 -0.009961 	 -0.002058
  177 	 -0.142857 	 -0.009863 	 -0.002041
  178 	 -0.142857 	 -0.009863 	 -0.002041
  179 	 -0.142857 	 -0.009838 	 -0.002016
  180 	 -0.142857 	 -0.009863 	 -0.002041
  181 	 -0.142857 	 -0.009873 	 -0.002049
  182 	 -0.142857 	 -0.009863 	 -0.002053
  183 	 -0.142857 	 -0.009863 	 -0.002041
  184 	 -0.142857 	 -0.009859 	 -0.002024
  185 	 -0.142857 	 -0.009960 	 -0.002049
  186 	 -0.142857 	 -0.009997 	 -0.002070
  187 	 -0.142857 	 -0.009861 	 -0.002037
  188 	 -0.142857 	 -0.009886 	 -0.002053
  189 	 -0.142857 	 -0.009863 	 -0.002053
  190 	 -0.142857 	 -0.009752 	 -0.002033
  191 	 -0.142857 	 -0.009904 	 -0.002053
  192 	 -0.142857 	 -0.009863 	 -0.002041
  193 	 -0.142857 	 -0.009863 	 -0.002041
  194 	 -0.142857 	 -0.009863 	 -0.002041
  195 	 -0.142857 	 -0.009867 	 -0.002058
  196 	 -0.142857 	 -0.009863 	 -0.002041
  197 	 -0.142857 	 -0.009845 	 -0.002045
  198 	 -0.142857 	 -0.009881 	 -0.002041
  199 	 -0.142857 	 -0.009863 	 -0.002041
  200 	 -0.142857 	 -0.009875 	 -0.002045
  201 	 -0.125000 	 -0.009462 	 -0.002049
  202 	 -0.125000 	 -0.008815 	 -0.001818
  203 	 -0.125000 	 -0.008760 	 -0.001821
  204 	 -0.125000 	 -0.008630 	 -0.001786
  205 	 -0.125000 	 -0.008528 	 -0.001773
  206 	 -0.125000 	 -0.008631 	 -0.001789
  207 	 -0.125000 	 -0.008604 	 -0.001770
  208 	 -0.125000 	 -0.008632 	 -0.001789
  209 	 -0.125000 	 -0.008590 	 -0.001786
  210 	 -0.125000 	 -0.008631 	 -0.001786
  211 	 -0.125000 	 -0.008666 	 -0.001812
  212 	 -0.125000 	 -0.008547 	 -0.001786
  213 	 -0.125000 	 -0.008557 	 -0.001770
  214 	 -0.125000 	 -0.008647 	 -0.001799
  215 	 -0.125000 	 -0.008632 	 -0.001789
  216 	 -0.125000 	 -0.008672 	 -0.001799
  217 	 -0.125000 	 -0.008601 	 -0.001770
  218 	 -0.125000 	 -0.008635 	 -0.001789
  219 	 -0.125000 	 -0.008630 	 -0.001789
  220 	 -0.125000 	 -0.008633 	 -0.001789
  221 	 -0.125000 	 -0.008598 	 -0.001783
  222 	 -0.125000 	 -0.008740 	 -0.001799
  223 	 -0.125000 	 -0.008622 	 -0.001776
  224 	 -0.125000 	 -0.008630 	 -0.001786
  225 	 -0.125000 	 -0.008630 	 -0.001786
  226 	 -0.125000 	 -0.008628 	 -0.001792
  227 	 -0.125000 	 -0.008630 	 -0.001786
  228 	 -0.125000 	 -0.008629 	 -0.001789
  229 	 -0.142857 	 -0.009500 	 -0.001890
  230 	 -0.142857 	 -0.009606 	 -0.001992
  231 	 -0.142857 	 -0.009863 	 -0.002041
  232 	 -0.142857 	 -0.009863 	 -0.002041
  233 	 -0.142857 	 -0.009911 	 -0.002049
  234 	 -0.142857 	 -0.009885 	 -0.002058
  235 	 -0.142857 	 -0.009870 	 -0.002062
  236 	 -0.142857 	 -0.009863 	 -0.002037
  237 	 -0.142857 	 -0.009863 	 -0.002041
  238 	 -0.142857 	 -0.009863 	 -0.002041
  239 	 -0.200000 	 -0.011088 	 -0.002037
  240 	 -0.200000 	 -0.013084 	 -0.002564
  241 	 -0.200000 	 -0.013856 	 -0.002907
  242 	 -0.200000 	 -0.014009 	 -0.002915
  243 	 -0.200000 	 -0.013808 	 -0.002857
  244 	 -0.200000 	 -0.013669 	 -0.002801
  245 	 -0.200000 	 -0.013827 	 -0.002882
  246 	 -0.200000 	 -0.013835 	 -0.002899
  247 	 -0.250000 	 -0.014919 	 -0.002882
  248 	 -0.250000 	 -0.016341 	 -0.003367
  249 	 -0.250000 	 -0.016896 	 -0.003333
  250 	 -0.250000 	 -0.017310 	 -0.003597
  251 	 -0.250000 	 -0.017360 	 -0.003610
  252 	 -0.250000 	 -0.017238 	 -0.003559
  253 	 -0.250000 	 -0.017247 	 -0.003559
  254 	 -0.250000 	 -0.017343 	 -0.003623
  255 	 -0.250000 	 -0.017321 	 -0.003610
  256 	 -0.250000 	 -0.017230 	 -0.003597
  257 	 -0.250000 	 0.125786 	 10.000000
  258 	 10.000000 	 10.000000 	 10.000000
  259 	 -0.500000 	 1.542857 	 10.000000
  260 	 -1.000000 	 -0.103571 	 10.000000
  261 	 -1.000000 	 -0.214286 	 10.000000
  262 	 0.500000 	 1.857143 	 10.000000
  263 	 0.250000 	 1.536905 	 10.000000
  264 	 0.500000 	 5.385714 	 10.000000
  265 	 0.200000 	 0.622381 	 10.000000
  266 	 0.500000 	 6.335714 	 10.000000
  267 	 0.142857 	 1.952041 	 10.000000
  268 	 0.142857 	 2.262449 	 10.000000
  269 	 0.125000 	 2.844048 	 10.000000
  270 	 0.200000 	 0.552143 	 10.000000
  271 	 0.250000 	 0.785714 	 1.000000
  272 	 -0.250000 	 -0.052857 	 10.000000
  273 	 -0.250000 	 4.740714 	 10.000000
  274 	 -0.250000 	 0.775000 	 10.000000
  275 	 10.000000 	 10.000000 	 10.000000
  276 	 10.000000 	 10.000000 	 10.000000
  277 	 1.000000 	 1.900000 	 10.000000
  278 	 -0.250000 	 0.519286 	 10.000000
  279 	 -1.000000 	 0.095238 	 10.000000
  280 	 -1.000000 	 1.550000 	 10.000000
  281 	 0.333333 	 4.376190 	 10.000000
  282 	 -0.250000 	 3.557143 	 10.000000
  283 	 0.250000 	 5.835714 	 10.000000
  284 	 1.000000 	 2.157143 	 10.000000
  285 	 -0.333333 	 2.085714 	 10.000000
  286 	 -0.333333 	 1.647619 	 10.000000
  287 	 0.200000 	 1.325000 	 10.000000
  288 	 -0.333333 	 2.284184 	 10.000000
  289 	 -1.000000 	 6.116667 	 10.000000
  290 	 -1.000000 	 0.685714 	 10.000000
  291 	 10.000000 	 10.000000 	 10.000000
  292 	 0.333333 	 2.680952 	 10.000000
  293 	 -0.500000 	 3.726190 	 10.000000
  294 	 -0.250000 	 0.637143 	 10.000000
  295 	 0.333333 	 5.028571 	 10.000000
  296 	 -0.250000 	 7.071429 	 10.000000
  297 	 0.500000 	 8.507143 	 10.000000
  298 	 -1.000000 	 9.057143 	 10.000000
  299 	 0.125000 	 0.868690 	 10.000000
  300 	 10.000000 	 10.000000 	 10.000000
  301 	 1.000000 	 4.857143 	 10.000000
  302 	 -0.250000 	 0.303810 	 10.000000
  303 	 -0.250000 	 2.985714 	 10.000000
  304 	 -1.000000 	 2.021429 	 10.000000
  305 	 0.500000 	 4.385714 	 10.000000
  306 	 -0.333333 	 3.933333 	 10.000000
  307 	 1.000000 	 1.385714 	 10.000000
  308 	 0.500000 	 3.664286 	 10.000000
  309 	 -1.000000 	 1.750000 	 10.000000
  310 	 10.000000 	 10.000000 	 10.000000
  311 	 -0.500000 	 7.900000 	 10.000000
  312 	 -0.250000 	 6.632143 	 10.000000
  313 	 -0.500000 	 2.371429 	 10.000000
  314 	 -1.000000 	 4.507143 	 10.000000
  315 	 0.200000 	 1.040000 	 10.000000
  316 	 1.000000 	 1.257143 	 10.000000
  317 	 0.142857 	 4.497959 	 10.000000
  318 	 1.000000 	 6.657143 	 10.000000
  319 	 0.500000 	 3.635714 	 10.000000
  320 	 -1.000000 	 7.178571 	 10.000000
  321 	 -0.250000 	 4.728571 	 10.000000
  322 	 10.000000 	 10.000000 	 10.000000
  323 	 -1.000000 	 5.600000 	 10.000000
  324 	 -1.000000 	 5.174286 	 10.000000
  325 	 10.000000 	 10.000000 	 10.000000
  326 	 10.000000 	 10.000000 	 10.000000
  327 	 -0.250000 	 1.507143 	 10.000000
  328 	 0.500000 	 4.571429 	 10.000000
  329 	 0.142857 	 2.697959 	 10.000000
  330 	 -0.500000 	 4.833333 	 10.000000
  331 	 -0.250000 	 5.314286 	 10.000000
  332 	 10.000000 	 10.000000 	 10.000000
  333 	 0.250000 	 3.178571 	 10.000000
  334 	 -1.000000 	 0.304762 	 1.000000
  335 	 -0.500000 	 5.392857 	 10.000000
  336 	 -0.500000 	 2.650000 	 10.000000
  337 	 10.000000 	 10.000000 	 10.000000
  338 	 -1.000000 	 -0.842857 	 10.000000
  339 	 10.000000 	 10.000000 	 10.000000
  340 	 10.000000 	 10.000000 	 10.000000
  341 	 -1.000000 	 7.957143 	 10.000000
  342 	 1.000000 	 3.442857 	 10.000000
  343 	 10.000000 	 10.000000 	 10.000000
  344 	 -0.333333 	 0.188095 	 10.000000
  345 	 0.200000 	 5.274286 	 10.000000
  346 	 -1.000000 	 -0.064286 	 10.000000
  347 	 -0.500000 	 2.845238 	 10.000000
  348 	 -0.500000 	 8.800000 	 10.000000
  349 	 0.333333 	 3.719048 	 10.000000
  350 	 -0.500000 	 4.150000 	 10.000000
  351 	 0.083333 	 2.355850 	 10.000000
  352 	 0.500000 	 5.050000 	 10.000000
  353 	 -1.000000 	 0.404762 	 10.000000
  354 	 -0.500000 	 7.071429 	 10.000000
  355 	 0.250000 	 3.217857 	 10.000000
  356 	 -1.000000 	 4.121429 	 10.000000
  357 	 -1.000000 	 4.500000 	 10.000000
  358 	 0.333333 	 2.404762 	 10.000000
  359 	 0.200000 	 4.680000 	 10.000000
  360 	 -1.000000 	 1.208333 	 10.000000
  361 	 -1.000000 	 5.600000 	 10.000000
  362 	 -0.250000 	 2.404286 	 10.000000
  363 	 -1.000000 	 -0.210794 	 10.000000
  364 	 10.000000 	 10.000000 	 10.000000
  365 	 10.000000 	 10.000000 	 10.000000
  366 	 0.500000 	 0.500000 	 0.500000
  367 	 0.166667 	 1.171429 	 10.000000
  368 	 -0.333333 	 3.636429 	 10.000000
  369 	 10.000000 	 10.000000 	 10.000000
  370 	 0.500000 	 2.014286 	 10.000000
  371 	 10.000000 	 10.000000 	 10.000000
  372 	 -0.500000 	 4.900000 	 10.000000
  373 	 0.500000 	 1.728571 	 10.000000
  374 	 0.200000 	 1.974524 	 10.000000
  375 	 0.142857 	 5.703061 	 10.000000
  376 	 -1.000000 	 2.457143 	 10.000000
  377 	 0.200000 	 1.756905 	 10.000000
  378 	 10.000000 	 10.000000 	 10.000000
  379 	 0.333333 	 4.273810 	 10.000000
  380 	 -1.000000 	 1.828571 	 10.000000
  381 	 -1.000000 	 0.711905 	 10.000000
  382 	 -1.000000 	 0.878571 	 10.000000
  383 	 10.000000 	 10.000000 	 10.000000
  384 	 0.333333 	 1.066667 	 10.000000
  385 	 0.200000 	 0.575476 	 10.000000
  386 	 0.250000 	 5.391667 	 10.000000
  387 	 -0.333333 	 0.276190 	 1.000000
  388 	 -0.500000 	 2.635714 	 10.000000
  389 	 0.166667 	 0.778095 	 10.000000
  390 	 -1.000000 	 6.542857 	 10.000000
  391 	 0.333333 	 1.161905 	 10.000000
  392 	 0.125000 	 5.925595 	 10.000000
  393 	 0.250000 	 6.164286 	 10.000000
  394 	 10.000000 	 10.000000 	 10.000000
  395 	 -0.500000 	 2.835714 	 10.000000
  396 	 -1.000000 	 1.985714 	 10.000000
  397 	 -0.250000 	 1.653571 	 10.000000
  398 	 0.166667 	 3.845238 	 10.000000
  399 	 -0.500000 	 3.850000 	 10.000000
 