   0 	 -0.250000 	 -0.004932 	 0.500000
    1 	 0.002058 	 0.009885 	 0.142857
    2 	 0.002062 	 0.009873 	 0.142857
    3 	 0.002037 	 0.009837 	 0.142857
    4 	 0.002033 	 0.009861 	 0.142857
    5 	 0.002045 	 0.009862 	 0.142857
    6 	 0.002012 	 0.009804 	 0.142857
    7 	 0.002037 	 0.009833 	 0.142857
    8 	 0.002058 	 0.009865 	 0.142857
    9 	 0.002058 	 0.009883 	 0.142857
   10 	 0.002058 	 0.009871 	 0.142857
   11 	 0.002041 	 0.009863 	 0.142857
   12 	 0.002049 	 0.009867 	 0.142857
   13 	 0.002049 	 0.009893 	 0.142857
   14 	 0.002049 	 0.009893 	 0.142857
   15 	 0.002075 	 0.009875 	 0.142857
   16 	 0.002033 	 0.009815 	 0.142857
   17 	 0.002037 	 0.009821 	 0.142857
   18 	 0.002053 	 0.010009 	 0.142857
   19 	 0.002062 	 0.013497 	 0.333333
   20 	 0.002519 	 0.010760 	 0.142857
   21 	 0.002494 	 0.010560 	 0.142857
   22 	 0.002347 	 0.011210 	 0.142857
   23 	 0.002320 	 0.013318 	 0.333333
   24 	 0.002667 	 0.016827 	 0.333333
   25 	 0.003460 	 0.014220 	 0.142857
   26 	 0.003623 	 0.019520 	 0.333333
   27 	 0.003953 	 0.020574 	 0.333333
   28 	 0.004016 	 0.020713 	 0.333333
   29 	 0.004032 	 0.022181 	 0.333333
   30 	 0.004695 	 0.026131 	 0.333333
   31 	 0.005236 	 0.025045 	 0.333333
   32 	 0.005051 	 0.023408 	 0.333333
   33 	 0.004950 	 0.023176 	 0.333333
   34 	 0.004854 	 0.023063 	 0.333333
   35 	 0.004717 	 0.022938 	 0.333333
   36 	 0.004831 	 0.023023 	 0.333333
   37 	 0.004785 	 0.023051 	 0.333333
   38 	 0.004739 	 0.022984 	 0.333333
   39 	 0.004808 	 0.023078 	 0.333333
   40 	 0.004831 	 0.023726 	 0.333333
   41 	 0.004926 	 0.026454 	 0.333333
   42 	 -1.000000 	 0.020371 	 0.500000
   43 	 0.005650 	 0.025961 	 0.333333
   44 	 -1.000000 	 0.013711 	 0.500000
   45 	 0.005495 	 0.025409 	 0.333333
   46 	 0.005650 	 0.023876 	 0.333333
   47 	 0.005435 	 0.025305 	 0.333333
   48 	 0.005208 	 0.031777 	 0.500000
   49 	 0.007246 	 0.026191 	 0.333333
   50 	 0.005952 	 0.025889 	 0.333333
   51 	 -1.000000 	 0.021015 	 0.500000
   52 	 0.005988 	 0.035980 	 0.500000
   53 	 0.007194 	 0.027638 	 0.333333
   54 	 -1.000000 	 0.017833 	 0.500000
   55 	 0.006173 	 0.025809 	 0.333333
   56 	 0.005988 	 0.026959 	 0.333333
   57 	 0.005714 	 0.025021 	 0.333333
   58 	 -0.500000 	 0.034924 	 1.000000
   59 	 -0.500000 	 0.032654 	 1.000000
   60 	 0.004808 	 0.023134 	 0.333333
   61 	 0.004902 	 0.023357 	 0.333333
   62 	 0.004878 	 0.023275 	 0.333333
   63 	 0.004762 	 0.022962 	 0.333333
   64 	 0.004785 	 0.023022 	 0.333333
   65 	 0.004762 	 0.023014 	 0.333333
   66 	 0.004673 	 0.022710 	 0.333333
   67 	 0.004717 	 0.022977 	 0.333333
   68 	 0.004717 	 0.022974 	 0.333333
   69 	 0.004808 	 0.023582 	 0.333333
   70 	 0.005000 	 0.023394 	 0.333333
   71 	 0.005000 	 0.023489 	 0.333333
   72 	 0.004926 	 0.023645 	 0.333333
   73 	 0.004854 	 0.023030 	 0.333333
   74 	 0.004878 	 0.023103 	 0.333333
   75 	 0.004651 	 0.022062 	 0.333333
   76 	 0.004587 	 0.022223 	 0.333333
   77 	 0.004405 	 0.022231 	 0.333333
   78 	 0.004367 	 0.022799 	 0.333333
   79 	 0.004673 	 0.023082 	 0.333333
   80 	 0.004854 	 0.023041 	 0.333333
   81 	 0.004695 	 0.022964 	 0.333333
   82 	 0.004902 	 0.023210 	 0.333333
   83 	 0.004630 	 0.021877 	 0.333333
   84 	 0.004425 	 0.022862 	 0.333333
   85 	 0.004717 	 0.023012 	 0.333333
   86 	 0.004717 	 0.022765 	 0.333333
   87 	 0.004739 	 0.023006 	 0.333333
   88 	 0.004762 	 0.022942 	 0.333333
   89 	 0.004854 	 0.023300 	 0.333333
   90 	 0.004717 	 0.022661 	 0.333333
   91 	 0.004717 	 0.022714 	 0.333333
   92 	 0.004717 	 0.023234 	 0.333333
   93 	 0.004808 	 0.023629 	 0.333333
   94 	 -1.000000 	 0.012368 	 0.500000
   95 	 0.005376 	 0.025643 	 0.333333
   96 	 0.005291 	 0.023838 	 0.333333
   97 	 0.005000 	 0.023282 	 0.333333
   98 	 0.004950 	 0.024656 	 0.333333
   99 	 0.005051 	 0.022784 	 0.333333
  100 	 0.004630 	 0.022723 	 0.333333
  101 	 0.004717 	 0.022970 	 0.333333
  102 	 0.004673 	 0.021906 	 0.333333
  103 	 0.004673 	 0.023587 	 0.333333
  104 	 0.004902 	 0.023424 	 0.333333
  105 	 0.004902 	 0.023490 	 0.333333
  106 	 0.004950 	 0.026825 	 0.333333
  107 	 0.005291 	 0.023802 	 0.333333
  108 	 0.005102 	 0.023723 	 0.333333
  109 	 0.004950 	 0.024883 	 0.333333
  110 	 0.005051 	 0.023607 	 0.333333
  111 	 0.004950 	 0.026086 	 0.500000
  112 	 0.005263 	 0.028926 	 0.500000
  113 	 0.005780 	 0.028738 	 0.500000
  114 	 0.005848 	 0.030243 	 0.500000
  115 	 0.006329 	 0.028989 	 0.333333
  116 	 0.006211 	 0.027675 	 0.333333
  117 	 0.005988 	 0.027657 	 0.333333
  118 	 0.005848 	 0.026849 	 0.333333
  119 	 0.005714 	 0.026448 	 0.333333
  120 	 0.005747 	 0.028637 	 0.500000
  121 	 0.005682 	 0.026503 	 0.333333
  122 	 0.005650 	 0.031122 	 0.500000
  123 	 0.005952 	 0.024719 	 0.250000
  124 	 0.005155 	 0.029528 	 0.500000
  125 	 0.005882 	 0.030681 	 0.500000
  126 	 0.006024 	 0.025295 	 0.333333
  127 	 0.005780 	 0.025719 	 0.333333
  128 	 0.005291 	 0.022350 	 0.333333
  129 	 0.004651 	 0.021259 	 0.250000
  130 	 0.004525 	 0.018822 	 0.250000
  131 	 0.004149 	 0.018344 	 0.200000
  132 	 0.003802 	 0.020829 	 0.333333
  133 	 0.004032 	 0.017089 	 0.200000
  134 	 0.003802 	 0.022396 	 0.500000
  135 	 0.004167 	 0.021127 	 0.333333
  136 	 0.004237 	 0.019992 	 0.250000
  137 	 0.003953 	 0.020828 	 0.333333
  138 	 0.004049 	 0.023742 	 0.333333
  139 	 0.004545 	 0.024249 	 0.333333
  140 	 0.005236 	 0.021162 	 0.200000
  141 	 0.004902 	 0.029503 	 0.500000
  142 	 0.006135 	 0.029799 	 0.333333
  143 	 0.006024 	 0.165260 	 10.000000
  144 	 0.027027 	 0.064625 	 0.500000
  145 	 0.017544 	 0.250398 	 10.000000
  146 	 0.071429 	 0.851270 	 10.000000
  147 	 0.125000 	 0.934456 	 10.000000
  148 	 0.111111 	 1.166327 	 10.000000
  149 	 0.333333 	 3.788095 	 10.000000
  150 	 -0.500000 	 2.436905 	 10.000000
  151 	 0.333333 	 7.278571 	 10.000000
  152 	 0.250000 	 3.614286 	 10.000000
  153 	 1.000000 	 6.142857 	 10.000000
  154 	 -0.250000 	 2.964286 	 10.000000
  155 	 -1.000000 	 3.642857 	 10.000000
  156 	 10.000000 	 10.000000 	 10.000000
  157 	 10.000000 	 10.000000 	 10.000000
  158 	 -1.000000 	 -0.285714 	 10.000000
  159 	 -1.000000 	 2.421429 	 10.000000
  160 	 0.500000 	 4.707143 	 10.000000
  161 	 1.000000 	 1.128571 	 10.000000
  162 	 -1.000000 	 5.442857 	 10.000000
  163 	 0.500000 	 1.014286 	 10.000000
  164 	 0.333333 	 4.826190 	 10.000000
  165 	 -0.500000 	 1.398571 	 10.000000
  166 	 10.000000 	 10.000000 	 10.000000
  167 	 0.166667 	 2.707619 	 10.000000
  168 	 1.000000 	 2.928571 	 10.000000
  169 	 -1.000000 	 2.614286 	 10.000000
  170 	 1.000000 	 9.228571 	 10.000000
  171 	 0.200000 	 2.196429 	 10.000000
  172 	 -0.250000 	 5.314286 	 10.000000
  173 	 0.333333 	 1.438095 	 10.000000
  174 	 1.000000 	 9.614286 	 10.000000
  175 	 10.000000 	 10.000000 	 10.000000
  176 	 0.333333 	 5.609524 	 10.000000
  177 	 10.000000 	 10.000000 	 10.000000
  178 	 10.000000 	 10.000000 	 10.000000
  179 	 -0.333333 	 5.280952 	 10.000000
  180 	 0.250000 	 2.767857 	 10.000000
  181 	 1.000000 	 3.828571 	 10.000000
  182 	 10.000000 	 10.000000 	 10.000000
  183 	 0.500000 	 6.878571 	 10.000000
  184 	 10.000000 	 10.000000 	 10.000000
  185 	 -0.250000 	 -0.141071 	 -0.125000
  186 	 -0.250000 	 -0.017361 	 -0.003636
  187 	 -0.250000 	 -0.017239 	 -0.003559
  188 	 -0.250000 	 -0.017260 	 -0.003571
  189 	 -0.250000 	 -0.017256 	 -0.003559
  190 	 -0.250000 	 -0.017260 	 -0.003571
  191 	 -0.250000 	 -0.017260 	 -0.003571
  192 	 -0.250000 	 -0.017262 	 -0.003571
  193 	 -0.250000 	 -0.017260 	 -0.003571
  194 	 -0.250000 	 -0.017314 	 -0.003704
  195 	 -0.250000 	 -0.017260 	 -0.003571
  196 	 -0.250000 	 -0.017245 	 -0.003584
  197 	 -0.250000 	 -0.016959 	 -0.003497
  198 	 -0.250000 	 -0.017132 	 -0.003521
  199 	 -0.250000 	 -0.017618 	 -0.003584
  200 	 -0.250000 	 -0.017268 	 -0.003584
  201 	 -0.250000 	 -0.017260 	 -0.003571
  202 	 -0.250000 	 -0.017260 	 -0.003571
  203 	 -0.250000 	 -0.017260 	 -0.003571
  204 	 -0.250000 	 -0.017599 	 -0.003584
  205 	 -0.250000 	 -0.017366 	 -0.003650
  206 	 -0.250000 	 -0.017303 	 -0.003597
  207 	 -0.166667 	 -0.015135 	 -0.003610
  208 	 -0.166667 	 -0.012162 	 -0.002597
  209 	 -0.166667 	 -0.011505 	 -0.002358
  210 	 -0.166667 	 -0.011510 	 -0.002381
  211 	 -0.166667 	 -0.011444 	 -0.002370
  212 	 -0.166667 	 -0.011507 	 -0.002381
  213 	 -0.166667 	 -0.011523 	 -0.002392
  214 	 -0.166667 	 -0.011595 	 -0.002433
  215 	 -0.166667 	 -0.011529 	 -0.002375
  216 	 -0.500000 	 -0.017092 	 -0.002381
  217 	 -0.166667 	 -0.017185 	 -0.004184
  218 	 -0.166667 	 -0.011890 	 -0.002591
  219 	 -0.166667 	 -0.011487 	 -0.002370
  220 	 -0.166667 	 -0.011596 	 -0.002392
  221 	 -0.166667 	 -0.011122 	 -0.002315
  222 	 -0.166667 	 -0.011436 	 -0.002370
  223 	 -0.166667 	 -0.011599 	 -0.002410
  224 	 -0.166667 	 -0.011520 	 -0.002392
  225 	 -0.166667 	 -0.011911 	 -0.002463
  226 	 -0.166667 	 -0.011518 	 -0.002410
  227 	 -0.166667 	 -0.011437 	 -0.002364
  228 	 -0.166667 	 -0.011511 	 -0.002410
  229 	 -0.166667 	 -0.011521 	 -0.002404
  230 	 -0.142857 	 -0.010931 	 -0.002364
  231 	 -0.142857 	 -0.010428 	 -0.002110
  232 	 -0.142857 	 -0.009855 	 -0.002028
  233 	 -0.166667 	 -0.010112 	 -0.002028
  234 	 -0.166667 	 -0.011328 	 -0.002331
  235 	 -0.166667 	 -0.011507 	 -0.002381
  236 	 -0.166667 	 -0.012144 	 -0.002433
  237 	 -0.166667 	 -0.011468 	 -0.002358
  238 	 -0.125000 	 -0.010548 	 -0.002415
  239 	 -0.166667 	 -0.009710 	 -0.001832
  240 	 -0.166667 	 -0.011284 	 -0.002232
  241 	 -0.166667 	 -0.011516 	 -0.002387
  242 	 -0.166667 	 -0.011513 	 -0.002387
  243 	 -0.166667 	 -0.011523 	 -0.002387
  244 	 -0.166667 	 -0.011507 	 -0.002381
  245 	 -0.166667 	 -0.011441 	 -0.002370
  246 	 -0.166667 	 -0.011507 	 -0.002381
  247 	 -0.166667 	 -0.011507 	 -0.002381
  248 	 -0.166667 	 -0.011477 	 -0.002375
  249 	 -0.166667 	 -0.011516 	 -0.002387
  250 	 -0.166667 	 -0.011554 	 -0.002404
  251 	 -0.166667 	 -0.011507 	 -0.002381
  252 	 -0.166667 	 -0.011639 	 -0.002404
  253 	 -0.166667 	 -0.011507 	 -0.002381
  254 	 -0.166667 	 -0.011514 	 -0.002364
  255 	 -0.166667 	 -0.011466 	 -0.002375
  256 	 -0.166667 	 -0.011504 	 -0.002392
  257 	 -0.166667 	 -0.011615 	 -0.002597
  258 	 -0.166667 	 -0.011909 	 -0.002577
  259 	 -0.200000 	 -0.012247 	 -0.002364
  260 	 -0.200000 	 -0.013536 	 -0.002817
  261 	 -0.200000 	 -0.013808 	 -0.002857
  262 	 -0.200000 	 -0.013766 	 -0.002857
  263 	 -0.200000 	 -0.014553 	 -0.002874
  264 	 -0.200000 	 -0.013811 	 -0.002865
  265 	 -0.200000 	 -0.013792 	 -0.002849
  266 	 -0.200000 	 -0.014283 	 -0.002874
  267 	 -0.200000 	 -0.013774 	 -0.002857
  268 	 -0.200000 	 -0.013913 	 -0.002915
  269 	 -0.200000 	 -0.013808 	 -0.002857
  270 	 -0.200000 	 -0.013760 	 -0.002833
  271 	 -0.200000 	 -0.013667 	 -0.002882
  272 	 -0.200000 	 -0.013794 	 -0.002833
  273 	 -0.200000 	 -0.013796 	 -0.002865
  274 	 -0.200000 	 -0.013861 	 -0.002865
  275 	 -0.200000 	 -0.013703 	 -0.002809
  276 	 -0.200000 	 -0.013816 	 -0.002890
  277 	 -0.200000 	 -0.013808 	 -0.002857
  278 	 -0.200000 	 -0.013807 	 -0.002849
  279 	 -0.200000 	 -0.013810 	 -0.002890
  280 	 -0.200000 	 -0.013716 	 -0.002865
  281 	 -0.200000 	 -0.013900 	 -0.002841
  282 	 -0.200000 	 -0.013808 	 -0.002857
  283 	 -0.200000 	 -0.013823 	 -0.002890
  284 	 -0.200000 	 -0.013860 	 -0.002890
  285 	 -0.200000 	 -0.013835 	 -0.002857
  286 	 -0.200000 	 -0.013976 	 -0.002882
  287 	 -0.200000 	 -0.013808 	 -0.002857
  288 	 -0.200000 	 -0.013945 	 -0.002924
  289 	 -0.200000 	 -0.013889 	 -0.002865
  290 	 -0.200000 	 -0.013903 	 -0.002874
  291 	 -0.200000 	 -0.013868 	 -0.002882
  292 	 -0.200000 	 -0.013819 	 -0.002890
  293 	 -0.200000 	 -0.013817 	 -0.002899
  294 	 -0.200000 	 -0.013808 	 -0.002857
  295 	 -0.200000 	 -0.013808 	 -0.002857
  296 	 -0.200000 	 -0.013781 	 -0.002833
  297 	 -0.200000 	 -0.013820 	 -0.002890
  298 	 -0.200000 	 -0.013980 	 -0.002890
  299 	 -0.200000 	 -0.013890 	 -0.002874
  300 	 -0.200000 	 -0.013808 	 -0.002865
  301 	 -0.200000 	 -0.013849 	 -0.002849
  302 	 -0.200000 	 -0.013720 	 -0.002809
  303 	 -0.200000 	 -0.013909 	 -0.002890
  304 	 -0.200000 	 -0.013818 	 -0.002882
  305 	 -0.200000 	 -0.013808 	 -0.002857
  306 	 -0.200000 	 -0.013827 	 -0.002882
  307 	 -0.200000 	 -0.013782 	 -0.002825
  308 	 -0.200000 	 -0.013827 	 -0.002882
  309 	 -0.200000 	 -0.013806 	 -0.002849
  310 	 -0.200000 	 -0.013812 	 -0.002857
  311 	 -0.200000 	 -0.013844 	 -0.002865
  312 	 -0.200000 	 -0.013880 	 -0.002907
  313 	 -0.200000 	 -0.013812 	 -0.002890
  314 	 -0.200000 	 -0.013810 	 -0.002865
  315 	 -0.200000 	 -0.013802 	 -0.002857
  316 	 -0.200000 	 -0.014002 	 -0.002890
  317 	 -0.200000 	 -0.013808 	 -0.002857
  318 	 -0.200000 	 -0.013819 	 -0.002865
  319 	 -0.200000 	 -0.013804 	 -0.002849
  320 	 -0.200000 	 -0.013596 	 -0.002882
  321 	 -0.200000 	 -0.013454 	 -0.002809
  322 	 -0.200000 	 -0.013816 	 -0.002865
  323 	 -0.200000 	 -0.013829 	 -0.002865
  324 	 -0.200000 	 -0.013828 	 -0.002865
  325 	 -0.200000 	 -0.013893 	 -0.002899
  326 	 -0.200000 	 -0.013794 	 -0.002817
  327 	 -0.250000 	 -0.014906 	 -0.002857
  328 	 -0.250000 	 -0.016521 	 -0.003367
  329 	 -0.250000 	 -0.016575 	 -0.003257
  330 	 -0.250000 	 -0.016177 	 -0.003333
  331 	 -0.250000 	 -0.017133 	 -0.003546
  332 	 -0.250000 	 -0.017604 	 -0.003571
  333 	 -0.250000 	 -0.017656 	 -0.003623
  334 	 -0.250000 	 -0.017296 	 -0.003597
  335 	 -0.250000 	 -0.017260 	 -0.003571
  336 	 -0.250000 	 -0.017261 	 -0.003584
  337 	 -0.250000 	 -0.017276 	 -0.003636
  338 	 -0.250000 	 -0.017266 	 -0.003597
  339 	 -0.250000 	 -0.017260 	 -0.003571
  340 	 -0.250000 	 -0.017260 	 -0.003571
  341 	 -0.250000 	 -0.017193 	 -0.003509
  342 	 -0.250000 	 -0.017260 	 -0.003571
  343 	 -0.250000 	 -0.017253 	 -0.003534
  344 	 -0.250000 	 -0.017253 	 -0.003521
  345 	 -0.250000 	 -0.017283 	 -0.003571
  346 	 -0.250000 	 -0.017264 	 -0.003584
  347 	 -0.250000 	 -0.017236 	 -0.003534
  348 	 -0.250000 	 -0.017027 	 -0.003597
  349 	 -0.250000 	 -0.017460 	 -0.003610
  350 	 -0.250000 	 -0.017253 	 -0.003559
  351 	 -0.250000 	 -0.016986 	 -0.003521
  352 	 -0.250000 	 -0.017254 	 -0.003546
  353 	 -0.250000 	 -0.017244 	 -0.003521
  354 	 -0.250000 	 -0.017133 	 -0.003546
  355 	 -0.250000 	 -0.017256 	 -0.003546
  356 	 -0.250000 	 -0.017260 	 -0.003571
  357 	 -0.250000 	 -0.017273 	 -0.003597
  358 	 -0.250000 	 -0.017189 	 -0.003559
  359 	 -0.500000 	 -0.022186 	 -0.003597
  360 	 -0.250000 	 -0.023177 	 -0.005495
  361 	 -0.250000 	 -0.019534 	 -0.004132
  362 	 -0.250000 	 -0.017260 	 -0.003571
  363 	 -0.250000 	 0.125575 	 10.000000
  364 	 -0.500000 	 9.100000 	 10.000000
  365 	 1.000000 	 7.557143 	 10.000000
  366 	 0.500000 	 6.142857 	 10.000000
  367 	 0.200000 	 7.061429 	 10.000000
  368 	 -0.250000 	 8.682143 	 10.000000
  369 	 1.000000 	 4.471429 	 10.000000
  370 	 0.333333 	 3.492857 	 10.000000
  371 	 0.500000 	 9.592857 	 10.000000
  372 	 -1.000000 	 3.485714 	 10.000000
  373 	 0.200000 	 3.294286 	 10.000000
  374 	 0.200000 	 1.548571 	 10.000000
  375 	 -0.250000 	 0.218929 	 10.000000
  376 	 -1.000000 	 5.285714 	 10.000000
  377 	 -0.333333 	 3.247619 	 10.000000
  378 	 -0.333333 	 0.742857 	 10.000000
  379 	 -0.500000 	 3.421429 	 10.000000
  380 	 0.333333 	 7.376190 	 10.000000
  381 	 -1.000000 	 4.578571 	 10.000000
  382 	 -0.333333 	 2.367857 	 10.000000
  383 	 10.000000 	 10.000000 	 10.000000
  384 	 0.333333 	 8.757143 	 10.000000
  385 	 10.000000 	 10.000000 	 10.000000
  386 	 -1.000000 	 0.397143 	 10.000000
  387 	 -1.000000 	 6.700000 	 10.000000
  388 	 -0.250000 	 4.728571 	 10.000000
  389 	 1.000000 	 2.157143 	 10.000000
  390 	 10.000000 	 10.000000 	 10.000000
  391 	 -0.250000 	 7.660000 	 10.000000
  392 	 -0.500000 	 1.300000 	 10.000000
  393 	 -0.500000 	 0.921429 	 10.000000
  394 	 0.500000 	 2.435714 	 10.000000
  395 	 -1.000000 	 7.485714 	 10.000000
  396 	 -0.250000 	 2.092857 	 10.000000
  397 	 -0.250000 	 8.242857 	 10.000000
  398 	 0.125000 	 0.938929 	 10.000000
  399 	 0.166667 	 3.744286 	 10.000000
 