   0 	 -0.500000 	 0.106552 	 10.000000
    1 	 -0.062500 	 -0.004624 	 -0.001117
    2 	 -0.062500 	 -0.004693 	 -0.001131
    3 	 -0.062500 	 -0.004318 	 -0.000895
    4 	 -0.062500 	 -0.004321 	 -0.000896
    5 	 -0.062500 	 -0.004414 	 -0.000906
    6 	 -0.062500 	 -0.004294 	 -0.000892
    7 	 -0.062500 	 -0.004331 	 -0.000895
    8 	 -0.062500 	 -0.004315 	 -0.000893
    9 	 -0.062500 	 -0.004317 	 -0.000898
   10 	 -0.062500 	 -0.004315 	 -0.000893
   11 	 -0.062500 	 -0.004315 	 -0.000893
   12 	 -0.062500 	 -0.004320 	 -0.000895
   13 	 -0.062500 	 -0.004315 	 -0.000893
   14 	 -0.062500 	 -0.004317 	 -0.000894
   15 	 -0.062500 	 -0.004319 	 -0.000902
   16 	 -0.062500 	 -0.004326 	 -0.000896
   17 	 -0.062500 	 -0.004311 	 -0.000892
   18 	 -0.076923 	 -0.004654 	 -0.000898
   19 	 -0.076923 	 -0.005175 	 -0.001049
   20 	 -0.076923 	 -0.005311 	 -0.001099
   21 	 -0.076923 	 -0.005311 	 -0.001099
   22 	 -0.076923 	 -0.005311 	 -0.001100
   23 	 -0.076923 	 -0.005312 	 -0.001104
   24 	 -0.076923 	 -0.005311 	 -0.001099
   25 	 -0.076923 	 -0.005333 	 -0.001104
   26 	 -0.076923 	 -0.005311 	 -0.001103
   27 	 -0.076923 	 -0.005339 	 -0.001104
   28 	 -0.076923 	 -0.005312 	 -0.001100
   29 	 -0.076923 	 -0.005311 	 -0.001105
   30 	 -0.076923 	 -0.005324 	 -0.001107
   31 	 -0.076923 	 -0.005312 	 -0.001104
   32 	 -0.076923 	 -0.005312 	 -0.001100
   33 	 -0.076923 	 -0.005382 	 -0.001104
   34 	 -0.076923 	 -0.005311 	 -0.001099
   35 	 -0.111111 	 -0.006041 	 -0.001104
   36 	 -0.076923 	 -0.006176 	 -0.001429
   37 	 -0.076923 	 -0.005711 	 -0.001192
   38 	 -0.076923 	 -0.005453 	 -0.001203
   39 	 -0.076923 	 -0.005297 	 -0.001098
   40 	 -0.076923 	 -0.005311 	 -0.001099
   41 	 -0.076923 	 -0.005311 	 -0.001099
   42 	 -0.076923 	 -0.005296 	 -0.001101
   43 	 -0.076923 	 -0.005323 	 -0.001104
   44 	 -0.076923 	 -0.005308 	 -0.001109
   45 	 -0.076923 	 -0.005308 	 -0.001098
   46 	 -0.076923 	 -0.005332 	 -0.001103
   47 	 -0.076923 	 -0.005311 	 -0.001104
   48 	 -0.111111 	 -0.006273 	 -0.001182
   49 	 -0.111111 	 -0.007671 	 -0.001587
   50 	 -0.111111 	 -0.007703 	 -0.001580
   51 	 -0.111111 	 -0.007698 	 -0.001597
   52 	 -0.111111 	 -0.007670 	 -0.001580
   53 	 -0.111111 	 -0.007672 	 -0.001590
   54 	 -0.100000 	 -0.007405 	 -0.001585
   55 	 -0.100000 	 -0.006966 	 -0.001456
   56 	 -0.100000 	 -0.006903 	 -0.001427
   57 	 -0.100000 	 -0.006917 	 -0.001445
   58 	 -0.100000 	 -0.006907 	 -0.001435
   59 	 -0.100000 	 -0.006904 	 -0.001429
   60 	 -0.100000 	 -0.006937 	 -0.001456
   61 	 -0.100000 	 -0.007049 	 -0.001441
   62 	 -0.100000 	 -0.006939 	 -0.001435
   63 	 -0.100000 	 -0.006911 	 -0.001429
   64 	 -0.071429 	 -0.005807 	 -0.001295
   65 	 -0.071429 	 -0.005037 	 -0.001067
   66 	 -0.071429 	 -0.004931 	 -0.001020
   67 	 -0.071429 	 -0.004939 	 -0.001024
   68 	 -0.071429 	 -0.004931 	 -0.001019
   69 	 -0.071429 	 -0.004931 	 -0.001020
   70 	 -0.071429 	 -0.004914 	 -0.001021
   71 	 -0.071429 	 -0.004941 	 -0.001025
   72 	 -0.076923 	 -0.005052 	 -0.001020
   73 	 -0.076923 	 -0.005196 	 -0.001070
   74 	 -0.076923 	 -0.005312 	 -0.001104
   75 	 -0.076923 	 -0.005313 	 -0.001106
   76 	 -0.076923 	 -0.005314 	 -0.001104
   77 	 -0.076923 	 -0.005311 	 -0.001104
   78 	 -0.076923 	 -0.005311 	 -0.001100
   79 	 -0.076923 	 -0.005310 	 -0.001096
   80 	 -0.076923 	 -0.005313 	 -0.001098
   81 	 -0.076923 	 -0.005311 	 -0.001100
   82 	 -0.076923 	 -0.005309 	 -0.001098
   83 	 -0.076923 	 -0.005311 	 -0.001099
   84 	 -0.076923 	 -0.005311 	 -0.001099
   85 	 -0.076923 	 -0.005311 	 -0.001099
   86 	 -0.076923 	 -0.005171 	 -0.001100
   87 	 -0.076923 	 -0.005311 	 -0.001099
   88 	 -0.076923 	 -0.005290 	 -0.001100
   89 	 -0.076923 	 -0.005311 	 -0.001099
   90 	 -0.076923 	 -0.005311 	 -0.001099
   91 	 -0.076923 	 -0.005312 	 -0.001104
   92 	 -0.076923 	 -0.005311 	 -0.001099
   93 	 -0.076923 	 -0.005315 	 -0.001103
   94 	 -0.076923 	 -0.005321 	 -0.001109
   95 	 -0.076923 	 -0.005324 	 -0.001104
   96 	 -0.076923 	 -0.005313 	 -0.001100
   97 	 -0.076923 	 -0.005310 	 -0.001095
   98 	 -0.076923 	 -0.005313 	 -0.001104
   99 	 -0.076923 	 -0.005312 	 -0.001104
  100 	 -0.076923 	 -0.005309 	 -0.001100
  101 	 -0.076923 	 -0.005311 	 -0.001098
  102 	 -0.076923 	 -0.005309 	 -0.001096
  103 	 -0.076923 	 -0.005314 	 -0.001100
  104 	 -0.076923 	 -0.005313 	 -0.001101
  105 	 -0.076923 	 -0.005313 	 -0.001104
  106 	 -0.076923 	 -0.005311 	 -0.001099
  107 	 -0.076923 	 -0.005311 	 -0.001099
  108 	 -0.076923 	 -0.005311 	 -0.001099
  109 	 -0.076923 	 -0.005311 	 -0.001104
  110 	 -0.111111 	 -0.006238 	 -0.001199
  111 	 -0.076923 	 -0.006490 	 -0.001427
  112 	 -0.076923 	 -0.005403 	 -0.001145
  113 	 -0.076923 	 -0.005307 	 -0.001099
  114 	 -0.076923 	 -0.005311 	 -0.001099
  115 	 -0.076923 	 -0.005311 	 -0.001098
  116 	 -0.076923 	 -0.005310 	 -0.001098
  117 	 -0.076923 	 -0.005329 	 -0.001103
  118 	 -0.076923 	 -0.005241 	 -0.001094
  119 	 -0.076923 	 -0.005311 	 -0.001099
  120 	 -0.076923 	 -0.005311 	 -0.001098
  121 	 -0.066667 	 -0.005063 	 -0.001096
  122 	 -0.076923 	 -0.004911 	 -0.000981
  123 	 -0.076923 	 -0.005312 	 -0.001103
  124 	 -0.076923 	 -0.005313 	 -0.001103
  125 	 -0.076923 	 -0.005310 	 -0.001101
  126 	 -0.076923 	 -0.005311 	 -0.001099
  127 	 -0.076923 	 -0.005311 	 -0.001099
  128 	 -0.076923 	 -0.005330 	 -0.001104
  129 	 -0.076923 	 -0.005283 	 -0.001096
  130 	 -0.076923 	 -0.005300 	 -0.001095
  131 	 -0.076923 	 -0.005308 	 -0.001100
  132 	 -0.076923 	 -0.005299 	 -0.001098
  133 	 -0.076923 	 -0.005308 	 -0.001095
  134 	 -0.076923 	 -0.005311 	 -0.001099
  135 	 -0.076923 	 -0.005311 	 -0.001099
  136 	 -0.083333 	 -0.005465 	 -0.001107
  137 	 -0.083333 	 -0.005717 	 -0.001174
  138 	 -0.083333 	 -0.005754 	 -0.001193
  139 	 -0.083333 	 -0.005761 	 -0.001195
  140 	 -0.083333 	 -0.005754 	 -0.001192
  141 	 -0.083333 	 -0.005753 	 -0.001190
  142 	 -0.083333 	 -0.005755 	 -0.001196
  143 	 -0.083333 	 -0.005719 	 -0.001185
  144 	 -0.083333 	 -0.005777 	 -0.001206
  145 	 -0.083333 	 -0.005751 	 -0.001189
  146 	 -0.083333 	 -0.005753 	 -0.001190
  147 	 -0.083333 	 -0.005751 	 -0.001189
  148 	 -0.083333 	 -0.005753 	 -0.001190
  149 	 -0.083333 	 -0.005753 	 -0.001189
  150 	 -0.083333 	 -0.005747 	 -0.001195
  151 	 -0.083333 	 -0.005753 	 -0.001189
  152 	 -0.083333 	 -0.005756 	 -0.001193
  153 	 -0.083333 	 -0.005751 	 -0.001188
  154 	 -0.083333 	 -0.005753 	 -0.001190
  155 	 -0.083333 	 -0.005742 	 -0.001189
  156 	 -0.083333 	 -0.005758 	 -0.001196
  157 	 -0.083333 	 -0.005754 	 -0.001196
  158 	 -0.083333 	 -0.005753 	 -0.001190
  159 	 -0.083333 	 -0.005753 	 -0.001190
  160 	 -0.083333 	 -0.005751 	 -0.001189
  161 	 -0.083333 	 -0.005753 	 -0.001190
  162 	 -0.125000 	 -0.006598 	 -0.001192
  163 	 -0.083333 	 -0.006935 	 -0.001531
  164 	 -0.083333 	 -0.005794 	 -0.001221
  165 	 -0.083333 	 -0.005765 	 -0.001196
  166 	 -0.083333 	 -0.005755 	 -0.001196
  167 	 -0.083333 	 -0.005757 	 -0.001203
  168 	 -0.083333 	 -0.005810 	 -0.001221
  169 	 -0.083333 	 -0.005753 	 -0.001190
  170 	 -0.083333 	 -0.005753 	 -0.001190
  171 	 -0.083333 	 -0.005763 	 -0.001196
  172 	 -0.083333 	 -0.005781 	 -0.001195
  173 	 -0.083333 	 -0.005747 	 -0.001189
  174 	 -0.083333 	 -0.005753 	 -0.001189
  175 	 -0.083333 	 -0.005786 	 -0.001198
  176 	 -0.083333 	 -0.005747 	 -0.001189
  177 	 -0.083333 	 -0.005754 	 -0.001190
  178 	 -0.083333 	 -0.005794 	 -0.001193
  179 	 -0.083333 	 -0.005758 	 -0.001193
  180 	 -0.083333 	 -0.005852 	 -0.001202
  181 	 -0.083333 	 -0.005752 	 -0.001189
  182 	 -0.083333 	 -0.005762 	 -0.001193
  183 	 -0.083333 	 -0.005753 	 -0.001190
  184 	 -0.083333 	 -0.005753 	 -0.001190
  185 	 -0.083333 	 -0.005715 	 -0.001185
  186 	 -0.083333 	 -0.005752 	 -0.001189
  187 	 -0.083333 	 -0.005753 	 -0.001190
  188 	 -0.083333 	 -0.005757 	 -0.001192
  189 	 -0.083333 	 -0.005753 	 -0.001190
  190 	 -0.083333 	 -0.005753 	 -0.001189
  191 	 -0.083333 	 -0.005866 	 -0.001196
  192 	 -0.083333 	 -0.005914 	 -0.001195
  193 	 -0.083333 	 -0.005756 	 -0.001192
  194 	 -0.083333 	 -0.005720 	 -0.001200
  195 	 -0.083333 	 -0.005753 	 -0.001190
  196 	 -0.083333 	 -0.005750 	 -0.001188
  197 	 -0.083333 	 -0.005873 	 -0.001195
  198 	 -0.083333 	 -0.005736 	 -0.001188
  199 	 -0.083333 	 -0.005754 	 -0.001195
  200 	 -0.083333 	 -0.005755 	 -0.001193
  201 	 -0.083333 	 -0.005775 	 -0.001195
  202 	 -0.083333 	 -0.005750 	 -0.001183
  203 	 -0.083333 	 -0.005753 	 -0.001190
  204 	 -0.083333 	 -0.005762 	 -0.001202
  205 	 -0.083333 	 -0.005747 	 -0.001181
  206 	 -0.083333 	 -0.005787 	 -0.001193
  207 	 -0.083333 	 -0.005746 	 -0.001188
  208 	 -0.083333 	 -0.005755 	 -0.001192
  209 	 -0.083333 	 -0.005753 	 -0.001190
  210 	 -0.083333 	 -0.005752 	 -0.001192
  211 	 -0.083333 	 -0.005753 	 -0.001190
  212 	 -0.083333 	 -0.005754 	 -0.001193
  213 	 -0.083333 	 -0.005838 	 -0.001198
  214 	 -0.083333 	 -0.005753 	 -0.001190
  215 	 -0.083333 	 -0.005725 	 -0.001188
  216 	 -0.083333 	 -0.005791 	 -0.001198
  217 	 -0.083333 	 -0.005753 	 -0.001190
  218 	 -0.125000 	 -0.006642 	 -0.001202
  219 	 -0.125000 	 -0.007935 	 -0.001580
  220 	 -0.125000 	 -0.008628 	 -0.001783
  221 	 -0.125000 	 -0.008629 	 -0.001783
  222 	 -0.125000 	 -0.008754 	 -0.001808
  223 	 -0.125000 	 -0.008624 	 -0.001770
  224 	 -0.125000 	 -0.008742 	 -0.001802
  225 	 -0.125000 	 -0.008633 	 -0.001786
  226 	 -0.125000 	 -0.008565 	 -0.001776
  227 	 -0.125000 	 -0.008623 	 -0.001805
  228 	 -0.125000 	 -0.008654 	 -0.001795
  229 	 -0.125000 	 -0.008630 	 -0.001786
  230 	 -0.125000 	 -0.008626 	 -0.001783
  231 	 -0.125000 	 -0.008630 	 -0.001786
  232 	 -0.125000 	 -0.008821 	 -0.001795
  233 	 -0.125000 	 -0.008632 	 -0.001789
  234 	 -0.125000 	 -0.008630 	 -0.001786
  235 	 -0.125000 	 -0.008498 	 -0.001795
  236 	 -0.125000 	 -0.008631 	 -0.001789
  237 	 -0.125000 	 -0.008503 	 -0.001773
  238 	 -0.125000 	 -0.008651 	 -0.001799
  239 	 -0.125000 	 -0.008617 	 -0.001779
  240 	 -0.125000 	 -0.008672 	 -0.001808
  241 	 -0.125000 	 -0.008628 	 -0.001779
  242 	 -0.125000 	 -0.008639 	 -0.001808
  243 	 -0.125000 	 -0.008633 	 -0.001795
  244 	 -0.125000 	 -0.008630 	 -0.001786
  245 	 -0.125000 	 -0.008626 	 -0.001773
  246 	 -0.125000 	 -0.008247 	 -0.001779
  247 	 -0.125000 	 -0.008630 	 -0.001786
  248 	 -0.125000 	 -0.008645 	 -0.001799
  249 	 -0.125000 	 -0.008630 	 -0.001786
  250 	 -0.125000 	 -0.008627 	 -0.001783
  251 	 -0.125000 	 -0.008630 	 -0.001786
  252 	 -0.125000 	 -0.008622 	 -0.001783
  253 	 -0.125000 	 -0.008253 	 -0.001783
  254 	 -0.125000 	 -0.008632 	 -0.001795
  255 	 -0.125000 	 -0.008562 	 -0.001786
  256 	 -0.125000 	 -0.008630 	 -0.001786
  257 	 -0.125000 	 -0.008630 	 -0.001786
  258 	 -0.125000 	 -0.008630 	 -0.001786
  259 	 -0.125000 	 -0.008630 	 -0.001786
  260 	 -0.125000 	 -0.008633 	 -0.001792
  261 	 -0.125000 	 -0.008629 	 -0.001795
  262 	 -0.125000 	 -0.008628 	 -0.001776
  263 	 -0.125000 	 -0.008680 	 -0.001799
  264 	 -0.125000 	 -0.008630 	 -0.001786
  265 	 -0.125000 	 -0.008623 	 -0.001776
  266 	 -0.125000 	 -0.008371 	 -0.001773
  267 	 -0.125000 	 -0.008630 	 -0.001786
  268 	 -0.125000 	 -0.008628 	 -0.001792
  269 	 -0.125000 	 -0.008650 	 -0.001786
  270 	 -0.125000 	 -0.008632 	 -0.001792
  271 	 -0.125000 	 -0.008630 	 -0.001786
  272 	 -0.125000 	 -0.008545 	 -0.001779
  273 	 -0.125000 	 -0.008636 	 -0.001792
  274 	 -0.125000 	 -0.008629 	 -0.001779
  275 	 -0.125000 	 -0.008630 	 -0.001786
  276 	 -0.125000 	 -0.008630 	 -0.001786
  277 	 -0.125000 	 -0.008626 	 -0.001783
  278 	 -0.125000 	 -0.008827 	 -0.001799
  279 	 -0.125000 	 -0.008648 	 -0.001792
  280 	 -0.125000 	 -0.008657 	 -0.001795
  281 	 -0.125000 	 -0.008623 	 -0.001783
  282 	 -0.125000 	 -0.008648 	 -0.001799
  283 	 -0.125000 	 -0.008630 	 -0.001786
  284 	 -0.125000 	 -0.008630 	 -0.001786
  285 	 -0.125000 	 -0.009307 	 -0.001799
  286 	 -0.125000 	 -0.008622 	 -0.001783
  287 	 -0.125000 	 -0.008693 	 -0.001808
  288 	 -0.125000 	 -0.008630 	 -0.001786
  289 	 -0.125000 	 -0.008629 	 -0.001783
  290 	 -0.125000 	 -0.008629 	 -0.001795
  291 	 -0.125000 	 -0.008630 	 -0.001786
  292 	 -0.125000 	 -0.008657 	 -0.001799
  293 	 -0.125000 	 -0.008696 	 -0.001795
  294 	 -0.125000 	 -0.008630 	 -0.001786
  295 	 -0.090909 	 -0.007765 	 -0.001776
  296 	 -0.090909 	 -0.006326 	 -0.001335
  297 	 -0.090909 	 -0.006320 	 -0.001305
  298 	 -0.090909 	 -0.006276 	 -0.001299
  299 	 -0.090909 	 -0.006272 	 -0.001294
  300 	 -0.090909 	 -0.006281 	 -0.001309
  301 	 -0.090909 	 -0.006269 	 -0.001297
  302 	 -0.090909 	 -0.006281 	 -0.001305
  303 	 -0.090909 	 -0.006276 	 -0.001299
  304 	 -0.090909 	 -0.006444 	 -0.001305
  305 	 -0.090909 	 -0.006308 	 -0.001305
  306 	 -0.090909 	 -0.006276 	 -0.001299
  307 	 -0.090909 	 -0.006253 	 -0.001292
  308 	 -0.090909 	 -0.006275 	 -0.001300
  309 	 -0.090909 	 -0.006277 	 -0.001304
  310 	 -0.090909 	 -0.006276 	 -0.001299
  311 	 -0.090909 	 -0.006278 	 -0.001305
  312 	 -0.090909 	 -0.006276 	 -0.001299
  313 	 -0.090909 	 -0.006289 	 -0.001307
  314 	 -0.090909 	 -0.006278 	 -0.001304
  315 	 -0.090909 	 -0.006291 	 -0.001305
  316 	 -0.090909 	 -0.006283 	 -0.001300
  317 	 -0.090909 	 -0.006279 	 -0.001304
  318 	 -0.090909 	 -0.006276 	 -0.001299
  319 	 -0.090909 	 -0.006276 	 -0.001299
  320 	 -0.090909 	 -0.006267 	 -0.001302
  321 	 -0.090909 	 -0.006278 	 -0.001300
  322 	 -0.090909 	 -0.006292 	 -0.001302
  323 	 -0.090909 	 -0.006298 	 -0.001311
  324 	 -0.090909 	 -0.006285 	 -0.001309
  325 	 -0.090909 	 -0.006276 	 -0.001299
  326 	 -0.090909 	 -0.006297 	 -0.001300
  327 	 -0.090909 	 -0.006308 	 -0.001305
  328 	 -0.090909 	 -0.006283 	 -0.001305
  329 	 -0.090909 	 -0.006273 	 -0.001289
  330 	 -0.090909 	 -0.006261 	 -0.001307
  331 	 -0.090909 	 -0.006282 	 -0.001302
  332 	 -0.090909 	 -0.006275 	 -0.001297
  333 	 -0.090909 	 -0.006276 	 -0.001297
  334 	 -0.090909 	 -0.006276 	 -0.001299
  335 	 -0.090909 	 -0.006277 	 -0.001300
  336 	 -0.090909 	 -0.006278 	 -0.001304
  337 	 -0.090909 	 -0.006282 	 -0.001311
  338 	 -0.090909 	 -0.006522 	 -0.001304
  339 	 -0.090909 	 -0.006286 	 -0.001305
  340 	 -0.090909 	 -0.006276 	 -0.001299
  341 	 -0.090909 	 -0.006204 	 -0.001297
  342 	 -0.090909 	 -0.006276 	 -0.001299
  343 	 -0.090909 	 -0.006277 	 -0.001299
  344 	 -0.090909 	 -0.006278 	 -0.001309
  345 	 -0.090909 	 -0.006322 	 -0.001302
  346 	 -0.090909 	 -0.006320 	 -0.001312
  347 	 -0.090909 	 -0.006283 	 -0.001304
  348 	 -0.090909 	 -0.006289 	 -0.001304
  349 	 -0.090909 	 -0.006276 	 -0.001299
  350 	 -0.090909 	 -0.006301 	 -0.001305
  351 	 -0.090909 	 -0.006275 	 -0.001295
  352 	 -0.090909 	 -0.006276 	 -0.001299
  353 	 -0.090909 	 -0.006291 	 -0.001307
  354 	 -0.090909 	 -0.006277 	 -0.001302
  355 	 -0.090909 	 -0.006274 	 -0.001297
  356 	 -0.090909 	 -0.006289 	 -0.001302
  357 	 -0.090909 	 -0.006275 	 -0.001297
  358 	 -0.090909 	 -0.006266 	 -0.001289
  359 	 -0.090909 	 -0.006276 	 -0.001297
  360 	 -0.090909 	 -0.006331 	 -0.001309
  361 	 -0.090909 	 -0.006276 	 -0.001297
  362 	 -0.090909 	 -0.006276 	 -0.001295
  363 	 -0.090909 	 -0.006280 	 -0.001300
  364 	 -0.090909 	 -0.006320 	 -0.001314
  365 	 -0.090909 	 -0.006298 	 -0.001302
  366 	 -0.090909 	 -0.006276 	 -0.001299
  367 	 -0.090909 	 -0.006280 	 -0.001305
  368 	 -0.142857 	 -0.007356 	 -0.001304
  369 	 -0.090909 	 -0.007478 	 -0.001727
  370 	 -0.090909 	 -0.006278 	 -0.001304
  371 	 -0.090909 	 -0.006277 	 -0.001305
  372 	 -0.090909 	 -0.006363 	 -0.001389
  373 	 -0.090909 	 -0.006337 	 -0.001295
  374 	 -0.090909 	 -0.006295 	 -0.001307
  375 	 -0.090909 	 -0.006276 	 -0.001299
  376 	 -0.090909 	 -0.006278 	 -0.001302
  377 	 -0.090909 	 -0.006292 	 -0.001304
  378 	 -0.090909 	 -0.006279 	 -0.001300
  379 	 -0.090909 	 -0.006276 	 -0.001299
  380 	 -0.090909 	 -0.006276 	 -0.001299
  381 	 -0.090909 	 -0.006276 	 -0.001295
  382 	 -0.090909 	 -0.006314 	 -0.001309
  383 	 -0.090909 	 -0.006297 	 -0.001305
  384 	 -0.090909 	 -0.006276 	 -0.001299
  385 	 -0.090909 	 -0.006276 	 -0.001299
  386 	 -0.090909 	 -0.006309 	 -0.001299
  387 	 -0.090909 	 -0.006436 	 -0.001305
  388 	 -0.090909 	 -0.006288 	 -0.001300
  389 	 -0.090909 	 -0.006301 	 -0.001307
  390 	 -0.090909 	 -0.006284 	 -0.001300
  391 	 -0.090909 	 -0.006275 	 -0.001299
  392 	 -0.125000 	 -0.007012 	 -0.001307
  393 	 -0.125000 	 -0.007939 	 -0.001629
  394 	 -0.125000 	 -0.008614 	 -0.001773
  395 	 -0.125000 	 -0.008661 	 -0.001812
  396 	 -0.125000 	 -0.008630 	 -0.001786
  397 	 -0.125000 	 -0.008633 	 -0.001792
  398 	 -0.125000 	 -0.008630 	 -0.001786
  399 	 -0.125000 	 -0.008626 	 -0.001779
 