   0 	 0.014468 	 0.091936 	 1.953125
    1 	 0.018889 	 0.770725 	 9.765615
    2 	 0.042565 	 2.699750 	 8.304415
    3 	 0.034499 	 3.107698 	 25.702399
    4 	 0.112789 	 0.884593 	 6.898221
    5 	 0.038752 	 0.838488 	 4.178876
    6 	 0.144965 	 2.046955 	 8.794099
    7 	 0.228119 	 2.383385 	 23.582094
    8 	 0.111125 	 0.858829 	 6.898221
    9 	 0.042222 	 0.855052 	 4.383677
   10 	 0.106742 	 1.831765 	 8.998899
   11 	 0.228119 	 1.887254 	 6.914586
   12 	 0.108652 	 0.942374 	 9.368414
   13 	 0.144622 	 0.904830 	 4.383677
   14 	 0.106742 	 1.911005 	 9.203699
   15 	 0.228119 	 1.846514 	 6.914586
   16 	 0.108652 	 1.012636 	 9.368414
   17 	 0.142511 	 0.901019 	 4.383677
   18 	 0.106742 	 1.877031 	 8.256068
   19 	 0.037075 	 1.747738 	 7.016986
   20 	 0.115398 	 1.119531 	 9.368414
   21 	 0.142511 	 1.667983 	 26.972120
   22 	 0.106742 	 1.841824 	 8.665668
   23 	 0.037075 	 1.771755 	 7.016986
   24 	 0.115398 	 1.122091 	 9.368414
   25 	 0.142511 	 1.669263 	 26.972120
   26 	 0.106742 	 1.841824 	 8.665668
   27 	 0.037075 	 1.771755 	 7.016986
   28 	 0.115398 	 1.121937 	 9.368414
   29 	 0.142511 	 1.669263 	 26.972120
   30 	 0.062806 	 1.832311 	 8.665668
   31 	 0.037075 	 1.771755 	 7.016986
   32 	 0.115398 	 1.224337 	 15.922014
   33 	 0.142511 	 1.330128 	 26.972120
   34 	 0.062806 	 1.799489 	 8.665668
   35 	 0.037075 	 1.819946 	 7.016986
   36 	 0.115398 	 1.228375 	 15.922014
   37 	 0.142511 	 1.373254 	 26.972120
   38 	 0.036944 	 1.826245 	 8.665668
   39 	 0.037075 	 1.823834 	 7.016986
   40 	 0.096169 	 1.540471 	 27.068331
   41 	 0.142511 	 1.374847 	 26.972120
   42 	 0.036944 	 1.928918 	 10.398412
   43 	 0.037075 	 1.798535 	 7.016986
   44 	 0.096169 	 1.540139 	 27.068331
   45 	 0.142511 	 1.399864 	 26.972120
   46 	 0.036944 	 1.980118 	 10.398412
   47 	 0.037075 	 1.786647 	 7.016986
   48 	 0.096169 	 1.540139 	 27.068331
   49 	 0.142511 	 1.375651 	 26.972120
   50 	 0.036944 	 1.836022 	 10.304067
   51 	 0.037075 	 1.887915 	 7.016986
   52 	 0.097049 	 1.567019 	 27.068331
   53 	 0.034276 	 1.372764 	 26.972120
   54 	 0.036944 	 1.800273 	 10.304067
   55 	 0.037075 	 2.198250 	 29.174528
   56 	 0.036084 	 1.557846 	 27.068331
   57 	 0.032833 	 1.380468 	 26.972120
   58 	 0.036944 	 2.230353 	 27.713458
   59 	 0.037075 	 2.510769 	 30.456873
   60 	 0.036084 	 1.553760 	 27.068331
   61 	 0.032833 	 1.419943 	 26.972120
   62 	 0.036944 	 2.200314 	 27.713458
   63 	 0.037075 	 2.512138 	 30.456873
   64 	 0.036084 	 1.559539 	 27.068331
   65 	 0.032833 	 1.425063 	 26.972120
   66 	 0.036944 	 2.525948 	 27.713458
   67 	 0.037075 	 2.457274 	 30.456873
   68 	 0.036084 	 1.541164 	 27.068331
   69 	 0.032833 	 1.748076 	 26.972120
   70 	 0.036235 	 2.631285 	 27.713458
   71 	 0.035412 	 2.534742 	 30.456873
   72 	 0.036084 	 1.868768 	 27.597843
   73 	 0.032833 	 2.074776 	 28.238708
   74 	 0.036235 	 2.630444 	 27.713458
   75 	 0.035412 	 2.554566 	 30.456873
   76 	 0.036084 	 1.868721 	 27.597843
   77 	 0.029665 	 2.062201 	 28.238708
   78 	 0.036235 	 2.635564 	 27.713458
   79 	 0.035412 	 2.961151 	 33.710264
   80 	 0.036084 	 1.827175 	 27.597843
   81 	 0.029665 	 2.035931 	 28.238708
   82 	 0.036235 	 2.687520 	 27.713458
   83 	 0.035412 	 2.915599 	 33.710264
   84 	 0.036084 	 1.966265 	 27.597843
   85 	 0.029665 	 2.030833 	 28.238708
   86 	 0.036235 	 3.036960 	 27.713458
   87 	 0.035412 	 3.599119 	 33.710264
   88 	 0.032926 	 1.960851 	 27.597843
   89 	 0.029665 	 1.992385 	 28.238708
   90 	 0.036235 	 3.326742 	 30.371083
   91 	 0.035412 	 3.952399 	 33.710264
   92 	 0.032926 	 2.001811 	 27.597843
   93 	 0.029665 	 1.992274 	 28.238708
   94 	 0.036235 	 3.326742 	 30.371083
   95 	 0.035412 	 3.949747 	 33.710264
   96 	 0.032926 	 1.989579 	 27.597843
   97 	 0.029665 	 1.999035 	 28.238708
   98 	 0.036235 	 3.348501 	 30.371083
   99 	 0.035412 	 3.988890 	 33.710264
  100 	 0.032926 	 1.981199 	 27.597843
  101 	 0.029665 	 2.010470 	 28.238708
  102 	 0.036235 	 3.265169 	 30.371083
  103 	 0.035412 	 3.908427 	 33.710264
  104 	 0.032926 	 2.334097 	 27.597843
  105 	 0.029665 	 2.037350 	 28.238708
  106 	 0.036235 	 3.233104 	 30.371083
  107 	 0.035412 	 3.908427 	 33.710264
  108 	 0.032926 	 2.666897 	 27.597843
  109 	 0.029665 	 2.037350 	 28.238708
  110 	 0.036235 	 3.214028 	 30.371083
  111 	 0.035412 	 3.874920 	 33.710264
  112 	 0.032926 	 2.748817 	 27.597843
  113 	 0.029665 	 2.086391 	 28.238708
  114 	 0.036235 	 3.214028 	 30.371083
  115 	 0.035412 	 4.522184 	 33.710264
  116 	 0.032926 	 2.748817 	 27.597843
  117 	 0.029665 	 2.159636 	 28.238708
  118 	 0.036235 	 3.174227 	 30.371083
  119 	 0.035412 	 4.609124 	 33.710264
  120 	 0.032926 	 2.421319 	 27.597843
  121 	 0.029665 	 2.164527 	 28.238708
  122 	 0.036235 	 3.218767 	 30.371083
  123 	 0.035412 	 4.157821 	 33.710264
  124 	 0.032926 	 2.336400 	 27.597843
  125 	 0.029665 	 2.264099 	 28.238708
  126 	 0.036235 	 3.227375 	 30.371083
  127 	 0.035412 	 4.473334 	 33.710264
  128 	 0.032926 	 2.502800 	 27.597843
  129 	 0.029665 	 2.269875 	 28.238708
  130 	 0.036235 	 3.217347 	 30.371083
  131 	 0.035412 	 4.470487 	 33.710264
  132 	 0.032926 	 2.506297 	 27.597843
  133 	 0.029665 	 2.433503 	 28.238708
  134 	 0.034882 	 3.217481 	 30.371083
  135 	 0.035412 	 4.139354 	 33.710264
  136 	 0.032926 	 2.711348 	 28.667718
  137 	 0.029665 	 2.432851 	 28.238708
  138 	 0.034882 	 3.883081 	 30.371083
  139 	 0.035412 	 4.535640 	 33.710264
  140 	 0.032926 	 2.711348 	 28.667718
  141 	 0.029665 	 2.751116 	 28.238708
  142 	 0.034882 	 3.879580 	 30.371083
  143 	 0.035412 	 4.522132 	 33.710264
  144 	 0.032926 	 2.731826 	 28.667718
  145 	 0.029665 	 3.144359 	 28.238708
  146 	 0.034882 	 3.872158 	 30.371083
  147 	 0.035412 	 4.851092 	 33.710264
  148 	 0.032926 	 2.713536 	 28.667718
  149 	 0.029665 	 3.144359 	 28.238708
  150 	 0.034882 	 4.197353 	 30.371083
  151 	 0.034747 	 4.828640 	 33.710264
  152 	 0.032926 	 2.712087 	 28.667718
  153 	 0.029665 	 3.267239 	 28.779483
  154 	 0.034882 	 4.280233 	 30.371083
  155 	 0.034747 	 4.828640 	 33.710264
  156 	 0.032926 	 2.717207 	 28.667718
  157 	 0.029665 	 3.267239 	 28.779483
  158 	 0.034882 	 4.280232 	 30.371083
  159 	 0.034747 	 4.828166 	 33.710264
  160 	 0.032926 	 2.718487 	 28.667718
  161 	 0.029665 	 3.354279 	 28.779483
  162 	 0.034882 	 4.261877 	 30.371083
  163 	 0.034747 	 4.814859 	 33.710264
  164 	 0.032926 	 2.737168 	 28.667718
  165 	 0.029665 	 3.359399 	 28.779483
  166 	 0.034882 	 4.268500 	 30.371083
  167 	 0.034747 	 4.814859 	 33.710264
  168 	 0.032926 	 2.739344 	 28.667718
  169 	 0.029665 	 3.337871 	 28.779483
  170 	 0.034882 	 3.951914 	 30.371083
  171 	 0.034747 	 4.781467 	 33.710264
  172 	 0.032926 	 2.757790 	 28.667718
  173 	 0.029665 	 3.436409 	 28.779483
  174 	 0.034882 	 4.282745 	 30.371083
  175 	 0.034747 	 4.810856 	 33.710264
  176 	 0.032926 	 2.807170 	 28.667718
  177 	 0.029665 	 3.437706 	 28.779483
  178 	 0.034882 	 4.292928 	 30.371083
  179 	 0.034747 	 4.786049 	 33.710264
  180 	 0.032926 	 2.810274 	 28.667718
  181 	 0.029665 	 3.623305 	 28.779483
  182 	 0.034882 	 4.294308 	 30.371083
  183 	 0.034747 	 4.786049 	 33.710264
  184 	 0.032926 	 2.814235 	 28.667718
  185 	 0.024836 	 3.599355 	 28.779483
  186 	 0.034882 	 4.227679 	 30.371083
  187 	 0.034747 	 4.911942 	 40.263864
  188 	 0.018595 	 2.905026 	 28.667718
  189 	 0.024836 	 3.921521 	 28.779483
  190 	 0.034882 	 4.553190 	 53.776688
  191 	 0.034747 	 5.013766 	 40.263864
  192 	 0.018595 	 2.914682 	 28.667718
  193 	 0.024836 	 4.131346 	 28.779483
  194 	 0.034882 	 4.224243 	 53.776688
  195 	 0.029947 	 5.013679 	 40.263864
  196 	 0.018595 	 3.186097 	 28.667718
  197 	 0.024836 	 4.169698 	 33.392588
  198 	 0.034882 	 4.225174 	 53.776688
  199 	 0.029947 	 5.343919 	 40.263864
  200 	 0.018595 	 3.187377 	 28.667718
  201 	 0.024836 	 4.169698 	 33.392588
  202 	 0.034882 	 4.225146 	 53.776688
  203 	 0.027718 	 5.313580 	 40.263864
  204 	 0.018595 	 3.205356 	 28.667718
  205 	 0.024836 	 4.817930 	 36.077630
  206 	 0.034882 	 4.226426 	 53.776688
  207 	 0.018923 	 4.958756 	 40.263864
  208 	 0.018595 	 3.205331 	 28.667718
  209 	 0.024836 	 5.186570 	 52.847037
  210 	 0.034882 	 4.245197 	 53.776688
  211 	 0.018923 	 4.947793 	 40.263864
  212 	 0.018595 	 3.200010 	 28.667718
  213 	 0.024836 	 5.514250 	 52.847037
  214 	 0.034882 	 3.920027 	 53.776688
  215 	 0.018923 	 4.946633 	 40.263864
  216 	 0.018595 	 3.363850 	 28.667718
  217 	 0.024836 	 5.093576 	 52.847037
  218 	 0.034882 	 3.884912 	 53.776688
  219 	 0.018923 	 5.340969 	 40.263864
  220 	 0.018595 	 3.465936 	 28.667718
  221 	 0.024836 	 5.173200 	 52.847037
  222 	 0.034882 	 4.214631 	 53.776688
  223 	 0.018923 	 5.667829 	 40.263864
  224 	 0.018595 	 3.547856 	 28.667718
  225 	 0.024836 	 4.836296 	 52.847037
  226 	 0.034882 	 4.152719 	 53.776688
  227 	 0.018923 	 5.939957 	 40.263864
  228 	 0.018595 	 3.650256 	 28.667718
  229 	 0.024836 	 4.858056 	 52.847037
  230 	 0.034882 	 4.147126 	 53.776688
  231 	 0.018923 	 5.936957 	 40.263864
  232 	 0.018595 	 3.645880 	 28.667718
  233 	 0.024836 	 4.868278 	 52.847037
  234 	 0.034882 	 4.474806 	 53.776688
  235 	 0.018923 	 5.859656 	 40.263864
  236 	 0.018595 	 3.645880 	 28.667718
  237 	 0.024836 	 4.909142 	 52.847037
  238 	 0.034758 	 4.474714 	 53.776688
  239 	 0.018923 	 5.864776 	 40.263864
  240 	 0.018595 	 3.391708 	 28.770118
  241 	 0.015043 	 4.428496 	 52.847037
  242 	 0.034758 	 4.803601 	 53.776688
  243 	 0.018923 	 6.302844 	 66.478262
  244 	 0.018560 	 3.392988 	 28.770118
  245 	 0.015043 	 4.326476 	 52.847037
  246 	 0.034758 	 4.804881 	 53.879088
  247 	 0.018923 	 6.630524 	 66.478262
  248 	 0.018560 	 3.296569 	 28.770118
  249 	 0.015043 	 4.305984 	 52.847037
  250 	 0.034758 	 5.482001 	 53.879088
  251 	 0.018923 	 6.541107 	 66.478262
  252 	 0.018560 	 3.287025 	 28.770118
  253 	 0.015043 	 4.467266 	 52.847037
  254 	 0.034758 	 5.585681 	 53.879088
  255 	 0.018923 	 6.890547 	 66.478262
  256 	 0.018560 	 3.287025 	 28.770118
  257 	 0.015043 	 4.436076 	 52.847037
  258 	 0.034758 	 5.585455 	 53.879088
  259 	 0.018923 	 6.978482 	 66.478262
  260 	 0.018560 	 3.368945 	 28.770118
  261 	 0.015043 	 4.424991 	 52.847037
  262 	 0.034758 	 5.581538 	 53.879088
  263 	 0.018923 	 6.996553 	 66.478262
  264 	 0.018560 	 3.450865 	 28.770118
  265 	 0.015043 	 4.445114 	 52.847037
  266 	 0.034758 	 5.453767 	 53.879088
  267 	 0.018923 	 7.001673 	 66.478262
  268 	 0.018560 	 3.551979 	 28.770118
  269 	 0.015043 	 4.443647 	 52.847037
  270 	 0.034758 	 5.441131 	 53.879088
  271 	 0.018923 	 7.006793 	 66.478262
  272 	 0.018560 	 3.572459 	 28.770118
  273 	 0.015043 	 3.790601 	 29.189083
  274 	 0.034758 	 5.441131 	 53.879088
  275 	 0.034259 	 6.704961 	 66.478262
  276 	 0.018560 	 3.531495 	 28.770118
  277 	 0.015043 	 3.715250 	 29.189083
  278 	 0.034758 	 5.211717 	 53.879088
  279 	 0.034259 	 5.984255 	 35.940363
  280 	 0.018560 	 3.533492 	 28.770118
  281 	 0.027824 	 3.717810 	 29.189083
  282 	 0.034758 	 5.232197 	 53.879088
  283 	 0.034259 	 5.974116 	 35.940363
  284 	 0.018560 	 3.525514 	 28.770118
  285 	 0.027824 	 3.755166 	 29.189083
  286 	 0.034758 	 5.319237 	 53.879088
  287 	 0.034259 	 6.262353 	 35.940363
  288 	 0.018560 	 3.474681 	 28.770118
  289 	 0.027824 	 3.838689 	 29.189083
  290 	 0.033881 	 5.021653 	 53.879088
  291 	 0.034259 	 6.275969 	 35.940363
  292 	 0.018560 	 3.448320 	 29.515212
  293 	 0.027824 	 3.796618 	 29.189083
  294 	 0.033881 	 5.181171 	 53.879088
  295 	 0.034259 	 6.553954 	 35.940363
  296 	 0.018560 	 3.779840 	 29.515212
  297 	 0.027824 	 3.876279 	 29.189083
  298 	 0.033881 	 5.175220 	 53.879088
  299 	 0.034259 	 6.458343 	 35.940363
  300 	 0.018560 	 3.863040 	 29.515212
  301 	 0.027824 	 4.225661 	 29.189083
  302 	 0.033881 	 4.774273 	 53.879088
  303 	 0.034259 	 6.463463 	 35.940363
  304 	 0.018560 	 4.518400 	 29.515212
  305 	 0.027824 	 4.225661 	 29.189083
  306 	 0.033881 	 4.761308 	 53.879088
  307 	 0.034259 	 6.463463 	 35.940363
  308 	 0.018560 	 4.846080 	 29.515212
  309 	 0.027824 	 4.190745 	 29.189083
  310 	 0.033881 	 4.761308 	 53.879088
  311 	 0.018987 	 6.648828 	 35.940363
  312 	 0.018560 	 4.832690 	 29.515212
  313 	 0.027824 	 4.469666 	 52.668701
  314 	 0.033881 	 4.065509 	 30.371083
  315 	 0.018987 	 6.982908 	 35.940363
  316 	 0.032926 	 5.490321 	 29.515212
  317 	 0.027198 	 4.469516 	 52.668701
  318 	 0.033881 	 4.075823 	 30.371083
  319 	 0.018987 	 7.146741 	 36.767951
  320 	 0.032926 	 5.172159 	 29.515212
  321 	 0.027198 	 4.458128 	 52.668701
  322 	 0.033881 	 4.178223 	 30.371083
  323 	 0.018987 	 7.551882 	 36.767951
  324 	 0.032926 	 5.146280 	 29.515212
  325 	 0.027198 	 4.483728 	 52.668701
  326 	 0.033881 	 4.505903 	 30.371083
  327 	 0.018987 	 7.114351 	 36.767951
  328 	 0.032926 	 4.455968 	 29.515212
  329 	 0.027198 	 4.565648 	 52.668701
  330 	 0.030213 	 4.915344 	 30.371083
  331 	 0.018987 	 7.105974 	 36.767951
  332 	 0.032926 	 4.704095 	 33.098397
  333 	 0.027198 	 4.570768 	 52.668701
  334 	 0.029952 	 4.871636 	 30.371083
  335 	 0.018987 	 7.105360 	 36.767951
  336 	 0.032926 	 4.795488 	 33.387243
  337 	 0.027198 	 4.575009 	 52.668701
  338 	 0.029952 	 4.849180 	 30.371083
  339 	 0.018987 	 6.766173 	 36.767951
  340 	 0.032926 	 4.874427 	 33.387243
  341 	 0.027198 	 4.566563 	 52.668701
  342 	 0.029952 	 4.854300 	 30.371083
  343 	 0.018987 	 7.095133 	 36.767951
  344 	 0.032926 	 4.627096 	 33.387243
  345 	 0.027198 	 4.282186 	 52.668701
  346 	 0.029952 	 4.861979 	 30.371083
  347 	 0.018987 	 7.097693 	 36.767951
  348 	 0.032926 	 4.567944 	 33.387243
  349 	 0.027198 	 4.277281 	 52.668701
  350 	 0.029952 	 5.176771 	 30.371083
  351 	 0.018987 	 7.098973 	 36.767951
  352 	 0.032926 	 4.588397 	 33.387243
  353 	 0.027198 	 4.277256 	 52.668701
  354 	 0.018974 	 5.133006 	 30.371083
  355 	 0.018987 	 7.113512 	 36.767951
  356 	 0.027469 	 5.041819 	 52.704848
  357 	 0.027198 	 4.217722 	 52.668701
  358 	 0.018974 	 5.504096 	 36.404490
  359 	 0.018987 	 7.523112 	 36.767951
  360 	 0.027469 	 4.790522 	 52.704848
  361 	 0.027198 	 3.964942 	 52.668701
  362 	 0.018974 	 5.318601 	 36.404490
  363 	 0.018987 	 7.157943 	 36.137728
  364 	 0.027469 	 4.528391 	 52.704848
  365 	 0.027672 	 3.808374 	 52.668701
  366 	 0.018974 	 5.659227 	 36.404490
  367 	 0.018987 	 6.803445 	 36.137728
  368 	 0.027469 	 4.858631 	 52.704848
  369 	 0.027672 	 4.130423 	 52.668701
  370 	 0.018974 	 5.659227 	 36.404490
  371 	 0.018987 	 6.829017 	 36.137728
  372 	 0.027469 	 4.858390 	 52.704848
  373 	 0.027672 	 4.135543 	 52.668701
  374 	 0.018974 	 5.645509 	 36.404490
  375 	 0.018987 	 6.478127 	 36.137728
  376 	 0.027469 	 4.854732 	 52.704848
  377 	 0.027672 	 4.457743 	 52.668701
  378 	 0.018974 	 5.665167 	 36.404490
  379 	 0.018987 	 6.316017 	 36.137728
  380 	 0.027469 	 4.927726 	 52.704848
  381 	 0.027672 	 4.478197 	 52.668701
  382 	 0.018974 	 5.737894 	 36.404490
  383 	 0.018987 	 6.332426 	 36.137728
  384 	 0.027469 	 4.881855 	 52.704848
  385 	 0.027672 	 4.455480 	 52.668701
  386 	 0.018974 	 5.758099 	 36.404490
  387 	 0.018987 	 6.665226 	 36.137728
  388 	 0.027469 	 4.902329 	 52.704848
  389 	 0.027672 	 4.440177 	 52.668701
  390 	 0.018974 	 5.763219 	 36.404490
  391 	 0.018987 	 6.685706 	 36.137728
  392 	 0.027469 	 4.902329 	 52.704848
  393 	 0.027672 	 4.440177 	 52.668701
  394 	 0.018974 	 5.757945 	 36.404490
  395 	 0.018987 	 6.685706 	 36.137728
  396 	 0.027469 	 4.903609 	 52.704848
  397 	 0.027672 	 4.110592 	 52.668701
  398 	 0.018974 	 5.757945 	 36.404490
  399 	 0.018987 	 7.095215 	 36.137728
  400 	 0.027469 	 4.841605 	 52.704848
  401 	 0.027672 	 4.192417 	 52.668701
  402 	 0.018974 	 5.759456 	 36.404490
  403 	 0.018987 	 6.605170 	 36.137728
  404 	 0.027469 	 4.826527 	 52.704848
  405 	 0.017987 	 4.256274 	 52.668701
  406 	 0.018974 	 5.816502 	 36.404490
  407 	 0.018987 	 7.343991 	 55.596039
  408 	 0.027469 	 4.934047 	 52.704848
  409 	 0.017987 	 4.281663 	 52.668701
  410 	 0.018974 	 5.814021 	 36.404490
  411 	 0.018987 	 7.665444 	 55.596039
  412 	 0.027469 	 4.935327 	 52.704848
  413 	 0.017987 	 4.609343 	 52.668701
  414 	 0.018974 	 5.805506 	 36.404490
  415 	 0.018987 	 7.225928 	 55.596039
  416 	 0.027469 	 5.333037 	 52.704848
  417 	 0.017987 	 4.694262 	 52.668701
  418 	 0.018827 	 6.153659 	 36.404490
  419 	 0.018987 	 7.155915 	 55.596039
  420 	 0.027469 	 5.337025 	 53.114448
  421 	 0.017987 	 4.711560 	 52.668701
  422 	 0.018827 	 6.236859 	 36.404490
  423 	 0.018987 	 7.239115 	 55.596039
  424 	 0.027469 	 5.337025 	 53.114448
  425 	 0.017987 	 4.709627 	 52.668701
  426 	 0.018827 	 6.236859 	 36.404490
  427 	 0.018987 	 7.244235 	 55.596039
  428 	 0.027469 	 5.336138 	 53.114448
  429 	 0.017987 	 4.468053 	 52.668701
  430 	 0.018827 	 6.400699 	 36.404490
  431 	 0.018987 	 7.881204 	 55.596039
  432 	 0.027469 	 4.751894 	 53.114448
  433 	 0.017987 	 4.405406 	 52.668701
  434 	 0.018827 	 6.406644 	 36.404490
  435 	 0.018987 	 7.795466 	 55.596039
  436 	 0.027469 	 4.742194 	 53.114448
  437 	 0.017987 	 4.520259 	 52.668701
  438 	 0.018827 	 6.424829 	 36.404490
  439 	 0.018840 	 7.717595 	 55.596039
  440 	 0.027469 	 4.742951 	 53.114448
  441 	 0.017987 	 4.547137 	 53.078301
  442 	 0.018827 	 6.393820 	 36.404490
  443 	 0.018840 	 7.704230 	 55.596039
  444 	 0.027469 	 5.069115 	 53.114448
  445 	 0.017987 	 4.510300 	 53.078301
  446 	 0.018827 	 6.721482 	 36.404490
  447 	 0.018840 	 7.706790 	 55.596039
  448 	 0.027082 	 5.070322 	 53.114448
  449 	 0.017987 	 4.510300 	 53.078301
  450 	 0.018827 	 6.450528 	 36.924682
  451 	 0.018840 	 7.613202 	 55.596039
  452 	 0.027082 	 5.478770 	 53.114448
  453 	 0.017987 	 4.613179 	 53.078301
  454 	 0.018827 	 6.672102 	 36.924682
  455 	 0.018840 	 6.571814 	 55.596039
  456 	 0.027082 	 5.560690 	 53.114448
  457 	 0.017987 	 4.660539 	 53.078301
  458 	 0.018827 	 6.652477 	 36.924682
  459 	 0.016770 	 6.258435 	 55.596039
  460 	 0.027082 	 5.638435 	 53.114448
  461 	 0.017987 	 5.076539 	 59.631900
  462 	 0.018827 	 6.678077 	 36.924682
  463 	 0.016770 	 6.256088 	 55.596039
  464 	 0.027082 	 5.557936 	 53.114448
  465 	 0.017987 	 5.097019 	 59.631900
  466 	 0.018827 	 6.759997 	 36.924682
  467 	 0.016770 	 6.256088 	 55.596039
  468 	 0.027082 	 5.551367 	 53.114448
  469 	 0.017987 	 5.092800 	 59.631900
  470 	 0.016893 	 7.082571 	 36.924682
  471 	 0.016770 	 6.491390 	 55.596039
  472 	 0.027082 	 6.206727 	 59.196423
  473 	 0.017987 	 4.806653 	 59.631900
  474 	 0.016893 	 6.723766 	 36.924682
  475 	 0.016770 	 6.496078 	 55.596039
  476 	 0.027082 	 6.202268 	 59.196423
  477 	 0.017987 	 4.806630 	 59.631900
  478 	 0.016893 	 6.811980 	 36.924682
  479 	 0.016770 	 6.786062 	 55.596039
  480 	 0.017773 	 6.110798 	 59.196423
  481 	 0.017987 	 4.823140 	 59.631900
  482 	 0.016893 	 7.123937 	 56.265659
  483 	 0.016770 	 6.790743 	 55.596039
  484 	 0.017773 	 6.773838 	 59.196423
  485 	 0.017987 	 4.804833 	 59.631900
  486 	 0.016893 	 7.123843 	 56.265659
  487 	 0.016770 	 6.812503 	 55.596039
  488 	 0.017773 	 6.778958 	 59.196423
  489 	 0.017987 	 4.804833 	 59.631900
  490 	 0.016893 	 7.123843 	 56.265659
  491 	 0.016770 	 6.378016 	 55.596039
  492 	 0.017773 	 6.778742 	 59.196423
  493 	 0.017987 	 4.966115 	 59.631900
  494 	 0.016893 	 7.451523 	 56.265659
  495 	 0.016770 	 6.366980 	 55.596039
  496 	 0.017773 	 6.778742 	 59.196423
  497 	 0.017987 	 4.412648 	 33.539223
  498 	 0.016893 	 7.440492 	 56.265659
  499 	 0.024942 	 6.319064 	 55.596039
  500 	 0.017773 	 6.808182 	 59.196423
  501 	 0.017987 	 5.378443 	 40.092823
  502 	 0.016893 	 7.439726 	 56.265659
  503 	 0.024942 	 6.668235 	 55.596039
  504 	 0.017773 	 6.854532 	 59.196423
  505 	 0.017987 	 5.398827 	 40.092823
  506 	 0.016893 	 7.541317 	 56.265659
  507 	 0.024942 	 6.673355 	 55.596039
  508 	 0.017773 	 6.936228 	 59.196423
  509 	 0.017987 	 5.317026 	 40.092823
  510 	 0.016893 	 7.542597 	 56.265659
  511 	 0.024942 	 6.990334 	 55.596039
  512 	 0.017773 	 6.936140 	 59.196423
  513 	 0.017987 	 5.665186 	 40.092823
  514 	 0.016893 	 7.623001 	 56.265659
  515 	 0.024942 	 6.990334 	 55.596039
  516 	 0.017773 	 6.370066 	 53.216848
  517 	 0.017987 	 5.179242 	 40.092823
  518 	 0.018791 	 7.480775 	 56.265659
  519 	 0.024942 	 7.317401 	 55.596039
  520 	 0.017773 	 6.638866 	 53.216848
  521 	 0.017987 	 5.185642 	 40.092823
  522 	 0.018791 	 7.386500 	 56.265659
  523 	 0.024942 	 7.212126 	 55.596039
  524 	 0.017773 	 6.639488 	 53.216848
  525 	 0.017987 	 5.093714 	 40.092823
  526 	 0.018791 	 7.468420 	 56.265659
  527 	 0.024942 	 7.216723 	 55.596039
  528 	 0.017773 	 6.639488 	 53.216848
  529 	 0.017987 	 5.421394 	 40.092823
  530 	 0.018791 	 7.468420 	 56.265659
  531 	 0.024942 	 6.852172 	 55.596039
  532 	 0.017773 	 6.463343 	 53.216848
  533 	 0.017987 	 5.503314 	 40.092823
  534 	 0.018791 	 7.359442 	 56.265659
  535 	 0.024942 	 6.850708 	 55.596039
  536 	 0.017773 	 6.400380 	 53.216848
  537 	 0.017987 	 5.390397 	 40.092823
  538 	 0.018791 	 7.437798 	 56.265659
  539 	 0.024942 	 6.877822 	 55.596039
  540 	 0.017773 	 6.409230 	 53.216848
  541 	 0.017987 	 4.930364 	 40.092823
  542 	 0.018791 	 7.442918 	 56.265659
  543 	 0.024942 	 6.981577 	 55.596039
  544 	 0.017773 	 6.332853 	 53.216848
  545 	 0.017987 	 5.265924 	 40.092823
  546 	 0.018791 	 7.463398 	 56.265659
  547 	 0.024942 	 7.228758 	 55.596039
  548 	 0.017773 	 6.332701 	 53.216848
  549 	 0.017987 	 5.240328 	 40.092823
  550 	 0.018791 	 7.048424 	 56.265659
  551 	 0.018904 	 7.638126 	 55.596039
  552 	 0.017773 	 6.437661 	 53.216848
  553 	 0.017987 	 5.568008 	 52.898402
  554 	 0.018791 	 7.047303 	 56.265659
  555 	 0.018904 	 7.617329 	 55.596039
  556 	 0.017773 	 6.134911 	 53.216848
  557 	 0.017987 	 5.560732 	 52.898402
  558 	 0.018791 	 7.003646 	 56.265659
  559 	 0.018904 	 8.047409 	 55.596039
  560 	 0.017773 	 6.139654 	 53.216848
  561 	 0.017987 	 5.560640 	 52.898402
  562 	 0.018791 	 7.006206 	 56.265659
  563 	 0.018904 	 8.027203 	 55.596039
  564 	 0.017773 	 6.139652 	 53.216848
  565 	 0.017987 	 5.894720 	 52.898402
  566 	 0.018791 	 6.995018 	 56.265659
  567 	 0.018904 	 7.962033 	 55.596039
  568 	 0.017773 	 5.743181 	 53.216848
  569 	 0.017987 	 5.915200 	 52.898402
  570 	 0.017733 	 7.076481 	 56.265659
  571 	 0.018904 	 7.961231 	 55.596039
  572 	 0.017773 	 6.111443 	 56.392498
  573 	 0.017987 	 5.264009 	 52.898402
  574 	 0.017733 	 7.077604 	 56.265659
  575 	 0.018904 	 8.064911 	 55.596039
  576 	 0.017773 	 6.115045 	 56.392498
  577 	 0.017987 	 5.264009 	 52.898402
  578 	 0.017733 	 7.310605 	 56.265659
  579 	 0.018904 	 7.756617 	 55.596039
  580 	 0.017773 	 6.144886 	 56.392498
  581 	 0.017987 	 5.187256 	 52.898402
  582 	 0.017733 	 6.876745 	 56.265659
  583 	 0.018904 	 7.659175 	 55.596039
  584 	 0.017773 	 5.896586 	 53.216848
  585 	 0.017987 	 5.227149 	 52.898402
  586 	 0.018791 	 6.444437 	 56.265659
  587 	 0.018904 	 7.669406 	 55.596039
  588 	 0.017773 	 5.961547 	 53.216848
  589 	 0.017987 	 5.150953 	 52.898402
  590 	 0.018791 	 6.327072 	 56.265659
  591 	 0.018904 	 7.803404 	 55.596039
  592 	 0.017773 	 5.421205 	 33.387243
  593 	 0.017987 	 5.151802 	 52.898402
  594 	 0.029952 	 6.329632 	 56.265659
  595 	 0.018904 	 7.461210 	 55.596039
  596 	 0.017773 	 5.420866 	 33.387243
  597 	 0.017987 	 4.902245 	 52.898402
  598 	 0.029952 	 6.334310 	 56.265659
  599 	 0.018904 	 7.542107 	 55.596039
  600 	 0.017773 	 5.424706 	 33.387243
  601 	 0.017987 	 4.987973 	 52.898402
  602 	 0.029952 	 6.005209 	 56.265659
  603 	 0.018904 	 7.547227 	 55.596039
  604 	 0.017773 	 5.127411 	 33.015141
  605 	 0.017987 	 4.981624 	 52.898402
  606 	 0.030289 	 6.006489 	 56.265659
  607 	 0.018904 	 7.214426 	 55.596039
  608 	 0.017773 	 5.118003 	 33.015141
  609 	 0.017987 	 5.057152 	 52.898402
  610 	 0.030289 	 5.747430 	 56.265659
  611 	 0.018904 	 7.244090 	 55.596039
  612 	 0.017773 	 5.399446 	 33.015141
  613 	 0.017987 	 5.223233 	 52.898402
  614 	 0.030289 	 5.396354 	 56.265659
  615 	 0.018904 	 7.268410 	 55.596039
  616 	 0.017773 	 5.425046 	 33.015141
  617 	 0.017987 	 4.900180 	 52.898402
  618 	 0.027556 	 5.316594 	 56.265659
  619 	 0.018904 	 6.939475 	 55.596039
  620 	 0.017773 	 5.878166 	 36.289133
  621 	 0.017987 	 5.193683 	 52.898402
  622 	 0.027556 	 5.212980 	 56.265659
  623 	 0.018904 	 6.941713 	 55.596039
  624 	 0.017773 	 6.047126 	 36.289133
  625 	 0.017987 	 5.474334 	 52.898402
  626 	 0.027556 	 5.212980 	 56.265659
  627 	 0.018904 	 6.140429 	 54.037663
  628 	 0.017773 	 6.047126 	 36.289133
  629 	 0.018506 	 5.816084 	 52.898402
  630 	 0.027556 	 5.149107 	 56.265659
  631 	 0.018904 	 5.732239 	 54.037663
  632 	 0.017741 	 5.814750 	 36.289133
  633 	 0.018506 	 5.075470 	 52.898402
  634 	 0.027556 	 5.133221 	 56.368060
  635 	 0.018904 	 6.059437 	 54.037663
  636 	 0.017741 	 5.807849 	 36.289133
  637 	 0.018506 	 5.153219 	 52.898402
  638 	 0.027556 	 5.138329 	 56.368060
  639 	 0.018904 	 6.141357 	 54.037663
  640 	 0.017741 	 5.812969 	 36.289133
  641 	 0.018506 	 5.153219 	 52.898402
  642 	 0.027556 	 5.137353 	 56.368060
  643 	 0.018904 	 6.135758 	 54.037663
  644 	 0.017741 	 6.127144 	 36.289133
  645 	 0.018506 	 5.501294 	 52.898402
  646 	 0.027556 	 5.140085 	 56.368060
  647 	 0.018904 	 6.135758 	 54.037663
  648 	 0.017741 	 6.454824 	 36.289133
  649 	 0.018506 	 5.821499 	 52.898402
  650 	 0.027556 	 5.051711 	 56.368060
  651 	 0.018904 	 5.804779 	 54.037663
  652 	 0.017741 	 6.175095 	 36.289133
  653 	 0.018506 	 5.782140 	 52.898402
  654 	 0.027556 	 5.115475 	 56.368060
  655 	 0.018904 	 5.554061 	 54.037663
  656 	 0.017741 	 6.258221 	 36.289133
  657 	 0.018506 	 5.783279 	 52.898402
  658 	 0.027556 	 4.516199 	 54.620003
  659 	 0.018904 	 5.847558 	 54.037663
  660 	 0.018308 	 6.178004 	 36.289133
  661 	 0.018506 	 4.810648 	 40.092823
  662 	 0.027556 	 4.499229 	 54.620003
  663 	 0.024942 	 5.481557 	 54.037663
  664 	 0.018308 	 6.258853 	 36.289133
  665 	 0.018506 	 4.933434 	 40.092823
  666 	 0.027556 	 4.828189 	 54.620003
  667 	 0.024942 	 5.500933 	 54.037663
  668 	 0.018308 	 6.223605 	 36.289133
  669 	 0.018506 	 5.014404 	 40.092823
  670 	 0.027556 	 4.951069 	 54.620003
  671 	 0.024942 	 5.580498 	 54.037663
  672 	 0.018308 	 6.042586 	 36.289133
  673 	 0.018506 	 5.036012 	 40.092823
  674 	 0.027556 	 5.303364 	 54.620003
  675 	 0.024942 	 5.600978 	 54.037663
  676 	 0.018308 	 6.047706 	 36.289133
  677 	 0.018506 	 4.935015 	 40.092823
  678 	 0.027556 	 5.303364 	 54.620003
  679 	 0.024942 	 5.682898 	 54.037663
  680 	 0.018308 	 6.045312 	 36.289133
  681 	 0.018506 	 4.838923 	 40.092823
  682 	 0.027556 	 5.630098 	 54.620003
  683 	 0.024942 	 6.011856 	 54.037663
  684 	 0.018308 	 5.811290 	 36.289133
  685 	 0.018506 	 4.584165 	 40.092823
  686 	 0.027556 	 4.880542 	 54.620003
  687 	 0.024942 	 6.014416 	 54.037663
  688 	 0.018308 	 6.121859 	 36.289133
  689 	 0.018506 	 4.199775 	 40.092823
  690 	 0.027556 	 4.975991 	 54.620003
  691 	 0.024942 	 6.424126 	 54.037663
  692 	 0.018308 	 6.115830 	 36.289133
  693 	 0.018506 	 4.206175 	 40.092823
  694 	 0.027556 	 5.211505 	 54.620003
  695 	 0.024942 	 6.073021 	 54.037663
  696 	 0.018308 	 6.197890 	 36.289133
  697 	 0.018506 	 4.533855 	 40.092823
  698 	 0.027556 	 5.539184 	 54.620003
  699 	 0.024942 	 5.744089 	 54.037663
  700 	 0.018308 	 6.197045 	 36.289133
  701 	 0.018506 	 4.503484 	 40.092823
  702 	 0.027556 	 5.541744 	 54.620003
  703 	 0.024942 	 5.826009 	 54.037663
  704 	 0.018308 	 6.124481 	 36.289133
  705 	 0.018506 	 4.173249 	 40.092823
  706 	 0.027556 	 5.557847 	 54.620003
  707 	 0.024942 	 6.147693 	 54.037663
  708 	 0.018308 	 6.075504 	 36.289133
  709 	 0.018506 	 4.178369 	 40.092823
  710 	 0.027556 	 5.494858 	 54.620003
  711 	 0.024942 	 6.130352 	 54.037663
  712 	 0.018308 	 6.119700 	 36.289133
  713 	 0.018506 	 4.200129 	 40.092823
  714 	 0.027556 	 5.515338 	 54.620003
  715 	 0.024942 	 6.130083 	 54.037663
  716 	 0.018308 	 6.119700 	 36.289133
  717 	 0.018506 	 4.014329 	 40.092823
  718 	 0.027556 	 5.514720 	 54.620003
  719 	 0.024942 	 6.229320 	 54.037663
  720 	 0.018308 	 6.201620 	 36.289133
  721 	 0.018506 	 4.039821 	 40.092823
  722 	 0.027556 	 5.512884 	 54.620003
  723 	 0.024942 	 5.551521 	 34.596330
  724 	 0.018308 	 6.194668 	 36.289133
  725 	 0.028905 	 4.110392 	 40.092823
  726 	 0.027556 	 5.518004 	 54.620003
  727 	 0.024942 	 5.535570 	 34.596330
  728 	 0.018308 	 6.106233 	 36.289133
  729 	 0.028905 	 4.120539 	 40.092823
  730 	 0.025341 	 5.586319 	 54.620003
  731 	 0.024942 	 5.540012 	 34.596330
  732 	 0.018308 	 6.275193 	 39.461398
  733 	 0.028905 	 4.448219 	 40.092823
  734 	 0.025341 	 5.224629 	 54.620003
  735 	 0.024942 	 5.531701 	 34.596330
  736 	 0.018308 	 6.347532 	 39.461398
  737 	 0.028905 	 4.468699 	 40.092823
  738 	 0.025341 	 5.577093 	 54.620003
  739 	 0.024942 	 5.531701 	 34.596330
  740 	 0.018308 	 6.348812 	 39.461398
  741 	 0.028905 	 4.381510 	 40.092823
  742 	 0.025341 	 5.552658 	 54.620003
  743 	 0.024942 	 5.195261 	 34.596330
  744 	 0.018308 	 6.430732 	 39.461398
  745 	 0.028905 	 4.709190 	 40.092823
  746 	 0.025341 	 5.542402 	 54.620003
  747 	 0.024942 	 4.875351 	 34.596330
  748 	 0.018308 	 6.739188 	 39.461398
  749 	 0.028905 	 4.224518 	 40.092823
  750 	 0.025341 	 5.613997 	 54.620003
  751 	 0.024942 	 4.887397 	 34.596330
  752 	 0.018308 	 6.743926 	 39.461398
  753 	 0.028905 	 4.155187 	 40.092823
  754 	 0.025341 	 5.615271 	 54.620003
  755 	 0.024942 	 5.232635 	 34.596330
  756 	 0.018308 	 6.737391 	 39.461398
  757 	 0.028905 	 4.147936 	 40.092823
  758 	 0.025341 	 5.944231 	 54.620003
  759 	 0.024942 	 5.131770 	 34.596330
  760 	 0.018308 	 6.737258 	 39.461398
  761 	 0.028905 	 4.150496 	 40.092823
  762 	 0.025341 	 5.945511 	 54.620003
  763 	 0.024942 	 5.131770 	 34.596330
  764 	 0.017940 	 6.736987 	 39.461398
  765 	 0.028905 	 4.150496 	 40.092823
  766 	 0.025341 	 5.957613 	 55.739867
  767 	 0.024942 	 5.124887 	 34.596330
  768 	 0.017940 	 6.368472 	 39.461398
  769 	 0.028905 	 3.720286 	 40.092823
  770 	 0.025341 	 4.905449 	 55.739867
  771 	 0.024942 	 4.969372 	 34.596330
  772 	 0.017940 	 6.146722 	 39.461398
  773 	 0.028905 	 4.069726 	 40.092823
  774 	 0.025341 	 5.239529 	 55.739867
  775 	 0.024942 	 4.641694 	 34.596330
  776 	 0.017577 	 6.030302 	 39.461398
  777 	 0.028905 	 4.396282 	 40.092823
  778 	 0.025341 	 5.483117 	 56.891413
  779 	 0.024942 	 4.642577 	 34.596330
  780 	 0.017577 	 6.619255 	 39.461398
  781 	 0.028905 	 4.560122 	 40.092823
  782 	 0.025341 	 5.557029 	 56.891413
  783 	 0.024942 	 4.642094 	 34.596330
  784 	 0.017577 	 6.946914 	 39.461398
  785 	 0.028905 	 4.614989 	 40.092823
  786 	 0.025276 	 5.558308 	 56.891413
  787 	 0.024942 	 4.896589 	 34.596330
  788 	 0.017577 	 6.948194 	 39.563799
  789 	 0.028905 	 4.612192 	 40.092823
  790 	 0.025276 	 5.558085 	 56.891413
  791 	 0.024942 	 5.174971 	 34.596330
  792 	 0.017577 	 6.968674 	 39.563799
  793 	 0.028905 	 4.521108 	 39.458598
  794 	 0.025276 	 5.558085 	 56.891413
  795 	 0.025343 	 5.498936 	 34.596330
  796 	 0.017577 	 6.827478 	 39.563799
  797 	 0.028905 	 4.290846 	 39.458598
  798 	 0.025276 	 6.049605 	 56.891413
  799 	 0.025343 	 5.591096 	 34.596330
  800 	 0.017577 	 6.819259 	 39.563799
  801 	 0.028905 	 4.079332 	 39.458598
  802 	 0.025276 	 6.063905 	 56.891413
  803 	 0.025343 	 5.889431 	 34.596330
  804 	 0.017577 	 6.831867 	 39.563799
  805 	 0.028905 	 4.085732 	 39.458598
  806 	 0.025276 	 6.396634 	 56.891413
  807 	 0.025343 	 5.875484 	 34.596330
  808 	 0.017577 	 6.911675 	 39.563799
  809 	 0.028905 	 4.450478 	 39.458598
  810 	 0.025276 	 6.107909 	 56.891413
  811 	 0.025343 	 5.872739 	 34.596330
  812 	 0.017577 	 6.972503 	 39.563799
  813 	 0.028905 	 4.719404 	 39.458598
  814 	 0.025276 	 6.147098 	 56.891413
  815 	 0.025343 	 5.549704 	 28.156971
  816 	 0.017577 	 7.074873 	 39.563799
  817 	 0.035515 	 4.796636 	 39.458598
  818 	 0.025276 	 5.439664 	 55.739867
  819 	 0.025343 	 5.619278 	 28.156971
  820 	 0.017940 	 7.264313 	 39.563799
  821 	 0.035515 	 4.888796 	 39.458598
  822 	 0.025276 	 5.439664 	 55.739867
  823 	 0.025343 	 5.618406 	 28.156971
  824 	 0.017940 	 6.909372 	 39.563799
  825 	 0.035515 	 4.826930 	 39.458598
  826 	 0.025276 	 5.520770 	 55.739867
  827 	 0.025343 	 5.706945 	 28.156971
  828 	 0.017940 	 6.993131 	 39.563799
  829 	 0.031939 	 5.157676 	 39.458598
  830 	 0.025276 	 5.491699 	 55.739867
  831 	 0.025343 	 6.029387 	 31.309563
  832 	 0.017940 	 7.320811 	 39.563799
  833 	 0.031939 	 5.567063 	 39.458598
  834 	 0.019023 	 5.491009 	 55.739867
  835 	 0.025343 	 6.051147 	 31.309563
  836 	 0.017940 	 7.646294 	 52.567069
  837 	 0.031939 	 5.566290 	 39.458598
  838 	 0.019023 	 5.512821 	 55.739867
  839 	 0.025343 	 6.133067 	 31.309563
  840 	 0.017940 	 7.651414 	 52.567069
  841 	 0.031939 	 5.535715 	 39.458598
  842 	 0.019023 	 5.507396 	 55.739867
  843 	 0.025343 	 6.134693 	 31.309563
  844 	 0.017940 	 7.723947 	 52.567069
  845 	 0.029639 	 5.617546 	 39.458598
  846 	 0.019023 	 5.436402 	 55.739867
  847 	 0.025343 	 6.215773 	 33.739388
  848 	 0.017940 	 8.071394 	 52.567069
  849 	 0.029639 	 5.719946 	 39.458598
  850 	 0.019023 	 5.485236 	 55.739867
  851 	 0.017742 	 6.211825 	 33.739388
  852 	 0.017940 	 8.562914 	 52.567069
  853 	 0.029639 	 6.102365 	 56.363843
  854 	 0.019023 	 5.485236 	 55.739867
  855 	 0.017742 	 6.213103 	 33.739388
  856 	 0.017940 	 8.197578 	 52.567069
  857 	 0.029639 	 5.589627 	 56.363843
  858 	 0.019023 	 5.833396 	 55.739867
  859 	 0.017742 	 6.238676 	 33.739388
  860 	 0.017940 	 8.197578 	 52.567069
  861 	 0.029639 	 5.283273 	 56.363843
  862 	 0.019023 	 5.510872 	 55.739867
  863 	 0.017742 	 6.226418 	 33.739388
  864 	 0.017940 	 7.738948 	 52.567069
  865 	 0.029639 	 5.369584 	 56.363843
  866 	 0.019023 	 5.838441 	 55.739867
  867 	 0.017742 	 6.308338 	 33.739388
  868 	 0.017940 	 7.033179 	 52.567069
  869 	 0.018483 	 5.368211 	 56.363843
  870 	 0.019023 	 5.844841 	 55.739867
  871 	 0.017742 	 6.713400 	 54.105144
  872 	 0.017940 	 6.915093 	 52.567069
  873 	 0.018483 	 5.695835 	 56.363843
  874 	 0.019023 	 5.926749 	 55.739867
  875 	 0.017742 	 6.715898 	 54.105144
  876 	 0.017940 	 6.286026 	 40.995046
  877 	 0.018483 	 5.698732 	 56.363843
  878 	 0.024393 	 5.597435 	 55.739867
  879 	 0.017742 	 6.605099 	 54.105144
  880 	 0.017940 	 6.591802 	 40.995046
  881 	 0.018483 	 5.706176 	 56.363843
  882 	 0.024393 	 5.929579 	 55.739867
  883 	 0.017742 	 6.846232 	 54.105144
  884 	 0.017940 	 6.672535 	 40.995046
  885 	 0.018483 	 5.784763 	 56.363843
  886 	 0.024393 	 5.934673 	 55.739867
  887 	 0.017742 	 6.811809 	 54.105144
  888 	 0.017940 	 6.673815 	 40.995046
  889 	 0.018483 	 6.118843 	 56.363843
  890 	 0.024393 	 5.917994 	 55.739867
  891 	 0.017742 	 6.811746 	 54.105144
  892 	 0.017940 	 6.344115 	 40.995046
  893 	 0.018483 	 6.200763 	 56.363843
  894 	 0.024393 	 6.244403 	 55.739867
  895 	 0.017742 	 6.811746 	 54.105144
  896 	 0.017940 	 6.712755 	 40.995046
  897 	 0.018483 	 5.525465 	 39.768974
  898 	 0.024393 	 6.225068 	 55.739867
  899 	 0.025145 	 6.395593 	 54.105144
  900 	 0.017940 	 6.816063 	 40.995046
  901 	 0.018483 	 5.845760 	 39.768974
  902 	 0.024393 	 6.245548 	 55.739867
  903 	 0.025145 	 6.415962 	 54.105144
  904 	 0.017940 	 6.816063 	 40.995046
  905 	 0.018483 	 5.494728 	 39.768974
  906 	 0.024393 	 6.245078 	 55.739867
  907 	 0.025145 	 6.518362 	 54.105144
  908 	 0.017940 	 6.024362 	 33.301634
  909 	 0.018483 	 5.492774 	 39.768974
  910 	 0.030029 	 6.298380 	 55.739867
  911 	 0.025145 	 6.519032 	 54.105144
  912 	 0.017940 	 6.025642 	 33.301634
  913 	 0.018483 	 5.515814 	 39.768974
  914 	 0.030029 	 6.298352 	 55.739867
  915 	 0.025145 	 6.519032 	 54.105144
  916 	 0.017940 	 5.952283 	 33.301634
  917 	 0.018483 	 5.148165 	 39.768974
  918 	 0.030029 	 6.302583 	 55.739867
  919 	 0.025145 	 6.462414 	 54.105144
  920 	 0.017940 	 5.958683 	 33.301634
  921 	 0.018483 	 5.196130 	 39.768974
  922 	 0.030029 	 6.302583 	 55.739867
  923 	 0.025145 	 6.455346 	 54.105144
  924 	 0.017940 	 5.932400 	 33.301634
  925 	 0.018483 	 5.298530 	 39.768974
  926 	 0.030029 	 6.564631 	 55.739867
  927 	 0.025145 	 6.455263 	 54.105144
  928 	 0.017940 	 5.937520 	 33.301634
  929 	 0.018483 	 5.298410 	 39.768974
  930 	 0.030029 	 6.550102 	 55.739867
  931 	 0.025145 	 7.110601 	 54.105144
  932 	 0.017940 	 5.963120 	 33.301634
  933 	 0.018483 	 4.957929 	 39.768974
  934 	 0.030029 	 6.549849 	 55.739867
  935 	 0.025145 	 7.212660 	 54.105144
  936 	 0.017940 	 5.923756 	 33.301634
  937 	 0.018483 	 4.525271 	 39.768974
  938 	 0.030029 	 6.285977 	 55.739867
  939 	 0.025145 	 6.918977 	 52.806980
  940 	 0.017940 	 5.948076 	 33.301634
  941 	 0.018937 	 4.547031 	 39.768974
  942 	 0.030029 	 5.615383 	 55.739867
  943 	 0.025145 	 6.918977 	 52.806980
  944 	 0.017940 	 6.499806 	 33.301634
  945 	 0.018937 	 4.494428 	 39.768974
  946 	 0.030029 	 5.325820 	 55.739867
  947 	 0.025145 	 6.959937 	 52.806980
  948 	 0.017940 	 6.542046 	 33.301634
  949 	 0.018937 	 4.494428 	 39.768974
  950 	 0.030029 	 5.234024 	 55.739867
  951 	 0.025145 	 6.959844 	 52.806980
  952 	 0.017940 	 6.666206 	 33.301634
  953 	 0.018937 	 4.514305 	 39.768974
  954 	 0.030029 	 5.234024 	 55.739867
  955 	 0.025081 	 6.980323 	 52.806980
  956 	 0.017940 	 6.580271 	 33.301634
  957 	 0.018937 	 4.206241 	 39.871374
  958 	 0.030029 	 5.253039 	 55.739867
  959 	 0.025081 	 6.986723 	 52.806980
  960 	 0.017940 	 6.585391 	 33.301634
  961 	 0.018937 	 4.206241 	 39.871374
  962 	 0.025091 	 5.164362 	 55.739867
  963 	 0.025081 	 6.985500 	 52.806980
  964 	 0.017940 	 6.994834 	 39.855234
  965 	 0.018937 	 4.207222 	 39.871374
  966 	 0.025091 	 5.100175 	 55.739867
  967 	 0.025081 	 7.001412 	 52.806980
  968 	 0.017940 	 7.014487 	 39.855234
  969 	 0.018937 	 4.208502 	 39.871374
  970 	 0.025091 	 5.120655 	 55.739867
  971 	 0.025081 	 7.001412 	 52.806980
  972 	 0.017428 	 7.006020 	 39.855234
  973 	 0.018937 	 4.208502 	 39.871374
  974 	 0.025091 	 5.146255 	 57.378266
  975 	 0.025081 	 6.636446 	 52.806980
  976 	 0.017428 	 6.648211 	 39.855234
  977 	 0.018937 	 4.226847 	 39.871374
  978 	 0.025091 	 5.799392 	 57.378266
  979 	 0.025081 	 6.966686 	 52.806980
  980 	 0.017428 	 6.703760 	 39.855234
  981 	 0.018937 	 4.189737 	 39.871374
  982 	 0.025091 	 5.881017 	 57.378266
  983 	 0.025081 	 6.878637 	 52.806980
  984 	 0.017428 	 6.724240 	 39.855234
  985 	 0.018937 	 4.403119 	 39.871374
  986 	 0.025091 	 5.840217 	 57.378266
  987 	 0.025081 	 7.202381 	 52.806980
  988 	 0.017428 	 7.133227 	 39.855234
  989 	 0.018937 	 4.485039 	 39.871374
  990 	 0.025091 	 5.860696 	 57.378266
  991 	 0.025081 	 7.202377 	 52.806980
  992 	 0.017428 	 7.134507 	 39.855234
  993 	 0.018937 	 4.489174 	 39.871374
  994 	 0.025091 	 5.846409 	 57.378266
  995 	 0.025081 	 7.100940 	 52.806980
  996 	 0.017428 	 6.788976 	 39.855234
  997 	 0.018937 	 4.509654 	 39.871374
  998 	 0.025091 	 6.174089 	 57.378266
  999 	 0.025081 	 7.024314 	 52.806980
 