   0 	 -0.200000 	 -0.034851 	 -0.016393
    1 	 -0.250000 	 -0.014675 	 -0.002717
    2 	 -0.250000 	 -0.016660 	 -0.003367
    3 	 -0.250000 	 -0.017260 	 -0.003571
    4 	 -0.250000 	 -0.017260 	 -0.003571
    5 	 -0.250000 	 -0.017419 	 -0.003559
    6 	 -0.250000 	 -0.017270 	 -0.003676
    7 	 -0.250000 	 -0.017260 	 -0.003571
    8 	 -0.250000 	 -0.017260 	 -0.003571
    9 	 -0.250000 	 -0.017249 	 -0.003546
   10 	 -0.250000 	 -0.017227 	 -0.003546
   11 	 -0.250000 	 -0.017324 	 -0.003610
   12 	 -0.250000 	 -0.017245 	 -0.003559
   13 	 -0.250000 	 -0.017260 	 -0.003571
   14 	 -0.250000 	 -0.017256 	 -0.003534
   15 	 -0.250000 	 -0.017507 	 -0.003623
   16 	 -0.250000 	 -0.017260 	 -0.003571
   17 	 -0.250000 	 -0.017260 	 -0.003559
   18 	 -0.250000 	 -0.017314 	 -0.003597
   19 	 -0.250000 	 -0.017646 	 -0.003584
   20 	 -0.250000 	 -0.017256 	 -0.003571
   21 	 -0.250000 	 -0.017336 	 -0.003597
   22 	 -0.250000 	 -0.017245 	 -0.003559
   23 	 -0.250000 	 -0.017268 	 -0.003623
   24 	 -0.250000 	 -0.017278 	 -0.003623
   25 	 -0.250000 	 -0.017094 	 -0.003584
   26 	 -0.250000 	 -0.017341 	 -0.003623
   27 	 -0.250000 	 -0.017370 	 -0.003584
   28 	 -0.250000 	 -0.017259 	 -0.003559
   29 	 -0.250000 	 -0.017271 	 -0.003623
   30 	 -0.250000 	 -0.017491 	 -0.003623
   31 	 -0.250000 	 -0.017296 	 -0.003584
   32 	 -0.250000 	 -0.017015 	 -0.003559
   33 	 -0.250000 	 -0.017300 	 -0.003636
   34 	 -0.250000 	 -0.017263 	 -0.003584
   35 	 -0.250000 	 -0.017245 	 -0.003534
   36 	 -0.250000 	 -0.017785 	 -0.003597
   37 	 -0.250000 	 -0.017260 	 -0.003571
   38 	 -0.250000 	 -0.017257 	 -0.003610
   39 	 -0.250000 	 -0.017260 	 -0.003571
   40 	 -0.333333 	 -0.019071 	 -0.003597
   41 	 -0.333333 	 -0.021986 	 -0.004367
   42 	 -0.333333 	 -0.023000 	 -0.004739
   43 	 -0.333333 	 -0.023014 	 -0.004762
   44 	 -0.200000 	 -0.019426 	 -0.004695
   45 	 -0.200000 	 -0.014658 	 -0.003077
   46 	 -0.200000 	 -0.013808 	 -0.002857
   47 	 -0.200000 	 -0.014280 	 -0.002899
   48 	 -0.200000 	 -0.013771 	 -0.002849
   49 	 -0.200000 	 -0.013825 	 -0.002899
   50 	 -0.200000 	 -0.013792 	 -0.002865
   51 	 -0.200000 	 -0.014333 	 -0.002890
   52 	 -0.200000 	 -0.013813 	 -0.002865
   53 	 -0.200000 	 -0.013809 	 -0.002874
   54 	 -0.200000 	 -0.013808 	 -0.002857
   55 	 -0.200000 	 -0.013808 	 -0.002841
   56 	 -0.500000 	 -0.019487 	 -0.002899
   57 	 -0.200000 	 -0.019619 	 -0.005650
   58 	 -0.500000 	 -0.020232 	 -0.003175
   59 	 -0.500000 	 -0.029448 	 -0.004651
   60 	 -0.500000 	 -0.034420 	 -0.007092
   61 	 -0.500000 	 -0.034520 	 -0.007143
   62 	 -0.500000 	 -0.034520 	 -0.007143
   63 	 -0.500000 	 -0.034524 	 -0.007246
   64 	 -0.500000 	 -0.034898 	 -0.007353
   65 	 -0.500000 	 -0.034900 	 -0.007246
   66 	 -0.500000 	 -0.034646 	 -0.007194
   67 	 -0.500000 	 -0.034520 	 -0.007143
   68 	 -0.500000 	 -0.035702 	 -0.007194
   69 	 -0.200000 	 0.124676 	 10.000000
   70 	 -0.500000 	 -0.039577 	 -0.009091
   71 	 -0.500000 	 -0.034111 	 -0.007042
   72 	 -0.500000 	 -0.034470 	 -0.007194
   73 	 -0.500000 	 -0.034486 	 -0.007042
   74 	 -0.500000 	 -0.034502 	 -0.006944
   75 	 -0.500000 	 -0.034339 	 -0.007299
   76 	 -0.500000 	 -0.034520 	 -0.007143
   77 	 -0.500000 	 -0.034522 	 -0.007246
   78 	 -1.000000 	 -0.045930 	 -0.008333
   79 	 -1.000000 	 0.923186 	 10.000000
   80 	 -1.000000 	 0.465435 	 10.000000
   81 	 -1.000000 	 -0.121527 	 -0.016393
   82 	 -1.000000 	 -0.065725 	 -0.013333
   83 	 -1.000000 	 -0.067039 	 -0.012987
   84 	 -1.000000 	 -0.068885 	 -0.014085
   85 	 -0.500000 	 -0.055685 	 -0.015385
   86 	 -0.500000 	 -0.035011 	 -0.007634
   87 	 -0.500000 	 -0.034296 	 -0.007042
   88 	 -0.500000 	 -0.034192 	 -0.007246
   89 	 -0.500000 	 -0.034520 	 -0.007143
   90 	 -0.500000 	 -0.034520 	 -0.007143
   91 	 -0.500000 	 -0.034520 	 -0.007143
   92 	 -0.500000 	 -0.034667 	 -0.007353
   93 	 -0.500000 	 -0.034520 	 -0.007143
   94 	 -0.500000 	 -0.034083 	 -0.006993
   95 	 -0.500000 	 -0.034145 	 -0.007042
   96 	 -0.500000 	 -0.034520 	 -0.007143
   97 	 -0.500000 	 -0.034418 	 -0.006849
   98 	 -0.500000 	 -0.034591 	 -0.007299
   99 	 -0.500000 	 -0.040098 	 -0.008000
  100 	 -0.500000 	 -0.034401 	 -0.007194
  101 	 -0.500000 	 -0.034922 	 -0.007519
  102 	 -0.500000 	 -0.034520 	 -0.007143
  103 	 -0.500000 	 -0.034520 	 -0.007143
  104 	 -0.500000 	 -0.033224 	 -0.006897
  105 	 -0.500000 	 -0.034071 	 -0.006993
  106 	 -0.500000 	 -0.031402 	 -0.006536
  107 	 -0.500000 	 -0.034489 	 -0.007042
  108 	 -0.500000 	 -0.034380 	 -0.007092
  109 	 -0.500000 	 -0.037529 	 -0.007353
  110 	 -0.500000 	 -0.034816 	 -0.007407
  111 	 -0.500000 	 -0.034292 	 -0.007143
  112 	 -0.500000 	 -0.034520 	 -0.007143
  113 	 -0.500000 	 -0.032827 	 -0.007519
  114 	 -0.500000 	 -0.034623 	 -0.007194
  115 	 -0.500000 	 -0.034566 	 -0.007143
  116 	 -0.500000 	 -0.034520 	 -0.007143
  117 	 -0.500000 	 -0.032760 	 -0.006944
  118 	 -0.500000 	 -0.036796 	 -0.007519
  119 	 -0.500000 	 -0.035595 	 -0.007299
  120 	 -0.500000 	 -0.034166 	 -0.006993
  121 	 -0.500000 	 -0.034520 	 -0.007143
  122 	 -0.500000 	 -0.034264 	 -0.007042
  123 	 -0.500000 	 -0.034509 	 -0.007194
  124 	 -0.500000 	 -0.034520 	 -0.007143
  125 	 -0.500000 	 -0.034520 	 -0.007143
  126 	 -0.500000 	 -0.038304 	 -0.007194
  127 	 -0.500000 	 -0.033411 	 -0.006944
  128 	 -0.500000 	 -0.034520 	 -0.007143
  129 	 -0.500000 	 -0.033223 	 -0.007092
  130 	 -0.500000 	 -0.034783 	 -0.007576
  131 	 -0.500000 	 -0.034783 	 -0.007299
  132 	 -0.500000 	 -0.034485 	 -0.007092
  133 	 -0.500000 	 -0.034520 	 -0.007143
  134 	 -0.500000 	 -0.034520 	 -0.007143
  135 	 -0.500000 	 -0.034520 	 -0.007143
  136 	 -0.500000 	 -0.035223 	 -0.007246
  137 	 -0.500000 	 -0.034377 	 -0.007246
  138 	 -0.500000 	 -0.034855 	 -0.007194
  139 	 -0.500000 	 -0.034399 	 -0.007092
  140 	 -0.500000 	 -0.034520 	 -0.007143
  141 	 -0.500000 	 -0.040437 	 -0.007194
  142 	 -0.500000 	 -0.035005 	 -0.007407
  143 	 -0.500000 	 -0.034356 	 -0.007042
  144 	 -0.500000 	 -0.034520 	 -0.007143
  145 	 -0.500000 	 -0.034520 	 -0.007143
  146 	 -0.500000 	 -0.034371 	 -0.006849
  147 	 -0.500000 	 -0.033907 	 -0.007042
  148 	 -0.500000 	 -0.034535 	 -0.007194
  149 	 -0.500000 	 -0.034383 	 -0.006944
  150 	 -0.500000 	 -0.034520 	 -0.007143
  151 	 -0.166667 	 -0.024212 	 -0.007042
  152 	 -0.166667 	 -0.011595 	 -0.002545
  153 	 -0.166667 	 -0.012203 	 -0.002882
  154 	 -0.166667 	 -0.012001 	 -0.002747
  155 	 -0.166667 	 -0.011507 	 -0.002381
  156 	 -0.166667 	 -0.011503 	 -0.002370
  157 	 -0.166667 	 -0.011485 	 -0.002375
  158 	 -0.166667 	 -0.011094 	 -0.002364
  159 	 -0.166667 	 -0.011485 	 -0.002392
  160 	 -0.166667 	 -0.011516 	 -0.002415
  161 	 -0.166667 	 -0.011507 	 -0.002381
  162 	 -0.166667 	 -0.011468 	 -0.002336
  163 	 -0.166667 	 -0.011505 	 -0.002375
  164 	 -0.166667 	 -0.011050 	 -0.002320
  165 	 -0.166667 	 -0.011749 	 -0.002410
  166 	 -0.166667 	 -0.011497 	 -0.002364
  167 	 -0.166667 	 -0.012069 	 -0.002392
  168 	 -0.166667 	 -0.011507 	 -0.002381
  169 	 -0.166667 	 -0.011528 	 -0.002404
  170 	 -0.166667 	 -0.011507 	 -0.002381
  171 	 -0.166667 	 -0.011507 	 -0.002381
  172 	 -0.166667 	 -0.011520 	 -0.002381
  173 	 -0.166667 	 -0.011529 	 -0.002404
  174 	 -0.166667 	 -0.011507 	 -0.002381
  175 	 -0.166667 	 -0.011494 	 -0.002370
  176 	 -0.166667 	 -0.011502 	 -0.002353
  177 	 -0.166667 	 -0.011507 	 -0.002381
  178 	 -0.166667 	 -0.011507 	 -0.002381
  179 	 -0.166667 	 -0.011515 	 -0.002392
  180 	 -0.166667 	 -0.011393 	 -0.002347
  181 	 -0.166667 	 -0.011571 	 -0.002410
  182 	 -0.166667 	 -0.011507 	 -0.002381
  183 	 -0.166667 	 -0.011538 	 -0.002375
  184 	 -0.166667 	 -0.011489 	 -0.002353
  185 	 -0.166667 	 -0.011481 	 -0.002358
  186 	 -0.166667 	 -0.011588 	 -0.002398
  187 	 -0.166667 	 -0.011495 	 -0.002353
  188 	 -0.166667 	 -0.011507 	 -0.002381
  189 	 -0.166667 	 -0.011507 	 -0.002381
  190 	 -0.166667 	 -0.011559 	 -0.002404
  191 	 -0.166667 	 -0.011507 	 -0.002381
  192 	 -0.166667 	 -0.011515 	 -0.002392
  193 	 -0.166667 	 -0.011436 	 -0.002392
  194 	 -0.166667 	 -0.011503 	 -0.002364
  195 	 -0.166667 	 -0.011632 	 -0.002410
  196 	 -0.166667 	 -0.011509 	 -0.002410
  197 	 -0.166667 	 -0.011507 	 -0.002381
  198 	 -0.166667 	 -0.011506 	 -0.002375
  199 	 -0.166667 	 -0.011511 	 -0.002404
  200 	 -0.166667 	 -0.011643 	 -0.002415
  201 	 -0.166667 	 -0.011496 	 -0.002353
  202 	 -0.200000 	 -0.012248 	 -0.002387
  203 	 -0.200000 	 -0.013717 	 -0.002770
  204 	 -0.200000 	 -0.013481 	 -0.002725
  205 	 -0.200000 	 -0.013822 	 -0.002857
  206 	 -0.200000 	 -0.013775 	 -0.002857
  207 	 -0.200000 	 -0.013754 	 -0.002849
  208 	 -0.200000 	 -0.013803 	 -0.002841
  209 	 -0.200000 	 -0.013796 	 -0.002817
  210 	 -0.200000 	 -0.013744 	 -0.002874
  211 	 -0.200000 	 -0.013809 	 -0.002865
  212 	 -0.200000 	 -0.013826 	 -0.002874
  213 	 -0.200000 	 -0.013808 	 -0.002857
  214 	 -0.200000 	 -0.013807 	 -0.002833
  215 	 -0.200000 	 -0.013808 	 -0.002857
  216 	 -0.200000 	 -0.014132 	 -0.002882
  217 	 -0.200000 	 -0.013806 	 -0.002849
  218 	 -0.200000 	 -0.013843 	 -0.002890
  219 	 -0.200000 	 -0.013851 	 -0.002890
  220 	 -0.200000 	 -0.013877 	 -0.002865
  221 	 -0.200000 	 -0.013948 	 -0.002874
  222 	 -0.200000 	 -0.013103 	 -0.002825
  223 	 -0.200000 	 -0.013743 	 -0.002874
  224 	 -0.200000 	 -0.013730 	 -0.002849
  225 	 -0.200000 	 -0.013808 	 -0.002857
  226 	 -0.200000 	 -0.013636 	 -0.002825
  227 	 -0.200000 	 -0.013808 	 -0.002857
  228 	 -0.200000 	 -0.013808 	 -0.002857
  229 	 -0.200000 	 -0.013808 	 -0.002857
  230 	 -0.200000 	 -0.013782 	 -0.002899
  231 	 -0.200000 	 -0.013692 	 -0.002849
  232 	 -0.200000 	 -0.013808 	 -0.002857
  233 	 -0.200000 	 -0.013841 	 -0.002874
  234 	 -0.200000 	 -0.013808 	 -0.002857
  235 	 -0.200000 	 -0.013821 	 -0.002882
  236 	 -0.200000 	 -0.013868 	 -0.002865
  237 	 -0.200000 	 -0.013777 	 -0.002874
  238 	 -1.000000 	 -0.027239 	 -0.002924
  239 	 -1.000000 	 -0.035003 	 -0.005051
  240 	 -1.000000 	 -0.044950 	 -0.006536
  241 	 -1.000000 	 -0.067250 	 -0.013699
  242 	 -1.000000 	 -0.068273 	 -0.013889
  243 	 -1.000000 	 -0.068896 	 -0.013889
  244 	 -1.000000 	 -0.069041 	 -0.014286
  245 	 -1.000000 	 -0.069006 	 -0.013514
  246 	 -1.000000 	 -0.069053 	 -0.014493
  247 	 -1.000000 	 0.216880 	 10.000000
  248 	 0.004762 	 0.023014 	 0.333333
  249 	 0.004785 	 0.023026 	 0.333333
  250 	 0.004808 	 0.023052 	 0.333333
  251 	 0.004739 	 0.023178 	 0.333333
  252 	 0.004808 	 0.023168 	 0.333333
  253 	 0.004785 	 0.023021 	 0.333333
  254 	 0.004808 	 0.022767 	 0.333333
  255 	 0.004651 	 0.023003 	 0.333333
  256 	 0.004785 	 0.023039 	 0.333333
  257 	 0.004878 	 0.023055 	 0.333333
  258 	 0.004902 	 0.023430 	 0.333333
  259 	 -1.000000 	 0.012853 	 0.500000
  260 	 0.004878 	 0.024056 	 0.333333
  261 	 0.005291 	 0.024277 	 0.333333
  262 	 0.005051 	 0.023180 	 0.333333
  263 	 0.004854 	 0.023072 	 0.333333
  264 	 0.004854 	 0.023035 	 0.333333
  265 	 0.004785 	 0.023294 	 0.333333
  266 	 0.004762 	 0.021925 	 0.333333
  267 	 0.004739 	 0.023100 	 0.333333
  268 	 0.004878 	 0.023339 	 0.333333
  269 	 0.004717 	 0.025187 	 0.333333
  270 	 0.005051 	 0.023645 	 0.333333
  271 	 0.004975 	 0.023242 	 0.333333
  272 	 0.004902 	 0.023162 	 0.333333
  273 	 0.004926 	 0.025474 	 0.333333
  274 	 0.004950 	 0.165703 	 10.000000
  275 	 0.045455 	 0.245793 	 10.000000
  276 	 -1.000000 	 0.485771 	 10.000000
  277 	 -0.333333 	 1.733333 	 10.000000
  278 	 0.333333 	 5.304762 	 10.000000
  279 	 -0.250000 	 2.439286 	 10.000000
  280 	 0.058824 	 1.499281 	 10.000000
  281 	 0.111111 	 3.986349 	 10.000000
  282 	 1.000000 	 1.128571 	 10.000000
  283 	 -0.250000 	 8.828571 	 10.000000
  284 	 -0.333333 	 3.220238 	 10.000000
  285 	 -0.250000 	 6.925000 	 10.000000
  286 	 -0.250000 	 7.803571 	 10.000000
  287 	 10.000000 	 10.000000 	 10.000000
  288 	 -0.500000 	 5.650000 	 10.000000
  289 	 -0.500000 	 8.500000 	 10.000000
  290 	 10.000000 	 10.000000 	 10.000000
  291 	 0.250000 	 3.732143 	 10.000000
  292 	 0.250000 	 8.050000 	 10.000000
  293 	 10.000000 	 10.000000 	 10.000000
  294 	 0.500000 	 5.521429 	 10.000000
  295 	 10.000000 	 10.000000 	 10.000000
  296 	 10.000000 	 10.000000 	 10.000000
  297 	 0.166667 	 0.909524 	 10.000000
  298 	 0.250000 	 5.475000 	 10.000000
  299 	 -0.500000 	 1.150000 	 10.000000
  300 	 -1.000000 	 -0.842857 	 10.000000
  301 	 -0.333333 	 0.860714 	 10.000000
  302 	 -1.000000 	 0.590476 	 10.000000
  303 	 -1.000000 	 4.830952 	 10.000000
  304 	 -0.333333 	 1.246429 	 10.000000
  305 	 -0.500000 	 2.650000 	 10.000000
  306 	 0.250000 	 3.654762 	 10.000000
  307 	 0.250000 	 6.935714 	 10.000000
  308 	 -1.000000 	 0.087925 	 10.000000
  309 	 -1.000000 	 0.223129 	 1.000000
  310 	 0.250000 	 1.642857 	 10.000000
  311 	 10.000000 	 10.000000 	 10.000000
  312 	 0.333333 	 1.952381 	 10.000000
  313 	 -1.000000 	 0.567177 	 10.000000
  314 	 10.000000 	 10.000000 	 10.000000
  315 	 10.000000 	 10.000000 	 10.000000
  316 	 0.200000 	 3.611429 	 10.000000
  317 	 -1.000000 	 2.457143 	 10.000000
  318 	 10.000000 	 10.000000 	 10.000000
  319 	 -0.250000 	 1.360714 	 10.000000
  320 	 -1.000000 	 1.985714 	 10.000000
  321 	 -0.333333 	 1.092857 	 10.000000
  322 	 10.000000 	 10.000000 	 10.000000
  323 	 0.333333 	 6.133333 	 10.000000
  324 	 0.200000 	 2.265714 	 10.000000
  325 	 -0.500000 	 -0.005952 	 10.000000
  326 	 10.000000 	 10.000000 	 10.000000
  327 	 -1.000000 	 2.457143 	 10.000000
  328 	 0.333333 	 7.652381 	 10.000000
  329 	 -1.000000 	 1.061429 	 10.000000
  330 	 -1.000000 	 1.785714 	 10.000000
  331 	 10.000000 	 10.000000 	 10.000000
  332 	 10.000000 	 10.000000 	 10.000000
  333 	 0.250000 	 9.721429 	 10.000000
  334 	 -1.000000 	 2.300000 	 10.000000
  335 	 -1.000000 	 3.714286 	 10.000000
  336 	 -1.000000 	 4.500000 	 10.000000
  337 	 -1.000000 	 1.311905 	 10.000000
  338 	 -1.000000 	 0.885714 	 10.000000
  339 	 0.200000 	 0.442619 	 10.000000
  340 	 0.166667 	 2.285000 	 10.000000
  341 	 0.500000 	 1.671429 	 10.000000
  342 	 -1.000000 	 1.135000 	 10.000000
  343 	 1.000000 	 3.571429 	 10.000000
  344 	 0.500000 	 7.150000 	 10.000000
  345 	 0.142857 	 1.729932 	 10.000000
  346 	 0.250000 	 6.246429 	 10.000000
  347 	 -1.000000 	 4.690476 	 10.000000
  348 	 10.000000 	 10.000000 	 10.000000
  349 	 -0.500000 	 0.219048 	 10.000000
  350 	 -1.000000 	 9.057143 	 10.000000
  351 	 0.500000 	 9.728571 	 10.000000
  352 	 10.000000 	 10.000000 	 10.000000
  353 	 10.000000 	 10.000000 	 10.000000
  354 	 -1.000000 	 6.542857 	 10.000000
  355 	 -0.333333 	 2.766667 	 10.000000
  356 	 10.000000 	 10.000000 	 10.000000
  357 	 0.250000 	 6.100000 	 10.000000
  358 	 0.250000 	 8.328571 	 10.000000
  359 	 0.500000 	 4.778571 	 10.000000
  360 	 -1.000000 	 3.214286 	 10.000000
  361 	 -0.333333 	 9.114286 	 10.000000
  362 	 0.500000 	 9.321429 	 10.000000
  363 	 10.000000 	 10.000000 	 10.000000
  364 	 -0.333333 	 0.404762 	 10.000000
  365 	 -1.000000 	 7.171429 	 10.000000
  366 	 -1.000000 	 -0.371429 	 10.000000
  367 	 -0.333333 	 7.933333 	 10.000000
  368 	 10.000000 	 10.000000 	 10.000000
  369 	 -0.333333 	 6.014286 	 10.000000
  370 	 0.500000 	 3.328571 	 10.000000
  371 	 0.200000 	 5.838095 	 10.000000
  372 	 -1.000000 	 0.142857 	 10.000000
  373 	 -1.000000 	 1.838095 	 10.000000
  374 	 -0.250000 	 6.057143 	 10.000000
  375 	 -0.333333 	 5.423810 	 10.000000
  376 	 0.200000 	 1.740000 	 10.000000
  377 	 0.250000 	 5.542857 	 10.000000
  378 	 0.142857 	 7.045306 	 10.000000
  379 	 -0.333333 	 2.066667 	 10.000000
  380 	 0.166667 	 0.319048 	 0.333333
  381 	 -1.000000 	 5.285714 	 10.000000
  382 	 10.000000 	 10.000000 	 10.000000
  383 	 -1.000000 	 6.071429 	 10.000000
  384 	 10.000000 	 10.000000 	 10.000000
  385 	 -0.500000 	 9.250000 	 10.000000
  386 	 -1.000000 	 7.528571 	 10.000000
  387 	 -1.000000 	 8.585714 	 10.000000
  388 	 0.500000 	 3.485714 	 10.000000
  389 	 -1.000000 	 2.457143 	 10.000000
  390 	 10.000000 	 10.000000 	 10.000000
  391 	 -0.500000 	 -0.100000 	 10.000000
  392 	 -0.250000 	 7.510714 	 10.000000
  393 	 0.200000 	 3.140000 	 10.000000
  394 	 0.125000 	 2.726429 	 10.000000
  395 	 10.000000 	 10.000000 	 10.000000
  396 	 -1.000000 	 5.128571 	 10.000000
  397 	 -1.000000 	 9.528571 	 10.000000
  398 	 10.000000 	 10.000000 	 10.000000
  399 	 -0.250000 	 0.921429 	 10.000000
 