   0 	 -1.000000 	 0.268289 	 10.000000
    1 	 0.003731 	 0.014074 	 0.083333
    2 	 0.003690 	 0.014140 	 0.333333
    3 	 -1.000000 	 0.009209 	 0.500000
    4 	 0.003268 	 0.009306 	 0.062500
    5 	 0.002632 	 0.024577 	 1.000000
    6 	 0.004219 	 0.034510 	 1.000000
    7 	 0.006536 	 0.021509 	 0.125000
    8 	 0.006061 	 0.034649 	 0.500000
    9 	 -1.000000 	 0.176926 	 10.000000
   10 	 0.011628 	 0.042320 	 0.500000
   11 	 0.009259 	 0.037898 	 0.250000
   12 	 0.009434 	 0.050063 	 1.000000
   13 	 -1.000000 	 0.051011 	 1.000000
   14 	 -1.000000 	 0.047638 	 1.000000
   15 	 0.014085 	 0.072117 	 1.000000
   16 	 0.016393 	 0.072834 	 1.000000
   17 	 0.018182 	 0.077579 	 1.000000
   18 	 0.015385 	 0.070154 	 1.000000
   19 	 0.015385 	 0.069722 	 1.000000
   20 	 0.016129 	 0.070765 	 1.000000
   21 	 0.015625 	 0.065990 	 1.000000
   22 	 0.015625 	 0.070186 	 1.000000
   23 	 0.014706 	 0.069126 	 1.000000
   24 	 0.012987 	 0.066096 	 1.000000
   25 	 0.012346 	 0.066521 	 1.000000
   26 	 0.012658 	 0.066571 	 1.000000
   27 	 0.013514 	 0.067795 	 1.000000
   28 	 0.013889 	 0.068218 	 1.000000
   29 	 0.013699 	 0.211578 	 10.000000
   30 	 0.034483 	 0.363127 	 10.000000
   31 	 -1.000000 	 0.690476 	 10.000000
   32 	 0.062500 	 0.186969 	 1.000000
   33 	 0.058824 	 0.760655 	 10.000000
   34 	 0.200000 	 0.826667 	 10.000000
   35 	 0.125000 	 0.458316 	 10.000000
   36 	 0.250000 	 1.239286 	 10.000000
   37 	 0.125000 	 1.084048 	 10.000000
   38 	 0.166667 	 2.683333 	 10.000000
   39 	 -1.000000 	 7.014286 	 10.000000
   40 	 -1.000000 	 1.892857 	 10.000000
   41 	 -1.000000 	 1.203571 	 10.000000
   42 	 -1.000000 	 5.003571 	 10.000000
   43 	 -0.250000 	 2.255000 	 10.000000
   44 	 -0.500000 	 0.688095 	 10.000000
   45 	 -1.000000 	 -0.050000 	 10.000000
   46 	 0.333333 	 1.161905 	 10.000000
   47 	 -1.000000 	 -0.066667 	 10.000000
   48 	 0.142857 	 3.418537 	 10.000000
   49 	 0.200000 	 4.135000 	 10.000000
   50 	 -0.333333 	 7.957143 	 10.000000
   51 	 0.333333 	 4.200000 	 10.000000
   52 	 10.000000 	 10.000000 	 10.000000
   53 	 10.000000 	 10.000000 	 10.000000
   54 	 -1.000000 	 1.802381 	 10.000000
   55 	 0.166667 	 3.418095 	 10.000000
   56 	 -0.500000 	 -0.357143 	 0.333333
   57 	 0.004785 	 0.023039 	 0.333333
   58 	 0.004695 	 0.022819 	 0.333333
   59 	 0.004739 	 0.026541 	 0.500000
   60 	 0.005405 	 0.024601 	 0.333333
   61 	 0.005181 	 0.025763 	 0.333333
   62 	 0.005587 	 0.025371 	 0.333333
   63 	 0.005376 	 0.024408 	 0.333333
   64 	 0.005025 	 0.022519 	 0.333333
   65 	 0.004808 	 0.023040 	 0.333333
   66 	 0.004831 	 0.021128 	 0.250000
   67 	 0.004525 	 0.020319 	 0.250000
   68 	 0.004167 	 0.020544 	 0.333333
   69 	 0.004219 	 0.019495 	 0.250000
   70 	 0.004367 	 0.021522 	 0.333333
   71 	 0.004808 	 0.021399 	 0.333333
   72 	 0.004505 	 0.018441 	 0.250000
   73 	 0.004049 	 0.019105 	 0.250000
   74 	 0.004255 	 0.015563 	 0.142857
   75 	 0.003891 	 0.017565 	 0.333333
   76 	 0.003534 	 0.019542 	 0.333333
   77 	 0.004525 	 0.021937 	 0.333333
   78 	 0.004184 	 0.021694 	 0.333333
   79 	 0.004167 	 0.021922 	 0.333333
   80 	 0.004587 	 0.021821 	 0.333333
   81 	 0.004545 	 0.018202 	 0.166667
   82 	 0.004000 	 0.016895 	 0.166667
   83 	 0.003817 	 0.020296 	 0.333333
   84 	 0.003704 	 0.020695 	 0.333333
   85 	 0.004149 	 0.021068 	 0.333333
   86 	 0.004016 	 0.015109 	 0.166667
   87 	 0.003802 	 0.019621 	 0.333333
   88 	 0.004065 	 0.022029 	 0.333333
   89 	 0.004310 	 0.021965 	 0.333333
   90 	 0.004405 	 0.022622 	 0.333333
   91 	 0.004808 	 0.023639 	 0.333333
   92 	 0.005000 	 0.023272 	 0.333333
   93 	 0.004902 	 0.021300 	 0.333333
   94 	 0.004310 	 0.022620 	 0.333333
   95 	 0.004444 	 0.021865 	 0.333333
   96 	 0.004184 	 0.021767 	 0.333333
   97 	 0.004405 	 0.022444 	 0.333333
   98 	 0.004695 	 0.023416 	 0.333333
   99 	 0.004950 	 0.023482 	 0.333333
  100 	 0.004926 	 0.022690 	 0.333333
  101 	 0.004878 	 0.022889 	 0.333333
  102 	 0.004608 	 0.022765 	 0.333333
  103 	 0.004695 	 0.022942 	 0.333333
  104 	 0.004831 	 0.023216 	 0.333333
  105 	 0.004808 	 0.165705 	 10.000000
  106 	 0.040000 	 0.238140 	 10.000000
  107 	 0.062500 	 2.091199 	 10.000000
  108 	 -1.000000 	 7.642857 	 10.000000
  109 	 -1.000000 	 -0.064286 	 10.000000
  110 	 1.000000 	 6.657143 	 10.000000
  111 	 0.250000 	 1.189286 	 10.000000
  112 	 -0.250000 	 4.142857 	 10.000000
  113 	 -1.000000 	 3.714286 	 10.000000
  114 	 -0.333333 	 -0.052381 	 10.000000
  115 	 0.090909 	 0.585575 	 10.000000
  116 	 -0.333333 	 5.266667 	 10.000000
  117 	 -1.000000 	 0.512857 	 10.000000
  118 	 0.333333 	 0.611905 	 10.000000
  119 	 0.500000 	 9.050000 	 10.000000
  120 	 -1.000000 	 8.628571 	 10.000000
  121 	 -1.000000 	 8.435714 	 10.000000
  122 	 -0.500000 	 8.050000 	 10.000000
  123 	 1.000000 	 2.414286 	 10.000000
  124 	 -1.000000 	 4.814286 	 10.000000
  125 	 -0.500000 	 7.464286 	 10.000000
  126 	 10.000000 	 10.000000 	 10.000000
  127 	 10.000000 	 10.000000 	 10.000000
  128 	 10.000000 	 10.000000 	 10.000000
  129 	 -0.250000 	 0.654365 	 10.000000
  130 	 -1.000000 	 5.128571 	 10.000000
  131 	 -0.333333 	 0.030952 	 10.000000
  132 	 10.000000 	 10.000000 	 10.000000
  133 	 -1.000000 	 -0.214286 	 10.000000
  134 	 -0.500000 	 0.195238 	 10.000000
  135 	 0.166667 	 1.882619 	 10.000000
  136 	 0.200000 	 2.481905 	 10.000000
  137 	 -1.000000 	 -0.026353 	 10.000000
  138 	 -0.333333 	 4.404762 	 10.000000
  139 	 10.000000 	 10.000000 	 10.000000
  140 	 10.000000 	 10.000000 	 10.000000
  141 	 -0.200000 	 7.522857 	 10.000000
  142 	 -0.250000 	 5.314286 	 10.000000
  143 	 0.250000 	 2.403571 	 10.000000
  144 	 -0.333333 	 0.172817 	 10.000000
  145 	 -1.000000 	 2.175510 	 10.000000
  146 	 -0.250000 	 5.607143 	 10.000000
  147 	 -1.000000 	 7.800000 	 10.000000
  148 	 10.000000 	 10.000000 	 10.000000
  149 	 1.000000 	 2.542857 	 10.000000
  150 	 -0.333333 	 -0.313095 	 -0.250000
  151 	 -0.333333 	 -0.023134 	 -0.004902
  152 	 -0.333333 	 -0.023421 	 -0.004762
  153 	 -0.333333 	 -0.023014 	 -0.004762
  154 	 -0.333333 	 -0.023014 	 -0.004762
  155 	 -0.333333 	 -0.023090 	 -0.004808
  156 	 -0.333333 	 -0.023014 	 -0.004762
  157 	 -0.333333 	 -0.023011 	 -0.004717
  158 	 -0.333333 	 -0.022923 	 -0.004651
  159 	 -0.333333 	 -0.023174 	 -0.004831
  160 	 -0.333333 	 -0.023014 	 -0.004762
  161 	 -0.333333 	 -0.022980 	 -0.004717
  162 	 -0.333333 	 -0.023013 	 -0.004739
  163 	 -0.333333 	 -0.022141 	 -0.004505
  164 	 -0.333333 	 -0.023062 	 -0.004695
  165 	 -0.333333 	 -0.023012 	 -0.004808
  166 	 -0.333333 	 -0.023004 	 -0.004695
  167 	 -0.333333 	 -0.023091 	 -0.004878
  168 	 -0.333333 	 -0.024240 	 -0.004854
  169 	 -0.333333 	 -0.023157 	 -0.004854
  170 	 -0.333333 	 -0.022335 	 -0.004630
  171 	 -0.333333 	 -0.023236 	 -0.004808
  172 	 -0.333333 	 -0.023014 	 -0.004762
  173 	 -0.333333 	 -0.022993 	 -0.004739
  174 	 -0.333333 	 -0.023036 	 -0.004785
  175 	 -0.333333 	 -0.023042 	 -0.004785
  176 	 -0.333333 	 -0.022968 	 -0.004717
  177 	 -0.333333 	 -0.022846 	 -0.004739
  178 	 -0.333333 	 -0.023294 	 -0.004926
  179 	 -0.333333 	 -0.023664 	 -0.004902
  180 	 -0.333333 	 -0.023014 	 -0.004762
  181 	 -0.333333 	 -0.023067 	 -0.004673
  182 	 -0.333333 	 -0.023124 	 -0.004926
  183 	 -0.333333 	 -0.023094 	 -0.004808
  184 	 -0.333333 	 -0.023027 	 -0.004808
  185 	 -0.333333 	 -0.023073 	 -0.004808
  186 	 -0.333333 	 -0.025326 	 -0.004831
  187 	 -0.333333 	 -0.023014 	 -0.004762
  188 	 -0.333333 	 -0.023024 	 -0.004785
  189 	 -0.333333 	 -0.022906 	 -0.004587
  190 	 -0.250000 	 -0.020090 	 -0.004367
  191 	 -0.166667 	 -0.014617 	 -0.003311
  192 	 -0.166667 	 -0.011887 	 -0.002525
  193 	 -0.166667 	 -0.011501 	 -0.002358
  194 	 -0.166667 	 -0.011505 	 -0.002353
  195 	 -0.166667 	 -0.011555 	 -0.002387
  196 	 -0.166667 	 -0.011465 	 -0.002353
  197 	 -0.166667 	 -0.011432 	 -0.002364
  198 	 -0.166667 	 -0.011532 	 -0.002398
  199 	 -0.166667 	 -0.011500 	 -0.002375
  200 	 -0.166667 	 -0.011507 	 -0.002381
  201 	 -0.166667 	 -0.011522 	 -0.002398
  202 	 -0.166667 	 -0.012013 	 -0.002398
  203 	 -0.166667 	 -0.011511 	 -0.002387
  204 	 -0.166667 	 -0.011511 	 -0.002381
  205 	 -0.166667 	 -0.011507 	 -0.002381
  206 	 -0.166667 	 -0.011507 	 -0.002381
  207 	 -0.166667 	 -0.011633 	 -0.002370
  208 	 -0.166667 	 -0.011499 	 -0.002381
  209 	 -0.166667 	 -0.011581 	 -0.002404
  210 	 -0.166667 	 -0.011854 	 -0.002398
  211 	 -0.166667 	 -0.011497 	 -0.002392
  212 	 -0.166667 	 -0.011545 	 -0.002404
  213 	 -0.166667 	 -0.011133 	 -0.002353
  214 	 -0.166667 	 -0.011507 	 -0.002381
  215 	 -0.166667 	 -0.011507 	 -0.002381
  216 	 -0.166667 	 -0.011354 	 -0.002358
  217 	 -0.166667 	 -0.011625 	 -0.002404
  218 	 -0.166667 	 -0.011473 	 -0.002381
  219 	 -0.166667 	 -0.011507 	 -0.002381
  220 	 -0.166667 	 -0.011507 	 -0.002381
  221 	 -0.166667 	 -0.011507 	 -0.002381
  222 	 -0.166667 	 -0.011501 	 -0.002387
  223 	 -0.166667 	 -0.011503 	 -0.002370
  224 	 -0.166667 	 -0.011503 	 -0.002375
  225 	 -0.166667 	 -0.011472 	 -0.002404
  226 	 -0.166667 	 -0.011449 	 -0.002331
  227 	 -0.166667 	 -0.011497 	 -0.002375
  228 	 -0.166667 	 -0.011501 	 -0.002387
  229 	 -0.166667 	 -0.011434 	 -0.002370
  230 	 -0.166667 	 -0.011506 	 -0.002375
  231 	 -0.166667 	 -0.011411 	 -0.002370
  232 	 -0.166667 	 -0.011518 	 -0.002387
  233 	 -0.166667 	 -0.011507 	 -0.002381
  234 	 -0.166667 	 -0.011509 	 -0.002398
  235 	 -0.166667 	 -0.011488 	 -0.002375
  236 	 -0.166667 	 -0.011507 	 -0.002381
  237 	 -0.166667 	 -0.011494 	 -0.002358
  238 	 -0.166667 	 -0.011812 	 -0.002387
  239 	 -0.166667 	 -0.011507 	 -0.002381
  240 	 -0.166667 	 -0.011507 	 -0.002381
  241 	 -0.166667 	 -0.011536 	 -0.002387
  242 	 -0.166667 	 -0.011522 	 -0.002392
  243 	 -0.166667 	 -0.011549 	 -0.002381
  244 	 -0.166667 	 -0.011500 	 -0.002381
  245 	 -0.166667 	 -0.011507 	 -0.002387
  246 	 -0.166667 	 -0.011507 	 -0.002381
  247 	 -0.166667 	 -0.011474 	 -0.002358
  248 	 -0.166667 	 -0.011515 	 -0.002387
  249 	 -0.166667 	 -0.011510 	 -0.002392
  250 	 -0.166667 	 -0.011510 	 -0.002381
  251 	 -0.166667 	 -0.011664 	 -0.002398
  252 	 -0.166667 	 -0.011508 	 -0.002381
  253 	 -0.166667 	 -0.011716 	 -0.002398
  254 	 -0.166667 	 -0.011574 	 -0.002433
  255 	 -0.166667 	 -0.011507 	 -0.002381
  256 	 -0.166667 	 -0.011555 	 -0.002387
  257 	 -0.166667 	 -0.011496 	 -0.002375
  258 	 -0.166667 	 -0.011491 	 -0.002375
  259 	 -0.166667 	 -0.011499 	 -0.002375
  260 	 -0.166667 	 -0.011545 	 -0.002404
  261 	 -0.166667 	 -0.011211 	 -0.002370
  262 	 -0.166667 	 -0.011507 	 -0.002392
  263 	 -0.166667 	 -0.011461 	 -0.002370
  264 	 -0.166667 	 -0.011422 	 -0.002358
  265 	 -0.166667 	 -0.011504 	 -0.002375
  266 	 -0.166667 	 -0.011268 	 -0.002326
  267 	 -0.166667 	 -0.011507 	 -0.002381
  268 	 -0.166667 	 -0.011507 	 -0.002381
  269 	 -0.166667 	 -0.011527 	 -0.002398
  270 	 -0.166667 	 -0.011507 	 -0.002381
  271 	 -0.166667 	 -0.011442 	 -0.002358
  272 	 -0.166667 	 -0.011531 	 -0.002398
  273 	 -0.166667 	 -0.011512 	 -0.002387
  274 	 -0.166667 	 -0.011506 	 -0.002375
  275 	 -0.166667 	 -0.011721 	 -0.002387
  276 	 -0.166667 	 -0.011563 	 -0.002439
  277 	 -0.166667 	 -0.011394 	 -0.002392
  278 	 -0.166667 	 -0.011466 	 -0.002375
  279 	 -0.166667 	 -0.011678 	 -0.002427
  280 	 -0.166667 	 -0.011340 	 -0.002375
  281 	 -0.166667 	 -0.011774 	 -0.002463
  282 	 -0.166667 	 -0.011504 	 -0.002387
  283 	 -0.166667 	 -0.011507 	 -0.002375
  284 	 -0.166667 	 -0.012035 	 -0.002387
  285 	 -0.166667 	 -0.011582 	 -0.002404
  286 	 -0.166667 	 -0.010855 	 -0.002347
  287 	 -0.166667 	 -0.011507 	 -0.002381
  288 	 -0.166667 	 -0.011512 	 -0.002392
  289 	 -0.166667 	 -0.011507 	 -0.002381
  290 	 -0.166667 	 -0.011492 	 -0.002353
  291 	 -0.166667 	 -0.011507 	 -0.002381
  292 	 -0.166667 	 -0.011579 	 -0.002387
  293 	 -0.166667 	 -0.011741 	 -0.002404
  294 	 -0.166667 	 -0.011526 	 -0.002392
  295 	 -0.166667 	 -0.011507 	 -0.002381
  296 	 -0.166667 	 -0.011449 	 -0.002358
  297 	 -0.166667 	 -0.011441 	 -0.002375
  298 	 -0.166667 	 -0.011507 	 -0.002381
  299 	 -0.166667 	 -0.011507 	 -0.002381
  300 	 -0.166667 	 -0.011560 	 -0.002410
  301 	 -0.166667 	 -0.011509 	 -0.002387
  302 	 -0.166667 	 -0.011478 	 -0.002415
  303 	 -0.166667 	 -0.011531 	 -0.002392
  304 	 -0.166667 	 -0.011507 	 -0.002404
  305 	 -0.166667 	 -0.013335 	 -0.002747
  306 	 -0.166667 	 -0.011481 	 -0.002358
  307 	 -0.166667 	 -0.011536 	 -0.002370
  308 	 -0.166667 	 -0.011472 	 -0.002364
  309 	 -0.166667 	 -0.011516 	 -0.002381
  310 	 -0.166667 	 -0.011507 	 -0.002381
  311 	 -0.166667 	 -0.011507 	 -0.002381
  312 	 -0.166667 	 -0.011508 	 -0.002392
  313 	 -0.166667 	 -0.011515 	 -0.002398
  314 	 -0.166667 	 -0.011507 	 -0.002381
  315 	 -0.166667 	 -0.011704 	 -0.002421
  316 	 -0.166667 	 -0.011509 	 -0.002387
  317 	 -0.166667 	 -0.011678 	 -0.002392
  318 	 -0.166667 	 -0.011507 	 -0.002381
  319 	 -0.166667 	 -0.011769 	 -0.002398
  320 	 -0.166667 	 -0.011488 	 -0.002375
  321 	 -0.166667 	 -0.011506 	 -0.002358
  322 	 -0.166667 	 -0.011531 	 -0.002398
  323 	 -0.166667 	 -0.011552 	 -0.002398
  324 	 -0.166667 	 -0.011538 	 -0.002415
  325 	 -0.166667 	 -0.011460 	 -0.002375
  326 	 -0.166667 	 -0.011658 	 -0.002415
  327 	 -0.166667 	 -0.011529 	 -0.002404
  328 	 -0.166667 	 -0.011507 	 -0.002381
  329 	 -0.166667 	 -0.011477 	 -0.002370
  330 	 -0.166667 	 -0.011597 	 -0.002410
  331 	 -0.166667 	 -0.011483 	 -0.002375
  332 	 -0.166667 	 -0.011618 	 -0.002398
  333 	 -0.166667 	 -0.011248 	 -0.002353
  334 	 -0.166667 	 -0.011522 	 -0.002421
  335 	 -0.166667 	 -0.011507 	 -0.002381
  336 	 -0.166667 	 -0.011523 	 -0.002404
  337 	 -0.166667 	 -0.011507 	 -0.002381
  338 	 -0.166667 	 -0.011593 	 -0.002439
  339 	 -0.166667 	 -0.011507 	 -0.002387
  340 	 -0.166667 	 -0.011540 	 -0.002404
  341 	 -0.166667 	 -0.011641 	 -0.002427
  342 	 -0.166667 	 -0.011432 	 -0.002364
  343 	 -0.166667 	 -0.011507 	 -0.002381
  344 	 -0.166667 	 -0.011730 	 -0.002387
  345 	 -0.166667 	 -0.011507 	 -0.002381
  346 	 -0.166667 	 -0.011269 	 -0.002375
  347 	 -0.166667 	 -0.011509 	 -0.002387
  348 	 -0.166667 	 -0.011269 	 -0.002375
  349 	 -0.166667 	 -0.011507 	 -0.002381
  350 	 -0.166667 	 -0.011523 	 -0.002387
  351 	 -0.166667 	 -0.011527 	 -0.002392
  352 	 -0.166667 	 -0.011574 	 -0.002421
  353 	 -0.166667 	 -0.011507 	 -0.002381
  354 	 -0.166667 	 -0.011525 	 -0.002398
  355 	 -0.166667 	 -0.011516 	 -0.002392
  356 	 -0.166667 	 -0.011282 	 -0.002347
  357 	 -0.166667 	 -0.011507 	 -0.002381
  358 	 -0.166667 	 -0.011545 	 -0.002410
  359 	 -0.166667 	 -0.011507 	 -0.002381
  360 	 -0.166667 	 -0.011514 	 -0.002404
  361 	 -0.166667 	 -0.011507 	 -0.002381
  362 	 -0.166667 	 -0.011529 	 -0.002398
  363 	 -0.166667 	 -0.011501 	 -0.002375
  364 	 -0.166667 	 -0.011507 	 -0.002381
  365 	 -0.166667 	 -0.011521 	 -0.002392
  366 	 -0.166667 	 -0.011487 	 -0.002375
  367 	 -0.166667 	 -0.011502 	 -0.002347
  368 	 -0.090909 	 -0.008273 	 -0.002083
  369 	 -0.090909 	 -0.006431 	 -0.001408
  370 	 -0.090909 	 -0.006292 	 -0.001311
  371 	 -0.090909 	 -0.006283 	 -0.001305
  372 	 -0.090909 	 -0.006276 	 -0.001299
  373 	 -0.090909 	 -0.006251 	 -0.001292
  374 	 -0.090909 	 -0.006276 	 -0.001299
  375 	 -0.090909 	 -0.006281 	 -0.001307
  376 	 -0.090909 	 -0.006276 	 -0.001299
  377 	 -0.125000 	 -0.007099 	 -0.001314
  378 	 -0.125000 	 -0.008021 	 -0.001597
  379 	 -0.125000 	 -0.008824 	 -0.001802
  380 	 -0.111111 	 -0.008296 	 -0.001779
  381 	 -0.111111 	 -0.007776 	 -0.001621
  382 	 -0.111111 	 -0.007816 	 -0.001618
  383 	 -0.111111 	 -0.007682 	 -0.001587
  384 	 -0.111111 	 -0.007671 	 -0.001587
  385 	 -0.111111 	 -0.007307 	 -0.001582
  386 	 -0.111111 	 -0.007672 	 -0.001590
  387 	 -0.111111 	 -0.007696 	 -0.001590
  388 	 -0.111111 	 -0.007674 	 -0.001592
  389 	 -0.111111 	 -0.007671 	 -0.001587
  390 	 -0.111111 	 -0.007671 	 -0.001587
  391 	 -0.111111 	 -0.007671 	 -0.001587
  392 	 -0.166667 	 -0.008840 	 -0.001595
  393 	 -0.166667 	 -0.010487 	 -0.002165
  394 	 -0.166667 	 -0.011511 	 -0.002392
  395 	 -0.166667 	 -0.011531 	 -0.002387
  396 	 -0.166667 	 -0.011568 	 -0.002404
  397 	 -0.166667 	 -0.011507 	 -0.002392
  398 	 -0.166667 	 -0.011547 	 -0.002392
  399 	 -0.166667 	 -0.011552 	 -0.002410
 