   0 	 -1.000000 	 -0.078862 	 1.000000
    1 	 -0.333333 	 -0.023014 	 -0.004762
    2 	 -0.500000 	 -0.027448 	 -0.005076
    3 	 -0.500000 	 -0.034160 	 -0.006944
    4 	 -0.500000 	 -0.034547 	 -0.007194
    5 	 -0.500000 	 -0.034520 	 -0.007143
    6 	 -0.500000 	 -0.034463 	 -0.006993
    7 	 -0.500000 	 -0.034592 	 -0.007353
    8 	 -0.500000 	 -0.033724 	 -0.006993
    9 	 -0.500000 	 -0.034692 	 -0.006993
   10 	 -0.500000 	 -0.034577 	 -0.007194
   11 	 -0.500000 	 -0.034042 	 -0.007092
   12 	 -0.500000 	 -0.034437 	 -0.007042
   13 	 -0.500000 	 -0.034045 	 -0.006803
   14 	 -0.500000 	 -0.034520 	 -0.007143
   15 	 -0.500000 	 -0.034965 	 -0.007407
   16 	 -0.500000 	 -0.034520 	 -0.007143
   17 	 -0.500000 	 -0.034409 	 -0.006993
   18 	 -0.500000 	 -0.034395 	 -0.007194
   19 	 -0.500000 	 -0.034437 	 -0.007092
   20 	 -0.500000 	 0.101400 	 10.000000
   21 	 0.007042 	 0.034015 	 0.500000
   22 	 0.006993 	 0.033926 	 0.500000
   23 	 0.007042 	 0.034396 	 0.500000
   24 	 0.007194 	 0.034533 	 0.500000
   25 	 0.007194 	 0.036038 	 0.500000
   26 	 0.007576 	 0.034851 	 0.500000
   27 	 0.007246 	 0.034579 	 0.500000
   28 	 0.007246 	 0.031438 	 0.500000
   29 	 0.006536 	 0.033139 	 0.500000
   30 	 0.006711 	 0.033636 	 0.500000
   31 	 0.006452 	 0.032206 	 0.500000
   32 	 0.006410 	 0.027285 	 0.250000
   33 	 0.006250 	 0.029744 	 0.500000
   34 	 0.005780 	 0.032257 	 0.500000
   35 	 0.006452 	 0.032376 	 0.500000
   36 	 0.006711 	 0.033815 	 0.500000
   37 	 0.007042 	 0.034509 	 0.500000
   38 	 0.007353 	 0.034834 	 0.500000
   39 	 0.007042 	 0.034390 	 0.500000
   40 	 0.007042 	 0.034478 	 0.500000
   41 	 0.007246 	 0.034628 	 0.500000
   42 	 0.007042 	 0.033430 	 0.500000
   43 	 0.006849 	 0.033348 	 0.500000
   44 	 0.006667 	 0.032309 	 0.500000
   45 	 0.006623 	 0.034376 	 0.500000
   46 	 0.007407 	 0.037027 	 0.500000
   47 	 0.007143 	 0.034520 	 0.500000
   48 	 0.007143 	 0.034520 	 0.500000
   49 	 0.007092 	 0.034096 	 0.500000
   50 	 0.007143 	 0.034322 	 0.500000
   51 	 0.006944 	 0.033939 	 0.500000
   52 	 0.006849 	 0.032557 	 0.500000
   53 	 0.006897 	 0.034396 	 0.500000
   54 	 0.007299 	 0.034547 	 0.500000
   55 	 0.007143 	 0.034204 	 0.500000
   56 	 0.007042 	 0.034296 	 0.500000
   57 	 0.007143 	 0.034520 	 0.500000
   58 	 0.007092 	 0.038267 	 0.500000
   59 	 0.007937 	 0.035688 	 0.500000
   60 	 0.007299 	 0.034575 	 0.500000
   61 	 0.007299 	 0.034675 	 0.500000
   62 	 0.007092 	 0.034504 	 0.500000
   63 	 0.007042 	 0.034433 	 0.500000
   64 	 0.007042 	 0.034245 	 0.500000
   65 	 0.007143 	 0.034520 	 0.500000
   66 	 0.007143 	 0.034520 	 0.500000
   67 	 0.007353 	 0.034667 	 0.500000
   68 	 0.007634 	 0.035054 	 0.500000
   69 	 0.007353 	 0.034572 	 0.500000
   70 	 0.007299 	 0.034859 	 0.500000
   71 	 0.006803 	 0.034353 	 0.500000
   72 	 0.006711 	 0.032281 	 0.500000
   73 	 0.006849 	 0.033775 	 0.500000
   74 	 0.007299 	 0.034547 	 0.500000
   75 	 0.007042 	 0.034482 	 0.500000
   76 	 0.007042 	 0.034120 	 0.500000
   77 	 0.006944 	 0.034135 	 0.500000
   78 	 0.006803 	 0.034010 	 0.500000
   79 	 0.006452 	 0.033813 	 0.500000
   80 	 0.007092 	 0.034465 	 0.500000
   81 	 0.007299 	 0.034937 	 0.500000
   82 	 0.007353 	 0.034551 	 0.500000
   83 	 0.007143 	 0.034520 	 0.500000
   84 	 0.007143 	 0.034520 	 0.500000
   85 	 0.007194 	 0.034515 	 0.500000
   86 	 0.007194 	 0.034587 	 0.500000
   87 	 0.007194 	 0.034580 	 0.500000
   88 	 0.007092 	 0.034103 	 0.500000
   89 	 0.006993 	 0.032077 	 0.500000
   90 	 0.006135 	 0.031627 	 0.500000
   91 	 0.006173 	 0.030107 	 0.500000
   92 	 0.006494 	 0.029215 	 0.500000
   93 	 0.006944 	 0.032058 	 0.500000
   94 	 0.006623 	 0.048254 	 1.000000
   95 	 -1.000000 	 0.041376 	 1.000000
   96 	 0.010870 	 0.072115 	 1.000000
   97 	 -1.000000 	 0.072592 	 1.000000
   98 	 -1.000000 	 0.220675 	 10.000000
   99 	 -1.000000 	 0.571227 	 10.000000
  100 	 -0.200000 	 -0.031772 	 -0.007092
  101 	 -1.000000 	 -0.027700 	 -0.003226
  102 	 -0.200000 	 -0.017400 	 -0.004587
  103 	 -0.200000 	 -0.014511 	 -0.002899
  104 	 -0.200000 	 -0.013805 	 -0.002841
  105 	 -0.200000 	 -0.013795 	 -0.002833
  106 	 -0.200000 	 -0.013764 	 -0.002793
  107 	 -0.200000 	 -0.013853 	 -0.002899
  108 	 -0.200000 	 -0.013808 	 -0.002857
  109 	 -0.200000 	 -0.013808 	 -0.002857
  110 	 -0.200000 	 -0.013808 	 -0.002857
  111 	 -0.200000 	 -0.013808 	 -0.002857
  112 	 -0.200000 	 -0.013808 	 -0.002857
  113 	 -0.200000 	 -0.014295 	 -0.002857
  114 	 -0.200000 	 -0.013948 	 -0.002959
  115 	 -0.200000 	 -0.013814 	 -0.002882
  116 	 -0.200000 	 -0.014695 	 -0.003125
  117 	 -0.200000 	 -0.014039 	 -0.003040
  118 	 -0.200000 	 -0.014881 	 -0.003125
  119 	 -0.200000 	 -0.013851 	 -0.002874
  120 	 -0.200000 	 -0.013819 	 -0.002882
  121 	 -0.250000 	 -0.014866 	 -0.002857
  122 	 -0.250000 	 -0.016905 	 -0.003378
  123 	 -0.250000 	 -0.017260 	 -0.003571
  124 	 -0.250000 	 -0.017279 	 -0.003571
  125 	 -0.250000 	 -0.017242 	 -0.003559
  126 	 -0.250000 	 -0.017299 	 -0.003610
  127 	 -0.250000 	 -0.017305 	 -0.003584
  128 	 -0.250000 	 -0.017207 	 -0.003559
  129 	 -0.250000 	 -0.017260 	 -0.003571
  130 	 -0.250000 	 -0.017299 	 -0.003610
  131 	 -0.250000 	 -0.017260 	 -0.003571
  132 	 -0.250000 	 -0.017317 	 -0.003636
  133 	 -0.250000 	 -0.017392 	 -0.003546
  134 	 -0.250000 	 -0.017260 	 -0.003571
  135 	 -0.125000 	 -0.013927 	 -0.003571
  136 	 -0.125000 	 -0.009786 	 -0.001908
  137 	 -0.125000 	 -0.008633 	 -0.001792
  138 	 -0.125000 	 -0.008662 	 -0.001802
  139 	 -0.125000 	 -0.008633 	 -0.001789
  140 	 -0.125000 	 -0.008630 	 -0.001786
  141 	 -0.125000 	 -0.008632 	 -0.001792
  142 	 -0.125000 	 -0.008557 	 -0.001779
  143 	 -0.125000 	 -0.008639 	 -0.001812
  144 	 -0.125000 	 -0.008728 	 -0.001815
  145 	 -0.125000 	 -0.008631 	 -0.001789
  146 	 -0.125000 	 -0.008653 	 -0.001808
  147 	 -0.125000 	 -0.008630 	 -0.001786
  148 	 -0.125000 	 -0.008630 	 -0.001786
  149 	 -0.125000 	 -0.008631 	 -0.001792
  150 	 -0.125000 	 -0.008654 	 -0.001795
  151 	 -0.125000 	 -0.008632 	 -0.001792
  152 	 -0.125000 	 -0.008604 	 -0.001779
  153 	 -0.125000 	 -0.008650 	 -0.001802
  154 	 -0.125000 	 -0.008631 	 -0.001799
  155 	 -0.125000 	 -0.008628 	 -0.001789
  156 	 -0.125000 	 -0.008630 	 -0.001786
  157 	 -0.125000 	 -0.008636 	 -0.001802
  158 	 -0.125000 	 -0.008631 	 -0.001789
  159 	 -0.125000 	 -0.008786 	 -0.001795
  160 	 -0.125000 	 -0.008630 	 -0.001786
  161 	 -0.125000 	 -0.008630 	 -0.001786
  162 	 -0.125000 	 -0.008630 	 -0.001786
  163 	 -0.125000 	 -0.008631 	 -0.001789
  164 	 -0.125000 	 -0.008642 	 -0.001789
  165 	 -0.125000 	 -0.008687 	 -0.001795
  166 	 -0.125000 	 -0.008630 	 -0.001786
  167 	 -0.125000 	 -0.008725 	 -0.001799
  168 	 -0.125000 	 -0.008635 	 -0.001789
  169 	 -0.125000 	 -0.008631 	 -0.001799
  170 	 -0.125000 	 -0.008630 	 -0.001786
  171 	 -0.125000 	 -0.008618 	 -0.001779
  172 	 -0.125000 	 -0.008649 	 -0.001792
  173 	 -0.125000 	 -0.008760 	 -0.001799
  174 	 -0.125000 	 -0.008630 	 -0.001786
  175 	 -0.125000 	 -0.008637 	 -0.001792
  176 	 -0.125000 	 -0.008630 	 -0.001786
  177 	 -0.125000 	 -0.008641 	 -0.001799
  178 	 -0.125000 	 -0.008630 	 -0.001786
  179 	 -0.125000 	 -0.008640 	 -0.001792
  180 	 -0.125000 	 -0.008630 	 -0.001789
  181 	 -0.125000 	 -0.008632 	 -0.001792
  182 	 -0.125000 	 -0.008633 	 -0.001802
  183 	 -0.125000 	 -0.008622 	 -0.001786
  184 	 -0.125000 	 -0.008897 	 -0.001802
  185 	 -0.125000 	 -0.008630 	 -0.001786
  186 	 -0.125000 	 -0.008630 	 -0.001786
  187 	 -0.125000 	 -0.008615 	 -0.001786
  188 	 -0.125000 	 -0.008630 	 -0.001786
  189 	 -0.125000 	 -0.008630 	 -0.001786
  190 	 -0.125000 	 -0.008628 	 -0.001779
  191 	 -0.125000 	 -0.008621 	 -0.001783
  192 	 -0.125000 	 -0.008656 	 -0.001789
  193 	 -0.125000 	 -0.008630 	 -0.001786
  194 	 -0.125000 	 -0.008710 	 -0.001799
  195 	 -0.125000 	 -0.008601 	 -0.001783
  196 	 -0.125000 	 -0.008651 	 -0.001789
  197 	 -0.125000 	 -0.008618 	 -0.001792
  198 	 -0.125000 	 -0.008630 	 -0.001786
  199 	 -0.125000 	 -0.008624 	 -0.001779
  200 	 -0.125000 	 -0.008600 	 -0.001783
  201 	 -0.125000 	 -0.008661 	 -0.001815
  202 	 -0.166667 	 -0.009533 	 -0.001805
  203 	 -0.166667 	 -0.010865 	 -0.002183
  204 	 -0.166667 	 -0.011492 	 -0.002375
  205 	 -0.166667 	 -0.011506 	 -0.002375
  206 	 -0.166667 	 -0.011490 	 -0.002370
  207 	 -0.166667 	 -0.011513 	 -0.002387
  208 	 -0.166667 	 -0.011507 	 -0.002381
  209 	 -0.166667 	 -0.011476 	 -0.002364
  210 	 -0.500000 	 -0.017572 	 -0.002415
  211 	 -0.500000 	 -0.024960 	 -0.004132
  212 	 -0.166667 	 -0.018873 	 -0.004255
  213 	 -0.500000 	 -0.017724 	 -0.002558
  214 	 -0.500000 	 -0.024025 	 -0.004386
  215 	 -0.500000 	 -0.034203 	 -0.007299
  216 	 -0.333333 	 -0.030187 	 -0.007092
  217 	 -0.500000 	 -0.028438 	 -0.005128
  218 	 -0.500000 	 -0.032522 	 -0.006024
  219 	 -0.500000 	 -0.034520 	 -0.007143
  220 	 -0.500000 	 -0.034459 	 -0.007042
  221 	 -0.500000 	 0.108119 	 10.000000
  222 	 0.125000 	 5.502296 	 10.000000
  223 	 0.333333 	 4.890476 	 10.000000
  224 	 10.000000 	 10.000000 	 10.000000
  225 	 10.000000 	 10.000000 	 10.000000
  226 	 -0.500000 	 4.000000 	 10.000000
  227 	 1.000000 	 7.428571 	 10.000000
  228 	 0.200000 	 2.939048 	 10.000000
  229 	 1.000000 	 4.214286 	 10.000000
  230 	 -0.500000 	 4.392857 	 10.000000
  231 	 1.000000 	 2.028571 	 10.000000
  232 	 1.000000 	 6.400000 	 10.000000
  233 	 0.142857 	 1.417687 	 10.000000
  234 	 -0.250000 	 3.043095 	 10.000000
  235 	 10.000000 	 10.000000 	 10.000000
  236 	 1.000000 	 8.842857 	 10.000000
  237 	 0.166667 	 1.012857 	 10.000000
  238 	 1.000000 	 5.757143 	 10.000000
  239 	 -0.500000 	 1.407143 	 10.000000
  240 	 10.000000 	 10.000000 	 10.000000
  241 	 -1.000000 	 3.557143 	 10.000000
  242 	 10.000000 	 10.000000 	 10.000000
  243 	 -1.000000 	 1.704762 	 10.000000
  244 	 0.142857 	 2.468980 	 10.000000
  245 	 -0.500000 	 2.050000 	 10.000000
  246 	 0.333333 	 7.928571 	 10.000000
  247 	 10.000000 	 10.000000 	 10.000000
  248 	 10.000000 	 10.000000 	 10.000000
  249 	 -0.500000 	 0.700000 	 10.000000
  250 	 -1.000000 	 1.520000 	 10.000000
  251 	 -0.250000 	 1.721429 	 10.000000
  252 	 1.000000 	 5.628571 	 10.000000
  253 	 0.200000 	 2.300000 	 10.000000
  254 	 0.333333 	 9.033333 	 10.000000
  255 	 10.000000 	 10.000000 	 10.000000
  256 	 0.200000 	 0.240714 	 0.250000
  257 	 0.111111 	 0.627579 	 10.000000
  258 	 1.000000 	 2.028571 	 10.000000
  259 	 10.000000 	 10.000000 	 10.000000
  260 	 10.000000 	 10.000000 	 10.000000
  261 	 -0.500000 	 6.873810 	 10.000000
  262 	 10.000000 	 10.000000 	 10.000000
  263 	 -1.000000 	 -0.180952 	 10.000000
  264 	 10.000000 	 10.000000 	 10.000000
  265 	 1.000000 	 9.100000 	 10.000000
  266 	 -1.000000 	 5.585714 	 10.000000
  267 	 -1.000000 	 5.914286 	 10.000000
  268 	 10.000000 	 10.000000 	 10.000000
  269 	 10.000000 	 10.000000 	 10.000000
  270 	 -0.250000 	 9.121429 	 10.000000
  271 	 0.200000 	 1.637857 	 10.000000
  272 	 -0.500000 	 1.000000 	 10.000000
  273 	 0.166667 	 0.566667 	 10.000000
  274 	 0.083333 	 0.331602 	 10.000000
  275 	 -1.000000 	 4.961905 	 10.000000
  276 	 -0.500000 	 7.164286 	 10.000000
  277 	 -1.000000 	 4.229762 	 10.000000
  278 	 1.000000 	 3.185714 	 10.000000
  279 	 -0.500000 	 2.050000 	 10.000000
  280 	 10.000000 	 10.000000 	 10.000000
  281 	 -0.500000 	 7.150000 	 10.000000
  282 	 10.000000 	 10.000000 	 10.000000
  283 	 10.000000 	 10.000000 	 10.000000
  284 	 -1.000000 	 4.400000 	 10.000000
  285 	 0.333333 	 0.388095 	 0.500000
  286 	 -1.000000 	 2.826190 	 10.000000
  287 	 -1.000000 	 3.835714 	 10.000000
  288 	 -1.000000 	 1.257619 	 10.000000
  289 	 0.500000 	 2.771429 	 10.000000
  290 	 0.166667 	 4.926905 	 10.000000
  291 	 0.166667 	 3.017143 	 10.000000
  292 	 1.000000 	 1.642857 	 10.000000
  293 	 1.000000 	 5.628571 	 10.000000
  294 	 -1.000000 	 4.011429 	 10.000000
  295 	 -1.000000 	 1.038095 	 10.000000
  296 	 1.000000 	 1.128571 	 10.000000
  297 	 1.000000 	 4.857143 	 10.000000
  298 	 10.000000 	 10.000000 	 10.000000
  299 	 1.000000 	 6.528571 	 10.000000
  300 	 10.000000 	 10.000000 	 10.000000
  301 	 10.000000 	 10.000000 	 10.000000
  302 	 -1.000000 	 8.142857 	 10.000000
  303 	 -0.500000 	 3.600000 	 10.000000
  304 	 1.000000 	 6.271429 	 10.000000
  305 	 0.500000 	 6.242857 	 10.000000
  306 	 -0.500000 	 3.550000 	 10.000000
  307 	 0.250000 	 1.103571 	 10.000000
  308 	 10.000000 	 10.000000 	 10.000000
  309 	 10.000000 	 10.000000 	 10.000000
  310 	 -1.000000 	 5.476190 	 10.000000
  311 	 -0.333333 	 7.638095 	 10.000000
  312 	 0.500000 	 5.785714 	 10.000000
  313 	 -0.500000 	 1.364286 	 10.000000
  314 	 -0.250000 	 1.570238 	 10.000000
  315 	 10.000000 	 10.000000 	 10.000000
  316 	 0.125000 	 3.235000 	 10.000000
  317 	 0.142857 	 3.695102 	 10.000000
  318 	 10.000000 	 10.000000 	 10.000000
  319 	 10.000000 	 10.000000 	 10.000000
  320 	 -0.333333 	 9.114286 	 10.000000
  321 	 -0.500000 	 0.400000 	 10.000000
  322 	 0.250000 	 2.211905 	 10.000000
  323 	 -0.500000 	 2.319048 	 10.000000
  324 	 0.142857 	 4.112653 	 10.000000
  325 	 1.000000 	 8.971429 	 10.000000
  326 	 -0.333333 	 -0.140476 	 10.000000
  327 	 -0.500000 	 2.667857 	 10.000000
  328 	 -0.500000 	 0.250000 	 10.000000
  329 	 10.000000 	 10.000000 	 10.000000
  330 	 0.200000 	 2.459286 	 10.000000
  331 	 10.000000 	 10.000000 	 10.000000
  332 	 -0.250000 	 6.046429 	 10.000000
  333 	 0.200000 	 8.460000 	 10.000000
  334 	 -0.250000 	 6.192857 	 10.000000
  335 	 1.000000 	 2.414286 	 10.000000
  336 	 10.000000 	 10.000000 	 10.000000
  337 	 1.000000 	 6.914286 	 10.000000
  338 	 10.000000 	 10.000000 	 10.000000
  339 	 0.500000 	 5.521429 	 10.000000
  340 	 1.000000 	 1.900000 	 10.000000
  341 	 10.000000 	 10.000000 	 10.000000
  342 	 0.250000 	 6.646429 	 10.000000
  343 	 -1.000000 	 0.302857 	 10.000000
  344 	 0.083333 	 1.686176 	 10.000000
  345 	 -0.333333 	 1.514286 	 10.000000
  346 	 0.333333 	 3.371429 	 10.000000
  347 	 -0.500000 	 2.885714 	 10.000000
  348 	 -1.000000 	 -0.269524 	 10.000000
  349 	 10.000000 	 10.000000 	 10.000000
  350 	 -1.000000 	 4.700000 	 10.000000
  351 	 -0.500000 	 2.950000 	 10.000000
  352 	 -0.250000 	 5.607143 	 10.000000
  353 	 -0.250000 	 8.828571 	 10.000000
  354 	 0.250000 	 5.542857 	 10.000000
  355 	 -0.333333 	 4.571429 	 10.000000
  356 	 10.000000 	 10.000000 	 10.000000
  357 	 -0.250000 	 6.778571 	 10.000000
  358 	 0.333333 	 5.442857 	 10.000000
  359 	 0.250000 	 0.726190 	 10.000000
  360 	 -1.000000 	 6.871429 	 10.000000
  361 	 0.100000 	 1.421293 	 10.000000
  362 	 -1.000000 	 0.357143 	 10.000000
  363 	 0.200000 	 1.180000 	 10.000000
  364 	 -0.333333 	 1.338095 	 10.000000
  365 	 -0.500000 	 6.700000 	 10.000000
  366 	 10.000000 	 10.000000 	 10.000000
  367 	 -0.500000 	 3.173810 	 10.000000
  368 	 10.000000 	 10.000000 	 10.000000
  369 	 -0.500000 	 1.578571 	 10.000000
  370 	 0.333333 	 2.076190 	 10.000000
  371 	 10.000000 	 10.000000 	 10.000000
  372 	 -1.000000 	 9.528571 	 10.000000
  373 	 0.142857 	 0.641497 	 10.000000
  374 	 -0.500000 	 2.414286 	 10.000000
  375 	 10.000000 	 10.000000 	 10.000000
  376 	 -1.000000 	 3.940952 	 10.000000
  377 	 -0.250000 	 7.510714 	 10.000000
  378 	 -0.500000 	 3.689286 	 10.000000
  379 	 -0.500000 	 3.981293 	 10.000000
  380 	 0.166667 	 0.916667 	 10.000000
  381 	 0.500000 	 0.707143 	 10.000000
  382 	 0.200000 	 3.176667 	 10.000000
  383 	 0.500000 	 5.385714 	 10.000000
  384 	 -0.500000 	 5.696429 	 10.000000
  385 	 0.250000 	 5.417857 	 10.000000
  386 	 1.000000 	 6.400000 	 10.000000
  387 	 -0.333333 	 2.633333 	 10.000000
  388 	 1.000000 	 5.242857 	 10.000000
  389 	 10.000000 	 10.000000 	 10.000000
  390 	 0.333333 	 9.723810 	 10.000000
  391 	 1.000000 	 7.942857 	 10.000000
  392 	 0.250000 	 3.732143 	 10.000000
  393 	 -1.000000 	 0.571429 	 10.000000
  394 	 -1.000000 	 2.831429 	 10.000000
  395 	 10.000000 	 10.000000 	 10.000000
  396 	 -0.500000 	 1.050000 	 10.000000
  397 	 0.500000 	 2.614286 	 10.000000
  398 	 0.142857 	 1.623469 	 10.000000
  399 	 -1.000000 	 2.835714 	 10.000000
 