   0 	 -0.333333 	 0.190816 	 10.000000
    1 	 -0.500000 	 0.247119 	 10.000000
    2 	 -0.500000 	 -0.035812 	 -0.007463
    3 	 -0.500000 	 -0.034449 	 -0.006993
    4 	 -0.500000 	 -0.034520 	 -0.007143
    5 	 -0.500000 	 -0.037174 	 -0.007194
    6 	 -0.500000 	 -0.034520 	 -0.007143
    7 	 -0.500000 	 -0.034520 	 -0.007143
    8 	 -0.500000 	 -0.034783 	 -0.007353
    9 	 -0.500000 	 -0.034520 	 -0.007143
   10 	 -0.500000 	 -0.033623 	 -0.007092
   11 	 -0.500000 	 -0.034453 	 -0.007299
   12 	 -0.500000 	 -0.034961 	 -0.007194
   13 	 -0.500000 	 -0.034579 	 -0.007194
   14 	 -0.500000 	 -0.034308 	 -0.007092
   15 	 -0.500000 	 -0.033644 	 -0.006993
   16 	 -0.500000 	 -0.034382 	 -0.007092
   17 	 -0.500000 	 -0.034520 	 -0.007143
   18 	 -0.500000 	 -0.034572 	 -0.007353
   19 	 -0.500000 	 -0.034520 	 -0.007143
   20 	 -0.500000 	 -0.035841 	 -0.007194
   21 	 -0.500000 	 -0.034520 	 -0.007143
   22 	 -0.500000 	 -0.034520 	 -0.007143
   23 	 -0.500000 	 -0.034530 	 -0.007194
   24 	 -0.500000 	 -0.034520 	 -0.007143
   25 	 -0.500000 	 -0.034520 	 -0.007143
   26 	 -0.500000 	 -0.034586 	 -0.007194
   27 	 -0.500000 	 -0.034449 	 -0.006897
   28 	 -0.500000 	 -0.034390 	 -0.007042
   29 	 -0.500000 	 -0.034520 	 -0.007143
   30 	 -0.500000 	 -0.032684 	 -0.006993
   31 	 -0.500000 	 -0.036857 	 -0.007194
   32 	 -0.500000 	 -0.034898 	 -0.007353
   33 	 -0.500000 	 -0.032902 	 -0.006803
   34 	 -0.500000 	 -0.034782 	 -0.007299
   35 	 -0.500000 	 -0.032419 	 -0.006329
   36 	 -0.500000 	 -0.034485 	 -0.007092
   37 	 -0.500000 	 -0.035979 	 -0.007143
   38 	 -0.500000 	 -0.030205 	 -0.005051
   39 	 -0.500000 	 -0.034472 	 -0.007042
   40 	 -0.500000 	 -0.034335 	 -0.007042
   41 	 -0.500000 	 -0.034318 	 -0.006993
   42 	 -0.500000 	 -0.034649 	 -0.007246
   43 	 -0.500000 	 -0.034512 	 -0.007092
   44 	 -0.500000 	 -0.034286 	 -0.006897
   45 	 -0.500000 	 -0.034501 	 -0.006993
   46 	 -0.500000 	 -0.035132 	 -0.007353
   47 	 -0.500000 	 -0.033282 	 -0.007092
   48 	 -0.500000 	 -0.034739 	 -0.007194
   49 	 -0.500000 	 -0.034520 	 -0.007143
   50 	 -0.500000 	 -0.034447 	 -0.007092
   51 	 -0.500000 	 -0.034633 	 -0.007194
   52 	 -0.500000 	 -0.034418 	 -0.006897
   53 	 -0.500000 	 -0.034462 	 -0.007042
   54 	 -0.500000 	 -0.034540 	 -0.007194
   55 	 -0.500000 	 -0.034420 	 -0.007092
   56 	 -0.500000 	 -0.034298 	 -0.006803
   57 	 -0.500000 	 -0.034993 	 -0.007299
   58 	 -0.500000 	 -0.031812 	 -0.006329
   59 	 -0.500000 	 -0.032994 	 -0.006369
   60 	 -0.500000 	 -0.033669 	 -0.006623
   61 	 -0.500000 	 -0.033871 	 -0.006993
   62 	 -0.500000 	 -0.034518 	 -0.007092
   63 	 -0.500000 	 -0.035837 	 -0.007143
   64 	 -0.500000 	 -0.034411 	 -0.006993
   65 	 -0.500000 	 -0.037301 	 -0.007194
   66 	 -0.500000 	 -0.034505 	 -0.006993
   67 	 -0.500000 	 -0.046501 	 -0.007519
   68 	 -0.500000 	 -0.041542 	 -0.007143
   69 	 -0.500000 	 -0.034520 	 -0.007143
   70 	 -0.500000 	 -0.034485 	 -0.007092
   71 	 -0.500000 	 -0.034520 	 -0.007143
   72 	 -0.500000 	 -0.034520 	 -0.007143
   73 	 -0.500000 	 -0.034520 	 -0.007143
   74 	 -0.500000 	 -0.034520 	 -0.007143
   75 	 -0.500000 	 -0.034110 	 -0.007092
   76 	 -0.500000 	 -0.034471 	 -0.007092
   77 	 -0.500000 	 -0.034512 	 -0.007092
   78 	 -0.500000 	 -0.034520 	 -0.007143
   79 	 -0.500000 	 -0.034520 	 -0.007143
   80 	 -0.500000 	 -0.040473 	 -0.007692
   81 	 -0.500000 	 -0.034520 	 -0.007143
   82 	 -0.500000 	 -0.034008 	 -0.007246
   83 	 -0.500000 	 -0.034451 	 -0.006849
   84 	 -0.500000 	 -0.026191 	 -0.004673
   85 	 -0.500000 	 -0.035338 	 -0.007407
   86 	 -0.500000 	 -0.034693 	 -0.007143
   87 	 -0.500000 	 -0.034402 	 -0.007092
   88 	 -0.500000 	 -0.039704 	 -0.008475
   89 	 -0.500000 	 -0.034605 	 -0.007194
   90 	 -0.500000 	 -0.034426 	 -0.007092
   91 	 -0.500000 	 -0.034224 	 -0.007042
   92 	 -0.500000 	 -0.036934 	 -0.007353
   93 	 -0.500000 	 -0.034496 	 -0.007042
   94 	 -0.500000 	 -0.034838 	 -0.007246
   95 	 -0.500000 	 -0.032969 	 -0.006897
   96 	 -0.200000 	 -0.025025 	 -0.006849
   97 	 -0.200000 	 -0.014581 	 -0.002994
   98 	 -0.200000 	 -0.013851 	 -0.002874
   99 	 -0.200000 	 -0.013751 	 -0.002841
  100 	 -0.200000 	 -0.013799 	 -0.002801
  101 	 -0.200000 	 -0.013808 	 -0.002857
  102 	 -0.200000 	 -0.013804 	 -0.002841
  103 	 -0.200000 	 -0.013807 	 -0.002849
  104 	 -0.200000 	 -0.013804 	 -0.002841
  105 	 -0.200000 	 -0.013808 	 -0.002857
  106 	 -0.200000 	 -0.013820 	 -0.002874
  107 	 -0.200000 	 -0.013808 	 -0.002857
  108 	 -0.200000 	 -0.013902 	 -0.002890
  109 	 -0.200000 	 -0.013896 	 -0.002899
  110 	 -0.200000 	 -0.013870 	 -0.002899
  111 	 -0.200000 	 -0.014075 	 -0.002915
  112 	 -0.200000 	 -0.013814 	 -0.002865
  113 	 -0.200000 	 -0.013808 	 -0.002857
  114 	 -0.200000 	 -0.013808 	 -0.002857
  115 	 -0.200000 	 -0.013887 	 -0.002924
  116 	 -0.200000 	 -0.013803 	 -0.002849
  117 	 -0.200000 	 -0.013780 	 -0.002849
  118 	 -0.200000 	 -0.013796 	 -0.002849
  119 	 -0.200000 	 -0.015223 	 -0.002924
  120 	 -0.200000 	 -0.013817 	 -0.002874
  121 	 -0.200000 	 -0.013808 	 -0.002857
  122 	 -0.200000 	 -0.013808 	 -0.002857
  123 	 -0.200000 	 -0.013808 	 -0.002857
  124 	 -0.200000 	 -0.013778 	 -0.002841
  125 	 -0.200000 	 -0.013808 	 -0.002857
  126 	 -0.200000 	 -0.013808 	 -0.002857
  127 	 -0.200000 	 -0.013808 	 -0.002857
  128 	 -0.200000 	 -0.013808 	 -0.002857
  129 	 -0.200000 	 -0.013810 	 -0.002865
  130 	 -0.200000 	 -0.013796 	 -0.002857
  131 	 -0.200000 	 -0.013807 	 -0.002849
  132 	 -0.200000 	 -0.013808 	 -0.002857
  133 	 -0.200000 	 -0.013808 	 -0.002857
  134 	 -0.200000 	 -0.013808 	 -0.002857
  135 	 -0.200000 	 -0.013808 	 -0.002857
  136 	 -0.200000 	 -0.013664 	 -0.002833
  137 	 -0.200000 	 -0.013808 	 -0.002857
  138 	 -0.200000 	 -0.013808 	 -0.002857
  139 	 -0.200000 	 -0.013801 	 -0.002857
  140 	 -0.200000 	 -0.014362 	 -0.002890
  141 	 -0.200000 	 -0.013749 	 -0.002841
  142 	 -0.200000 	 -0.013790 	 -0.002849
  143 	 -0.200000 	 -0.013999 	 -0.002833
  144 	 -0.200000 	 -0.013808 	 -0.002857
  145 	 -0.200000 	 -0.013819 	 -0.002857
  146 	 -0.200000 	 -0.014662 	 -0.002874
  147 	 -0.200000 	 -0.013927 	 -0.002890
  148 	 -0.200000 	 -0.013683 	 -0.002849
  149 	 -0.200000 	 -0.013800 	 -0.002841
  150 	 -0.200000 	 -0.013571 	 -0.002849
  151 	 -0.200000 	 -0.013808 	 -0.002857
  152 	 -0.200000 	 -0.013808 	 -0.002857
  153 	 -0.200000 	 -0.013808 	 -0.002857
  154 	 -0.200000 	 -0.013809 	 -0.002865
  155 	 -0.200000 	 -0.013808 	 -0.002857
  156 	 -0.200000 	 -0.013706 	 -0.002857
  157 	 -0.200000 	 -0.013930 	 -0.002882
  158 	 -0.200000 	 -0.013807 	 -0.002841
  159 	 -0.200000 	 -0.013808 	 -0.002857
  160 	 -0.200000 	 -0.013808 	 -0.002857
  161 	 -0.200000 	 -0.013829 	 -0.002874
  162 	 -0.200000 	 -0.013808 	 -0.002857
  163 	 -0.200000 	 -0.013755 	 -0.002809
  164 	 -0.200000 	 -0.013600 	 -0.002833
  165 	 -0.200000 	 -0.013774 	 -0.002833
  166 	 -0.200000 	 -0.013806 	 -0.002849
  167 	 -0.200000 	 -0.013790 	 -0.002841
  168 	 -0.200000 	 -0.013822 	 -0.002849
  169 	 -0.200000 	 -0.013809 	 -0.002890
  170 	 -0.200000 	 -0.013771 	 -0.002849
  171 	 -0.200000 	 -0.013808 	 -0.002857
  172 	 -0.200000 	 -0.013808 	 -0.002857
  173 	 -0.200000 	 -0.013855 	 -0.002890
  174 	 -0.200000 	 -0.013808 	 -0.002857
  175 	 -0.200000 	 -0.013973 	 -0.002899
  176 	 -0.200000 	 -0.014133 	 -0.002907
  177 	 -0.200000 	 -0.013793 	 -0.002817
  178 	 -0.200000 	 -0.013808 	 -0.002857
  179 	 -0.200000 	 -0.013810 	 -0.002882
  180 	 -0.200000 	 -0.013772 	 -0.002825
  181 	 -0.200000 	 -0.013909 	 -0.002890
  182 	 -0.200000 	 -0.013804 	 -0.002841
  183 	 -0.200000 	 -0.013815 	 -0.002865
  184 	 -0.200000 	 -0.013808 	 -0.002857
  185 	 -0.200000 	 -0.013807 	 -0.002841
  186 	 -0.200000 	 -0.013788 	 -0.002817
  187 	 -0.200000 	 -0.013766 	 -0.002841
  188 	 -0.200000 	 -0.013834 	 -0.002874
  189 	 -0.200000 	 -0.013786 	 -0.002809
  190 	 -0.200000 	 -0.013804 	 -0.002865
  191 	 -0.200000 	 -0.013808 	 -0.002857
  192 	 -0.200000 	 -0.013808 	 -0.002857
  193 	 -0.200000 	 -0.014113 	 -0.002882
  194 	 -0.200000 	 -0.013821 	 -0.002890
  195 	 -0.200000 	 -0.013808 	 -0.002857
  196 	 -0.200000 	 -0.013808 	 -0.002857
  197 	 -0.200000 	 -0.013808 	 -0.002857
  198 	 -0.200000 	 -0.013805 	 -0.002841
  199 	 -0.200000 	 -0.013829 	 -0.002899
  200 	 -0.200000 	 -0.013808 	 -0.002857
  201 	 -0.200000 	 -0.013808 	 -0.002857
  202 	 -0.200000 	 -0.013884 	 -0.002890
  203 	 -0.200000 	 -0.013798 	 -0.002849
  204 	 -0.200000 	 -0.014011 	 -0.002915
  205 	 -0.200000 	 -0.013808 	 -0.002857
  206 	 -0.200000 	 -0.013813 	 -0.002890
  207 	 -0.200000 	 -0.013693 	 -0.002841
  208 	 -0.200000 	 -0.013810 	 -0.002874
  209 	 -0.200000 	 -0.013803 	 -0.002841
  210 	 -0.200000 	 -0.013828 	 -0.002857
  211 	 -0.200000 	 -0.013806 	 -0.002849
  212 	 -0.200000 	 -0.013807 	 -0.002849
  213 	 -0.200000 	 -0.013816 	 -0.002890
  214 	 -0.200000 	 -0.013808 	 -0.002857
  215 	 -0.200000 	 -0.013792 	 -0.002841
  216 	 -0.200000 	 -0.013808 	 -0.002857
  217 	 -0.200000 	 -0.013828 	 -0.002857
  218 	 -0.200000 	 -0.013808 	 -0.002857
  219 	 -0.200000 	 -0.013808 	 -0.002857
  220 	 -0.200000 	 -0.013808 	 -0.002857
  221 	 -0.200000 	 -0.013811 	 -0.002890
  222 	 -0.200000 	 -0.013693 	 -0.002841
  223 	 -0.200000 	 -0.013657 	 -0.002825
  224 	 -0.200000 	 -0.013971 	 -0.002899
  225 	 -0.200000 	 -0.013808 	 -0.002857
  226 	 -0.200000 	 -0.013808 	 -0.002857
  227 	 -0.200000 	 -0.013803 	 -0.002841
  228 	 -0.200000 	 -0.013803 	 -0.002874
  229 	 -0.200000 	 -0.013808 	 -0.002857
  230 	 -0.200000 	 -0.013813 	 -0.002865
  231 	 -0.200000 	 -0.013808 	 -0.002857
  232 	 -0.200000 	 -0.013784 	 -0.002849
  233 	 -0.200000 	 -0.013808 	 -0.002857
  234 	 -0.200000 	 -0.013788 	 -0.002849
  235 	 -0.200000 	 -0.013582 	 -0.002841
  236 	 -0.200000 	 -0.013808 	 -0.002857
  237 	 -0.200000 	 -0.013829 	 -0.002874
  238 	 -0.200000 	 -0.013808 	 -0.002857
  239 	 -0.200000 	 -0.013808 	 -0.002857
  240 	 -0.200000 	 -0.013838 	 -0.002882
  241 	 -0.200000 	 -0.013802 	 -0.002849
  242 	 -0.200000 	 -0.013815 	 -0.002907
  243 	 -0.200000 	 -0.013808 	 -0.002857
  244 	 -0.200000 	 -0.013745 	 -0.002833
  245 	 -0.200000 	 -0.013806 	 -0.002841
  246 	 -0.200000 	 -0.014634 	 -0.002874
  247 	 -0.200000 	 -0.013692 	 -0.002849
  248 	 -0.200000 	 -0.013808 	 -0.002857
  249 	 -0.200000 	 -0.013807 	 -0.002841
  250 	 -0.200000 	 -0.013803 	 -0.002849
  251 	 -0.200000 	 -0.013807 	 -0.002849
  252 	 -0.200000 	 -0.013788 	 -0.002849
  253 	 -0.200000 	 -0.013809 	 -0.002890
  254 	 -0.200000 	 -0.013799 	 -0.002865
  255 	 -0.200000 	 -0.013613 	 -0.002833
  256 	 -0.200000 	 -0.013810 	 -0.002849
  257 	 -0.200000 	 -0.013872 	 -0.002865
  258 	 -0.200000 	 -0.013808 	 -0.002825
  259 	 -0.200000 	 -0.013808 	 -0.002857
  260 	 -0.200000 	 -0.013921 	 -0.002924
  261 	 -0.200000 	 -0.013766 	 -0.002841
  262 	 -0.200000 	 -0.013800 	 -0.002841
  263 	 -0.200000 	 -0.013808 	 -0.002857
  264 	 -0.200000 	 -0.013851 	 -0.002874
  265 	 -0.200000 	 -0.013795 	 -0.002833
  266 	 -0.200000 	 -0.013808 	 -0.002857
  267 	 -0.200000 	 -0.013828 	 -0.002890
  268 	 -0.200000 	 -0.013801 	 -0.002841
  269 	 -0.200000 	 -0.013827 	 -0.002857
  270 	 -0.200000 	 -0.013825 	 -0.002882
  271 	 -0.200000 	 -0.013751 	 -0.002841
  272 	 -0.200000 	 -0.013808 	 -0.002857
  273 	 -0.200000 	 -0.015783 	 -0.002857
  274 	 -0.200000 	 -0.013853 	 -0.002833
  275 	 -0.200000 	 -0.013829 	 -0.002865
  276 	 -0.200000 	 -0.013808 	 -0.002857
  277 	 -0.200000 	 -0.013808 	 -0.002841
  278 	 -0.200000 	 -0.013808 	 -0.002857
  279 	 -0.200000 	 -0.013734 	 -0.002849
  280 	 -0.200000 	 -0.013843 	 -0.002874
  281 	 -0.200000 	 -0.013813 	 -0.002865
  282 	 -0.200000 	 -0.013808 	 -0.002857
  283 	 -0.200000 	 -0.013752 	 -0.002874
  284 	 -0.200000 	 -0.013818 	 -0.002874
  285 	 -0.200000 	 -0.013780 	 -0.002817
  286 	 -0.200000 	 -0.013851 	 -0.002874
  287 	 -0.200000 	 -0.013808 	 -0.002849
  288 	 -0.200000 	 -0.013808 	 -0.002857
  289 	 -0.200000 	 -0.013838 	 -0.002882
  290 	 -0.200000 	 -0.013999 	 -0.002857
  291 	 -0.200000 	 -0.013808 	 -0.002857
  292 	 -0.200000 	 -0.013867 	 -0.002890
  293 	 -0.200000 	 -0.013808 	 -0.002857
  294 	 -0.200000 	 -0.013920 	 -0.002882
  295 	 -0.200000 	 -0.013760 	 -0.002825
  296 	 -0.200000 	 -0.013827 	 -0.002874
  297 	 -0.200000 	 -0.013761 	 -0.002841
  298 	 -0.200000 	 -0.013277 	 -0.002817
  299 	 -0.200000 	 -0.013779 	 -0.002899
  300 	 -0.200000 	 -0.013972 	 -0.002841
  301 	 -0.200000 	 -0.014007 	 -0.002976
  302 	 -0.200000 	 -0.013589 	 -0.002849
  303 	 -0.200000 	 -0.013808 	 -0.002857
  304 	 -0.200000 	 -0.013840 	 -0.002865
  305 	 -0.200000 	 -0.013792 	 -0.002841
  306 	 -0.200000 	 -0.013903 	 -0.002874
  307 	 -0.200000 	 -0.013808 	 -0.002857
  308 	 -0.200000 	 -0.013217 	 -0.002890
  309 	 -0.200000 	 -0.013808 	 -0.002857
  310 	 -0.200000 	 -0.013825 	 -0.002865
  311 	 -0.200000 	 -0.013788 	 -0.002882
  312 	 -0.200000 	 -0.014857 	 -0.002890
  313 	 -0.200000 	 -0.013808 	 -0.002857
  314 	 -0.200000 	 -0.013808 	 -0.002857
  315 	 -0.200000 	 -0.013808 	 -0.002857
  316 	 -0.200000 	 -0.013796 	 -0.002849
  317 	 -0.200000 	 -0.013808 	 -0.002857
  318 	 -0.200000 	 -0.013795 	 -0.002849
  319 	 -0.200000 	 -0.013817 	 -0.002865
  320 	 -0.200000 	 0.128842 	 10.000000
  321 	 -0.500000 	 9.850000 	 10.000000
  322 	 0.500000 	 4.842857 	 10.000000
  323 	 -0.500000 	 5.200000 	 10.000000
  324 	 -1.000000 	 2.300000 	 10.000000
  325 	 0.250000 	 1.703571 	 10.000000
  326 	 10.000000 	 10.000000 	 10.000000
  327 	 -1.000000 	 0.414286 	 10.000000
  328 	 -0.500000 	 1.532143 	 10.000000
  329 	 -0.200000 	 4.025714 	 10.000000
  330 	 -0.500000 	 3.267857 	 10.000000
  331 	 0.500000 	 2.807143 	 10.000000
  332 	 10.000000 	 10.000000 	 10.000000
  333 	 10.000000 	 10.000000 	 10.000000
  334 	 -1.000000 	 1.214286 	 10.000000
  335 	 -1.000000 	 9.528571 	 10.000000
  336 	 10.000000 	 10.000000 	 10.000000
  337 	 -1.000000 	 1.285714 	 10.000000
  338 	 -1.000000 	 0.304762 	 10.000000
  339 	 10.000000 	 10.000000 	 10.000000
  340 	 10.000000 	 10.000000 	 10.000000
  341 	 -0.333333 	 2.766667 	 10.000000
  342 	 -1.000000 	 7.328571 	 10.000000
  343 	 -1.000000 	 5.757143 	 10.000000
  344 	 10.000000 	 10.000000 	 10.000000
  345 	 10.000000 	 10.000000 	 10.000000
  346 	 -0.500000 	 8.800000 	 10.000000
  347 	 0.500000 	 8.778571 	 10.000000
  348 	 -1.000000 	 7.307143 	 10.000000
  349 	 -0.500000 	 2.578571 	 10.000000
  350 	 0.500000 	 2.264286 	 10.000000
  351 	 10.000000 	 10.000000 	 10.000000
  352 	 -1.000000 	 9.214286 	 10.000000
  353 	 10.000000 	 10.000000 	 10.000000
  354 	 10.000000 	 10.000000 	 10.000000
  355 	 -0.333333 	 4.449524 	 10.000000
  356 	 -1.000000 	 5.128571 	 10.000000
  357 	 -1.000000 	 0.754762 	 10.000000
  358 	 -1.000000 	 -0.842857 	 10.000000
  359 	 10.000000 	 10.000000 	 10.000000
  360 	 -0.500000 	 1.900000 	 10.000000
  361 	 -0.500000 	 3.700000 	 10.000000
  362 	 -0.200000 	 1.257143 	 10.000000
  363 	 -0.200000 	 4.180000 	 10.000000
  364 	 0.250000 	 1.085714 	 10.000000
  365 	 0.500000 	 8.100000 	 10.000000
  366 	 -1.000000 	 1.514286 	 10.000000
  367 	 -1.000000 	 2.542857 	 10.000000
  368 	 -0.200000 	 4.900000 	 10.000000
  369 	 -1.000000 	 2.300000 	 10.000000
  370 	 -0.500000 	 5.950000 	 10.000000
  371 	 -0.333333 	 3.288095 	 10.000000
  372 	 10.000000 	 10.000000 	 10.000000
  373 	 -1.000000 	 0.103810 	 10.000000
  374 	 10.000000 	 10.000000 	 10.000000
  375 	 -0.500000 	 4.450000 	 10.000000
  376 	 -0.250000 	 2.503571 	 10.000000
  377 	 -1.000000 	 1.220000 	 10.000000
  378 	 10.000000 	 10.000000 	 10.000000
  379 	 0.250000 	 8.050000 	 10.000000
  380 	 0.500000 	 6.064286 	 10.000000
  381 	 -0.500000 	 2.241667 	 10.000000
  382 	 10.000000 	 10.000000 	 10.000000
  383 	 -0.500000 	 6.857143 	 10.000000
  384 	 -0.500000 	 5.800000 	 10.000000
  385 	 1.000000 	 6.914286 	 10.000000
  386 	 10.000000 	 10.000000 	 10.000000
  387 	 -1.000000 	 8.271429 	 10.000000
  388 	 -1.000000 	 3.257143 	 10.000000
  389 	 -1.000000 	 6.625000 	 10.000000
  390 	 -1.000000 	 4.898810 	 10.000000
  391 	 0.166667 	 2.557143 	 10.000000
  392 	 -1.000000 	 2.042857 	 10.000000
  393 	 10.000000 	 10.000000 	 10.000000
  394 	 10.000000 	 10.000000 	 10.000000
  395 	 10.000000 	 10.000000 	 10.000000
  396 	 -1.000000 	 6.857143 	 10.000000
  397 	 10.000000 	 10.000000 	 10.000000
  398 	 10.000000 	 10.000000 	 10.000000
  399 	 -1.000000 	 6.727381 	 10.000000
 