   0 	 -1.000000 	 -0.037045 	 0.500000
    1 	 -1.000000 	 -0.043997 	 -0.007692
    2 	 -1.000000 	 -0.106442 	 -0.020408
    3 	 -1.000000 	 -0.068190 	 -0.014085
    4 	 -1.000000 	 -0.068817 	 -0.013514
    5 	 -1.000000 	 -0.069041 	 -0.014286
    6 	 -1.000000 	 -0.069106 	 -0.015152
    7 	 -1.000000 	 -0.069183 	 -0.015152
    8 	 -1.000000 	 -0.068440 	 -0.014286
    9 	 -1.000000 	 -0.069041 	 -0.014286
   10 	 -1.000000 	 -0.069756 	 -0.014706
   11 	 -1.000000 	 -0.069900 	 -0.014706
   12 	 -1.000000 	 -0.069041 	 -0.014286
   13 	 -1.000000 	 -0.087683 	 -0.014085
   14 	 -1.000000 	 -0.069215 	 -0.014925
   15 	 -1.000000 	 -0.056257 	 -0.013514
   16 	 -1.000000 	 -0.076619 	 -0.017241
   17 	 -1.000000 	 -0.069041 	 -0.014286
   18 	 -1.000000 	 -0.069041 	 -0.014286
   19 	 -1.000000 	 -0.069041 	 -0.014286
   20 	 -1.000000 	 -0.069128 	 -0.014706
   21 	 -1.000000 	 -0.066350 	 -0.013514
   22 	 -1.000000 	 -0.069041 	 -0.014286
   23 	 -1.000000 	 -0.069041 	 -0.014286
   24 	 -1.000000 	 -0.068493 	 -0.014286
   25 	 -1.000000 	 0.097082 	 10.000000
   26 	 -1.000000 	 0.078351 	 10.000000
   27 	 -1.000000 	 -0.095085 	 -0.022727
   28 	 -1.000000 	 -0.069669 	 -0.014706
   29 	 -1.000000 	 -0.073852 	 -0.015625
   30 	 -1.000000 	 -0.069041 	 -0.014286
   31 	 -1.000000 	 -0.067195 	 -0.013889
   32 	 -1.000000 	 -0.068567 	 -0.013889
   33 	 -1.000000 	 -0.068990 	 -0.013889
   34 	 -1.000000 	 -0.069041 	 -0.014286
   35 	 -1.000000 	 -0.069041 	 -0.014286
   36 	 -1.000000 	 -0.069213 	 -0.014925
   37 	 -1.000000 	 -0.069634 	 -0.014925
   38 	 -1.000000 	 -0.071771 	 -0.014706
   39 	 -1.000000 	 -0.067635 	 -0.014925
   40 	 -1.000000 	 -0.069041 	 -0.014286
   41 	 -1.000000 	 -0.070716 	 -0.016129
   42 	 -1.000000 	 -0.070679 	 -0.014925
   43 	 -1.000000 	 -0.067221 	 -0.013699
   44 	 -1.000000 	 -0.069855 	 -0.013889
   45 	 -1.000000 	 -0.063321 	 -0.013889
   46 	 -1.000000 	 -0.069297 	 -0.014493
   47 	 -1.000000 	 -0.068960 	 -0.013889
   48 	 -1.000000 	 -0.069041 	 -0.014286
   49 	 -1.000000 	 -0.069737 	 -0.015152
   50 	 -1.000000 	 -0.069041 	 -0.014286
   51 	 -1.000000 	 -0.068185 	 -0.013333
   52 	 -1.000000 	 -0.069111 	 -0.014493
   53 	 -1.000000 	 -0.069041 	 -0.014286
   54 	 -1.000000 	 -0.068798 	 -0.013889
   55 	 -1.000000 	 -0.069041 	 -0.014286
   56 	 -0.200000 	 -0.040067 	 -0.013514
   57 	 -0.200000 	 -0.014807 	 -0.003086
   58 	 -0.200000 	 -0.013816 	 -0.002899
   59 	 -0.200000 	 -0.013808 	 -0.002857
   60 	 -0.200000 	 -0.013808 	 -0.002857
   61 	 -0.200000 	 -0.014362 	 -0.002890
   62 	 -0.200000 	 -0.013813 	 -0.002874
   63 	 -0.200000 	 -0.013831 	 -0.002874
   64 	 -0.200000 	 -0.013808 	 -0.002857
   65 	 -0.200000 	 -0.013808 	 -0.002857
   66 	 -0.200000 	 -0.013804 	 -0.002841
   67 	 -0.200000 	 -0.014107 	 -0.002933
   68 	 -0.200000 	 -0.013808 	 -0.002857
   69 	 -0.200000 	 -0.013799 	 -0.002849
   70 	 -0.200000 	 -0.013808 	 -0.002857
   71 	 -0.200000 	 -0.013808 	 -0.002857
   72 	 -0.200000 	 -0.013838 	 -0.002899
   73 	 -0.200000 	 -0.013810 	 -0.002890
   74 	 -0.200000 	 -0.013818 	 -0.002890
   75 	 -0.200000 	 -0.013808 	 -0.002857
   76 	 -0.200000 	 -0.013814 	 -0.002890
   77 	 -0.200000 	 -0.013802 	 -0.002865
   78 	 -0.200000 	 -0.013773 	 -0.002809
   79 	 -0.200000 	 -0.013812 	 -0.002882
   80 	 -0.200000 	 -0.014005 	 -0.002924
   81 	 -0.200000 	 -0.013822 	 -0.002907
   82 	 -0.200000 	 -0.013808 	 -0.002857
   83 	 -0.200000 	 -0.013808 	 -0.002857
   84 	 -0.200000 	 -0.013807 	 -0.002849
   85 	 -0.200000 	 -0.013734 	 -0.002841
   86 	 -0.200000 	 -0.013826 	 -0.002874
   87 	 -0.200000 	 -0.013806 	 -0.002849
   88 	 -0.200000 	 -0.013808 	 -0.002857
   89 	 -0.200000 	 -0.013808 	 -0.002857
   90 	 -0.200000 	 -0.013808 	 -0.002857
   91 	 -0.200000 	 -0.013828 	 -0.002874
   92 	 -0.200000 	 -0.013806 	 -0.002849
   93 	 -0.200000 	 -0.013948 	 -0.002874
   94 	 -0.200000 	 -0.014097 	 -0.002890
   95 	 -0.200000 	 -0.013765 	 -0.002857
   96 	 -0.200000 	 -0.013872 	 -0.002907
   97 	 -0.200000 	 -0.013851 	 -0.002890
   98 	 -0.200000 	 -0.013924 	 -0.002882
   99 	 -0.200000 	 -0.013808 	 -0.002857
  100 	 -0.333333 	 -0.016544 	 -0.002874
  101 	 -0.333333 	 -0.019845 	 -0.004000
  102 	 -0.333333 	 -0.023966 	 -0.004808
  103 	 -0.333333 	 -0.023061 	 -0.004854
  104 	 -0.333333 	 -0.023475 	 -0.004831
  105 	 -0.333333 	 -0.023257 	 -0.004902
  106 	 -0.333333 	 -0.023014 	 -0.004762
  107 	 -0.333333 	 -0.024229 	 -0.004808
  108 	 -0.333333 	 -0.022998 	 -0.004739
  109 	 -0.333333 	 -0.023012 	 -0.004739
  110 	 -0.333333 	 -0.023209 	 -0.005051
  111 	 -0.333333 	 -0.022628 	 -0.004739
  112 	 -0.333333 	 -0.022238 	 -0.004717
  113 	 -0.333333 	 -0.022854 	 -0.004651
  114 	 -0.333333 	 -0.023119 	 -0.004854
  115 	 -0.333333 	 -0.023008 	 -0.004762
  116 	 -0.333333 	 -0.022987 	 -0.004695
  117 	 -0.333333 	 -0.022790 	 -0.004651
  118 	 -0.333333 	 -0.022994 	 -0.004717
  119 	 -0.333333 	 -0.022921 	 -0.004808
  120 	 -0.333333 	 -0.022959 	 -0.004739
  121 	 -0.333333 	 -0.023805 	 -0.004831
  122 	 -0.333333 	 -0.023061 	 -0.004854
  123 	 -0.333333 	 -0.023014 	 -0.004762
  124 	 -0.333333 	 -0.023059 	 -0.004808
  125 	 -0.333333 	 -0.023013 	 -0.004739
  126 	 -0.333333 	 -0.023684 	 -0.004975
  127 	 -0.333333 	 -0.022989 	 -0.004717
  128 	 -0.333333 	 -0.022890 	 -0.004717
  129 	 -0.333333 	 -0.023126 	 -0.004808
  130 	 -0.333333 	 -0.023014 	 -0.004762
  131 	 -0.333333 	 -0.023011 	 -0.004739
  132 	 -0.333333 	 -0.023043 	 -0.004785
  133 	 -0.333333 	 -0.022983 	 -0.004739
  134 	 -0.333333 	 -0.023007 	 -0.004762
  135 	 -0.333333 	 -0.022785 	 -0.004651
  136 	 -0.333333 	 -0.022217 	 -0.004651
  137 	 -0.333333 	 -0.023180 	 -0.004739
  138 	 -0.333333 	 -0.022981 	 -0.004739
  139 	 -0.333333 	 -0.022128 	 -0.004695
  140 	 -0.333333 	 -0.022955 	 -0.004739
  141 	 -0.333333 	 -0.023027 	 -0.004854
  142 	 -0.333333 	 -0.024013 	 -0.004854
  143 	 -1.000000 	 -0.035134 	 -0.004808
  144 	 -1.000000 	 -0.042677 	 -0.007194
  145 	 -1.000000 	 -0.071517 	 -0.014085
  146 	 -1.000000 	 -0.067807 	 -0.014925
  147 	 -1.000000 	 -0.070082 	 -0.015152
  148 	 -1.000000 	 -0.069041 	 -0.014286
  149 	 -1.000000 	 -0.068748 	 -0.013514
  150 	 -1.000000 	 -0.068269 	 -0.012821
  151 	 -1.000000 	 -0.068386 	 -0.013699
  152 	 -1.000000 	 -0.069041 	 -0.014286
  153 	 -1.000000 	 -0.069041 	 -0.014286
  154 	 -1.000000 	 -0.070621 	 -0.014925
  155 	 -1.000000 	 -0.069041 	 -0.014286
  156 	 -1.000000 	 -0.070014 	 -0.015152
  157 	 -1.000000 	 -0.069041 	 -0.014286
  158 	 -1.000000 	 -0.065923 	 -0.013889
  159 	 -1.000000 	 -0.066861 	 -0.014085
  160 	 -1.000000 	 0.067911 	 10.000000
  161 	 -1.000000 	 -0.069402 	 -0.014706
  162 	 -1.000000 	 -0.068962 	 -0.014085
  163 	 -1.000000 	 -0.068902 	 -0.014085
  164 	 -1.000000 	 -0.068299 	 -0.013699
  165 	 -1.000000 	 -0.069022 	 -0.014085
  166 	 -1.000000 	 -0.069041 	 -0.014286
  167 	 -1.000000 	 -0.068678 	 -0.013889
  168 	 -1.000000 	 -0.069106 	 -0.014493
  169 	 -1.000000 	 -0.073855 	 -0.014493
  170 	 -1.000000 	 -0.069041 	 -0.014286
  171 	 -1.000000 	 -0.069389 	 -0.015385
  172 	 -1.000000 	 -0.068644 	 -0.015625
  173 	 -1.000000 	 -0.069041 	 -0.014286
  174 	 -1.000000 	 -0.068887 	 -0.013699
  175 	 -1.000000 	 -0.073722 	 -0.016129
  176 	 -1.000000 	 -0.068797 	 -0.014286
  177 	 -1.000000 	 -0.069041 	 -0.014286
  178 	 -1.000000 	 -0.069041 	 -0.014286
  179 	 -1.000000 	 -0.068759 	 -0.013699
  180 	 -1.000000 	 -0.069041 	 -0.014286
  181 	 -1.000000 	 -0.068471 	 -0.013889
  182 	 -1.000000 	 -0.068874 	 -0.014286
  183 	 -1.000000 	 -0.069041 	 -0.014286
  184 	 -1.000000 	 -0.070852 	 -0.013889
  185 	 -1.000000 	 -0.069041 	 -0.014286
  186 	 -1.000000 	 -0.066688 	 -0.013699
  187 	 -1.000000 	 -0.070309 	 -0.013514
  188 	 -1.000000 	 -0.069041 	 -0.014286
  189 	 -1.000000 	 -0.069041 	 -0.014286
  190 	 -1.000000 	 -0.069035 	 -0.014085
  191 	 -1.000000 	 -0.074109 	 -0.015873
  192 	 -1.000000 	 -0.070893 	 -0.015385
  193 	 -1.000000 	 -0.068963 	 -0.013889
  194 	 -1.000000 	 -0.069041 	 -0.014286
  195 	 -1.000000 	 -0.069041 	 -0.014286
  196 	 -1.000000 	 -0.070207 	 -0.014925
  197 	 -1.000000 	 -0.070217 	 -0.013514
  198 	 -1.000000 	 -0.057535 	 -0.014085
  199 	 -1.000000 	 -0.068762 	 -0.013699
  200 	 -1.000000 	 -0.066088 	 -0.013699
  201 	 -1.000000 	 -0.069041 	 -0.014286
  202 	 -1.000000 	 -0.068987 	 -0.014085
  203 	 -1.000000 	 -0.068907 	 -0.013889
  204 	 -1.000000 	 -0.074279 	 -0.014925
  205 	 -1.000000 	 -0.069041 	 -0.014286
  206 	 -1.000000 	 -0.076003 	 -0.014706
  207 	 -1.000000 	 -0.068692 	 -0.014085
  208 	 -1.000000 	 -0.069041 	 -0.014286
  209 	 -1.000000 	 -0.068938 	 -0.014085
  210 	 -1.000000 	 -0.068411 	 -0.013699
  211 	 -1.000000 	 -0.066861 	 -0.014085
  212 	 -1.000000 	 -0.068972 	 -0.014085
  213 	 -1.000000 	 -0.068903 	 -0.015152
  214 	 -1.000000 	 -0.068143 	 -0.014085
  215 	 -1.000000 	 -0.069004 	 -0.014085
  216 	 -1.000000 	 -0.066871 	 -0.012821
  217 	 -1.000000 	 -0.072408 	 -0.014493
  218 	 -1.000000 	 -0.069174 	 -0.014085
  219 	 -1.000000 	 -0.068624 	 -0.014493
  220 	 -1.000000 	 -0.069041 	 -0.014286
  221 	 -1.000000 	 -0.079369 	 -0.015385
  222 	 -1.000000 	 -0.069735 	 -0.014925
  223 	 -1.000000 	 -0.069041 	 -0.014286
  224 	 -1.000000 	 -0.073222 	 -0.016393
  225 	 -1.000000 	 -0.063415 	 -0.013333
  226 	 -1.000000 	 -0.057535 	 -0.013889
  227 	 -1.000000 	 -0.053544 	 -0.014085
  228 	 -1.000000 	 -0.068217 	 -0.013158
  229 	 -1.000000 	 -0.074895 	 -0.014706
  230 	 -1.000000 	 -0.068692 	 -0.014085
  231 	 -1.000000 	 -0.075390 	 -0.013889
  232 	 -1.000000 	 -0.075058 	 -0.014706
  233 	 -1.000000 	 -0.068790 	 -0.013699
  234 	 -1.000000 	 -0.069102 	 -0.014706
  235 	 -1.000000 	 -0.069183 	 -0.015152
  236 	 -1.000000 	 -0.069347 	 -0.014493
  237 	 -1.000000 	 -0.069041 	 -0.014286
  238 	 -1.000000 	 -0.068902 	 -0.014085
  239 	 -1.000000 	 -0.049096 	 -0.012821
  240 	 -1.000000 	 -0.072046 	 -0.014286
  241 	 -1.000000 	 -0.063900 	 -0.013158
  242 	 -1.000000 	 -0.071357 	 -0.014706
  243 	 -1.000000 	 -0.068719 	 -0.013514
  244 	 -1.000000 	 -0.068533 	 -0.013889
  245 	 -1.000000 	 -0.069041 	 -0.014286
  246 	 -1.000000 	 0.088132 	 10.000000
  247 	 -1.000000 	 -0.080691 	 -0.019231
  248 	 -1.000000 	 -0.066424 	 -0.013889
  249 	 -1.000000 	 -0.068717 	 -0.013889
  250 	 -1.000000 	 -0.061432 	 -0.012987
  251 	 -1.000000 	 -0.068979 	 -0.013889
  252 	 -1.000000 	 -0.069041 	 -0.014286
  253 	 -1.000000 	 -0.070168 	 -0.014925
  254 	 -1.000000 	 -0.066026 	 -0.013333
  255 	 -1.000000 	 -0.068811 	 -0.013699
  256 	 -1.000000 	 -0.067851 	 -0.013333
  257 	 -1.000000 	 -0.069041 	 -0.014286
  258 	 -1.000000 	 -0.069041 	 -0.014286
  259 	 -1.000000 	 -0.068941 	 -0.013514
  260 	 -1.000000 	 -0.069035 	 -0.013889
  261 	 -1.000000 	 -0.057044 	 -0.009524
  262 	 -1.000000 	 -0.067779 	 -0.013699
  263 	 -1.000000 	 -0.067915 	 -0.013333
  264 	 -1.000000 	 -0.070366 	 -0.015152
  265 	 -1.000000 	 -0.072320 	 -0.014706
  266 	 -1.000000 	 -0.069041 	 -0.014286
  267 	 -1.000000 	 -0.072224 	 -0.015873
  268 	 -1.000000 	 -0.068885 	 -0.013333
  269 	 -1.000000 	 -0.068118 	 -0.013889
  270 	 -1.000000 	 -0.069041 	 -0.014286
  271 	 -1.000000 	 -0.067523 	 -0.014085
  272 	 -1.000000 	 -0.069366 	 -0.014493
  273 	 -1.000000 	 -0.069169 	 -0.014493
  274 	 -1.000000 	 -0.068621 	 -0.014085
  275 	 -1.000000 	 -0.067955 	 -0.014493
  276 	 -1.000000 	 -0.069072 	 -0.014706
  277 	 -1.000000 	 -0.068976 	 -0.013699
  278 	 -1.000000 	 -0.068893 	 -0.014085
  279 	 -1.000000 	 -0.066191 	 -0.012987
  280 	 -1.000000 	 -0.069041 	 -0.014286
  281 	 -1.000000 	 -0.069552 	 -0.014493
  282 	 -1.000000 	 -0.068157 	 -0.013699
  283 	 -1.000000 	 -0.069408 	 -0.014493
  284 	 -1.000000 	 -0.064480 	 -0.014085
  285 	 -1.000000 	 -0.068768 	 -0.013889
  286 	 -1.000000 	 -0.065690 	 -0.013158
  287 	 -1.000000 	 -0.066147 	 -0.013514
  288 	 -1.000000 	 -0.069041 	 -0.014286
  289 	 -1.000000 	 -0.067806 	 -0.013889
  290 	 -1.000000 	 -0.069269 	 -0.014493
  291 	 -1.000000 	 -0.068778 	 -0.013699
  292 	 -1.000000 	 -0.068221 	 -0.014085
  293 	 -1.000000 	 -0.068752 	 -0.014286
  294 	 -1.000000 	 -0.081727 	 -0.020408
  295 	 -1.000000 	 0.067400 	 10.000000
  296 	 -1.000000 	 -0.068564 	 -0.013699
  297 	 -1.000000 	 -0.069056 	 -0.014493
  298 	 -1.000000 	 -0.068645 	 -0.014085
  299 	 -1.000000 	 -0.068625 	 -0.014493
  300 	 -1.000000 	 -0.072208 	 -0.015385
  301 	 -1.000000 	 -0.096354 	 -0.014706
  302 	 -1.000000 	 -0.068881 	 -0.014286
  303 	 -1.000000 	 -0.068910 	 -0.014085
  304 	 -1.000000 	 -0.069041 	 -0.014286
  305 	 -1.000000 	 -0.069041 	 -0.014286
  306 	 -1.000000 	 -0.069075 	 -0.014493
  307 	 -1.000000 	 -0.068976 	 -0.014925
  308 	 -1.000000 	 -0.070319 	 -0.013889
  309 	 -1.000000 	 -0.068907 	 -0.014085
  310 	 -1.000000 	 -0.069041 	 -0.014286
  311 	 -1.000000 	 -0.068645 	 -0.014085
  312 	 -1.000000 	 -0.067109 	 -0.013699
  313 	 -1.000000 	 -0.069041 	 -0.014286
  314 	 -1.000000 	 0.053009 	 10.000000
  315 	 0.007042 	 0.034383 	 0.500000
  316 	 0.007092 	 0.034312 	 0.500000
  317 	 0.006711 	 0.040080 	 1.000000
  318 	 0.007874 	 0.028076 	 0.166667
  319 	 0.006536 	 0.042754 	 1.000000
  320 	 0.008929 	 0.054247 	 1.000000
  321 	 0.010204 	 0.062057 	 1.000000
  322 	 0.016129 	 0.075191 	 1.000000
  323 	 0.014286 	 0.066741 	 1.000000
  324 	 0.014493 	 0.071237 	 1.000000
  325 	 0.015152 	 0.053437 	 1.000000
  326 	 0.014085 	 0.071872 	 1.000000
  327 	 0.013699 	 0.068760 	 1.000000
  328 	 0.014706 	 0.069160 	 1.000000
  329 	 0.014493 	 0.069194 	 1.000000
  330 	 0.014706 	 0.082915 	 1.000000
  331 	 0.020000 	 0.073897 	 1.000000
  332 	 0.015385 	 0.071892 	 1.000000
  333 	 0.016393 	 0.081932 	 1.000000
  334 	 0.015152 	 0.070295 	 1.000000
  335 	 0.014085 	 0.066544 	 1.000000
  336 	 -1.000000 	 0.212110 	 10.000000
  337 	 0.013889 	 0.068536 	 1.000000
  338 	 0.014493 	 0.069347 	 1.000000
  339 	 0.014085 	 0.069110 	 1.000000
  340 	 0.014493 	 0.084910 	 1.000000
  341 	 -1.000000 	 0.772481 	 10.000000
  342 	 0.016393 	 0.070537 	 1.000000
  343 	 0.014286 	 0.068209 	 1.000000
  344 	 0.013699 	 0.068611 	 1.000000
  345 	 0.013889 	 0.079814 	 1.000000
  346 	 0.016129 	 0.071989 	 1.000000
  347 	 0.016129 	 0.077090 	 1.000000
  348 	 0.016129 	 0.071187 	 1.000000
  349 	 0.014286 	 0.069041 	 1.000000
  350 	 0.014925 	 0.070285 	 1.000000
  351 	 0.015385 	 0.070233 	 1.000000
  352 	 0.014925 	 0.070508 	 1.000000
  353 	 0.014286 	 0.069041 	 1.000000
  354 	 0.015152 	 0.069336 	 1.000000
  355 	 0.015152 	 0.070494 	 1.000000
  356 	 0.015152 	 0.070442 	 1.000000
  357 	 0.016129 	 0.075574 	 1.000000
  358 	 0.020408 	 0.120465 	 1.000000
  359 	 -1.000000 	 0.655374 	 10.000000
  360 	 -1.000000 	 -0.075074 	 1.000000
  361 	 0.015385 	 0.069244 	 1.000000
  362 	 -1.000000 	 0.193374 	 10.000000
  363 	 0.015385 	 0.071208 	 1.000000
  364 	 0.015625 	 0.075901 	 1.000000
  365 	 0.016667 	 0.105511 	 1.000000
  366 	 -1.000000 	 0.660187 	 10.000000
  367 	 0.014706 	 0.069579 	 1.000000
  368 	 0.014706 	 0.069252 	 1.000000
  369 	 0.014493 	 0.069517 	 1.000000
  370 	 0.013889 	 0.067399 	 1.000000
  371 	 0.015873 	 0.079003 	 1.000000
  372 	 -1.000000 	 0.244858 	 10.000000
  373 	 -1.000000 	 0.361907 	 10.000000
  374 	 -1.000000 	 -0.101557 	 -0.047619
  375 	 -0.500000 	 -0.033796 	 -0.006944
  376 	 -0.500000 	 -0.034520 	 -0.007143
  377 	 -0.500000 	 -0.034515 	 -0.007092
  378 	 -0.500000 	 -0.034894 	 -0.007246
  379 	 -0.500000 	 -0.034942 	 -0.007463
  380 	 -0.500000 	 -0.034773 	 -0.007042
  381 	 -0.500000 	 -0.034390 	 -0.007042
  382 	 -0.500000 	 -0.034522 	 -0.007246
  383 	 -0.500000 	 0.096038 	 10.000000
  384 	 10.000000 	 10.000000 	 10.000000
  385 	 -0.333333 	 2.914286 	 10.000000
  386 	 -0.200000 	 5.191429 	 10.000000
  387 	 10.000000 	 10.000000 	 10.000000
  388 	 -0.500000 	 3.070000 	 10.000000
  389 	 -1.000000 	 3.871429 	 10.000000
  390 	 10.000000 	 10.000000 	 10.000000
  391 	 0.333333 	 3.157143 	 10.000000
  392 	 -1.000000 	 5.185714 	 10.000000
  393 	 10.000000 	 10.000000 	 10.000000
  394 	 0.200000 	 4.725714 	 10.000000
  395 	 -0.500000 	 2.058571 	 10.000000
  396 	 0.250000 	 7.492857 	 10.000000
  397 	 -0.200000 	 6.065714 	 10.000000
  398 	 10.000000 	 10.000000 	 10.000000
  399 	 -1.000000 	 9.057143 	 10.000000
 