   0 	 -1.000000 	 0.326769 	 10.000000
    1 	 -0.333333 	 -0.013005 	 0.500000
    2 	 0.002857 	 0.013808 	 0.200000
    3 	 0.002907 	 0.013910 	 0.200000
    4 	 0.002882 	 0.013890 	 0.200000
    5 	 0.002865 	 0.013925 	 0.200000
    6 	 0.002833 	 0.014137 	 0.200000
    7 	 0.002907 	 0.014008 	 0.200000
    8 	 0.002959 	 0.014134 	 0.200000
    9 	 0.002907 	 0.013890 	 0.200000
   10 	 0.002874 	 0.013894 	 0.200000
   11 	 0.002874 	 0.013869 	 0.200000
   12 	 0.002882 	 0.013817 	 0.200000
   13 	 0.002865 	 0.013812 	 0.200000
   14 	 0.002890 	 0.013903 	 0.200000
   15 	 0.002882 	 0.019453 	 0.500000
   16 	 0.003745 	 0.023942 	 0.500000
   17 	 0.004587 	 0.018846 	 0.200000
   18 	 0.004184 	 0.016762 	 0.200000
   19 	 0.003534 	 0.020582 	 0.333333
   20 	 0.004425 	 0.018471 	 0.200000
   21 	 0.004184 	 0.016072 	 0.200000
   22 	 0.003571 	 0.015577 	 0.200000
   23 	 0.003268 	 0.015587 	 0.200000
   24 	 0.003226 	 0.014564 	 0.200000
   25 	 0.003049 	 0.014118 	 0.200000
   26 	 0.003003 	 0.014202 	 0.200000
   27 	 0.002976 	 0.013961 	 0.200000
   28 	 0.002941 	 0.013883 	 0.200000
   29 	 0.002959 	 0.013951 	 0.200000
   30 	 0.002857 	 0.013803 	 0.200000
   31 	 0.002933 	 0.013931 	 0.200000
   32 	 0.002865 	 0.013808 	 0.200000
   33 	 0.002915 	 0.013605 	 0.200000
   34 	 0.002865 	 0.013380 	 0.200000
   35 	 0.002762 	 0.013545 	 0.200000
   36 	 0.002841 	 0.013755 	 0.200000
   37 	 0.002865 	 0.013809 	 0.200000
   38 	 0.002890 	 0.013811 	 0.200000
   39 	 0.002849 	 0.013406 	 0.200000
   40 	 0.002755 	 0.011686 	 0.125000
   41 	 0.002506 	 0.013000 	 0.200000
   42 	 0.002591 	 0.013343 	 0.200000
   43 	 0.002667 	 0.012812 	 0.200000
   44 	 0.002793 	 0.013827 	 0.200000
   45 	 0.002857 	 0.014926 	 0.250000
   46 	 0.003012 	 0.014152 	 0.200000
   47 	 0.002924 	 0.013755 	 0.200000
   48 	 0.002899 	 0.013913 	 0.200000
   49 	 0.002874 	 0.013623 	 0.200000
   50 	 0.002825 	 0.011816 	 0.111111
   51 	 0.002551 	 0.011306 	 0.111111
   52 	 0.002525 	 0.012078 	 0.200000
   53 	 0.002439 	 0.009031 	 0.111111
   54 	 0.002092 	 0.009713 	 0.200000
   55 	 0.002198 	 0.010472 	 0.200000
   56 	 0.002268 	 0.011213 	 0.200000
   57 	 0.002299 	 0.011458 	 0.200000
   58 	 0.002475 	 0.012255 	 0.200000
   59 	 0.002451 	 0.010791 	 0.111111
   60 	 0.002208 	 0.011376 	 0.200000
   61 	 0.002237 	 0.012276 	 0.200000
   62 	 0.002463 	 0.010411 	 0.111111
   63 	 0.002212 	 0.012031 	 0.200000
   64 	 0.002364 	 0.012098 	 0.200000
   65 	 0.002387 	 0.011738 	 0.200000
   66 	 0.002427 	 0.012754 	 0.200000
   67 	 0.002506 	 0.013266 	 0.200000
   68 	 0.002717 	 0.013462 	 0.200000
   69 	 0.002778 	 0.013882 	 0.200000
   70 	 0.002924 	 0.013975 	 0.200000
   71 	 0.002907 	 0.013831 	 0.200000
   72 	 0.002924 	 0.013876 	 0.200000
   73 	 0.002841 	 0.013586 	 0.200000
   74 	 0.002865 	 0.014168 	 0.200000
   75 	 0.003030 	 0.014060 	 0.200000
   76 	 0.002865 	 0.013806 	 0.200000
   77 	 0.002770 	 0.013673 	 0.200000
   78 	 0.002778 	 0.013515 	 0.200000
   79 	 0.002770 	 0.011190 	 0.111111
   80 	 0.002488 	 0.012766 	 0.200000
   81 	 0.002725 	 0.013834 	 0.200000
   82 	 0.002849 	 0.013784 	 0.200000
   83 	 0.002786 	 0.012907 	 0.200000
   84 	 0.002584 	 0.010196 	 0.100000
   85 	 0.002364 	 0.010514 	 0.100000
   86 	 0.002179 	 0.009596 	 0.100000
   87 	 0.002232 	 0.009479 	 0.100000
   88 	 0.002128 	 0.009270 	 0.100000
   89 	 0.002053 	 0.008330 	 0.100000
   90 	 0.001848 	 0.010068 	 0.200000
   91 	 0.002101 	 0.011886 	 0.200000
   92 	 0.002445 	 0.012912 	 0.200000
   93 	 0.002747 	 0.013556 	 0.200000
   94 	 0.002793 	 0.013737 	 0.200000
   95 	 0.002899 	 0.013864 	 0.200000
   96 	 0.002967 	 0.014407 	 0.200000
   97 	 0.003067 	 0.014577 	 0.200000
   98 	 0.003106 	 0.014223 	 0.200000
   99 	 0.002976 	 0.013902 	 0.200000
  100 	 0.002899 	 0.013884 	 0.200000
  101 	 0.002874 	 0.013790 	 0.200000
  102 	 0.002841 	 0.013773 	 0.200000
  103 	 0.002857 	 0.013788 	 0.200000
  104 	 0.002833 	 0.013783 	 0.200000
  105 	 0.002907 	 0.013994 	 0.200000
  106 	 0.002950 	 0.013880 	 0.200000
  107 	 0.002890 	 0.013824 	 0.200000
  108 	 0.002890 	 0.013757 	 0.200000
  109 	 0.002841 	 0.013771 	 0.200000
  110 	 0.002833 	 0.013837 	 0.200000
  111 	 0.002849 	 0.013907 	 0.200000
  112 	 0.002874 	 0.013807 	 0.200000
  113 	 0.002950 	 0.014577 	 0.200000
  114 	 0.003058 	 0.014903 	 0.200000
  115 	 0.003049 	 0.014829 	 0.200000
  116 	 0.003021 	 0.011356 	 0.100000
  117 	 0.002611 	 0.011955 	 0.200000
  118 	 0.002469 	 0.013305 	 0.200000
  119 	 0.002604 	 0.010998 	 0.100000
  120 	 0.002717 	 0.022120 	 0.500000
  121 	 0.004525 	 0.017400 	 0.200000
  122 	 0.004717 	 0.031220 	 1.000000
  123 	 0.005988 	 0.047378 	 1.000000
  124 	 -0.333333 	 0.025548 	 0.500000
  125 	 0.008929 	 0.049787 	 1.000000
  126 	 0.008772 	 0.057191 	 1.000000
  127 	 0.010526 	 0.209255 	 10.000000
  128 	 -1.000000 	 0.430647 	 10.000000
  129 	 -1.000000 	 -0.068256 	 -0.014925
  130 	 -1.000000 	 -0.068507 	 -0.013699
  131 	 -1.000000 	 -0.071409 	 -0.015152
  132 	 -1.000000 	 -0.069041 	 -0.014286
  133 	 -1.000000 	 -0.069041 	 -0.014286
  134 	 -1.000000 	 -0.069041 	 -0.014286
  135 	 -1.000000 	 -0.066850 	 -0.014085
  136 	 -1.000000 	 -0.069041 	 -0.014286
  137 	 -1.000000 	 -0.069041 	 -0.014286
  138 	 -1.000000 	 -0.097259 	 -0.014925
  139 	 -1.000000 	 -0.068639 	 -0.013699
  140 	 -1.000000 	 -0.068518 	 -0.013514
  141 	 -1.000000 	 -0.069041 	 -0.014286
  142 	 -1.000000 	 -0.065651 	 -0.013699
  143 	 -1.000000 	 -0.069041 	 -0.014286
  144 	 -1.000000 	 -0.068661 	 -0.013699
  145 	 -1.000000 	 -0.069827 	 -0.014925
  146 	 -1.000000 	 -0.069041 	 -0.014286
  147 	 -1.000000 	 -0.067584 	 -0.013514
  148 	 -1.000000 	 -0.069247 	 -0.014925
  149 	 -1.000000 	 -0.067320 	 -0.015152
  150 	 -1.000000 	 -0.069022 	 -0.014085
  151 	 -1.000000 	 -0.069041 	 -0.014286
  152 	 -1.000000 	 -0.069041 	 -0.014286
  153 	 -1.000000 	 0.059942 	 10.000000
  154 	 0.014706 	 0.069144 	 1.000000
  155 	 0.015152 	 0.080845 	 1.000000
  156 	 0.020408 	 0.088439 	 1.000000
  157 	 0.023256 	 0.075363 	 1.000000
  158 	 -1.000000 	 0.232727 	 10.000000
  159 	 0.017241 	 0.094975 	 1.000000
  160 	 -1.000000 	 0.195285 	 10.000000
  161 	 0.023256 	 0.086267 	 1.000000
  162 	 0.032258 	 0.126074 	 1.000000
  163 	 -1.000000 	 0.710845 	 10.000000
  164 	 0.014706 	 0.069598 	 1.000000
  165 	 0.014493 	 0.069613 	 1.000000
  166 	 0.013514 	 0.063426 	 1.000000
  167 	 0.014706 	 0.072507 	 1.000000
  168 	 0.013514 	 0.068391 	 1.000000
  169 	 0.014493 	 0.074804 	 1.000000
  170 	 -1.000000 	 0.315868 	 10.000000
  171 	 0.014286 	 0.069041 	 1.000000
  172 	 0.014286 	 0.069041 	 1.000000
  173 	 0.014286 	 0.069041 	 1.000000
  174 	 0.013889 	 0.068503 	 1.000000
  175 	 0.014493 	 0.069677 	 1.000000
  176 	 0.012987 	 0.064261 	 1.000000
  177 	 0.013699 	 0.069969 	 1.000000
  178 	 0.013514 	 0.056796 	 1.000000
  179 	 0.012500 	 0.065577 	 1.000000
  180 	 0.012195 	 0.068087 	 1.000000
  181 	 0.013889 	 0.066424 	 1.000000
  182 	 0.014493 	 0.069245 	 1.000000
  183 	 0.014706 	 0.070145 	 1.000000
  184 	 0.015625 	 0.074226 	 1.000000
  185 	 0.015152 	 0.076077 	 1.000000
  186 	 0.015152 	 0.069275 	 1.000000
  187 	 0.014085 	 0.068944 	 1.000000
  188 	 0.015152 	 0.071485 	 1.000000
  189 	 0.015152 	 0.079056 	 1.000000
  190 	 0.016129 	 0.069981 	 1.000000
  191 	 0.014286 	 0.069041 	 1.000000
  192 	 0.014286 	 0.069041 	 1.000000
  193 	 0.014286 	 0.069041 	 1.000000
  194 	 0.014493 	 0.076089 	 1.000000
  195 	 0.018182 	 0.080965 	 1.000000
  196 	 0.014706 	 0.067019 	 1.000000
  197 	 0.013514 	 0.069169 	 1.000000
  198 	 -1.000000 	 0.200238 	 10.000000
  199 	 0.014286 	 0.041563 	 0.200000
  200 	 0.010870 	 0.062923 	 1.000000
  201 	 0.012195 	 0.055665 	 1.000000
  202 	 0.012346 	 0.065778 	 1.000000
  203 	 0.015385 	 0.072702 	 1.000000
  204 	 0.015625 	 0.069260 	 1.000000
  205 	 0.015385 	 0.071162 	 1.000000
  206 	 0.014925 	 0.075415 	 1.000000
  207 	 0.015873 	 0.090270 	 1.000000
  208 	 -1.000000 	 0.362071 	 10.000000
  209 	 -1.000000 	 1.693320 	 10.000000
  210 	 -1.000000 	 0.270527 	 10.000000
  211 	 -1.000000 	 0.241690 	 10.000000
  212 	 0.018519 	 0.073574 	 1.000000
  213 	 0.017544 	 0.071597 	 1.000000
  214 	 0.015152 	 0.099765 	 1.000000
  215 	 0.023256 	 0.264584 	 10.000000
  216 	 -1.000000 	 -0.045780 	 1.000000
  217 	 0.014286 	 0.069041 	 1.000000
  218 	 0.014706 	 0.069796 	 1.000000
  219 	 0.015625 	 0.215013 	 10.000000
  220 	 0.062500 	 0.913758 	 10.000000
  221 	 -1.000000 	 1.553095 	 10.000000
  222 	 -1.000000 	 0.061231 	 10.000000
  223 	 0.017544 	 0.070991 	 1.000000
  224 	 0.014493 	 0.069276 	 1.000000
  225 	 0.014493 	 0.069101 	 1.000000
  226 	 0.014706 	 0.068702 	 1.000000
  227 	 0.014925 	 0.063358 	 1.000000
  228 	 0.014706 	 0.069766 	 1.000000
  229 	 0.015873 	 0.056572 	 0.500000
  230 	 -1.000000 	 0.194825 	 10.000000
  231 	 0.012987 	 0.067761 	 1.000000
  232 	 0.013333 	 0.068708 	 1.000000
  233 	 0.014286 	 0.069806 	 1.000000
  234 	 0.013699 	 0.067280 	 1.000000
  235 	 0.014493 	 0.071330 	 1.000000
  236 	 0.014493 	 0.069010 	 1.000000
  237 	 0.013699 	 0.065860 	 1.000000
  238 	 0.012987 	 0.067952 	 1.000000
  239 	 0.014286 	 0.068308 	 1.000000
  240 	 0.013889 	 0.068324 	 1.000000
  241 	 0.014925 	 0.070238 	 1.000000
  242 	 -1.000000 	 0.183254 	 10.000000
  243 	 0.015152 	 0.068721 	 1.000000
  244 	 0.015152 	 0.067617 	 1.000000
  245 	 0.014085 	 0.068944 	 1.000000
  246 	 0.013889 	 0.068170 	 1.000000
  247 	 0.014706 	 0.069378 	 1.000000
  248 	 0.014085 	 0.068987 	 1.000000
  249 	 0.013889 	 0.068309 	 1.000000
  250 	 0.013158 	 0.067631 	 1.000000
  251 	 0.013514 	 0.068326 	 1.000000
  252 	 0.014085 	 0.068646 	 1.000000
  253 	 0.014286 	 0.069041 	 1.000000
  254 	 0.014286 	 0.069041 	 1.000000
  255 	 0.014286 	 0.069041 	 1.000000
  256 	 0.014286 	 0.069041 	 1.000000
  257 	 0.014286 	 0.069041 	 1.000000
  258 	 0.014493 	 0.084133 	 1.000000
  259 	 -1.000000 	 0.202383 	 10.000000
  260 	 -1.000000 	 0.188888 	 10.000000
  261 	 0.014706 	 0.069003 	 1.000000
  262 	 0.014286 	 0.069041 	 1.000000
  263 	 0.014286 	 0.069041 	 1.000000
  264 	 0.015152 	 0.071824 	 1.000000
  265 	 0.013333 	 0.067877 	 1.000000
  266 	 0.013514 	 0.067283 	 1.000000
  267 	 0.015385 	 0.070578 	 1.000000
  268 	 0.012821 	 0.066953 	 1.000000
  269 	 0.014085 	 0.068590 	 1.000000
  270 	 0.014493 	 0.069203 	 1.000000
  271 	 0.014286 	 0.069041 	 1.000000
  272 	 0.013889 	 0.068437 	 1.000000
  273 	 0.014286 	 0.069041 	 1.000000
  274 	 0.015152 	 0.069413 	 1.000000
  275 	 0.014286 	 0.069041 	 1.000000
  276 	 0.015152 	 0.069121 	 1.000000
  277 	 0.014925 	 0.069635 	 1.000000
  278 	 0.014286 	 0.069041 	 1.000000
  279 	 0.013699 	 0.068505 	 1.000000
  280 	 0.013514 	 0.067845 	 1.000000
  281 	 0.012987 	 0.067370 	 1.000000
  282 	 0.012821 	 0.039203 	 0.200000
  283 	 0.010000 	 0.066312 	 1.000000
  284 	 0.013514 	 0.074111 	 1.000000
  285 	 0.019231 	 0.074561 	 1.000000
  286 	 0.017241 	 0.241243 	 10.000000
  287 	 -0.333333 	 -0.042086 	 -0.012500
  288 	 -0.333333 	 -0.022989 	 -0.004651
  289 	 -0.333333 	 -0.023014 	 -0.004762
  290 	 -0.333333 	 -0.023024 	 -0.004785
  291 	 -0.333333 	 -0.022875 	 -0.004651
  292 	 -0.333333 	 -0.024105 	 -0.004762
  293 	 -0.333333 	 -0.022842 	 -0.004695
  294 	 -0.333333 	 -0.022998 	 -0.004695
  295 	 -0.333333 	 -0.023262 	 -0.004878
  296 	 -0.333333 	 -0.023014 	 -0.004762
  297 	 -0.333333 	 -0.023014 	 -0.004762
  298 	 -0.333333 	 -0.023123 	 -0.004831
  299 	 -0.333333 	 -0.023014 	 -0.004762
  300 	 -0.333333 	 -0.023022 	 -0.004878
  301 	 -0.333333 	 -0.024269 	 -0.004926
  302 	 -0.333333 	 -0.023058 	 -0.004762
  303 	 -0.333333 	 -0.023014 	 -0.004762
  304 	 -0.333333 	 -0.023144 	 -0.004808
  305 	 -0.333333 	 -0.023011 	 -0.004739
  306 	 -0.333333 	 -0.022938 	 -0.004739
  307 	 -0.333333 	 -0.023014 	 -0.004762
  308 	 -0.333333 	 -0.023014 	 -0.004762
  309 	 -0.333333 	 -0.022988 	 -0.004717
  310 	 -0.333333 	 -0.023011 	 -0.004739
  311 	 -0.333333 	 -0.023042 	 -0.004808
  312 	 -0.333333 	 -0.022959 	 -0.004717
  313 	 -0.333333 	 -0.022494 	 -0.004717
  314 	 -0.333333 	 -0.023219 	 -0.004808
  315 	 -0.333333 	 -0.022932 	 -0.004673
  316 	 -0.333333 	 -0.022959 	 -0.004739
  317 	 -0.333333 	 -0.022945 	 -0.004831
  318 	 -0.333333 	 -0.026451 	 -0.004854
  319 	 -0.333333 	 -0.023268 	 -0.004878
  320 	 -0.333333 	 -0.024613 	 -0.004878
  321 	 -0.333333 	 -0.023014 	 -0.004762
  322 	 -0.333333 	 -0.023069 	 -0.004926
  323 	 -0.333333 	 -0.023014 	 -0.004762
  324 	 -0.500000 	 -0.026539 	 -0.004926
  325 	 -0.333333 	 -0.028657 	 -0.006410
  326 	 -0.333333 	 -0.023059 	 -0.004808
  327 	 -0.333333 	 -0.023014 	 -0.004762
  328 	 -0.333333 	 -0.022988 	 -0.004762
  329 	 -0.333333 	 -0.022972 	 -0.004695
  330 	 -0.333333 	 -0.023041 	 -0.004831
  331 	 -0.333333 	 -0.023032 	 -0.004831
  332 	 -0.333333 	 -0.022980 	 -0.004926
  333 	 -0.333333 	 -0.022968 	 -0.004673
  334 	 -0.333333 	 -0.022997 	 -0.004717
  335 	 -0.333333 	 -0.023014 	 -0.004762
  336 	 -0.333333 	 -0.023014 	 -0.004762
  337 	 -0.333333 	 -0.023061 	 -0.004808
  338 	 -0.333333 	 -0.022403 	 -0.004717
  339 	 -0.333333 	 -0.023014 	 -0.004762
  340 	 -0.333333 	 -0.022071 	 -0.004673
  341 	 -0.333333 	 -0.023014 	 -0.004762
  342 	 -0.333333 	 -0.021767 	 -0.004808
  343 	 -0.333333 	 -0.023014 	 -0.004762
  344 	 -0.333333 	 -0.023059 	 -0.004878
  345 	 -0.333333 	 -0.023042 	 -0.004739
  346 	 -0.333333 	 -0.023032 	 -0.004785
  347 	 -0.333333 	 -0.022984 	 -0.004739
  348 	 -0.333333 	 -0.023014 	 -0.004762
  349 	 -0.333333 	 -0.023014 	 -0.004762
  350 	 -0.333333 	 -0.022960 	 -0.004695
  351 	 -0.333333 	 -0.022940 	 -0.004673
  352 	 -0.333333 	 -0.022960 	 -0.004651
  353 	 -0.333333 	 -0.022926 	 -0.004717
  354 	 -0.333333 	 -0.023135 	 -0.004854
  355 	 -0.333333 	 -0.022989 	 -0.004717
  356 	 -0.500000 	 -0.004953 	 1.000000
  357 	 0.007143 	 0.034520 	 0.500000
  358 	 0.006944 	 0.033903 	 0.500000
  359 	 0.006803 	 0.034330 	 0.500000
  360 	 0.007092 	 0.034773 	 0.500000
  361 	 0.006803 	 0.033897 	 0.500000
  362 	 0.006944 	 0.033199 	 0.500000
  363 	 0.006944 	 0.034068 	 0.500000
  364 	 0.007353 	 0.035171 	 0.500000
  365 	 0.007143 	 0.034240 	 0.500000
  366 	 0.007042 	 0.033036 	 0.500000
  367 	 0.006897 	 0.032340 	 0.500000
  368 	 0.006289 	 0.031746 	 0.500000
  369 	 0.007092 	 0.035276 	 0.500000
  370 	 0.007143 	 0.032309 	 0.500000
  371 	 0.007092 	 0.031862 	 0.500000
  372 	 0.006897 	 0.034587 	 0.500000
  373 	 0.007299 	 0.034739 	 0.500000
  374 	 0.007092 	 0.034423 	 0.500000
  375 	 0.006803 	 0.033762 	 0.500000
  376 	 0.007194 	 0.034648 	 0.500000
  377 	 0.007519 	 0.034749 	 0.500000
  378 	 0.006993 	 0.034598 	 0.500000
  379 	 0.007143 	 0.033155 	 0.500000
  380 	 0.007353 	 0.044545 	 0.500000
  381 	 0.008696 	 0.037952 	 0.500000
  382 	 0.009259 	 0.044725 	 0.500000
  383 	 0.009174 	 0.036966 	 0.500000
  384 	 0.007353 	 0.035613 	 0.500000
  385 	 0.006897 	 0.034417 	 0.500000
  386 	 0.007143 	 0.034520 	 0.500000
  387 	 0.007407 	 0.034678 	 0.500000
  388 	 0.007407 	 0.035313 	 0.500000
  389 	 0.007246 	 0.034341 	 0.500000
  390 	 0.006849 	 0.032950 	 0.500000
  391 	 0.006993 	 0.034069 	 0.500000
  392 	 0.007299 	 0.034586 	 0.500000
  393 	 0.007042 	 0.034082 	 0.500000
  394 	 0.007042 	 0.030427 	 0.333333
  395 	 0.006993 	 0.179656 	 10.000000
  396 	 0.043478 	 0.384666 	 10.000000
  397 	 0.050000 	 0.390780 	 10.000000
  398 	 0.200000 	 4.657143 	 10.000000
  399 	 -1.000000 	 4.185714 	 10.000000
 