   0 	 -1.000000 	 -0.032118 	 0.500000
    1 	 -0.166667 	 -0.011900 	 -0.002591
    2 	 -0.166667 	 -0.011507 	 -0.002381
    3 	 -0.166667 	 -0.011532 	 -0.002404
    4 	 -0.166667 	 -0.011535 	 -0.002392
    5 	 -0.200000 	 -0.012238 	 -0.002370
    6 	 -0.200000 	 -0.013518 	 -0.002703
    7 	 -0.200000 	 -0.013665 	 -0.002786
    8 	 -0.200000 	 -0.013869 	 -0.002882
    9 	 -0.200000 	 -0.012999 	 -0.002907
   10 	 -0.200000 	 -0.014382 	 -0.002959
   11 	 -0.200000 	 -0.013808 	 -0.002857
   12 	 -0.200000 	 -0.013821 	 -0.002890
   13 	 -0.333333 	 -0.016578 	 -0.002907
   14 	 -0.200000 	 -0.017166 	 -0.004000
   15 	 -0.333333 	 -0.017627 	 -0.003125
   16 	 -0.333333 	 -0.023014 	 -0.004739
   17 	 -0.200000 	 -0.018005 	 -0.004255
   18 	 -0.200000 	 -0.013800 	 -0.003003
   19 	 -0.200000 	 -0.013805 	 -0.002841
   20 	 -0.200000 	 -0.013795 	 -0.002849
   21 	 -0.200000 	 -0.013808 	 -0.002857
   22 	 -0.200000 	 -0.013808 	 -0.002857
   23 	 -0.200000 	 -0.013824 	 -0.002865
   24 	 -0.200000 	 -0.013865 	 -0.002849
   25 	 -0.200000 	 -0.013811 	 -0.002874
   26 	 -0.200000 	 -0.014016 	 -0.002907
   27 	 -0.200000 	 -0.013882 	 -0.002849
   28 	 -0.200000 	 -0.013714 	 -0.002849
   29 	 -0.200000 	 -0.013809 	 -0.002865
   30 	 -0.200000 	 -0.013832 	 -0.002874
   31 	 -0.200000 	 -0.013813 	 -0.002874
   32 	 -0.200000 	 -0.013808 	 -0.002857
   33 	 -0.200000 	 -0.013784 	 -0.002849
   34 	 -0.200000 	 -0.013808 	 -0.002865
   35 	 -0.200000 	 -0.013806 	 -0.002825
   36 	 -0.200000 	 -0.013796 	 -0.002874
   37 	 -0.200000 	 -0.013808 	 -0.002857
   38 	 -0.200000 	 -0.013799 	 -0.002849
   39 	 -0.200000 	 -0.013868 	 -0.002890
   40 	 -0.250000 	 -0.015148 	 -0.003021
   41 	 -0.250000 	 -0.016743 	 -0.003378
   42 	 -0.250000 	 -0.017260 	 -0.003571
   43 	 -0.250000 	 -0.017260 	 -0.003571
   44 	 -0.250000 	 -0.017418 	 -0.003704
   45 	 -0.250000 	 -0.017287 	 -0.003597
   46 	 -0.250000 	 -0.017238 	 -0.003546
   47 	 -0.250000 	 -0.017260 	 -0.003571
   48 	 -0.250000 	 -0.018720 	 -0.003636
   49 	 -0.250000 	 -0.017250 	 -0.003559
   50 	 -0.250000 	 -0.017192 	 -0.003559
   51 	 -0.250000 	 -0.017261 	 -0.003597
   52 	 -0.250000 	 -0.017263 	 -0.003584
   53 	 -0.250000 	 -0.017208 	 -0.003521
   54 	 -0.250000 	 -0.017260 	 -0.003571
   55 	 -0.250000 	 -0.017247 	 -0.003559
   56 	 -0.250000 	 -0.017317 	 -0.003623
   57 	 -0.250000 	 -0.017260 	 -0.003571
   58 	 -0.250000 	 -0.017260 	 -0.003571
   59 	 -0.250000 	 -0.017231 	 -0.003521
   60 	 -0.250000 	 -0.017260 	 -0.003571
   61 	 -0.250000 	 -0.017324 	 -0.003623
   62 	 -0.250000 	 -0.017260 	 -0.003571
   63 	 -0.250000 	 -0.017260 	 -0.003571
   64 	 -0.250000 	 -0.017258 	 -0.003509
   65 	 -0.250000 	 -0.016003 	 -0.002941
   66 	 -0.250000 	 -0.017451 	 -0.003597
   67 	 -0.250000 	 -0.017260 	 -0.003571
   68 	 -0.250000 	 -0.017003 	 -0.003521
   69 	 -0.250000 	 0.125645 	 10.000000
   70 	 -1.000000 	 1.042857 	 10.000000
   71 	 -1.000000 	 6.214286 	 10.000000
   72 	 0.200000 	 3.383095 	 10.000000
   73 	 -1.000000 	 0.923810 	 10.000000
   74 	 0.500000 	 9.050000 	 10.000000
   75 	 -0.250000 	 0.775000 	 10.000000
   76 	 0.250000 	 0.667857 	 10.000000
   77 	 0.250000 	 7.214286 	 10.000000
   78 	 10.000000 	 10.000000 	 10.000000
   79 	 -0.333333 	 6.336905 	 10.000000
   80 	 0.200000 	 3.019286 	 10.000000
   81 	 -0.500000 	 4.860714 	 10.000000
   82 	 -0.500000 	 1.684286 	 10.000000
   83 	 0.500000 	 3.607143 	 10.000000
   84 	 -0.250000 	 8.975000 	 10.000000
   85 	 10.000000 	 10.000000 	 10.000000
   86 	 -0.250000 	 5.314286 	 10.000000
   87 	 -1.000000 	 0.100000 	 10.000000
   88 	 -1.000000 	 1.572619 	 10.000000
   89 	 -1.000000 	 2.142857 	 10.000000
   90 	 -1.000000 	 2.300000 	 10.000000
   91 	 -0.250000 	 1.518571 	 10.000000
   92 	 0.250000 	 3.035714 	 10.000000
   93 	 0.333333 	 3.678571 	 10.000000
   94 	 0.500000 	 3.557143 	 10.000000
   95 	 10.000000 	 10.000000 	 10.000000
   96 	 0.333333 	 2.990476 	 10.000000
   97 	 -0.250000 	 1.467857 	 10.000000
   98 	 -1.000000 	 6.747619 	 10.000000
   99 	 -1.000000 	 8.585714 	 10.000000
  100 	 -1.000000 	 0.257143 	 10.000000
  101 	 0.500000 	 2.942857 	 10.000000
  102 	 -1.000000 	 2.728571 	 10.000000
  103 	 -0.250000 	 5.607143 	 10.000000
  104 	 -1.000000 	 1.042857 	 10.000000
  105 	 -0.250000 	 0.775000 	 10.000000
  106 	 10.000000 	 10.000000 	 10.000000
  107 	 0.250000 	 0.807143 	 10.000000
  108 	 0.200000 	 1.150000 	 10.000000
  109 	 -1.000000 	 0.335714 	 10.000000
  110 	 -0.500000 	 -0.045626 	 -0.014706
  111 	 -0.500000 	 -0.036833 	 -0.008130
  112 	 -0.500000 	 -0.034181 	 -0.006944
  113 	 -0.500000 	 -0.034875 	 -0.007353
  114 	 -0.500000 	 -0.034520 	 -0.007143
  115 	 -0.500000 	 -0.035918 	 -0.007042
  116 	 -0.500000 	 -0.034838 	 -0.007246
  117 	 -0.500000 	 -0.034438 	 -0.007042
  118 	 -0.500000 	 -0.034596 	 -0.007299
  119 	 -0.500000 	 -0.036832 	 -0.007353
  120 	 -0.500000 	 -0.034469 	 -0.007194
  121 	 -0.500000 	 -0.034520 	 -0.007143
  122 	 -0.500000 	 -0.034520 	 -0.007143
  123 	 -0.500000 	 -0.034266 	 -0.007143
  124 	 -0.500000 	 -0.032138 	 -0.006897
  125 	 -0.500000 	 -0.034511 	 -0.007042
  126 	 -0.500000 	 -0.034520 	 -0.007143
  127 	 -0.500000 	 -0.034606 	 -0.007246
  128 	 -0.500000 	 -0.034520 	 -0.007143
  129 	 -0.500000 	 -0.034861 	 -0.006993
  130 	 -1.000000 	 -0.045268 	 -0.007519
  131 	 -1.000000 	 -0.056833 	 -0.011364
  132 	 -1.000000 	 -0.069041 	 -0.014286
  133 	 -1.000000 	 -0.069041 	 -0.014286
  134 	 -1.000000 	 -0.068126 	 -0.013333
  135 	 -1.000000 	 -0.069041 	 -0.014286
  136 	 -1.000000 	 -0.066951 	 -0.013889
  137 	 -1.000000 	 -0.078904 	 -0.014925
  138 	 -1.000000 	 -0.070752 	 -0.015152
  139 	 -1.000000 	 -0.089371 	 -0.016129
  140 	 -1.000000 	 -0.067530 	 -0.012821
  141 	 -1.000000 	 -0.068572 	 -0.013514
  142 	 -1.000000 	 -0.069041 	 -0.014286
  143 	 -1.000000 	 -0.061927 	 -0.013333
  144 	 -1.000000 	 -0.061483 	 -0.012987
  145 	 -1.000000 	 -0.065614 	 -0.013889
  146 	 -1.000000 	 -0.067034 	 -0.012346
  147 	 -1.000000 	 -0.054899 	 -0.012048
  148 	 -1.000000 	 -0.065220 	 -0.013514
  149 	 -1.000000 	 -0.068856 	 -0.014085
  150 	 -1.000000 	 -0.068740 	 -0.013514
  151 	 -1.000000 	 -0.069041 	 -0.014286
  152 	 -1.000000 	 -0.069015 	 -0.014085
  153 	 -1.000000 	 -0.069041 	 -0.014286
  154 	 -1.000000 	 -0.068592 	 -0.014085
  155 	 -1.000000 	 -0.061213 	 -0.014286
  156 	 -1.000000 	 -0.068143 	 -0.014085
  157 	 -1.000000 	 -0.075058 	 -0.014706
  158 	 -1.000000 	 -0.073402 	 -0.014493
  159 	 -1.000000 	 -0.069275 	 -0.015152
  160 	 -1.000000 	 -0.067201 	 -0.014085
  161 	 -1.000000 	 -0.069011 	 -0.014085
  162 	 -1.000000 	 -0.071729 	 -0.014925
  163 	 -1.000000 	 -0.069118 	 -0.014706
  164 	 -1.000000 	 -0.069041 	 -0.014286
  165 	 -1.000000 	 -0.069502 	 -0.014925
  166 	 -1.000000 	 0.374231 	 10.000000
  167 	 -1.000000 	 1.398435 	 10.000000
  168 	 -1.000000 	 0.695752 	 10.000000
  169 	 -1.000000 	 0.198965 	 10.000000
  170 	 0.014493 	 0.068720 	 1.000000
  171 	 0.015625 	 0.071911 	 1.000000
  172 	 0.014706 	 0.078825 	 1.000000
  173 	 0.019231 	 0.263685 	 10.000000
  174 	 -1.000000 	 0.725714 	 10.000000
  175 	 -1.000000 	 0.002105 	 10.000000
  176 	 0.014286 	 0.069041 	 1.000000
  177 	 0.015385 	 0.071049 	 1.000000
  178 	 0.014925 	 0.070545 	 1.000000
  179 	 0.015385 	 0.070309 	 1.000000
  180 	 0.014493 	 0.070679 	 1.000000
  181 	 0.014493 	 0.069087 	 1.000000
  182 	 0.015152 	 0.068101 	 1.000000
  183 	 0.014286 	 0.072802 	 1.000000
  184 	 0.013158 	 0.066333 	 1.000000
  185 	 0.014493 	 0.067517 	 1.000000
  186 	 0.015152 	 0.069264 	 1.000000
  187 	 0.014706 	 0.069110 	 1.000000
  188 	 0.013889 	 0.065102 	 1.000000
  189 	 0.012500 	 0.066327 	 1.000000
  190 	 0.012821 	 0.065997 	 1.000000
  191 	 0.014925 	 0.067879 	 1.000000
  192 	 0.014706 	 0.070072 	 1.000000
  193 	 0.015873 	 0.071712 	 1.000000
  194 	 0.015873 	 0.071800 	 1.000000
  195 	 0.014493 	 0.069286 	 1.000000
  196 	 0.014286 	 0.068784 	 1.000000
  197 	 0.013514 	 0.060059 	 1.000000
  198 	 0.014286 	 0.070646 	 1.000000
  199 	 0.014706 	 0.069302 	 1.000000
  200 	 0.015385 	 0.072868 	 1.000000
  201 	 -1.000000 	 0.185421 	 10.000000
  202 	 0.014286 	 0.068962 	 1.000000
  203 	 0.013889 	 0.069913 	 1.000000
  204 	 0.014925 	 0.070568 	 1.000000
  205 	 0.014706 	 0.069059 	 1.000000
  206 	 0.015625 	 0.078406 	 1.000000
  207 	 0.017544 	 0.083489 	 1.000000
  208 	 -1.000000 	 0.177076 	 10.000000
  209 	 0.014925 	 0.069086 	 1.000000
  210 	 0.015152 	 0.070185 	 1.000000
  211 	 0.014286 	 0.069041 	 1.000000
  212 	 0.014493 	 0.069313 	 1.000000
  213 	 0.013699 	 0.068439 	 1.000000
  214 	 0.015385 	 0.077213 	 1.000000
  215 	 0.018868 	 0.243209 	 10.000000
  216 	 -0.250000 	 -0.028163 	 -0.006803
  217 	 -0.250000 	 -0.019866 	 -0.004237
  218 	 -0.250000 	 -0.017260 	 -0.003571
  219 	 -0.250000 	 -0.018102 	 -0.003636
  220 	 -0.250000 	 -0.017260 	 -0.003571
  221 	 -0.250000 	 -0.017279 	 -0.003584
  222 	 -0.250000 	 -0.017260 	 -0.003571
  223 	 -0.250000 	 -0.017211 	 -0.003521
  224 	 -0.250000 	 -0.018114 	 -0.003636
  225 	 -0.250000 	 -0.017260 	 -0.003571
  226 	 -0.250000 	 -0.017256 	 -0.003521
  227 	 -0.250000 	 -0.017256 	 -0.003546
  228 	 -0.250000 	 -0.017260 	 -0.003571
  229 	 -0.250000 	 -0.017250 	 -0.003546
  230 	 -0.250000 	 -0.017262 	 -0.003584
  231 	 -0.250000 	 -0.017257 	 -0.003559
  232 	 -0.333333 	 -0.004731 	 1.000000
  233 	 0.013889 	 0.068934 	 1.000000
  234 	 0.014286 	 0.069041 	 1.000000
  235 	 0.014286 	 0.069041 	 1.000000
  236 	 0.014085 	 0.066861 	 1.000000
  237 	 0.014925 	 0.068181 	 1.000000
  238 	 0.013158 	 0.063057 	 1.000000
  239 	 0.013158 	 0.068449 	 1.000000
  240 	 0.014085 	 0.064307 	 1.000000
  241 	 0.012500 	 0.062870 	 1.000000
  242 	 0.013699 	 0.068028 	 1.000000
  243 	 0.015625 	 0.073052 	 1.000000
  244 	 0.016393 	 0.074307 	 1.000000
  245 	 0.016667 	 0.092526 	 1.000000
  246 	 0.021739 	 0.125703 	 1.000000
  247 	 0.033333 	 0.378654 	 10.000000
  248 	 -1.000000 	 0.024048 	 10.000000
  249 	 10.000000 	 10.000000 	 10.000000
  250 	 10.000000 	 10.000000 	 10.000000
  251 	 -0.500000 	 2.350000 	 10.000000
  252 	 0.500000 	 4.707143 	 10.000000
  253 	 -0.250000 	 9.267857 	 10.000000
  254 	 -1.000000 	 1.128571 	 10.000000
  255 	 10.000000 	 10.000000 	 10.000000
  256 	 10.000000 	 10.000000 	 10.000000
  257 	 -0.500000 	 1.750000 	 10.000000
  258 	 10.000000 	 10.000000 	 10.000000
  259 	 -0.500000 	 8.350000 	 10.000000
  260 	 0.333333 	 3.266667 	 10.000000
  261 	 0.200000 	 7.353333 	 10.000000
  262 	 -0.500000 	 9.700000 	 10.000000
  263 	 -0.500000 	 0.521429 	 10.000000
  264 	 0.333333 	 6.823810 	 10.000000
  265 	 10.000000 	 10.000000 	 10.000000
  266 	 1.000000 	 1.257143 	 10.000000
  267 	 0.200000 	 3.924286 	 10.000000
  268 	 0.500000 	 4.978571 	 10.000000
  269 	 0.500000 	 2.964286 	 10.000000
  270 	 1.000000 	 6.014286 	 10.000000
  271 	 -1.000000 	 2.164286 	 10.000000
  272 	 -0.333333 	 3.400153 	 10.000000
  273 	 -0.500000 	 2.629267 	 10.000000
  274 	 -1.000000 	 -0.214286 	 10.000000
  275 	 -1.000000 	 8.271429 	 10.000000
  276 	 1.000000 	 3.700000 	 10.000000
  277 	 1.000000 	 8.585714 	 10.000000
  278 	 -1.000000 	 7.314286 	 10.000000
  279 	 10.000000 	 10.000000 	 10.000000
  280 	 -1.000000 	 7.171429 	 10.000000
  281 	 -0.250000 	 7.657143 	 10.000000
  282 	 -1.000000 	 5.757143 	 10.000000
  283 	 -0.250000 	 4.300714 	 10.000000
  284 	 10.000000 	 10.000000 	 10.000000
  285 	 10.000000 	 10.000000 	 10.000000
  286 	 0.333333 	 1.161905 	 10.000000
  287 	 0.333333 	 6.238095 	 10.000000
  288 	 -1.000000 	 1.804762 	 10.000000
  289 	 -1.000000 	 -0.341429 	 10.000000
  290 	 0.250000 	 4.985714 	 10.000000
  291 	 -0.250000 	 2.142445 	 10.000000
  292 	 -1.000000 	 5.128571 	 10.000000
  293 	 1.000000 	 7.171429 	 10.000000
  294 	 10.000000 	 10.000000 	 10.000000
  295 	 10.000000 	 10.000000 	 10.000000
  296 	 10.000000 	 10.000000 	 10.000000
  297 	 -1.000000 	 1.719048 	 10.000000
  298 	 -1.000000 	 5.035714 	 10.000000
  299 	 -0.250000 	 9.414286 	 10.000000
  300 	 -1.000000 	 3.085714 	 10.000000
  301 	 -1.000000 	 4.342857 	 10.000000
  302 	 -1.000000 	 8.742857 	 10.000000
  303 	 10.000000 	 10.000000 	 10.000000
  304 	 1.000000 	 8.457143 	 10.000000
  305 	 0.250000 	 4.321429 	 10.000000
  306 	 10.000000 	 10.000000 	 10.000000
  307 	 10.000000 	 10.000000 	 10.000000
  308 	 0.333333 	 4.242857 	 10.000000
  309 	 -0.500000 	 1.750000 	 10.000000
  310 	 -0.250000 	 3.557143 	 10.000000
  311 	 -0.500000 	 7.000000 	 10.000000
  312 	 10.000000 	 10.000000 	 10.000000
  313 	 0.500000 	 9.185714 	 10.000000
  314 	 1.000000 	 2.671429 	 10.000000
  315 	 0.333333 	 0.380952 	 1.000000
  316 	 0.200000 	 4.599762 	 10.000000
  317 	 10.000000 	 10.000000 	 10.000000
  318 	 -1.000000 	 1.042857 	 10.000000
  319 	 0.125000 	 0.730238 	 10.000000
  320 	 -1.000000 	 2.642857 	 10.000000
  321 	 0.500000 	 7.964286 	 10.000000
  322 	 0.250000 	 0.667857 	 10.000000
  323 	 -1.000000 	 1.828571 	 10.000000
  324 	 -1.000000 	 5.032857 	 10.000000
  325 	 0.250000 	 0.839286 	 10.000000
  326 	 0.500000 	 6.371429 	 10.000000
  327 	 0.200000 	 2.602857 	 10.000000
  328 	 -1.000000 	 0.838095 	 10.000000
  329 	 10.000000 	 10.000000 	 10.000000
  330 	 -1.000000 	 0.128571 	 10.000000
  331 	 0.166667 	 4.129524 	 10.000000
  332 	 -0.250000 	 -0.250000 	 -0.250000
  333 	 -0.250000 	 -0.020781 	 -0.003623
  334 	 -0.250000 	 -0.017260 	 -0.003571
  335 	 -0.250000 	 -0.017293 	 -0.003610
  336 	 -0.250000 	 -0.017306 	 -0.003610
  337 	 -0.250000 	 -0.017282 	 -0.003597
  338 	 -0.250000 	 -0.017260 	 -0.003571
  339 	 -0.250000 	 -0.017214 	 -0.003521
  340 	 -0.250000 	 -0.017560 	 -0.003623
  341 	 -0.250000 	 -0.017180 	 -0.003559
  342 	 -0.250000 	 -0.017305 	 -0.003610
  343 	 -0.250000 	 -0.017260 	 -0.003571
  344 	 -0.250000 	 -0.017260 	 -0.003571
  345 	 -0.250000 	 -0.017260 	 -0.003571
  346 	 -0.250000 	 -0.017507 	 -0.003623
  347 	 -0.250000 	 -0.017356 	 -0.003676
  348 	 -0.250000 	 -0.017260 	 -0.003571
  349 	 -0.250000 	 -0.017206 	 -0.003534
  350 	 -0.250000 	 -0.017181 	 -0.003534
  351 	 -0.250000 	 -0.017362 	 -0.003663
  352 	 -0.250000 	 -0.017129 	 -0.003559
  353 	 -0.250000 	 -0.017381 	 -0.003559
  354 	 -0.250000 	 -0.015525 	 -0.003521
  355 	 -0.250000 	 -0.017326 	 -0.003584
  356 	 -0.250000 	 -0.017249 	 -0.003597
  357 	 -0.250000 	 -0.017303 	 -0.003610
  358 	 -0.250000 	 -0.017262 	 -0.003584
  359 	 -0.250000 	 -0.017241 	 -0.003584
  360 	 -0.250000 	 -0.017368 	 -0.003584
  361 	 -0.250000 	 -0.017266 	 -0.003597
  362 	 -0.250000 	 -0.019002 	 -0.003636
  363 	 -0.250000 	 -0.017260 	 -0.003571
  364 	 -0.250000 	 -0.017227 	 -0.003534
  365 	 -0.250000 	 -0.016765 	 -0.003546
  366 	 -0.250000 	 -0.017300 	 -0.003610
  367 	 -0.250000 	 -0.017296 	 -0.003663
  368 	 -0.250000 	 -0.017254 	 -0.003559
  369 	 -0.250000 	 -0.017336 	 -0.003571
  370 	 -0.250000 	 -0.018110 	 -0.003636
  371 	 -0.250000 	 -0.017235 	 -0.003597
  372 	 -0.250000 	 -0.017354 	 -0.003584
  373 	 -0.250000 	 -0.017903 	 -0.003597
  374 	 -0.250000 	 -0.017481 	 -0.003623
  375 	 -0.250000 	 -0.017260 	 -0.003571
  376 	 -0.250000 	 -0.017757 	 -0.003623
  377 	 -0.250000 	 -0.017324 	 -0.003597
  378 	 -0.250000 	 -0.017271 	 -0.003584
  379 	 -0.250000 	 -0.017352 	 -0.003584
  380 	 -0.250000 	 -0.017531 	 -0.003676
  381 	 -0.250000 	 -0.017305 	 -0.003584
  382 	 -0.250000 	 -0.017355 	 -0.003610
  383 	 -0.250000 	 -0.017609 	 -0.003676
  384 	 -0.250000 	 -0.017534 	 -0.003623
  385 	 -0.250000 	 -0.017260 	 -0.003571
  386 	 -0.250000 	 -0.017028 	 -0.003559
  387 	 -0.250000 	 -0.017261 	 -0.003584
  388 	 -0.250000 	 -0.017405 	 -0.003650
  389 	 -0.250000 	 -0.017448 	 -0.003690
  390 	 -0.250000 	 -0.017255 	 -0.003559
  391 	 -0.250000 	 -0.017260 	 -0.003571
  392 	 -0.250000 	 -0.017389 	 -0.003663
  393 	 -0.250000 	 -0.017260 	 -0.003571
  394 	 -0.250000 	 -0.017246 	 -0.003559
  395 	 -0.250000 	 -0.017260 	 -0.003571
  396 	 -0.250000 	 -0.017611 	 -0.003571
  397 	 -0.250000 	 -0.017300 	 -0.003584
  398 	 -0.250000 	 -0.017272 	 -0.003571
  399 	 -0.250000 	 -0.017545 	 -0.003610
 