   0 	 0.010000 	 0.028252 	 0.500000
    1 	 0.007353 	 0.055831 	 1.000000
    2 	 -0.500000 	 0.215000 	 10.000000
    3 	 -0.500000 	 -0.046453 	 1.000000
    4 	 0.014085 	 0.068221 	 1.000000
    5 	 0.013889 	 0.068112 	 1.000000
    6 	 0.013889 	 0.068968 	 1.000000
    7 	 0.014493 	 0.065032 	 1.000000
    8 	 0.013158 	 0.065067 	 1.000000
    9 	 0.013699 	 0.068541 	 1.000000
   10 	 0.014286 	 0.069041 	 1.000000
   11 	 0.014493 	 0.069212 	 1.000000
   12 	 0.014085 	 0.068907 	 1.000000
   13 	 0.014286 	 0.069041 	 1.000000
   14 	 0.015625 	 0.071415 	 1.000000
   15 	 0.015385 	 0.073129 	 1.000000
   16 	 0.016129 	 0.079652 	 1.000000
   17 	 0.017241 	 0.075918 	 1.000000
   18 	 0.016667 	 0.080697 	 1.000000
   19 	 0.016129 	 0.069749 	 1.000000
   20 	 0.015385 	 0.068292 	 1.000000
   21 	 0.014493 	 0.066637 	 1.000000
   22 	 0.013699 	 0.067878 	 1.000000
   23 	 0.012821 	 0.065966 	 1.000000
   24 	 0.013699 	 0.063732 	 1.000000
   25 	 0.013158 	 0.063558 	 1.000000
   26 	 0.014706 	 0.070919 	 1.000000
   27 	 -1.000000 	 0.467198 	 10.000000
   28 	 -1.000000 	 0.766718 	 10.000000
   29 	 -1.000000 	 0.097945 	 10.000000
   30 	 -1.000000 	 0.325860 	 10.000000
   31 	 0.014085 	 0.068856 	 1.000000
   32 	 0.014493 	 0.069092 	 1.000000
   33 	 0.013699 	 0.067109 	 1.000000
   34 	 0.013699 	 0.068795 	 1.000000
   35 	 0.014085 	 0.071059 	 1.000000
   36 	 0.015152 	 0.073161 	 1.000000
   37 	 0.014286 	 0.067821 	 1.000000
   38 	 0.013514 	 0.068803 	 1.000000
   39 	 0.014286 	 0.069041 	 1.000000
   40 	 0.014286 	 0.069041 	 1.000000
   41 	 0.014286 	 0.069559 	 1.000000
   42 	 0.014493 	 0.068891 	 1.000000
   43 	 0.014085 	 0.069015 	 1.000000
   44 	 0.014493 	 0.069106 	 1.000000
   45 	 0.014493 	 0.069154 	 1.000000
   46 	 0.014925 	 0.069548 	 1.000000
   47 	 0.014085 	 0.069029 	 1.000000
   48 	 0.013699 	 0.070088 	 1.000000
   49 	 0.014493 	 0.069630 	 1.000000
   50 	 0.014493 	 0.069386 	 1.000000
   51 	 0.013699 	 0.069043 	 1.000000
   52 	 0.014085 	 0.070396 	 1.000000
   53 	 0.014706 	 0.072109 	 1.000000
   54 	 0.015152 	 0.069690 	 1.000000
   55 	 0.014286 	 0.069041 	 1.000000
   56 	 0.013333 	 0.068961 	 1.000000
   57 	 0.013699 	 0.072647 	 1.000000
   58 	 0.014085 	 0.069355 	 1.000000
   59 	 0.014085 	 0.068713 	 1.000000
   60 	 0.014085 	 0.068809 	 1.000000
   61 	 0.013699 	 0.068918 	 1.000000
   62 	 0.014493 	 0.069233 	 1.000000
   63 	 0.012987 	 0.043213 	 0.250000
   64 	 0.010753 	 0.062362 	 1.000000
   65 	 0.012346 	 0.063808 	 1.000000
   66 	 0.014085 	 0.068106 	 1.000000
   67 	 0.013889 	 0.056846 	 0.500000
   68 	 0.012821 	 0.056479 	 1.000000
   69 	 0.013699 	 0.069054 	 1.000000
   70 	 0.015152 	 0.069336 	 1.000000
   71 	 0.013514 	 0.098247 	 1.000000
   72 	 0.019231 	 0.096867 	 1.000000
   73 	 0.021277 	 0.230749 	 10.000000
   74 	 0.041667 	 0.920441 	 10.000000
   75 	 0.250000 	 2.361905 	 10.000000
   76 	 -1.000000 	 -0.614286 	 -0.250000
   77 	 -1.000000 	 -0.065652 	 -0.014085
   78 	 -1.000000 	 -0.068475 	 -0.013889
   79 	 -1.000000 	 -0.068224 	 -0.013889
   80 	 -1.000000 	 -0.069529 	 -0.014286
   81 	 -1.000000 	 -0.068646 	 -0.014085
   82 	 -1.000000 	 -0.069041 	 -0.014286
   83 	 -1.000000 	 -0.073223 	 -0.015152
   84 	 -1.000000 	 -0.053841 	 -0.015385
   85 	 -1.000000 	 -0.068994 	 -0.013699
   86 	 -1.000000 	 -0.048374 	 -0.010101
   87 	 -1.000000 	 -0.069000 	 -0.014085
   88 	 -1.000000 	 -0.068856 	 -0.014085
   89 	 -1.000000 	 -0.068875 	 -0.014085
   90 	 -1.000000 	 -0.069047 	 -0.014493
   91 	 -1.000000 	 -0.069041 	 -0.014286
   92 	 -1.000000 	 -0.069041 	 -0.014286
   93 	 -1.000000 	 -0.068944 	 -0.014085
   94 	 -1.000000 	 -0.083896 	 -0.014925
   95 	 -1.000000 	 -0.077902 	 -0.012987
   96 	 -0.500000 	 -0.053850 	 -0.013699
   97 	 -0.500000 	 -0.035691 	 -0.007634
   98 	 -0.500000 	 -0.034514 	 -0.007042
   99 	 -0.500000 	 -0.034520 	 -0.007143
  100 	 -0.500000 	 -0.034566 	 -0.007299
  101 	 -0.500000 	 -0.034370 	 -0.007092
  102 	 -0.500000 	 -0.034520 	 -0.007143
  103 	 -0.500000 	 -0.036386 	 -0.007752
  104 	 -0.500000 	 -0.035847 	 -0.007246
  105 	 -0.500000 	 -0.034487 	 -0.007092
  106 	 -0.500000 	 -0.034520 	 -0.007143
  107 	 -0.500000 	 -0.034525 	 -0.007194
  108 	 -0.500000 	 -0.037226 	 -0.007143
  109 	 -0.500000 	 -0.038506 	 -0.007246
  110 	 -0.500000 	 -0.033918 	 -0.006993
  111 	 -0.500000 	 -0.034624 	 -0.007246
  112 	 -0.500000 	 -0.034676 	 -0.007299
  113 	 -0.500000 	 -0.034601 	 -0.007194
  114 	 -0.500000 	 -0.034522 	 -0.007246
  115 	 -1.000000 	 -0.037562 	 1.000000
  116 	 -1.000000 	 0.185017 	 10.000000
  117 	 0.013699 	 0.068870 	 1.000000
  118 	 0.014493 	 0.069087 	 1.000000
  119 	 0.013699 	 0.069015 	 1.000000
  120 	 0.014085 	 0.068885 	 1.000000
  121 	 0.014286 	 0.069049 	 1.000000
  122 	 0.013699 	 0.069274 	 1.000000
  123 	 0.012987 	 0.057423 	 1.000000
  124 	 0.012821 	 0.082664 	 1.000000
  125 	 0.018519 	 0.073524 	 1.000000
  126 	 0.014286 	 0.070070 	 1.000000
  127 	 0.013514 	 0.068036 	 1.000000
  128 	 0.013889 	 0.068046 	 1.000000
  129 	 0.014286 	 0.069041 	 1.000000
  130 	 0.014085 	 0.070930 	 1.000000
  131 	 0.015625 	 0.077241 	 1.000000
  132 	 0.015152 	 0.071572 	 1.000000
  133 	 0.014286 	 0.069072 	 1.000000
  134 	 0.013333 	 0.067879 	 1.000000
  135 	 0.014286 	 0.069435 	 1.000000
  136 	 0.013514 	 0.068557 	 1.000000
  137 	 0.015873 	 0.070816 	 1.000000
  138 	 0.013333 	 0.067975 	 1.000000
  139 	 0.013889 	 0.068885 	 1.000000
  140 	 0.014706 	 0.069391 	 1.000000
  141 	 0.014493 	 0.065191 	 1.000000
  142 	 0.014286 	 0.069524 	 1.000000
  143 	 0.014286 	 0.069041 	 1.000000
  144 	 0.014286 	 0.069041 	 1.000000
  145 	 0.014286 	 0.069041 	 1.000000
  146 	 0.013699 	 0.068554 	 1.000000
  147 	 0.014925 	 0.069514 	 1.000000
  148 	 0.014085 	 0.068944 	 1.000000
  149 	 0.014493 	 0.069245 	 1.000000
  150 	 0.015152 	 0.069218 	 1.000000
  151 	 0.015152 	 0.069295 	 1.000000
  152 	 0.015152 	 0.070752 	 1.000000
  153 	 0.014085 	 0.068734 	 1.000000
  154 	 0.013514 	 0.061966 	 1.000000
  155 	 0.013333 	 0.068903 	 1.000000
  156 	 0.013333 	 0.067462 	 1.000000
  157 	 0.014286 	 0.069105 	 1.000000
  158 	 0.012346 	 0.062214 	 1.000000
  159 	 0.013514 	 0.068275 	 1.000000
  160 	 0.013699 	 0.064365 	 1.000000
  161 	 0.013889 	 0.068678 	 1.000000
  162 	 0.012987 	 0.067295 	 1.000000
  163 	 0.014085 	 0.068713 	 1.000000
  164 	 0.014085 	 0.054956 	 0.500000
  165 	 0.012821 	 0.052213 	 0.500000
  166 	 0.010417 	 0.049837 	 0.500000
  167 	 0.010638 	 0.035165 	 0.500000
  168 	 0.008130 	 0.051200 	 1.000000
  169 	 0.010989 	 0.053739 	 1.000000
  170 	 0.010417 	 0.049552 	 1.000000
  171 	 0.010870 	 0.051497 	 0.500000
  172 	 0.011236 	 0.061980 	 1.000000
  173 	 0.012346 	 0.061842 	 1.000000
  174 	 0.011765 	 0.050591 	 0.500000
  175 	 0.011494 	 0.058237 	 1.000000
  176 	 0.012346 	 0.063645 	 1.000000
  177 	 0.013333 	 0.060510 	 1.000000
  178 	 0.011765 	 0.053538 	 1.000000
  179 	 0.011364 	 0.064361 	 1.000000
  180 	 0.015152 	 0.070829 	 1.000000
  181 	 0.014493 	 0.070221 	 1.000000
  182 	 0.014286 	 0.068722 	 1.000000
  183 	 0.014493 	 0.069051 	 1.000000
  184 	 0.014706 	 0.212529 	 10.000000
  185 	 0.043478 	 0.270501 	 10.000000
  186 	 0.055556 	 0.468817 	 10.000000
  187 	 -0.500000 	 -0.137143 	 0.500000
  188 	 0.007143 	 0.034520 	 0.500000
  189 	 0.007042 	 0.034014 	 0.500000
  190 	 0.007143 	 0.034080 	 0.500000
  191 	 0.006803 	 0.033288 	 0.500000
  192 	 0.006849 	 0.034025 	 0.500000
  193 	 0.006944 	 0.034219 	 0.500000
  194 	 0.007752 	 0.036558 	 0.500000
  195 	 0.007812 	 0.034871 	 0.500000
  196 	 0.007353 	 0.034763 	 0.500000
  197 	 0.007246 	 0.036813 	 0.500000
  198 	 0.007519 	 0.035416 	 0.500000
  199 	 0.008772 	 0.037958 	 0.500000
  200 	 0.007692 	 0.184626 	 10.000000
  201 	 -0.500000 	 -0.051310 	 -0.013699
  202 	 -0.500000 	 -0.038673 	 -0.009259
  203 	 -0.500000 	 0.092636 	 10.000000
  204 	 0.006944 	 0.034505 	 0.500000
  205 	 0.007519 	 0.035446 	 0.500000
  206 	 0.007194 	 0.035056 	 0.500000
  207 	 0.007299 	 0.035599 	 0.500000
  208 	 0.006993 	 0.034941 	 0.500000
  209 	 0.006579 	 0.032475 	 0.500000
  210 	 0.006944 	 0.037826 	 0.500000
  211 	 0.007752 	 0.036019 	 0.500000
  212 	 0.008130 	 0.036028 	 0.500000
  213 	 0.007937 	 0.035480 	 0.500000
  214 	 0.007874 	 0.035294 	 0.500000
  215 	 0.008065 	 0.185614 	 10.000000
  216 	 -0.500000 	 0.566106 	 10.000000
  217 	 -0.500000 	 0.074947 	 10.000000
  218 	 0.006944 	 0.034383 	 0.500000
  219 	 0.007092 	 0.034489 	 0.500000
  220 	 0.006993 	 0.034470 	 0.500000
  221 	 0.007246 	 0.034768 	 0.500000
  222 	 0.006993 	 0.033078 	 0.500000
  223 	 0.006849 	 0.032468 	 0.500000
  224 	 0.006757 	 0.033692 	 0.500000
  225 	 0.006579 	 0.033720 	 0.500000
  226 	 0.006623 	 0.033829 	 0.500000
  227 	 0.007042 	 0.040674 	 0.500000
  228 	 0.008696 	 0.052678 	 0.500000
  229 	 0.012658 	 0.078131 	 1.000000
  230 	 -1.000000 	 0.192433 	 10.000000
  231 	 0.011905 	 0.064164 	 1.000000
  232 	 -1.000000 	 0.088123 	 1.000000
  233 	 -1.000000 	 0.216560 	 10.000000
  234 	 -1.000000 	 -0.078626 	 -0.024390
  235 	 -1.000000 	 -0.068403 	 -0.013889
  236 	 -1.000000 	 -0.069035 	 -0.013889
  237 	 -1.000000 	 -0.050606 	 -0.010309
  238 	 -1.000000 	 -0.067940 	 -0.013889
  239 	 -1.000000 	 -0.068696 	 -0.013699
  240 	 -1.000000 	 -0.068852 	 -0.013514
  241 	 -1.000000 	 -0.071357 	 -0.014706
  242 	 -1.000000 	 -0.069796 	 -0.014706
  243 	 -1.000000 	 -0.068951 	 -0.013699
  244 	 -1.000000 	 -0.069041 	 -0.014286
  245 	 -1.000000 	 -0.068868 	 -0.013514
  246 	 -1.000000 	 -0.069951 	 -0.014925
  247 	 -1.000000 	 -0.069846 	 -0.014706
  248 	 -1.000000 	 -0.070998 	 -0.014085
  249 	 -1.000000 	 -0.068670 	 -0.014085
  250 	 -1.000000 	 -0.069041 	 -0.014286
  251 	 -1.000000 	 -0.068296 	 -0.013699
  252 	 -0.333333 	 -0.047163 	 -0.014286
  253 	 -0.333333 	 -0.023626 	 -0.005051
  254 	 -0.142857 	 -0.019385 	 -0.004739
  255 	 -0.142857 	 -0.010446 	 -0.002242
  256 	 -0.142857 	 -0.011629 	 -0.002439
  257 	 -0.142857 	 -0.010524 	 -0.002208
  258 	 -0.142857 	 -0.009890 	 -0.002049
  259 	 -0.142857 	 -0.009885 	 -0.002062
  260 	 -0.142857 	 -0.009943 	 -0.002045
  261 	 -0.142857 	 -0.009873 	 -0.002041
  262 	 -0.142857 	 -0.009863 	 -0.002049
  263 	 -0.142857 	 -0.009863 	 -0.002041
  264 	 -0.142857 	 -0.009858 	 -0.002037
  265 	 -0.142857 	 -0.009863 	 -0.002045
  266 	 -0.142857 	 -0.009985 	 -0.002088
  267 	 -0.142857 	 -0.009857 	 -0.002020
  268 	 -0.142857 	 -0.009863 	 -0.002041
  269 	 -0.142857 	 -0.009901 	 -0.002053
  270 	 -0.142857 	 -0.009857 	 -0.002041
  271 	 -0.142857 	 -0.009885 	 -0.002024
  272 	 -0.142857 	 -0.009875 	 -0.002058
  273 	 -0.142857 	 -0.009467 	 -0.002028
  274 	 -0.200000 	 -0.011055 	 -0.002083
  275 	 -0.200000 	 -0.013294 	 -0.002688
  276 	 -0.200000 	 -0.014720 	 -0.002899
  277 	 -0.200000 	 -0.013788 	 -0.002849
  278 	 -0.250000 	 -0.014908 	 -0.002865
  279 	 -0.200000 	 -0.015837 	 -0.003390
  280 	 -0.200000 	 -0.014936 	 -0.003040
  281 	 -0.200000 	 -0.013824 	 -0.002899
  282 	 -0.200000 	 -0.013808 	 -0.002857
  283 	 -0.200000 	 -0.013799 	 -0.002849
  284 	 -0.200000 	 -0.013862 	 -0.002907
  285 	 -0.200000 	 -0.013808 	 -0.002857
  286 	 -0.200000 	 -0.013791 	 -0.002849
  287 	 -0.200000 	 -0.013808 	 -0.002857
  288 	 -0.200000 	 -0.013783 	 -0.002899
  289 	 -0.200000 	 -0.013814 	 -0.002849
  290 	 -0.200000 	 -0.013808 	 -0.002857
  291 	 -0.200000 	 -0.013788 	 -0.002849
  292 	 -0.200000 	 -0.013808 	 -0.002857
  293 	 -0.200000 	 -0.013808 	 -0.002857
  294 	 -0.200000 	 -0.013775 	 -0.002841
  295 	 -0.200000 	 -0.013808 	 -0.002857
  296 	 -0.200000 	 -0.013820 	 -0.002924
  297 	 -0.200000 	 -0.014553 	 -0.002882
  298 	 -0.200000 	 -0.013808 	 -0.002857
  299 	 -0.200000 	 -0.013802 	 -0.002857
  300 	 -0.200000 	 -0.013819 	 -0.002857
  301 	 -0.200000 	 -0.013805 	 -0.002833
  302 	 -0.200000 	 -0.013808 	 -0.002857
  303 	 -0.200000 	 -0.013898 	 -0.002882
  304 	 -0.200000 	 -0.013913 	 -0.002924
  305 	 -0.200000 	 -0.013808 	 -0.002865
  306 	 -0.200000 	 -0.013845 	 -0.002849
  307 	 -0.200000 	 -0.013808 	 -0.002857
  308 	 -0.200000 	 -0.014874 	 -0.002933
  309 	 -0.200000 	 -0.013808 	 -0.002857
  310 	 -0.200000 	 -0.013817 	 -0.002865
  311 	 -0.200000 	 -0.013814 	 -0.002890
  312 	 -0.200000 	 -0.013808 	 -0.002857
  313 	 -0.200000 	 -0.013811 	 -0.002865
  314 	 -0.200000 	 -0.013799 	 -0.002849
  315 	 -0.200000 	 -0.013808 	 -0.002857
  316 	 -0.200000 	 -0.013702 	 -0.002865
  317 	 -0.200000 	 -0.013795 	 -0.002849
  318 	 -0.200000 	 -0.013869 	 -0.002882
  319 	 -0.200000 	 -0.013804 	 -0.002849
  320 	 -0.200000 	 -0.013798 	 -0.002849
  321 	 -0.200000 	 -0.013908 	 -0.002950
  322 	 -0.200000 	 -0.013845 	 -0.002890
  323 	 -0.200000 	 -0.013934 	 -0.002874
  324 	 -0.200000 	 -0.013808 	 -0.002857
  325 	 -0.200000 	 -0.013813 	 -0.002874
  326 	 -0.200000 	 -0.013785 	 -0.002849
  327 	 -0.200000 	 -0.013832 	 -0.002874
  328 	 -0.200000 	 -0.013807 	 -0.002833
  329 	 -0.200000 	 -0.013630 	 -0.002793
  330 	 -0.200000 	 -0.013780 	 -0.002825
  331 	 -0.200000 	 -0.013808 	 -0.002857
  332 	 -0.200000 	 -0.014344 	 -0.002874
  333 	 -0.200000 	 -0.013710 	 -0.002865
  334 	 -0.200000 	 -0.013809 	 -0.002865
  335 	 -0.200000 	 -0.013805 	 -0.002849
  336 	 -0.200000 	 -0.013808 	 -0.002857
  337 	 -0.200000 	 -0.013833 	 -0.002865
  338 	 -0.200000 	 -0.013808 	 -0.002857
  339 	 -0.200000 	 -0.013767 	 -0.002857
  340 	 -0.200000 	 -0.013851 	 -0.002874
  341 	 -0.200000 	 -0.014006 	 -0.002865
  342 	 -0.200000 	 -0.013808 	 -0.002857
  343 	 -0.200000 	 -0.013808 	 -0.002857
  344 	 -0.200000 	 -0.013781 	 -0.002809
  345 	 -0.200000 	 -0.014017 	 -0.002833
  346 	 -0.200000 	 -0.014054 	 -0.002882
  347 	 -0.200000 	 -0.013790 	 -0.002849
  348 	 -0.200000 	 -0.013990 	 -0.002941
  349 	 -0.200000 	 -0.014110 	 -0.002874
  350 	 -0.200000 	 -0.013817 	 -0.002882
  351 	 -0.200000 	 -0.013808 	 -0.002857
  352 	 -0.200000 	 -0.013846 	 -0.002907
  353 	 -0.200000 	 -0.013983 	 -0.002959
  354 	 -0.200000 	 -0.013808 	 -0.002857
  355 	 -0.200000 	 -0.013687 	 -0.002825
  356 	 -0.200000 	 -0.013778 	 -0.002833
  357 	 -0.200000 	 -0.013819 	 -0.002849
  358 	 -0.200000 	 -0.013864 	 -0.002907
  359 	 -0.200000 	 -0.013764 	 -0.002857
  360 	 -0.200000 	 -0.013808 	 -0.002857
  361 	 -0.200000 	 -0.013878 	 -0.002865
  362 	 -0.200000 	 -0.013225 	 -0.002747
  363 	 -0.250000 	 -0.014906 	 -0.002857
  364 	 -0.250000 	 -0.017045 	 -0.003425
  365 	 -0.250000 	 -0.017260 	 -0.003571
  366 	 -0.250000 	 -0.017273 	 -0.003521
  367 	 -0.250000 	 -0.017184 	 -0.003584
  368 	 -0.250000 	 -0.017182 	 -0.003509
  369 	 -0.250000 	 -0.017235 	 -0.003584
  370 	 -0.250000 	 -0.017299 	 -0.003571
  371 	 -0.250000 	 -0.017255 	 -0.003559
  372 	 -0.250000 	 -0.017270 	 -0.003610
  373 	 -0.250000 	 -0.017332 	 -0.003690
  374 	 -0.250000 	 -0.017315 	 -0.003597
  375 	 -0.250000 	 -0.017407 	 -0.003623
  376 	 -0.250000 	 -0.018128 	 -0.003704
  377 	 -0.250000 	 -0.016645 	 -0.003559
  378 	 -0.250000 	 -0.017260 	 -0.003571
  379 	 -0.250000 	 -0.017283 	 -0.003597
  380 	 -0.250000 	 -0.017311 	 -0.003559
  381 	 -0.250000 	 -0.017445 	 -0.003650
  382 	 -0.250000 	 -0.017279 	 -0.003636
  383 	 -0.250000 	 -0.017672 	 -0.003546
  384 	 -0.250000 	 -0.017242 	 -0.003559
  385 	 -0.250000 	 -0.017847 	 -0.003610
  386 	 -0.250000 	 -0.017145 	 -0.003571
  387 	 -0.250000 	 -0.017267 	 -0.003584
  388 	 -0.250000 	 -0.017338 	 -0.003597
  389 	 -0.250000 	 -0.017260 	 -0.003559
  390 	 -0.250000 	 -0.017600 	 -0.003623
  391 	 -0.250000 	 -0.017192 	 -0.003559
  392 	 -0.250000 	 -0.017265 	 -0.003546
  393 	 -0.250000 	 -0.016943 	 -0.003597
  394 	 -0.250000 	 -0.017301 	 -0.003584
  395 	 -0.250000 	 -0.017260 	 -0.003571
  396 	 -0.250000 	 -0.017260 	 -0.003571
  397 	 -0.250000 	 -0.017260 	 -0.003571
  398 	 -0.250000 	 -0.017496 	 -0.003636
  399 	 -0.250000 	 -0.017391 	 -0.003623
 