   0 	 -0.250000 	 0.017543 	 0.500000
    1 	 -1.000000 	 0.002346 	 1.000000
    2 	 -0.500000 	 -0.034536 	 -0.007194
    3 	 -0.500000 	 -0.034630 	 -0.007194
    4 	 -0.500000 	 -0.034720 	 -0.007194
    5 	 -0.500000 	 -0.034540 	 -0.007353
    6 	 -0.500000 	 -0.034520 	 -0.007143
    7 	 -0.500000 	 -0.034584 	 -0.007246
    8 	 -0.500000 	 -0.041561 	 -0.007246
    9 	 -0.500000 	 -0.034568 	 -0.007092
   10 	 -0.500000 	 -0.034923 	 -0.007353
   11 	 -0.500000 	 -0.034562 	 -0.007299
   12 	 -0.500000 	 -0.034520 	 -0.007143
   13 	 -0.500000 	 -0.034520 	 -0.007143
   14 	 -0.500000 	 -0.035763 	 -0.007463
   15 	 -0.500000 	 -0.040873 	 -0.009901
   16 	 -0.500000 	 -0.034699 	 -0.007407
   17 	 -0.500000 	 -0.034495 	 -0.006944
   18 	 -0.500000 	 -0.034520 	 -0.007143
   19 	 -0.500000 	 -0.033947 	 -0.006944
   20 	 -0.500000 	 -0.033489 	 -0.006993
   21 	 -0.500000 	 -0.034520 	 -0.007143
   22 	 -0.500000 	 -0.034520 	 -0.007143
   23 	 -0.500000 	 -0.034520 	 -0.007143
   24 	 -0.500000 	 -0.034520 	 -0.007143
   25 	 -0.500000 	 -0.034715 	 -0.007299
   26 	 -0.500000 	 -0.034818 	 -0.007194
   27 	 -0.500000 	 -0.034618 	 -0.007194
   28 	 -0.500000 	 -0.034918 	 -0.007463
   29 	 -0.500000 	 -0.034520 	 -0.007143
   30 	 -0.500000 	 -0.040670 	 -0.007246
   31 	 -0.500000 	 -0.034520 	 -0.007143
   32 	 -0.500000 	 -0.034537 	 -0.007246
   33 	 -0.500000 	 -0.033965 	 -0.006993
   34 	 -0.500000 	 -0.034522 	 -0.007194
   35 	 -0.500000 	 -0.034749 	 -0.007143
   36 	 -0.500000 	 -0.035034 	 -0.007353
   37 	 -0.500000 	 -0.034520 	 -0.007143
   38 	 -0.500000 	 -0.034498 	 -0.007143
   39 	 -1.000000 	 -0.044372 	 -0.007194
   40 	 -1.000000 	 -0.052555 	 -0.011236
   41 	 -1.000000 	 -0.064470 	 -0.013514
   42 	 -1.000000 	 -0.069313 	 -0.014493
   43 	 -1.000000 	 -0.069041 	 -0.014286
   44 	 -1.000000 	 -0.068995 	 -0.014085
   45 	 -1.000000 	 -0.068561 	 -0.014085
   46 	 -1.000000 	 -0.069812 	 -0.015152
   47 	 -1.000000 	 -0.069396 	 -0.015152
   48 	 -1.000000 	 -0.069101 	 -0.014493
   49 	 -1.000000 	 -0.069041 	 -0.014286
   50 	 -1.000000 	 -0.069041 	 -0.014286
   51 	 -1.000000 	 -0.070159 	 -0.014925
   52 	 -1.000000 	 -0.068766 	 -0.014085
   53 	 -1.000000 	 -0.069070 	 -0.014493
   54 	 -1.000000 	 -0.069277 	 -0.014085
   55 	 -1.000000 	 -0.069253 	 -0.014493
   56 	 -1.000000 	 -0.061829 	 -0.013158
   57 	 -1.000000 	 -0.069041 	 -0.014286
   58 	 -1.000000 	 -0.069386 	 -0.014706
   59 	 -1.000000 	 -0.094244 	 -0.014286
   60 	 -1.000000 	 -0.069041 	 -0.014286
   61 	 -1.000000 	 -0.069041 	 -0.014286
   62 	 -1.000000 	 -0.069584 	 -0.015152
   63 	 -1.000000 	 -0.068046 	 -0.013889
   64 	 -1.000000 	 -0.069796 	 -0.014706
   65 	 -1.000000 	 -0.069185 	 -0.014925
   66 	 -1.000000 	 -0.068909 	 -0.013699
   67 	 -1.000000 	 -0.068795 	 -0.014085
   68 	 -1.000000 	 -0.068533 	 -0.014085
   69 	 -1.000000 	 -0.069041 	 -0.014286
   70 	 -1.000000 	 -0.083187 	 -0.016129
   71 	 -1.000000 	 -0.069041 	 -0.014286
   72 	 -1.000000 	 -0.068673 	 -0.015152
   73 	 -1.000000 	 -0.069041 	 -0.014286
   74 	 -1.000000 	 -0.069041 	 -0.014286
   75 	 -1.000000 	 -0.069752 	 -0.014085
   76 	 -1.000000 	 -0.069041 	 -0.014286
   77 	 -1.000000 	 -0.069041 	 -0.014286
   78 	 -1.000000 	 -0.069041 	 -0.014286
   79 	 -1.000000 	 -0.066272 	 -0.014493
   80 	 -1.000000 	 -0.069041 	 -0.014286
   81 	 -1.000000 	 -0.072076 	 -0.014085
   82 	 -1.000000 	 -0.068613 	 -0.014085
   83 	 -1.000000 	 -0.069041 	 -0.014286
   84 	 -1.000000 	 -0.070042 	 -0.014085
   85 	 -1.000000 	 -0.069459 	 -0.014925
   86 	 -1.000000 	 -0.072456 	 -0.014706
   87 	 -1.000000 	 -0.062034 	 -0.013514
   88 	 -1.000000 	 -0.069041 	 -0.014286
   89 	 -1.000000 	 -0.067994 	 -0.013333
   90 	 -1.000000 	 -0.070871 	 -0.015152
   91 	 -1.000000 	 -0.069041 	 -0.014286
   92 	 -1.000000 	 -0.069174 	 -0.014706
   93 	 -1.000000 	 -0.069041 	 -0.014286
   94 	 -1.000000 	 -0.066006 	 -0.013514
   95 	 -1.000000 	 -0.068674 	 -0.013514
   96 	 -1.000000 	 -0.068884 	 -0.013699
   97 	 -1.000000 	 -0.069041 	 -0.014286
   98 	 -1.000000 	 -0.069715 	 -0.015873
   99 	 -1.000000 	 -0.068929 	 -0.014286
  100 	 -1.000000 	 -0.070562 	 -0.014286
  101 	 -1.000000 	 -0.068592 	 -0.014286
  102 	 -1.000000 	 -0.069598 	 -0.014706
  103 	 -1.000000 	 -0.069041 	 -0.014286
  104 	 -1.000000 	 -0.068143 	 -0.014085
  105 	 -1.000000 	 -0.069041 	 -0.014286
  106 	 -1.000000 	 -0.069041 	 -0.014286
  107 	 -1.000000 	 -0.069041 	 -0.014286
  108 	 -1.000000 	 -0.069864 	 -0.015152
  109 	 -1.000000 	 -0.066595 	 -0.013699
  110 	 -1.000000 	 -0.069041 	 -0.014286
  111 	 -1.000000 	 -0.074909 	 -0.015625
  112 	 -1.000000 	 -0.071217 	 -0.014493
  113 	 -1.000000 	 -0.068160 	 -0.013699
  114 	 -1.000000 	 -0.069041 	 -0.014286
  115 	 -1.000000 	 -0.068760 	 -0.013514
  116 	 -1.000000 	 -0.068084 	 -0.013699
  117 	 -1.000000 	 -0.069059 	 -0.014706
  118 	 -1.000000 	 -0.070029 	 -0.014925
  119 	 -1.000000 	 -0.069041 	 -0.014286
  120 	 -1.000000 	 -0.069434 	 -0.014706
  121 	 -1.000000 	 -0.069029 	 -0.013514
  122 	 -1.000000 	 -0.053397 	 -0.006667
  123 	 -1.000000 	 -0.069206 	 -0.014493
  124 	 -1.000000 	 0.059631 	 10.000000
  125 	 0.250000 	 3.359524 	 10.000000
  126 	 -0.250000 	 3.557143 	 10.000000
  127 	 10.000000 	 10.000000 	 10.000000
  128 	 -1.000000 	 4.028571 	 10.000000
  129 	 -0.250000 	 -0.103571 	 10.000000
  130 	 0.250000 	 1.928571 	 10.000000
  131 	 0.250000 	 0.809524 	 10.000000
  132 	 -0.250000 	 0.042857 	 10.000000
  133 	 -0.250000 	 9.121429 	 10.000000
  134 	 10.000000 	 10.000000 	 10.000000
  135 	 1.000000 	 3.957143 	 10.000000
  136 	 -0.250000 	 2.256939 	 10.000000
  137 	 10.000000 	 10.000000 	 10.000000
  138 	 -0.333333 	 7.490476 	 10.000000
  139 	 0.333333 	 5.500000 	 10.000000
  140 	 10.000000 	 10.000000 	 10.000000
  141 	 0.250000 	 1.225000 	 10.000000
  142 	 -0.250000 	 4.479082 	 10.000000
  143 	 0.166667 	 0.930952 	 10.000000
  144 	 0.250000 	 2.941667 	 10.000000
  145 	 -0.250000 	 7.657143 	 10.000000
  146 	 -0.333333 	 5.895476 	 10.000000
  147 	 -0.333333 	 0.789048 	 10.000000
  148 	 0.500000 	 1.042857 	 10.000000
  149 	 0.250000 	 7.075000 	 10.000000
  150 	 10.000000 	 10.000000 	 10.000000
  151 	 0.333333 	 3.509524 	 10.000000
  152 	 -0.500000 	 1.150000 	 10.000000
  153 	 -1.000000 	 1.021429 	 10.000000
  154 	 -1.000000 	 -0.792857 	 -0.500000
  155 	 -1.000000 	 -0.069041 	 -0.014286
  156 	 -1.000000 	 -0.069041 	 -0.014286
  157 	 -1.000000 	 -0.069041 	 -0.014286
  158 	 -1.000000 	 -0.065164 	 -0.012987
  159 	 -1.000000 	 -0.065690 	 -0.014085
  160 	 -1.000000 	 -0.067973 	 -0.013158
  161 	 -1.000000 	 -0.069041 	 -0.014286
  162 	 -1.000000 	 -0.069041 	 -0.014286
  163 	 -1.000000 	 -0.068760 	 -0.013514
  164 	 -1.000000 	 -0.069169 	 -0.014493
  165 	 -1.000000 	 -0.068678 	 -0.013889
  166 	 -1.000000 	 -0.068124 	 -0.014085
  167 	 -1.000000 	 -0.069041 	 -0.014286
  168 	 -1.000000 	 -0.069951 	 -0.014925
  169 	 -1.000000 	 -0.069041 	 -0.014286
  170 	 -1.000000 	 -0.069041 	 -0.014286
  171 	 -1.000000 	 -0.066946 	 -0.012987
  172 	 -1.000000 	 -0.069458 	 -0.014706
  173 	 -1.000000 	 -0.067660 	 -0.014706
  174 	 -1.000000 	 -0.069351 	 -0.014925
  175 	 -1.000000 	 -0.070137 	 -0.015873
  176 	 -1.000000 	 -0.068719 	 -0.013514
  177 	 -1.000000 	 -0.069041 	 -0.014286
  178 	 -1.000000 	 -0.069063 	 -0.014493
  179 	 -1.000000 	 -0.073910 	 -0.016393
  180 	 -1.000000 	 -0.068891 	 -0.014493
  181 	 -1.000000 	 -0.071196 	 -0.015385
  182 	 -1.000000 	 -0.067584 	 -0.013514
  183 	 -1.000000 	 -0.069588 	 -0.014493
  184 	 -1.000000 	 -0.070424 	 -0.014493
  185 	 -1.000000 	 -0.069008 	 -0.014085
  186 	 -1.000000 	 -0.068613 	 -0.013889
  187 	 -1.000000 	 -0.068572 	 -0.013514
  188 	 -1.000000 	 -0.069041 	 -0.014286
  189 	 -1.000000 	 -0.069900 	 -0.014706
  190 	 -1.000000 	 -0.069041 	 -0.014286
  191 	 -1.000000 	 -0.068783 	 -0.013889
  192 	 -1.000000 	 -0.068343 	 -0.013514
  193 	 -1.000000 	 -0.069041 	 -0.014286
  194 	 -1.000000 	 -0.068914 	 -0.013514
  195 	 -1.000000 	 -0.072255 	 -0.015625
  196 	 -1.000000 	 -0.065523 	 -0.014085
  197 	 -1.000000 	 -0.069041 	 -0.014286
  198 	 -1.000000 	 -0.069041 	 -0.014286
  199 	 -1.000000 	 -0.064972 	 -0.013158
  200 	 -1.000000 	 -0.069075 	 -0.014493
  201 	 -1.000000 	 -0.068815 	 -0.013333
  202 	 -1.000000 	 -0.069041 	 -0.014286
  203 	 -1.000000 	 -0.069372 	 -0.014706
  204 	 -1.000000 	 -0.069025 	 -0.014085
  205 	 -1.000000 	 -0.069041 	 -0.014286
  206 	 -1.000000 	 -0.093927 	 -0.014706
  207 	 -1.000000 	 -0.069094 	 -0.014706
  208 	 -1.000000 	 -0.068058 	 -0.014493
  209 	 -1.000000 	 -0.071002 	 -0.015152
  210 	 -1.000000 	 -0.069491 	 -0.015152
  211 	 -1.000000 	 -0.076472 	 -0.015625
  212 	 -1.000000 	 -0.069041 	 -0.014286
  213 	 -1.000000 	 -0.069147 	 -0.014706
  214 	 -1.000000 	 -0.074267 	 -0.016667
  215 	 -1.000000 	 -0.069231 	 -0.014706
  216 	 -1.000000 	 -0.074186 	 -0.015152
  217 	 -1.000000 	 -0.068442 	 -0.014286
  218 	 -1.000000 	 -0.072909 	 -0.015152
  219 	 -1.000000 	 -0.068933 	 -0.014085
  220 	 -1.000000 	 -0.069486 	 -0.015385
  221 	 -1.000000 	 -0.069041 	 -0.014286
  222 	 -1.000000 	 -0.069041 	 -0.014286
  223 	 -1.000000 	 -0.069334 	 -0.014706
  224 	 -1.000000 	 -0.070313 	 -0.015385
  225 	 -1.000000 	 -0.069041 	 -0.014286
  226 	 -1.000000 	 -0.083122 	 -0.014493
  227 	 -1.000000 	 -0.066107 	 -0.013889
  228 	 -1.000000 	 -0.069041 	 -0.014286
  229 	 -1.000000 	 -0.069041 	 -0.014286
  230 	 -1.000000 	 -0.069029 	 -0.014085
  231 	 -1.000000 	 -0.069041 	 -0.014286
  232 	 -1.000000 	 -0.068916 	 -0.013333
  233 	 -1.000000 	 -0.069135 	 -0.014706
  234 	 -1.000000 	 -0.069041 	 -0.014286
  235 	 -1.000000 	 -0.069041 	 -0.014286
  236 	 -1.000000 	 -0.068100 	 -0.013158
  237 	 -1.000000 	 -0.040097 	 -0.006579
  238 	 -1.000000 	 -0.069803 	 -0.014925
  239 	 -1.000000 	 -0.069181 	 -0.015385
  240 	 -1.000000 	 -0.068851 	 -0.013889
  241 	 -1.000000 	 -0.069041 	 -0.014286
  242 	 -1.000000 	 -0.069041 	 -0.014286
  243 	 -1.000000 	 -0.069072 	 -0.014706
  244 	 -1.000000 	 -0.054160 	 -0.013699
  245 	 -1.000000 	 -0.069705 	 -0.015625
  246 	 -1.000000 	 -0.069041 	 -0.014286
  247 	 -1.000000 	 -0.069041 	 -0.014286
  248 	 -1.000000 	 -0.067392 	 -0.013514
  249 	 -1.000000 	 -0.067462 	 -0.013333
  250 	 -0.333333 	 -0.048607 	 -0.014085
  251 	 -0.333333 	 -0.024631 	 -0.005000
  252 	 -0.333333 	 -0.023021 	 -0.004808
  253 	 -0.333333 	 -0.023054 	 -0.004808
  254 	 -0.333333 	 -0.023077 	 -0.004808
  255 	 -0.333333 	 -0.023054 	 -0.004785
  256 	 -0.333333 	 -0.023024 	 -0.004785
  257 	 -0.333333 	 -0.022953 	 -0.004651
  258 	 -0.333333 	 -0.023122 	 -0.004831
  259 	 -0.333333 	 -0.023014 	 -0.004762
  260 	 -0.333333 	 -0.023001 	 -0.004673
  261 	 -0.333333 	 -0.023115 	 -0.004854
  262 	 -0.333333 	 -0.020293 	 -0.004717
  263 	 -0.333333 	 -0.023049 	 -0.004831
  264 	 -0.333333 	 -0.023042 	 -0.004762
  265 	 -0.333333 	 -0.024559 	 -0.004854
  266 	 -0.333333 	 -0.023293 	 -0.004902
  267 	 -0.200000 	 -0.019491 	 -0.004785
  268 	 -0.200000 	 -0.014172 	 -0.002976
  269 	 -0.200000 	 -0.013936 	 -0.002907
  270 	 -0.200000 	 -0.013816 	 -0.002865
  271 	 -0.200000 	 -0.013826 	 -0.002874
  272 	 -0.200000 	 -0.013808 	 -0.002857
  273 	 -0.200000 	 -0.013808 	 -0.002857
  274 	 -0.200000 	 -0.014118 	 -0.002933
  275 	 -0.200000 	 -0.013904 	 -0.002899
  276 	 -0.500000 	 -0.019453 	 -0.002882
  277 	 -0.500000 	 -0.026087 	 -0.004202
  278 	 -0.200000 	 -0.020246 	 -0.004950
  279 	 -0.200000 	 -0.014226 	 -0.003021
  280 	 -0.500000 	 -0.019527 	 -0.003096
  281 	 -0.500000 	 -0.024283 	 -0.005076
  282 	 -0.500000 	 -0.036680 	 -0.007692
  283 	 -0.500000 	 -0.034520 	 -0.007143
  284 	 -0.500000 	 -0.034283 	 -0.006897
  285 	 -0.500000 	 -0.038126 	 -0.007246
  286 	 -0.500000 	 -0.034520 	 -0.007143
  287 	 -0.500000 	 -0.034626 	 -0.007143
  288 	 -0.500000 	 -0.034552 	 -0.007299
  289 	 -0.500000 	 -0.034785 	 -0.007463
  290 	 -0.500000 	 -0.034530 	 -0.007353
  291 	 -0.500000 	 -0.034480 	 -0.007092
  292 	 -0.500000 	 -0.035403 	 -0.007407
  293 	 -0.500000 	 -0.034465 	 -0.007092
  294 	 -0.500000 	 -0.035133 	 -0.007246
  295 	 -0.500000 	 -0.034102 	 -0.006757
  296 	 -0.500000 	 -0.034293 	 -0.006993
  297 	 -0.500000 	 -0.033821 	 -0.007092
  298 	 -0.500000 	 -0.034554 	 -0.007246
  299 	 -0.500000 	 -0.034520 	 -0.007143
  300 	 -0.500000 	 -0.034349 	 -0.006944
  301 	 -0.500000 	 -0.034520 	 -0.007143
  302 	 -0.500000 	 -0.034520 	 -0.007143
  303 	 -0.500000 	 -0.034380 	 -0.007092
  304 	 -0.500000 	 -0.034665 	 -0.007194
  305 	 -0.500000 	 -0.034534 	 -0.007194
  306 	 -0.500000 	 -0.034392 	 -0.007143
  307 	 -0.500000 	 -0.034520 	 -0.007143
  308 	 -0.500000 	 -0.034520 	 -0.007143
  309 	 -0.500000 	 -0.034520 	 -0.007143
  310 	 -0.500000 	 -0.034520 	 -0.007143
  311 	 -0.500000 	 -0.034520 	 -0.007143
  312 	 -0.500000 	 -0.034556 	 -0.007194
  313 	 -0.500000 	 0.101400 	 10.000000
  314 	 0.007143 	 0.034520 	 0.500000
  315 	 0.007194 	 0.034855 	 0.500000
  316 	 0.007092 	 0.034494 	 0.500000
  317 	 0.007092 	 0.034519 	 0.500000
  318 	 0.007143 	 0.034520 	 0.500000
  319 	 0.007194 	 0.035148 	 0.500000
  320 	 0.007463 	 0.035196 	 0.500000
  321 	 0.006897 	 0.034502 	 0.500000
  322 	 0.006993 	 0.034114 	 0.500000
  323 	 0.006897 	 0.034380 	 0.500000
  324 	 0.007519 	 0.030699 	 0.333333
  325 	 0.007092 	 0.034226 	 0.500000
  326 	 0.007519 	 0.034921 	 0.500000
  327 	 0.007246 	 0.034603 	 0.500000
  328 	 0.007092 	 0.034291 	 0.500000
  329 	 0.006993 	 0.034406 	 0.500000
  330 	 0.007143 	 0.034520 	 0.500000
  331 	 0.007092 	 0.034481 	 0.500000
  332 	 0.007353 	 0.034875 	 0.500000
  333 	 0.007353 	 0.034950 	 0.500000
  334 	 0.007092 	 0.037177 	 0.500000
  335 	 0.007576 	 0.035932 	 0.500000
  336 	 0.007407 	 0.035726 	 0.500000
  337 	 0.007353 	 0.034703 	 0.500000
  338 	 0.007519 	 0.035461 	 0.500000
  339 	 0.007812 	 0.034947 	 0.500000
  340 	 0.007407 	 0.051473 	 1.000000
  341 	 0.013158 	 0.066580 	 0.500000
  342 	 0.015873 	 0.060598 	 0.500000
  343 	 -1.000000 	 0.179862 	 10.000000
  344 	 0.010638 	 0.042003 	 0.500000
  345 	 0.008929 	 0.037254 	 0.500000
  346 	 0.007874 	 0.040060 	 0.500000
  347 	 0.008264 	 0.037012 	 0.500000
  348 	 0.007692 	 0.051481 	 1.000000
  349 	 -1.000000 	 0.157421 	 10.000000
  350 	 0.007692 	 0.039758 	 0.500000
  351 	 0.010870 	 0.182703 	 10.000000
  352 	 -1.000000 	 0.495934 	 10.000000
  353 	 -1.000000 	 0.019954 	 0.333333
  354 	 0.026316 	 0.646169 	 10.000000
  355 	 -1.000000 	 2.078571 	 10.000000
  356 	 -0.250000 	 -0.103571 	 10.000000
  357 	 0.166667 	 1.966667 	 10.000000
  358 	 -0.250000 	 5.167857 	 10.000000
  359 	 1.000000 	 2.928571 	 10.000000
  360 	 -1.000000 	 0.314286 	 10.000000
  361 	 -0.250000 	 1.214286 	 10.000000
  362 	 1.000000 	 4.471429 	 10.000000
  363 	 -1.000000 	 3.085714 	 10.000000
  364 	 -1.000000 	 8.428571 	 10.000000
  365 	 0.250000 	 2.992857 	 10.000000
  366 	 0.200000 	 3.583571 	 10.000000
  367 	 10.000000 	 10.000000 	 10.000000
  368 	 -0.500000 	 6.416667 	 10.000000
  369 	 -1.000000 	 3.759524 	 10.000000
  370 	 10.000000 	 10.000000 	 10.000000
  371 	 10.000000 	 10.000000 	 10.000000
  372 	 -1.000000 	 3.871429 	 10.000000
  373 	 -0.333333 	 -0.185714 	 10.000000
  374 	 -1.000000 	 8.271429 	 10.000000
  375 	 -1.000000 	 7.014286 	 10.000000
  376 	 10.000000 	 10.000000 	 10.000000
  377 	 0.166667 	 9.164286 	 10.000000
  378 	 -0.333333 	 9.261905 	 10.000000
  379 	 -0.500000 	 -0.125238 	 10.000000
  380 	 10.000000 	 10.000000 	 10.000000
  381 	 -1.000000 	 0.161905 	 0.333333
  382 	 -1.000000 	 -0.282143 	 10.000000
  383 	 -1.000000 	 5.660000 	 10.000000
  384 	 0.250000 	 4.385714 	 10.000000
  385 	 10.000000 	 10.000000 	 10.000000
  386 	 0.200000 	 1.988571 	 10.000000
  387 	 0.125000 	 0.989286 	 10.000000
  388 	 0.100000 	 2.811939 	 10.000000
  389 	 1.000000 	 6.528571 	 10.000000
  390 	 -0.250000 	 8.096429 	 10.000000
  391 	 0.166667 	 1.068095 	 10.000000
  392 	 -1.000000 	 3.921429 	 10.000000
  393 	 -1.000000 	 4.778571 	 10.000000
  394 	 -0.250000 	 7.803571 	 10.000000
  395 	 0.250000 	 2.617857 	 10.000000
  396 	 10.000000 	 10.000000 	 10.000000
  397 	 10.000000 	 10.000000 	 10.000000
  398 	 1.000000 	 2.671429 	 10.000000
  399 	 -1.000000 	 6.504762 	 10.000000
 