   0 	 -1.000000 	 0.064268 	 1.000000
    1 	 -1.000000 	 -0.079830 	 1.000000
    2 	 -0.333333 	 -0.022498 	 -0.004545
    3 	 -0.333333 	 -0.022981 	 -0.004739
    4 	 -0.333333 	 -0.023014 	 -0.004762
    5 	 -0.333333 	 -0.023086 	 -0.004878
    6 	 -0.333333 	 -0.023002 	 -0.004739
    7 	 -0.333333 	 -0.022892 	 -0.004673
    8 	 -0.333333 	 0.119912 	 10.000000
    9 	 1.000000 	 1.000000 	 1.000000
   10 	 0.500000 	 1.321429 	 10.000000
   11 	 10.000000 	 10.000000 	 10.000000
   12 	 -1.000000 	 7.328571 	 10.000000
   13 	 0.200000 	 0.527857 	 10.000000
   14 	 0.125000 	 3.687500 	 10.000000
   15 	 -1.000000 	 2.457143 	 10.000000
   16 	 0.125000 	 2.828571 	 10.000000
   17 	 0.250000 	 4.289286 	 10.000000
   18 	 0.500000 	 2.228571 	 10.000000
   19 	 -0.250000 	 2.971429 	 10.000000
   20 	 10.000000 	 10.000000 	 10.000000
   21 	 0.333333 	 5.166667 	 10.000000
   22 	 0.250000 	 5.021429 	 10.000000
   23 	 -1.000000 	 4.616667 	 10.000000
   24 	 -1.000000 	 3.271429 	 10.000000
   25 	 0.125000 	 8.877041 	 10.000000
   26 	 -1.000000 	 7.814286 	 10.000000
   27 	 -1.000000 	 4.457143 	 10.000000
   28 	 10.000000 	 10.000000 	 10.000000
   29 	 -1.000000 	 -0.214286 	 10.000000
   30 	 -1.000000 	 2.777460 	 10.000000
   31 	 10.000000 	 10.000000 	 10.000000
   32 	 -1.000000 	 2.257143 	 10.000000
   33 	 10.000000 	 10.000000 	 10.000000
   34 	 10.000000 	 10.000000 	 10.000000
   35 	 -0.333333 	 6.028571 	 10.000000
   36 	 -1.000000 	 0.660000 	 10.000000
   37 	 0.125000 	 5.953571 	 10.000000
   38 	 -0.333333 	 5.719048 	 10.000000
   39 	 -1.000000 	 5.200000 	 10.000000
   40 	 0.250000 	 7.214286 	 10.000000
   41 	 10.000000 	 10.000000 	 10.000000
   42 	 -1.000000 	 6.228571 	 10.000000
   43 	 -1.000000 	 3.871429 	 10.000000
   44 	 -0.500000 	 5.709524 	 10.000000
   45 	 -0.250000 	 1.072449 	 10.000000
   46 	 -1.000000 	 3.842619 	 10.000000
   47 	 -1.000000 	 9.371429 	 10.000000
   48 	 -1.000000 	 -0.302381 	 10.000000
   49 	 -1.000000 	 1.357143 	 10.000000
   50 	 -0.500000 	 7.000000 	 10.000000
   51 	 0.200000 	 3.292143 	 10.000000
   52 	 -1.000000 	 2.142857 	 10.000000
   53 	 0.166667 	 5.108333 	 10.000000
   54 	 -0.500000 	 7.985714 	 10.000000
   55 	 -0.250000 	 0.368061 	 10.000000
   56 	 -0.333333 	 1.180952 	 10.000000
   57 	 0.333333 	 9.447619 	 10.000000
   58 	 0.250000 	 1.102381 	 10.000000
   59 	 0.100000 	 0.451429 	 10.000000
   60 	 -1.000000 	 -0.307143 	 10.000000
   61 	 -1.000000 	 -0.214286 	 10.000000
   62 	 -0.333333 	 1.000000 	 10.000000
   63 	 0.200000 	 3.844286 	 10.000000
   64 	 0.333333 	 5.028571 	 10.000000
   65 	 0.200000 	 6.232143 	 10.000000
   66 	 -1.000000 	 4.971429 	 10.000000
   67 	 -1.000000 	 1.714286 	 10.000000
   68 	 -0.250000 	 3.703571 	 10.000000
   69 	 0.200000 	 3.385714 	 10.000000
   70 	 -1.000000 	 1.748724 	 10.000000
   71 	 10.000000 	 10.000000 	 10.000000
   72 	 1.000000 	 5.114286 	 10.000000
   73 	 -0.250000 	 2.261905 	 10.000000
   74 	 10.000000 	 10.000000 	 10.000000
   75 	 -0.333333 	 2.914286 	 10.000000
   76 	 10.000000 	 10.000000 	 10.000000
   77 	 10.000000 	 10.000000 	 10.000000
   78 	 1.000000 	 4.342857 	 10.000000
   79 	 -0.250000 	 6.632143 	 10.000000
   80 	 0.125000 	 4.666071 	 10.000000
   81 	 -0.333333 	 8.523810 	 10.000000
   82 	 -1.000000 	 8.542857 	 10.000000
   83 	 0.500000 	 2.921429 	 10.000000
   84 	 0.200000 	 1.191905 	 10.000000
   85 	 -1.000000 	 4.228571 	 10.000000
   86 	 -1.000000 	 9.528571 	 10.000000
   87 	 -0.500000 	 8.071429 	 10.000000
   88 	 10.000000 	 10.000000 	 10.000000
   89 	 10.000000 	 10.000000 	 10.000000
   90 	 -0.500000 	 3.611905 	 10.000000
   91 	 0.250000 	 2.217857 	 10.000000
   92 	 0.200000 	 2.128571 	 10.000000
   93 	 -1.000000 	 1.357143 	 10.000000
   94 	 -0.250000 	 6.485714 	 10.000000
   95 	 10.000000 	 10.000000 	 10.000000
   96 	 1.000000 	 5.757143 	 10.000000
   97 	 0.250000 	 5.682143 	 10.000000
   98 	 0.333333 	 1.195238 	 10.000000
   99 	 0.166667 	 2.015476 	 10.000000
  100 	 1.000000 	 5.242857 	 10.000000
  101 	 -1.000000 	 4.657143 	 10.000000
  102 	 -1.000000 	 -0.214286 	 10.000000
  103 	 10.000000 	 10.000000 	 10.000000
  104 	 -1.000000 	 -0.528571 	 10.000000
  105 	 -1.000000 	 4.185714 	 10.000000
  106 	 -0.333333 	 4.685714 	 10.000000
  107 	 1.000000 	 7.300000 	 10.000000
  108 	 10.000000 	 10.000000 	 10.000000
  109 	 0.250000 	 0.946429 	 10.000000
  110 	 -1.000000 	 3.582857 	 10.000000
  111 	 0.250000 	 3.314286 	 10.000000
  112 	 10.000000 	 10.000000 	 10.000000
  113 	 1.000000 	 9.614286 	 10.000000
  114 	 1.000000 	 4.728571 	 10.000000
  115 	 10.000000 	 10.000000 	 10.000000
  116 	 -0.333333 	 2.848571 	 10.000000
  117 	 10.000000 	 10.000000 	 10.000000
  118 	 -1.000000 	 5.014286 	 10.000000
  119 	 -0.250000 	 1.969286 	 10.000000
  120 	 -0.333333 	 1.886905 	 10.000000
  121 	 -0.500000 	 2.785714 	 10.000000
  122 	 -0.333333 	 0.995238 	 10.000000
  123 	 -0.333333 	 1.083333 	 10.000000
  124 	 0.100000 	 5.260952 	 10.000000
  125 	 -0.250000 	 0.646429 	 10.000000
  126 	 -0.500000 	 -0.300000 	 10.000000
  127 	 -0.250000 	 3.405000 	 10.000000
  128 	 -1.000000 	 5.850000 	 10.000000
  129 	 -1.000000 	 -0.159524 	 1.000000
  130 	 -0.500000 	 -0.034756 	 -0.007576
  131 	 -0.500000 	 -0.034565 	 -0.007143
  132 	 -0.500000 	 -0.034689 	 -0.007042
  133 	 -0.500000 	 -0.031506 	 -0.006944
  134 	 -0.500000 	 -0.034705 	 -0.007353
  135 	 -0.500000 	 -0.033069 	 -0.007042
  136 	 -0.500000 	 -0.035678 	 -0.007353
  137 	 -0.500000 	 -0.034520 	 -0.007143
  138 	 -0.500000 	 -0.034520 	 -0.007143
  139 	 -0.500000 	 -0.034508 	 -0.007092
  140 	 -0.500000 	 -0.033015 	 -0.007194
  141 	 -0.500000 	 -0.034219 	 -0.006944
  142 	 -0.500000 	 -0.034476 	 -0.007092
  143 	 -0.500000 	 -0.034873 	 -0.007407
  144 	 -0.200000 	 -0.025525 	 -0.006993
  145 	 -0.500000 	 -0.020643 	 -0.003155
  146 	 -0.500000 	 -0.026675 	 -0.004785
  147 	 -0.200000 	 -0.019312 	 -0.004762
  148 	 -0.200000 	 -0.013787 	 -0.002833
  149 	 -0.200000 	 -0.013808 	 -0.002857
  150 	 -0.200000 	 -0.013797 	 -0.002817
  151 	 -0.200000 	 -0.013806 	 -0.002849
  152 	 -0.200000 	 -0.013808 	 -0.002857
  153 	 -0.200000 	 -0.013808 	 -0.002857
  154 	 -0.200000 	 -0.013547 	 -0.002801
  155 	 -0.200000 	 -0.013878 	 -0.002874
  156 	 -0.200000 	 -0.014722 	 -0.002882
  157 	 -0.200000 	 -0.013791 	 -0.002882
  158 	 -0.200000 	 -0.013807 	 -0.002849
  159 	 -0.200000 	 -0.013868 	 -0.002865
  160 	 -0.200000 	 -0.013855 	 -0.002882
  161 	 -0.200000 	 -0.013818 	 -0.002890
  162 	 -0.200000 	 -0.013801 	 -0.002825
  163 	 -0.200000 	 -0.013813 	 -0.002882
  164 	 -0.200000 	 -0.013808 	 -0.002857
  165 	 -0.200000 	 -0.013813 	 -0.002865
  166 	 -0.200000 	 -0.015721 	 -0.002882
  167 	 -0.200000 	 -0.013808 	 -0.002857
  168 	 -0.200000 	 -0.014113 	 -0.002915
  169 	 -0.200000 	 -0.013808 	 -0.002857
  170 	 -0.200000 	 -0.014113 	 -0.002882
  171 	 -0.200000 	 -0.013894 	 -0.002890
  172 	 -0.200000 	 -0.015167 	 -0.002882
  173 	 -0.200000 	 -0.013878 	 -0.002882
  174 	 -0.200000 	 -0.014188 	 -0.002874
  175 	 -0.200000 	 -0.013801 	 -0.002841
  176 	 -0.200000 	 -0.013771 	 -0.002833
  177 	 -0.200000 	 -0.014086 	 -0.002959
  178 	 -0.200000 	 -0.013794 	 -0.002825
  179 	 -0.200000 	 -0.013812 	 -0.002865
  180 	 -0.200000 	 -0.013808 	 -0.002857
  181 	 -0.200000 	 -0.013788 	 -0.002817
  182 	 -0.200000 	 -0.013719 	 -0.002825
  183 	 -0.200000 	 -0.013840 	 -0.002907
  184 	 -0.200000 	 -0.013809 	 -0.002882
  185 	 -0.200000 	 -0.013808 	 -0.002857
  186 	 -0.200000 	 -0.013850 	 -0.002890
  187 	 -0.200000 	 -0.013948 	 -0.002933
  188 	 -0.200000 	 -0.013808 	 -0.002857
  189 	 -0.250000 	 -0.014893 	 -0.002874
  190 	 -0.200000 	 -0.015604 	 -0.003413
  191 	 -0.200000 	 -0.013899 	 -0.002967
  192 	 -0.250000 	 -0.015043 	 -0.002985
  193 	 -0.250000 	 -0.017321 	 -0.003571
  194 	 -0.250000 	 -0.017260 	 -0.003571
  195 	 -0.250000 	 -0.017252 	 -0.003559
  196 	 -0.250000 	 -0.017221 	 -0.003546
  197 	 -0.250000 	 -0.017254 	 -0.003559
  198 	 -0.250000 	 -0.017258 	 -0.003610
  199 	 -0.250000 	 -0.017264 	 -0.003584
  200 	 -0.250000 	 -0.017260 	 -0.003571
  201 	 -0.250000 	 -0.017238 	 -0.003559
  202 	 -0.250000 	 -0.017260 	 -0.003571
  203 	 -0.250000 	 -0.017260 	 -0.003571
  204 	 -0.250000 	 -0.017368 	 -0.003584
  205 	 -0.250000 	 -0.017258 	 -0.003559
  206 	 -0.250000 	 -0.017398 	 -0.003650
  207 	 -0.250000 	 -0.017273 	 -0.003597
  208 	 -0.250000 	 -0.017260 	 -0.003571
  209 	 -0.250000 	 -0.017279 	 -0.003584
  210 	 -0.250000 	 -0.017354 	 -0.003623
  211 	 -0.250000 	 -0.018700 	 -0.004115
  212 	 -0.250000 	 -0.017260 	 -0.003571
  213 	 -0.250000 	 -0.017258 	 -0.003509
  214 	 -0.250000 	 -0.017063 	 -0.003484
  215 	 -0.250000 	 -0.019488 	 -0.003597
  216 	 -0.250000 	 -0.017505 	 -0.003610
  217 	 -0.250000 	 -0.017260 	 -0.003571
  218 	 -0.250000 	 -0.017260 	 -0.003571
  219 	 -0.250000 	 -0.017262 	 -0.003584
  220 	 -0.250000 	 -0.017156 	 -0.003559
  221 	 -0.250000 	 -0.017583 	 -0.003597
  222 	 -0.250000 	 -0.017260 	 -0.003571
  223 	 -0.250000 	 -0.017254 	 -0.003559
  224 	 -0.250000 	 -0.017260 	 -0.003571
  225 	 -0.250000 	 -0.017864 	 -0.003597
  226 	 -0.250000 	 -0.017391 	 -0.003636
  227 	 -0.250000 	 -0.017260 	 -0.003571
  228 	 -0.250000 	 -0.017201 	 -0.003509
  229 	 -0.250000 	 -0.017260 	 -0.003571
  230 	 -0.250000 	 -0.017288 	 -0.003650
  231 	 -0.250000 	 -0.017189 	 -0.003559
  232 	 -0.250000 	 -0.017260 	 -0.003571
  233 	 -0.250000 	 -0.017260 	 -0.003571
  234 	 -0.250000 	 -0.017003 	 -0.003460
  235 	 -0.250000 	 -0.017260 	 -0.003571
  236 	 -0.250000 	 -0.017242 	 -0.003534
  237 	 -0.250000 	 -0.017260 	 -0.003571
  238 	 -0.250000 	 -0.017225 	 -0.003559
  239 	 -0.250000 	 -0.017256 	 -0.003546
  240 	 -0.250000 	 -0.017259 	 -0.003559
  241 	 -0.250000 	 -0.017113 	 -0.003559
  242 	 -0.250000 	 -0.017230 	 -0.003509
  243 	 -0.250000 	 -0.017216 	 -0.003597
  244 	 -0.250000 	 -0.017296 	 -0.003584
  245 	 -0.250000 	 -0.017362 	 -0.003610
  246 	 -0.250000 	 -0.018456 	 -0.003610
  247 	 -0.250000 	 -0.017260 	 -0.003571
  248 	 -0.250000 	 -0.017287 	 -0.003623
  249 	 -0.250000 	 -0.017260 	 -0.003571
  250 	 -0.250000 	 -0.017256 	 -0.003521
  251 	 -0.250000 	 -0.017250 	 -0.003559
  252 	 -0.250000 	 -0.017308 	 -0.003610
  253 	 -0.250000 	 -0.017260 	 -0.003571
  254 	 -0.250000 	 -0.017256 	 -0.003521
  255 	 -0.250000 	 -0.017250 	 -0.003559
  256 	 -0.250000 	 -0.017260 	 -0.003571
  257 	 -0.250000 	 -0.017260 	 -0.003571
  258 	 -0.250000 	 -0.017231 	 -0.003571
  259 	 -0.250000 	 -0.017265 	 -0.003597
  260 	 -0.250000 	 -0.017087 	 -0.003521
  261 	 -0.250000 	 -0.017252 	 -0.003559
  262 	 -0.250000 	 -0.017266 	 -0.003571
  263 	 -0.250000 	 -0.017191 	 -0.003571
  264 	 -0.250000 	 -0.017887 	 -0.003636
  265 	 -0.250000 	 -0.017273 	 -0.003597
  266 	 -0.250000 	 -0.017260 	 -0.003571
  267 	 -0.250000 	 -0.017266 	 -0.003610
  268 	 -0.250000 	 -0.017337 	 -0.003610
  269 	 -0.250000 	 -0.017349 	 -0.003610
  270 	 -0.250000 	 -0.017269 	 -0.003610
  271 	 -0.200000 	 -0.016084 	 -0.003610
  272 	 -0.200000 	 -0.014116 	 -0.002933
  273 	 -0.200000 	 -0.015380 	 -0.002899
  274 	 -0.200000 	 -0.013861 	 -0.002882
  275 	 -0.200000 	 -0.013789 	 -0.002825
  276 	 -0.200000 	 -0.013829 	 -0.002865
  277 	 -0.250000 	 -0.014910 	 -0.002874
  278 	 -0.250000 	 -0.016299 	 -0.003344
  279 	 -0.250000 	 -0.017276 	 -0.003623
  280 	 -0.250000 	 -0.017260 	 -0.003571
  281 	 -0.250000 	 -0.017338 	 -0.003597
  282 	 -0.250000 	 -0.017260 	 -0.003571
  283 	 -0.250000 	 0.125646 	 10.000000
  284 	 -1.000000 	 -0.520000 	 -0.200000
  285 	 -1.000000 	 -0.068165 	 -0.014706
  286 	 -1.000000 	 -0.076193 	 -0.014493
  287 	 -1.000000 	 -0.069570 	 -0.015152
  288 	 -1.000000 	 -0.077564 	 -0.015385
  289 	 -1.000000 	 0.092768 	 10.000000
  290 	 -1.000000 	 -0.071589 	 -0.015625
  291 	 -1.000000 	 -0.068546 	 -0.013514
  292 	 -1.000000 	 -0.069008 	 -0.014085
  293 	 -1.000000 	 -0.068929 	 -0.013514
  294 	 -1.000000 	 -0.069041 	 -0.014286
  295 	 -1.000000 	 -0.068490 	 -0.014085
  296 	 -1.000000 	 -0.069041 	 -0.014286
  297 	 -1.000000 	 -0.069041 	 -0.014286
  298 	 -1.000000 	 -0.068885 	 -0.014085
  299 	 -1.000000 	 0.049319 	 10.000000
  300 	 0.004673 	 0.023011 	 0.333333
  301 	 0.004854 	 0.023853 	 0.333333
  302 	 0.005025 	 0.023189 	 0.333333
  303 	 0.004808 	 0.022824 	 0.333333
  304 	 0.004717 	 0.165705 	 10.000000
  305 	 0.023256 	 0.801463 	 10.000000
  306 	 -0.500000 	 2.690476 	 10.000000
  307 	 -1.000000 	 4.576190 	 10.000000
  308 	 10.000000 	 10.000000 	 10.000000
  309 	 0.500000 	 2.671429 	 10.000000
  310 	 0.333333 	 4.614286 	 10.000000
  311 	 -0.333333 	 8.021429 	 10.000000
  312 	 0.333333 	 6.409524 	 10.000000
  313 	 -1.000000 	 5.946429 	 10.000000
  314 	 -0.333333 	 5.280952 	 10.000000
  315 	 0.500000 	 1.992857 	 10.000000
  316 	 -0.500000 	 0.295714 	 10.000000
  317 	 10.000000 	 10.000000 	 10.000000
  318 	 0.250000 	 5.132143 	 10.000000
  319 	 -0.500000 	 2.859524 	 10.000000
  320 	 10.000000 	 10.000000 	 10.000000
  321 	 10.000000 	 10.000000 	 10.000000
  322 	 -0.333333 	 0.850464 	 10.000000
  323 	 10.000000 	 10.000000 	 10.000000
  324 	 -1.000000 	 0.757143 	 10.000000
  325 	 -1.000000 	 0.097143 	 10.000000
  326 	 1.000000 	 4.471429 	 10.000000
  327 	 10.000000 	 10.000000 	 10.000000
  328 	 10.000000 	 10.000000 	 10.000000
  329 	 1.000000 	 5.114286 	 10.000000
  330 	 -1.000000 	 2.433333 	 10.000000
  331 	 -0.500000 	 4.750000 	 10.000000
  332 	 10.000000 	 10.000000 	 10.000000
  333 	 -1.000000 	 0.100000 	 10.000000
  334 	 -1.000000 	 0.622857 	 10.000000
  335 	 10.000000 	 10.000000 	 10.000000
  336 	 0.142857 	 1.753673 	 10.000000
  337 	 10.000000 	 10.000000 	 10.000000
  338 	 -1.000000 	 1.357143 	 10.000000
  339 	 1.000000 	 1.771429 	 10.000000
  340 	 10.000000 	 10.000000 	 10.000000
  341 	 0.500000 	 7.014286 	 10.000000
  342 	 0.500000 	 5.250000 	 10.000000
  343 	 10.000000 	 10.000000 	 10.000000
  344 	 -1.000000 	 0.574286 	 10.000000
  345 	 -0.250000 	 2.120000 	 10.000000
  346 	 -1.000000 	 4.521429 	 10.000000
  347 	 0.111111 	 5.661111 	 10.000000
  348 	 0.125000 	 0.976786 	 10.000000
  349 	 0.142857 	 0.884184 	 10.000000
  350 	 0.250000 	 1.165476 	 10.000000
  351 	 0.500000 	 3.764286 	 10.000000
  352 	 0.200000 	 4.057143 	 10.000000
  353 	 -1.000000 	 1.857143 	 10.000000
  354 	 -0.250000 	 5.032143 	 10.000000
  355 	 -1.000000 	 9.685714 	 10.000000
  356 	 -1.000000 	 0.364286 	 10.000000
  357 	 -1.000000 	 6.071429 	 10.000000
  358 	 0.200000 	 0.389048 	 10.000000
  359 	 -1.000000 	 7.957143 	 10.000000
  360 	 0.333333 	 7.376190 	 10.000000
  361 	 0.142857 	 2.021156 	 10.000000
  362 	 1.000000 	 5.885714 	 10.000000
  363 	 10.000000 	 10.000000 	 10.000000
  364 	 10.000000 	 10.000000 	 10.000000
  365 	 0.500000 	 1.342857 	 10.000000
  366 	 1.000000 	 2.671429 	 10.000000
  367 	 0.333333 	 9.080952 	 10.000000
  368 	 10.000000 	 10.000000 	 10.000000
  369 	 10.000000 	 10.000000 	 10.000000
  370 	 -1.000000 	 0.944286 	 10.000000
  371 	 -0.250000 	 8.828571 	 10.000000
  372 	 10.000000 	 10.000000 	 10.000000
  373 	 -0.250000 	 4.435714 	 10.000000
  374 	 -1.000000 	 9.214286 	 10.000000
  375 	 -0.250000 	 2.884467 	 10.000000
  376 	 -0.333333 	 1.595238 	 10.000000
  377 	 -1.000000 	 3.085714 	 10.000000
  378 	 -1.000000 	 7.528571 	 10.000000
  379 	 -1.000000 	 1.642857 	 10.000000
  380 	 1.000000 	 4.985714 	 10.000000
  381 	 -1.000000 	 8.114286 	 10.000000
  382 	 -1.000000 	 1.985714 	 10.000000
  383 	 1.000000 	 9.357143 	 10.000000
  384 	 -0.250000 	 8.242857 	 10.000000
  385 	 -1.000000 	 7.257143 	 10.000000
  386 	 -1.000000 	 3.640476 	 10.000000
  387 	 10.000000 	 10.000000 	 10.000000
  388 	 10.000000 	 10.000000 	 10.000000
  389 	 10.000000 	 10.000000 	 10.000000
  390 	 0.250000 	 2.798810 	 10.000000
  391 	 0.333333 	 2.109524 	 10.000000
  392 	 1.000000 	 6.657143 	 10.000000
  393 	 -0.500000 	 2.021429 	 10.000000
  394 	 -1.000000 	 7.328571 	 10.000000
  395 	 1.000000 	 4.600000 	 10.000000
  396 	 -0.500000 	 6.828571 	 10.000000
  397 	 0.333333 	 4.426190 	 10.000000
  398 	 -0.250000 	 4.875000 	 10.000000
  399 	 0.333333 	 4.890476 	 10.000000
 