   0 	 -1.000000 	 -0.040995 	 0.500000
    1 	 -0.125000 	 -0.009092 	 -0.001869
    2 	 -0.125000 	 -0.008581 	 -0.001786
    3 	 -0.125000 	 -0.008643 	 -0.001786
    4 	 -0.125000 	 -0.008618 	 -0.001779
    5 	 -0.125000 	 -0.008615 	 -0.001767
    6 	 -0.125000 	 -0.008630 	 -0.001786
    7 	 -0.125000 	 -0.008619 	 -0.001776
    8 	 -0.125000 	 -0.008640 	 -0.001786
    9 	 -0.125000 	 -0.008630 	 -0.001786
   10 	 -0.125000 	 -0.008630 	 -0.001779
   11 	 -0.125000 	 -0.008584 	 -0.001783
   12 	 -0.125000 	 -0.008620 	 -0.001764
   13 	 -0.125000 	 -0.008622 	 -0.001786
   14 	 -0.125000 	 -0.008630 	 -0.001786
   15 	 -0.125000 	 -0.008621 	 -0.001779
   16 	 -0.125000 	 -0.008629 	 -0.001795
   17 	 -0.125000 	 -0.008669 	 -0.001805
   18 	 -0.125000 	 -0.008630 	 -0.001786
   19 	 -0.125000 	 -0.008630 	 -0.001786
   20 	 -0.125000 	 -0.008613 	 -0.001795
   21 	 -0.125000 	 -0.008809 	 -0.001792
   22 	 -0.125000 	 -0.008667 	 -0.001792
   23 	 -0.125000 	 -0.008628 	 -0.001779
   24 	 -0.125000 	 -0.008594 	 -0.001779
   25 	 -0.125000 	 -0.008678 	 -0.001792
   26 	 -0.125000 	 -0.008634 	 -0.001792
   27 	 -0.125000 	 -0.008589 	 -0.001773
   28 	 -0.125000 	 -0.008630 	 -0.001786
   29 	 -0.125000 	 -0.008630 	 -0.001786
   30 	 -0.125000 	 -0.008633 	 -0.001792
   31 	 -0.125000 	 -0.008635 	 -0.001799
   32 	 -0.125000 	 -0.008652 	 -0.001795
   33 	 -0.125000 	 -0.008636 	 -0.001789
   34 	 -0.125000 	 -0.008636 	 -0.001786
   35 	 -0.125000 	 -0.008579 	 -0.001770
   36 	 -0.125000 	 -0.008622 	 -0.001779
   37 	 -0.125000 	 -0.008617 	 -0.001764
   38 	 -0.125000 	 -0.008651 	 -0.001789
   39 	 -0.125000 	 -0.008638 	 -0.001792
   40 	 -0.125000 	 -0.008608 	 -0.001773
   41 	 -0.125000 	 -0.008874 	 -0.001880
   42 	 -0.125000 	 -0.008629 	 -0.001783
   43 	 -0.125000 	 -0.008593 	 -0.001783
   44 	 -0.125000 	 -0.008664 	 -0.001799
   45 	 -0.125000 	 -0.008636 	 -0.001802
   46 	 -0.125000 	 -0.008625 	 -0.001789
   47 	 -0.125000 	 -0.008677 	 -0.001805
   48 	 -0.125000 	 -0.008630 	 -0.001786
   49 	 -0.125000 	 -0.008632 	 -0.001792
   50 	 -0.125000 	 -0.008639 	 -0.001792
   51 	 -0.125000 	 -0.008608 	 -0.001773
   52 	 -0.125000 	 -0.008622 	 -0.001779
   53 	 -0.125000 	 -0.008627 	 -0.001770
   54 	 -0.125000 	 -0.008632 	 -0.001786
   55 	 -0.125000 	 -0.008659 	 -0.001799
   56 	 -0.125000 	 -0.008642 	 -0.001792
   57 	 -0.125000 	 -0.008579 	 -0.001786
   58 	 -0.125000 	 -0.008630 	 -0.001786
   59 	 -0.125000 	 -0.008639 	 -0.001799
   60 	 -0.125000 	 -0.008630 	 -0.001786
   61 	 -0.125000 	 -0.008630 	 -0.001783
   62 	 -0.100000 	 -0.008012 	 -0.001779
   63 	 -0.100000 	 -0.006924 	 -0.001449
   64 	 -0.100000 	 -0.007008 	 -0.001433
   65 	 -0.100000 	 -0.007048 	 -0.001433
   66 	 -0.100000 	 -0.006900 	 -0.001427
   67 	 -0.100000 	 -0.006904 	 -0.001429
   68 	 -0.100000 	 -0.006866 	 -0.001422
   69 	 -0.100000 	 -0.006893 	 -0.001418
   70 	 -0.100000 	 -0.006824 	 -0.001435
   71 	 -0.100000 	 -0.006974 	 -0.001437
   72 	 -0.100000 	 -0.006904 	 -0.001429
   73 	 -0.100000 	 -0.006904 	 -0.001429
   74 	 -0.100000 	 -0.006904 	 -0.001429
   75 	 -0.100000 	 -0.006908 	 -0.001443
   76 	 -0.100000 	 -0.006906 	 -0.001431
   77 	 -0.100000 	 -0.007103 	 -0.001439
   78 	 -0.100000 	 -0.006895 	 -0.001425
   79 	 -0.100000 	 -0.006751 	 -0.001406
   80 	 -0.100000 	 -0.006904 	 -0.001427
   81 	 -0.100000 	 -0.006906 	 -0.001431
   82 	 -0.100000 	 -0.006915 	 -0.001437
   83 	 -0.100000 	 -0.006901 	 -0.001422
   84 	 -0.100000 	 -0.006957 	 -0.001447
   85 	 -0.100000 	 -0.006904 	 -0.001429
   86 	 -0.100000 	 -0.006919 	 -0.001437
   87 	 -0.090909 	 -0.006727 	 -0.001443
   88 	 -0.090909 	 -0.006356 	 -0.001333
   89 	 -0.090909 	 -0.006273 	 -0.001297
   90 	 -0.090909 	 -0.006276 	 -0.001299
   91 	 -0.090909 	 -0.006275 	 -0.001297
   92 	 -0.090909 	 -0.006277 	 -0.001302
   93 	 -0.090909 	 -0.006280 	 -0.001302
   94 	 -0.090909 	 -0.006272 	 -0.001297
   95 	 -0.090909 	 -0.006302 	 -0.001309
   96 	 -0.090909 	 -0.006281 	 -0.001304
   97 	 -0.090909 	 -0.006213 	 -0.001305
   98 	 -0.090909 	 -0.006280 	 -0.001300
   99 	 -0.090909 	 -0.006276 	 -0.001297
  100 	 -0.090909 	 -0.006254 	 -0.001294
  101 	 -0.090909 	 -0.006289 	 -0.001304
  102 	 -0.090909 	 -0.006265 	 -0.001295
  103 	 -0.090909 	 -0.006268 	 -0.001297
  104 	 -0.090909 	 -0.006277 	 -0.001305
  105 	 -0.090909 	 -0.006325 	 -0.001307
  106 	 -0.090909 	 -0.006276 	 -0.001299
  107 	 -0.090909 	 -0.006285 	 -0.001302
  108 	 -0.090909 	 -0.006274 	 -0.001295
  109 	 -0.090909 	 -0.006254 	 -0.001297
  110 	 -0.090909 	 -0.006271 	 -0.001289
  111 	 -0.090909 	 -0.006136 	 -0.001295
  112 	 -0.090909 	 -0.006276 	 -0.001299
  113 	 -0.090909 	 -0.006252 	 -0.001295
  114 	 -0.090909 	 -0.006287 	 -0.001307
  115 	 -0.090909 	 -0.006288 	 -0.001302
  116 	 -0.090909 	 -0.006275 	 -0.001297
  117 	 -0.090909 	 -0.006714 	 -0.001307
  118 	 -0.090909 	 -0.006271 	 -0.001295
  119 	 -0.090909 	 -0.006335 	 -0.001342
  120 	 -0.100000 	 -0.006568 	 -0.001328
  121 	 -0.100000 	 -0.006868 	 -0.001414
  122 	 -0.100000 	 -0.007010 	 -0.001449
  123 	 -0.100000 	 -0.006908 	 -0.001435
  124 	 -0.100000 	 -0.006965 	 -0.001437
  125 	 -0.100000 	 -0.006902 	 -0.001425
  126 	 -0.100000 	 -0.006899 	 -0.001414
  127 	 -0.100000 	 -0.006904 	 -0.001429
  128 	 -0.100000 	 -0.006950 	 -0.001447
  129 	 -0.100000 	 -0.006904 	 -0.001429
  130 	 -0.100000 	 -0.006930 	 -0.001449
  131 	 -0.142857 	 -0.008034 	 -0.001520
  132 	 -0.142857 	 -0.009209 	 -0.001825
  133 	 -0.142857 	 -0.009863 	 -0.002041
  134 	 -0.142857 	 -0.009854 	 -0.002028
  135 	 -0.142857 	 -0.009862 	 -0.002028
  136 	 -0.142857 	 -0.010257 	 -0.002041
  137 	 -0.142857 	 -0.009852 	 -0.002028
  138 	 -0.142857 	 -0.009862 	 -0.002037
  139 	 -0.142857 	 -0.009870 	 -0.002041
  140 	 -0.142857 	 -0.009863 	 -0.002041
  141 	 -0.142857 	 -0.009863 	 -0.002041
  142 	 -0.142857 	 -0.009888 	 -0.002049
  143 	 -0.142857 	 -0.009865 	 -0.002049
  144 	 -0.142857 	 -0.009839 	 -0.002024
  145 	 -0.142857 	 -0.009886 	 -0.002058
  146 	 -0.142857 	 -0.009863 	 -0.002041
  147 	 -0.142857 	 -0.009880 	 -0.002058
  148 	 -0.142857 	 -0.009584 	 -0.002049
  149 	 -0.142857 	 -0.009863 	 -0.002041
  150 	 -0.142857 	 -0.009868 	 -0.002058
  151 	 -0.142857 	 -0.009901 	 -0.002058
  152 	 -0.142857 	 -0.009863 	 -0.002041
  153 	 -0.142857 	 -0.009850 	 -0.002075
  154 	 -0.142857 	 -0.009850 	 -0.002045
  155 	 -0.142857 	 -0.010215 	 -0.002037
  156 	 -0.142857 	 -0.009862 	 -0.002033
  157 	 -0.142857 	 -0.009771 	 -0.002058
  158 	 -0.142857 	 -0.009867 	 -0.002049
  159 	 -0.142857 	 -0.009942 	 -0.002058
  160 	 -0.142857 	 -0.009865 	 -0.002049
  161 	 -0.142857 	 -0.009863 	 -0.002041
  162 	 -0.142857 	 -0.010138 	 -0.002079
  163 	 -0.142857 	 -0.009863 	 -0.002041
  164 	 -0.142857 	 -0.010100 	 -0.002053
  165 	 -0.166667 	 -0.010298 	 -0.002037
  166 	 -0.166667 	 -0.011162 	 -0.002309
  167 	 -0.166667 	 -0.011544 	 -0.002370
  168 	 -0.166667 	 -0.011506 	 -0.002375
  169 	 -0.166667 	 -0.011490 	 -0.002375
  170 	 -0.166667 	 -0.011504 	 -0.002375
  171 	 -0.166667 	 -0.011402 	 -0.002364
  172 	 -0.166667 	 -0.011507 	 -0.002387
  173 	 -0.166667 	 -0.011501 	 -0.002370
  174 	 -0.166667 	 -0.011511 	 -0.002404
  175 	 -0.166667 	 -0.011478 	 -0.002370
  176 	 -0.166667 	 -0.011515 	 -0.002370
  177 	 -0.166667 	 -0.011475 	 -0.002370
  178 	 -0.166667 	 -0.011429 	 -0.002387
  179 	 -0.166667 	 -0.011509 	 -0.002387
  180 	 -0.166667 	 -0.011506 	 -0.002404
  181 	 -0.166667 	 -0.011461 	 -0.002410
  182 	 -0.166667 	 -0.011533 	 -0.002410
  183 	 -0.166667 	 -0.011507 	 -0.002381
  184 	 -0.166667 	 -0.011792 	 -0.002404
  185 	 -0.166667 	 -0.011461 	 -0.002309
  186 	 -0.142857 	 -0.010726 	 -0.002315
  187 	 -0.142857 	 -0.010169 	 -0.002119
  188 	 -0.142857 	 -0.009863 	 -0.002041
  189 	 -0.142857 	 -0.009600 	 -0.001996
  190 	 -0.142857 	 -0.009858 	 -0.002037
  191 	 -0.142857 	 -0.009845 	 -0.002033
  192 	 -0.142857 	 -0.009874 	 -0.002058
  193 	 -0.142857 	 -0.009863 	 -0.002041
  194 	 -0.111111 	 -0.009072 	 -0.002037
  195 	 -0.111111 	 -0.007835 	 -0.001656
  196 	 -0.111111 	 -0.007633 	 -0.001577
  197 	 -0.111111 	 -0.007753 	 -0.001582
  198 	 -0.111111 	 -0.007577 	 -0.001580
  199 	 -0.111111 	 -0.007671 	 -0.001587
  200 	 -0.111111 	 -0.007768 	 -0.001610
  201 	 -0.111111 	 -0.007661 	 -0.001585
  202 	 -0.111111 	 -0.007631 	 -0.001590
  203 	 -0.111111 	 -0.007651 	 -0.001577
  204 	 -0.111111 	 -0.007669 	 -0.001595
  205 	 -0.111111 	 -0.007472 	 -0.001597
  206 	 -0.111111 	 -0.007674 	 -0.001580
  207 	 -0.111111 	 -0.007672 	 -0.001595
  208 	 -0.111111 	 -0.007671 	 -0.001587
  209 	 -0.111111 	 -0.007671 	 -0.001587
  210 	 -0.111111 	 -0.007671 	 -0.001592
  211 	 -0.111111 	 -0.007679 	 -0.001592
  212 	 -0.111111 	 -0.007648 	 -0.001582
  213 	 -0.111111 	 -0.007739 	 -0.001608
  214 	 -0.111111 	 -0.007682 	 -0.001585
  215 	 -0.111111 	 -0.007710 	 -0.001592
  216 	 -0.111111 	 -0.007676 	 -0.001590
  217 	 -0.111111 	 -0.007764 	 -0.001595
  218 	 -0.111111 	 -0.007671 	 -0.001587
  219 	 -0.111111 	 -0.007671 	 -0.001587
  220 	 -0.111111 	 -0.007671 	 -0.001587
  221 	 -0.111111 	 -0.007670 	 -0.001585
  222 	 -0.111111 	 -0.007671 	 -0.001590
  223 	 -0.111111 	 -0.007652 	 -0.001582
  224 	 -0.111111 	 -0.007567 	 -0.001575
  225 	 -0.076923 	 -0.006797 	 -0.001582
  226 	 -0.076923 	 -0.005379 	 -0.001164
  227 	 -0.090909 	 -0.005619 	 -0.001098
  228 	 -0.090909 	 -0.006015 	 -0.001250
  229 	 -0.090909 	 -0.006276 	 -0.001299
  230 	 -0.090909 	 -0.006277 	 -0.001305
  231 	 -0.090909 	 -0.006293 	 -0.001307
  232 	 -0.090909 	 -0.006274 	 -0.001295
  233 	 -0.090909 	 -0.006277 	 -0.001307
  234 	 -0.090909 	 -0.006294 	 -0.001305
  235 	 -0.090909 	 -0.006276 	 -0.001299
  236 	 -0.090909 	 -0.006276 	 -0.001299
  237 	 -0.090909 	 -0.006303 	 -0.001305
  238 	 -0.090909 	 -0.006231 	 -0.001294
  239 	 -0.090909 	 -0.006279 	 -0.001305
  240 	 -0.090909 	 -0.006261 	 -0.001290
  241 	 -0.090909 	 -0.006282 	 -0.001305
  242 	 -0.090909 	 -0.006276 	 -0.001299
  243 	 -0.090909 	 -0.006276 	 -0.001299
  244 	 -0.090909 	 -0.006411 	 -0.001305
  245 	 -0.090909 	 -0.006278 	 -0.001307
  246 	 -0.090909 	 -0.006393 	 -0.001312
  247 	 -0.090909 	 -0.006275 	 -0.001297
  248 	 -0.090909 	 -0.006279 	 -0.001305
  249 	 -0.090909 	 -0.006273 	 -0.001295
  250 	 -0.090909 	 -0.006228 	 -0.001294
  251 	 -0.090909 	 -0.006277 	 -0.001302
  252 	 -0.076923 	 -0.005936 	 -0.001295
  253 	 -0.090909 	 -0.005846 	 -0.001134
  254 	 -0.090909 	 -0.006142 	 -0.001267
  255 	 -0.090909 	 -0.006542 	 -0.001337
  256 	 -0.090909 	 -0.006298 	 -0.001307
  257 	 -0.090909 	 -0.006271 	 -0.001294
  258 	 -0.090909 	 -0.006471 	 -0.001311
  259 	 -0.090909 	 -0.006285 	 -0.001305
  260 	 -0.090909 	 -0.006276 	 -0.001299
  261 	 -0.090909 	 -0.006257 	 -0.001302
  262 	 -0.090909 	 -0.006279 	 -0.001305
  263 	 -0.090909 	 -0.006276 	 -0.001299
  264 	 -0.090909 	 -0.006334 	 -0.001305
  265 	 -0.090909 	 -0.006278 	 -0.001302
  266 	 -0.090909 	 -0.006276 	 -0.001295
  267 	 -0.090909 	 -0.006200 	 -0.001263
  268 	 -0.090909 	 -0.006349 	 -0.001311
  269 	 -0.090909 	 -0.006269 	 -0.001297
  270 	 -0.090909 	 -0.006276 	 -0.001299
  271 	 -0.090909 	 -0.006276 	 -0.001299
  272 	 -0.090909 	 -0.006276 	 -0.001299
  273 	 -0.090909 	 -0.006281 	 -0.001302
  274 	 -0.090909 	 -0.006276 	 -0.001299
  275 	 -0.090909 	 -0.006276 	 -0.001299
  276 	 -0.090909 	 -0.006268 	 -0.001292
  277 	 -0.090909 	 -0.006276 	 -0.001299
  278 	 -0.090909 	 -0.006288 	 -0.001309
  279 	 -0.090909 	 -0.006276 	 -0.001299
  280 	 -0.090909 	 -0.006272 	 -0.001295
  281 	 -0.090909 	 -0.006274 	 -0.001297
  282 	 -0.090909 	 -0.006267 	 -0.001295
  283 	 -0.090909 	 -0.006158 	 -0.001304
  284 	 -0.090909 	 -0.006300 	 -0.001297
  285 	 -0.090909 	 -0.006267 	 -0.001290
  286 	 -0.090909 	 -0.006369 	 -0.001302
  287 	 -0.090909 	 -0.006266 	 -0.001304
  288 	 -0.090909 	 -0.006276 	 -0.001299
  289 	 -0.090909 	 -0.006314 	 -0.001311
  290 	 -0.090909 	 -0.006323 	 -0.001302
  291 	 -0.090909 	 -0.006278 	 -0.001300
  292 	 -0.090909 	 -0.006248 	 -0.001302
  293 	 -0.090909 	 -0.006297 	 -0.001305
  294 	 -0.090909 	 -0.006269 	 -0.001294
  295 	 -0.090909 	 -0.006276 	 -0.001299
  296 	 -0.090909 	 -0.006276 	 -0.001299
  297 	 -0.090909 	 -0.006276 	 -0.001299
  298 	 -0.090909 	 -0.006276 	 -0.001299
  299 	 -0.090909 	 -0.006516 	 -0.001299
  300 	 -0.090909 	 -0.006138 	 -0.001299
  301 	 -0.090909 	 -0.006279 	 -0.001300
  302 	 -0.090909 	 -0.006280 	 -0.001302
  303 	 -0.090909 	 -0.006276 	 -0.001299
  304 	 -0.090909 	 -0.006276 	 -0.001299
  305 	 -0.090909 	 -0.006279 	 -0.001309
  306 	 -0.090909 	 -0.006294 	 -0.001314
  307 	 -0.090909 	 -0.006306 	 -0.001309
  308 	 -0.090909 	 -0.006286 	 -0.001305
  309 	 -0.090909 	 -0.006273 	 -0.001292
  310 	 -0.090909 	 -0.006279 	 -0.001304
  311 	 -0.090909 	 -0.006283 	 -0.001307
  312 	 -0.090909 	 -0.006278 	 -0.001304
  313 	 -0.090909 	 -0.006276 	 -0.001299
  314 	 -0.090909 	 -0.006302 	 -0.001307
  315 	 -0.090909 	 -0.006309 	 -0.001309
  316 	 -0.090909 	 -0.006276 	 -0.001297
  317 	 -0.090909 	 -0.006276 	 -0.001299
  318 	 -0.090909 	 -0.006279 	 -0.001307
  319 	 -0.090909 	 -0.006276 	 -0.001297
  320 	 -0.090909 	 -0.006285 	 -0.001311
  321 	 -0.090909 	 -0.006276 	 -0.001299
  322 	 -0.090909 	 -0.006299 	 -0.001304
  323 	 -0.090909 	 -0.006297 	 -0.001305
  324 	 -0.090909 	 -0.006284 	 -0.001305
  325 	 -0.090909 	 -0.006285 	 -0.001302
  326 	 -0.090909 	 -0.006276 	 -0.001294
  327 	 -0.090909 	 -0.006250 	 -0.001302
  328 	 -0.090909 	 -0.006285 	 -0.001305
  329 	 -0.090909 	 -0.006276 	 -0.001299
  330 	 -0.090909 	 -0.006185 	 -0.001295
  331 	 -0.090909 	 -0.006276 	 -0.001299
  332 	 -0.090909 	 -0.006282 	 -0.001304
  333 	 -0.142857 	 -0.007398 	 -0.001309
  334 	 -0.142857 	 -0.008515 	 -0.001754
  335 	 -0.142857 	 -0.009970 	 -0.002058
  336 	 -0.142857 	 -0.009909 	 -0.002041
  337 	 -0.142857 	 -0.009869 	 -0.002075
  338 	 -0.142857 	 -0.009863 	 -0.002041
  339 	 -0.142857 	 -0.009832 	 -0.002028
  340 	 -0.142857 	 -0.009891 	 -0.002062
  341 	 -0.142857 	 -0.009848 	 -0.002037
  342 	 -0.142857 	 -0.009820 	 -0.002028
  343 	 -0.142857 	 -0.009863 	 -0.002045
  344 	 -0.142857 	 -0.009963 	 -0.002049
  345 	 -0.142857 	 -0.009862 	 -0.002033
  346 	 -0.142857 	 -0.009679 	 -0.002028
  347 	 -0.142857 	 -0.009873 	 -0.002079
  348 	 -0.333333 	 -0.013504 	 -0.002066
  349 	 -0.333333 	 -0.020295 	 -0.003322
  350 	 -0.333333 	 -0.023014 	 -0.004762
  351 	 -0.333333 	 -0.022869 	 -0.004673
  352 	 -0.333333 	 -0.023014 	 -0.004762
  353 	 -0.333333 	 -0.023014 	 -0.004762
  354 	 -0.333333 	 -0.022884 	 -0.004695
  355 	 -0.333333 	 -0.022969 	 -0.004854
  356 	 -0.333333 	 -0.023014 	 -0.004762
  357 	 -0.333333 	 -0.023014 	 -0.004762
  358 	 -0.333333 	 -0.022725 	 -0.004651
  359 	 -0.333333 	 -0.022925 	 -0.004717
  360 	 -0.333333 	 -0.022967 	 -0.004673
  361 	 -0.333333 	 -0.023014 	 -0.004762
  362 	 -0.333333 	 -0.023014 	 -0.004762
  363 	 -0.333333 	 -0.023014 	 -0.004762
  364 	 -0.333333 	 -0.023014 	 -0.004762
  365 	 -0.333333 	 -0.022992 	 -0.004717
  366 	 -0.333333 	 -0.023592 	 -0.004785
  367 	 -0.333333 	 -0.023081 	 -0.004878
  368 	 -0.333333 	 -0.023014 	 -0.004762
  369 	 -0.333333 	 -0.023100 	 -0.004808
  370 	 -0.333333 	 -0.023014 	 -0.004762
  371 	 -0.333333 	 -0.023014 	 -0.004762
  372 	 -0.333333 	 -0.022935 	 -0.004808
  373 	 -0.333333 	 -0.023014 	 -0.004762
  374 	 -0.333333 	 -0.022998 	 -0.004739
  375 	 -0.333333 	 -0.023087 	 -0.004926
  376 	 -0.333333 	 -0.023197 	 -0.004785
  377 	 -0.333333 	 -0.023014 	 -0.004762
  378 	 -0.333333 	 -0.022814 	 -0.004762
  379 	 -0.333333 	 -0.023014 	 -0.004762
  380 	 -0.333333 	 -0.023178 	 -0.004808
  381 	 -0.333333 	 -0.023243 	 -0.004854
  382 	 -0.333333 	 -0.022638 	 -0.004717
  383 	 -0.333333 	 -0.023295 	 -0.004878
  384 	 -0.333333 	 -0.022989 	 -0.004739
  385 	 -0.333333 	 -0.023014 	 -0.004762
  386 	 -0.333333 	 -0.023158 	 -0.004878
  387 	 -0.333333 	 -0.023014 	 -0.004762
  388 	 -0.333333 	 -0.023014 	 -0.004762
  389 	 -0.333333 	 -0.022213 	 -0.004630
  390 	 -0.333333 	 -0.023049 	 -0.004808
  391 	 -0.333333 	 -0.022998 	 -0.004717
  392 	 -0.333333 	 -0.023063 	 -0.004831
  393 	 -0.333333 	 -0.023143 	 -0.004854
  394 	 -0.333333 	 -0.023001 	 -0.004673
  395 	 -0.333333 	 -0.023014 	 -0.004762
  396 	 -0.333333 	 -0.023023 	 -0.004808
  397 	 -0.333333 	 -0.023014 	 -0.004762
  398 	 -0.333333 	 -0.023014 	 -0.004762
  399 	 -0.333333 	 -0.022664 	 -0.004785
 