   0 	 -1.000000 	 0.108101 	 10.000000
    1 	 0.014085 	 0.067813 	 1.000000
    2 	 0.014493 	 0.068992 	 1.000000
    3 	 0.014706 	 0.066647 	 1.000000
    4 	 0.012346 	 0.066130 	 1.000000
    5 	 0.012346 	 0.064849 	 1.000000
    6 	 0.013514 	 0.065687 	 1.000000
    7 	 0.013889 	 0.067995 	 1.000000
    8 	 0.014085 	 0.069032 	 1.000000
    9 	 0.014085 	 0.068822 	 1.000000
   10 	 0.014706 	 0.070506 	 1.000000
   11 	 0.013889 	 0.068055 	 1.000000
   12 	 0.012987 	 0.064537 	 1.000000
   13 	 0.014085 	 0.068787 	 1.000000
   14 	 0.014493 	 0.069083 	 1.000000
   15 	 0.014286 	 0.070292 	 1.000000
   16 	 0.018182 	 0.072425 	 1.000000
   17 	 0.015873 	 0.069830 	 1.000000
   18 	 0.014085 	 0.068924 	 1.000000
   19 	 0.015152 	 0.069731 	 1.000000
   20 	 0.015873 	 0.072529 	 1.000000
   21 	 -1.000000 	 0.353920 	 10.000000
   22 	 -1.000000 	 1.134898 	 10.000000
   23 	 -1.000000 	 0.649603 	 10.000000
   24 	 0.035714 	 0.183805 	 1.000000
   25 	 -1.000000 	 0.118336 	 10.000000
   26 	 0.023256 	 0.119471 	 0.500000
   27 	 -1.000000 	 0.076867 	 1.000000
   28 	 -1.000000 	 0.440880 	 10.000000
   29 	 -1.000000 	 0.495000 	 10.000000
   30 	 -1.000000 	 0.112102 	 10.000000
   31 	 0.014706 	 0.069163 	 1.000000
   32 	 0.014493 	 0.069906 	 1.000000
   33 	 0.014286 	 0.069041 	 1.000000
   34 	 0.014925 	 0.069089 	 1.000000
   35 	 0.016393 	 0.071628 	 1.000000
   36 	 0.014085 	 0.069263 	 1.000000
   37 	 0.014706 	 0.090058 	 1.000000
   38 	 0.027027 	 0.077011 	 1.000000
   39 	 0.018519 	 0.090578 	 1.000000
   40 	 0.022222 	 0.237440 	 10.000000
   41 	 -1.000000 	 0.371695 	 10.000000
   42 	 -1.000000 	 -0.218827 	 -0.058824
   43 	 -1.000000 	 -0.069521 	 -0.015152
   44 	 -1.000000 	 -0.068623 	 -0.014085
   45 	 -1.000000 	 -0.068830 	 -0.013889
   46 	 -1.000000 	 -0.069542 	 -0.014706
   47 	 -1.000000 	 -0.069041 	 -0.014286
   48 	 -1.000000 	 -0.067376 	 -0.013699
   49 	 -1.000000 	 -0.068490 	 -0.014085
   50 	 -1.000000 	 -0.069163 	 -0.014706
   51 	 -1.000000 	 -0.069041 	 -0.014286
   52 	 -1.000000 	 -0.068490 	 -0.014085
   53 	 -1.000000 	 -0.069028 	 -0.014706
   54 	 -1.000000 	 -0.068457 	 -0.014493
   55 	 -1.000000 	 -0.070334 	 -0.015385
   56 	 -1.000000 	 -0.068224 	 -0.013889
   57 	 -1.000000 	 -0.069551 	 -0.014925
   58 	 -1.000000 	 -0.069692 	 -0.015152
   59 	 -1.000000 	 -0.069041 	 -0.014286
   60 	 -1.000000 	 -0.069041 	 -0.014286
   61 	 -1.000000 	 -0.066031 	 -0.014286
   62 	 -1.000000 	 -0.069041 	 -0.014286
   63 	 -1.000000 	 -0.069041 	 -0.014286
   64 	 -1.000000 	 -0.067154 	 -0.014085
   65 	 -0.500000 	 -0.055707 	 -0.014286
   66 	 -0.500000 	 -0.036940 	 -0.007692
   67 	 -1.000000 	 -0.043935 	 -0.007194
   68 	 -1.000000 	 -0.052619 	 -0.010638
   69 	 -1.000000 	 -0.056003 	 -0.011236
   70 	 -1.000000 	 -0.068581 	 -0.014925
   71 	 -1.000000 	 -0.068910 	 -0.014085
   72 	 -1.000000 	 -0.069041 	 -0.014286
   73 	 -1.000000 	 -0.069329 	 -0.014493
   74 	 -1.000000 	 -0.063605 	 -0.014493
   75 	 -1.000000 	 -0.069432 	 -0.014493
   76 	 -1.000000 	 -0.069041 	 -0.014286
   77 	 -1.000000 	 -0.069041 	 -0.014286
   78 	 -1.000000 	 -0.070573 	 -0.015385
   79 	 -1.000000 	 -0.069043 	 -0.014493
   80 	 -1.000000 	 0.044544 	 10.000000
   81 	 -1.000000 	 2.128571 	 10.000000
   82 	 -1.000000 	 1.164286 	 10.000000
   83 	 1.000000 	 1.000000 	 1.000000
   84 	 0.333333 	 1.161905 	 10.000000
   85 	 10.000000 	 10.000000 	 10.000000
   86 	 -1.000000 	 0.709524 	 10.000000
   87 	 0.333333 	 4.338095 	 10.000000
   88 	 10.000000 	 10.000000 	 10.000000
   89 	 0.166667 	 0.797619 	 10.000000
   90 	 0.250000 	 6.517857 	 10.000000
   91 	 10.000000 	 10.000000 	 10.000000
   92 	 -1.000000 	 5.514286 	 10.000000
   93 	 1.000000 	 7.557143 	 10.000000
   94 	 1.000000 	 4.857143 	 10.000000
   95 	 -1.000000 	 2.247619 	 10.000000
   96 	 -0.250000 	 -0.250000 	 -0.250000
   97 	 -0.200000 	 -0.016108 	 -0.003676
   98 	 -0.200000 	 -0.013895 	 -0.002924
   99 	 -0.200000 	 -0.013760 	 -0.002857
  100 	 -0.200000 	 -0.013793 	 -0.002849
  101 	 -0.200000 	 -0.013808 	 -0.002857
  102 	 -0.200000 	 -0.013806 	 -0.002857
  103 	 -0.200000 	 -0.013808 	 -0.002857
  104 	 -0.200000 	 -0.013808 	 -0.002857
  105 	 -0.200000 	 -0.013808 	 -0.002857
  106 	 -0.200000 	 -0.013812 	 -0.002874
  107 	 -0.200000 	 -0.013886 	 -0.002907
  108 	 -0.200000 	 -0.013832 	 -0.002890
  109 	 -0.200000 	 -0.013808 	 -0.002857
  110 	 -0.200000 	 -0.013782 	 -0.002825
  111 	 -0.200000 	 -0.013692 	 -0.002849
  112 	 -0.200000 	 -0.013808 	 -0.002849
  113 	 -0.200000 	 -0.013438 	 -0.002703
  114 	 -0.200000 	 -0.013838 	 -0.002899
  115 	 -0.200000 	 -0.013798 	 -0.002849
  116 	 -0.200000 	 -0.013793 	 -0.002849
  117 	 -0.200000 	 -0.013866 	 -0.002882
  118 	 -0.200000 	 -0.013594 	 -0.002841
  119 	 -0.200000 	 -0.013815 	 -0.002865
  120 	 -0.200000 	 -0.013808 	 -0.002857
  121 	 -0.200000 	 -0.013808 	 -0.002857
  122 	 -0.200000 	 -0.013808 	 -0.002857
  123 	 -0.200000 	 -0.013814 	 -0.002841
  124 	 -0.200000 	 -0.013807 	 -0.002841
  125 	 -0.200000 	 -0.013809 	 -0.002882
  126 	 -0.200000 	 -0.014073 	 -0.003049
  127 	 -0.200000 	 -0.013863 	 -0.002857
  128 	 -0.200000 	 -0.014240 	 -0.002865
  129 	 -0.200000 	 -0.013814 	 -0.002865
  130 	 -0.200000 	 -0.013768 	 -0.002841
  131 	 -0.200000 	 -0.013792 	 -0.002865
  132 	 -0.200000 	 -0.013808 	 -0.002849
  133 	 -0.200000 	 -0.013811 	 -0.002882
  134 	 -0.200000 	 -0.013755 	 -0.002825
  135 	 -0.200000 	 -0.013808 	 -0.002857
  136 	 -0.200000 	 -0.013698 	 -0.002882
  137 	 -0.200000 	 -0.014512 	 -0.002899
  138 	 -0.200000 	 -0.013798 	 -0.002857
  139 	 -0.200000 	 -0.013853 	 -0.002857
  140 	 -0.200000 	 -0.013808 	 -0.002857
  141 	 -0.200000 	 -0.013811 	 -0.002865
  142 	 -0.200000 	 -0.013814 	 -0.002874
  143 	 -0.200000 	 -0.013781 	 -0.002841
  144 	 -0.200000 	 -0.013815 	 -0.002874
  145 	 -0.200000 	 -0.013803 	 -0.002849
  146 	 -0.200000 	 -0.013714 	 -0.002849
  147 	 -0.200000 	 -0.013839 	 -0.002874
  148 	 -0.200000 	 -0.014133 	 -0.002849
  149 	 -0.200000 	 -0.013807 	 -0.002849
  150 	 -0.200000 	 -0.013807 	 -0.002849
  151 	 -0.200000 	 -0.013350 	 -0.002817
  152 	 -0.200000 	 -0.013794 	 -0.002833
  153 	 -0.200000 	 -0.013828 	 -0.002874
  154 	 -0.200000 	 -0.013797 	 -0.002833
  155 	 -0.200000 	 -0.013831 	 -0.002882
  156 	 -0.200000 	 -0.013808 	 -0.002857
  157 	 -0.200000 	 -0.013808 	 -0.002857
  158 	 -0.200000 	 -0.013806 	 -0.002825
  159 	 -0.200000 	 -0.013798 	 -0.002817
  160 	 -0.200000 	 -0.013808 	 -0.002865
  161 	 -0.200000 	 -0.014236 	 -0.003086
  162 	 -0.200000 	 -0.013808 	 -0.002857
  163 	 -0.200000 	 -0.013885 	 -0.002874
  164 	 -0.200000 	 -0.013808 	 -0.002857
  165 	 -0.200000 	 -0.013809 	 -0.002874
  166 	 -0.200000 	 -0.013790 	 -0.002841
  167 	 -0.200000 	 -0.013654 	 -0.002841
  168 	 -0.200000 	 -0.013808 	 -0.002857
  169 	 -0.200000 	 -0.013796 	 -0.002857
  170 	 -0.200000 	 -0.013859 	 -0.002899
  171 	 -0.200000 	 -0.013807 	 -0.002841
  172 	 -0.200000 	 -0.013929 	 -0.002865
  173 	 -0.200000 	 -0.014106 	 -0.002915
  174 	 -0.200000 	 -0.013746 	 -0.002817
  175 	 -0.200000 	 -0.013833 	 -0.002890
  176 	 -0.200000 	 -0.013788 	 -0.002849
  177 	 -0.200000 	 -0.013935 	 -0.002907
  178 	 -0.200000 	 -0.013725 	 -0.002809
  179 	 -0.200000 	 -0.013823 	 -0.002865
  180 	 -0.200000 	 -0.013808 	 -0.002857
  181 	 -0.200000 	 -0.013833 	 -0.002941
  182 	 -0.200000 	 -0.013808 	 -0.002857
  183 	 -0.200000 	 -0.013746 	 -0.002825
  184 	 -0.200000 	 -0.013808 	 -0.002857
  185 	 -0.200000 	 -0.013808 	 -0.002857
  186 	 -0.200000 	 -0.013798 	 -0.002825
  187 	 -0.200000 	 -0.013807 	 -0.002849
  188 	 -0.200000 	 -0.013804 	 -0.002841
  189 	 -0.200000 	 -0.013808 	 -0.002857
  190 	 -0.200000 	 -0.013931 	 -0.002882
  191 	 -0.200000 	 -0.013808 	 -0.002857
  192 	 -0.200000 	 -0.013728 	 -0.002849
  193 	 -0.200000 	 -0.013702 	 -0.002833
  194 	 -0.200000 	 -0.013852 	 -0.002882
  195 	 -0.200000 	 -0.013808 	 -0.002857
  196 	 -0.200000 	 -0.014015 	 -0.002890
  197 	 -0.200000 	 -0.013808 	 -0.002857
  198 	 -0.200000 	 -0.013782 	 -0.002849
  199 	 -0.200000 	 -0.013808 	 -0.002857
  200 	 -0.200000 	 -0.013714 	 -0.002849
  201 	 -0.200000 	 -0.013808 	 -0.002857
  202 	 -0.200000 	 -0.013866 	 -0.002924
  203 	 -0.200000 	 -0.013813 	 -0.002899
  204 	 -0.200000 	 -0.013808 	 -0.002857
  205 	 -0.200000 	 -0.013808 	 -0.002857
  206 	 -0.200000 	 -0.013792 	 -0.002857
  207 	 -0.200000 	 -0.014001 	 -0.002924
  208 	 -0.200000 	 -0.013812 	 -0.002857
  209 	 -0.200000 	 -0.012783 	 -0.002747
  210 	 -0.200000 	 -0.013269 	 -0.002762
  211 	 -0.200000 	 -0.013183 	 -0.002695
  212 	 -0.166667 	 -0.012752 	 -0.002770
  213 	 -0.166667 	 -0.011675 	 -0.002451
  214 	 -0.166667 	 -0.011502 	 -0.002398
  215 	 -0.166667 	 -0.011514 	 -0.002387
  216 	 -0.166667 	 -0.011410 	 -0.002342
  217 	 -0.166667 	 -0.011505 	 -0.002375
  218 	 -0.166667 	 -0.011553 	 -0.002410
  219 	 -0.166667 	 -0.011507 	 -0.002381
  220 	 -0.166667 	 -0.011500 	 -0.002358
  221 	 -0.166667 	 -0.011512 	 -0.002398
  222 	 -0.166667 	 -0.011648 	 -0.002398
  223 	 -0.166667 	 -0.011603 	 -0.002404
  224 	 -0.166667 	 -0.011572 	 -0.002375
  225 	 -0.166667 	 -0.011507 	 -0.002381
  226 	 -0.166667 	 -0.011510 	 -0.002387
  227 	 -0.166667 	 -0.011507 	 -0.002381
  228 	 -0.166667 	 -0.011515 	 -0.002375
  229 	 -0.166667 	 -0.011496 	 -0.002375
  230 	 -0.166667 	 -0.011959 	 -0.002421
  231 	 -0.166667 	 -0.011402 	 -0.002370
  232 	 -0.166667 	 -0.011537 	 -0.002404
  233 	 -0.166667 	 -0.011507 	 -0.002381
  234 	 -0.166667 	 -0.011609 	 -0.002392
  235 	 -0.166667 	 -0.011507 	 -0.002381
  236 	 -0.166667 	 -0.011510 	 -0.002387
  237 	 -0.166667 	 -0.011539 	 -0.002387
  238 	 -0.166667 	 -0.011507 	 -0.002381
  239 	 -0.166667 	 -0.011477 	 -0.002353
  240 	 -0.166667 	 -0.011522 	 -0.002392
  241 	 -0.166667 	 -0.012203 	 -0.002404
  242 	 -0.166667 	 -0.011507 	 -0.002381
  243 	 -0.166667 	 -0.011505 	 -0.002375
  244 	 -0.166667 	 -0.011513 	 -0.002404
  245 	 -0.166667 	 -0.011506 	 -0.002375
  246 	 -0.166667 	 -0.011503 	 -0.002375
  247 	 -0.166667 	 -0.011478 	 -0.002370
  248 	 -0.166667 	 -0.011507 	 -0.002381
  249 	 -0.166667 	 -0.011445 	 -0.002370
  250 	 -0.166667 	 -0.011487 	 -0.002370
  251 	 -0.166667 	 -0.011356 	 -0.002370
  252 	 -0.166667 	 -0.011514 	 -0.002392
  253 	 -0.166667 	 -0.011518 	 -0.002410
  254 	 -0.166667 	 -0.011506 	 -0.002375
  255 	 -0.166667 	 -0.011508 	 -0.002387
  256 	 -0.166667 	 -0.011505 	 -0.002387
  257 	 -0.166667 	 -0.011509 	 -0.002392
  258 	 -0.166667 	 -0.011507 	 -0.002381
  259 	 -0.166667 	 -0.011501 	 -0.002398
  260 	 -0.166667 	 -0.011507 	 -0.002387
  261 	 -0.166667 	 -0.011507 	 -0.002381
  262 	 -0.166667 	 -0.011492 	 -0.002353
  263 	 -0.166667 	 -0.011420 	 -0.002353
  264 	 -0.166667 	 -0.011507 	 -0.002387
  265 	 -0.166667 	 -0.011792 	 -0.002545
  266 	 -0.166667 	 -0.011507 	 -0.002381
  267 	 -0.166667 	 -0.011531 	 -0.002415
  268 	 -0.166667 	 -0.011511 	 -0.002398
  269 	 -0.166667 	 -0.011716 	 -0.002500
  270 	 -0.142857 	 -0.010929 	 -0.002375
  271 	 -0.166667 	 -0.010549 	 -0.002092
  272 	 -0.142857 	 -0.010856 	 -0.002320
  273 	 -0.142857 	 -0.009928 	 -0.002088
  274 	 -0.166667 	 -0.010687 	 -0.002132
  275 	 -0.166667 	 -0.011516 	 -0.002381
  276 	 -0.166667 	 -0.011488 	 -0.002387
  277 	 -0.166667 	 -0.010977 	 -0.002315
  278 	 -0.166667 	 -0.011515 	 -0.002404
  279 	 -0.166667 	 -0.011383 	 -0.002364
  280 	 -0.250000 	 -0.013279 	 -0.002415
  281 	 -0.166667 	 -0.014262 	 -0.003333
  282 	 -0.166667 	 -0.012015 	 -0.002538
  283 	 -0.166667 	 -0.012213 	 -0.002381
  284 	 -0.166667 	 -0.011535 	 -0.002387
  285 	 -0.166667 	 -0.011514 	 -0.002415
  286 	 -0.166667 	 -0.011507 	 -0.002375
  287 	 -0.166667 	 -0.011383 	 -0.002364
  288 	 -0.166667 	 -0.011519 	 -0.002392
  289 	 -0.166667 	 -0.011507 	 -0.002381
  290 	 -0.166667 	 -0.011516 	 -0.002387
  291 	 -0.166667 	 -0.011473 	 -0.002364
  292 	 -0.166667 	 -0.011510 	 -0.002387
  293 	 -0.166667 	 -0.011507 	 -0.002381
  294 	 -0.166667 	 -0.011510 	 -0.002392
  295 	 -0.166667 	 -0.011504 	 -0.002370
  296 	 -0.166667 	 -0.011390 	 -0.002364
  297 	 -0.166667 	 -0.011571 	 -0.002392
  298 	 -0.166667 	 -0.011535 	 -0.002410
  299 	 -0.166667 	 -0.011421 	 -0.002336
  300 	 -0.166667 	 -0.011591 	 -0.002387
  301 	 -0.166667 	 -0.011508 	 -0.002392
  302 	 -0.166667 	 -0.011489 	 -0.002375
  303 	 -0.166667 	 -0.011554 	 -0.002398
  304 	 -0.166667 	 -0.011507 	 -0.002381
  305 	 -0.166667 	 -0.011514 	 -0.002347
  306 	 -0.166667 	 -0.011426 	 -0.002364
  307 	 -0.166667 	 -0.011596 	 -0.002392
  308 	 -0.166667 	 -0.011539 	 -0.002387
  309 	 -0.166667 	 -0.011483 	 -0.002347
  310 	 -0.166667 	 -0.011495 	 -0.002364
  311 	 -0.166667 	 -0.011604 	 -0.002392
  312 	 -0.166667 	 -0.011500 	 -0.002381
  313 	 -0.250000 	 -0.013315 	 -0.002445
  314 	 -0.250000 	 -0.015639 	 -0.003145
  315 	 -0.250000 	 -0.016790 	 -0.003534
  316 	 -0.250000 	 -0.017317 	 -0.003610
  317 	 -0.250000 	 -0.017260 	 -0.003571
  318 	 -0.250000 	 -0.017377 	 -0.003597
  319 	 -0.250000 	 -0.017260 	 -0.003571
  320 	 -0.250000 	 -0.017260 	 -0.003571
  321 	 -0.250000 	 -0.017260 	 -0.003571
  322 	 -0.250000 	 -0.016945 	 -0.003571
  323 	 -0.250000 	 -0.017315 	 -0.003597
  324 	 -0.250000 	 -0.017214 	 -0.003584
  325 	 -0.250000 	 -0.017164 	 -0.003546
  326 	 -0.250000 	 -0.017370 	 -0.003610
  327 	 -0.250000 	 -0.017257 	 -0.003559
  328 	 -0.250000 	 -0.017254 	 -0.003559
  329 	 -0.250000 	 -0.017260 	 -0.003571
  330 	 -0.250000 	 -0.017253 	 -0.003534
  331 	 -0.250000 	 -0.016182 	 -0.003195
  332 	 -0.250000 	 -0.017595 	 -0.003676
  333 	 -0.250000 	 -0.017260 	 -0.003571
  334 	 -0.250000 	 -0.017277 	 -0.003584
  335 	 -0.250000 	 -0.017401 	 -0.003650
  336 	 -0.250000 	 -0.017219 	 -0.003559
  337 	 -0.250000 	 -0.017713 	 -0.003571
  338 	 -0.250000 	 -0.017255 	 -0.003521
  339 	 -0.250000 	 -0.017260 	 -0.003571
  340 	 -0.250000 	 -0.017241 	 -0.003534
  341 	 -0.250000 	 -0.017260 	 -0.003571
  342 	 -0.250000 	 -0.017543 	 -0.003521
  343 	 -0.250000 	 -0.017271 	 -0.003559
  344 	 -0.250000 	 -0.017286 	 -0.003584
  345 	 -0.250000 	 -0.017451 	 -0.003584
  346 	 -0.250000 	 -0.017261 	 -0.003584
  347 	 -0.250000 	 -0.017185 	 -0.003546
  348 	 -0.250000 	 -0.017081 	 -0.003497
  349 	 -0.250000 	 -0.017266 	 -0.003584
  350 	 -0.250000 	 -0.017261 	 -0.003584
  351 	 -0.250000 	 -0.017025 	 -0.003559
  352 	 -0.250000 	 -0.017142 	 -0.003597
  353 	 -0.250000 	 -0.017168 	 -0.003546
  354 	 -0.250000 	 -0.017201 	 -0.003584
  355 	 -0.250000 	 -0.017237 	 -0.003559
  356 	 -0.250000 	 -0.017255 	 -0.003546
  357 	 -0.250000 	 -0.017925 	 -0.003690
  358 	 -0.250000 	 -0.018723 	 -0.003817
  359 	 -0.250000 	 -0.017656 	 -0.003623
  360 	 -0.250000 	 -0.017266 	 -0.003597
  361 	 -0.250000 	 -0.017273 	 -0.003610
  362 	 -0.200000 	 -0.016094 	 -0.003636
  363 	 -0.200000 	 -0.013881 	 -0.002967
  364 	 -0.200000 	 -0.014172 	 -0.002899
  365 	 -0.200000 	 -0.013808 	 -0.002857
  366 	 -0.200000 	 -0.013790 	 -0.002849
  367 	 -0.200000 	 -0.013808 	 -0.002857
  368 	 -0.200000 	 -0.013808 	 -0.002857
  369 	 -0.200000 	 -0.013808 	 -0.002857
  370 	 -0.200000 	 -0.013822 	 -0.002865
  371 	 -0.200000 	 -0.013816 	 -0.002865
  372 	 -0.200000 	 -0.013708 	 -0.002857
  373 	 -0.200000 	 -0.013804 	 -0.002849
  374 	 -0.200000 	 -0.013820 	 -0.002915
  375 	 -0.200000 	 -0.013926 	 -0.002907
  376 	 -0.250000 	 -0.014729 	 -0.002809
  377 	 -0.200000 	 -0.015572 	 -0.003401
  378 	 -0.200000 	 -0.014107 	 -0.002985
  379 	 -0.200000 	 -0.013914 	 -0.002915
  380 	 -0.200000 	 -0.013870 	 -0.002890
  381 	 -0.200000 	 -0.013827 	 -0.002865
  382 	 -1.000000 	 -0.027167 	 -0.002857
  383 	 -1.000000 	 -0.040957 	 -0.004854
  384 	 -1.000000 	 -0.068514 	 -0.013514
  385 	 -1.000000 	 -0.068674 	 -0.013514
  386 	 -1.000000 	 -0.069099 	 -0.014925
  387 	 -1.000000 	 0.073828 	 10.000000
  388 	 -1.000000 	 -0.069041 	 -0.014286
  389 	 -1.000000 	 -0.071559 	 -0.014925
  390 	 -1.000000 	 -0.068968 	 -0.013889
  391 	 -1.000000 	 -0.069951 	 -0.014925
  392 	 -1.000000 	 -0.069388 	 -0.015385
  393 	 -1.000000 	 -0.069041 	 -0.014286
  394 	 -1.000000 	 -0.070373 	 -0.014493
  395 	 -1.000000 	 -0.070865 	 -0.015873
  396 	 -1.000000 	 -0.069041 	 -0.014286
  397 	 -1.000000 	 -0.068839 	 -0.013889
  398 	 -1.000000 	 -0.077802 	 -0.016667
  399 	 -1.000000 	 -0.058979 	 -0.013514
 