   0 	 -0.250000 	 -0.033990 	 -0.015385
    1 	 -0.111111 	 -0.007822 	 -0.001718
    2 	 -0.111111 	 -0.007683 	 -0.001592
    3 	 -0.111111 	 -0.007714 	 -0.001595
    4 	 -0.111111 	 -0.007771 	 -0.001595
    5 	 -0.111111 	 -0.007661 	 -0.001597
    6 	 -0.111111 	 -0.007686 	 -0.001600
    7 	 -0.111111 	 -0.007451 	 -0.001575
    8 	 -0.111111 	 -0.007671 	 -0.001587
    9 	 -0.111111 	 -0.007500 	 -0.001575
   10 	 -0.111111 	 -0.007669 	 -0.001577
   11 	 -0.111111 	 -0.007740 	 -0.001595
   12 	 -0.111111 	 -0.007671 	 -0.001587
   13 	 -0.111111 	 -0.007672 	 -0.001592
   14 	 -0.111111 	 -0.007671 	 -0.001587
   15 	 -0.111111 	 -0.007675 	 -0.001595
   16 	 -0.111111 	 -0.007671 	 -0.001587
   17 	 -0.111111 	 -0.007698 	 -0.001600
   18 	 -0.111111 	 -0.007674 	 -0.001592
   19 	 -0.111111 	 -0.007683 	 -0.001605
   20 	 -0.111111 	 -0.007671 	 -0.001587
   21 	 -0.111111 	 -0.007812 	 -0.001605
   22 	 -0.111111 	 -0.007664 	 -0.001582
   23 	 -0.111111 	 -0.007671 	 -0.001587
   24 	 -0.111111 	 -0.007685 	 -0.001597
   25 	 -0.111111 	 -0.007678 	 -0.001603
   26 	 -0.111111 	 -0.007664 	 -0.001575
   27 	 -0.111111 	 -0.007696 	 -0.001597
   28 	 -0.111111 	 -0.007672 	 -0.001597
   29 	 -0.111111 	 -0.007672 	 -0.001590
   30 	 -0.111111 	 -0.007686 	 -0.001595
   31 	 -0.111111 	 -0.007671 	 -0.001587
   32 	 -0.111111 	 -0.007671 	 -0.001587
   33 	 -0.111111 	 -0.007671 	 -0.001587
   34 	 -0.111111 	 -0.007679 	 -0.001600
   35 	 -0.111111 	 -0.007971 	 -0.001675
   36 	 -0.111111 	 -0.007678 	 -0.001600
   37 	 -0.111111 	 -0.007941 	 -0.001592
   38 	 -0.111111 	 -0.007532 	 -0.001577
   39 	 -0.111111 	 -0.007590 	 -0.001577
   40 	 -0.111111 	 -0.007673 	 -0.001590
   41 	 -0.111111 	 -0.007626 	 -0.001608
   42 	 -0.111111 	 -0.007670 	 -0.001582
   43 	 -0.111111 	 -0.007671 	 -0.001587
   44 	 -0.111111 	 -0.007671 	 -0.001587
   45 	 -0.111111 	 -0.007671 	 -0.001587
   46 	 -0.111111 	 -0.007682 	 -0.001590
   47 	 -0.111111 	 -0.007671 	 -0.001587
   48 	 -0.111111 	 -0.007683 	 -0.001592
   49 	 -0.111111 	 -0.007672 	 -0.001585
   50 	 -0.111111 	 -0.007671 	 -0.001585
   51 	 -0.111111 	 -0.007668 	 -0.001582
   52 	 -0.111111 	 -0.007699 	 -0.001600
   53 	 -0.111111 	 -0.007671 	 -0.001587
   54 	 -0.111111 	 -0.007695 	 -0.001592
   55 	 -0.111111 	 -0.007674 	 -0.001595
   56 	 -0.111111 	 -0.007678 	 -0.001597
   57 	 -0.111111 	 -0.007789 	 -0.001621
   58 	 -0.111111 	 -0.007669 	 -0.001582
   59 	 -0.111111 	 -0.007671 	 -0.001587
   60 	 -0.111111 	 -0.007672 	 -0.001587
   61 	 -0.111111 	 -0.007636 	 -0.001577
   62 	 -0.111111 	 -0.007698 	 -0.001597
   63 	 -0.111111 	 -0.007671 	 -0.001587
   64 	 -0.111111 	 -0.007671 	 -0.001587
   65 	 -0.111111 	 -0.007694 	 -0.001590
   66 	 -0.111111 	 -0.007658 	 -0.001582
   67 	 -0.111111 	 -0.007756 	 -0.001585
   68 	 -0.111111 	 -0.007671 	 -0.001585
   69 	 -0.100000 	 -0.007313 	 -0.001555
   70 	 -0.100000 	 -0.007015 	 -0.001453
   71 	 -0.100000 	 -0.006905 	 -0.001431
   72 	 -0.100000 	 -0.006912 	 -0.001437
   73 	 -0.100000 	 -0.006904 	 -0.001429
   74 	 -0.100000 	 -0.006903 	 -0.001445
   75 	 -0.100000 	 -0.006917 	 -0.001456
   76 	 -0.100000 	 -0.006909 	 -0.001431
   77 	 -0.100000 	 -0.006904 	 -0.001431
   78 	 -0.100000 	 -0.006906 	 -0.001431
   79 	 -0.100000 	 -0.006908 	 -0.001433
   80 	 -0.100000 	 -0.006832 	 -0.001433
   81 	 -0.100000 	 -0.006905 	 -0.001433
   82 	 -0.100000 	 -0.007453 	 -0.001453
   83 	 -0.100000 	 -0.006917 	 -0.001439
   84 	 -0.100000 	 -0.006894 	 -0.001429
   85 	 -0.100000 	 -0.006911 	 -0.001441
   86 	 -0.100000 	 -0.006904 	 -0.001429
   87 	 -0.100000 	 -0.006906 	 -0.001431
   88 	 -0.100000 	 -0.006848 	 -0.001433
   89 	 -0.100000 	 -0.006921 	 -0.001422
   90 	 -0.100000 	 -0.006934 	 -0.001431
   91 	 -0.100000 	 -0.006908 	 -0.001435
   92 	 -0.100000 	 -0.006916 	 -0.001437
   93 	 -0.100000 	 -0.006896 	 -0.001416
   94 	 -0.100000 	 -0.006907 	 -0.001431
   95 	 -0.100000 	 -0.006905 	 -0.001437
   96 	 -0.100000 	 -0.006912 	 -0.001443
   97 	 -0.100000 	 -0.007185 	 -0.001600
   98 	 -0.100000 	 -0.006907 	 -0.001433
   99 	 -0.100000 	 -0.006904 	 -0.001429
  100 	 -0.100000 	 -0.006937 	 -0.001447
  101 	 -0.100000 	 -0.006905 	 -0.001433
  102 	 -0.100000 	 -0.006908 	 -0.001433
  103 	 -0.100000 	 -0.006904 	 -0.001429
  104 	 -0.100000 	 -0.006904 	 -0.001431
  105 	 -0.100000 	 -0.006904 	 -0.001429
  106 	 -0.100000 	 -0.006995 	 -0.001435
  107 	 -0.100000 	 -0.006907 	 -0.001435
  108 	 -0.100000 	 -0.006904 	 -0.001429
  109 	 -0.100000 	 -0.006930 	 -0.001443
  110 	 -0.100000 	 -0.006935 	 -0.001437
  111 	 -0.100000 	 -0.006904 	 -0.001429
  112 	 -0.100000 	 -0.006941 	 -0.001441
  113 	 -0.100000 	 -0.006992 	 -0.001439
  114 	 -0.100000 	 -0.006904 	 -0.001429
  115 	 -0.100000 	 -0.006911 	 -0.001437
  116 	 -0.100000 	 -0.006906 	 -0.001431
  117 	 -0.111111 	 -0.007159 	 -0.001433
  118 	 -0.100000 	 -0.007264 	 -0.001536
  119 	 -0.100000 	 -0.007090 	 -0.001464
  120 	 -0.100000 	 -0.007061 	 -0.001458
  121 	 -0.100000 	 -0.006903 	 -0.001422
  122 	 -0.100000 	 -0.006909 	 -0.001433
  123 	 -0.100000 	 -0.006904 	 -0.001429
  124 	 -0.100000 	 -0.006904 	 -0.001429
  125 	 -0.100000 	 -0.006903 	 -0.001435
  126 	 -0.100000 	 -0.006904 	 -0.001429
  127 	 -0.100000 	 -0.006903 	 -0.001427
  128 	 -0.100000 	 -0.006924 	 -0.001437
  129 	 -0.100000 	 -0.006903 	 -0.001427
  130 	 -0.100000 	 -0.006905 	 -0.001431
  131 	 -0.100000 	 -0.006907 	 -0.001435
  132 	 -0.100000 	 -0.006918 	 -0.001437
  133 	 -0.100000 	 -0.006904 	 -0.001429
  134 	 -0.100000 	 -0.006908 	 -0.001431
  135 	 -0.100000 	 -0.006904 	 -0.001429
  136 	 -0.100000 	 -0.006965 	 -0.001435
  137 	 -0.100000 	 -0.006902 	 -0.001427
  138 	 -0.100000 	 -0.006906 	 -0.001435
  139 	 -0.100000 	 -0.006916 	 -0.001433
  140 	 -0.100000 	 -0.006910 	 -0.001433
  141 	 -0.100000 	 -0.006894 	 -0.001422
  142 	 -0.100000 	 -0.006910 	 -0.001435
  143 	 -0.100000 	 -0.006913 	 -0.001431
  144 	 -0.100000 	 -0.006904 	 -0.001429
  145 	 -0.100000 	 -0.006903 	 -0.001427
  146 	 -0.100000 	 -0.006904 	 -0.001429
  147 	 -0.100000 	 -0.006904 	 -0.001429
  148 	 -0.100000 	 -0.006912 	 -0.001439
  149 	 -0.100000 	 -0.006924 	 -0.001439
  150 	 -0.100000 	 -0.006904 	 -0.001429
  151 	 -0.100000 	 -0.006904 	 -0.001431
  152 	 -0.100000 	 -0.006874 	 -0.001439
  153 	 -0.100000 	 -0.006932 	 -0.001441
  154 	 -0.100000 	 -0.006930 	 -0.001445
  155 	 -0.100000 	 -0.006904 	 -0.001429
  156 	 -0.100000 	 -0.007028 	 -0.001439
  157 	 -0.100000 	 -0.006904 	 -0.001429
  158 	 -0.100000 	 -0.006915 	 -0.001435
  159 	 -0.100000 	 -0.006850 	 -0.001429
  160 	 -0.100000 	 -0.006925 	 -0.001433
  161 	 -0.100000 	 -0.006978 	 -0.001437
  162 	 -0.100000 	 -0.006904 	 -0.001429
  163 	 -0.100000 	 -0.006937 	 -0.001435
  164 	 -0.100000 	 -0.006930 	 -0.001439
  165 	 -0.100000 	 -0.006904 	 -0.001429
  166 	 -0.100000 	 -0.006904 	 -0.001429
  167 	 -0.100000 	 -0.006914 	 -0.001439
  168 	 -0.100000 	 -0.006906 	 -0.001439
  169 	 -0.100000 	 -0.006904 	 -0.001431
  170 	 -0.100000 	 -0.006910 	 -0.001431
  171 	 -0.100000 	 -0.006943 	 -0.001445
  172 	 -0.100000 	 -0.006904 	 -0.001429
  173 	 -0.100000 	 -0.006906 	 -0.001431
  174 	 -0.100000 	 -0.006586 	 -0.001425
  175 	 -0.100000 	 -0.006905 	 -0.001431
  176 	 -0.100000 	 -0.006904 	 -0.001429
  177 	 -0.100000 	 -0.006937 	 -0.001437
  178 	 -0.100000 	 -0.006941 	 -0.001435
  179 	 -0.100000 	 -0.006920 	 -0.001435
  180 	 -0.100000 	 -0.006890 	 -0.001422
  181 	 -0.100000 	 -0.006907 	 -0.001443
  182 	 -0.100000 	 -0.006927 	 -0.001437
  183 	 -0.100000 	 -0.006904 	 -0.001429
  184 	 -0.100000 	 -0.006908 	 -0.001431
  185 	 -0.100000 	 -0.006905 	 -0.001427
  186 	 -0.100000 	 -0.006905 	 -0.001429
  187 	 -0.100000 	 -0.006921 	 -0.001431
  188 	 -0.100000 	 -0.006927 	 -0.001443
  189 	 -0.100000 	 -0.006998 	 -0.001433
  190 	 -0.100000 	 -0.006899 	 -0.001427
  191 	 -0.100000 	 -0.006904 	 -0.001429
  192 	 -0.100000 	 -0.006904 	 -0.001429
  193 	 -0.100000 	 -0.006904 	 -0.001435
  194 	 -0.100000 	 -0.006904 	 -0.001429
  195 	 -0.100000 	 -0.006904 	 -0.001429
  196 	 -0.100000 	 -0.006968 	 -0.001433
  197 	 -0.100000 	 -0.006908 	 -0.001437
  198 	 -0.100000 	 -0.006901 	 -0.001429
  199 	 -0.100000 	 -0.006976 	 -0.001462
  200 	 -0.100000 	 -0.006920 	 -0.001431
  201 	 -0.100000 	 -0.006904 	 -0.001433
  202 	 -0.100000 	 -0.006914 	 -0.001437
  203 	 -0.100000 	 -0.006915 	 -0.001437
  204 	 -0.100000 	 -0.007034 	 -0.001449
  205 	 -0.100000 	 -0.006931 	 -0.001449
  206 	 -0.100000 	 -0.006904 	 -0.001429
  207 	 -0.100000 	 -0.006867 	 -0.001420
  208 	 -0.100000 	 -0.006904 	 -0.001429
  209 	 -0.100000 	 -0.006916 	 -0.001445
  210 	 -0.100000 	 -0.006904 	 -0.001429
  211 	 -0.100000 	 -0.006904 	 -0.001433
  212 	 -0.100000 	 -0.006906 	 -0.001435
  213 	 -0.100000 	 -0.006910 	 -0.001439
  214 	 -0.100000 	 -0.006922 	 -0.001437
  215 	 -0.100000 	 -0.006880 	 -0.001429
  216 	 -0.111111 	 -0.007297 	 -0.001473
  217 	 -0.111111 	 -0.007583 	 -0.001546
  218 	 -0.111111 	 -0.007475 	 -0.001531
  219 	 -0.111111 	 -0.007693 	 -0.001592
  220 	 -0.111111 	 -0.007671 	 -0.001590
  221 	 -0.111111 	 -0.007676 	 -0.001600
  222 	 -0.111111 	 -0.007675 	 -0.001595
  223 	 -0.111111 	 -0.007672 	 -0.001595
  224 	 -0.111111 	 -0.007619 	 -0.001580
  225 	 -0.111111 	 -0.007668 	 -0.001582
  226 	 -0.111111 	 -0.007671 	 -0.001587
  227 	 -0.111111 	 -0.007676 	 -0.001608
  228 	 -0.111111 	 -0.007673 	 -0.001590
  229 	 -0.111111 	 -0.007680 	 -0.001595
  230 	 -0.111111 	 -0.007679 	 -0.001587
  231 	 -0.111111 	 -0.007720 	 -0.001590
  232 	 -0.111111 	 -0.007686 	 -0.001600
  233 	 -0.111111 	 -0.007692 	 -0.001597
  234 	 -0.111111 	 -0.007280 	 -0.001577
  235 	 -0.111111 	 -0.007669 	 -0.001585
  236 	 -0.111111 	 -0.007671 	 -0.001590
  237 	 -0.111111 	 -0.007698 	 -0.001595
  238 	 -0.111111 	 -0.007672 	 -0.001595
  239 	 -0.111111 	 -0.007646 	 -0.001587
  240 	 -0.111111 	 -0.007672 	 -0.001592
  241 	 -0.111111 	 -0.007679 	 -0.001590
  242 	 -0.111111 	 -0.007672 	 -0.001592
  243 	 -0.111111 	 -0.007643 	 -0.001567
  244 	 -0.111111 	 -0.007671 	 -0.001587
  245 	 -0.111111 	 -0.007673 	 -0.001592
  246 	 -0.111111 	 -0.007668 	 -0.001570
  247 	 -0.111111 	 -0.007677 	 -0.001590
  248 	 -0.111111 	 -0.007672 	 -0.001592
  249 	 -0.111111 	 -0.007685 	 -0.001603
  250 	 -0.111111 	 -0.007677 	 -0.001590
  251 	 -0.111111 	 -0.007640 	 -0.001592
  252 	 -0.111111 	 -0.007671 	 -0.001587
  253 	 -0.111111 	 -0.007738 	 -0.001600
  254 	 -0.111111 	 -0.007686 	 -0.001603
  255 	 -0.111111 	 -0.007673 	 -0.001600
  256 	 -0.111111 	 -0.007688 	 -0.001603
  257 	 -0.111111 	 -0.007671 	 -0.001587
  258 	 -0.111111 	 -0.007665 	 -0.001575
  259 	 -0.111111 	 -0.007668 	 -0.001592
  260 	 -0.111111 	 -0.007671 	 -0.001587
  261 	 -0.111111 	 -0.007682 	 -0.001600
  262 	 -0.111111 	 -0.007674 	 -0.001592
  263 	 -0.111111 	 -0.007671 	 -0.001587
  264 	 -0.111111 	 -0.007680 	 -0.001590
  265 	 -0.111111 	 -0.007671 	 -0.001587
  266 	 -0.111111 	 -0.007671 	 -0.001587
  267 	 -0.111111 	 -0.007705 	 -0.001603
  268 	 -0.111111 	 -0.007704 	 -0.001597
  269 	 -0.111111 	 -0.007674 	 -0.001590
  270 	 -0.111111 	 -0.007674 	 -0.001590
  271 	 -0.111111 	 -0.007688 	 -0.001610
  272 	 -0.111111 	 -0.007661 	 -0.001585
  273 	 -0.111111 	 -0.007675 	 -0.001595
  274 	 -0.111111 	 -0.007681 	 -0.001597
  275 	 -0.111111 	 -0.007671 	 -0.001587
  276 	 -0.111111 	 -0.007676 	 -0.001600
  277 	 -0.111111 	 -0.007731 	 -0.001603
  278 	 -0.111111 	 -0.007667 	 -0.001582
  279 	 -0.111111 	 -0.007765 	 -0.001605
  280 	 -0.111111 	 -0.007655 	 -0.001580
  281 	 -0.111111 	 -0.007661 	 -0.001587
  282 	 -0.111111 	 -0.007671 	 -0.001587
  283 	 -0.111111 	 -0.007673 	 -0.001590
  284 	 -0.111111 	 -0.007697 	 -0.001592
  285 	 -0.111111 	 -0.007675 	 -0.001595
  286 	 -0.111111 	 -0.007675 	 -0.001592
  287 	 -0.111111 	 -0.007609 	 -0.001572
  288 	 -0.111111 	 -0.007673 	 -0.001592
  289 	 -0.111111 	 -0.007662 	 -0.001582
  290 	 -0.111111 	 -0.007676 	 -0.001603
  291 	 -0.111111 	 -0.007678 	 -0.001597
  292 	 -0.111111 	 -0.007720 	 -0.001600
  293 	 -0.111111 	 -0.007671 	 -0.001587
  294 	 -0.111111 	 -0.007587 	 -0.001572
  295 	 -0.111111 	 -0.007671 	 -0.001587
  296 	 -0.111111 	 -0.007671 	 -0.001587
  297 	 -0.111111 	 -0.007715 	 -0.001597
  298 	 -0.111111 	 -0.007671 	 -0.001587
  299 	 -0.111111 	 -0.007673 	 -0.001592
  300 	 -0.111111 	 -0.007671 	 -0.001587
  301 	 -0.111111 	 -0.007671 	 -0.001587
  302 	 -0.111111 	 -0.007672 	 -0.001592
  303 	 -0.111111 	 -0.007669 	 -0.001582
  304 	 -0.111111 	 -0.007755 	 -0.001603
  305 	 -0.111111 	 -0.007669 	 -0.001585
  306 	 -0.111111 	 -0.007301 	 -0.001582
  307 	 -0.111111 	 -0.007671 	 -0.001587
  308 	 -0.111111 	 -0.007672 	 -0.001592
  309 	 -0.111111 	 -0.007770 	 -0.001605
  310 	 -0.111111 	 -0.007679 	 -0.001590
  311 	 -0.111111 	 -0.007751 	 -0.001592
  312 	 -0.111111 	 -0.007725 	 -0.001600
  313 	 -0.111111 	 -0.007671 	 -0.001587
  314 	 -0.111111 	 -0.007671 	 -0.001587
  315 	 -0.111111 	 -0.007640 	 -0.001577
  316 	 -0.111111 	 -0.007671 	 -0.001587
  317 	 -0.111111 	 -0.007767 	 -0.001597
  318 	 -0.111111 	 -0.007679 	 -0.001597
  319 	 -0.111111 	 -0.007743 	 -0.001603
  320 	 -0.111111 	 -0.007737 	 -0.001621
  321 	 -0.111111 	 -0.007671 	 -0.001587
  322 	 -0.111111 	 -0.007671 	 -0.001587
  323 	 -0.111111 	 -0.007698 	 -0.001600
  324 	 -0.111111 	 -0.007711 	 -0.001595
  325 	 -0.111111 	 -0.007671 	 -0.001590
  326 	 -0.111111 	 -0.007890 	 -0.001613
  327 	 -0.111111 	 -0.007671 	 -0.001587
  328 	 -0.111111 	 -0.007677 	 -0.001592
  329 	 -0.111111 	 -0.007737 	 -0.001597
  330 	 -0.111111 	 -0.007671 	 -0.001587
  331 	 -0.111111 	 -0.007676 	 -0.001587
  332 	 -0.111111 	 -0.007712 	 -0.001618
  333 	 -0.111111 	 -0.007707 	 -0.001597
  334 	 -0.111111 	 -0.007657 	 -0.001577
  335 	 -0.111111 	 -0.007624 	 -0.001585
  336 	 -0.111111 	 -0.007678 	 -0.001592
  337 	 -0.111111 	 -0.007676 	 -0.001590
  338 	 -0.111111 	 -0.007679 	 -0.001595
  339 	 -0.125000 	 -0.007998 	 -0.001597
  340 	 -0.125000 	 -0.008539 	 -0.001751
  341 	 -0.125000 	 -0.008647 	 -0.001745
  342 	 -0.125000 	 -0.008615 	 -0.001779
  343 	 -0.125000 	 -0.008695 	 -0.001808
  344 	 -0.125000 	 -0.008630 	 -0.001786
  345 	 -0.125000 	 -0.008627 	 -0.001786
  346 	 -0.125000 	 -0.008632 	 -0.001789
  347 	 -0.125000 	 -0.008717 	 -0.001808
  348 	 -0.125000 	 -0.008654 	 -0.001789
  349 	 -0.125000 	 -0.008630 	 -0.001786
  350 	 -0.125000 	 -0.008630 	 -0.001786
  351 	 -0.125000 	 -0.008633 	 -0.001789
  352 	 -0.125000 	 -0.008634 	 -0.001789
  353 	 -0.125000 	 -0.008630 	 -0.001786
  354 	 -0.125000 	 -0.008634 	 -0.001799
  355 	 -0.125000 	 -0.008617 	 -0.001779
  356 	 -0.125000 	 -0.008630 	 -0.001786
  357 	 -0.125000 	 -0.008631 	 -0.001789
  358 	 -0.125000 	 -0.008616 	 -0.001773
  359 	 -0.125000 	 -0.008633 	 -0.001802
  360 	 -0.125000 	 -0.009410 	 -0.001931
  361 	 -0.125000 	 -0.008631 	 -0.001795
  362 	 -0.125000 	 -0.008627 	 -0.001783
  363 	 -0.125000 	 -0.008633 	 -0.001792
  364 	 -0.125000 	 -0.008637 	 -0.001792
  365 	 -0.125000 	 -0.008638 	 -0.001786
  366 	 -0.125000 	 -0.008678 	 -0.001792
  367 	 -0.125000 	 -0.008660 	 -0.001792
  368 	 -0.125000 	 -0.008646 	 -0.001799
  369 	 -0.125000 	 -0.008630 	 -0.001786
  370 	 -0.125000 	 -0.008559 	 -0.001764
  371 	 -0.125000 	 -0.008630 	 -0.001786
  372 	 -0.125000 	 -0.008652 	 -0.001805
  373 	 -0.125000 	 -0.008567 	 -0.001773
  374 	 -0.125000 	 -0.008630 	 -0.001786
  375 	 -0.125000 	 -0.008630 	 -0.001786
  376 	 -0.100000 	 -0.007898 	 -0.001770
  377 	 -0.100000 	 -0.007056 	 -0.001475
  378 	 -0.100000 	 -0.007252 	 -0.001471
  379 	 -0.100000 	 -0.006906 	 -0.001431
  380 	 -0.100000 	 -0.006904 	 -0.001429
  381 	 -0.100000 	 -0.006904 	 -0.001429
  382 	 -0.100000 	 -0.006904 	 -0.001429
  383 	 -0.100000 	 -0.006906 	 -0.001433
  384 	 -0.100000 	 -0.006917 	 -0.001433
  385 	 -0.100000 	 -0.006905 	 -0.001433
  386 	 -0.100000 	 -0.006920 	 -0.001437
  387 	 -0.100000 	 -0.006903 	 -0.001427
  388 	 -0.100000 	 -0.006904 	 -0.001429
  389 	 -0.100000 	 -0.006904 	 -0.001429
  390 	 -0.100000 	 -0.007038 	 -0.001445
  391 	 -0.100000 	 -0.006908 	 -0.001435
  392 	 -0.100000 	 -0.006904 	 -0.001429
  393 	 -0.100000 	 -0.006917 	 -0.001433
  394 	 -0.100000 	 -0.006904 	 -0.001429
  395 	 -0.100000 	 -0.006904 	 -0.001429
  396 	 -0.100000 	 -0.006907 	 -0.001435
  397 	 -0.100000 	 -0.006904 	 -0.001429
  398 	 -0.100000 	 -0.006907 	 -0.001439
  399 	 -0.100000 	 -0.006899 	 -0.001429
 