   0 	 0.012821 	 0.034423 	 0.250000
    1 	 -1.000000 	 0.005656 	 0.200000
    2 	 -1.000000 	 0.268328 	 10.000000
    3 	 -0.200000 	 -0.011816 	 -0.002049
    4 	 -0.090909 	 -0.006783 	 -0.001408
    5 	 -0.090909 	 -0.006273 	 -0.001295
    6 	 -0.090909 	 -0.006276 	 -0.001297
    7 	 -0.090909 	 -0.006283 	 -0.001300
    8 	 -0.090909 	 -0.006278 	 -0.001307
    9 	 -0.090909 	 -0.006428 	 -0.001309
   10 	 -0.090909 	 -0.006276 	 -0.001299
   11 	 -0.090909 	 -0.006275 	 -0.001297
   12 	 -0.090909 	 -0.006272 	 -0.001297
   13 	 -0.090909 	 -0.006276 	 -0.001299
   14 	 -0.090909 	 -0.006276 	 -0.001295
   15 	 -0.090909 	 -0.006275 	 -0.001297
   16 	 -0.090909 	 -0.006287 	 -0.001300
   17 	 -0.090909 	 -0.006285 	 -0.001300
   18 	 -0.090909 	 -0.006281 	 -0.001305
   19 	 -0.090909 	 -0.006252 	 -0.001292
   20 	 -0.090909 	 -0.006271 	 -0.001294
   21 	 -0.090909 	 -0.006276 	 -0.001299
   22 	 -0.090909 	 -0.006276 	 -0.001300
   23 	 -0.090909 	 -0.006281 	 -0.001307
   24 	 -0.090909 	 -0.006270 	 -0.001290
   25 	 -0.090909 	 -0.006281 	 -0.001300
   26 	 -0.090909 	 -0.006270 	 -0.001295
   27 	 -0.090909 	 -0.006318 	 -0.001304
   28 	 -0.090909 	 -0.006275 	 -0.001297
   29 	 -0.090909 	 -0.006276 	 -0.001294
   30 	 -0.090909 	 -0.006272 	 -0.001299
   31 	 -0.090909 	 -0.006276 	 -0.001299
   32 	 -0.090909 	 -0.006276 	 -0.001299
   33 	 -0.090909 	 -0.006276 	 -0.001299
   34 	 -0.090909 	 -0.006376 	 -0.001307
   35 	 -0.090909 	 -0.006294 	 -0.001302
   36 	 -0.090909 	 -0.006276 	 -0.001299
   37 	 -0.090909 	 -0.006309 	 -0.001304
   38 	 -0.090909 	 -0.006276 	 -0.001299
   39 	 -0.090909 	 -0.006276 	 -0.001299
   40 	 -0.090909 	 -0.006276 	 -0.001299
   41 	 -0.090909 	 -0.006332 	 -0.001307
   42 	 -0.090909 	 -0.006276 	 -0.001299
   43 	 -0.090909 	 -0.006287 	 -0.001307
   44 	 -0.090909 	 -0.006213 	 -0.001292
   45 	 -0.090909 	 -0.006276 	 -0.001299
   46 	 -0.090909 	 -0.006266 	 -0.001297
   47 	 -0.090909 	 -0.006276 	 -0.001299
   48 	 -0.090909 	 -0.006271 	 -0.001294
   49 	 -0.090909 	 -0.006276 	 -0.001304
   50 	 -0.111111 	 -0.006810 	 -0.001302
   51 	 -0.090909 	 -0.007008 	 -0.001511
   52 	 -0.090909 	 -0.006389 	 -0.001351
   53 	 -0.090909 	 -0.006271 	 -0.001299
   54 	 -0.090909 	 -0.006281 	 -0.001302
   55 	 -0.090909 	 -0.006276 	 -0.001299
   56 	 -0.090909 	 -0.006276 	 -0.001299
   57 	 -0.090909 	 -0.006406 	 -0.001307
   58 	 -0.090909 	 -0.006275 	 -0.001294
   59 	 -0.090909 	 -0.006270 	 -0.001302
   60 	 -0.090909 	 -0.006322 	 -0.001300
   61 	 -0.090909 	 -0.006287 	 -0.001304
   62 	 -0.090909 	 -0.006278 	 -0.001305
   63 	 -0.090909 	 -0.006308 	 -0.001305
   64 	 -0.090909 	 -0.006326 	 -0.001305
   65 	 -0.090909 	 -0.006277 	 -0.001300
   66 	 -0.090909 	 -0.006269 	 -0.001295
   67 	 -0.090909 	 -0.006292 	 -0.001312
   68 	 -0.090909 	 -0.006279 	 -0.001300
   69 	 -0.142857 	 -0.007386 	 -0.001314
   70 	 -0.142857 	 -0.008381 	 -0.001721
   71 	 -0.142857 	 -0.008869 	 -0.001821
   72 	 -0.090909 	 -0.007633 	 -0.001835
   73 	 -0.090909 	 -0.006541 	 -0.001393
   74 	 -0.090909 	 -0.006353 	 -0.001300
   75 	 -0.090909 	 -0.006320 	 -0.001316
   76 	 -0.090909 	 -0.006276 	 -0.001299
   77 	 -0.090909 	 -0.006276 	 -0.001299
   78 	 -0.090909 	 -0.006276 	 -0.001299
   79 	 -0.090909 	 -0.006228 	 -0.001295
   80 	 -0.090909 	 -0.006276 	 -0.001299
   81 	 -0.090909 	 -0.006281 	 -0.001305
   82 	 -0.090909 	 -0.006276 	 -0.001299
   83 	 -0.090909 	 -0.006278 	 -0.001305
   84 	 -0.090909 	 -0.006286 	 -0.001305
   85 	 -0.090909 	 -0.006276 	 -0.001299
   86 	 -0.090909 	 -0.006240 	 -0.001294
   87 	 -0.090909 	 -0.006288 	 -0.001307
   88 	 -0.090909 	 -0.006285 	 -0.001305
   89 	 -0.090909 	 -0.006276 	 -0.001299
   90 	 -0.090909 	 -0.006270 	 -0.001295
   91 	 -0.090909 	 -0.006286 	 -0.001305
   92 	 -0.090909 	 -0.006279 	 -0.001300
   93 	 -0.090909 	 -0.006276 	 -0.001299
   94 	 -0.090909 	 -0.006277 	 -0.001300
   95 	 -0.090909 	 -0.006276 	 -0.001299
   96 	 -0.090909 	 -0.006257 	 -0.001297
   97 	 -0.090909 	 -0.006262 	 -0.001297
   98 	 -0.090909 	 -0.006274 	 -0.001297
   99 	 -0.100000 	 -0.006577 	 -0.001344
  100 	 -0.100000 	 -0.006715 	 -0.001395
  101 	 -0.100000 	 -0.006904 	 -0.001429
  102 	 -0.100000 	 -0.006853 	 -0.001420
  103 	 -0.100000 	 -0.006904 	 -0.001429
  104 	 -0.100000 	 -0.006906 	 -0.001435
  105 	 -0.100000 	 -0.006913 	 -0.001439
  106 	 -0.100000 	 -0.006909 	 -0.001437
  107 	 -0.100000 	 -0.006876 	 -0.001425
  108 	 -0.100000 	 -0.006904 	 -0.001429
  109 	 -0.100000 	 -0.006829 	 -0.001425
  110 	 -0.100000 	 -0.006950 	 -0.001435
  111 	 -0.100000 	 -0.006898 	 -0.001425
  112 	 -0.100000 	 -0.006904 	 -0.001429
  113 	 -0.100000 	 -0.006862 	 -0.001435
  114 	 -0.100000 	 -0.007338 	 -0.001439
  115 	 -0.100000 	 -0.006916 	 -0.001433
  116 	 -0.100000 	 -0.006904 	 -0.001429
  117 	 -0.100000 	 -0.006904 	 -0.001429
  118 	 -0.100000 	 -0.006883 	 -0.001422
  119 	 -0.100000 	 -0.006913 	 -0.001431
  120 	 -0.100000 	 -0.006904 	 -0.001427
  121 	 -0.100000 	 -0.006901 	 -0.001422
  122 	 -0.100000 	 -0.006891 	 -0.001429
  123 	 -0.100000 	 -0.006908 	 -0.001431
  124 	 -0.100000 	 -0.006911 	 -0.001431
  125 	 -0.100000 	 -0.006904 	 -0.001429
  126 	 -0.100000 	 -0.006898 	 -0.001427
  127 	 -0.100000 	 -0.006904 	 -0.001429
  128 	 -0.100000 	 -0.006904 	 -0.001429
  129 	 -0.100000 	 -0.006951 	 -0.001445
  130 	 -0.100000 	 -0.006900 	 -0.001425
  131 	 -0.100000 	 -0.006910 	 -0.001437
  132 	 -0.100000 	 -0.006907 	 -0.001431
  133 	 -0.100000 	 -0.006894 	 -0.001427
  134 	 -0.100000 	 -0.006902 	 -0.001425
  135 	 -0.100000 	 -0.006912 	 -0.001431
  136 	 -0.100000 	 -0.006918 	 -0.001441
  137 	 -0.100000 	 -0.006997 	 -0.001431
  138 	 -0.100000 	 -0.006897 	 -0.001422
  139 	 -0.100000 	 -0.006905 	 -0.001431
  140 	 -0.100000 	 -0.006899 	 -0.001427
  141 	 -0.100000 	 -0.006908 	 -0.001431
  142 	 -0.100000 	 -0.006909 	 -0.001433
  143 	 -0.100000 	 -0.006889 	 -0.001425
  144 	 -0.100000 	 -0.006907 	 -0.001429
  145 	 -0.100000 	 -0.006988 	 -0.001447
  146 	 -0.100000 	 -0.006911 	 -0.001431
  147 	 -0.100000 	 -0.006945 	 -0.001441
  148 	 -0.100000 	 -0.006904 	 -0.001429
  149 	 -0.100000 	 -0.006912 	 -0.001435
  150 	 -0.100000 	 -0.006934 	 -0.001433
  151 	 -0.100000 	 -0.006927 	 -0.001439
  152 	 -0.100000 	 -0.006894 	 -0.001429
  153 	 -0.100000 	 -0.006936 	 -0.001451
  154 	 -0.100000 	 -0.006904 	 -0.001429
  155 	 -0.100000 	 -0.007069 	 -0.001443
  156 	 -0.100000 	 -0.006887 	 -0.001427
  157 	 -0.100000 	 -0.006904 	 -0.001429
  158 	 -0.100000 	 -0.006904 	 -0.001429
  159 	 -0.100000 	 -0.006904 	 -0.001429
  160 	 -0.100000 	 -0.006896 	 -0.001422
  161 	 -0.100000 	 -0.006912 	 -0.001433
  162 	 -0.100000 	 -0.006920 	 -0.001433
  163 	 -0.100000 	 -0.006919 	 -0.001433
  164 	 -0.100000 	 -0.006905 	 -0.001427
  165 	 -0.100000 	 -0.006904 	 -0.001429
  166 	 -0.100000 	 -0.006906 	 -0.001433
  167 	 -0.100000 	 -0.006900 	 -0.001425
  168 	 -0.100000 	 -0.006911 	 -0.001437
  169 	 -0.100000 	 -0.006902 	 -0.001422
  170 	 -0.100000 	 -0.006907 	 -0.001420
  171 	 -0.100000 	 -0.006715 	 -0.001351
  172 	 -0.100000 	 -0.006903 	 -0.001422
  173 	 -0.100000 	 -0.006925 	 -0.001427
  174 	 -0.100000 	 -0.006728 	 -0.001364
  175 	 -0.100000 	 -0.006904 	 -0.001429
  176 	 -0.100000 	 -0.006902 	 -0.001422
  177 	 -0.100000 	 -0.006904 	 -0.001429
  178 	 -0.100000 	 -0.006904 	 -0.001429
  179 	 -0.100000 	 -0.006924 	 -0.001437
  180 	 -0.100000 	 -0.006898 	 -0.001422
  181 	 -0.100000 	 -0.006904 	 -0.001429
  182 	 -0.100000 	 -0.006906 	 -0.001437
  183 	 -0.100000 	 -0.006904 	 -0.001429
  184 	 -0.100000 	 -0.006904 	 -0.001429
  185 	 -0.100000 	 -0.006730 	 -0.001422
  186 	 -0.100000 	 -0.006904 	 -0.001437
  187 	 -0.100000 	 -0.006927 	 -0.001431
  188 	 -0.100000 	 -0.006904 	 -0.001429
  189 	 -0.100000 	 -0.006922 	 -0.001435
  190 	 -0.142857 	 -0.007859 	 -0.001443
  191 	 -0.142857 	 -0.008967 	 -0.001828
  192 	 -0.142857 	 -0.009923 	 -0.002058
  193 	 -0.142857 	 -0.009861 	 -0.002033
  194 	 -0.142857 	 -0.009871 	 -0.002058
  195 	 -0.142857 	 -0.009865 	 -0.002053
  196 	 -0.142857 	 -0.009988 	 -0.002058
  197 	 -0.142857 	 -0.009863 	 -0.002041
  198 	 -0.142857 	 -0.009863 	 -0.002041
  199 	 -0.142857 	 -0.009860 	 -0.002033
  200 	 -0.142857 	 -0.009863 	 -0.002041
  201 	 -0.333333 	 -0.013486 	 -0.002045
  202 	 -0.333333 	 -0.017489 	 -0.003472
  203 	 -0.333333 	 -0.023049 	 -0.004785
  204 	 -0.333333 	 -0.023117 	 -0.004878
  205 	 -0.333333 	 -0.022963 	 -0.004739
  206 	 -0.333333 	 -0.023014 	 -0.004762
  207 	 -0.333333 	 -0.022124 	 -0.004808
  208 	 -0.333333 	 -0.022676 	 -0.004695
  209 	 -0.333333 	 -0.023016 	 -0.004785
  210 	 -0.333333 	 -0.023014 	 -0.004762
  211 	 -0.333333 	 -0.023014 	 -0.004762
  212 	 -0.333333 	 -0.023014 	 -0.004762
  213 	 -0.333333 	 -0.023133 	 -0.004762
  214 	 -0.333333 	 -0.022900 	 -0.004739
  215 	 -0.333333 	 -0.022994 	 -0.004739
  216 	 -0.333333 	 -0.023001 	 -0.004831
  217 	 -0.333333 	 -0.023002 	 -0.004695
  218 	 -0.333333 	 -0.023005 	 -0.004717
  219 	 -0.333333 	 -0.023014 	 -0.004762
  220 	 -0.333333 	 -0.023024 	 -0.004785
  221 	 -0.333333 	 -0.023161 	 -0.004785
  222 	 -0.333333 	 -0.023338 	 -0.004785
  223 	 -0.333333 	 -0.022506 	 -0.004566
  224 	 -0.333333 	 -0.024302 	 -0.004854
  225 	 -0.333333 	 -0.022900 	 -0.004739
  226 	 -0.333333 	 -0.023030 	 -0.004808
  227 	 -0.333333 	 -0.023081 	 -0.004831
  228 	 -0.333333 	 -0.022839 	 -0.004651
  229 	 -0.333333 	 -0.023014 	 -0.004762
  230 	 -0.333333 	 -0.023069 	 -0.004762
  231 	 -0.333333 	 -0.022107 	 -0.004739
  232 	 -0.333333 	 -0.022991 	 -0.004673
  233 	 -0.333333 	 -0.023014 	 -0.004762
  234 	 -0.333333 	 -0.022888 	 -0.004695
  235 	 -0.333333 	 -0.023014 	 -0.004762
  236 	 -0.333333 	 -0.023014 	 -0.004762
  237 	 -0.333333 	 -0.023162 	 -0.004808
  238 	 -0.333333 	 -0.023090 	 -0.004854
  239 	 -0.333333 	 -0.022882 	 -0.004651
  240 	 -0.333333 	 -0.023014 	 -0.004762
  241 	 -0.333333 	 -0.023031 	 -0.004831
  242 	 -0.333333 	 -0.022489 	 -0.004651
  243 	 -0.333333 	 -0.023014 	 -0.004762
  244 	 -0.333333 	 -0.022966 	 -0.004739
  245 	 -0.333333 	 -0.023090 	 -0.004902
  246 	 -0.333333 	 -0.023014 	 -0.004762
  247 	 -0.333333 	 -0.023052 	 -0.004831
  248 	 -0.333333 	 -0.023014 	 -0.004762
  249 	 -0.333333 	 -0.023037 	 -0.004762
  250 	 -0.333333 	 -0.022824 	 -0.004695
  251 	 -0.333333 	 -0.022811 	 -0.004717
  252 	 -0.333333 	 -0.023014 	 -0.004762
  253 	 -0.333333 	 -0.021758 	 -0.004630
  254 	 -0.333333 	 -0.023014 	 -0.004762
  255 	 -0.333333 	 -0.023064 	 -0.004854
  256 	 -0.333333 	 -0.022475 	 -0.004545
  257 	 -0.333333 	 -0.022107 	 -0.004739
  258 	 -0.333333 	 -0.023014 	 -0.004762
  259 	 -0.333333 	 -0.023106 	 -0.004785
  260 	 -0.333333 	 -0.022648 	 -0.004695
  261 	 -0.333333 	 -0.024432 	 -0.004762
  262 	 -0.333333 	 -0.024029 	 -0.004115
  263 	 -0.333333 	 -0.023018 	 -0.004831
  264 	 -0.333333 	 -0.023014 	 -0.004762
  265 	 -0.333333 	 -0.023008 	 -0.004739
  266 	 -0.333333 	 -0.022897 	 -0.004695
  267 	 -0.333333 	 -0.022992 	 -0.004831
  268 	 -0.333333 	 -0.023014 	 -0.004762
  269 	 -0.333333 	 -0.023014 	 -0.004762
  270 	 -0.333333 	 -0.022959 	 -0.004739
  271 	 -0.333333 	 -0.023102 	 -0.004854
  272 	 -0.333333 	 -0.023034 	 -0.004854
  273 	 -0.333333 	 -0.023014 	 -0.004762
  274 	 -0.333333 	 -0.023164 	 -0.004878
  275 	 -0.333333 	 -0.023014 	 -0.004762
  276 	 -0.333333 	 -0.022985 	 -0.004695
  277 	 -0.333333 	 -0.023717 	 -0.004831
  278 	 -0.333333 	 -0.022864 	 -0.004695
  279 	 -0.333333 	 -0.023014 	 -0.004762
  280 	 -0.333333 	 -0.023016 	 -0.004808
  281 	 -0.333333 	 -0.023022 	 -0.004785
  282 	 -0.333333 	 -0.022983 	 -0.004808
  283 	 -0.333333 	 -0.023014 	 -0.004762
  284 	 -0.333333 	 -0.023100 	 -0.004878
  285 	 -0.333333 	 -0.022829 	 -0.004717
  286 	 -0.333333 	 -0.023043 	 -0.004854
  287 	 -0.333333 	 -0.023014 	 -0.004762
  288 	 -0.333333 	 -0.023246 	 -0.004902
  289 	 -0.333333 	 -0.023296 	 -0.004902
  290 	 -0.333333 	 -0.023014 	 -0.004762
  291 	 -0.333333 	 -0.022881 	 -0.004739
  292 	 -0.333333 	 -0.023036 	 -0.004785
  293 	 -0.333333 	 -0.023014 	 -0.004762
  294 	 -0.333333 	 -0.023207 	 -0.004785
  295 	 -0.333333 	 -0.023005 	 -0.004739
  296 	 -0.333333 	 -0.023314 	 -0.004808
  297 	 -0.333333 	 -0.022858 	 -0.004717
  298 	 -0.333333 	 -0.022925 	 -0.004739
  299 	 -0.333333 	 -0.022966 	 -0.004739
  300 	 -0.333333 	 -0.023348 	 -0.004878
  301 	 -0.333333 	 -0.023014 	 -0.004762
  302 	 -0.333333 	 -0.022798 	 -0.004739
  303 	 -0.333333 	 -0.023014 	 -0.004762
  304 	 -0.333333 	 -0.023090 	 -0.004808
  305 	 -0.333333 	 -0.023043 	 -0.004854
  306 	 -0.333333 	 -0.022930 	 -0.004608
  307 	 -0.333333 	 -0.022914 	 -0.004717
  308 	 -0.333333 	 -0.023113 	 -0.004785
  309 	 -0.333333 	 -0.027887 	 -0.004854
  310 	 -0.333333 	 -0.023064 	 -0.004854
  311 	 -0.333333 	 -0.022993 	 -0.004717
  312 	 -0.333333 	 -0.024139 	 -0.004785
  313 	 -0.333333 	 -0.022959 	 -0.004717
  314 	 -0.333333 	 -0.022061 	 -0.004695
  315 	 -0.333333 	 -0.023042 	 -0.004878
  316 	 -0.333333 	 -0.023014 	 -0.004762
  317 	 -0.333333 	 -0.023077 	 -0.004808
  318 	 -0.250000 	 -0.020942 	 -0.004878
  319 	 -0.250000 	 -0.018280 	 -0.003690
  320 	 -0.250000 	 -0.017263 	 -0.003584
  321 	 -0.250000 	 -0.017260 	 -0.003571
  322 	 -0.250000 	 -0.017334 	 -0.003663
  323 	 -0.250000 	 -0.017805 	 -0.003636
  324 	 -0.250000 	 -0.017266 	 -0.003571
  325 	 -0.250000 	 -0.017263 	 -0.003597
  326 	 -0.250000 	 -0.017260 	 -0.003571
  327 	 -0.250000 	 -0.017283 	 -0.003597
  328 	 -0.250000 	 -0.017451 	 -0.003597
  329 	 -0.250000 	 -0.017260 	 -0.003571
  330 	 -0.250000 	 -0.017356 	 -0.003636
  331 	 -0.250000 	 -0.016284 	 -0.003546
  332 	 -0.250000 	 -0.017279 	 -0.003623
  333 	 -0.250000 	 -0.017352 	 -0.003623
  334 	 -0.250000 	 -0.017260 	 -0.003571
  335 	 -0.250000 	 -0.017260 	 -0.003559
  336 	 -0.250000 	 -0.017237 	 -0.003546
  337 	 -0.250000 	 -0.016607 	 -0.003521
  338 	 -0.250000 	 -0.017260 	 -0.003571
  339 	 -0.250000 	 -0.017221 	 -0.003571
  340 	 -0.250000 	 -0.017249 	 -0.003534
  341 	 -0.250000 	 -0.017238 	 -0.003610
  342 	 -0.250000 	 -0.017577 	 -0.003650
  343 	 -0.250000 	 -0.017260 	 -0.003571
  344 	 -0.250000 	 -0.017107 	 -0.003546
  345 	 -0.250000 	 -0.017275 	 -0.003650
  346 	 -0.250000 	 -0.017260 	 -0.003571
  347 	 -0.250000 	 -0.017341 	 -0.003546
  348 	 -0.250000 	 -0.017432 	 -0.003623
  349 	 -0.250000 	 -0.017623 	 -0.003663
  350 	 -0.250000 	 -0.017262 	 -0.003571
  351 	 -0.250000 	 -0.017260 	 -0.003571
  352 	 -0.250000 	 -0.017311 	 -0.003623
  353 	 -0.250000 	 -0.017260 	 -0.003571
  354 	 -0.250000 	 -0.018995 	 -0.003623
  355 	 -0.250000 	 -0.017139 	 -0.003534
  356 	 -0.250000 	 -0.017270 	 -0.003584
  357 	 -0.250000 	 -0.018995 	 -0.003623
  358 	 -0.250000 	 -0.017276 	 -0.003704
  359 	 -0.250000 	 -0.017262 	 -0.003584
  360 	 -0.250000 	 -0.017264 	 -0.003610
  361 	 -0.250000 	 -0.017205 	 -0.003546
  362 	 -0.250000 	 -0.017254 	 -0.003509
  363 	 -0.250000 	 -0.017260 	 -0.003571
  364 	 -0.250000 	 -0.017231 	 -0.003546
  365 	 -0.250000 	 -0.017260 	 -0.003571
  366 	 -0.250000 	 -0.017260 	 -0.003571
  367 	 -0.200000 	 -0.017486 	 -0.003571
  368 	 -0.200000 	 -0.014295 	 -0.003067
  369 	 -0.200000 	 -0.014473 	 -0.002950
  370 	 -0.200000 	 -0.014048 	 -0.002915
  371 	 -0.200000 	 -0.013840 	 -0.002882
  372 	 -0.200000 	 -0.013808 	 -0.002857
  373 	 -0.200000 	 -0.013741 	 -0.002841
  374 	 -0.200000 	 -0.013850 	 -0.002865
  375 	 -0.200000 	 -0.013851 	 -0.002890
  376 	 -0.200000 	 -0.013808 	 -0.002857
  377 	 -0.200000 	 -0.013810 	 -0.002890
  378 	 -0.200000 	 -0.013924 	 -0.002907
  379 	 -0.200000 	 -0.013808 	 -0.002857
  380 	 -0.200000 	 -0.013804 	 -0.002849
  381 	 -0.200000 	 -0.013781 	 -0.002841
  382 	 -0.200000 	 -0.013824 	 -0.002857
  383 	 -0.200000 	 -0.013808 	 -0.002857
  384 	 -0.200000 	 -0.013795 	 -0.002841
  385 	 -0.200000 	 -0.014187 	 -0.002994
  386 	 -0.200000 	 -0.013451 	 -0.002849
  387 	 -0.200000 	 -0.013799 	 -0.002857
  388 	 -0.200000 	 -0.013768 	 -0.002841
  389 	 -0.250000 	 -0.015943 	 -0.003003
  390 	 -0.200000 	 -0.015624 	 -0.003448
  391 	 -0.200000 	 -0.013817 	 -0.002865
  392 	 -0.200000 	 -0.013915 	 -0.002874
  393 	 -0.200000 	 -0.013808 	 -0.002857
  394 	 -0.200000 	 -0.013855 	 -0.002899
  395 	 -0.200000 	 -0.013786 	 -0.002865
  396 	 -0.200000 	 -0.013819 	 -0.002882
  397 	 -0.200000 	 -0.013807 	 -0.002849
  398 	 -0.200000 	 -0.013805 	 -0.002825
  399 	 -0.200000 	 -0.013994 	 -0.002874
 