   0 	 -0.200000 	 -0.049149 	 -0.016949
    1 	 -0.200000 	 -0.014510 	 -0.003226
    2 	 -0.200000 	 -0.014103 	 -0.003077
    3 	 -0.200000 	 -0.013785 	 -0.002841
    4 	 -0.200000 	 -0.014317 	 -0.002882
    5 	 -0.200000 	 -0.013772 	 -0.002857
    6 	 -0.200000 	 -0.013808 	 -0.002857
    7 	 -0.200000 	 -0.013802 	 -0.002874
    8 	 -0.200000 	 0.129089 	 10.000000
    9 	 10.000000 	 10.000000 	 10.000000
   10 	 -1.000000 	 4.200000 	 10.000000
   11 	 -0.250000 	 3.410714 	 10.000000
   12 	 -1.000000 	 0.975238 	 10.000000
   13 	 0.250000 	 3.592857 	 10.000000
   14 	 0.250000 	 5.264286 	 10.000000
   15 	 0.500000 	 8.778571 	 10.000000
   16 	 10.000000 	 10.000000 	 10.000000
   17 	 -1.000000 	 0.885714 	 10.000000
   18 	 -1.000000 	 8.742857 	 10.000000
   19 	 -1.000000 	 -0.130952 	 10.000000
   20 	 10.000000 	 10.000000 	 10.000000
   21 	 -1.000000 	 -0.371429 	 10.000000
   22 	 10.000000 	 10.000000 	 10.000000
   23 	 0.250000 	 5.960714 	 10.000000
   24 	 -0.333333 	 2.952381 	 10.000000
   25 	 10.000000 	 10.000000 	 10.000000
   26 	 0.200000 	 4.914286 	 10.000000
   27 	 0.250000 	 3.657143 	 10.000000
   28 	 -0.250000 	 3.733571 	 10.000000
   29 	 0.200000 	 3.291429 	 10.000000
   30 	 0.250000 	 9.582143 	 10.000000
   31 	 10.000000 	 10.000000 	 10.000000
   32 	 -1.000000 	 0.042857 	 10.000000
   33 	 -1.000000 	 7.171429 	 10.000000
   34 	 -1.000000 	 0.021429 	 10.000000
   35 	 -0.250000 	 -0.103571 	 10.000000
   36 	 -1.000000 	 5.442857 	 10.000000
   37 	 0.250000 	 8.746429 	 10.000000
   38 	 -0.250000 	 3.117857 	 10.000000
   39 	 10.000000 	 10.000000 	 10.000000
   40 	 -0.250000 	 0.335714 	 10.000000
   41 	 -0.500000 	 6.850000 	 10.000000
   42 	 10.000000 	 10.000000 	 10.000000
   43 	 -0.500000 	 5.350000 	 10.000000
   44 	 10.000000 	 10.000000 	 10.000000
   45 	 -1.000000 	 4.342857 	 10.000000
   46 	 -0.250000 	 -0.103571 	 10.000000
   47 	 10.000000 	 10.000000 	 10.000000
   48 	 0.250000 	 9.164286 	 10.000000
   49 	 -0.500000 	 0.550000 	 10.000000
   50 	 -0.500000 	 0.802381 	 10.000000
   51 	 10.000000 	 10.000000 	 10.000000
   52 	 0.500000 	 6.064286 	 10.000000
   53 	 0.250000 	 8.482143 	 10.000000
   54 	 -1.000000 	 -0.373571 	 -0.200000
   55 	 -0.250000 	 -0.017380 	 -0.003597
   56 	 -0.250000 	 -0.017297 	 -0.003534
   57 	 -0.200000 	 -0.016024 	 -0.003559
   58 	 -0.200000 	 -0.014343 	 -0.002976
   59 	 -0.200000 	 -0.013808 	 -0.002857
   60 	 -0.200000 	 -0.013808 	 -0.002857
   61 	 -0.200000 	 -0.013783 	 -0.002857
   62 	 -0.200000 	 -0.013837 	 -0.002874
   63 	 -0.200000 	 -0.013808 	 -0.002857
   64 	 -0.200000 	 -0.014641 	 -0.002874
   65 	 -0.200000 	 -0.013613 	 -0.002825
   66 	 -0.200000 	 -0.013808 	 -0.002857
   67 	 -0.200000 	 -0.014007 	 -0.002933
   68 	 -0.200000 	 -0.013808 	 -0.002857
   69 	 -0.200000 	 -0.013808 	 -0.002857
   70 	 -0.200000 	 -0.013809 	 -0.002874
   71 	 -0.200000 	 -0.013821 	 -0.002874
   72 	 -0.200000 	 -0.015196 	 -0.002899
   73 	 -0.200000 	 -0.014106 	 -0.002874
   74 	 -0.200000 	 -0.013815 	 -0.002890
   75 	 -0.200000 	 -0.013628 	 -0.002809
   76 	 -0.200000 	 -0.013330 	 -0.002710
   77 	 -0.200000 	 -0.013851 	 -0.002890
   78 	 -0.200000 	 -0.014097 	 -0.002890
   79 	 -0.200000 	 -0.013562 	 -0.002841
   80 	 -0.200000 	 -0.013808 	 -0.002857
   81 	 -0.111111 	 -0.011377 	 -0.002825
   82 	 -0.111111 	 -0.007836 	 -0.001669
   83 	 -0.111111 	 -0.007679 	 -0.001608
   84 	 -0.111111 	 -0.007671 	 -0.001587
   85 	 -0.111111 	 -0.007812 	 -0.001592
   86 	 -0.111111 	 -0.007679 	 -0.001597
   87 	 -0.111111 	 -0.007671 	 -0.001587
   88 	 -0.111111 	 -0.007671 	 -0.001587
   89 	 -0.111111 	 -0.007635 	 -0.001582
   90 	 -0.111111 	 -0.007663 	 -0.001592
   91 	 -0.111111 	 -0.007671 	 -0.001587
   92 	 -0.111111 	 -0.007668 	 -0.001575
   93 	 -0.111111 	 -0.007695 	 -0.001592
   94 	 -0.111111 	 -0.007670 	 -0.001585
   95 	 -0.111111 	 -0.007746 	 -0.001592
   96 	 -0.111111 	 -0.007812 	 -0.001590
   97 	 -0.111111 	 -0.007657 	 -0.001585
   98 	 -0.111111 	 -0.007671 	 -0.001587
   99 	 -0.111111 	 -0.007675 	 -0.001590
  100 	 -0.111111 	 -0.007674 	 -0.001595
  101 	 -0.111111 	 -0.007655 	 -0.001582
  102 	 -0.111111 	 -0.007671 	 -0.001587
  103 	 -0.111111 	 -0.007675 	 -0.001592
  104 	 -0.111111 	 -0.007668 	 -0.001582
  105 	 -0.111111 	 -0.007671 	 -0.001587
  106 	 -0.111111 	 -0.007671 	 -0.001587
  107 	 -0.111111 	 -0.007726 	 -0.001600
  108 	 -0.111111 	 -0.007671 	 -0.001587
  109 	 -0.111111 	 -0.007680 	 -0.001590
  110 	 -0.111111 	 -0.007730 	 -0.001610
  111 	 -0.111111 	 -0.007671 	 -0.001587
  112 	 -0.111111 	 -0.007746 	 -0.001597
  113 	 -0.111111 	 -0.007674 	 -0.001597
  114 	 -0.111111 	 -0.007671 	 -0.001587
  115 	 -0.111111 	 -0.007671 	 -0.001587
  116 	 -0.111111 	 -0.007672 	 -0.001590
  117 	 -0.111111 	 -0.007677 	 -0.001592
  118 	 -0.111111 	 -0.007671 	 -0.001587
  119 	 -0.111111 	 -0.007671 	 -0.001587
  120 	 -0.111111 	 -0.007672 	 -0.001600
  121 	 -0.111111 	 -0.007661 	 -0.001567
  122 	 -0.111111 	 -0.007669 	 -0.001582
  123 	 -0.111111 	 -0.007714 	 -0.001592
  124 	 -0.111111 	 -0.007714 	 -0.001600
  125 	 -0.111111 	 -0.007671 	 -0.001590
  126 	 -0.111111 	 -0.007671 	 -0.001587
  127 	 -0.111111 	 -0.008226 	 -0.001616
  128 	 -0.111111 	 -0.007672 	 -0.001585
  129 	 -0.111111 	 -0.007671 	 -0.001587
  130 	 -0.111111 	 -0.007671 	 -0.001587
  131 	 -0.111111 	 -0.007653 	 -0.001585
  132 	 -0.111111 	 -0.007671 	 -0.001587
  133 	 -0.111111 	 -0.007671 	 -0.001587
  134 	 -0.111111 	 -0.007559 	 -0.001592
  135 	 -0.111111 	 -0.007671 	 -0.001587
  136 	 -0.111111 	 -0.007673 	 -0.001597
  137 	 -0.111111 	 -0.007660 	 -0.001575
  138 	 -0.111111 	 -0.007671 	 -0.001587
  139 	 -0.111111 	 -0.007671 	 -0.001587
  140 	 -0.111111 	 -0.007650 	 -0.001582
  141 	 -0.111111 	 -0.007671 	 -0.001587
  142 	 -0.111111 	 -0.007671 	 -0.001587
  143 	 -0.111111 	 -0.007671 	 -0.001587
  144 	 -0.111111 	 -0.007671 	 -0.001587
  145 	 -0.111111 	 -0.007671 	 -0.001587
  146 	 -0.111111 	 -0.007676 	 -0.001590
  147 	 -0.111111 	 -0.007670 	 -0.001582
  148 	 -0.111111 	 -0.007670 	 -0.001585
  149 	 -0.111111 	 -0.007670 	 -0.001582
  150 	 -0.111111 	 -0.007671 	 -0.001587
  151 	 -0.111111 	 -0.007875 	 -0.001597
  152 	 -0.111111 	 -0.007668 	 -0.001582
  153 	 -0.111111 	 -0.007671 	 -0.001587
  154 	 -0.111111 	 -0.007650 	 -0.001585
  155 	 -0.111111 	 -0.007676 	 -0.001600
  156 	 -0.111111 	 -0.007652 	 -0.001582
  157 	 -0.111111 	 -0.007672 	 -0.001592
  158 	 -0.111111 	 -0.007673 	 -0.001590
  159 	 -0.111111 	 -0.007674 	 -0.001587
  160 	 -0.111111 	 -0.007748 	 -0.001595
  161 	 -0.111111 	 -0.007671 	 -0.001587
  162 	 -0.111111 	 -0.007678 	 -0.001590
  163 	 -0.111111 	 -0.007657 	 -0.001575
  164 	 -0.111111 	 -0.007671 	 -0.001587
  165 	 -0.111111 	 -0.007672 	 -0.001592
  166 	 -0.111111 	 -0.007671 	 -0.001587
  167 	 -0.111111 	 -0.007671 	 -0.001587
  168 	 -0.111111 	 -0.007671 	 -0.001592
  169 	 -0.111111 	 -0.007671 	 -0.001587
  170 	 -0.200000 	 -0.009495 	 -0.001595
  171 	 -0.111111 	 -0.009287 	 -0.002155
  172 	 -0.200000 	 -0.009773 	 -0.001742
  173 	 -0.200000 	 -0.010743 	 -0.002217
  174 	 -0.200000 	 -0.013838 	 -0.002907
  175 	 -0.200000 	 -0.013506 	 -0.002762
  176 	 -0.200000 	 -0.013808 	 -0.002857
  177 	 -0.200000 	 -0.013808 	 -0.002857
  178 	 -0.200000 	 -0.013818 	 -0.002890
  179 	 -0.200000 	 -0.013810 	 -0.002857
  180 	 -0.200000 	 -0.013738 	 -0.002817
  181 	 -0.200000 	 -0.013813 	 -0.002857
  182 	 -0.200000 	 -0.013808 	 -0.002857
  183 	 -0.200000 	 -0.013810 	 -0.002890
  184 	 -0.200000 	 -0.013832 	 -0.002890
  185 	 -0.200000 	 -0.013808 	 -0.002857
  186 	 -0.200000 	 -0.013795 	 -0.002817
  187 	 -0.200000 	 -0.013829 	 -0.002890
  188 	 -1.000000 	 -0.027207 	 -0.002915
  189 	 -0.200000 	 -0.016505 	 -0.004255
  190 	 -0.200000 	 -0.013808 	 -0.002857
  191 	 -0.200000 	 -0.014652 	 -0.002933
  192 	 -0.200000 	 -0.013808 	 -0.002857
  193 	 -0.200000 	 -0.013815 	 -0.002907
  194 	 -0.200000 	 -0.013808 	 -0.002857
  195 	 -0.200000 	 -0.013808 	 -0.002857
  196 	 -0.200000 	 -0.013808 	 -0.002857
  197 	 -0.200000 	 -0.013808 	 -0.002857
  198 	 -0.200000 	 -0.013952 	 -0.002882
  199 	 -0.200000 	 -0.013808 	 -0.002857
  200 	 -0.200000 	 -0.013816 	 -0.002890
  201 	 -0.200000 	 -0.014073 	 -0.002899
  202 	 -0.200000 	 -0.013819 	 -0.002865
  203 	 -0.200000 	 -0.013818 	 -0.002882
  204 	 -0.200000 	 -0.013808 	 -0.002857
  205 	 -0.200000 	 -0.013808 	 -0.002857
  206 	 -0.200000 	 -0.013812 	 -0.002890
  207 	 -0.500000 	 -0.019547 	 -0.003135
  208 	 -0.200000 	 -0.017402 	 -0.004405
  209 	 -0.200000 	 -0.013818 	 -0.002882
  210 	 -1.000000 	 -0.027238 	 -0.002890
  211 	 -1.000000 	 -0.035774 	 -0.004167
  212 	 -1.000000 	 -0.037367 	 -0.006536
  213 	 -1.000000 	 -0.044271 	 -0.004329
  214 	 -1.000000 	 -0.072734 	 -0.014925
  215 	 -1.000000 	 -0.069041 	 -0.014286
  216 	 -1.000000 	 -0.069041 	 -0.014286
  217 	 -1.000000 	 -0.069041 	 -0.014286
  218 	 -1.000000 	 -0.069041 	 -0.014286
  219 	 -1.000000 	 -0.069041 	 -0.014286
  220 	 -1.000000 	 -0.067288 	 -0.012821
  221 	 -1.000000 	 -0.070022 	 -0.015152
  222 	 -1.000000 	 -0.069041 	 -0.014286
  223 	 -1.000000 	 -0.074796 	 -0.015873
  224 	 -1.000000 	 -0.067486 	 -0.014706
  225 	 -1.000000 	 -0.070402 	 -0.014706
  226 	 -1.000000 	 -0.069041 	 -0.014286
  227 	 -1.000000 	 -0.069203 	 -0.014493
  228 	 -1.000000 	 0.074438 	 10.000000
  229 	 -1.000000 	 -0.068845 	 -0.014085
  230 	 -1.000000 	 -0.069041 	 -0.014286
  231 	 -1.000000 	 -0.072019 	 -0.014925
  232 	 -1.000000 	 -0.069041 	 -0.014286
  233 	 -1.000000 	 -0.066934 	 -0.012987
  234 	 -1.000000 	 -0.070871 	 -0.015152
  235 	 -1.000000 	 -0.070774 	 -0.014493
  236 	 -1.000000 	 -0.069075 	 -0.014493
  237 	 -1.000000 	 -0.069111 	 -0.014493
  238 	 -1.000000 	 -0.069257 	 -0.014706
  239 	 -1.000000 	 -0.069041 	 -0.014286
  240 	 -1.000000 	 -0.072171 	 -0.015152
  241 	 -1.000000 	 -0.069041 	 -0.014286
  242 	 -1.000000 	 -0.067130 	 -0.014493
  243 	 -1.000000 	 -0.069106 	 -0.015152
  244 	 -1.000000 	 -0.069041 	 -0.014286
  245 	 -1.000000 	 -0.060796 	 -0.013333
  246 	 -1.000000 	 -0.069041 	 -0.014286
  247 	 -1.000000 	 -0.069041 	 -0.014286
  248 	 -1.000000 	 -0.069207 	 -0.014706
  249 	 -1.000000 	 -0.069041 	 -0.014286
  250 	 -1.000000 	 -0.069996 	 -0.014493
  251 	 -1.000000 	 -0.069566 	 -0.014706
  252 	 -1.000000 	 -0.069345 	 -0.015152
  253 	 -1.000000 	 -0.069041 	 -0.014286
  254 	 -1.000000 	 -0.068960 	 -0.013889
  255 	 -1.000000 	 -0.069041 	 -0.014286
  256 	 -1.000000 	 -0.067849 	 -0.013889
  257 	 -1.000000 	 -0.069041 	 -0.014286
  258 	 -1.000000 	 -0.070424 	 -0.014493
  259 	 -1.000000 	 -0.069041 	 -0.014286
  260 	 -1.000000 	 -0.068146 	 -0.013158
  261 	 -1.000000 	 -0.069432 	 -0.014493
  262 	 -1.000000 	 -0.069041 	 -0.014286
  263 	 -1.000000 	 0.081389 	 10.000000
  264 	 -1.000000 	 -0.067467 	 -0.013889
  265 	 -1.000000 	 -0.069041 	 -0.014286
  266 	 -1.000000 	 -0.068893 	 -0.014085
  267 	 -1.000000 	 -0.069041 	 -0.014286
  268 	 -1.000000 	 -0.069041 	 -0.014286
  269 	 -1.000000 	 -0.069041 	 -0.014286
  270 	 -1.000000 	 -0.069075 	 -0.014493
  271 	 -1.000000 	 -0.059625 	 -0.013333
  272 	 -1.000000 	 -0.054241 	 -0.007874
  273 	 -1.000000 	 -0.063908 	 -0.013889
  274 	 -1.000000 	 -0.069032 	 -0.014085
  275 	 -1.000000 	 -0.069041 	 -0.014286
  276 	 -1.000000 	 -0.069041 	 -0.014286
  277 	 -1.000000 	 -0.069041 	 -0.014286
  278 	 -1.000000 	 -0.069935 	 -0.014493
  279 	 -1.000000 	 -0.069041 	 -0.014286
  280 	 -1.000000 	 -0.069160 	 -0.014706
  281 	 -1.000000 	 -0.068968 	 -0.013333
  282 	 -1.000000 	 -0.069041 	 -0.014286
  283 	 -1.000000 	 -0.069041 	 -0.014286
  284 	 -1.000000 	 -0.069041 	 -0.014286
  285 	 -1.000000 	 -0.072007 	 -0.014925
  286 	 -1.000000 	 -0.067783 	 -0.013333
  287 	 -1.000000 	 -0.069759 	 -0.014925
  288 	 -1.000000 	 -0.069372 	 -0.014925
  289 	 -1.000000 	 -0.069177 	 -0.014493
  290 	 -1.000000 	 -0.068319 	 -0.013889
  291 	 -1.000000 	 -0.069134 	 -0.014925
  292 	 -1.000000 	 -0.079168 	 -0.014493
  293 	 -1.000000 	 -0.083122 	 -0.014493
  294 	 -1.000000 	 -0.069181 	 -0.015152
  295 	 -1.000000 	 0.280387 	 10.000000
  296 	 0.007246 	 0.034611 	 0.500000
  297 	 0.007407 	 0.034564 	 0.500000
  298 	 0.007143 	 0.034520 	 0.500000
  299 	 0.007407 	 0.034755 	 0.500000
  300 	 0.007194 	 0.034596 	 0.500000
  301 	 0.007143 	 0.034520 	 0.500000
  302 	 0.007692 	 0.034725 	 0.500000
  303 	 0.007353 	 0.035012 	 0.500000
  304 	 0.008000 	 0.035110 	 0.500000
  305 	 0.007576 	 0.037553 	 0.500000
  306 	 0.008403 	 0.035878 	 0.500000
  307 	 0.007692 	 0.035911 	 0.500000
  308 	 0.007812 	 0.184844 	 10.000000
  309 	 -0.500000 	 -0.044133 	 -0.012658
  310 	 -0.500000 	 -0.035044 	 -0.007634
  311 	 -0.500000 	 -0.034520 	 -0.007143
  312 	 -0.500000 	 -0.034383 	 -0.006993
  313 	 -0.500000 	 -0.034344 	 -0.007092
  314 	 -0.500000 	 -0.034520 	 -0.007143
  315 	 -0.500000 	 -0.034519 	 -0.007092
  316 	 -0.500000 	 -0.034574 	 -0.007143
  317 	 -0.500000 	 -0.034520 	 -0.007143
  318 	 -0.500000 	 -0.034500 	 -0.007092
  319 	 -0.500000 	 -0.034490 	 -0.006993
  320 	 -0.500000 	 -0.034148 	 -0.007042
  321 	 -0.500000 	 -0.034520 	 -0.007143
  322 	 -0.500000 	 -0.034535 	 -0.007143
  323 	 -0.500000 	 -0.034617 	 -0.007194
  324 	 -0.500000 	 -0.033907 	 -0.006993
  325 	 -0.500000 	 -0.034480 	 -0.006897
  326 	 -0.500000 	 -0.034797 	 -0.007463
  327 	 -0.500000 	 -0.037155 	 -0.007194
  328 	 -0.500000 	 -0.034421 	 -0.007042
  329 	 -0.500000 	 -0.034443 	 -0.007042
  330 	 -0.500000 	 -0.034384 	 -0.006667
  331 	 -0.142857 	 -0.018148 	 -0.004878
  332 	 -0.142857 	 -0.010788 	 -0.002331
  333 	 -0.142857 	 -0.009953 	 -0.002062
  334 	 -0.142857 	 -0.009867 	 -0.002062
  335 	 -0.142857 	 -0.009863 	 -0.002041
  336 	 -0.142857 	 -0.009866 	 -0.002045
  337 	 -0.142857 	 -0.009839 	 -0.002045
  338 	 -0.142857 	 -0.009840 	 -0.002016
  339 	 -0.142857 	 -0.009863 	 -0.002041
  340 	 -0.142857 	 -0.010205 	 -0.002049
  341 	 -0.142857 	 -0.009906 	 -0.002075
  342 	 -0.142857 	 -0.009863 	 -0.002041
  343 	 -0.142857 	 -0.009884 	 -0.002058
  344 	 -0.142857 	 -0.009904 	 -0.002062
  345 	 -0.142857 	 -0.009864 	 -0.002045
  346 	 -0.142857 	 -0.009863 	 -0.002041
  347 	 -0.142857 	 -0.009843 	 -0.002049
  348 	 -0.142857 	 -0.009885 	 -0.002053
  349 	 -0.125000 	 -0.009432 	 -0.002037
  350 	 -0.125000 	 -0.008871 	 -0.001832
  351 	 -0.125000 	 -0.008630 	 -0.001786
  352 	 -0.125000 	 -0.008664 	 -0.001812
  353 	 -0.125000 	 -0.008906 	 -0.001812
  354 	 -0.125000 	 -0.008630 	 -0.001786
  355 	 -0.125000 	 -0.008641 	 -0.001802
  356 	 -0.125000 	 -0.008635 	 -0.001789
  357 	 -0.125000 	 -0.008630 	 -0.001786
  358 	 -0.125000 	 -0.008629 	 -0.001783
  359 	 -0.125000 	 -0.008634 	 -0.001789
  360 	 -0.125000 	 -0.008630 	 -0.001786
  361 	 -0.125000 	 -0.008630 	 -0.001786
  362 	 -0.125000 	 -0.008642 	 -0.001792
  363 	 -0.125000 	 -0.008662 	 -0.001789
  364 	 -0.125000 	 -0.008630 	 -0.001786
  365 	 -0.125000 	 -0.008631 	 -0.001795
  366 	 -0.125000 	 -0.008630 	 -0.001783
  367 	 -0.125000 	 -0.008628 	 -0.001795
  368 	 -0.125000 	 -0.008890 	 -0.001845
  369 	 -0.125000 	 -0.008638 	 -0.001792
  370 	 -0.125000 	 -0.008635 	 -0.001802
  371 	 -0.125000 	 -0.008631 	 -0.001789
  372 	 -0.125000 	 -0.008634 	 -0.001789
  373 	 -0.125000 	 -0.008632 	 -0.001789
  374 	 -0.125000 	 -0.008659 	 -0.001783
  375 	 -0.125000 	 -0.008610 	 -0.001770
  376 	 -0.125000 	 -0.008669 	 -0.001792
  377 	 -0.125000 	 -0.008688 	 -0.001805
  378 	 -0.125000 	 -0.008630 	 -0.001786
  379 	 -0.125000 	 -0.008630 	 -0.001786
  380 	 -0.125000 	 -0.008646 	 -0.001799
  381 	 -0.125000 	 -0.008599 	 -0.001783
  382 	 -0.125000 	 -0.008623 	 -0.001783
  383 	 -0.333333 	 -0.012508 	 -0.001808
  384 	 -0.333333 	 -0.018545 	 -0.003012
  385 	 -0.333333 	 -0.022925 	 -0.004673
  386 	 -0.333333 	 -0.023016 	 -0.004785
  387 	 -0.333333 	 -0.022948 	 -0.004717
  388 	 -0.333333 	 -0.024589 	 -0.004878
  389 	 -0.333333 	 -0.023175 	 -0.004785
  390 	 -0.333333 	 -0.023014 	 -0.004762
  391 	 -0.333333 	 -0.022592 	 -0.004673
  392 	 -0.333333 	 -0.022765 	 -0.004717
  393 	 -0.333333 	 -0.023059 	 -0.004785
  394 	 -0.333333 	 -0.023147 	 -0.004878
  395 	 -0.333333 	 -0.022919 	 -0.004630
  396 	 -0.333333 	 -0.023011 	 -0.004739
  397 	 -0.333333 	 -0.023036 	 -0.004808
  398 	 -0.333333 	 -0.023067 	 -0.004878
  399 	 -0.333333 	 -0.023014 	 -0.004762
 