   0 	 -0.333333 	 0.126736 	 10.000000
    1 	 -1.000000 	 -0.069194 	 -0.013889
    2 	 -1.000000 	 -0.063234 	 -0.010989
    3 	 -1.000000 	 -0.058273 	 -0.013514
    4 	 -1.000000 	 -0.069405 	 -0.014286
    5 	 -1.000000 	 -0.069041 	 -0.014286
    6 	 -1.000000 	 -0.076913 	 -0.014925
    7 	 -1.000000 	 -0.069664 	 -0.014286
    8 	 -1.000000 	 -0.061853 	 -0.013333
    9 	 -1.000000 	 -0.066965 	 -0.013158
   10 	 -1.000000 	 -0.068458 	 -0.012195
   11 	 -1.000000 	 -0.079820 	 -0.016129
   12 	 -1.000000 	 -0.069864 	 -0.015152
   13 	 -1.000000 	 -0.071685 	 -0.015152
   14 	 -1.000000 	 -0.069567 	 -0.014925
   15 	 -1.000000 	 -0.071248 	 -0.014706
   16 	 -1.000000 	 -0.079610 	 -0.014925
   17 	 -1.000000 	 -0.069041 	 -0.014286
   18 	 -1.000000 	 -0.068156 	 -0.013889
   19 	 -1.000000 	 -0.068950 	 -0.014085
   20 	 -1.000000 	 -0.075698 	 -0.014925
   21 	 -1.000000 	 0.074438 	 10.000000
   22 	 -1.000000 	 -0.072838 	 -0.016129
   23 	 -1.000000 	 -0.058291 	 -0.011765
   24 	 -1.000000 	 -0.067188 	 -0.013514
   25 	 -1.000000 	 -0.070561 	 -0.015152
   26 	 -1.000000 	 -0.069041 	 -0.014286
   27 	 -1.000000 	 -0.066067 	 -0.013889
   28 	 -1.000000 	 -0.069200 	 -0.015152
   29 	 -1.000000 	 -0.069490 	 -0.013889
   30 	 -1.000000 	 -0.063645 	 -0.013158
   31 	 -1.000000 	 -0.069041 	 -0.014286
   32 	 -1.000000 	 -0.070543 	 -0.015152
   33 	 -1.000000 	 -0.069041 	 -0.014286
   34 	 -1.000000 	 -0.069041 	 -0.014286
   35 	 -1.000000 	 -0.069817 	 -0.014085
   36 	 -1.000000 	 -0.060461 	 -0.013333
   37 	 -1.000000 	 -0.069203 	 -0.014493
   38 	 -1.000000 	 -0.069366 	 -0.014493
   39 	 -1.000000 	 -0.069041 	 -0.014286
   40 	 -1.000000 	 -0.069302 	 -0.014706
   41 	 -1.000000 	 -0.072596 	 -0.015385
   42 	 -1.000000 	 -0.069188 	 -0.014706
   43 	 -1.000000 	 -0.069041 	 -0.014286
   44 	 -1.000000 	 0.069466 	 10.000000
   45 	 10.000000 	 10.000000 	 10.000000
   46 	 -1.000000 	 3.871429 	 10.000000
   47 	 -1.000000 	 7.014286 	 10.000000
   48 	 -0.500000 	 1.335714 	 10.000000
   49 	 0.200000 	 4.749286 	 10.000000
   50 	 -1.000000 	 -0.809524 	 0.333333
   51 	 -1.000000 	 -0.069233 	 -0.014493
   52 	 -1.000000 	 -0.068889 	 -0.013699
   53 	 -1.000000 	 -0.068952 	 -0.013889
   54 	 -1.000000 	 -0.069041 	 -0.014286
   55 	 -1.000000 	 -0.069041 	 -0.014286
   56 	 -1.000000 	 -0.068929 	 -0.014493
   57 	 -1.000000 	 -0.069041 	 -0.014286
   58 	 -1.000000 	 -0.069993 	 -0.014706
   59 	 -1.000000 	 -0.069041 	 -0.014286
   60 	 -1.000000 	 -0.069876 	 -0.014286
   61 	 -1.000000 	 -0.068836 	 -0.013889
   62 	 -1.000000 	 -0.068933 	 -0.013699
   63 	 -1.000000 	 -0.068317 	 -0.013333
   64 	 -1.000000 	 0.074055 	 10.000000
   65 	 -0.250000 	 0.939286 	 10.000000
   66 	 10.000000 	 10.000000 	 10.000000
   67 	 10.000000 	 10.000000 	 10.000000
   68 	 10.000000 	 10.000000 	 10.000000
   69 	 0.333333 	 1.609524 	 10.000000
   70 	 -0.500000 	 4.809524 	 10.000000
   71 	 0.333333 	 2.890476 	 10.000000
   72 	 0.250000 	 7.910714 	 10.000000
   73 	 -1.000000 	 1.985714 	 10.000000
   74 	 0.500000 	 1.742857 	 10.000000
   75 	 -1.000000 	 5.135714 	 10.000000
   76 	 0.500000 	 6.878571 	 10.000000
   77 	 -1.000000 	 2.828571 	 10.000000
   78 	 0.500000 	 2.728571 	 10.000000
   79 	 -1.000000 	 6.700000 	 10.000000
   80 	 0.200000 	 2.860000 	 10.000000
   81 	 1.000000 	 6.014286 	 10.000000
   82 	 10.000000 	 10.000000 	 10.000000
   83 	 -0.200000 	 8.834286 	 10.000000
   84 	 -1.000000 	 3.085714 	 10.000000
   85 	 -0.333333 	 1.126190 	 10.000000
   86 	 10.000000 	 10.000000 	 10.000000
   87 	 -0.333333 	 0.995238 	 10.000000
   88 	 0.111111 	 0.874683 	 10.000000
   89 	 -1.000000 	 1.109864 	 10.000000
   90 	 -0.333333 	 7.785714 	 10.000000
   91 	 -0.333333 	 1.324762 	 10.000000
   92 	 10.000000 	 10.000000 	 10.000000
   93 	 1.000000 	 8.971429 	 10.000000
   94 	 -1.000000 	 -0.278571 	 10.000000
   95 	 -1.000000 	 0.085714 	 10.000000
   96 	 -0.200000 	 1.591077 	 10.000000
   97 	 1.000000 	 1.257143 	 10.000000
   98 	 0.142857 	 4.541361 	 10.000000
   99 	 0.200000 	 8.880000 	 10.000000
  100 	 -0.500000 	 3.964759 	 10.000000
  101 	 -1.000000 	 3.557143 	 10.000000
  102 	 10.000000 	 10.000000 	 10.000000
  103 	 10.000000 	 10.000000 	 10.000000
  104 	 -1.000000 	 3.121429 	 10.000000
  105 	 -0.200000 	 3.297143 	 10.000000
  106 	 10.000000 	 10.000000 	 10.000000
  107 	 -1.000000 	 0.485714 	 10.000000
  108 	 1.000000 	 7.942857 	 10.000000
  109 	 -1.000000 	 4.027143 	 10.000000
  110 	 0.200000 	 2.020000 	 10.000000
  111 	 -1.000000 	 0.278571 	 10.000000
  112 	 10.000000 	 10.000000 	 10.000000
  113 	 0.111111 	 3.804444 	 10.000000
  114 	 10.000000 	 10.000000 	 10.000000
  115 	 1.000000 	 9.742857 	 10.000000
  116 	 -1.000000 	 5.414286 	 10.000000
  117 	 -1.000000 	 3.385714 	 10.000000
  118 	 -0.500000 	 4.776190 	 10.000000
  119 	 10.000000 	 10.000000 	 10.000000
  120 	 1.000000 	 2.157143 	 10.000000
  121 	 -1.000000 	 0.127721 	 10.000000
  122 	 1.000000 	 5.757143 	 10.000000
  123 	 -1.000000 	 -0.085714 	 10.000000
  124 	 -0.200000 	 5.045714 	 10.000000
  125 	 -1.000000 	 5.914286 	 10.000000
  126 	 -1.000000 	 1.102381 	 10.000000
  127 	 -0.500000 	 4.450000 	 10.000000
  128 	 0.500000 	 4.821429 	 10.000000
  129 	 1.000000 	 4.857143 	 10.000000
  130 	 0.250000 	 4.540476 	 10.000000
  131 	 -1.000000 	 2.888095 	 10.000000
  132 	 -1.000000 	 3.614286 	 10.000000
  133 	 0.500000 	 0.500000 	 0.500000
  134 	 0.166667 	 1.244048 	 10.000000
  135 	 0.166667 	 5.697619 	 10.000000
  136 	 -0.200000 	 5.920000 	 10.000000
  137 	 -1.000000 	 4.491429 	 10.000000
  138 	 10.000000 	 10.000000 	 10.000000
  139 	 10.000000 	 10.000000 	 10.000000
  140 	 -1.000000 	 2.300000 	 10.000000
  141 	 1.000000 	 4.985714 	 10.000000
  142 	 -0.500000 	 6.460000 	 10.000000
  143 	 1.000000 	 7.171429 	 10.000000
  144 	 10.000000 	 10.000000 	 10.000000
  145 	 -1.000000 	 6.745714 	 10.000000
  146 	 -1.000000 	 4.500000 	 10.000000
  147 	 -0.333333 	 0.895635 	 10.000000
  148 	 -1.000000 	 0.828571 	 10.000000
  149 	 10.000000 	 10.000000 	 10.000000
  150 	 -0.500000 	 3.507143 	 10.000000
  151 	 -1.000000 	 3.135714 	 10.000000
  152 	 -1.000000 	 9.528571 	 10.000000
  153 	 -1.000000 	 6.700000 	 10.000000
  154 	 -1.000000 	 1.828571 	 10.000000
  155 	 -1.000000 	 3.871429 	 10.000000
  156 	 -1.000000 	 0.257143 	 10.000000
  157 	 -0.500000 	 5.028571 	 10.000000
  158 	 -1.000000 	 3.378571 	 10.000000
  159 	 -0.250000 	 0.695884 	 10.000000
  160 	 -1.000000 	 0.685714 	 10.000000
  161 	 0.200000 	 0.601429 	 10.000000
  162 	 -1.000000 	 0.172619 	 10.000000
  163 	 -1.000000 	 2.015368 	 10.000000
  164 	 -0.200000 	 1.930476 	 10.000000
  165 	 -0.500000 	 0.586101 	 10.000000
  166 	 1.000000 	 5.757143 	 10.000000
  167 	 -1.000000 	 1.023095 	 10.000000
  168 	 -1.000000 	 6.392857 	 10.000000
  169 	 -1.000000 	 9.057143 	 10.000000
  170 	 -1.000000 	 1.444286 	 10.000000
  171 	 -0.200000 	 2.534286 	 10.000000
  172 	 -1.000000 	 2.550000 	 10.000000
  173 	 -1.000000 	 6.885714 	 10.000000
  174 	 -0.333333 	 1.391905 	 10.000000
  175 	 0.500000 	 6.200000 	 10.000000
  176 	 -1.000000 	 2.271429 	 10.000000
  177 	 0.333333 	 2.957143 	 10.000000
  178 	 -1.000000 	 3.378095 	 10.000000
  179 	 10.000000 	 10.000000 	 10.000000
  180 	 0.500000 	 8.642857 	 10.000000
  181 	 0.166667 	 2.884524 	 10.000000
  182 	 -1.000000 	 6.800000 	 10.000000
  183 	 -0.333333 	 2.766667 	 10.000000
  184 	 -0.333333 	 0.021429 	 10.000000
  185 	 -1.000000 	 5.842857 	 10.000000
  186 	 -1.000000 	 3.828571 	 10.000000
  187 	 -0.500000 	 2.973469 	 10.000000
  188 	 -1.000000 	 2.814286 	 10.000000
  189 	 -1.000000 	 0.178571 	 10.000000
  190 	 -1.000000 	 3.714286 	 10.000000
  191 	 -1.000000 	 1.828571 	 10.000000
  192 	 0.250000 	 3.184524 	 10.000000
  193 	 -0.200000 	 6.220408 	 10.000000
  194 	 10.000000 	 10.000000 	 10.000000
  195 	 10.000000 	 10.000000 	 10.000000
  196 	 -1.000000 	 2.596429 	 10.000000
  197 	 -1.000000 	 2.066327 	 10.000000
  198 	 -1.000000 	 1.828571 	 10.000000
  199 	 -1.000000 	 0.728571 	 10.000000
  200 	 -1.000000 	 0.100000 	 10.000000
  201 	 -0.500000 	 7.750000 	 10.000000
  202 	 -0.333333 	 3.061905 	 10.000000
  203 	 -1.000000 	 9.114286 	 10.000000
  204 	 -1.000000 	 4.814286 	 10.000000
  205 	 10.000000 	 10.000000 	 10.000000
  206 	 -1.000000 	 0.990476 	 10.000000
  207 	 -1.000000 	 -0.585714 	 1.000000
  208 	 0.013333 	 0.068543 	 1.000000
  209 	 0.014925 	 0.070537 	 1.000000
  210 	 0.014493 	 0.064984 	 1.000000
  211 	 0.014493 	 0.208147 	 10.000000
  212 	 0.038462 	 0.279754 	 10.000000
  213 	 0.071429 	 1.012804 	 10.000000
  214 	 -1.000000 	 -0.153153 	 -0.050000
  215 	 -1.000000 	 -0.072996 	 -0.018868
  216 	 -1.000000 	 -0.065881 	 -0.014286
  217 	 -1.000000 	 -0.069041 	 -0.014286
  218 	 -1.000000 	 -0.069041 	 -0.014286
  219 	 -1.000000 	 -0.069440 	 -0.014925
  220 	 -1.000000 	 -0.069059 	 -0.014706
  221 	 -1.000000 	 -0.074641 	 -0.014286
  222 	 -1.000000 	 -0.062099 	 -0.014085
  223 	 -1.000000 	 -0.069900 	 -0.014706
  224 	 -1.000000 	 -0.064324 	 -0.013514
  225 	 -1.000000 	 -0.069708 	 -0.014706
  226 	 -1.000000 	 -0.069163 	 -0.014286
  227 	 -1.000000 	 -0.068275 	 -0.013333
  228 	 -1.000000 	 -0.069041 	 -0.014286
  229 	 -1.000000 	 -0.069041 	 -0.014286
  230 	 -1.000000 	 -0.057798 	 -0.013514
  231 	 -1.000000 	 -0.068790 	 -0.014286
  232 	 -0.250000 	 -0.029985 	 -0.009434
  233 	 -0.250000 	 -0.019763 	 -0.003759
  234 	 -0.250000 	 -0.017281 	 -0.003584
  235 	 -0.250000 	 -0.017186 	 -0.003559
  236 	 -0.500000 	 -0.021619 	 -0.003597
  237 	 -0.500000 	 -0.030536 	 -0.005348
  238 	 -0.500000 	 -0.032604 	 -0.006329
  239 	 -0.500000 	 -0.035068 	 -0.007246
  240 	 -0.500000 	 -0.036633 	 -0.007299
  241 	 -0.500000 	 -0.034520 	 -0.007143
  242 	 -0.250000 	 -0.028520 	 -0.007092
  243 	 -0.500000 	 -0.020320 	 -0.003745
  244 	 -0.500000 	 -0.028425 	 -0.005682
  245 	 -0.500000 	 -0.034611 	 -0.007246
  246 	 -0.500000 	 -0.034902 	 -0.007194
  247 	 -0.500000 	 -0.034715 	 -0.007463
  248 	 -0.500000 	 -0.034520 	 -0.007143
  249 	 -0.500000 	 -0.033803 	 -0.006803
  250 	 -0.500000 	 -0.034468 	 -0.007092
  251 	 -0.500000 	 -0.034483 	 -0.007092
  252 	 -0.500000 	 -0.034335 	 -0.007042
  253 	 -0.500000 	 -0.034473 	 -0.006944
  254 	 -0.500000 	 -0.033102 	 -0.006897
  255 	 -0.500000 	 -0.034522 	 -0.007246
  256 	 -0.500000 	 -0.038846 	 -0.008264
  257 	 -0.500000 	 -0.033520 	 -0.006897
  258 	 -0.500000 	 -0.035112 	 -0.007407
  259 	 -0.500000 	 -0.034542 	 -0.007299
  260 	 -0.500000 	 -0.037695 	 -0.009259
  261 	 -0.500000 	 -0.034367 	 -0.007299
  262 	 -0.500000 	 -0.034519 	 -0.007194
  263 	 -0.500000 	 -0.040905 	 -0.008696
  264 	 -0.500000 	 -0.033598 	 -0.007463
  265 	 -0.500000 	 -0.034520 	 -0.007143
  266 	 -0.500000 	 -0.034929 	 -0.007299
  267 	 -0.500000 	 -0.034503 	 -0.007299
  268 	 -0.500000 	 -0.034375 	 -0.007299
  269 	 -0.500000 	 -0.031622 	 -0.006897
  270 	 -0.500000 	 -0.034058 	 -0.006897
  271 	 -0.500000 	 -0.034595 	 -0.007463
  272 	 -0.500000 	 -0.033293 	 -0.007042
  273 	 -0.500000 	 -0.034676 	 -0.007194
  274 	 -0.500000 	 -0.034466 	 -0.006993
  275 	 -0.500000 	 -0.035395 	 -0.007299
  276 	 -0.500000 	 -0.034356 	 -0.007143
  277 	 -0.500000 	 -0.034520 	 -0.007143
  278 	 -0.500000 	 -0.034520 	 -0.007143
  279 	 -0.500000 	 -0.034458 	 -0.007042
  280 	 -0.500000 	 -0.033750 	 -0.006757
  281 	 -0.500000 	 -0.034862 	 -0.007519
  282 	 -0.500000 	 -0.034600 	 -0.007194
  283 	 -0.500000 	 -0.034520 	 -0.007143
  284 	 -0.500000 	 -0.035335 	 -0.007353
  285 	 -0.500000 	 -0.034574 	 -0.007299
  286 	 -0.500000 	 -0.034330 	 -0.006993
  287 	 -0.500000 	 -0.041185 	 -0.007092
  288 	 -0.500000 	 -0.037980 	 -0.007143
  289 	 -0.500000 	 -0.034409 	 -0.006944
  290 	 -0.500000 	 -0.034328 	 -0.007042
  291 	 -0.500000 	 -0.034493 	 -0.007092
  292 	 -0.500000 	 -0.035325 	 -0.007246
  293 	 -0.500000 	 -0.034520 	 -0.007143
  294 	 -0.500000 	 -0.034761 	 -0.007194
  295 	 -0.500000 	 -0.034324 	 -0.006897
  296 	 -0.500000 	 -0.034491 	 -0.007042
  297 	 -0.500000 	 -0.034520 	 -0.007143
  298 	 -0.500000 	 -0.034512 	 -0.007092
  299 	 -0.500000 	 -0.034504 	 -0.007092
  300 	 -0.500000 	 -0.034683 	 -0.007246
  301 	 -0.500000 	 -0.034504 	 -0.007092
  302 	 -0.500000 	 -0.034520 	 -0.007143
  303 	 -0.500000 	 -0.034307 	 -0.006803
  304 	 -0.500000 	 -0.034475 	 -0.006897
  305 	 -0.500000 	 -0.034716 	 -0.007246
  306 	 -0.500000 	 -0.034457 	 -0.006993
  307 	 -0.500000 	 -0.034520 	 -0.007143
  308 	 -0.500000 	 -0.037706 	 -0.007246
  309 	 -0.500000 	 -0.034520 	 -0.007143
  310 	 -0.500000 	 -0.034520 	 -0.007143
  311 	 -0.500000 	 -0.036571 	 -0.007143
  312 	 -0.500000 	 -0.034550 	 -0.007194
  313 	 -0.500000 	 -0.033737 	 -0.007143
  314 	 -0.500000 	 -0.034179 	 -0.006849
  315 	 -0.500000 	 -0.034520 	 -0.007143
  316 	 -0.500000 	 -0.034651 	 -0.007353
  317 	 -0.500000 	 -0.034476 	 -0.007092
  318 	 -0.500000 	 -0.034761 	 -0.007194
  319 	 -0.500000 	 -0.034523 	 -0.007194
  320 	 -0.250000 	 -0.027484 	 -0.007246
  321 	 -0.250000 	 -0.017372 	 -0.003636
  322 	 -0.250000 	 -0.017260 	 -0.003571
  323 	 -0.250000 	 -0.017260 	 -0.003571
  324 	 -0.250000 	 -0.017284 	 -0.003584
  325 	 -0.250000 	 -0.017297 	 -0.003597
  326 	 -0.250000 	 -0.017305 	 -0.003610
  327 	 -0.250000 	 -0.017260 	 -0.003571
  328 	 -1.000000 	 -0.030258 	 -0.003610
  329 	 -1.000000 	 -0.035601 	 -0.005882
  330 	 -1.000000 	 -0.069041 	 -0.014286
  331 	 -1.000000 	 -0.068956 	 -0.014085
  332 	 -1.000000 	 -0.069803 	 -0.014925
  333 	 -1.000000 	 -0.083083 	 -0.014706
  334 	 -1.000000 	 -0.069041 	 -0.014286
  335 	 -1.000000 	 -0.069041 	 -0.014286
  336 	 -1.000000 	 -0.069988 	 -0.015152
  337 	 -1.000000 	 -0.069580 	 -0.013514
  338 	 -1.000000 	 -0.070457 	 -0.014706
  339 	 -1.000000 	 -0.069977 	 -0.015385
  340 	 -1.000000 	 -0.069041 	 -0.014286
  341 	 -1.000000 	 -0.069336 	 -0.014706
  342 	 -1.000000 	 -0.072408 	 -0.014493
  343 	 -1.000000 	 -0.080198 	 -0.015385
  344 	 -1.000000 	 -0.070877 	 -0.014493
  345 	 -1.000000 	 -0.068987 	 -0.014085
  346 	 -1.000000 	 -0.064480 	 -0.014085
  347 	 -1.000000 	 -0.069050 	 -0.014493
  348 	 -1.000000 	 0.045051 	 10.000000
  349 	 0.003559 	 0.017215 	 0.250000
  350 	 0.003460 	 0.016695 	 0.250000
  351 	 0.003413 	 0.017064 	 0.250000
  352 	 0.003521 	 0.016930 	 0.250000
  353 	 0.003378 	 0.016922 	 0.250000
  354 	 0.003413 	 0.018714 	 0.250000
  355 	 0.004329 	 0.018645 	 0.250000
  356 	 0.004016 	 0.033358 	 1.000000
  357 	 0.006494 	 0.040486 	 1.000000
  358 	 0.007463 	 0.037782 	 1.000000
  359 	 0.007692 	 0.047453 	 1.000000
  360 	 0.008929 	 0.052076 	 1.000000
  361 	 -1.000000 	 0.173242 	 10.000000
  362 	 0.013889 	 0.071617 	 1.000000
  363 	 0.016949 	 0.073157 	 1.000000
  364 	 0.015385 	 0.075000 	 1.000000
  365 	 0.016129 	 0.072597 	 1.000000
  366 	 0.014925 	 0.073280 	 1.000000
  367 	 0.014925 	 0.072872 	 1.000000
  368 	 0.015152 	 0.070922 	 1.000000
  369 	 0.014925 	 0.068598 	 1.000000
  370 	 0.014085 	 0.068289 	 1.000000
  371 	 0.013514 	 0.067883 	 1.000000
  372 	 0.015152 	 0.069376 	 1.000000
  373 	 0.013333 	 0.057434 	 1.000000
  374 	 0.012500 	 0.065233 	 1.000000
  375 	 0.013333 	 0.063239 	 1.000000
  376 	 0.011765 	 0.069903 	 1.000000
  377 	 0.014493 	 0.074699 	 1.000000
  378 	 0.016129 	 0.096180 	 1.000000
  379 	 0.020408 	 0.083261 	 1.000000
  380 	 0.018868 	 0.097173 	 1.000000
  381 	 0.024390 	 0.280111 	 10.000000
  382 	 -1.000000 	 0.734144 	 10.000000
  383 	 -1.000000 	 0.529151 	 10.000000
  384 	 0.040000 	 0.113691 	 1.000000
  385 	 -0.500000 	 0.118187 	 1.000000
  386 	 -1.000000 	 0.210727 	 10.000000
  387 	 0.017241 	 0.072756 	 1.000000
  388 	 0.014925 	 0.069180 	 1.000000
  389 	 0.015152 	 0.070829 	 1.000000
  390 	 0.015625 	 0.090197 	 1.000000
  391 	 0.017544 	 0.072647 	 1.000000
  392 	 0.014706 	 0.068665 	 1.000000
  393 	 0.014286 	 0.070467 	 1.000000
  394 	 0.016393 	 0.069962 	 1.000000
  395 	 0.015385 	 0.069222 	 1.000000
  396 	 0.013699 	 0.068609 	 1.000000
  397 	 0.014286 	 0.069041 	 1.000000
  398 	 0.012987 	 0.059977 	 1.000000
  399 	 0.010989 	 0.050087 	 0.500000
 