   0 	 -1.000000 	 0.095873 	 10.000000
    1 	 -0.200000 	 -0.018528 	 -0.003484
    2 	 -0.200000 	 -0.013764 	 -0.002825
    3 	 -0.200000 	 -0.013808 	 -0.002857
    4 	 -0.200000 	 -0.015167 	 -0.002882
    5 	 -0.200000 	 -0.013808 	 -0.002857
    6 	 -0.200000 	 -0.013786 	 -0.002833
    7 	 -0.200000 	 -0.013877 	 -0.002899
    8 	 -0.200000 	 -0.013790 	 -0.002841
    9 	 -0.200000 	 -0.013929 	 -0.002865
   10 	 -0.200000 	 -0.013806 	 -0.002849
   11 	 -0.200000 	 -0.013787 	 -0.002833
   12 	 -0.200000 	 -0.013808 	 -0.002857
   13 	 -0.200000 	 -0.013800 	 -0.002833
   14 	 -0.200000 	 -0.013891 	 -0.002890
   15 	 -0.200000 	 -0.013798 	 -0.002833
   16 	 -0.200000 	 -0.013811 	 -0.002865
   17 	 -0.200000 	 -0.013808 	 -0.002857
   18 	 -0.200000 	 -0.013821 	 -0.002865
   19 	 -0.200000 	 -0.013808 	 -0.002857
   20 	 -0.200000 	 -0.013806 	 -0.002849
   21 	 -0.200000 	 -0.013662 	 -0.002874
   22 	 -0.200000 	 -0.013831 	 -0.002865
   23 	 -0.200000 	 -0.013807 	 -0.002857
   24 	 -0.200000 	 -0.013885 	 -0.002915
   25 	 -0.200000 	 -0.013819 	 -0.002874
   26 	 -0.200000 	 -0.014086 	 -0.002915
   27 	 -0.200000 	 -0.013808 	 -0.002857
   28 	 -0.200000 	 -0.014154 	 -0.002817
   29 	 -0.200000 	 -0.013773 	 -0.002825
   30 	 -0.200000 	 -0.013808 	 -0.002857
   31 	 -0.200000 	 -0.013808 	 -0.002857
   32 	 -0.200000 	 -0.013879 	 -0.002890
   33 	 -0.200000 	 -0.013808 	 -0.002857
   34 	 -0.200000 	 -0.013833 	 -0.002865
   35 	 -0.200000 	 -0.013224 	 -0.002833
   36 	 -0.200000 	 -0.013786 	 -0.002857
   37 	 -0.200000 	 -0.013811 	 -0.002890
   38 	 -1.000000 	 -0.026882 	 -0.002849
   39 	 -1.000000 	 -0.036504 	 -0.004566
   40 	 -1.000000 	 -0.068296 	 -0.013699
   41 	 -1.000000 	 -0.069155 	 -0.014925
   42 	 -1.000000 	 -0.069269 	 -0.014493
   43 	 -1.000000 	 -0.070034 	 -0.015385
   44 	 -1.000000 	 -0.073711 	 -0.014286
   45 	 -1.000000 	 -0.072167 	 -0.015152
   46 	 -1.000000 	 -0.068849 	 -0.014286
   47 	 -1.000000 	 -0.069041 	 -0.014286
   48 	 -1.000000 	 -0.069041 	 -0.014286
   49 	 -1.000000 	 -0.073836 	 -0.016667
   50 	 -1.000000 	 -0.068962 	 -0.014085
   51 	 -1.000000 	 -0.069188 	 -0.014085
   52 	 -1.000000 	 -0.067851 	 -0.013333
   53 	 -1.000000 	 -0.069223 	 -0.014493
   54 	 -1.000000 	 -0.069598 	 -0.014706
   55 	 -1.000000 	 -0.062654 	 -0.013158
   56 	 -1.000000 	 -0.069041 	 -0.014286
   57 	 -1.000000 	 -0.069201 	 -0.015385
   58 	 -1.000000 	 -0.068622 	 -0.014706
   59 	 -1.000000 	 -0.064975 	 -0.012500
   60 	 -1.000000 	 -0.069008 	 -0.014085
   61 	 -1.000000 	 -0.069677 	 -0.014493
   62 	 -1.000000 	 -0.068585 	 -0.013333
   63 	 -1.000000 	 -0.070007 	 -0.015152
   64 	 -1.000000 	 -0.067814 	 -0.012658
   65 	 -1.000000 	 0.065252 	 10.000000
   66 	 -1.000000 	 -0.069041 	 -0.014286
   67 	 -1.000000 	 -0.069000 	 -0.014085
   68 	 -1.000000 	 -0.068884 	 -0.013514
   69 	 -1.000000 	 -0.069041 	 -0.014286
   70 	 -1.000000 	 -0.067033 	 -0.013333
   71 	 -1.000000 	 -0.069127 	 -0.014286
   72 	 -1.000000 	 -0.069041 	 -0.014286
   73 	 -1.000000 	 -0.072468 	 -0.015152
   74 	 -1.000000 	 -0.068893 	 -0.014085
   75 	 -1.000000 	 -0.071653 	 -0.015625
   76 	 -1.000000 	 -0.069041 	 -0.014286
   77 	 -1.000000 	 -0.069134 	 -0.014493
   78 	 -1.000000 	 -0.068503 	 -0.013889
   79 	 -1.000000 	 -0.068592 	 -0.014085
   80 	 -1.000000 	 -0.069783 	 -0.014493
   81 	 -1.000000 	 -0.068349 	 -0.014085
   82 	 -1.000000 	 -0.068561 	 -0.014085
   83 	 -1.000000 	 -0.070492 	 -0.015385
   84 	 -1.000000 	 -0.068943 	 -0.013889
   85 	 -1.000000 	 -0.069313 	 -0.014493
   86 	 -0.500000 	 -0.063042 	 -0.014706
   87 	 -0.500000 	 -0.034091 	 -0.007194
   88 	 -0.500000 	 -0.034883 	 -0.007299
   89 	 -0.500000 	 -0.034375 	 -0.007042
   90 	 -0.500000 	 -0.035444 	 -0.007407
   91 	 -0.500000 	 -0.034378 	 -0.006993
   92 	 -0.500000 	 -0.035963 	 -0.007576
   93 	 -0.500000 	 -0.034704 	 -0.007194
   94 	 -0.500000 	 -0.034559 	 -0.007092
   95 	 -0.500000 	 -0.033282 	 -0.007092
   96 	 -0.500000 	 -0.034501 	 -0.006897
   97 	 -0.500000 	 -0.033558 	 -0.006993
   98 	 -0.500000 	 -0.034520 	 -0.007143
   99 	 -0.500000 	 -0.034612 	 -0.007299
  100 	 -0.500000 	 -0.033556 	 -0.006897
  101 	 -0.500000 	 -0.034536 	 -0.007194
  102 	 -0.500000 	 -0.034520 	 -0.007143
  103 	 -0.500000 	 -0.035199 	 -0.007812
  104 	 -0.500000 	 -0.035857 	 -0.007463
  105 	 -0.500000 	 -0.034952 	 -0.007246
  106 	 -0.500000 	 -0.034493 	 -0.007143
  107 	 -0.500000 	 -0.034729 	 -0.007353
  108 	 -0.500000 	 -0.034520 	 -0.007143
  109 	 -0.500000 	 -0.035018 	 -0.007042
  110 	 -0.500000 	 -0.033701 	 -0.006897
  111 	 -0.500000 	 -0.035877 	 -0.007353
  112 	 -0.500000 	 -0.034101 	 -0.006897
  113 	 -0.500000 	 -0.034556 	 -0.007194
  114 	 -0.500000 	 -0.034612 	 -0.007299
  115 	 -0.500000 	 -0.034520 	 -0.007143
  116 	 -0.500000 	 -0.034201 	 -0.007042
  117 	 -0.500000 	 -0.034475 	 -0.006897
  118 	 -0.500000 	 -0.034520 	 -0.007143
  119 	 -0.500000 	 -0.034831 	 -0.007299
  120 	 -0.500000 	 -0.034520 	 -0.007143
  121 	 -0.500000 	 -0.034399 	 -0.007092
  122 	 -0.500000 	 -0.034568 	 -0.007299
  123 	 -0.500000 	 -0.034695 	 -0.007519
  124 	 -0.500000 	 -0.032468 	 -0.006897
  125 	 -0.500000 	 -0.042943 	 -0.008197
  126 	 -0.500000 	 -0.034980 	 -0.007353
  127 	 -0.500000 	 -0.034503 	 -0.007092
  128 	 -0.500000 	 -0.034520 	 -0.007143
  129 	 -0.500000 	 -0.034520 	 -0.007143
  130 	 -0.500000 	 -0.034586 	 -0.007246
  131 	 -0.500000 	 -0.034896 	 -0.007143
  132 	 -0.500000 	 -0.034398 	 -0.007042
  133 	 -0.500000 	 -0.034622 	 -0.007194
  134 	 -0.500000 	 -0.034807 	 -0.007576
  135 	 -0.500000 	 -0.035056 	 -0.007407
  136 	 -0.500000 	 -0.033702 	 -0.006849
  137 	 -0.500000 	 -0.034689 	 -0.007194
  138 	 -0.500000 	 -0.034520 	 -0.007143
  139 	 -0.500000 	 -0.034419 	 -0.006944
  140 	 -0.500000 	 -0.033853 	 -0.006944
  141 	 -0.500000 	 -0.034704 	 -0.007299
  142 	 -0.500000 	 -0.033982 	 -0.007143
  143 	 -0.500000 	 -0.034990 	 -0.007143
  144 	 -0.500000 	 -0.034257 	 -0.006993
  145 	 -0.500000 	 -0.034716 	 -0.007246
  146 	 -0.500000 	 -0.034520 	 -0.007143
  147 	 -0.500000 	 -0.034520 	 -0.007143
  148 	 -0.500000 	 -0.035307 	 -0.007194
  149 	 -0.500000 	 -0.035129 	 -0.007463
  150 	 -0.500000 	 -0.034360 	 -0.007042
  151 	 -0.500000 	 -0.033952 	 -0.006993
  152 	 -0.500000 	 -0.034520 	 -0.007143
  153 	 -0.500000 	 -0.034512 	 -0.007092
  154 	 -0.500000 	 -0.034520 	 -0.007143
  155 	 -0.500000 	 -0.034577 	 -0.007194
  156 	 -0.500000 	 -0.033636 	 -0.006803
  157 	 -0.500000 	 -0.034592 	 -0.007407
  158 	 -0.500000 	 -0.034301 	 -0.006803
  159 	 -0.500000 	 -0.035024 	 -0.007194
  160 	 -0.500000 	 -0.034055 	 -0.006944
  161 	 -0.500000 	 -0.034855 	 -0.007194
  162 	 -0.500000 	 -0.034704 	 -0.007194
  163 	 -0.500000 	 -0.034873 	 -0.007407
  164 	 -0.500000 	 -0.034782 	 -0.007692
  165 	 -0.500000 	 -0.034520 	 -0.007143
  166 	 -0.500000 	 -0.034397 	 -0.006944
  167 	 -0.500000 	 -0.034406 	 -0.006993
  168 	 -0.500000 	 -0.050192 	 -0.010417
  169 	 -0.500000 	 -0.034366 	 -0.007042
  170 	 -0.500000 	 -0.034520 	 -0.007143
  171 	 -0.500000 	 -0.034873 	 -0.007353
  172 	 -0.500000 	 -0.034913 	 -0.006944
  173 	 -0.500000 	 -0.034520 	 -0.007143
  174 	 -0.500000 	 -0.034689 	 -0.007194
  175 	 -0.500000 	 -0.034291 	 -0.007092
  176 	 -0.500000 	 -0.034050 	 -0.007353
  177 	 -0.500000 	 -0.034527 	 -0.007194
  178 	 -0.500000 	 -0.035446 	 -0.007463
  179 	 -0.500000 	 -0.034627 	 -0.007407
  180 	 -0.500000 	 -0.041561 	 -0.007246
  181 	 -0.500000 	 -0.034716 	 -0.007246
  182 	 -0.500000 	 -0.034638 	 -0.007246
  183 	 -0.500000 	 -0.034921 	 -0.007463
  184 	 -0.500000 	 -0.029811 	 -0.006993
  185 	 -0.500000 	 -0.034295 	 -0.006944
  186 	 -0.500000 	 -0.034520 	 -0.007143
  187 	 -0.333333 	 -0.030227 	 -0.007143
  188 	 -0.333333 	 -0.023547 	 -0.004975
  189 	 -0.333333 	 -0.023014 	 -0.004762
  190 	 -0.333333 	 -0.022997 	 -0.004785
  191 	 -0.333333 	 -0.023031 	 -0.004785
  192 	 -0.333333 	 -0.022964 	 -0.004630
  193 	 -0.333333 	 -0.023011 	 -0.004762
  194 	 -0.333333 	 0.126115 	 10.000000
  195 	 -0.500000 	 -0.034634 	 -0.007246
  196 	 -0.500000 	 -0.034520 	 -0.007143
  197 	 -0.500000 	 -0.034496 	 -0.007092
  198 	 -0.500000 	 -0.034515 	 -0.007194
  199 	 -0.500000 	 -0.034520 	 -0.007143
  200 	 -0.500000 	 -0.035693 	 -0.007874
  201 	 -0.500000 	 -0.034894 	 -0.007299
  202 	 -0.500000 	 -0.034596 	 -0.007246
  203 	 -0.500000 	 -0.034275 	 -0.007092
  204 	 -0.500000 	 -0.034329 	 -0.006849
  205 	 -0.500000 	 -0.034520 	 -0.007143
  206 	 -0.500000 	 -0.034153 	 -0.006993
  207 	 -0.500000 	 -0.034568 	 -0.007194
  208 	 -0.500000 	 -0.034431 	 -0.006944
  209 	 -0.500000 	 -0.034520 	 -0.007143
  210 	 -0.500000 	 -0.034567 	 -0.007143
  211 	 -0.500000 	 -0.034520 	 -0.007143
  212 	 -0.500000 	 -0.034520 	 -0.007143
  213 	 -0.500000 	 -0.034526 	 -0.007194
  214 	 -0.500000 	 -0.034100 	 -0.007194
  215 	 -0.500000 	 -0.033741 	 -0.007143
  216 	 -0.500000 	 -0.034767 	 -0.007407
  217 	 -0.500000 	 -0.034520 	 -0.007143
  218 	 -0.500000 	 -0.034859 	 -0.007299
  219 	 -0.500000 	 -0.033793 	 -0.006849
  220 	 -0.500000 	 -0.034735 	 -0.007092
  221 	 -0.500000 	 -0.034461 	 -0.006993
  222 	 -0.500000 	 -0.034638 	 -0.007246
  223 	 -0.500000 	 0.101400 	 10.000000
  224 	 0.007143 	 0.034520 	 0.500000
  225 	 0.007194 	 0.034528 	 0.500000
  226 	 0.007194 	 0.034732 	 0.500000
  227 	 0.007299 	 0.034769 	 0.500000
  228 	 0.007092 	 0.035383 	 0.500000
  229 	 0.007092 	 0.034850 	 0.500000
  230 	 0.007407 	 0.034897 	 0.500000
  231 	 0.007194 	 0.034552 	 0.500000
  232 	 0.007143 	 0.035958 	 0.500000
  233 	 0.007353 	 0.034857 	 0.500000
  234 	 0.007407 	 0.034646 	 0.500000
  235 	 0.007299 	 0.035633 	 0.500000
  236 	 0.007353 	 0.035229 	 0.500000
  237 	 0.007194 	 0.034592 	 0.500000
  238 	 0.006711 	 0.034156 	 0.500000
  239 	 0.007092 	 0.034519 	 0.500000
  240 	 0.007143 	 0.034387 	 0.500000
  241 	 0.007042 	 0.034145 	 0.500000
  242 	 0.007042 	 0.034509 	 0.500000
  243 	 0.007143 	 0.034520 	 0.500000
  244 	 0.007143 	 0.034520 	 0.500000
  245 	 0.007194 	 0.034689 	 0.500000
  246 	 0.007194 	 0.034364 	 0.500000
  247 	 0.007463 	 0.035311 	 0.500000
  248 	 0.007143 	 0.034520 	 0.500000
  249 	 0.007092 	 0.034080 	 0.500000
  250 	 0.007092 	 0.034481 	 0.500000
  251 	 0.007194 	 0.034558 	 0.500000
  252 	 0.007246 	 0.037263 	 0.500000
  253 	 0.007634 	 0.037651 	 0.500000
  254 	 0.007576 	 0.038656 	 0.500000
  255 	 0.007634 	 0.035609 	 0.500000
  256 	 0.007937 	 0.035604 	 0.500000
  257 	 0.007407 	 0.177874 	 10.000000
  258 	 -0.333333 	 0.116192 	 10.000000
  259 	 -0.500000 	 -0.036727 	 -0.008621
  260 	 -0.500000 	 -0.034787 	 -0.007246
  261 	 -0.500000 	 -0.034467 	 -0.006944
  262 	 -0.500000 	 -0.034520 	 -0.007143
  263 	 -0.500000 	 -0.034480 	 -0.006993
  264 	 -0.500000 	 -0.034052 	 -0.006944
  265 	 -0.500000 	 -0.034520 	 -0.007143
  266 	 -0.500000 	 -0.034581 	 -0.007246
  267 	 -0.500000 	 -0.034800 	 -0.007299
  268 	 -0.500000 	 -0.034437 	 -0.006944
  269 	 -0.500000 	 -0.034542 	 -0.007194
  270 	 -0.500000 	 -0.034976 	 -0.007353
  271 	 -0.500000 	 -0.034898 	 -0.007353
  272 	 -0.500000 	 -0.034520 	 -0.007143
  273 	 -0.500000 	 -0.034520 	 -0.007143
  274 	 -0.500000 	 -0.034720 	 -0.007194
  275 	 -0.500000 	 -0.034094 	 -0.007042
  276 	 -0.500000 	 -0.034224 	 -0.007042
  277 	 -0.500000 	 -0.034520 	 -0.007143
  278 	 -0.500000 	 -0.035199 	 -0.007634
  279 	 -1.000000 	 -0.062653 	 -0.009259
  280 	 -0.500000 	 -0.034797 	 -0.007353
  281 	 -0.500000 	 -0.034520 	 -0.007143
  282 	 -0.500000 	 -0.034603 	 -0.007463
  283 	 -0.500000 	 -0.034630 	 -0.007194
  284 	 -0.500000 	 -0.034404 	 -0.007042
  285 	 -0.500000 	 -0.034384 	 -0.006803
  286 	 -0.500000 	 -0.034514 	 -0.007092
  287 	 -0.500000 	 -0.034520 	 -0.007143
  288 	 -0.500000 	 -0.035734 	 -0.007299
  289 	 -0.500000 	 -0.034424 	 -0.006897
  290 	 -0.500000 	 -0.034971 	 -0.007246
  291 	 -0.500000 	 -0.034693 	 -0.007042
  292 	 -0.500000 	 -0.034539 	 -0.007194
  293 	 -0.500000 	 -0.034622 	 -0.007246
  294 	 -0.500000 	 -0.034455 	 -0.007092
  295 	 -0.500000 	 -0.034487 	 -0.007092
  296 	 -0.500000 	 -0.034520 	 -0.007143
  297 	 -0.500000 	 -0.034520 	 -0.007143
  298 	 -0.500000 	 -0.034609 	 -0.007353
  299 	 -0.500000 	 -0.034682 	 -0.007246
  300 	 -0.500000 	 -0.034507 	 -0.007042
  301 	 -0.500000 	 -0.034679 	 -0.007299
  302 	 -0.500000 	 -0.034485 	 -0.007092
  303 	 -0.500000 	 -0.034489 	 -0.007042
  304 	 -0.500000 	 -0.034344 	 -0.007092
  305 	 -0.500000 	 -0.034627 	 -0.007042
  306 	 -0.500000 	 -0.034335 	 -0.007042
  307 	 -0.500000 	 -0.034950 	 -0.007353
  308 	 -0.250000 	 -0.028107 	 -0.007092
  309 	 -0.250000 	 -0.017901 	 -0.003906
  310 	 -0.250000 	 -0.017118 	 -0.003571
  311 	 -0.250000 	 -0.018076 	 -0.003610
  312 	 -0.250000 	 -0.017260 	 -0.003571
  313 	 -0.250000 	 -0.017247 	 -0.003559
  314 	 -0.250000 	 -0.017260 	 -0.003571
  315 	 -0.250000 	 -0.017231 	 -0.003559
  316 	 -0.250000 	 -0.017018 	 -0.003472
  317 	 -0.250000 	 -0.017258 	 -0.003559
  318 	 -0.250000 	 -0.017287 	 -0.003571
  319 	 -0.250000 	 -0.017163 	 -0.003534
  320 	 -0.250000 	 -0.017260 	 -0.003571
  321 	 -0.250000 	 -0.017265 	 -0.003597
  322 	 -0.250000 	 -0.017255 	 -0.003571
  323 	 -0.250000 	 -0.017245 	 -0.003610
  324 	 -0.250000 	 -0.017190 	 -0.003534
  325 	 -0.250000 	 -0.017277 	 -0.003584
  326 	 -0.250000 	 -0.017279 	 -0.003623
  327 	 -0.250000 	 -0.017317 	 -0.003623
  328 	 -0.250000 	 -0.017260 	 -0.003571
  329 	 -0.250000 	 -0.017280 	 -0.003597
  330 	 -0.250000 	 -0.017263 	 -0.003584
  331 	 -0.250000 	 -0.017188 	 -0.003546
  332 	 -0.250000 	 -0.017256 	 -0.003559
  333 	 -0.250000 	 -0.017262 	 -0.003584
  334 	 -0.250000 	 -0.017283 	 -0.003690
  335 	 -0.250000 	 -0.017218 	 -0.003509
  336 	 -0.250000 	 -0.017484 	 -0.003650
  337 	 -0.250000 	 -0.017604 	 -0.003623
  338 	 -0.250000 	 -0.017154 	 -0.003559
  339 	 -0.250000 	 -0.017251 	 -0.003559
  340 	 -0.250000 	 -0.017260 	 -0.003571
  341 	 -0.250000 	 -0.017260 	 -0.003571
  342 	 -0.250000 	 -0.017399 	 -0.003610
  343 	 -0.250000 	 -0.017148 	 -0.003521
  344 	 -0.250000 	 -0.017211 	 -0.003534
  345 	 -0.250000 	 -0.017337 	 -0.003597
  346 	 -0.250000 	 -0.017290 	 -0.003623
  347 	 -0.250000 	 -0.017150 	 -0.003571
  348 	 -0.250000 	 -0.018141 	 -0.003650
  349 	 -0.250000 	 -0.017227 	 -0.003559
  350 	 -0.250000 	 -0.017364 	 -0.003623
  351 	 -0.250000 	 -0.017410 	 -0.003623
  352 	 -0.250000 	 -0.017205 	 -0.003534
  353 	 -0.250000 	 -0.017321 	 -0.003610
  354 	 -0.250000 	 -0.017251 	 -0.003534
  355 	 -0.250000 	 -0.017248 	 -0.003559
  356 	 -0.250000 	 -0.017308 	 -0.003623
  357 	 -0.250000 	 -0.017304 	 -0.003559
  358 	 -0.250000 	 -0.015704 	 -0.002890
  359 	 -0.125000 	 -0.011787 	 -0.002950
  360 	 -0.125000 	 -0.008759 	 -0.001883
  361 	 -0.125000 	 -0.008672 	 -0.001799
  362 	 -0.125000 	 -0.008632 	 -0.001792
  363 	 -0.125000 	 -0.008644 	 -0.001799
  364 	 -0.125000 	 -0.008630 	 -0.001786
  365 	 -0.125000 	 -0.008640 	 -0.001789
  366 	 -0.125000 	 -0.008676 	 -0.001821
  367 	 -0.125000 	 -0.008699 	 -0.001842
  368 	 -0.125000 	 -0.008633 	 -0.001792
  369 	 -0.125000 	 -0.008715 	 -0.001825
  370 	 -0.125000 	 -0.008251 	 -0.001770
  371 	 -0.125000 	 -0.008537 	 -0.001751
  372 	 -0.125000 	 -0.008030 	 -0.001730
  373 	 -0.125000 	 -0.008436 	 -0.001751
  374 	 -0.125000 	 -0.008633 	 -0.001805
  375 	 -0.125000 	 -0.008615 	 -0.001783
  376 	 -0.125000 	 -0.008623 	 -0.001783
  377 	 -0.125000 	 -0.008499 	 -0.001786
  378 	 -0.125000 	 -0.008630 	 -0.001786
  379 	 -0.125000 	 -0.008636 	 -0.001799
  380 	 -0.125000 	 -0.008630 	 -0.001786
  381 	 -0.125000 	 -0.008604 	 -0.001783
  382 	 -0.125000 	 -0.008655 	 -0.001802
  383 	 -0.125000 	 -0.008645 	 -0.001808
  384 	 -0.125000 	 -0.008607 	 -0.001773
  385 	 -0.125000 	 -0.008628 	 -0.001783
  386 	 -0.125000 	 -0.008630 	 -0.001786
  387 	 -0.125000 	 -0.008629 	 -0.001776
  388 	 -0.125000 	 -0.008638 	 -0.001795
  389 	 -0.125000 	 -0.008666 	 -0.001815
  390 	 -0.125000 	 -0.008639 	 -0.001805
  391 	 -0.125000 	 -0.008650 	 -0.001799
  392 	 -0.125000 	 -0.008685 	 -0.001812
  393 	 -0.125000 	 -0.008773 	 -0.001795
  394 	 -0.125000 	 -0.008645 	 -0.001802
  395 	 -0.125000 	 -0.008676 	 -0.001799
  396 	 -0.125000 	 -0.008629 	 -0.001776
  397 	 -0.125000 	 -0.008625 	 -0.001783
  398 	 -0.125000 	 -0.008630 	 -0.001786
  399 	 -0.125000 	 -0.008689 	 -0.001818
 