   0 	 -1.000000 	 0.098398 	 10.000000
    1 	 -0.500000 	 0.038583 	 0.500000
    2 	 -0.500000 	 0.579297 	 10.000000
    3 	 -0.250000 	 -0.048932 	 -0.026316
    4 	 -0.166667 	 -0.011505 	 -0.002451
    5 	 -0.166667 	 -0.011507 	 -0.002381
    6 	 -0.166667 	 -0.010506 	 -0.002353
    7 	 -0.166667 	 -0.011614 	 -0.002392
    8 	 -0.166667 	 -0.011516 	 -0.002398
    9 	 -0.166667 	 -0.011505 	 -0.002375
   10 	 -0.166667 	 -0.011507 	 -0.002404
   11 	 -0.166667 	 -0.014502 	 -0.002740
   12 	 -0.166667 	 -0.011508 	 -0.002404
   13 	 -0.166667 	 -0.011504 	 -0.002375
   14 	 -0.166667 	 -0.011507 	 -0.002381
   15 	 -0.111111 	 -0.010032 	 -0.002331
   16 	 -0.111111 	 -0.007717 	 -0.001675
   17 	 -0.111111 	 -0.007893 	 -0.001675
   18 	 -0.111111 	 -0.007668 	 -0.001590
   19 	 -0.111111 	 -0.007671 	 -0.001587
   20 	 -0.111111 	 -0.007500 	 -0.001575
   21 	 -0.090909 	 -0.007178 	 -0.001587
   22 	 -0.090909 	 -0.006366 	 -0.001337
   23 	 -0.090909 	 -0.006287 	 -0.001302
   24 	 -0.090909 	 -0.006289 	 -0.001318
   25 	 -0.090909 	 -0.006257 	 -0.001297
   26 	 -0.090909 	 -0.006280 	 -0.001305
   27 	 -0.090909 	 -0.006332 	 -0.001311
   28 	 -0.090909 	 -0.006273 	 -0.001299
   29 	 -0.090909 	 -0.006276 	 -0.001299
   30 	 -0.090909 	 -0.006362 	 -0.001311
   31 	 -0.090909 	 -0.006321 	 -0.001300
   32 	 -0.090909 	 -0.006278 	 -0.001302
   33 	 -0.090909 	 -0.006275 	 -0.001290
   34 	 -0.090909 	 -0.006277 	 -0.001302
   35 	 -0.090909 	 -0.006279 	 -0.001305
   36 	 -0.090909 	 -0.006279 	 -0.001302
   37 	 -0.090909 	 -0.006280 	 -0.001295
   38 	 -0.090909 	 -0.006276 	 -0.001299
   39 	 -0.090909 	 -0.006276 	 -0.001299
   40 	 -0.090909 	 -0.006277 	 -0.001302
   41 	 -0.090909 	 -0.006276 	 -0.001299
   42 	 -0.090909 	 -0.006276 	 -0.001299
   43 	 -0.090909 	 -0.006277 	 -0.001304
   44 	 -0.090909 	 -0.006279 	 -0.001305
   45 	 -0.090909 	 -0.006276 	 -0.001299
   46 	 -0.090909 	 -0.006265 	 -0.001290
   47 	 -0.090909 	 -0.006264 	 -0.001289
   48 	 -0.090909 	 -0.006270 	 -0.001295
   49 	 -0.090909 	 -0.006277 	 -0.001299
   50 	 -0.090909 	 -0.006276 	 -0.001299
   51 	 -0.090909 	 -0.006276 	 -0.001299
   52 	 -0.090909 	 -0.006232 	 -0.001297
   53 	 -0.090909 	 -0.006273 	 -0.001292
   54 	 -0.090909 	 -0.006276 	 -0.001299
   55 	 -0.090909 	 -0.006276 	 -0.001299
   56 	 -0.090909 	 -0.006277 	 -0.001304
   57 	 -0.090909 	 -0.006276 	 -0.001300
   58 	 -0.090909 	 -0.006276 	 -0.001299
   59 	 -0.090909 	 -0.006190 	 -0.001295
   60 	 -0.090909 	 -0.006273 	 -0.001300
   61 	 -0.090909 	 -0.006272 	 -0.001304
   62 	 -0.090909 	 -0.006259 	 -0.001294
   63 	 -0.090909 	 -0.006276 	 -0.001299
   64 	 -0.090909 	 -0.006294 	 -0.001305
   65 	 -0.090909 	 -0.006276 	 -0.001299
   66 	 -0.090909 	 -0.006238 	 -0.001304
   67 	 -0.090909 	 -0.006277 	 -0.001302
   68 	 -0.090909 	 -0.006266 	 -0.001299
   69 	 -0.142857 	 -0.007654 	 -0.001385
   70 	 -0.142857 	 -0.009562 	 -0.001880
   71 	 -0.142857 	 -0.009867 	 -0.002028
   72 	 -0.142857 	 -0.009855 	 -0.002033
   73 	 -0.142857 	 -0.009847 	 -0.002024
   74 	 -0.142857 	 -0.009872 	 -0.002058
   75 	 -0.142857 	 -0.009814 	 -0.002033
   76 	 -0.142857 	 -0.009870 	 -0.002037
   77 	 -0.142857 	 -0.009973 	 -0.002058
   78 	 -0.142857 	 -0.009837 	 -0.002037
   79 	 -0.142857 	 -0.009860 	 -0.002033
   80 	 -0.142857 	 -0.009823 	 -0.002016
   81 	 -0.142857 	 -0.009750 	 -0.002033
   82 	 -0.142857 	 -0.009863 	 -0.002041
   83 	 -0.142857 	 -0.009863 	 -0.002041
   84 	 -0.142857 	 -0.009860 	 -0.002020
   85 	 -0.142857 	 -0.009860 	 -0.002041
   86 	 -0.142857 	 -0.009852 	 -0.002033
   87 	 -0.142857 	 -0.009861 	 -0.002033
   88 	 -0.142857 	 -0.009857 	 -0.002033
   89 	 -0.142857 	 -0.009992 	 -0.002062
   90 	 -0.142857 	 -0.009863 	 -0.002041
   91 	 -0.142857 	 -0.009849 	 -0.002028
   92 	 -0.142857 	 -0.009857 	 -0.002037
   93 	 -0.142857 	 -0.009863 	 -0.002041
   94 	 -0.142857 	 -0.009804 	 -0.002037
   95 	 -0.142857 	 -0.009863 	 -0.002041
   96 	 -0.142857 	 -0.009820 	 -0.002041
   97 	 -0.142857 	 -0.009682 	 -0.002045
   98 	 -0.142857 	 -0.009817 	 -0.002028
   99 	 -0.142857 	 -0.009884 	 -0.002033
  100 	 -0.142857 	 -0.009863 	 -0.002041
  101 	 -0.142857 	 -0.009841 	 -0.002016
  102 	 -0.142857 	 -0.009864 	 -0.002041
  103 	 -0.142857 	 -0.009839 	 -0.002045
  104 	 -0.142857 	 -0.009863 	 -0.002041
  105 	 -0.142857 	 -0.009910 	 -0.002049
  106 	 -0.142857 	 -0.009852 	 -0.002033
  107 	 -0.142857 	 -0.009857 	 -0.002037
  108 	 -0.142857 	 -0.009848 	 -0.002041
  109 	 -0.142857 	 -0.009872 	 -0.002053
  110 	 -0.142857 	 -0.009866 	 -0.002049
  111 	 -0.142857 	 -0.009861 	 -0.002037
  112 	 -0.142857 	 -0.009875 	 -0.002058
  113 	 -0.142857 	 -0.009855 	 -0.002037
  114 	 -0.142857 	 -0.009863 	 -0.002041
  115 	 -0.142857 	 -0.009863 	 -0.002041
  116 	 -0.142857 	 -0.009856 	 -0.002037
  117 	 -0.142857 	 -0.009863 	 -0.002041
  118 	 -0.142857 	 -0.009896 	 -0.002033
  119 	 -0.142857 	 -0.010218 	 -0.002079
  120 	 -0.142857 	 -0.009863 	 -0.002041
  121 	 -0.142857 	 -0.009817 	 -0.002008
  122 	 -0.142857 	 -0.009888 	 -0.002037
  123 	 -0.142857 	 -0.009863 	 -0.002041
  124 	 -0.142857 	 -0.009863 	 -0.002041
  125 	 -0.142857 	 -0.009864 	 -0.002062
  126 	 -0.142857 	 -0.009743 	 -0.002016
  127 	 -0.142857 	 -0.009863 	 -0.002041
  128 	 -0.142857 	 -0.009804 	 -0.002037
  129 	 -0.142857 	 -0.009863 	 -0.002041
  130 	 -0.142857 	 -0.009889 	 -0.002070
  131 	 -0.142857 	 -0.010100 	 -0.002105
  132 	 -0.142857 	 -0.009878 	 -0.002058
  133 	 -0.142857 	 -0.009866 	 -0.002053
  134 	 -0.142857 	 -0.009863 	 -0.002041
  135 	 -0.142857 	 -0.009833 	 -0.002037
  136 	 -0.142857 	 -0.009863 	 -0.002041
  137 	 -0.142857 	 -0.009740 	 -0.002028
  138 	 -0.142857 	 -0.009911 	 -0.002049
  139 	 -0.142857 	 -0.009882 	 -0.002049
  140 	 -0.142857 	 -0.009841 	 -0.002016
  141 	 -0.142857 	 -0.009838 	 -0.002024
  142 	 -0.142857 	 -0.009928 	 -0.002066
  143 	 -0.142857 	 -0.009867 	 -0.002049
  144 	 -0.142857 	 -0.009865 	 -0.002083
  145 	 -0.500000 	 -0.016729 	 -0.002427
  146 	 -0.500000 	 -0.023774 	 -0.003922
  147 	 -0.500000 	 -0.024090 	 -0.004587
  148 	 -0.500000 	 -0.034413 	 -0.006897
  149 	 -0.500000 	 -0.034520 	 -0.007143
  150 	 -0.500000 	 -0.034646 	 -0.007299
  151 	 -0.500000 	 -0.034489 	 -0.007143
  152 	 -0.500000 	 -0.034934 	 -0.007194
  153 	 -0.500000 	 -0.034520 	 -0.007143
  154 	 -0.500000 	 -0.034520 	 -0.007143
  155 	 -0.500000 	 -0.033696 	 -0.007143
  156 	 -0.500000 	 -0.034466 	 -0.007042
  157 	 -0.500000 	 -0.034131 	 -0.006993
  158 	 -0.500000 	 -0.034880 	 -0.007463
  159 	 -0.500000 	 -0.033838 	 -0.006849
  160 	 -0.500000 	 -0.034117 	 -0.006897
  161 	 -0.500000 	 -0.034520 	 -0.007143
  162 	 -0.500000 	 -0.033745 	 -0.006849
  163 	 -0.500000 	 -0.033365 	 -0.006897
  164 	 -0.500000 	 -0.033732 	 -0.007353
  165 	 -0.500000 	 -0.034520 	 -0.007143
  166 	 -1.000000 	 -0.044372 	 -0.007194
  167 	 -1.000000 	 -0.057040 	 -0.012500
  168 	 -1.000000 	 -0.068448 	 -0.014085
  169 	 -1.000000 	 -0.063905 	 -0.013699
  170 	 -1.000000 	 -0.069030 	 -0.014286
  171 	 -1.000000 	 -0.066554 	 -0.013889
  172 	 -1.000000 	 -0.071645 	 -0.014706
  173 	 -1.000000 	 -0.069041 	 -0.014286
  174 	 -1.000000 	 -0.066861 	 -0.014085
  175 	 -1.000000 	 -0.057629 	 -0.014085
  176 	 -1.000000 	 -0.069041 	 -0.014286
  177 	 -1.000000 	 -0.069041 	 -0.014286
  178 	 -1.000000 	 -0.069041 	 -0.014286
  179 	 -1.000000 	 -0.070424 	 -0.014493
  180 	 -1.000000 	 -0.069043 	 -0.014493
  181 	 -1.000000 	 -0.068650 	 -0.015873
  182 	 -1.000000 	 -0.073548 	 -0.017241
  183 	 -1.000000 	 -0.067745 	 -0.014286
  184 	 -1.000000 	 -0.064474 	 -0.013699
  185 	 -1.000000 	 -0.060135 	 -0.009901
  186 	 -1.000000 	 -0.068635 	 -0.013889
  187 	 -1.000000 	 -0.068257 	 -0.013514
  188 	 -1.000000 	 -0.063408 	 -0.013699
  189 	 -1.000000 	 -0.069011 	 -0.014085
  190 	 -1.000000 	 -0.078741 	 -0.014085
  191 	 -1.000000 	 -0.067633 	 -0.013333
  192 	 -1.000000 	 -0.069041 	 -0.014286
  193 	 -1.000000 	 -0.069041 	 -0.014286
  194 	 -1.000000 	 -0.067900 	 -0.013333
  195 	 -1.000000 	 -0.068349 	 -0.014085
  196 	 -1.000000 	 -0.067171 	 -0.013889
  197 	 -1.000000 	 -0.068395 	 -0.014286
  198 	 -1.000000 	 -0.068569 	 -0.014085
  199 	 -1.000000 	 -0.070622 	 -0.014493
  200 	 -1.000000 	 -0.069203 	 -0.014493
  201 	 -1.000000 	 -0.068765 	 -0.013333
  202 	 -1.000000 	 -0.069091 	 -0.014493
  203 	 -0.500000 	 -0.046129 	 -0.011765
  204 	 -0.500000 	 -0.037790 	 -0.007812
  205 	 -0.500000 	 -0.034520 	 -0.007143
  206 	 -0.500000 	 -0.034591 	 -0.007246
  207 	 -0.500000 	 -0.034514 	 -0.007092
  208 	 -0.500000 	 -0.034749 	 -0.007092
  209 	 -0.500000 	 -0.034520 	 -0.007143
  210 	 -0.500000 	 -0.034106 	 -0.007194
  211 	 -0.500000 	 -0.033791 	 -0.007143
  212 	 -0.500000 	 -0.033919 	 -0.007092
  213 	 -0.500000 	 -0.034577 	 -0.007246
  214 	 -0.500000 	 0.115687 	 10.000000
  215 	 -0.500000 	 -0.039084 	 -0.008130
  216 	 -0.500000 	 -0.034520 	 -0.007143
  217 	 -0.500000 	 -0.034487 	 -0.007042
  218 	 -0.500000 	 -0.034487 	 -0.007092
  219 	 -0.500000 	 -0.035342 	 -0.007092
  220 	 -0.500000 	 -0.034569 	 -0.007194
  221 	 -0.500000 	 -0.032190 	 -0.006711
  222 	 -0.500000 	 -0.034416 	 -0.007194
  223 	 -0.500000 	 0.101028 	 10.000000
  224 	 0.007246 	 0.034584 	 0.500000
  225 	 0.006944 	 0.033660 	 0.500000
  226 	 0.006849 	 0.036757 	 0.500000
  227 	 0.007634 	 0.036168 	 0.500000
  228 	 0.007463 	 0.034971 	 0.500000
  229 	 0.007246 	 0.034541 	 0.500000
  230 	 0.007143 	 0.034841 	 0.500000
  231 	 0.007092 	 0.034524 	 0.500000
  232 	 0.007143 	 0.034520 	 0.500000
  233 	 0.007299 	 0.034696 	 0.500000
  234 	 0.007092 	 0.034514 	 0.500000
  235 	 0.007092 	 0.034447 	 0.500000
  236 	 0.007042 	 0.033985 	 0.500000
  237 	 0.006849 	 0.034225 	 0.500000
  238 	 0.006944 	 0.033197 	 0.500000
  239 	 0.007194 	 0.034335 	 0.500000
  240 	 0.007634 	 0.033923 	 0.500000
  241 	 0.007194 	 0.034358 	 0.500000
  242 	 0.007246 	 0.034482 	 0.500000
  243 	 0.007143 	 0.033909 	 0.500000
  244 	 0.006579 	 0.032724 	 0.500000
  245 	 0.006452 	 0.033660 	 0.500000
  246 	 0.006410 	 0.033371 	 0.500000
  247 	 0.006757 	 0.034292 	 0.500000
  248 	 0.007092 	 0.034700 	 0.500000
  249 	 0.007519 	 0.035389 	 0.500000
  250 	 0.007874 	 0.036327 	 0.500000
  251 	 0.007812 	 0.031927 	 0.500000
  252 	 0.006897 	 0.034214 	 0.500000
  253 	 0.006849 	 0.036879 	 0.500000
  254 	 0.007692 	 0.045640 	 1.000000
  255 	 0.009091 	 0.035130 	 0.333333
  256 	 0.008333 	 0.033052 	 0.333333
  257 	 0.007937 	 0.037213 	 0.500000
  258 	 0.008065 	 0.041949 	 0.500000
  259 	 0.009346 	 0.040277 	 0.500000
  260 	 0.008475 	 0.038376 	 0.500000
  261 	 0.007937 	 0.040692 	 0.500000
  262 	 0.009434 	 0.038967 	 0.500000
  263 	 0.008130 	 0.037802 	 0.500000
  264 	 0.007692 	 0.036042 	 0.500000
  265 	 0.007299 	 0.036534 	 0.500000
  266 	 0.007143 	 0.045174 	 1.000000
  267 	 0.008850 	 0.056780 	 1.000000
  268 	 0.011111 	 0.061588 	 1.000000
  269 	 0.011628 	 0.050342 	 1.000000
  270 	 0.010989 	 0.052837 	 1.000000
  271 	 0.011628 	 0.051488 	 0.500000
  272 	 0.010204 	 0.058592 	 1.000000
  273 	 0.012658 	 0.063322 	 1.000000
  274 	 0.012658 	 0.050551 	 0.500000
  275 	 0.011111 	 0.062882 	 1.000000
  276 	 0.011765 	 0.062685 	 1.000000
  277 	 0.012500 	 0.064723 	 1.000000
  278 	 0.013889 	 0.069996 	 1.000000
  279 	 0.014493 	 0.069432 	 1.000000
  280 	 0.015385 	 0.069124 	 1.000000
  281 	 0.014085 	 0.068067 	 1.000000
  282 	 0.014925 	 0.073457 	 1.000000
  283 	 0.016129 	 0.071679 	 1.000000
  284 	 0.015152 	 0.069897 	 1.000000
  285 	 0.015625 	 0.074489 	 1.000000
  286 	 0.014286 	 0.066935 	 1.000000
  287 	 0.013699 	 0.068661 	 1.000000
  288 	 0.013158 	 0.061823 	 1.000000
  289 	 0.014286 	 0.069147 	 1.000000
  290 	 0.013699 	 0.067671 	 1.000000
  291 	 0.012987 	 0.066021 	 1.000000
  292 	 0.012987 	 0.060626 	 1.000000
  293 	 0.013158 	 0.068684 	 1.000000
  294 	 0.014493 	 0.075979 	 1.000000
  295 	 0.015625 	 0.073346 	 1.000000
  296 	 0.015385 	 0.086333 	 1.000000
  297 	 0.018868 	 0.098008 	 1.000000
  298 	 0.018868 	 0.409844 	 10.000000
  299 	 -1.000000 	 0.898095 	 10.000000
  300 	 -1.000000 	 1.607143 	 10.000000
  301 	 0.333333 	 5.604762 	 10.000000
  302 	 10.000000 	 10.000000 	 10.000000
  303 	 -1.000000 	 1.580000 	 10.000000
  304 	 0.250000 	 0.961905 	 10.000000
  305 	 0.500000 	 7.750000 	 10.000000
  306 	 -1.000000 	 -1.000000 	 -1.000000
  307 	 -1.000000 	 -0.068702 	 -0.014085
  308 	 -1.000000 	 -0.071185 	 -0.015385
  309 	 -1.000000 	 -0.068720 	 -0.013333
  310 	 -1.000000 	 -0.068956 	 -0.013514
  311 	 -1.000000 	 -0.069041 	 -0.014286
  312 	 -1.000000 	 0.079650 	 10.000000
  313 	 0.014286 	 0.069041 	 1.000000
  314 	 0.013889 	 0.048012 	 0.333333
  315 	 0.012821 	 0.066793 	 1.000000
  316 	 0.012500 	 0.072929 	 1.000000
  317 	 0.013333 	 0.066601 	 1.000000
  318 	 0.013514 	 0.060753 	 1.000000
  319 	 0.013333 	 0.069861 	 1.000000
  320 	 0.012987 	 0.063536 	 1.000000
  321 	 0.013699 	 0.070862 	 1.000000
  322 	 0.013333 	 0.067810 	 1.000000
  323 	 0.012987 	 0.068297 	 1.000000
  324 	 0.013333 	 0.067997 	 1.000000
  325 	 0.014085 	 0.067668 	 1.000000
  326 	 0.012987 	 0.065857 	 1.000000
  327 	 0.012195 	 0.065168 	 1.000000
  328 	 0.012821 	 0.068395 	 1.000000
  329 	 0.014085 	 0.068917 	 1.000000
  330 	 0.014286 	 0.069041 	 1.000000
  331 	 0.014085 	 0.068938 	 1.000000
  332 	 0.013699 	 0.068091 	 1.000000
  333 	 0.013699 	 0.067902 	 1.000000
  334 	 0.014706 	 0.069906 	 1.000000
  335 	 0.014286 	 0.069041 	 1.000000
  336 	 0.014286 	 0.069041 	 1.000000
  337 	 0.013889 	 0.068298 	 1.000000
  338 	 0.015625 	 0.069801 	 1.000000
  339 	 0.015152 	 0.069584 	 1.000000
  340 	 0.013699 	 0.067376 	 1.000000
  341 	 0.014085 	 0.068401 	 1.000000
  342 	 0.014286 	 0.067323 	 1.000000
  343 	 0.013889 	 0.067615 	 1.000000
  344 	 0.014925 	 0.068845 	 1.000000
  345 	 0.014085 	 0.069035 	 1.000000
  346 	 0.012987 	 0.065994 	 1.000000
  347 	 0.013514 	 0.065219 	 1.000000
  348 	 0.014286 	 0.069041 	 1.000000
  349 	 0.013889 	 0.066332 	 1.000000
  350 	 0.013889 	 0.081063 	 1.000000
  351 	 -1.000000 	 0.233490 	 10.000000
  352 	 0.016949 	 0.056792 	 0.500000
  353 	 0.012658 	 0.056761 	 1.000000
  354 	 0.012658 	 0.061025 	 1.000000
  355 	 0.011628 	 0.059087 	 1.000000
  356 	 0.012658 	 0.067811 	 1.000000
  357 	 0.013889 	 0.065472 	 1.000000
  358 	 0.013333 	 0.062028 	 1.000000
  359 	 0.013699 	 0.064897 	 1.000000
  360 	 0.014493 	 0.066639 	 1.000000
  361 	 0.016393 	 0.237531 	 10.000000
  362 	 -0.333333 	 -0.041451 	 -0.009434
  363 	 -0.500000 	 -0.032630 	 -0.005988
  364 	 -0.333333 	 -0.022956 	 -0.004673
  365 	 -0.333333 	 -0.021896 	 -0.004762
  366 	 -0.333333 	 -0.022968 	 -0.004651
  367 	 -0.333333 	 -0.022840 	 -0.004673
  368 	 -0.333333 	 -0.023014 	 -0.004762
  369 	 -0.333333 	 -0.022698 	 -0.004587
  370 	 -0.333333 	 -0.023014 	 -0.004762
  371 	 -0.333333 	 -0.023044 	 -0.004808
  372 	 -0.333333 	 -0.023094 	 -0.004831
  373 	 -0.333333 	 -0.023020 	 -0.004785
  374 	 -0.333333 	 -0.022817 	 -0.004545
  375 	 -0.333333 	 -0.023014 	 -0.004762
  376 	 -0.333333 	 -0.023114 	 -0.004950
  377 	 -0.333333 	 -0.023014 	 -0.004762
  378 	 -0.333333 	 -0.023014 	 -0.004762
  379 	 -0.333333 	 -0.023014 	 -0.004762
  380 	 -0.333333 	 -0.023149 	 -0.004651
  381 	 -0.333333 	 -0.023014 	 -0.004762
  382 	 -0.333333 	 -0.023592 	 -0.004878
  383 	 -0.333333 	 -0.022897 	 -0.004717
  384 	 -0.333333 	 -0.021138 	 -0.004651
  385 	 -0.333333 	 -0.023014 	 -0.004762
  386 	 -0.333333 	 -0.023011 	 -0.004831
  387 	 -0.333333 	 -0.023031 	 -0.004831
  388 	 -0.333333 	 -0.023047 	 -0.004831
  389 	 -0.333333 	 -0.023024 	 -0.004785
  390 	 -0.333333 	 -0.022992 	 -0.004695
  391 	 -0.333333 	 -0.023014 	 -0.004762
  392 	 -0.333333 	 -0.023014 	 -0.004762
  393 	 -0.333333 	 -0.023099 	 -0.004831
  394 	 -0.333333 	 -0.022991 	 -0.004717
  395 	 -0.333333 	 -0.021268 	 -0.004878
  396 	 -0.333333 	 -0.019630 	 -0.004651
  397 	 -0.333333 	 -0.023010 	 -0.004695
  398 	 -0.333333 	 -0.023014 	 -0.004762
  399 	 -0.333333 	 -0.023054 	 -0.004831
 