   0 	 -1.000000 	 -0.071325 	 -0.008130
    1 	 -0.142857 	 -0.009980 	 -0.002062
    2 	 -0.142857 	 -0.009863 	 -0.002053
    3 	 -0.142857 	 -0.009864 	 -0.002053
    4 	 -0.142857 	 -0.009865 	 -0.002049
    5 	 -0.142857 	 -0.009953 	 -0.002058
    6 	 -0.142857 	 -0.009941 	 -0.002058
    7 	 -0.142857 	 -0.010258 	 -0.002364
    8 	 -0.142857 	 -0.010431 	 -0.002326
    9 	 -0.142857 	 -0.009862 	 -0.002041
   10 	 -0.142857 	 -0.009928 	 -0.002053
   11 	 -0.142857 	 -0.009868 	 -0.002041
   12 	 -0.142857 	 -0.009990 	 -0.002045
   13 	 -0.142857 	 -0.009863 	 -0.002041
   14 	 -0.142857 	 -0.009863 	 -0.002041
   15 	 -0.142857 	 -0.009863 	 -0.002041
   16 	 -0.142857 	 -0.009863 	 -0.002041
   17 	 -0.142857 	 -0.009870 	 -0.002041
   18 	 -0.142857 	 -0.009864 	 -0.002037
   19 	 -0.142857 	 -0.009865 	 -0.002045
   20 	 -0.142857 	 -0.009849 	 -0.002037
   21 	 -0.142857 	 -0.009891 	 -0.002062
   22 	 -0.142857 	 -0.009859 	 -0.002037
   23 	 -0.142857 	 -0.009863 	 -0.002041
   24 	 -0.142857 	 -0.009904 	 -0.002045
   25 	 -0.142857 	 -0.009843 	 -0.002033
   26 	 -0.142857 	 -0.009882 	 -0.002062
   27 	 -0.142857 	 -0.010047 	 -0.002079
   28 	 -0.142857 	 -0.009864 	 -0.002045
   29 	 -0.142857 	 -0.009877 	 -0.002045
   30 	 -0.142857 	 -0.009928 	 -0.002053
   31 	 -0.142857 	 -0.009895 	 -0.002075
   32 	 -0.142857 	 -0.009871 	 -0.002049
   33 	 -0.142857 	 -0.009870 	 -0.002045
   34 	 -0.142857 	 -0.009856 	 -0.002037
   35 	 -0.142857 	 -0.009834 	 -0.002024
   36 	 -0.142857 	 -0.009869 	 -0.002045
   37 	 -0.142857 	 -0.009867 	 -0.002049
   38 	 -0.142857 	 -0.009906 	 -0.002033
   39 	 -0.142857 	 -0.009863 	 -0.002045
   40 	 -0.166667 	 -0.010653 	 -0.002151
   41 	 -0.200000 	 -0.011983 	 -0.002392
   42 	 -0.166667 	 -0.012513 	 -0.002717
   43 	 -0.166667 	 -0.011554 	 -0.002392
   44 	 -0.166667 	 -0.011481 	 -0.002375
   45 	 -0.166667 	 -0.011507 	 -0.002381
   46 	 -0.166667 	 -0.011507 	 -0.002381
   47 	 -0.200000 	 -0.012310 	 -0.002392
   48 	 -0.200000 	 -0.013584 	 -0.002747
   49 	 -0.200000 	 -0.013834 	 -0.002882
   50 	 -0.200000 	 -0.014113 	 -0.002882
   51 	 -0.200000 	 -0.013808 	 -0.002857
   52 	 -0.200000 	 -0.013832 	 -0.002882
   53 	 -0.200000 	 -0.013808 	 -0.002857
   54 	 -0.200000 	 -0.013582 	 -0.002874
   55 	 -0.200000 	 -0.019614 	 -0.003546
   56 	 -0.200000 	 -0.013804 	 -0.002857
   57 	 -0.200000 	 -0.013808 	 -0.002857
   58 	 -0.200000 	 -0.013808 	 -0.002857
   59 	 -0.200000 	 -0.013780 	 -0.002841
   60 	 -0.200000 	 -0.013754 	 -0.002865
   61 	 -0.200000 	 -0.013808 	 -0.002841
   62 	 -0.200000 	 -0.013714 	 -0.002849
   63 	 -0.200000 	 -0.013909 	 -0.002882
   64 	 -0.200000 	 -0.013806 	 -0.002849
   65 	 -0.200000 	 -0.013738 	 -0.002825
   66 	 -0.200000 	 -0.013808 	 -0.002857
   67 	 -0.200000 	 -0.013787 	 -0.002849
   68 	 -0.200000 	 -0.013590 	 -0.002817
   69 	 -0.200000 	 -0.013808 	 -0.002857
   70 	 -0.200000 	 -0.013783 	 -0.002841
   71 	 -0.200000 	 -0.013877 	 -0.002915
   72 	 -0.200000 	 -0.014257 	 -0.002865
   73 	 -0.200000 	 -0.013806 	 -0.002849
   74 	 -0.200000 	 -0.013802 	 -0.002865
   75 	 -0.200000 	 -0.013808 	 -0.002857
   76 	 -0.200000 	 -0.013853 	 -0.002874
   77 	 -0.200000 	 -0.013808 	 -0.002857
   78 	 -0.200000 	 -0.013843 	 -0.002890
   79 	 -0.200000 	 -0.013850 	 -0.002865
   80 	 -0.200000 	 -0.013809 	 -0.002874
   81 	 -0.200000 	 -0.013792 	 -0.002865
   82 	 -0.200000 	 -0.013806 	 -0.002857
   83 	 -0.200000 	 -0.013838 	 -0.002890
   84 	 -0.200000 	 -0.013547 	 -0.002865
   85 	 -0.200000 	 -0.013809 	 -0.002874
   86 	 -0.200000 	 -0.013810 	 -0.002865
   87 	 -0.200000 	 -0.014032 	 -0.002841
   88 	 -0.200000 	 -0.013808 	 -0.002857
   89 	 -0.200000 	 -0.013109 	 -0.002817
   90 	 -0.200000 	 -0.013808 	 -0.002857
   91 	 -0.200000 	 -0.013648 	 -0.002809
   92 	 -0.200000 	 -0.013772 	 -0.002857
   93 	 -0.200000 	 -0.013812 	 -0.002890
   94 	 -0.200000 	 -0.013772 	 -0.002825
   95 	 -0.200000 	 -0.013918 	 -0.002924
   96 	 -0.200000 	 -0.013808 	 -0.002857
   97 	 -0.200000 	 -0.013790 	 -0.002833
   98 	 -0.200000 	 -0.013806 	 -0.002890
   99 	 -0.200000 	 -0.013859 	 -0.002899
  100 	 -0.200000 	 -0.013808 	 -0.002857
  101 	 -0.200000 	 -0.013904 	 -0.002941
  102 	 -0.200000 	 -0.013834 	 -0.002849
  103 	 -0.200000 	 -0.013255 	 -0.002825
  104 	 -0.200000 	 -0.013877 	 -0.002865
  105 	 -0.200000 	 -0.013800 	 -0.002865
  106 	 -0.200000 	 -0.013812 	 -0.002890
  107 	 -0.200000 	 -0.013812 	 -0.002874
  108 	 -0.200000 	 -0.013808 	 -0.002857
  109 	 -0.200000 	 -0.013789 	 -0.002865
  110 	 -0.200000 	 -0.013808 	 -0.002857
  111 	 -0.200000 	 -0.013845 	 -0.002890
  112 	 -0.200000 	 -0.013819 	 -0.002890
  113 	 -0.200000 	 -0.013839 	 -0.002882
  114 	 -0.200000 	 -0.013808 	 -0.002857
  115 	 -0.200000 	 -0.013798 	 -0.002849
  116 	 -0.200000 	 -0.013813 	 -0.002865
  117 	 -0.200000 	 -0.013808 	 -0.002857
  118 	 -0.200000 	 -0.014726 	 -0.002865
  119 	 -0.200000 	 -0.013918 	 -0.002915
  120 	 -0.200000 	 -0.013780 	 -0.002849
  121 	 -0.200000 	 -0.013808 	 -0.002857
  122 	 -0.200000 	 -0.013810 	 -0.002882
  123 	 -0.200000 	 -0.013842 	 -0.002882
  124 	 -0.200000 	 -0.013808 	 -0.002857
  125 	 -0.200000 	 -0.013808 	 -0.002857
  126 	 -0.200000 	 -0.013805 	 -0.002874
  127 	 -0.200000 	 -0.013808 	 -0.002857
  128 	 -0.200000 	 -0.013808 	 -0.002857
  129 	 -0.200000 	 -0.014195 	 -0.002950
  130 	 -0.200000 	 -0.013813 	 -0.002890
  131 	 -0.200000 	 -0.013806 	 -0.002849
  132 	 -0.200000 	 -0.013807 	 -0.002874
  133 	 -0.200000 	 -0.013798 	 -0.002849
  134 	 -0.200000 	 -0.013596 	 -0.002841
  135 	 -0.200000 	 -0.013809 	 -0.002874
  136 	 -0.200000 	 -0.013932 	 -0.002882
  137 	 -0.200000 	 -0.013844 	 -0.002865
  138 	 -0.200000 	 -0.013801 	 -0.002841
  139 	 -0.200000 	 -0.013780 	 -0.002849
  140 	 -0.200000 	 -0.013808 	 -0.002857
  141 	 -0.200000 	 -0.014022 	 -0.002882
  142 	 -0.200000 	 -0.013833 	 -0.002874
  143 	 -0.200000 	 -0.013808 	 -0.002857
  144 	 -0.200000 	 -0.013788 	 -0.002849
  145 	 -0.200000 	 -0.013757 	 -0.002833
  146 	 -0.200000 	 -0.013808 	 -0.002849
  147 	 -0.200000 	 -0.013808 	 -0.002857
  148 	 -0.200000 	 -0.013808 	 -0.002857
  149 	 -0.200000 	 -0.014008 	 -0.002915
  150 	 -0.200000 	 -0.013883 	 -0.002882
  151 	 -0.200000 	 -0.013808 	 -0.002857
  152 	 -0.200000 	 -0.013808 	 -0.002857
  153 	 -0.200000 	 -0.013808 	 -0.002857
  154 	 -0.200000 	 -0.013808 	 -0.002857
  155 	 -0.200000 	 -0.013685 	 -0.002825
  156 	 -0.200000 	 -0.013808 	 -0.002857
  157 	 -0.200000 	 -0.013887 	 -0.002874
  158 	 -0.200000 	 -0.013690 	 -0.002825
  159 	 -0.200000 	 -0.013808 	 -0.002857
  160 	 -0.200000 	 -0.013720 	 -0.002833
  161 	 -0.200000 	 -0.013799 	 -0.002857
  162 	 -0.200000 	 -0.013782 	 -0.002849
  163 	 -0.200000 	 -0.013925 	 -0.002915
  164 	 -0.200000 	 -0.013869 	 -0.002874
  165 	 -0.200000 	 -0.013817 	 -0.002882
  166 	 -0.200000 	 -0.014048 	 -0.002899
  167 	 -0.200000 	 -0.013808 	 -0.002857
  168 	 -0.200000 	 -0.015242 	 -0.002874
  169 	 -0.200000 	 -0.013795 	 -0.002849
  170 	 -0.200000 	 -0.013801 	 -0.002849
  171 	 -0.200000 	 -0.013808 	 -0.002857
  172 	 -0.200000 	 -0.013843 	 -0.002890
  173 	 -0.200000 	 -0.013870 	 -0.002865
  174 	 -0.200000 	 -0.013808 	 -0.002857
  175 	 -0.200000 	 -0.013935 	 -0.002857
  176 	 -0.200000 	 -0.013808 	 -0.002857
  177 	 -0.200000 	 -0.013808 	 -0.002849
  178 	 -0.200000 	 -0.013808 	 -0.002857
  179 	 -0.200000 	 -0.013822 	 -0.002890
  180 	 -0.200000 	 -0.013905 	 -0.002841
  181 	 -0.200000 	 -0.013808 	 -0.002857
  182 	 -0.200000 	 -0.013808 	 -0.002857
  183 	 -0.200000 	 -0.013807 	 -0.002849
  184 	 -0.200000 	 -0.013808 	 -0.002857
  185 	 -0.200000 	 -0.013794 	 -0.002849
  186 	 -0.200000 	 -0.013808 	 -0.002857
  187 	 -0.200000 	 -0.013831 	 -0.002882
  188 	 -0.200000 	 -0.013808 	 -0.002857
  189 	 -0.200000 	 -0.013808 	 -0.002857
  190 	 -0.200000 	 -0.013808 	 -0.002857
  191 	 -0.200000 	 -0.013808 	 -0.002857
  192 	 -0.200000 	 -0.013638 	 -0.002833
  193 	 -0.200000 	 -0.013826 	 -0.002882
  194 	 -0.200000 	 -0.013808 	 -0.002857
  195 	 -0.200000 	 -0.013809 	 -0.002890
  196 	 -0.200000 	 -0.013814 	 -0.002882
  197 	 -0.200000 	 -0.013799 	 -0.002825
  198 	 -0.200000 	 -0.013808 	 -0.002857
  199 	 -0.200000 	 -0.013808 	 -0.002857
  200 	 -0.200000 	 -0.013808 	 -0.002857
  201 	 -0.200000 	 -0.013808 	 -0.002857
  202 	 -0.200000 	 -0.013808 	 -0.002857
  203 	 -0.200000 	 -0.013784 	 -0.002857
  204 	 -0.200000 	 -0.013828 	 -0.002833
  205 	 -0.200000 	 -0.013804 	 -0.002849
  206 	 -0.200000 	 -0.013808 	 -0.002857
  207 	 -0.200000 	 -0.014191 	 -0.002882
  208 	 -0.200000 	 -0.013808 	 -0.002857
  209 	 -0.200000 	 -0.013808 	 -0.002857
  210 	 -0.200000 	 -0.013867 	 -0.002890
  211 	 -0.200000 	 -0.013934 	 -0.002882
  212 	 -0.200000 	 -0.013825 	 -0.002890
  213 	 -0.200000 	 -0.013797 	 -0.002833
  214 	 -0.200000 	 -0.013857 	 -0.002890
  215 	 -0.200000 	 -0.013808 	 -0.002857
  216 	 -0.200000 	 -0.013803 	 -0.002849
  217 	 -0.200000 	 -0.013808 	 -0.002857
  218 	 -0.500000 	 -0.019531 	 -0.002915
  219 	 -0.500000 	 -0.028481 	 -0.004587
  220 	 -0.200000 	 -0.021122 	 -0.004831
  221 	 -0.200000 	 -0.016367 	 -0.003155
  222 	 -0.200000 	 -0.013808 	 -0.002857
  223 	 -0.200000 	 -0.013796 	 -0.002833
  224 	 -0.200000 	 -0.013804 	 -0.002817
  225 	 -0.200000 	 -0.013808 	 -0.002857
  226 	 -0.200000 	 -0.013893 	 -0.002874
  227 	 -0.200000 	 -0.013813 	 -0.002890
  228 	 -0.200000 	 -0.013758 	 -0.002849
  229 	 -0.200000 	 -0.013759 	 -0.002817
  230 	 -0.200000 	 -0.013784 	 -0.002849
  231 	 -0.200000 	 -0.013705 	 -0.002817
  232 	 -0.200000 	 -0.013809 	 -0.002890
  233 	 -0.200000 	 -0.013808 	 -0.002857
  234 	 -0.200000 	 -0.013808 	 -0.002865
  235 	 -0.200000 	 -0.013819 	 -0.002865
  236 	 -0.200000 	 -0.013808 	 -0.002857
  237 	 -0.200000 	 -0.013808 	 -0.002857
  238 	 -0.200000 	 -0.013731 	 -0.002801
  239 	 -0.200000 	 -0.013757 	 -0.002849
  240 	 -0.200000 	 -0.013814 	 -0.002890
  241 	 -0.200000 	 -0.013859 	 -0.002890
  242 	 -0.200000 	 -0.013812 	 -0.002890
  243 	 -0.200000 	 -0.013806 	 -0.002849
  244 	 -0.200000 	 -0.013789 	 -0.002865
  245 	 -0.200000 	 -0.013784 	 -0.002841
  246 	 -0.200000 	 -0.013835 	 -0.002890
  247 	 -0.200000 	 -0.013816 	 -0.002882
  248 	 -0.200000 	 -0.014580 	 -0.003106
  249 	 -0.200000 	 -0.013808 	 -0.002857
  250 	 -0.200000 	 -0.013926 	 -0.002874
  251 	 -0.200000 	 -0.013797 	 -0.002874
  252 	 -0.200000 	 -0.013827 	 -0.002874
  253 	 -0.200000 	 -0.013811 	 -0.002857
  254 	 -0.200000 	 -0.013879 	 -0.002890
  255 	 -0.200000 	 -0.013769 	 -0.002825
  256 	 -0.200000 	 -0.013873 	 -0.002882
  257 	 -0.200000 	 -0.013741 	 -0.002849
  258 	 -0.200000 	 -0.014223 	 -0.002890
  259 	 -0.200000 	 -0.013808 	 -0.002857
  260 	 -0.200000 	 -0.014231 	 -0.002882
  261 	 -0.200000 	 -0.013967 	 -0.002865
  262 	 -0.200000 	 -0.013819 	 -0.002874
  263 	 -0.200000 	 -0.013791 	 -0.002849
  264 	 -0.200000 	 -0.013812 	 -0.002865
  265 	 -0.200000 	 -0.013808 	 -0.002857
  266 	 -0.200000 	 -0.013384 	 -0.002841
  267 	 -0.200000 	 -0.015770 	 -0.002874
  268 	 -0.200000 	 -0.013852 	 -0.002890
  269 	 -0.200000 	 -0.013517 	 -0.002841
  270 	 -0.200000 	 -0.013644 	 -0.002817
  271 	 -0.200000 	 -0.013808 	 -0.002857
  272 	 -0.200000 	 -0.013808 	 -0.002857
  273 	 -0.200000 	 -0.013808 	 -0.002857
  274 	 -0.200000 	 -0.013808 	 -0.002849
  275 	 -0.200000 	 -0.013821 	 -0.002874
  276 	 -0.200000 	 -0.013724 	 -0.002841
  277 	 -0.200000 	 -0.013801 	 -0.002849
  278 	 -0.200000 	 -0.013820 	 -0.002857
  279 	 -0.200000 	 -0.013576 	 -0.002809
  280 	 -0.200000 	 -0.013808 	 -0.002857
  281 	 -0.200000 	 -0.013808 	 -0.002857
  282 	 -0.200000 	 -0.014150 	 -0.002890
  283 	 -0.200000 	 -0.013965 	 -0.002865
  284 	 -0.200000 	 -0.014857 	 -0.002890
  285 	 -0.200000 	 -0.014152 	 -0.002907
  286 	 -0.200000 	 -0.013855 	 -0.002874
  287 	 -0.200000 	 -0.013802 	 -0.002841
  288 	 -0.200000 	 -0.013937 	 -0.002857
  289 	 -0.200000 	 -0.013808 	 -0.002857
  290 	 -0.200000 	 -0.013808 	 -0.002857
  291 	 -0.200000 	 -0.013750 	 -0.002817
  292 	 -0.200000 	 -0.013808 	 -0.002857
  293 	 -0.200000 	 -0.013808 	 -0.002857
  294 	 -0.200000 	 -0.013814 	 -0.002874
  295 	 -0.200000 	 -0.013808 	 -0.002857
  296 	 -0.200000 	 -0.013808 	 -0.002857
  297 	 -0.200000 	 -0.013808 	 -0.002857
  298 	 -0.200000 	 -0.013797 	 -0.002833
  299 	 -0.200000 	 -0.013808 	 -0.002857
  300 	 -0.333333 	 -0.016450 	 -0.002849
  301 	 -0.200000 	 -0.018243 	 -0.003922
  302 	 -0.200000 	 -0.014092 	 -0.002967
  303 	 -0.200000 	 -0.013967 	 -0.002865
  304 	 -0.200000 	 -0.013809 	 -0.002857
  305 	 -0.200000 	 -0.013750 	 -0.002849
  306 	 -0.200000 	 -0.013771 	 -0.002857
  307 	 -0.200000 	 -0.013862 	 -0.002865
  308 	 -0.200000 	 -0.013878 	 -0.002874
  309 	 -0.200000 	 -0.013778 	 -0.002857
  310 	 -0.200000 	 -0.013826 	 -0.002874
  311 	 -0.200000 	 -0.013740 	 -0.002841
  312 	 -0.200000 	 -0.013692 	 -0.002849
  313 	 -0.200000 	 -0.013844 	 -0.002882
  314 	 -0.200000 	 -0.014002 	 -0.002890
  315 	 -0.200000 	 -0.013834 	 -0.002882
  316 	 -0.200000 	 -0.013832 	 -0.002874
  317 	 -0.200000 	 -0.013808 	 -0.002817
  318 	 -0.200000 	 -0.012319 	 -0.002347
  319 	 -0.200000 	 -0.013790 	 -0.002874
  320 	 -0.200000 	 -0.013808 	 -0.002857
  321 	 -0.200000 	 -0.013795 	 -0.002849
  322 	 -0.200000 	 -0.013769 	 -0.002817
  323 	 -0.200000 	 -0.013808 	 -0.002857
  324 	 -0.200000 	 -0.013871 	 -0.002933
  325 	 -0.200000 	 -0.013806 	 -0.002849
  326 	 -0.200000 	 -0.013808 	 -0.002857
  327 	 -0.200000 	 -0.013813 	 -0.002915
  328 	 -0.200000 	 -0.013813 	 -0.002865
  329 	 -0.200000 	 -0.013809 	 -0.002865
  330 	 -0.200000 	 -0.013818 	 -0.002899
  331 	 -0.200000 	 -0.013808 	 -0.002857
  332 	 -0.200000 	 -0.013775 	 -0.002865
  333 	 -0.200000 	 -0.013808 	 -0.002857
  334 	 -0.200000 	 -0.013967 	 -0.002882
  335 	 -0.200000 	 -0.013821 	 -0.002857
  336 	 -0.200000 	 -0.013808 	 -0.002857
  337 	 -0.200000 	 -0.013816 	 -0.002874
  338 	 -0.200000 	 -0.013808 	 -0.002857
  339 	 -0.200000 	 -0.013808 	 -0.002857
  340 	 -0.200000 	 -0.013749 	 -0.002841
  341 	 -0.200000 	 -0.013771 	 -0.002801
  342 	 -0.200000 	 -0.013803 	 -0.002849
  343 	 -0.200000 	 -0.013808 	 -0.002841
  344 	 -0.200000 	 -0.013807 	 -0.002865
  345 	 -0.200000 	 -0.013932 	 -0.002915
  346 	 -0.200000 	 -0.013808 	 -0.002857
  347 	 -0.200000 	 -0.013808 	 -0.002857
  348 	 -0.200000 	 -0.013771 	 -0.002849
  349 	 -0.200000 	 -0.013952 	 -0.002882
  350 	 -0.200000 	 -0.013808 	 -0.002857
  351 	 -0.200000 	 -0.012151 	 -0.002786
  352 	 -0.200000 	 -0.013812 	 -0.002882
  353 	 -0.200000 	 -0.013808 	 -0.002857
  354 	 -0.200000 	 -0.013811 	 -0.002874
  355 	 -0.200000 	 -0.013808 	 -0.002857
  356 	 -0.200000 	 -0.013808 	 -0.002857
  357 	 -0.200000 	 -0.013808 	 -0.002857
  358 	 -0.200000 	 -0.013885 	 -0.002874
  359 	 -0.200000 	 -0.013805 	 -0.002825
  360 	 -0.200000 	 -0.013808 	 -0.002857
  361 	 -1.000000 	 -0.027239 	 -0.002907
  362 	 -0.200000 	 -0.020036 	 -0.004386
  363 	 -0.200000 	 -0.015149 	 -0.003333
  364 	 -0.200000 	 -0.014801 	 -0.003356
  365 	 -0.200000 	 -0.013808 	 -0.002857
  366 	 -0.200000 	 -0.013851 	 -0.002833
  367 	 -0.200000 	 -0.013801 	 -0.002849
  368 	 -0.200000 	 -0.013935 	 -0.002950
  369 	 -0.200000 	 -0.015186 	 -0.003067
  370 	 -0.200000 	 -0.015820 	 -0.002907
  371 	 -0.200000 	 -0.014398 	 -0.002732
  372 	 -0.200000 	 -0.013775 	 -0.002857
  373 	 -0.200000 	 -0.013857 	 -0.002865
  374 	 -0.200000 	 -0.013814 	 -0.002874
  375 	 -0.200000 	 -0.013842 	 -0.002899
  376 	 -0.200000 	 -0.013835 	 -0.002865
  377 	 -0.200000 	 -0.013810 	 -0.002874
  378 	 -0.200000 	 -0.013808 	 -0.002857
  379 	 -0.200000 	 -0.013808 	 -0.002857
  380 	 -0.200000 	 -0.013879 	 -0.002890
  381 	 -0.200000 	 -0.013726 	 -0.002778
  382 	 -0.200000 	 -0.013762 	 -0.002841
  383 	 -0.200000 	 -0.013806 	 -0.002849
  384 	 -0.200000 	 -0.013831 	 -0.002874
  385 	 -0.200000 	 -0.013812 	 -0.002890
  386 	 -0.200000 	 -0.013774 	 -0.002849
  387 	 -0.200000 	 -0.013599 	 -0.002849
  388 	 -0.200000 	 -0.014317 	 -0.002882
  389 	 -0.200000 	 -0.013760 	 -0.002841
  390 	 -0.200000 	 -0.013808 	 -0.002857
  391 	 -0.200000 	 -0.013765 	 -0.002817
  392 	 -0.200000 	 -0.013984 	 -0.002899
  393 	 -0.200000 	 -0.013878 	 -0.002882
  394 	 -0.200000 	 -0.013808 	 -0.002857
  395 	 -0.200000 	 -0.013793 	 -0.002849
  396 	 -0.200000 	 -0.013808 	 -0.002857
  397 	 -0.200000 	 -0.013828 	 -0.002874
  398 	 -0.200000 	 -0.013808 	 -0.002857
  399 	 -0.200000 	 -0.013827 	 -0.002890
 