   0 	 -1.000000 	 0.218753 	 10.000000
    1 	 -1.000000 	 -0.061591 	 0.500000
    2 	 -0.500000 	 0.192193 	 10.000000
    3 	 0.004484 	 0.018834 	 0.166667
    4 	 0.005319 	 0.046540 	 1.000000
    5 	 -0.333333 	 0.046709 	 1.000000
    6 	 -1.000000 	 0.021400 	 0.200000
    7 	 -0.500000 	 0.033310 	 0.250000
    8 	 0.010638 	 0.033735 	 0.333333
    9 	 -1.000000 	 0.047705 	 1.000000
   10 	 -1.000000 	 0.986844 	 10.000000
   11 	 -1.000000 	 -0.135940 	 -0.040000
   12 	 -0.500000 	 -0.034520 	 -0.007143
   13 	 -0.500000 	 -0.034520 	 -0.007143
   14 	 -0.500000 	 -0.034420 	 -0.007092
   15 	 -0.500000 	 -0.034545 	 -0.007194
   16 	 -0.500000 	 -0.034659 	 -0.007353
   17 	 -0.500000 	 -0.034664 	 -0.006993
   18 	 -0.500000 	 -0.034615 	 -0.007576
   19 	 -0.500000 	 -0.034572 	 -0.007353
   20 	 -0.500000 	 -0.034562 	 -0.007299
   21 	 -0.500000 	 -0.034520 	 -0.007143
   22 	 -0.500000 	 -0.034816 	 -0.007353
   23 	 -0.500000 	 -0.033469 	 -0.006897
   24 	 -0.500000 	 -0.034520 	 -0.007143
   25 	 -0.500000 	 -0.034503 	 -0.007092
   26 	 -0.500000 	 -0.033575 	 -0.006944
   27 	 -0.500000 	 -0.034311 	 -0.007092
   28 	 -0.500000 	 -0.034547 	 -0.007143
   29 	 -0.500000 	 -0.034419 	 -0.006944
   30 	 -0.500000 	 -0.034515 	 -0.007092
   31 	 -0.500000 	 -0.034525 	 -0.007194
   32 	 -0.500000 	 -0.034422 	 -0.007143
   33 	 -0.500000 	 -0.034533 	 -0.007194
   34 	 -0.500000 	 -0.034520 	 -0.007143
   35 	 -0.500000 	 -0.034520 	 -0.007143
   36 	 -0.500000 	 -0.035007 	 -0.007299
   37 	 -0.500000 	 -0.034520 	 -0.007143
   38 	 -0.500000 	 -0.034520 	 -0.007143
   39 	 -0.500000 	 -0.034520 	 -0.007143
   40 	 -0.500000 	 -0.034646 	 -0.007519
   41 	 -0.500000 	 -0.034520 	 -0.007143
   42 	 -0.500000 	 -0.034520 	 -0.007143
   43 	 -0.500000 	 -0.034483 	 -0.006993
   44 	 -0.500000 	 -0.034533 	 -0.007353
   45 	 -0.500000 	 -0.034534 	 -0.007246
   46 	 -1.000000 	 -0.044315 	 -0.007143
   47 	 -0.500000 	 -0.038381 	 -0.010000
   48 	 -0.500000 	 -0.032936 	 -0.007299
   49 	 -0.500000 	 -0.034733 	 -0.007194
   50 	 -0.500000 	 -0.034520 	 -0.007143
   51 	 -0.500000 	 -0.035154 	 -0.007194
   52 	 -0.500000 	 -0.034512 	 -0.007092
   53 	 -0.500000 	 -0.034520 	 -0.007143
   54 	 -0.500000 	 -0.034846 	 -0.007576
   55 	 -0.333333 	 -0.030069 	 -0.007042
   56 	 -0.333333 	 -0.024385 	 -0.005000
   57 	 -0.333333 	 -0.023878 	 -0.005051
   58 	 -0.333333 	 -0.023800 	 -0.005291
   59 	 -0.333333 	 -0.022960 	 -0.004762
   60 	 -0.333333 	 -0.023039 	 -0.004808
   61 	 -0.333333 	 -0.023014 	 -0.004762
   62 	 -0.333333 	 -0.022979 	 -0.004739
   63 	 -0.333333 	 -0.023014 	 -0.004762
   64 	 -0.333333 	 -0.022865 	 -0.004717
   65 	 -0.333333 	 -0.023853 	 -0.004854
   66 	 -0.333333 	 -0.023013 	 -0.004739
   67 	 -0.333333 	 -0.023012 	 -0.004808
   68 	 -0.333333 	 -0.023196 	 -0.004831
   69 	 -0.333333 	 -0.022891 	 -0.004695
   70 	 -0.333333 	 -0.023000 	 -0.004739
   71 	 -0.333333 	 -0.023032 	 -0.004785
   72 	 -0.333333 	 -0.023045 	 -0.004785
   73 	 -0.333333 	 -0.023071 	 -0.004854
   74 	 -0.333333 	 -0.022928 	 -0.004739
   75 	 -0.333333 	 -0.023014 	 -0.004762
   76 	 -0.333333 	 -0.023105 	 -0.004808
   77 	 -0.333333 	 -0.022688 	 -0.004831
   78 	 -0.333333 	 -0.023014 	 -0.004762
   79 	 -0.333333 	 -0.022911 	 -0.004739
   80 	 -0.333333 	 -0.023000 	 -0.004739
   81 	 -0.333333 	 -0.023014 	 -0.004762
   82 	 -0.333333 	 -0.023014 	 -0.004762
   83 	 -0.333333 	 -0.022994 	 -0.004695
   84 	 -0.333333 	 -0.023059 	 -0.004785
   85 	 -0.142857 	 -0.017936 	 -0.004695
   86 	 -0.333333 	 -0.014563 	 -0.002262
   87 	 -0.333333 	 -0.018754 	 -0.003135
   88 	 -0.333333 	 -0.018764 	 -0.003401
   89 	 -0.333333 	 -0.017962 	 -0.003268
   90 	 -0.333333 	 -0.023005 	 -0.004739
   91 	 -0.333333 	 -0.023014 	 -0.004762
   92 	 -0.333333 	 -0.023014 	 -0.004762
   93 	 -0.333333 	 -0.022756 	 -0.004739
   94 	 -0.333333 	 -0.023014 	 -0.004762
   95 	 -0.333333 	 -0.023122 	 -0.004854
   96 	 -0.333333 	 -0.023062 	 -0.004762
   97 	 -0.333333 	 -0.024013 	 -0.004854
   98 	 -0.333333 	 -0.023023 	 -0.004762
   99 	 -0.333333 	 -0.021904 	 -0.004608
  100 	 -0.333333 	 -0.023014 	 -0.004762
  101 	 -0.333333 	 -0.023023 	 -0.004785
  102 	 -0.333333 	 -0.026801 	 -0.004808
  103 	 -0.333333 	 -0.023014 	 -0.004762
  104 	 -0.333333 	 -0.023149 	 -0.004762
  105 	 -0.333333 	 -0.023032 	 -0.004785
  106 	 -0.333333 	 -0.022894 	 -0.004673
  107 	 -0.333333 	 -0.022413 	 -0.004587
  108 	 -0.333333 	 -0.023014 	 -0.004762
  109 	 -0.333333 	 -0.022824 	 -0.004651
  110 	 -0.333333 	 -0.023011 	 -0.004695
  111 	 -0.333333 	 -0.023016 	 -0.004854
  112 	 -0.333333 	 -0.023006 	 -0.004717
  113 	 -0.333333 	 -0.023834 	 -0.004950
  114 	 -0.333333 	 -0.023014 	 -0.004762
  115 	 -0.333333 	 -0.023014 	 -0.004762
  116 	 -0.333333 	 -0.023003 	 -0.004739
  117 	 -0.333333 	 -0.023011 	 -0.004695
  118 	 -0.333333 	 -0.024139 	 -0.004785
  119 	 -0.333333 	 -0.022999 	 -0.004673
  120 	 -0.333333 	 -0.023715 	 -0.004082
  121 	 -0.333333 	 -0.022974 	 -0.004762
  122 	 -0.333333 	 -0.023004 	 -0.004808
  123 	 -0.333333 	 -0.025429 	 -0.005747
  124 	 -0.333333 	 -0.026099 	 -0.005556
  125 	 -0.333333 	 -0.023100 	 -0.004739
  126 	 -0.333333 	 -0.023014 	 -0.004762
  127 	 -0.333333 	 -0.023014 	 -0.004762
  128 	 -0.333333 	 -0.022993 	 -0.004717
  129 	 -0.333333 	 -0.022945 	 -0.004695
  130 	 -0.333333 	 -0.023029 	 -0.004808
  131 	 -0.333333 	 -0.023014 	 -0.004762
  132 	 -0.333333 	 0.119912 	 10.000000
  133 	 -1.000000 	 3.242857 	 10.000000
  134 	 -0.500000 	 7.323810 	 10.000000
  135 	 -0.333333 	 2.233333 	 10.000000
  136 	 -1.000000 	 0.940476 	 10.000000
  137 	 10.000000 	 10.000000 	 10.000000
  138 	 1.000000 	 4.471429 	 10.000000
  139 	 -1.000000 	 -0.476190 	 10.000000
  140 	 -0.500000 	 2.650476 	 10.000000
  141 	 -1.000000 	 6.407143 	 10.000000
  142 	 -0.250000 	 4.728571 	 10.000000
  143 	 0.250000 	 3.453571 	 10.000000
  144 	 -0.333333 	 3.947619 	 10.000000
  145 	 -0.500000 	 9.850000 	 10.000000
  146 	 -1.000000 	 1.692857 	 10.000000
  147 	 -1.000000 	 6.657143 	 10.000000
  148 	 10.000000 	 10.000000 	 10.000000
  149 	 -0.500000 	 5.585714 	 10.000000
  150 	 1.000000 	 7.042857 	 10.000000
  151 	 0.250000 	 6.378571 	 10.000000
  152 	 10.000000 	 10.000000 	 10.000000
  153 	 0.250000 	 0.528571 	 10.000000
  154 	 -1.000000 	 6.096429 	 10.000000
  155 	 0.250000 	 0.463095 	 10.000000
  156 	 -1.000000 	 -0.366667 	 10.000000
  157 	 0.500000 	 7.285714 	 10.000000
  158 	 -0.200000 	 5.049796 	 10.000000
  159 	 0.250000 	 4.985714 	 10.000000
  160 	 0.250000 	 7.492857 	 10.000000
  161 	 10.000000 	 10.000000 	 10.000000
  162 	 0.333333 	 2.466667 	 10.000000
  163 	 -1.000000 	 -0.328571 	 10.000000
  164 	 0.250000 	 6.657143 	 10.000000
  165 	 -0.333333 	 9.557143 	 10.000000
  166 	 0.250000 	 8.607143 	 10.000000
  167 	 -0.333333 	 8.391071 	 10.000000
  168 	 -0.250000 	 2.092857 	 10.000000
  169 	 -1.000000 	 7.080952 	 10.000000
  170 	 -0.333333 	 1.585714 	 10.000000
  171 	 -0.500000 	 9.100000 	 10.000000
  172 	 10.000000 	 10.000000 	 10.000000
  173 	 -1.000000 	 0.414286 	 10.000000
  174 	 10.000000 	 10.000000 	 10.000000
  175 	 0.333333 	 1.309524 	 10.000000
  176 	 -1.000000 	 6.050000 	 10.000000
  177 	 -0.333333 	 0.030952 	 10.000000
  178 	 0.333333 	 4.890476 	 10.000000
  179 	 -0.333333 	 1.142857 	 10.000000
  180 	 -1.000000 	 3.166667 	 10.000000
  181 	 10.000000 	 10.000000 	 10.000000
  182 	 10.000000 	 10.000000 	 10.000000
  183 	 10.000000 	 10.000000 	 10.000000
  184 	 10.000000 	 10.000000 	 10.000000
  185 	 0.250000 	 2.942857 	 10.000000
  186 	 0.090909 	 1.530380 	 10.000000
  187 	 -1.000000 	 1.714286 	 10.000000
  188 	 -1.000000 	 0.804762 	 10.000000
  189 	 0.250000 	 6.378571 	 10.000000
  190 	 10.000000 	 10.000000 	 10.000000
  191 	 -0.200000 	 -0.046190 	 10.000000
  192 	 10.000000 	 10.000000 	 10.000000
  193 	 10.000000 	 10.000000 	 10.000000
  194 	 -1.000000 	 0.571429 	 10.000000
  195 	 -1.000000 	 8.271429 	 10.000000
  196 	 10.000000 	 10.000000 	 10.000000
  197 	 -1.000000 	 5.642857 	 10.000000
  198 	 -0.333333 	 0.847619 	 10.000000
  199 	 1.000000 	 1.514286 	 10.000000
  200 	 -1.000000 	 0.683367 	 10.000000
  201 	 0.166667 	 1.040476 	 10.000000
  202 	 -1.000000 	 -0.035714 	 10.000000
  203 	 -0.333333 	 2.176190 	 10.000000
  204 	 -0.333333 	 5.011905 	 10.000000
  205 	 -1.000000 	 2.280000 	 10.000000
  206 	 -1.000000 	 -1.000000 	 -1.000000
  207 	 -1.000000 	 -0.068218 	 -0.012821
  208 	 -1.000000 	 -0.068766 	 -0.014085
  209 	 -1.000000 	 -0.072468 	 -0.015152
  210 	 -1.000000 	 -0.070937 	 -0.014706
  211 	 -1.000000 	 -0.067197 	 -0.013514
  212 	 -1.000000 	 -0.071306 	 -0.015152
  213 	 -1.000000 	 -0.069041 	 -0.014286
  214 	 -1.000000 	 -0.065018 	 -0.013889
  215 	 -1.000000 	 -0.069041 	 -0.014286
  216 	 -1.000000 	 -0.064430 	 -0.013699
  217 	 -1.000000 	 -0.087182 	 -0.015625
  218 	 -1.000000 	 -0.069041 	 -0.014286
  219 	 -1.000000 	 -0.070146 	 -0.015873
  220 	 -1.000000 	 -0.068866 	 -0.014085
  221 	 -1.000000 	 -0.068931 	 -0.014085
  222 	 -1.000000 	 -0.069041 	 -0.014286
  223 	 -1.000000 	 -0.067974 	 -0.013889
  224 	 -1.000000 	 0.088513 	 10.000000
  225 	 -1.000000 	 -0.094418 	 -0.019608
  226 	 -1.000000 	 -0.082597 	 -0.021277
  227 	 -1.000000 	 -0.068271 	 -0.013889
  228 	 -1.000000 	 -0.068984 	 -0.013333
  229 	 -1.000000 	 -0.069683 	 -0.014085
  230 	 -1.000000 	 -0.069163 	 -0.014706
  231 	 -1.000000 	 -0.069041 	 -0.014286
  232 	 -1.000000 	 -0.079056 	 -0.015152
  233 	 -1.000000 	 -0.069041 	 -0.014286
  234 	 -1.000000 	 -0.068834 	 -0.014085
  235 	 -1.000000 	 -0.068572 	 -0.013514
  236 	 -1.000000 	 -0.067151 	 -0.013889
  237 	 -1.000000 	 -0.071912 	 -0.015152
  238 	 -1.000000 	 -0.069041 	 -0.014286
  239 	 -1.000000 	 0.073420 	 10.000000
  240 	 -1.000000 	 -0.068862 	 -0.013514
  241 	 -1.000000 	 -0.068477 	 -0.013699
  242 	 -1.000000 	 -0.073867 	 -0.014706
  243 	 -1.000000 	 0.067355 	 10.000000
  244 	 -1.000000 	 -0.069388 	 -0.015385
  245 	 -1.000000 	 0.074021 	 10.000000
  246 	 1.000000 	 8.071429 	 10.000000
  247 	 -0.333333 	 6.767857 	 10.000000
  248 	 -1.000000 	 -0.314286 	 10.000000
  249 	 0.250000 	 1.782143 	 10.000000
  250 	 -0.500000 	 2.050000 	 10.000000
  251 	 10.000000 	 10.000000 	 10.000000
  252 	 -0.500000 	 3.700000 	 10.000000
  253 	 10.000000 	 10.000000 	 10.000000
  254 	 -0.333333 	 1.733333 	 10.000000
  255 	 10.000000 	 10.000000 	 10.000000
  256 	 -0.200000 	 9.417143 	 10.000000
  257 	 -1.000000 	 5.128571 	 10.000000
  258 	 10.000000 	 10.000000 	 10.000000
  259 	 -0.333333 	 5.571429 	 10.000000
  260 	 -0.333333 	 2.250108 	 10.000000
  261 	 10.000000 	 10.000000 	 10.000000
  262 	 -0.333333 	 6.604762 	 10.000000
  263 	 -1.000000 	 8.114286 	 10.000000
  264 	 -1.000000 	 3.721429 	 10.000000
  265 	 -1.000000 	 8.742857 	 10.000000
  266 	 -0.500000 	 8.714286 	 10.000000
  267 	 10.000000 	 10.000000 	 10.000000
  268 	 -1.000000 	 7.650000 	 10.000000
  269 	 0.166667 	 5.114286 	 10.000000
  270 	 -0.333333 	 9.261905 	 10.000000
  271 	 -0.333333 	 -0.038095 	 10.000000
  272 	 -1.000000 	 2.215476 	 10.000000
  273 	 -0.500000 	 -0.148571 	 10.000000
  274 	 0.500000 	 1.314286 	 10.000000
  275 	 -0.200000 	 6.511837 	 10.000000
  276 	 -0.333333 	 6.604762 	 10.000000
  277 	 -0.500000 	 5.164286 	 10.000000
  278 	 -1.000000 	 4.607143 	 10.000000
  279 	 0.250000 	 3.014286 	 10.000000
  280 	 10.000000 	 10.000000 	 10.000000
  281 	 10.000000 	 10.000000 	 10.000000
  282 	 1.000000 	 3.442857 	 10.000000
  283 	 0.166667 	 2.326190 	 10.000000
  284 	 0.333333 	 4.971429 	 10.000000
  285 	 -1.000000 	 8.742857 	 10.000000
  286 	 -1.000000 	 0.885714 	 10.000000
  287 	 0.250000 	 1.364286 	 10.000000
  288 	 -0.250000 	 1.316071 	 10.000000
  289 	 -0.250000 	 5.753571 	 10.000000
  290 	 10.000000 	 10.000000 	 10.000000
  291 	 0.125000 	 5.919643 	 10.000000
  292 	 -0.250000 	 2.898413 	 10.000000
  293 	 -0.500000 	 5.850000 	 10.000000
  294 	 -0.500000 	 0.838095 	 10.000000
  295 	 0.166667 	 5.395238 	 10.000000
  296 	 -0.250000 	 5.753571 	 10.000000
  297 	 0.250000 	 1.642857 	 10.000000
  298 	 -1.000000 	 0.571429 	 10.000000
  299 	 -1.000000 	 1.314286 	 10.000000
  300 	 0.500000 	 2.671429 	 10.000000
  301 	 10.000000 	 10.000000 	 10.000000
  302 	 -1.000000 	 -0.595238 	 -0.166667
  303 	 -1.000000 	 -0.071307 	 -0.015385
  304 	 -1.000000 	 -0.070207 	 -0.014925
  305 	 -1.000000 	 -0.069219 	 -0.014706
  306 	 -1.000000 	 -0.065608 	 -0.014085
  307 	 -1.000000 	 -0.069041 	 -0.014286
  308 	 -1.000000 	 -0.068564 	 -0.013699
  309 	 -1.000000 	 -0.068865 	 -0.013889
  310 	 -1.000000 	 -0.068224 	 -0.013889
  311 	 -1.000000 	 -0.062099 	 -0.014085
  312 	 -1.000000 	 -0.070643 	 -0.015152
  313 	 -1.000000 	 -0.068150 	 -0.013889
  314 	 -1.000000 	 -0.069283 	 -0.014493
  315 	 -1.000000 	 -0.071685 	 -0.015152
  316 	 -1.000000 	 -0.068845 	 -0.014085
  317 	 -1.000000 	 -0.069135 	 -0.014706
  318 	 -1.000000 	 -0.068956 	 -0.014085
  319 	 -1.000000 	 -0.071522 	 -0.014286
  320 	 -1.000000 	 -0.069041 	 -0.014286
  321 	 -1.000000 	 -0.069041 	 -0.014286
  322 	 -1.000000 	 -0.069041 	 -0.014286
  323 	 -1.000000 	 -0.065576 	 -0.013514
  324 	 -0.333333 	 -0.048012 	 -0.013889
  325 	 -0.333333 	 -0.024014 	 -0.005025
  326 	 -0.333333 	 -0.023014 	 -0.004762
  327 	 -0.333333 	 -0.023120 	 -0.004854
  328 	 -0.333333 	 -0.022736 	 -0.004717
  329 	 -0.333333 	 -0.023014 	 -0.004762
  330 	 -0.333333 	 -0.025315 	 -0.004950
  331 	 -0.333333 	 -0.023091 	 -0.004831
  332 	 -0.333333 	 -0.023059 	 -0.004785
  333 	 -0.200000 	 -0.018887 	 -0.004739
  334 	 -0.200000 	 -0.014046 	 -0.003086
  335 	 -0.200000 	 -0.013835 	 -0.002865
  336 	 -0.200000 	 -0.013808 	 -0.002857
  337 	 -0.200000 	 -0.013847 	 -0.002890
  338 	 -0.200000 	 -0.013808 	 -0.002857
  339 	 -0.200000 	 -0.014740 	 -0.002941
  340 	 -0.200000 	 -0.013776 	 -0.002857
  341 	 -0.200000 	 -0.013849 	 -0.002865
  342 	 -0.200000 	 -0.013808 	 -0.002857
  343 	 -0.200000 	 -0.013812 	 -0.002874
  344 	 -0.200000 	 -0.013808 	 -0.002857
  345 	 -0.200000 	 -0.013799 	 -0.002841
  346 	 -0.200000 	 -0.014130 	 -0.002967
  347 	 -0.200000 	 -0.013761 	 -0.002793
  348 	 -0.200000 	 -0.013792 	 -0.002833
  349 	 -0.200000 	 -0.013768 	 -0.002833
  350 	 -0.200000 	 -0.013802 	 -0.002841
  351 	 -0.200000 	 -0.013842 	 -0.002874
  352 	 -0.200000 	 -0.013808 	 -0.002857
  353 	 -0.200000 	 -0.013781 	 -0.002841
  354 	 -0.200000 	 -0.013808 	 -0.002857
  355 	 -0.200000 	 -0.013885 	 -0.002882
  356 	 -0.200000 	 -0.013904 	 -0.002882
  357 	 -0.200000 	 -0.013800 	 -0.002833
  358 	 -0.200000 	 -0.013807 	 -0.002841
  359 	 -0.200000 	 -0.013811 	 -0.002865
  360 	 -0.200000 	 -0.014057 	 -0.002874
  361 	 -0.200000 	 -0.013815 	 -0.002890
  362 	 -0.200000 	 -0.013889 	 -0.002865
  363 	 -0.200000 	 -0.013861 	 -0.002865
  364 	 -0.200000 	 -0.013761 	 -0.002825
  365 	 -0.200000 	 -0.013817 	 -0.002882
  366 	 -0.200000 	 -0.013827 	 -0.002857
  367 	 -0.200000 	 -0.013851 	 -0.002874
  368 	 -0.200000 	 -0.013987 	 -0.002976
  369 	 -0.200000 	 -0.013927 	 -0.002933
  370 	 -0.200000 	 -0.013790 	 -0.002833
  371 	 -0.200000 	 -0.013808 	 -0.002857
  372 	 -0.200000 	 -0.013839 	 -0.002874
  373 	 -0.200000 	 -0.013823 	 -0.002874
  374 	 -0.200000 	 -0.013865 	 -0.002882
  375 	 -0.200000 	 -0.013941 	 -0.002882
  376 	 -0.500000 	 -0.019451 	 -0.002874
  377 	 -0.500000 	 -0.023715 	 -0.004762
  378 	 -0.500000 	 -0.034593 	 -0.007463
  379 	 -0.500000 	 -0.034520 	 -0.007143
  380 	 -0.500000 	 -0.034646 	 -0.007194
  381 	 -0.500000 	 -0.034042 	 -0.007092
  382 	 -0.500000 	 -0.034551 	 -0.007353
  383 	 -0.500000 	 -0.034763 	 -0.007353
  384 	 -0.500000 	 -0.035068 	 -0.007246
  385 	 -0.500000 	 -0.034961 	 -0.007194
  386 	 -0.500000 	 -0.034502 	 -0.006944
  387 	 -0.500000 	 -0.034706 	 -0.007353
  388 	 -0.500000 	 -0.032371 	 -0.006803
  389 	 -0.500000 	 -0.034391 	 -0.006897
  390 	 -0.500000 	 -0.034724 	 -0.007576
  391 	 -0.500000 	 -0.033829 	 -0.007042
  392 	 -0.500000 	 -0.034585 	 -0.007299
  393 	 -0.500000 	 -0.034640 	 -0.007299
  394 	 -0.500000 	 -0.034569 	 -0.007194
  395 	 -0.500000 	 -0.034198 	 -0.006757
  396 	 -0.500000 	 -0.034520 	 -0.007143
  397 	 -0.500000 	 -0.034357 	 -0.007143
  398 	 -0.500000 	 -0.037550 	 -0.007463
  399 	 -0.500000 	 -0.032101 	 -0.006944
 