   0 	 -1.000000 	 0.400490 	 10.000000
    1 	 -1.000000 	 0.176554 	 10.000000
    2 	 0.006897 	 0.029800 	 0.250000
    3 	 0.005780 	 0.161293 	 10.000000
    4 	 0.055556 	 0.399451 	 10.000000
    5 	 0.047619 	 0.392682 	 10.000000
    6 	 0.500000 	 1.550000 	 10.000000
    7 	 -0.250000 	 4.567143 	 10.000000
    8 	 10.000000 	 10.000000 	 10.000000
    9 	 10.000000 	 10.000000 	 10.000000
   10 	 -1.000000 	 7.866667 	 10.000000
   11 	 -0.250000 	 2.407143 	 10.000000
   12 	 -1.000000 	 0.414286 	 10.000000
   13 	 10.000000 	 10.000000 	 10.000000
   14 	 0.500000 	 5.657143 	 10.000000
   15 	 10.000000 	 10.000000 	 10.000000
   16 	 0.333333 	 2.680952 	 10.000000
   17 	 -0.500000 	 9.700000 	 10.000000
   18 	 1.000000 	 7.685714 	 10.000000
   19 	 -0.333333 	 3.692857 	 10.000000
   20 	 0.250000 	 0.807143 	 10.000000
   21 	 1.000000 	 1.642857 	 10.000000
   22 	 -1.000000 	 4.821429 	 10.000000
   23 	 10.000000 	 10.000000 	 10.000000
   24 	 -0.333333 	 2.176190 	 10.000000
   25 	 1.000000 	 7.685714 	 10.000000
   26 	 -1.000000 	 7.957143 	 10.000000
   27 	 0.200000 	 9.440000 	 10.000000
   28 	 -1.000000 	 -0.066429 	 10.000000
   29 	 0.250000 	 0.667857 	 10.000000
   30 	 10.000000 	 10.000000 	 10.000000
   31 	 10.000000 	 10.000000 	 10.000000
   32 	 0.500000 	 9.185714 	 10.000000
   33 	 0.500000 	 6.742857 	 10.000000
   34 	 10.000000 	 10.000000 	 10.000000
   35 	 -1.000000 	 2.142857 	 10.000000
   36 	 0.200000 	 4.520000 	 10.000000
   37 	 0.250000 	 4.035714 	 10.000000
   38 	 1.000000 	 5.628571 	 10.000000
   39 	 0.250000 	 8.050000 	 10.000000
   40 	 -1.000000 	 7.246429 	 10.000000
   41 	 1.000000 	 1.385714 	 10.000000
   42 	 0.250000 	 5.344048 	 10.000000
   43 	 0.200000 	 0.932143 	 10.000000
   44 	 0.200000 	 1.187619 	 10.000000
   45 	 0.333333 	 2.128571 	 10.000000
   46 	 -1.000000 	 2.426190 	 10.000000
   47 	 0.111111 	 1.203492 	 10.000000
   48 	 0.166667 	 3.980952 	 10.000000
   49 	 -1.000000 	 2.457143 	 10.000000
   50 	 0.125000 	 1.361905 	 10.000000
   51 	 -0.500000 	 2.519728 	 10.000000
   52 	 -0.333333 	 4.242857 	 10.000000
   53 	 0.250000 	 7.407143 	 10.000000
   54 	 -0.333333 	 -0.321429 	 -0.250000
   55 	 -0.333333 	 -0.023034 	 -0.004831
   56 	 -0.333333 	 -0.023171 	 -0.004878
   57 	 -0.333333 	 -0.023014 	 -0.004762
   58 	 -0.333333 	 -0.023007 	 -0.004673
   59 	 -0.333333 	 -0.023161 	 -0.004831
   60 	 -0.333333 	 -0.023014 	 -0.004762
   61 	 -0.333333 	 -0.023059 	 -0.004785
   62 	 -0.333333 	 -0.023091 	 -0.004808
   63 	 -0.333333 	 -0.023014 	 -0.004762
   64 	 -0.333333 	 -0.023022 	 -0.004785
   65 	 -0.333333 	 -0.023014 	 -0.004762
   66 	 -0.333333 	 -0.022403 	 -0.004717
   67 	 -0.333333 	 -0.023065 	 -0.004831
   68 	 -0.333333 	 -0.022965 	 -0.004673
   69 	 -0.333333 	 -0.023014 	 -0.004762
   70 	 -0.333333 	 -0.023041 	 -0.004854
   71 	 -0.333333 	 -0.024254 	 -0.004950
   72 	 -0.333333 	 -0.023014 	 -0.004762
   73 	 -0.333333 	 -0.022844 	 -0.004587
   74 	 -0.333333 	 -0.023014 	 -0.004762
   75 	 -0.333333 	 -0.023020 	 -0.004808
   76 	 -0.333333 	 -0.022872 	 -0.004695
   77 	 -0.333333 	 -0.023032 	 -0.004878
   78 	 -0.333333 	 -0.022936 	 -0.004673
   79 	 -0.333333 	 -0.023088 	 -0.004785
   80 	 -0.333333 	 -0.023068 	 -0.004831
   81 	 -0.333333 	 -0.023067 	 -0.004854
   82 	 -0.333333 	 -0.023014 	 -0.004762
   83 	 -0.333333 	 -0.023011 	 -0.004673
   84 	 -0.333333 	 -0.022605 	 -0.004739
   85 	 -0.333333 	 -0.024489 	 -0.004762
   86 	 -0.333333 	 -0.022727 	 -0.004651
   87 	 -0.333333 	 -0.023014 	 -0.004762
   88 	 -0.333333 	 -0.023122 	 -0.004762
   89 	 -0.333333 	 -0.023510 	 -0.005025
   90 	 -0.333333 	 -0.022325 	 -0.004673
   91 	 -0.333333 	 -0.022948 	 -0.004739
   92 	 -0.333333 	 -0.023014 	 -0.004762
   93 	 -0.333333 	 -0.023014 	 -0.004762
   94 	 -0.333333 	 -0.022860 	 -0.004739
   95 	 -0.333333 	 -0.023042 	 -0.004785
   96 	 -0.333333 	 -0.022991 	 -0.004739
   97 	 -0.333333 	 -0.023014 	 -0.004762
   98 	 -0.333333 	 -0.023058 	 -0.004808
   99 	 -0.333333 	 -0.023014 	 -0.004762
  100 	 -0.333333 	 -0.022826 	 -0.004717
  101 	 -0.333333 	 -0.022974 	 -0.004695
  102 	 -0.333333 	 -0.023014 	 -0.004762
  103 	 -0.333333 	 -0.023100 	 -0.004854
  104 	 -0.333333 	 -0.023025 	 -0.004831
  105 	 -0.333333 	 -0.023090 	 -0.004831
  106 	 -0.333333 	 -0.023014 	 -0.004762
  107 	 -0.333333 	 -0.023014 	 -0.004762
  108 	 -0.333333 	 -0.023014 	 -0.004762
  109 	 -0.333333 	 -0.023017 	 -0.004739
  110 	 -0.333333 	 -0.023019 	 -0.004785
  111 	 -0.333333 	 -0.023014 	 -0.004762
  112 	 -0.333333 	 -0.023017 	 -0.004785
  113 	 -0.333333 	 -0.023024 	 -0.004785
  114 	 -0.333333 	 -0.023014 	 -0.004762
  115 	 -0.333333 	 -0.023022 	 -0.004785
  116 	 -0.333333 	 -0.023047 	 -0.004785
  117 	 -0.333333 	 -0.023721 	 -0.004854
  118 	 -0.333333 	 -0.024685 	 -0.004739
  119 	 -0.333333 	 -0.023095 	 -0.004854
  120 	 -0.333333 	 -0.023016 	 -0.004808
  121 	 -0.333333 	 -0.023094 	 -0.004785
  122 	 -0.333333 	 -0.023014 	 -0.004785
  123 	 -0.333333 	 -0.025361 	 -0.005000
  124 	 -0.333333 	 -0.022793 	 -0.004695
  125 	 -0.333333 	 -0.023326 	 -0.005000
  126 	 -0.333333 	 -0.023017 	 -0.004785
  127 	 -0.333333 	 -0.022829 	 -0.004739
  128 	 -0.333333 	 -0.023014 	 -0.004762
  129 	 -0.333333 	 -0.023014 	 -0.004762
  130 	 -0.333333 	 -0.024509 	 -0.004902
  131 	 -0.333333 	 -0.022965 	 -0.004673
  132 	 -0.333333 	 -0.023014 	 -0.004785
  133 	 -0.333333 	 -0.022753 	 -0.004673
  134 	 -0.333333 	 -0.023110 	 -0.004785
  135 	 -0.333333 	 -0.023014 	 -0.004762
  136 	 -0.333333 	 -0.023131 	 -0.004785
  137 	 -0.333333 	 -0.022402 	 -0.004831
  138 	 -0.333333 	 -0.023014 	 -0.004762
  139 	 -0.333333 	 -0.022952 	 -0.004695
  140 	 -0.333333 	 -0.023153 	 -0.004762
  141 	 -0.333333 	 -0.022515 	 -0.004717
  142 	 -0.333333 	 -0.023059 	 -0.004831
  143 	 -0.333333 	 -0.023122 	 -0.004831
  144 	 -0.333333 	 -0.023724 	 -0.004854
  145 	 -0.333333 	 -0.023029 	 -0.004785
  146 	 -0.333333 	 -0.023662 	 -0.004785
  147 	 -0.333333 	 -0.023049 	 -0.004831
  148 	 -0.333333 	 -0.024139 	 -0.004785
  149 	 -0.333333 	 -0.020704 	 -0.004831
  150 	 -0.333333 	 -0.023014 	 -0.004762
  151 	 -0.333333 	 -0.023014 	 -0.004762
  152 	 -0.333333 	 -0.023081 	 -0.004878
  153 	 -0.333333 	 -0.023037 	 -0.004831
  154 	 -0.333333 	 -0.023019 	 -0.004762
  155 	 -0.333333 	 -0.023014 	 -0.004762
  156 	 -0.333333 	 -0.023014 	 -0.004762
  157 	 -0.333333 	 -0.023251 	 -0.004926
  158 	 -0.333333 	 -0.023493 	 -0.004785
  159 	 -0.333333 	 -0.023014 	 -0.004762
  160 	 -0.333333 	 -0.024089 	 -0.004785
  161 	 -0.333333 	 -0.022879 	 -0.004739
  162 	 -0.333333 	 -0.022847 	 -0.004739
  163 	 -0.333333 	 -0.023135 	 -0.004902
  164 	 -0.333333 	 -0.022764 	 -0.004762
  165 	 -0.333333 	 -0.023102 	 -0.004878
  166 	 -0.333333 	 -0.023014 	 -0.004785
  167 	 -0.333333 	 -0.025035 	 -0.005051
  168 	 -0.333333 	 -0.025161 	 -0.005291
  169 	 -0.500000 	 -0.028924 	 -0.004975
  170 	 -0.500000 	 -0.033458 	 -0.006711
  171 	 -0.500000 	 -0.034525 	 -0.007194
  172 	 -0.500000 	 -0.033797 	 -0.006944
  173 	 -0.500000 	 -0.034689 	 -0.007407
  174 	 -0.500000 	 -0.036650 	 -0.007407
  175 	 -0.500000 	 -0.034556 	 -0.007194
  176 	 -0.500000 	 -0.033370 	 -0.006993
  177 	 -1.000000 	 -0.044372 	 -0.007194
  178 	 -1.000000 	 -0.058861 	 -0.010309
  179 	 -1.000000 	 -0.067766 	 -0.013333
  180 	 -1.000000 	 0.074794 	 10.000000
  181 	 -1.000000 	 -0.068644 	 -0.014286
  182 	 -1.000000 	 -0.068938 	 -0.014085
  183 	 -1.000000 	 -0.069060 	 -0.014493
  184 	 -1.000000 	 -0.069041 	 -0.014286
  185 	 -1.000000 	 -0.064812 	 -0.013514
  186 	 -1.000000 	 -0.069041 	 -0.014286
  187 	 -1.000000 	 -0.069041 	 -0.014286
  188 	 -1.000000 	 -0.069041 	 -0.014286
  189 	 -1.000000 	 -0.068592 	 -0.014085
  190 	 -1.000000 	 -0.069692 	 -0.015152
  191 	 -1.000000 	 -0.067584 	 -0.013514
  192 	 -1.000000 	 -0.069083 	 -0.014493
  193 	 -1.000000 	 -0.069820 	 -0.014706
  194 	 -1.000000 	 -0.069041 	 -0.014286
  195 	 -1.000000 	 -0.069041 	 -0.014286
  196 	 -1.000000 	 -0.069514 	 -0.014925
  197 	 -1.000000 	 -0.069548 	 -0.014925
  198 	 -1.000000 	 -0.068842 	 -0.014286
  199 	 -1.000000 	 0.131809 	 10.000000
  200 	 -1.000000 	 -0.069739 	 -0.015152
  201 	 -1.000000 	 -0.069041 	 -0.014286
  202 	 -1.000000 	 -0.067584 	 -0.013514
  203 	 -1.000000 	 -0.070877 	 -0.014493
  204 	 -1.000000 	 -0.069041 	 -0.014286
  205 	 -1.000000 	 -0.068998 	 -0.014706
  206 	 -1.000000 	 -0.070207 	 -0.014925
  207 	 -1.000000 	 -0.068994 	 -0.013514
  208 	 -1.000000 	 -0.067320 	 -0.013158
  209 	 -1.000000 	 -0.071973 	 -0.015385
  210 	 -1.000000 	 -0.069041 	 -0.014286
  211 	 -1.000000 	 -0.067556 	 -0.013889
  212 	 -1.000000 	 -0.069041 	 -0.014286
  213 	 -1.000000 	 -0.070043 	 -0.014706
  214 	 -1.000000 	 -0.068938 	 -0.014085
  215 	 -1.000000 	 -0.069096 	 -0.014493
  216 	 -1.000000 	 -0.069041 	 -0.014286
  217 	 -1.000000 	 -0.068349 	 -0.013889
  218 	 -1.000000 	 -0.068590 	 -0.013699
  219 	 -1.000000 	 -0.069880 	 -0.016393
  220 	 -1.000000 	 -0.051488 	 -0.013333
  221 	 -1.000000 	 -0.069059 	 -0.014706
  222 	 -1.000000 	 -0.068899 	 -0.013514
  223 	 -1.000000 	 -0.068875 	 -0.014085
  224 	 -1.000000 	 -0.069041 	 -0.014286
  225 	 -1.000000 	 -0.069041 	 -0.014286
  226 	 -1.000000 	 -0.068602 	 -0.014286
  227 	 -1.000000 	 -0.069041 	 -0.014286
  228 	 -1.000000 	 -0.069029 	 -0.014085
  229 	 -1.000000 	 -0.069041 	 -0.014286
  230 	 -1.000000 	 -0.069491 	 -0.015152
  231 	 -1.000000 	 -0.069169 	 -0.013889
  232 	 -0.500000 	 -0.059688 	 -0.013333
  233 	 -0.500000 	 -0.035677 	 -0.007519
  234 	 -0.500000 	 -0.034520 	 -0.007143
  235 	 -0.500000 	 -0.034520 	 -0.007143
  236 	 -0.500000 	 -0.034520 	 -0.007143
  237 	 -0.500000 	 -0.032078 	 -0.006897
  238 	 -0.500000 	 -0.033897 	 -0.007042
  239 	 -0.500000 	 -0.034632 	 -0.007246
  240 	 -0.500000 	 -0.032803 	 -0.006993
  241 	 -0.500000 	 -0.034909 	 -0.007299
  242 	 -0.500000 	 -0.034437 	 -0.007092
  243 	 -0.500000 	 -0.035207 	 -0.007353
  244 	 -0.500000 	 -0.034657 	 -0.007299
  245 	 -0.500000 	 -0.034335 	 -0.007042
  246 	 -0.500000 	 -0.034496 	 -0.007092
  247 	 -0.500000 	 -0.034520 	 -0.007143
  248 	 -0.500000 	 -0.035405 	 -0.007407
  249 	 -0.500000 	 -0.034520 	 -0.007143
  250 	 -0.500000 	 -0.034659 	 -0.007353
  251 	 -1.000000 	 -0.044504 	 -0.007353
  252 	 -1.000000 	 -0.060647 	 -0.010989
  253 	 -1.000000 	 -0.063894 	 -0.011905
  254 	 -1.000000 	 -0.065220 	 -0.013514
  255 	 -1.000000 	 0.101020 	 10.000000
  256 	 -1.000000 	 -0.069436 	 -0.015152
  257 	 -1.000000 	 -0.069441 	 -0.015152
  258 	 -1.000000 	 -0.069006 	 -0.013514
  259 	 -1.000000 	 -0.069316 	 -0.015152
  260 	 -1.000000 	 -0.069041 	 -0.014286
  261 	 -1.000000 	 -0.069041 	 -0.014286
  262 	 -1.000000 	 -0.069041 	 -0.014286
  263 	 -1.000000 	 -0.069041 	 -0.014286
  264 	 -1.000000 	 -0.069312 	 -0.014925
  265 	 -1.000000 	 -0.069071 	 -0.014493
  266 	 -1.000000 	 -0.068640 	 -0.013889
  267 	 -1.000000 	 -0.056190 	 -0.011364
  268 	 -1.000000 	 -0.086539 	 -0.015152
  269 	 -1.000000 	 -0.069412 	 -0.014706
  270 	 -1.000000 	 -0.068522 	 -0.013158
  271 	 -1.000000 	 -0.069041 	 -0.014286
  272 	 -1.000000 	 -0.075979 	 -0.014493
  273 	 -1.000000 	 -0.069137 	 -0.014085
  274 	 -1.000000 	 -0.073910 	 -0.015625
  275 	 -1.000000 	 -0.069846 	 -0.014706
  276 	 -1.000000 	 -0.070451 	 -0.015152
  277 	 -1.000000 	 0.020549 	 10.000000
  278 	 0.007042 	 0.034023 	 0.500000
  279 	 0.007143 	 0.035210 	 0.500000
  280 	 0.007194 	 0.037265 	 0.500000
  281 	 0.007634 	 0.035747 	 0.500000
  282 	 0.007463 	 0.037725 	 0.500000
  283 	 0.008065 	 0.036734 	 0.500000
  284 	 0.008475 	 0.052782 	 1.000000
  285 	 0.011494 	 0.052851 	 1.000000
  286 	 -1.000000 	 0.194438 	 10.000000
  287 	 0.013333 	 0.069223 	 1.000000
  288 	 0.013333 	 0.056045 	 1.000000
  289 	 0.014085 	 0.080716 	 1.000000
  290 	 0.016129 	 0.071135 	 1.000000
  291 	 0.011765 	 0.068577 	 1.000000
  292 	 0.014493 	 0.077247 	 1.000000
  293 	 0.014925 	 0.069422 	 1.000000
  294 	 0.014493 	 0.071457 	 1.000000
  295 	 0.014706 	 0.069110 	 1.000000
  296 	 0.012987 	 0.069550 	 1.000000
  297 	 0.012987 	 0.067457 	 1.000000
  298 	 0.014286 	 0.069041 	 1.000000
  299 	 0.014286 	 0.069041 	 1.000000
  300 	 0.014493 	 0.071830 	 1.000000
  301 	 0.014085 	 0.067336 	 1.000000
  302 	 0.014925 	 0.071851 	 1.000000
  303 	 0.015385 	 0.070196 	 1.000000
  304 	 0.015625 	 0.071943 	 1.000000
  305 	 0.014286 	 0.069032 	 1.000000
  306 	 0.015385 	 0.070298 	 1.000000
  307 	 0.013889 	 0.068773 	 1.000000
  308 	 0.014493 	 0.069492 	 1.000000
  309 	 0.014286 	 0.069041 	 1.000000
  310 	 0.014493 	 0.069101 	 1.000000
  311 	 0.014286 	 0.069041 	 1.000000
  312 	 0.015152 	 0.069092 	 1.000000
  313 	 0.015385 	 0.078642 	 1.000000
  314 	 -1.000000 	 0.134620 	 10.000000
  315 	 0.016129 	 0.078109 	 1.000000
  316 	 0.015873 	 0.356438 	 10.000000
  317 	 0.090909 	 1.948703 	 10.000000
  318 	 -1.000000 	 0.975028 	 10.000000
  319 	 -0.500000 	 1.797619 	 10.000000
  320 	 10.000000 	 10.000000 	 10.000000
  321 	 -1.000000 	 0.428571 	 10.000000
  322 	 -0.500000 	 2.576190 	 10.000000
  323 	 -1.000000 	 1.575714 	 10.000000
  324 	 10.000000 	 10.000000 	 10.000000
  325 	 0.200000 	 4.440000 	 10.000000
  326 	 10.000000 	 10.000000 	 10.000000
  327 	 0.333333 	 2.902381 	 10.000000
  328 	 1.000000 	 5.114286 	 10.000000
  329 	 -1.000000 	 0.655952 	 10.000000
  330 	 1.000000 	 4.342857 	 10.000000
  331 	 10.000000 	 10.000000 	 10.000000
  332 	 -0.500000 	 3.035714 	 10.000000
  333 	 0.500000 	 3.907143 	 10.000000
  334 	 1.000000 	 5.114286 	 10.000000
  335 	 10.000000 	 10.000000 	 10.000000
  336 	 0.250000 	 4.289286 	 10.000000
  337 	 -0.250000 	 2.678571 	 10.000000
  338 	 -1.000000 	 4.611905 	 10.000000
  339 	 -1.000000 	 6.892857 	 10.000000
  340 	 -0.250000 	 1.870714 	 10.000000
  341 	 0.142857 	 3.987755 	 10.000000
  342 	 1.000000 	 4.985714 	 10.000000
  343 	 -1.000000 	 -0.201701 	 10.000000
  344 	 -1.000000 	 4.185714 	 10.000000
  345 	 -1.000000 	 3.914286 	 10.000000
  346 	 -0.250000 	 0.189286 	 10.000000
  347 	 1.000000 	 3.442857 	 10.000000
  348 	 0.200000 	 2.357857 	 10.000000
  349 	 0.500000 	 8.250000 	 10.000000
  350 	 0.200000 	 6.471429 	 10.000000
  351 	 -0.500000 	 6.550000 	 10.000000
  352 	 0.333333 	 8.619048 	 10.000000
  353 	 10.000000 	 10.000000 	 10.000000
  354 	 1.000000 	 6.400000 	 10.000000
  355 	 10.000000 	 10.000000 	 10.000000
  356 	 0.250000 	 4.305952 	 10.000000
  357 	 0.100000 	 1.299048 	 10.000000
  358 	 -1.000000 	 0.910714 	 10.000000
  359 	 0.250000 	 6.657143 	 10.000000
  360 	 -0.333333 	 9.852381 	 10.000000
  361 	 -0.250000 	 1.232143 	 10.000000
  362 	 -1.000000 	 0.914286 	 10.000000
  363 	 10.000000 	 10.000000 	 10.000000
  364 	 10.000000 	 10.000000 	 10.000000
  365 	 -1.000000 	 -0.145238 	 10.000000
  366 	 -0.250000 	 5.495918 	 10.000000
  367 	 10.000000 	 10.000000 	 10.000000
  368 	 -0.500000 	 0.132143 	 1.000000
  369 	 0.062500 	 0.273909 	 10.000000
  370 	 0.045455 	 0.957358 	 10.000000
  371 	 -0.333333 	 3.800000 	 10.000000
  372 	 -0.333333 	 8.788095 	 10.000000
  373 	 -1.000000 	 5.995238 	 10.000000
  374 	 -0.500000 	 0.072857 	 10.000000
  375 	 0.333333 	 9.171429 	 10.000000
  376 	 1.000000 	 3.057143 	 10.000000
  377 	 1.000000 	 2.028571 	 10.000000
  378 	 -1.000000 	 9.842857 	 10.000000
  379 	 -0.250000 	 6.485714 	 10.000000
  380 	 10.000000 	 10.000000 	 10.000000
  381 	 0.250000 	 7.910714 	 10.000000
  382 	 0.250000 	 1.958333 	 10.000000
  383 	 0.111111 	 2.842460 	 10.000000
  384 	 -0.500000 	 5.350000 	 10.000000
  385 	 -1.000000 	 8.900000 	 10.000000
  386 	 10.000000 	 10.000000 	 10.000000
  387 	 10.000000 	 10.000000 	 10.000000
  388 	 0.200000 	 2.872143 	 10.000000
  389 	 0.250000 	 2.638095 	 10.000000
  390 	 -0.500000 	 5.397619 	 10.000000
  391 	 0.333333 	 6.823810 	 10.000000
  392 	 -1.000000 	 6.723810 	 10.000000
  393 	 0.142857 	 6.207143 	 10.000000
  394 	 -0.500000 	 3.250000 	 10.000000
  395 	 10.000000 	 10.000000 	 10.000000
  396 	 1.000000 	 1.900000 	 10.000000
  397 	 -1.000000 	 5.314286 	 10.000000
  398 	 0.200000 	 1.672143 	 10.000000
  399 	 -0.250000 	 0.666071 	 10.000000
 