   0 	 0.014468 	 0.091936 	 1.953125
    1 	 0.018889 	 0.689516 	 9.765615
    2 	 0.022729 	 2.624612 	 8.304415
    3 	 0.022628 	 3.059549 	 41.267196
    4 	 0.030453 	 1.239055 	 20.103730
    5 	 0.022764 	 1.461601 	 40.936041
    6 	 0.042257 	 2.547346 	 24.055634
    7 	 0.024428 	 2.796591 	 43.929596
    8 	 0.018376 	 1.672689 	 23.664886
    9 	 0.022764 	 1.990509 	 40.936041
   10 	 0.039623 	 3.753966 	 54.417927
   11 	 0.024428 	 3.328959 	 30.481488
   12 	 0.018342 	 1.859970 	 25.238034
   13 	 0.032807 	 2.488276 	 40.936041
   14 	 0.037616 	 3.753273 	 54.520327
   15 	 0.024428 	 3.487534 	 30.481488
   16 	 0.018342 	 2.417062 	 26.584301
   17 	 0.032807 	 3.099461 	 40.936041
   18 	 0.036448 	 4.112408 	 54.520327
   19 	 0.024428 	 3.495337 	 30.481488
   20 	 0.018342 	 3.230845 	 27.436699
   21 	 0.032807 	 3.771330 	 40.936041
   22 	 0.029819 	 4.571156 	 54.520327
   23 	 0.024428 	 4.705626 	 30.481488
   24 	 0.018342 	 4.256761 	 27.577211
   25 	 0.017638 	 3.898842 	 40.936041
   26 	 0.036262 	 4.461520 	 54.520327
   27 	 0.024428 	 6.389264 	 56.695887
   28 	 0.018342 	 4.318178 	 27.577211
   29 	 0.017638 	 3.679686 	 40.936041
   30 	 0.018990 	 4.220808 	 54.520327
   31 	 0.024428 	 5.247634 	 56.695887
   32 	 0.018342 	 4.397585 	 52.658108
   33 	 0.017638 	 3.527805 	 40.936041
   34 	 0.018990 	 4.111903 	 54.520327
   35 	 0.021057 	 4.419715 	 30.544488
   36 	 0.018307 	 4.664023 	 52.658108
   37 	 0.026881 	 5.032534 	 47.489640
   38 	 0.018990 	 5.508748 	 54.622727
   39 	 0.021057 	 4.406947 	 37.200488
   40 	 0.018307 	 4.891294 	 52.658108
   41 	 0.015769 	 5.321040 	 47.489640
   42 	 0.018990 	 6.812187 	 54.622727
   43 	 0.021057 	 3.761723 	 63.414887
   44 	 0.018307 	 4.309160 	 52.658108
   45 	 0.015769 	 4.823848 	 33.292885
   46 	 0.018844 	 7.615793 	 54.622727
   47 	 0.030036 	 4.342163 	 63.414887
   48 	 0.018307 	 4.990480 	 53.067708
   49 	 0.015769 	 3.472781 	 33.292885
   50 	 0.018844 	 7.260289 	 54.622727
   51 	 0.030036 	 4.043539 	 63.414887
   52 	 0.018307 	 5.158415 	 53.067708
   53 	 0.015769 	 4.084568 	 33.292885
   54 	 0.018700 	 8.190481 	 54.622727
   55 	 0.018580 	 4.695681 	 63.414887
   56 	 0.018307 	 4.749716 	 34.468791
   57 	 0.015769 	 4.445501 	 40.997106
   58 	 0.029012 	 7.492321 	 54.622727
   59 	 0.024331 	 4.308029 	 63.414887
   60 	 0.018307 	 4.412337 	 34.468791
   61 	 0.015372 	 3.625825 	 33.292885
   62 	 0.024750 	 6.685142 	 54.622727
   63 	 0.029563 	 4.109337 	 26.969561
   64 	 0.016914 	 5.714562 	 40.404635
   65 	 0.033770 	 4.111006 	 33.825703
   66 	 0.024377 	 7.759467 	 59.122289
   67 	 0.029563 	 6.223025 	 29.612312
   68 	 0.016914 	 4.493098 	 41.022390
   69 	 0.033770 	 4.710351 	 33.825703
   70 	 0.024377 	 6.978661 	 59.122289
   71 	 0.029563 	 6.085175 	 29.612312
   72 	 0.015226 	 5.838424 	 41.022390
   73 	 0.033173 	 3.918928 	 33.825703
   74 	 0.024377 	 7.662386 	 65.675889
   75 	 0.029563 	 5.828327 	 30.145094
   76 	 0.014765 	 5.363428 	 41.022390
   77 	 0.017913 	 3.955282 	 33.825703
   78 	 0.024377 	 7.525421 	 67.729927
   79 	 0.018992 	 6.794413 	 55.826711
   80 	 0.014765 	 6.513004 	 41.022390
   81 	 0.017913 	 2.674494 	 27.410394
   82 	 0.018318 	 5.864473 	 66.085489
   83 	 0.036483 	 8.643024 	 55.826711
   84 	 0.011472 	 7.802010 	 54.591289
   85 	 0.017913 	 2.577016 	 27.410394
   86 	 0.018318 	 6.018891 	 87.170185
   87 	 0.035588 	 9.457061 	 55.826711
   88 	 0.011472 	 6.710565 	 54.591289
   89 	 0.017750 	 3.543320 	 28.099058
   90 	 0.018318 	 6.208974 	 87.170185
   91 	 0.030447 	 9.192939 	 56.338711
   92 	 0.011418 	 6.719916 	 54.591289
   93 	 0.017750 	 3.551408 	 32.843482
   94 	 0.018318 	 5.495481 	 87.579784
   95 	 0.030447 	 7.944965 	 56.338711
   96 	 0.011418 	 6.097773 	 54.591289
   97 	 0.016591 	 3.701501 	 32.843482
   98 	 0.018318 	 6.124949 	 87.579784
   99 	 0.030447 	 6.892749 	 60.273838
  100 	 0.011405 	 6.654089 	 54.591289
  101 	 0.016591 	 4.276896 	 32.843482
  102 	 0.018318 	 6.186320 	 87.682184
  103 	 0.019019 	 7.266020 	 33.736388
  104 	 0.011352 	 6.656297 	 47.961126
  105 	 0.019060 	 4.952760 	 52.578189
  106 	 0.020850 	 5.567558 	 88.091784
  107 	 0.018872 	 6.917410 	 52.466878
  108 	 0.011352 	 7.888760 	 47.961126
  109 	 0.018413 	 5.542080 	 33.253082
  110 	 0.019063 	 5.788937 	 88.091784
  111 	 0.030072 	 7.380320 	 54.310146
  112 	 0.011352 	 8.276837 	 52.456359
  113 	 0.018413 	 5.747236 	 33.253082
  114 	 0.019063 	 4.762623 	 66.085489
  115 	 0.030072 	 6.956756 	 54.310146
  116 	 0.015132 	 6.824447 	 52.456359
  117 	 0.018413 	 4.800614 	 32.806103
  118 	 0.016353 	 5.015479 	 66.085489
  119 	 0.030482 	 6.680757 	 54.310146
  120 	 0.015109 	 6.783714 	 61.150660
  121 	 0.018413 	 4.597616 	 32.806103
  122 	 0.016353 	 5.984138 	 66.187889
  123 	 0.030387 	 7.539829 	 54.310146
  124 	 0.015109 	 6.844649 	 61.150660
  125 	 0.018413 	 4.983283 	 32.908503
  126 	 0.016353 	 6.424771 	 66.187889
  127 	 0.018993 	 7.586418 	 54.310146
  128 	 0.015109 	 7.660224 	 61.150660
  129 	 0.018413 	 4.917135 	 52.650189
  130 	 0.016353 	 7.286516 	 52.449648
  131 	 0.018993 	 7.148735 	 54.310146
  132 	 0.019063 	 7.731791 	 61.150660
  133 	 0.018413 	 5.959658 	 52.650189
  134 	 0.016353 	 7.016364 	 52.457459
  135 	 0.018993 	 6.502117 	 54.310146
  136 	 0.014311 	 7.385624 	 61.150660
  137 	 0.014741 	 4.678796 	 33.056234
  138 	 0.016353 	 8.109127 	 69.874926
  139 	 0.028963 	 7.220390 	 54.310146
  140 	 0.014311 	 6.431183 	 61.150660
  141 	 0.016567 	 5.957024 	 34.526548
  142 	 0.016353 	 7.688442 	 69.874926
  143 	 0.027651 	 5.260036 	 54.310146
  144 	 0.014311 	 5.893008 	 61.150660
  145 	 0.018413 	 6.575386 	 36.164947
  146 	 0.016353 	 7.350268 	 69.874926
  147 	 0.019064 	 4.775250 	 40.990498
  148 	 0.014311 	 4.989609 	 61.150660
  149 	 0.023458 	 6.200081 	 36.164947
  150 	 0.016353 	 8.132680 	 69.874926
  151 	 0.017679 	 5.529511 	 42.628897
  152 	 0.014311 	 4.191469 	 52.456359
  153 	 0.023458 	 5.733045 	 37.803346
  154 	 0.019063 	 7.261215 	 54.447082
  155 	 0.026453 	 5.378768 	 42.628897
  156 	 0.018366 	 4.013261 	 52.456359
  157 	 0.023458 	 6.292170 	 37.803346
  158 	 0.019026 	 6.929611 	 54.447082
  159 	 0.019061 	 4.474648 	 42.628897
  160 	 0.018366 	 5.229294 	 52.558759
  161 	 0.023458 	 7.111527 	 52.463505
  162 	 0.016917 	 5.664446 	 54.447082
  163 	 0.018940 	 4.813233 	 42.628897
  164 	 0.018366 	 4.873478 	 59.112359
  165 	 0.023458 	 6.434573 	 52.463505
  166 	 0.011706 	 7.064264 	 54.447082
  167 	 0.019061 	 4.808443 	 42.628897
  168 	 0.018366 	 5.887654 	 85.429158
  169 	 0.023458 	 5.975923 	 52.463505
  170 	 0.011706 	 6.831143 	 54.447082
  171 	 0.018397 	 4.068453 	 42.628897
  172 	 0.012695 	 5.188209 	 85.429158
  173 	 0.023458 	 6.255946 	 54.357444
  174 	 0.011706 	 6.876740 	 54.447082
  175 	 0.018397 	 4.385093 	 42.628897
  176 	 0.018366 	 4.677794 	 85.429158
  177 	 0.023458 	 6.190502 	 54.357444
  178 	 0.011706 	 6.709426 	 54.447082
  179 	 0.018397 	 4.904232 	 42.628897
  180 	 0.016944 	 4.336888 	 85.429158
  181 	 0.023458 	 6.335402 	 54.357444
  182 	 0.011650 	 7.356148 	 59.016986
  183 	 0.015858 	 5.453962 	 42.628897
  184 	 0.015227 	 5.010943 	 85.838757
  185 	 0.020332 	 5.686289 	 41.992267
  186 	 0.011650 	 5.719005 	 65.672986
  187 	 0.023814 	 5.195520 	 34.473000
  188 	 0.015227 	 5.602014 	 85.838757
  189 	 0.018294 	 6.397268 	 41.992267
  190 	 0.011650 	 6.375421 	 42.939875
  191 	 0.023814 	 5.811563 	 54.664053
  192 	 0.023288 	 5.693614 	 85.838757
  193 	 0.018294 	 6.783928 	 41.992267
  194 	 0.011650 	 5.548009 	 42.939875
  195 	 0.014153 	 4.763157 	 35.144017
  196 	 0.023288 	 6.042049 	 85.838757
  197 	 0.018864 	 6.493287 	 70.658081
  198 	 0.011650 	 5.876192 	 42.939875
  199 	 0.014153 	 5.868391 	 53.012317
  200 	 0.023288 	 7.308585 	 85.838757
  201 	 0.016788 	 6.688308 	 70.658081
  202 	 0.011650 	 6.582823 	 42.939875
  203 	 0.014153 	 5.701640 	 59.565916
  204 	 0.023288 	 5.814970 	 52.550079
  205 	 0.016788 	 7.595614 	 70.658081
  206 	 0.019029 	 7.402961 	 42.939875
  207 	 0.014153 	 4.929845 	 34.362197
  208 	 0.023288 	 5.717005 	 52.550079
  209 	 0.025407 	 7.207779 	 33.429918
  210 	 0.019029 	 6.639619 	 42.939875
  211 	 0.028812 	 4.537771 	 34.362197
  212 	 0.023288 	 5.441474 	 52.550079
  213 	 0.029102 	 7.284629 	 33.429918
  214 	 0.019029 	 5.686669 	 42.939875
  215 	 0.024879 	 5.514787 	 34.362197
  216 	 0.023288 	 5.882577 	 52.550079
  217 	 0.016508 	 7.482245 	 40.193749
  218 	 0.019029 	 5.826637 	 42.939875
  219 	 0.024298 	 6.064861 	 60.576596
  220 	 0.020163 	 5.893538 	 52.550079
  221 	 0.016508 	 6.890010 	 41.156436
  222 	 0.019029 	 5.302562 	 49.595875
  223 	 0.024298 	 5.475203 	 60.576596
  224 	 0.019043 	 5.157673 	 52.550079
  225 	 0.016508 	 6.390879 	 41.156436
  226 	 0.019029 	 4.996827 	 49.595875
  227 	 0.023679 	 6.741666 	 60.576596
  228 	 0.020163 	 6.566697 	 52.466556
  229 	 0.016508 	 6.470349 	 42.232148
  230 	 0.019060 	 5.730022 	 49.595875
  231 	 0.017777 	 5.897959 	 60.576596
  232 	 0.020163 	 7.283405 	 52.466556
  233 	 0.016508 	 7.139678 	 56.253877
  234 	 0.019060 	 6.687767 	 49.595875
  235 	 0.017777 	 4.900691 	 60.576596
  236 	 0.020163 	 6.609100 	 52.466556
  237 	 0.016508 	 7.972036 	 56.253877
  238 	 0.019060 	 5.378433 	 41.931062
  239 	 0.017777 	 5.250022 	 60.576596
  240 	 0.022952 	 6.435804 	 52.466556
  241 	 0.011522 	 7.968564 	 56.253877
  242 	 0.019060 	 5.317898 	 43.569462
  243 	 0.017777 	 6.155701 	 86.790995
  244 	 0.022952 	 6.649577 	 52.466556
  245 	 0.011522 	 8.060097 	 56.253877
  246 	 0.016239 	 5.893787 	 43.569462
  247 	 0.016460 	 6.953828 	 86.790995
  248 	 0.015819 	 6.116663 	 61.580195
  249 	 0.011522 	 8.628526 	 60.753827
  250 	 0.014681 	 7.034898 	 63.214794
  251 	 0.015058 	 6.871684 	 86.790995
  252 	 0.015819 	 4.264375 	 68.115466
  253 	 0.011522 	 8.704231 	 66.408148
  254 	 0.014681 	 5.889016 	 63.214794
  255 	 0.015035 	 6.757442 	 86.790995
  256 	 0.015819 	 4.908333 	 68.115466
  257 	 0.011508 	 6.691126 	 66.510548
  258 	 0.013392 	 6.815870 	 63.214794
  259 	 0.015035 	 6.727395 	 86.893395
  260 	 0.015105 	 4.942633 	 33.691362
  261 	 0.011508 	 6.117678 	 66.510548
  262 	 0.029681 	 6.842856 	 66.201254
  263 	 0.015035 	 6.423883 	 86.893395
  264 	 0.015105 	 4.464008 	 33.691362
  265 	 0.011508 	 6.027216 	 66.510548
  266 	 0.023140 	 6.519426 	 66.201254
  267 	 0.015035 	 7.098177 	 86.893395
  268 	 0.015105 	 5.372420 	 43.216034
  269 	 0.011508 	 6.885797 	 66.510548
  270 	 0.018378 	 7.944988 	 66.201254
  271 	 0.015035 	 7.088773 	 86.893395
  272 	 0.010821 	 5.420433 	 54.414058
  273 	 0.011508 	 7.135788 	 66.510548
  274 	 0.012403 	 7.884743 	 92.415653
  275 	 0.015035 	 6.685808 	 86.893395
  276 	 0.010821 	 4.535295 	 43.216034
  277 	 0.011508 	 5.567131 	 40.331233
  278 	 0.023140 	 7.034165 	 63.317194
  279 	 0.024795 	 6.150380 	 86.893395
  280 	 0.015793 	 4.742763 	 43.216034
  281 	 0.011508 	 6.075039 	 40.331233
  282 	 0.023140 	 6.209669 	 63.317194
  283 	 0.019018 	 5.098472 	 86.893395
  284 	 0.015793 	 4.284153 	 43.216034
  285 	 0.011508 	 6.675982 	 52.580570
  286 	 0.023140 	 5.858415 	 63.317194
  287 	 0.019018 	 5.017965 	 86.893395
  288 	 0.015793 	 4.918271 	 36.434617
  289 	 0.011508 	 6.562827 	 52.580570
  290 	 0.027446 	 4.665948 	 30.712141
  291 	 0.019018 	 4.216495 	 53.395874
  292 	 0.023401 	 4.924638 	 36.434617
  293 	 0.016266 	 6.948012 	 52.580570
  294 	 0.027446 	 5.900449 	 42.733128
  295 	 0.018445 	 4.619806 	 61.476659
  296 	 0.022485 	 5.357667 	 36.434617
  297 	 0.016159 	 6.836765 	 54.216331
  298 	 0.027446 	 6.336436 	 44.473927
  299 	 0.018410 	 5.091293 	 61.886259
  300 	 0.022485 	 5.615139 	 36.434617
  301 	 0.016159 	 6.992242 	 54.318731
  302 	 0.019031 	 5.689492 	 33.957235
  303 	 0.018410 	 6.092666 	 61.886259
  304 	 0.016931 	 7.214267 	 52.546991
  305 	 0.016159 	 6.808658 	 54.318731
  306 	 0.019031 	 5.609008 	 59.064901
  307 	 0.018410 	 5.629578 	 61.886259
  308 	 0.016931 	 7.500700 	 52.546991
  309 	 0.016159 	 6.098593 	 54.318731
  310 	 0.012439 	 4.474107 	 35.595634
  311 	 0.018410 	 6.827739 	 61.886259
  312 	 0.028093 	 6.744051 	 80.394698
  313 	 0.016159 	 6.685814 	 54.318731
  314 	 0.012439 	 5.450596 	 35.595634
  315 	 0.018410 	 8.115166 	 61.886259
  316 	 0.028093 	 6.927560 	 80.394698
  317 	 0.014611 	 6.350071 	 54.318731
  318 	 0.012439 	 4.984016 	 35.595634
  319 	 0.015693 	 7.839372 	 68.439858
  320 	 0.028093 	 6.889246 	 80.394698
  321 	 0.014611 	 6.378582 	 63.722131
  322 	 0.012439 	 4.810177 	 35.595634
  323 	 0.015693 	 7.644722 	 68.439858
  324 	 0.018454 	 6.836687 	 78.863790
  325 	 0.014524 	 5.777051 	 54.318731
  326 	 0.012664 	 5.094211 	 54.188660
  327 	 0.016428 	 7.650059 	 68.849458
  328 	 0.016564 	 6.062310 	 78.966190
  329 	 0.014524 	 5.938068 	 60.872331
  330 	 0.012664 	 6.158111 	 60.372071
  331 	 0.016428 	 7.710778 	 68.849458
  332 	 0.016461 	 6.925476 	 78.966190
  333 	 0.014524 	 6.348771 	 60.872331
  334 	 0.012664 	 5.839641 	 60.750643
  335 	 0.011469 	 7.703536 	 68.849458
  336 	 0.016461 	 8.619010 	 78.966190
  337 	 0.014524 	 6.979399 	 87.189130
  338 	 0.012664 	 5.826762 	 60.750643
  339 	 0.008818 	 7.896162 	 68.849458
  340 	 0.016461 	 9.751061 	 78.966190
  341 	 0.014524 	 6.495627 	 113.403529
  342 	 0.012620 	 6.344285 	 60.750643
  343 	 0.008818 	 7.389918 	 68.849458
  344 	 0.016461 	 9.214672 	 78.966190
  345 	 0.014524 	 6.884218 	 113.403529
  346 	 0.012664 	 5.924858 	 60.750643
  347 	 0.008818 	 7.075485 	 68.849458
  348 	 0.016461 	 8.812791 	 78.966190
  349 	 0.014524 	 6.700551 	 113.403529
  350 	 0.012647 	 6.436010 	 60.750643
  351 	 0.008818 	 7.474041 	 68.849458
  352 	 0.016461 	 9.040631 	 79.068590
  353 	 0.014524 	 5.938090 	 113.403529
  354 	 0.012443 	 5.742635 	 60.750643
  355 	 0.007162 	 9.002072 	 68.849458
  356 	 0.016461 	 8.854544 	 80.365514
  357 	 0.013787 	 6.543588 	 139.617928
  358 	 0.012443 	 5.975183 	 60.750643
  359 	 0.007162 	 8.071789 	 72.529571
  360 	 0.016461 	 8.580456 	 80.365514
  361 	 0.013787 	 7.475488 	 139.617928
  362 	 0.012443 	 6.725815 	 60.750643
  363 	 0.007162 	 8.753763 	 72.529571
  364 	 0.016100 	 7.473537 	 80.365514
  365 	 0.013787 	 7.613404 	 139.617928
  366 	 0.012443 	 7.177475 	 62.112870
  367 	 0.006026 	 8.327975 	 72.529571
  368 	 0.016100 	 8.392837 	 80.365514
  369 	 0.013787 	 9.089618 	 165.934727
  370 	 0.012443 	 5.810906 	 62.112870
  371 	 0.006026 	 9.442882 	 72.529571
  372 	 0.016100 	 7.522511 	 59.978347
  373 	 0.012645 	 8.748474 	 165.934727
  374 	 0.016673 	 6.158081 	 62.112870
  375 	 0.006026 	 7.968331 	 79.083170
  376 	 0.016100 	 5.840217 	 59.978347
  377 	 0.012645 	 9.807412 	 165.934727
  378 	 0.016673 	 5.662574 	 60.750643
  379 	 0.005797 	 6.162356 	 79.083170
  380 	 0.016461 	 5.865792 	 59.978347
  381 	 0.012645 	 6.800982 	 63.722463
  382 	 0.016673 	 7.047631 	 60.750643
  383 	 0.015693 	 7.520121 	 79.083170
  384 	 0.016461 	 7.241754 	 59.978347
  385 	 0.012645 	 6.380083 	 63.722463
  386 	 0.016673 	 6.301675 	 60.750643
  387 	 0.015693 	 7.694388 	 68.706578
  388 	 0.016461 	 6.543102 	 59.978347
  389 	 0.014555 	 6.498889 	 52.683077
  390 	 0.016673 	 6.733811 	 60.750643
  391 	 0.018835 	 7.211759 	 68.706578
  392 	 0.016461 	 6.857730 	 59.978347
  393 	 0.014555 	 6.937536 	 53.092677
  394 	 0.016673 	 5.443396 	 60.750643
  395 	 0.016776 	 6.437001 	 68.706578
  396 	 0.016461 	 6.057581 	 52.565235
  397 	 0.014555 	 7.060037 	 59.607782
  398 	 0.019024 	 5.960153 	 60.750643
  399 	 0.016776 	 5.814505 	 67.043184
  400 	 0.016461 	 5.698188 	 52.565235
  401 	 0.014916 	 7.133593 	 53.092677
  402 	 0.019024 	 4.569900 	 34.204800
  403 	 0.018835 	 3.677599 	 28.253472
  404 	 0.018871 	 6.170902 	 52.565235
  405 	 0.018770 	 7.891793 	 33.728410
  406 	 0.017725 	 5.619684 	 52.990190
  407 	 0.028964 	 3.878338 	 32.413167
  408 	 0.016794 	 5.970418 	 56.417737
  409 	 0.030852 	 7.775914 	 34.525836
  410 	 0.017725 	 7.244342 	 59.546408
  411 	 0.018878 	 4.382769 	 32.413167
  412 	 0.016794 	 5.260082 	 56.417737
  413 	 0.030852 	 8.359716 	 52.972412
  414 	 0.017725 	 6.621324 	 52.990190
  415 	 0.018878 	 4.955999 	 32.413167
  416 	 0.012626 	 6.629280 	 56.417737
  417 	 0.029033 	 6.692764 	 52.972412
  418 	 0.017725 	 6.783846 	 53.314563
  419 	 0.016827 	 4.898868 	 34.443731
  420 	 0.018757 	 7.071425 	 56.417737
  421 	 0.024163 	 5.246255 	 36.644225
  422 	 0.017693 	 5.723053 	 53.314563
  423 	 0.027289 	 5.186198 	 41.386374
  424 	 0.018721 	 6.557077 	 56.520137
  425 	 0.023926 	 5.624792 	 36.644225
  426 	 0.017194 	 6.359247 	 53.416963
  427 	 0.025354 	 5.209027 	 41.795974
  428 	 0.018721 	 6.458185 	 58.158537
  429 	 0.017914 	 5.863083 	 39.441949
  430 	 0.017194 	 6.075678 	 53.416963
  431 	 0.015231 	 6.397405 	 55.821343
  432 	 0.018721 	 6.487508 	 54.183270
  433 	 0.017914 	 5.003463 	 65.656347
  434 	 0.018456 	 4.622484 	 40.037273
  435 	 0.010885 	 5.190383 	 43.536773
  436 	 0.024977 	 5.671202 	 54.183270
  437 	 0.022969 	 5.251036 	 91.870746
  438 	 0.018456 	 4.218033 	 40.037273
  439 	 0.010885 	 4.844212 	 34.443731
  440 	 0.024977 	 6.669241 	 54.183270
  441 	 0.028493 	 4.466944 	 62.378634
  442 	 0.018456 	 4.183962 	 40.037273
  443 	 0.016031 	 5.684031 	 34.443731
  444 	 0.024977 	 6.367920 	 41.505122
  445 	 0.029033 	 3.626439 	 59.012082
  446 	 0.024093 	 4.937984 	 38.111821
  447 	 0.015252 	 5.659842 	 34.443731
  448 	 0.026239 	 7.031332 	 41.505122
  449 	 0.029033 	 3.882346 	 32.806096
  450 	 0.024093 	 5.645910 	 38.111821
  451 	 0.028861 	 6.284584 	 34.443731
  452 	 0.016852 	 6.804667 	 41.505122
  453 	 0.019031 	 4.240136 	 34.649126
  454 	 0.024093 	 6.847827 	 59.338907
  455 	 0.028151 	 5.217967 	 52.544611
  456 	 0.016852 	 6.301014 	 41.505122
  457 	 0.019031 	 5.494093 	 35.522233
  458 	 0.024093 	 7.063415 	 59.338907
  459 	 0.028151 	 5.325136 	 52.544611
  460 	 0.016708 	 6.021897 	 41.505122
  461 	 0.019031 	 5.305683 	 34.443757
  462 	 0.024093 	 7.149428 	 59.850907
  463 	 0.027715 	 4.202778 	 34.715346
  464 	 0.016708 	 5.682304 	 41.505122
  465 	 0.018899 	 5.920207 	 36.082156
  466 	 0.024093 	 7.317545 	 59.850907
  467 	 0.027715 	 5.398540 	 52.912172
  468 	 0.015059 	 5.550597 	 41.505122
  469 	 0.018754 	 4.292934 	 36.082156
  470 	 0.018912 	 7.280464 	 66.404507
  471 	 0.027715 	 6.567795 	 53.321772
  472 	 0.015059 	 6.726833 	 52.876500
  473 	 0.018754 	 3.801928 	 36.082156
  474 	 0.018912 	 6.012410 	 66.404507
  475 	 0.027715 	 6.168234 	 53.321772
  476 	 0.015059 	 6.736828 	 52.876500
  477 	 0.018754 	 3.887067 	 36.082156
  478 	 0.018912 	 6.133238 	 66.404507
  479 	 0.026511 	 5.049099 	 53.321772
  480 	 0.015059 	 5.268152 	 52.595658
  481 	 0.018754 	 3.817738 	 37.720555
  482 	 0.019013 	 6.575337 	 66.404507
  483 	 0.026511 	 4.585804 	 53.321772
  484 	 0.015059 	 5.902634 	 52.595658
  485 	 0.018754 	 4.039039 	 37.720555
  486 	 0.019013 	 6.336565 	 66.404507
  487 	 0.026226 	 4.092453 	 53.321772
  488 	 0.015034 	 6.228478 	 52.595658
  489 	 0.018754 	 5.347650 	 38.130155
  490 	 0.018439 	 7.365732 	 66.517303
  491 	 0.026226 	 4.435762 	 53.321772
  492 	 0.015034 	 6.724860 	 54.234057
  493 	 0.018754 	 6.559489 	 38.130155
  494 	 0.018404 	 8.347580 	 66.517303
  495 	 0.026226 	 4.505170 	 53.321772
  496 	 0.015034 	 6.649372 	 48.367891
  497 	 0.018718 	 7.156651 	 38.130155
  498 	 0.020675 	 8.761231 	 66.517303
  499 	 0.026226 	 3.334395 	 28.892911
  500 	 0.015034 	 6.618386 	 48.367891
  501 	 0.034611 	 7.604817 	 38.130155
  502 	 0.020675 	 8.867372 	 66.517303
  503 	 0.025407 	 4.200403 	 28.892911
  504 	 0.015034 	 5.971047 	 48.367891
  505 	 0.018113 	 7.245446 	 39.359526
  506 	 0.016767 	 8.504942 	 66.517303
  507 	 0.025407 	 4.252144 	 55.209710
  508 	 0.014672 	 7.477206 	 59.641480
  509 	 0.016191 	 6.904495 	 39.359526
  510 	 0.016767 	 7.999911 	 68.155703
  511 	 0.018148 	 4.721330 	 61.763310
  512 	 0.014672 	 9.052622 	 59.641480
  513 	 0.016191 	 8.205241 	 55.103055
  514 	 0.016738 	 6.997586 	 68.155703
  515 	 0.018148 	 5.431362 	 61.763310
  516 	 0.014672 	 7.869710 	 59.409930
  517 	 0.011367 	 7.247990 	 55.103055
  518 	 0.016778 	 7.054424 	 41.355178
  519 	 0.018148 	 7.568951 	 87.977709
  520 	 0.024062 	 8.949933 	 59.600996
  521 	 0.011367 	 8.329777 	 55.103055
  522 	 0.016380 	 7.046912 	 41.559892
  523 	 0.018148 	 7.763608 	 87.977709
  524 	 0.024062 	 7.898458 	 59.600996
  525 	 0.011367 	 6.930496 	 55.056937
  526 	 0.016664 	 6.101851 	 41.559892
  527 	 0.018163 	 8.420271 	 87.977709
  528 	 0.023149 	 7.895067 	 60.010595
  529 	 0.011367 	 7.171509 	 55.056937
  530 	 0.016664 	 7.395270 	 43.198292
  531 	 0.018163 	 7.484771 	 87.977709
  532 	 0.023149 	 7.460930 	 60.010595
  533 	 0.011367 	 8.092861 	 55.056937
  534 	 0.016664 	 8.319165 	 43.198292
  535 	 0.018163 	 7.267319 	 87.977709
  536 	 0.018139 	 5.924456 	 60.010595
  537 	 0.011367 	 8.198204 	 55.056937
  538 	 0.016664 	 7.267165 	 55.129122
  539 	 0.012304 	 7.051044 	 87.977709
  540 	 0.018139 	 6.364432 	 60.010595
  541 	 0.011340 	 6.397237 	 81.271336
  542 	 0.016664 	 7.760431 	 55.129122
  543 	 0.012304 	 7.560821 	 88.182509
  544 	 0.018139 	 7.111357 	 60.010595
  545 	 0.011340 	 7.687718 	 81.271336
  546 	 0.012022 	 7.049829 	 55.129122
  547 	 0.012304 	 7.370060 	 88.182509
  548 	 0.018139 	 7.144770 	 83.181523
  549 	 0.011340 	 7.634111 	 81.271336
  550 	 0.012007 	 7.150057 	 55.129122
  551 	 0.012304 	 8.616283 	 88.182509
  552 	 0.018139 	 8.975967 	 83.283923
  553 	 0.011340 	 7.142241 	 81.271336
  554 	 0.012007 	 5.981770 	 43.314824
  555 	 0.012304 	 10.259657 	 88.182509
  556 	 0.014382 	 9.287784 	 83.283923
  557 	 0.011340 	 7.090564 	 81.271336
  558 	 0.012007 	 6.826794 	 69.529223
  559 	 0.012304 	 10.350476 	 88.182509
  560 	 0.014382 	 9.739918 	 83.283923
  561 	 0.011327 	 7.610476 	 81.271336
  562 	 0.012007 	 6.004607 	 69.529223
  563 	 0.012304 	 7.471472 	 59.230216
  564 	 0.014382 	 9.191161 	 83.283923
  565 	 0.016883 	 8.751483 	 81.271336
  566 	 0.012007 	 6.552627 	 69.529223
  567 	 0.012304 	 7.156324 	 59.007440
  568 	 0.014382 	 8.660181 	 83.283923
  569 	 0.016947 	 9.457109 	 81.271336
  570 	 0.012007 	 6.028020 	 69.529223
  571 	 0.009304 	 5.951252 	 54.661671
  572 	 0.014051 	 8.011099 	 67.054111
  573 	 0.018294 	 8.962919 	 107.485734
  574 	 0.014913 	 4.972691 	 71.167622
  575 	 0.009304 	 5.722578 	 54.661671
  576 	 0.014051 	 8.612743 	 67.054111
  577 	 0.018294 	 9.852150 	 107.485734
  578 	 0.014913 	 4.680540 	 71.167622
  579 	 0.009304 	 5.794344 	 54.661671
  580 	 0.014051 	 8.047669 	 67.054111
  581 	 0.018294 	 10.388498 	 107.485734
  582 	 0.010722 	 6.193561 	 71.167622
  583 	 0.009304 	 7.368310 	 54.661671
  584 	 0.014051 	 8.800649 	 93.268510
  585 	 0.018294 	 11.164463 	 107.485734
  586 	 0.010710 	 6.554403 	 71.167622
  587 	 0.009304 	 6.744731 	 54.661671
  588 	 0.014051 	 8.394263 	 93.370910
  589 	 0.018294 	 8.757523 	 107.485734
  590 	 0.010710 	 7.100562 	 71.167622
  591 	 0.009304 	 7.249927 	 54.661671
  592 	 0.014051 	 8.348699 	 93.370910
  593 	 0.016336 	 9.402496 	 107.485734
  594 	 0.010710 	 7.726363 	 71.167622
  595 	 0.009304 	 6.856348 	 61.215271
  596 	 0.014051 	 7.331503 	 93.370910
  597 	 0.016336 	 8.370384 	 107.485734
  598 	 0.010710 	 8.684513 	 71.167622
  599 	 0.008769 	 7.010834 	 61.215271
  600 	 0.014051 	 7.706639 	 93.370910
  601 	 0.016336 	 8.697754 	 114.039334
  602 	 0.010710 	 8.098049 	 59.018184
  603 	 0.008769 	 7.644383 	 61.215271
  604 	 0.011733 	 8.766342 	 93.370910
  605 	 0.016336 	 10.041026 	 114.039334
  606 	 0.010710 	 6.236443 	 85.232583
  607 	 0.008769 	 7.232203 	 61.215271
  608 	 0.011719 	 10.393015 	 93.370910
  609 	 0.016336 	 10.202782 	 114.039334
  610 	 0.010663 	 6.286027 	 85.334983
  611 	 0.008769 	 7.877631 	 61.215271
  612 	 0.011704 	 9.458285 	 93.780510
  613 	 0.014756 	 8.822579 	 114.039334
  614 	 0.010663 	 6.822652 	 85.437383
  615 	 0.008292 	 8.199422 	 67.768870
  616 	 0.011704 	 9.573454 	 93.780510
  617 	 0.012611 	 9.437139 	 120.592934
  618 	 0.008334 	 5.940275 	 85.437383
  619 	 0.008292 	 6.511830 	 53.357203
  620 	 0.010871 	 11.036546 	 119.994908
  621 	 0.016921 	 11.357380 	 120.592934
  622 	 0.008334 	 3.868088 	 55.738999
  623 	 0.008292 	 6.164503 	 53.357203
  624 	 0.017908 	 10.417549 	 119.994908
  625 	 0.018742 	 11.757116 	 120.592934
  626 	 0.008334 	 3.433749 	 54.797274
  627 	 0.008292 	 5.791677 	 53.357203
  628 	 0.018249 	 10.334820 	 119.994908
  629 	 0.018742 	 10.710759 	 79.555311
  630 	 0.008305 	 4.161630 	 54.797274
  631 	 0.012570 	 5.824365 	 53.357203
  632 	 0.018249 	 9.665492 	 120.404508
  633 	 0.018742 	 12.884435 	 79.555311
  634 	 0.008305 	 4.472559 	 54.797274
  635 	 0.012570 	 5.551606 	 37.575356
  636 	 0.018249 	 9.203189 	 120.404508
  637 	 0.016639 	 12.647529 	 79.555311
  638 	 0.008305 	 4.522278 	 54.797274
  639 	 0.012570 	 6.196454 	 60.100041
  640 	 0.016300 	 8.875361 	 120.404508
  641 	 0.016639 	 12.981803 	 79.555311
  642 	 0.008305 	 5.787828 	 61.350874
  643 	 0.012570 	 4.836260 	 42.674629
  644 	 0.016300 	 8.893379 	 120.404508
  645 	 0.023433 	 12.071300 	 79.555311
  646 	 0.008305 	 6.104191 	 61.350874
  647 	 0.012570 	 5.353683 	 42.674629
  648 	 0.016300 	 9.779296 	 120.404508
  649 	 0.023433 	 11.674799 	 79.555311
  650 	 0.008298 	 5.554480 	 44.188734
  651 	 0.012570 	 5.103396 	 37.575356
  652 	 0.015156 	 9.594002 	 120.506908
  653 	 0.026613 	 11.528928 	 79.555311
  654 	 0.008298 	 5.677403 	 65.981060
  655 	 0.012570 	 4.735796 	 35.426916
  656 	 0.015156 	 7.749579 	 120.506908
  657 	 0.016360 	 11.503769 	 79.555311
  658 	 0.006816 	 5.589277 	 65.981060
  659 	 0.012505 	 5.091184 	 61.125895
  660 	 0.015156 	 7.270975 	 146.721307
  661 	 0.016360 	 9.525221 	 79.964911
  662 	 0.006816 	 6.170472 	 65.981060
  663 	 0.012505 	 5.307609 	 61.125895
  664 	 0.015156 	 8.624976 	 146.721307
  665 	 0.016360 	 10.143692 	 79.964911
  666 	 0.006816 	 7.466261 	 65.981060
  667 	 0.012505 	 5.105131 	 55.557290
  668 	 0.015156 	 5.838675 	 67.811742
  669 	 0.017999 	 7.847384 	 79.964911
  670 	 0.014747 	 6.715514 	 65.981060
  671 	 0.012505 	 5.776769 	 55.557290
  672 	 0.015156 	 6.127988 	 67.811742
  673 	 0.017999 	 7.691105 	 79.964911
  674 	 0.014747 	 6.073116 	 59.555002
  675 	 0.011558 	 5.858734 	 55.557290
  676 	 0.015127 	 5.939400 	 67.811742
  677 	 0.017999 	 8.058542 	 86.518510
  678 	 0.014747 	 6.843312 	 66.108601
  679 	 0.011558 	 5.909924 	 55.557290
  680 	 0.015127 	 6.241464 	 67.811742
  681 	 0.017999 	 7.457983 	 86.518510
  682 	 0.014747 	 6.970592 	 66.108601
  683 	 0.011558 	 5.217756 	 55.557290
  684 	 0.015127 	 6.463589 	 67.811742
  685 	 0.017999 	 7.429002 	 86.518510
  686 	 0.014747 	 7.146549 	 66.108601
  687 	 0.011558 	 4.963646 	 55.557290
  688 	 0.015127 	 6.279056 	 67.811742
  689 	 0.017999 	 5.597101 	 73.806267
  690 	 0.014747 	 6.770354 	 66.108601
  691 	 0.013549 	 5.689840 	 55.557290
  692 	 0.015127 	 4.229545 	 67.604053
  693 	 0.015704 	 5.385593 	 73.806267
  694 	 0.014792 	 5.734410 	 40.278842
  695 	 0.011946 	 5.498550 	 63.679867
  696 	 0.024827 	 5.328367 	 67.604053
  697 	 0.015704 	 6.095373 	 83.710104
  698 	 0.014792 	 4.998205 	 40.278842
  699 	 0.011888 	 5.513219 	 63.679867
  700 	 0.024827 	 5.729166 	 67.604053
  701 	 0.015310 	 5.675226 	 84.119704
  702 	 0.014792 	 4.368470 	 34.687997
  703 	 0.011830 	 5.252206 	 65.318266
  704 	 0.028828 	 5.105034 	 67.604053
  705 	 0.015310 	 6.430391 	 84.529304
  706 	 0.014792 	 4.391079 	 28.653308
  707 	 0.011830 	 4.850701 	 65.318266
  708 	 0.031318 	 5.179515 	 67.604053
  709 	 0.015310 	 5.661951 	 75.854267
  710 	 0.014792 	 4.072926 	 31.930107
  711 	 0.013183 	 5.335946 	 65.318266
  712 	 0.029980 	 6.129807 	 67.604053
  713 	 0.015310 	 5.121162 	 75.854267
  714 	 0.014792 	 4.907426 	 33.355167
  715 	 0.013183 	 5.931575 	 65.318266
  716 	 0.029980 	 6.674698 	 67.604053
  717 	 0.015214 	 6.851129 	 75.854267
  718 	 0.013411 	 4.078426 	 33.355167
  719 	 0.013183 	 5.354138 	 65.727866
  720 	 0.016787 	 5.461937 	 74.567253
  721 	 0.015214 	 7.148754 	 75.854267
  722 	 0.013411 	 4.419399 	 59.569566
  723 	 0.013183 	 6.502364 	 65.727866
  724 	 0.016787 	 5.832383 	 74.567253
  725 	 0.015214 	 5.701808 	 75.854267
  726 	 0.013411 	 5.587587 	 59.569566
  727 	 0.013183 	 6.726629 	 65.727866
  728 	 0.016787 	 6.445276 	 74.567253
  729 	 0.015214 	 4.793942 	 75.854267
  730 	 0.013392 	 5.901523 	 59.569566
  731 	 0.013183 	 8.299592 	 65.727866
  732 	 0.016787 	 6.228704 	 74.669653
  733 	 0.015214 	 5.258174 	 75.854267
  734 	 0.013392 	 6.633365 	 59.569566
  735 	 0.013183 	 8.087572 	 65.727866
  736 	 0.016787 	 6.172939 	 74.669653
  737 	 0.015191 	 5.057593 	 40.866646
  738 	 0.013392 	 6.119852 	 59.569566
  739 	 0.024470 	 8.799637 	 65.830266
  740 	 0.016787 	 4.971424 	 55.600450
  741 	 0.015191 	 5.516659 	 40.866646
  742 	 0.017985 	 6.436829 	 59.569566
  743 	 0.019063 	 9.522709 	 65.830266
  744 	 0.016787 	 3.357214 	 37.099522
  745 	 0.015191 	 6.570570 	 52.458431
  746 	 0.026955 	 5.711146 	 54.719111
  747 	 0.019063 	 8.667049 	 65.830266
  748 	 0.018275 	 3.505952 	 37.099522
  749 	 0.014845 	 6.037143 	 52.458431
  750 	 0.026955 	 5.515836 	 54.719111
  751 	 0.016832 	 7.944914 	 65.830266
  752 	 0.018275 	 4.034703 	 37.099522
  753 	 0.015191 	 6.999897 	 59.409931
  754 	 0.026955 	 5.735452 	 54.719111
  755 	 0.016832 	 7.680060 	 65.830266
  756 	 0.018275 	 3.743722 	 37.099522
  757 	 0.015191 	 6.833785 	 59.409931
  758 	 0.026955 	 5.381450 	 54.719111
  759 	 0.016394 	 7.355873 	 65.830266
  760 	 0.018275 	 4.103372 	 37.099522
  761 	 0.015191 	 5.503854 	 52.458431
  762 	 0.026955 	 6.359494 	 54.719111
  763 	 0.019063 	 6.337553 	 62.951119
  764 	 0.018275 	 4.480598 	 37.099522
  765 	 0.015482 	 4.740360 	 52.458431
  766 	 0.018344 	 6.109058 	 54.719111
  767 	 0.019063 	 5.785624 	 64.589519
  768 	 0.018275 	 4.836678 	 38.737921
  769 	 0.015482 	 4.692340 	 52.458431
  770 	 0.025814 	 6.901285 	 54.719111
  771 	 0.019063 	 6.229118 	 64.589519
  772 	 0.018275 	 5.074258 	 32.804635
  773 	 0.015482 	 4.861802 	 52.458431
  774 	 0.018986 	 7.493809 	 54.719111
  775 	 0.019063 	 6.863196 	 64.589519
  776 	 0.018275 	 5.453725 	 52.669581
  777 	 0.015482 	 6.536131 	 52.458431
  778 	 0.018986 	 7.464230 	 54.719111
  779 	 0.019063 	 6.824228 	 64.589519
  780 	 0.018275 	 5.479405 	 52.458950
  781 	 0.015482 	 6.779363 	 52.458431
  782 	 0.016914 	 7.243609 	 54.719111
  783 	 0.012711 	 7.302118 	 64.589519
  784 	 0.018275 	 7.493925 	 59.122290
  785 	 0.015099 	 6.814678 	 54.688743
  786 	 0.016914 	 6.749052 	 54.719111
  787 	 0.018285 	 5.876924 	 66.227918
  788 	 0.016237 	 7.583640 	 59.122290
  789 	 0.015099 	 7.375542 	 54.688743
  790 	 0.016914 	 7.114514 	 61.589020
  791 	 0.016329 	 6.972475 	 66.227918
  792 	 0.012356 	 7.446976 	 59.122290
  793 	 0.015099 	 7.050293 	 61.242343
  794 	 0.016914 	 7.596518 	 80.933510
  795 	 0.016329 	 7.195335 	 66.227918
  796 	 0.012356 	 7.237196 	 59.122290
  797 	 0.014735 	 6.943207 	 61.242343
  798 	 0.016914 	 7.876356 	 61.589020
  799 	 0.016329 	 6.819380 	 67.866317
  800 	 0.016237 	 6.171898 	 59.122290
  801 	 0.014713 	 5.178842 	 61.242343
  802 	 0.016914 	 7.865427 	 61.589020
  803 	 0.016329 	 7.658230 	 67.968717
  804 	 0.016210 	 6.000927 	 59.122290
  805 	 0.014366 	 4.472027 	 61.242343
  806 	 0.016887 	 6.566666 	 61.691420
  807 	 0.016329 	 6.777794 	 69.607117
  808 	 0.016210 	 5.596409 	 59.122290
  809 	 0.014366 	 5.151651 	 61.242343
  810 	 0.016885 	 5.729109 	 61.691420
  811 	 0.016329 	 6.808375 	 69.607117
  812 	 0.016210 	 4.690244 	 35.410724
  813 	 0.010436 	 5.968547 	 61.242343
  814 	 0.028240 	 7.056671 	 61.691420
  815 	 0.016329 	 7.623744 	 95.821516
  816 	 0.016210 	 4.098953 	 35.410724
  817 	 0.010218 	 6.280554 	 61.242343
  818 	 0.028240 	 5.402340 	 61.691420
  819 	 0.016329 	 8.047112 	 97.869515
  820 	 0.016210 	 4.252362 	 35.410724
  821 	 0.010218 	 6.547995 	 61.242343
  822 	 0.028240 	 4.790069 	 61.691420
  823 	 0.016329 	 8.122179 	 97.869515
  824 	 0.016183 	 2.989430 	 28.144475
  825 	 0.010218 	 6.086649 	 61.242343
  826 	 0.028947 	 7.097809 	 61.793820
  827 	 0.016329 	 6.931537 	 57.039972
  828 	 0.016183 	 2.929665 	 34.546142
  829 	 0.017532 	 6.591079 	 61.242343
  830 	 0.028947 	 7.988204 	 61.793820
  831 	 0.011483 	 7.899135 	 57.039972
  832 	 0.016183 	 3.555131 	 34.546142
  833 	 0.017532 	 5.136404 	 61.651943
  834 	 0.024271 	 8.366817 	 61.793820
  835 	 0.016220 	 8.966988 	 57.039972
  836 	 0.016183 	 3.681517 	 41.202141
  837 	 0.017532 	 5.226138 	 44.790086
  838 	 0.022876 	 8.334871 	 61.793820
  839 	 0.018567 	 8.783228 	 57.039972
  840 	 0.016183 	 3.924583 	 43.713068
  841 	 0.017532 	 5.390957 	 53.859383
  842 	 0.022876 	 5.862947 	 59.458330
  843 	 0.018567 	 8.767614 	 57.039972
  844 	 0.016367 	 4.131759 	 43.713068
  845 	 0.017042 	 4.941871 	 53.859383
  846 	 0.022533 	 5.706890 	 61.096730
  847 	 0.018427 	 6.536986 	 58.678372
  848 	 0.016258 	 4.806629 	 44.379734
  849 	 0.017042 	 4.846054 	 54.268983
  850 	 0.022533 	 6.155474 	 61.506329
  851 	 0.018427 	 6.729909 	 58.678372
  852 	 0.016258 	 5.637786 	 44.379734
  853 	 0.017012 	 6.125912 	 54.268983
  854 	 0.022533 	 6.627450 	 61.506329
  855 	 0.016390 	 5.892094 	 58.780772
  856 	 0.015837 	 6.039208 	 44.379734
  857 	 0.017012 	 6.153048 	 61.011146
  858 	 0.022481 	 6.416249 	 36.083463
  859 	 0.016390 	 5.349826 	 58.780772
  860 	 0.027714 	 5.671557 	 42.840541
  861 	 0.016983 	 5.928968 	 54.473783
  862 	 0.018735 	 5.231760 	 36.083463
  863 	 0.018357 	 5.252537 	 58.883172
  864 	 0.018299 	 5.374316 	 53.376349
  865 	 0.013131 	 5.977378 	 54.473783
  866 	 0.018735 	 6.333394 	 54.648570
  867 	 0.017396 	 6.043404 	 76.157692
  868 	 0.018299 	 4.887872 	 53.376349
  869 	 0.013131 	 5.501075 	 57.484491
  870 	 0.018735 	 6.660315 	 36.756132
  871 	 0.017396 	 7.854858 	 76.157692
  872 	 0.027206 	 4.648119 	 53.376349
  873 	 0.013131 	 5.564444 	 57.484491
  874 	 0.018735 	 5.625587 	 36.756132
  875 	 0.017396 	 8.023315 	 76.157692
  876 	 0.027206 	 4.323239 	 53.376349
  877 	 0.013131 	 5.429451 	 57.484491
  878 	 0.018735 	 5.956952 	 36.756132
  879 	 0.014675 	 6.766772 	 76.157692
  880 	 0.026907 	 4.888636 	 53.376349
  881 	 0.013131 	 6.719866 	 68.145343
  882 	 0.018735 	 5.564302 	 37.165732
  883 	 0.014675 	 7.354795 	 76.157692
  884 	 0.020940 	 5.199937 	 53.376349
  885 	 0.013131 	 7.032779 	 68.145343
  886 	 0.018735 	 6.298388 	 47.754513
  887 	 0.014675 	 6.589951 	 76.157692
  888 	 0.020940 	 5.560418 	 53.376349
  889 	 0.013131 	 6.911084 	 68.145343
  890 	 0.018735 	 7.077566 	 47.754513
  891 	 0.014330 	 6.868122 	 76.157692
  892 	 0.020940 	 5.928077 	 53.376349
  893 	 0.013131 	 7.346346 	 69.783742
  894 	 0.012564 	 6.265559 	 47.754513
  895 	 0.012677 	 6.254500 	 76.157692
  896 	 0.020940 	 5.182319 	 49.394140
  897 	 0.013131 	 7.334189 	 69.783742
  898 	 0.020245 	 5.780103 	 47.754513
  899 	 0.014330 	 6.438840 	 76.157692
  900 	 0.020940 	 4.762549 	 34.545611
  901 	 0.013131 	 6.157347 	 56.624183
  902 	 0.028947 	 4.224233 	 36.264573
  903 	 0.017660 	 6.104926 	 76.157692
  904 	 0.027575 	 5.449916 	 34.545611
  905 	 0.013131 	 6.440549 	 56.624183
  906 	 0.028947 	 3.967940 	 36.264573
  907 	 0.017660 	 6.355700 	 76.157692
  908 	 0.027575 	 5.793043 	 34.545611
  909 	 0.013131 	 6.456212 	 56.624183
  910 	 0.028608 	 3.752214 	 36.264573
  911 	 0.017660 	 6.983908 	 76.157692
  912 	 0.027575 	 5.875579 	 33.347600
  913 	 0.013131 	 6.209098 	 56.247592
  914 	 0.029987 	 4.301614 	 36.264573
  915 	 0.017779 	 7.268475 	 76.157692
  916 	 0.027575 	 5.642969 	 33.347600
  917 	 0.012854 	 6.637834 	 56.247592
  918 	 0.029623 	 4.901290 	 36.264573
  919 	 0.017779 	 7.476726 	 77.796091
  920 	 0.023133 	 4.346453 	 33.757200
  921 	 0.012854 	 6.831289 	 56.247592
  922 	 0.029623 	 6.061953 	 43.227773
  923 	 0.017650 	 7.778236 	 77.796091
  924 	 0.018346 	 5.159538 	 33.757200
  925 	 0.012854 	 6.240993 	 41.237503
  926 	 0.029623 	 5.997256 	 54.428257
  927 	 0.024250 	 6.975778 	 77.796091
  928 	 0.018373 	 5.108247 	 33.757200
  929 	 0.012854 	 5.471049 	 41.237503
  930 	 0.029047 	 5.727219 	 43.227773
  931 	 0.014825 	 6.619400 	 77.796091
  932 	 0.018448 	 5.439148 	 34.427338
  933 	 0.012854 	 6.003934 	 67.451902
  934 	 0.029047 	 6.311488 	 54.206986
  935 	 0.014825 	 6.656257 	 77.796091
  936 	 0.018448 	 6.005231 	 34.427338
  937 	 0.012854 	 6.406276 	 67.451902
  938 	 0.025057 	 6.195865 	 54.206986
  939 	 0.014825 	 6.574438 	 77.796091
  940 	 0.018448 	 5.795103 	 39.908426
  941 	 0.012854 	 6.397171 	 67.451902
  942 	 0.025057 	 5.577890 	 54.206986
  943 	 0.014825 	 6.914826 	 77.796091
  944 	 0.016048 	 6.547084 	 39.908426
  945 	 0.012854 	 7.289241 	 67.451902
  946 	 0.025057 	 6.005649 	 54.206986
  947 	 0.014825 	 7.453623 	 77.796091
  948 	 0.018448 	 6.065794 	 34.836938
  949 	 0.012854 	 7.135630 	 67.451902
  950 	 0.019025 	 5.410953 	 43.637373
  951 	 0.014825 	 6.437605 	 77.796091
  952 	 0.022916 	 6.692073 	 52.563101
  953 	 0.012854 	 7.665087 	 67.451902
  954 	 0.019025 	 5.898397 	 43.637373
  955 	 0.014825 	 6.708086 	 77.796091
  956 	 0.022916 	 7.271777 	 52.563101
  957 	 0.012854 	 6.303610 	 67.451902
  958 	 0.019025 	 6.555807 	 43.637373
  959 	 0.014825 	 7.077177 	 77.796091
  960 	 0.022087 	 6.513866 	 52.563101
  961 	 0.012854 	 7.265863 	 67.451902
  962 	 0.019025 	 7.547813 	 45.275772
  963 	 0.014825 	 8.273881 	 77.796091
  964 	 0.022087 	 6.981097 	 52.563101
  965 	 0.012854 	 7.298624 	 67.451902
  966 	 0.019025 	 6.170913 	 45.275772
  967 	 0.014825 	 7.685502 	 77.796091
  968 	 0.022087 	 6.795173 	 52.563101
  969 	 0.012854 	 9.306151 	 67.451902
  970 	 0.019025 	 6.655533 	 45.275772
  971 	 0.014825 	 7.111322 	 77.796091
  972 	 0.022087 	 6.594165 	 52.563101
  973 	 0.012854 	 9.188208 	 67.451902
  974 	 0.018829 	 7.058826 	 45.275772
  975 	 0.014825 	 7.258525 	 62.059418
  976 	 0.018914 	 6.641548 	 53.110333
  977 	 0.016114 	 6.987307 	 59.125408
  978 	 0.018829 	 7.345674 	 52.871440
  979 	 0.016913 	 7.436018 	 62.059418
  980 	 0.018103 	 6.806190 	 53.110333
  981 	 0.015699 	 5.726288 	 59.125408
  982 	 0.018829 	 7.645810 	 55.240196
  983 	 0.016913 	 7.492680 	 63.697817
  984 	 0.018103 	 5.838252 	 52.563101
  985 	 0.014878 	 5.921006 	 59.125408
  986 	 0.018415 	 6.987818 	 55.240196
  987 	 0.012203 	 7.569493 	 67.212491
  988 	 0.018103 	 5.769920 	 52.447245
  989 	 0.014878 	 6.096819 	 81.944949
  990 	 0.019067 	 6.026401 	 54.213225
  991 	 0.012203 	 6.995442 	 67.212491
  992 	 0.018411 	 5.487169 	 52.447245
  993 	 0.010704 	 6.130287 	 81.944949
  994 	 0.019067 	 6.368607 	 54.315625
  995 	 0.009246 	 6.838611 	 93.426890
  996 	 0.016429 	 6.212696 	 52.447245
  997 	 0.010704 	 6.318228 	 108.159348
  998 	 0.019067 	 5.959204 	 60.869225
  999 	 0.009246 	 5.573348 	 93.426890
 