   0 	 0.015625 	 0.067556 	 0.887784
    1 	 0.017377 	 0.212877 	 0.976562
    2 	 0.017365 	 0.413181 	 0.956936
    3 	 0.019921 	 0.555107 	 1.634784
    4 	 0.040757 	 0.589245 	 2.972820
    5 	 0.022954 	 0.814864 	 4.279559
    6 	 0.037022 	 1.078169 	 4.054483
    7 	 0.031118 	 1.136344 	 4.091358
    8 	 0.036576 	 1.064343 	 4.135264
    9 	 0.041084 	 0.925666 	 3.929277
   10 	 0.036663 	 1.031647 	 4.142917
   11 	 0.035952 	 1.122598 	 4.066950
   12 	 0.035867 	 1.227868 	 4.141411
   13 	 0.041501 	 1.030313 	 4.802447
   14 	 0.036753 	 1.219691 	 6.888251
   15 	 0.036746 	 1.052979 	 5.153684
   16 	 0.041456 	 1.145768 	 4.139882
   17 	 0.036917 	 1.112959 	 7.152144
   18 	 0.036049 	 0.931120 	 6.915042
   19 	 0.033087 	 1.018873 	 4.307412
   20 	 0.037068 	 1.369007 	 7.222863
   21 	 0.033631 	 1.267098 	 7.172145
   22 	 0.029751 	 1.123598 	 7.170121
   23 	 0.036670 	 1.222486 	 7.351257
   24 	 0.018989 	 1.263250 	 7.567077
   25 	 0.036299 	 1.327704 	 7.190623
   26 	 0.034184 	 1.506475 	 7.219968
   27 	 0.086661 	 1.215416 	 7.209834
   28 	 0.040858 	 1.844689 	 29.253059
   29 	 0.032899 	 1.479385 	 9.790357
   30 	 0.034065 	 1.786027 	 7.322368
   31 	 0.036617 	 2.388314 	 30.396245
   32 	 0.037819 	 2.525506 	 29.355460
   33 	 0.032788 	 1.874536 	 27.309882
   34 	 0.034065 	 2.261178 	 26.441766
   35 	 0.018683 	 2.415641 	 30.498645
   36 	 0.033018 	 3.000331 	 29.355460
   37 	 0.032788 	 2.124501 	 27.212946
   38 	 0.033947 	 2.428086 	 30.286758
   39 	 0.036747 	 3.163824 	 28.645885
   40 	 0.032906 	 3.962833 	 29.457860
   41 	 0.034909 	 3.027539 	 27.212946
   42 	 0.033947 	 2.401079 	 26.441766
   43 	 0.023434 	 3.822469 	 28.645885
   44 	 0.031357 	 3.869511 	 29.457860
   45 	 0.034909 	 3.545519 	 42.673756
   46 	 0.029578 	 3.439417 	 31.890588
   47 	 0.023434 	 3.672780 	 28.645885
   48 	 0.018774 	 4.001967 	 33.809111
   49 	 0.034909 	 3.324321 	 42.673756
   50 	 0.029578 	 4.017184 	 53.266320
   51 	 0.023434 	 4.279651 	 28.645885
   52 	 0.016575 	 4.193314 	 33.809111
   53 	 0.034909 	 2.687098 	 42.673756
   54 	 0.029578 	 5.053941 	 60.331919
   55 	 0.023434 	 4.825705 	 28.645885
   56 	 0.016575 	 4.730521 	 33.809111
   57 	 0.018398 	 2.502021 	 42.673756
   58 	 0.029578 	 6.260276 	 60.331919
   59 	 0.023434 	 5.270751 	 54.352285
   60 	 0.012625 	 5.336433 	 33.809111
   61 	 0.014824 	 3.341080 	 27.380582
   62 	 0.029578 	 6.877416 	 79.206433
   63 	 0.036223 	 5.551817 	 67.459484
   64 	 0.012625 	 5.282151 	 33.809111
   65 	 0.014824 	 3.372309 	 27.606783
   66 	 0.016921 	 5.422861 	 66.885519
   67 	 0.036223 	 5.145632 	 67.459484
   68 	 0.013617 	 5.545777 	 59.099496
   69 	 0.014824 	 3.603898 	 27.537293
   70 	 0.016921 	 5.417833 	 73.439119
   71 	 0.019061 	 5.971334 	 67.459484
   72 	 0.013617 	 6.186305 	 59.099496
   73 	 0.014824 	 4.292486 	 52.463701
   74 	 0.012174 	 5.125019 	 73.439119
   75 	 0.019061 	 6.327620 	 67.459484
   76 	 0.013617 	 6.580415 	 82.139493
   77 	 0.014824 	 3.939579 	 52.463701
   78 	 0.012174 	 5.606844 	 73.439119
   79 	 0.019061 	 6.315784 	 67.459484
   80 	 0.013541 	 6.031693 	 81.149711
   81 	 0.014824 	 4.509510 	 52.463701
   82 	 0.011402 	 5.542233 	 73.848718
   83 	 0.019061 	 6.826276 	 67.459484
   84 	 0.013541 	 5.738747 	 33.889749
   85 	 0.014824 	 6.016194 	 52.463701
   86 	 0.023971 	 5.130997 	 38.444187
   87 	 0.019061 	 6.995576 	 67.459484
   88 	 0.026012 	 5.780725 	 41.717426
   89 	 0.014824 	 5.889719 	 35.011119
   90 	 0.018491 	 4.793987 	 33.180724
   91 	 0.028562 	 5.830053 	 67.459484
   92 	 0.030138 	 6.438405 	 54.079822
   93 	 0.014824 	 5.767126 	 35.011119
   94 	 0.018491 	 4.841304 	 33.180724
   95 	 0.028562 	 5.447310 	 67.459484
   96 	 0.030138 	 6.087318 	 54.079822
   97 	 0.014824 	 5.999981 	 35.011119
   98 	 0.018491 	 5.677782 	 33.180724
   99 	 0.018641 	 4.958022 	 67.459484
  100 	 0.030138 	 5.994372 	 54.079822
  101 	 0.014824 	 6.354049 	 53.643840
  102 	 0.018491 	 5.091946 	 33.180724
  103 	 0.016927 	 4.431035 	 39.414857
  104 	 0.029462 	 7.152955 	 54.079822
  105 	 0.019060 	 5.538548 	 59.076612
  106 	 0.015392 	 5.293574 	 33.941984
  107 	 0.012522 	 5.453305 	 52.466761
  108 	 0.029462 	 6.964078 	 64.970804
  109 	 0.019060 	 7.419289 	 79.858239
  110 	 0.015392 	 5.797388 	 33.941984
  111 	 0.012522 	 5.329620 	 52.466761
  112 	 0.028486 	 7.049802 	 64.970804
  113 	 0.016283 	 5.767564 	 79.858239
  114 	 0.015392 	 6.536649 	 35.105547
  115 	 0.012522 	 6.551078 	 61.413883
  116 	 0.018914 	 6.431645 	 64.970804
  117 	 0.016283 	 5.252534 	 79.858239
  118 	 0.015392 	 7.908418 	 52.870566
  119 	 0.012522 	 5.480160 	 59.020361
  120 	 0.016308 	 6.078867 	 64.970804
  121 	 0.016943 	 5.982544 	 79.858239
  122 	 0.015392 	 9.003896 	 61.319946
  123 	 0.011684 	 6.141485 	 59.020361
  124 	 0.016308 	 7.473301 	 64.970804
  125 	 0.016943 	 4.933636 	 85.590743
  126 	 0.013961 	 8.234865 	 61.319946
  127 	 0.011684 	 5.694112 	 59.020361
  128 	 0.016308 	 8.617429 	 71.626803
  129 	 0.016943 	 5.489906 	 85.590743
  130 	 0.010221 	 6.827970 	 61.319946
  131 	 0.011684 	 5.906613 	 52.580995
  132 	 0.016308 	 7.830904 	 97.841202
  133 	 0.019018 	 5.843211 	 85.590743
  134 	 0.010221 	 8.681646 	 61.319946
  135 	 0.011684 	 5.512537 	 52.580995
  136 	 0.016308 	 6.737483 	 97.841202
  137 	 0.018307 	 5.189644 	 85.590743
  138 	 0.010221 	 9.676271 	 61.319946
  139 	 0.011684 	 8.265716 	 54.623920
  140 	 0.016308 	 5.800536 	 97.841202
  141 	 0.018307 	 4.814487 	 85.590743
  142 	 0.010221 	 8.884546 	 61.319946
  143 	 0.011684 	 6.090875 	 54.623920
  144 	 0.014733 	 5.499434 	 97.841202
  145 	 0.018307 	 5.776064 	 85.590743
  146 	 0.009579 	 8.203429 	 67.873546
  147 	 0.011684 	 5.831299 	 54.623920
  148 	 0.014733 	 4.642109 	 84.447360
  149 	 0.018307 	 6.490918 	 85.590743
  150 	 0.011842 	 9.075074 	 67.873546
  151 	 0.010853 	 5.397296 	 54.623920
  152 	 0.014733 	 5.359847 	 84.447360
  153 	 0.018307 	 7.942456 	 92.144343
  154 	 0.011842 	 8.429223 	 67.873546
  155 	 0.010853 	 5.366782 	 54.623920
  156 	 0.014733 	 5.036711 	 59.011859
  157 	 0.018307 	 7.112159 	 92.144343
  158 	 0.016946 	 8.154086 	 67.873546
  159 	 0.010853 	 5.717961 	 54.623920
  160 	 0.014733 	 5.878164 	 59.011859
  161 	 0.018307 	 8.069854 	 92.144343
  162 	 0.016946 	 7.929111 	 67.873546
  163 	 0.010853 	 5.134536 	 37.295846
  164 	 0.014733 	 6.579873 	 59.011859
  165 	 0.022805 	 9.352105 	 92.144343
  166 	 0.016946 	 7.096621 	 67.873546
  167 	 0.010853 	 5.030906 	 43.849446
  168 	 0.014711 	 5.033688 	 33.202567
  169 	 0.019063 	 6.139888 	 40.038302
  170 	 0.030118 	 6.884626 	 67.975946
  171 	 0.024976 	 6.423753 	 52.458932
  172 	 0.014711 	 4.727205 	 33.202567
  173 	 0.019063 	 5.759588 	 40.038302
  174 	 0.024110 	 5.891034 	 67.975946
  175 	 0.024976 	 6.943489 	 52.458932
  176 	 0.014711 	 7.184370 	 41.476261
  177 	 0.019063 	 6.640542 	 40.038302
  178 	 0.024110 	 5.972541 	 67.975946
  179 	 0.024976 	 8.036076 	 52.458932
  180 	 0.014711 	 7.886042 	 38.292194
  181 	 0.018294 	 6.220226 	 40.038302
  182 	 0.026115 	 5.740053 	 67.975946
  183 	 0.024912 	 7.891219 	 54.662909
  184 	 0.014711 	 7.490858 	 37.118117
  185 	 0.018294 	 5.933058 	 39.893094
  186 	 0.026941 	 5.918500 	 67.975946
  187 	 0.016486 	 7.743744 	 54.662909
  188 	 0.014711 	 7.250720 	 37.118117
  189 	 0.018294 	 6.351844 	 60.656661
  190 	 0.026941 	 6.840019 	 67.975946
  191 	 0.016486 	 6.870782 	 54.662909
  192 	 0.014711 	 7.332669 	 37.118117
  193 	 0.016946 	 6.238798 	 60.656661
  194 	 0.026941 	 6.415581 	 67.975946
  195 	 0.016486 	 6.976147 	 59.012532
  196 	 0.014711 	 7.105696 	 35.135561
  197 	 0.016946 	 6.117893 	 60.656661
  198 	 0.024105 	 6.437262 	 67.975946
  199 	 0.016486 	 7.345400 	 59.012532
  200 	 0.014623 	 6.501338 	 41.485907
  201 	 0.016946 	 5.120182 	 60.656661
  202 	 0.024105 	 5.164871 	 68.385546
  203 	 0.016486 	 6.158218 	 59.012532
  204 	 0.014623 	 6.920829 	 33.304550
  205 	 0.016488 	 6.768890 	 60.656661
  206 	 0.030026 	 6.853196 	 68.385546
  207 	 0.016486 	 6.831765 	 60.650931
  208 	 0.014623 	 6.900847 	 33.304550
  209 	 0.016488 	 7.488308 	 60.656661
  210 	 0.019062 	 5.842923 	 41.115192
  211 	 0.016053 	 6.696670 	 60.650931
  212 	 0.023390 	 7.758470 	 52.459280
  213 	 0.016488 	 6.094684 	 62.295061
  214 	 0.019062 	 6.004217 	 37.380151
  215 	 0.016053 	 7.105242 	 60.650931
  216 	 0.026752 	 7.182128 	 52.459280
  217 	 0.016488 	 5.851453 	 62.295061
  218 	 0.019062 	 6.263345 	 37.380151
  219 	 0.012372 	 5.692092 	 60.650931
  220 	 0.026752 	 7.146771 	 52.459280
  221 	 0.016460 	 6.192492 	 80.830247
  222 	 0.019062 	 6.431858 	 37.380151
  223 	 0.012372 	 5.639233 	 60.753331
  224 	 0.026752 	 7.121656 	 52.459280
  225 	 0.016460 	 5.428160 	 55.714439
  226 	 0.019062 	 6.442794 	 37.380151
  227 	 0.017949 	 6.284511 	 60.753331
  228 	 0.026752 	 6.602248 	 52.459280
  229 	 0.016460 	 5.977334 	 55.714439
  230 	 0.012711 	 6.840522 	 37.380151
  231 	 0.017949 	 6.794980 	 60.753331
  232 	 0.026752 	 7.058867 	 78.673679
  233 	 0.015948 	 6.925460 	 55.714439
  234 	 0.012711 	 5.395091 	 37.380151
  235 	 0.017613 	 6.942551 	 62.703817
  236 	 0.018333 	 9.287592 	 78.673679
  237 	 0.015922 	 7.903562 	 55.714439
  238 	 0.012451 	 4.747656 	 37.380151
  239 	 0.017949 	 6.862073 	 62.806217
  240 	 0.026752 	 9.533109 	 80.312079
  241 	 0.015922 	 8.083019 	 55.714439
  242 	 0.009387 	 4.853440 	 37.380151
  243 	 0.017949 	 6.570439 	 62.806217
  244 	 0.026752 	 8.005509 	 35.013529
  245 	 0.015922 	 8.227914 	 55.714439
  246 	 0.016712 	 5.784801 	 37.380151
  247 	 0.017949 	 6.928313 	 62.806217
  248 	 0.016510 	 7.527276 	 59.837139
  249 	 0.015922 	 9.174506 	 55.714439
  250 	 0.016712 	 7.519355 	 60.570730
  251 	 0.017949 	 7.721231 	 62.806217
  252 	 0.016510 	 5.770363 	 59.837139
  253 	 0.015922 	 9.017004 	 55.714439
  254 	 0.016712 	 8.037237 	 60.570730
  255 	 0.017949 	 8.024304 	 62.806217
  256 	 0.016510 	 4.905670 	 37.498443
  257 	 0.015922 	 7.534755 	 55.714439
  258 	 0.015695 	 6.682747 	 60.570730
  259 	 0.012484 	 8.309260 	 62.806217
  260 	 0.014898 	 6.116606 	 63.712842
  261 	 0.015922 	 6.477275 	 80.100692
  262 	 0.015695 	 7.501025 	 67.124329
  263 	 0.012418 	 6.807328 	 62.806217
  264 	 0.014898 	 7.440059 	 63.712842
  265 	 0.015922 	 6.366353 	 80.100692
  266 	 0.015695 	 7.059148 	 67.124329
  267 	 0.012484 	 8.014920 	 62.806217
  268 	 0.014898 	 6.827595 	 63.712842
  269 	 0.015922 	 6.914186 	 80.100692
  270 	 0.015695 	 7.219235 	 53.025716
  271 	 0.012484 	 7.275330 	 62.806217
  272 	 0.018859 	 6.498947 	 52.569171
  273 	 0.015922 	 7.185246 	 80.100692
  274 	 0.019023 	 7.285053 	 52.650432
  275 	 0.012484 	 6.234967 	 62.806217
  276 	 0.018993 	 7.249018 	 52.569171
  277 	 0.015318 	 4.793584 	 36.650543
  278 	 0.012693 	 7.397037 	 52.650432
  279 	 0.015907 	 5.965815 	 65.282560
  280 	 0.018993 	 6.825319 	 78.783570
  281 	 0.015254 	 5.707447 	 52.466738
  282 	 0.012693 	 8.187718 	 52.650432
  283 	 0.018150 	 4.740460 	 65.282560
  284 	 0.018993 	 7.296956 	 78.783570
  285 	 0.015318 	 7.057733 	 55.095794
  286 	 0.009524 	 7.684066 	 52.650432
  287 	 0.018150 	 3.229194 	 65.282560
  288 	 0.017204 	 7.685099 	 104.997969
  289 	 0.015318 	 6.809652 	 55.095794
  290 	 0.009524 	 8.011535 	 58.127467
  291 	 0.017098 	 4.099744 	 65.282560
  292 	 0.017204 	 7.821781 	 104.997969
  293 	 0.015318 	 7.439916 	 58.486783
  294 	 0.009524 	 8.230632 	 58.127467
  295 	 0.017098 	 3.698237 	 65.282560
  296 	 0.017204 	 7.887101 	 104.997969
  297 	 0.015318 	 5.887209 	 58.486783
  298 	 0.009524 	 9.012885 	 58.127467
  299 	 0.017098 	 4.633612 	 65.282560
  300 	 0.015544 	 7.349148 	 104.997969
  301 	 0.015318 	 6.055308 	 58.486783
  302 	 0.009524 	 10.384449 	 64.333302
  303 	 0.017098 	 4.847335 	 65.282560
  304 	 0.015544 	 7.215587 	 104.997969
  305 	 0.015318 	 5.907879 	 58.486783
  306 	 0.009524 	 10.138136 	 64.333302
  307 	 0.017098 	 5.161558 	 65.282560
  308 	 0.015544 	 7.134325 	 104.997969
  309 	 0.015318 	 6.104885 	 58.486783
  310 	 0.009524 	 10.033877 	 64.333302
  311 	 0.017098 	 5.090463 	 65.282560
  312 	 0.015544 	 7.540205 	 104.997969
  313 	 0.010929 	 5.881273 	 58.486783
  314 	 0.009524 	 10.079341 	 64.333302
  315 	 0.016871 	 6.376351 	 91.496958
  316 	 0.015460 	 7.777424 	 104.997969
  317 	 0.010929 	 6.580682 	 59.275049
  318 	 0.009524 	 9.016901 	 64.681066
  319 	 0.016871 	 7.002796 	 91.496958
  320 	 0.015460 	 8.298175 	 104.997969
  321 	 0.010929 	 6.590497 	 59.275049
  322 	 0.009524 	 8.995756 	 64.681066
  323 	 0.016871 	 7.074528 	 91.496958
  324 	 0.015446 	 7.278708 	 104.997969
  325 	 0.010917 	 6.809530 	 59.275049
  326 	 0.009524 	 8.916655 	 64.742902
  327 	 0.016871 	 7.093899 	 91.599358
  328 	 0.015446 	 6.596302 	 104.997969
  329 	 0.010917 	 6.991363 	 59.275049
  330 	 0.009524 	 9.043424 	 64.681066
  331 	 0.016871 	 7.163607 	 59.456764
  332 	 0.015460 	 7.536986 	 104.997969
  333 	 0.016819 	 7.032196 	 59.275049
  334 	 0.009524 	 9.136390 	 64.681066
  335 	 0.016871 	 7.518194 	 59.456764
  336 	 0.015460 	 6.083017 	 104.997969
  337 	 0.016445 	 6.524730 	 59.275049
  338 	 0.009524 	 8.969226 	 64.681066
  339 	 0.016871 	 7.523364 	 60.807699
  340 	 0.015460 	 6.333834 	 104.997969
  341 	 0.016445 	 7.168573 	 59.275049
  342 	 0.009524 	 8.534348 	 64.681066
  343 	 0.016871 	 7.703327 	 60.807699
  344 	 0.015460 	 6.051909 	 104.997969
  345 	 0.016418 	 6.266871 	 59.275049
  346 	 0.009524 	 8.450504 	 64.681066
  347 	 0.016871 	 7.443320 	 60.910099
  348 	 0.015460 	 6.021753 	 104.997969
  349 	 0.016418 	 7.122354 	 59.275049
  350 	 0.009524 	 7.311515 	 59.920832
  351 	 0.016871 	 6.781796 	 60.910099
  352 	 0.016245 	 6.167872 	 104.997969
  353 	 0.016418 	 7.536136 	 59.275049
  354 	 0.009524 	 7.304970 	 61.559231
  355 	 0.016871 	 7.541910 	 60.910099
  356 	 0.016245 	 5.703084 	 104.997969
  357 	 0.016418 	 8.051387 	 59.275049
  358 	 0.009524 	 7.749250 	 61.559231
  359 	 0.016871 	 7.752576 	 60.910099
  360 	 0.016245 	 4.603637 	 104.997969
  361 	 0.016418 	 7.186199 	 59.275049
  362 	 0.009524 	 7.339279 	 61.559231
  363 	 0.016841 	 7.023533 	 60.910099
  364 	 0.016245 	 3.500066 	 59.996318
  365 	 0.016418 	 8.347926 	 59.377449
  366 	 0.016323 	 6.265391 	 59.430051
  367 	 0.016841 	 6.226113 	 60.910099
  368 	 0.016827 	 3.828150 	 61.264352
  369 	 0.016418 	 7.511081 	 52.947260
  370 	 0.016323 	 5.552940 	 59.430051
  371 	 0.018887 	 6.389335 	 60.910099
  372 	 0.016798 	 4.732551 	 61.264352
  373 	 0.015988 	 6.915343 	 52.947260
  374 	 0.016323 	 5.736656 	 59.532451
  375 	 0.018887 	 6.828699 	 62.548498
  376 	 0.016798 	 4.601105 	 61.264352
  377 	 0.015988 	 6.823298 	 52.947260
  378 	 0.016323 	 6.483686 	 59.532451
  379 	 0.018887 	 6.992123 	 62.548498
  380 	 0.016798 	 5.160308 	 61.264352
  381 	 0.015988 	 6.246163 	 52.580725
  382 	 0.016323 	 6.776866 	 59.532451
  383 	 0.019018 	 6.413138 	 62.548498
  384 	 0.015136 	 5.500599 	 61.264352
  385 	 0.015988 	 6.587049 	 52.580725
  386 	 0.016323 	 6.753193 	 66.067516
  387 	 0.019018 	 5.691065 	 62.548498
  388 	 0.015136 	 6.035323 	 61.264352
  389 	 0.015988 	 6.683343 	 52.580725
  390 	 0.016225 	 6.399680 	 66.067516
  391 	 0.012691 	 5.803212 	 62.548498
  392 	 0.015136 	 5.159229 	 61.634718
  393 	 0.015961 	 6.906078 	 78.795124
  394 	 0.016225 	 6.518785 	 66.067516
  395 	 0.012691 	 6.244269 	 62.650898
  396 	 0.015136 	 5.016018 	 61.634718
  397 	 0.015530 	 6.263238 	 78.795124
  398 	 0.016225 	 7.145034 	 66.067516
  399 	 0.009523 	 6.358495 	 60.217096
  400 	 0.015136 	 5.656471 	 61.634718
  401 	 0.016607 	 5.932583 	 105.009523
  402 	 0.016225 	 6.381199 	 66.067516
  403 	 0.009523 	 6.778254 	 60.217096
  404 	 0.015136 	 6.211924 	 61.634718
  405 	 0.016607 	 6.508744 	 105.009523
  406 	 0.014665 	 6.292909 	 66.067516
  407 	 0.009523 	 6.775966 	 52.567999
  408 	 0.015136 	 7.263952 	 68.188317
  409 	 0.015232 	 7.102102 	 105.009523
  410 	 0.014665 	 6.221121 	 66.067516
  411 	 0.009523 	 5.901581 	 65.649788
  412 	 0.015043 	 6.025672 	 68.188317
  413 	 0.015232 	 6.633708 	 52.542101
  414 	 0.014665 	 6.992402 	 66.477116
  415 	 0.019032 	 5.455399 	 65.649788
  416 	 0.015043 	 6.460390 	 68.188317
  417 	 0.015232 	 6.011859 	 52.542101
  418 	 0.014665 	 6.424224 	 66.477116
  419 	 0.019032 	 6.976267 	 65.649788
  420 	 0.015043 	 5.478579 	 68.188317
  421 	 0.015232 	 5.772559 	 52.542101
  422 	 0.014665 	 5.437718 	 66.477116
  423 	 0.019032 	 6.387471 	 52.567999
  424 	 0.010788 	 6.178410 	 68.188317
  425 	 0.019023 	 6.379513 	 52.542101
  426 	 0.014665 	 5.989804 	 92.691515
  427 	 0.018885 	 5.105302 	 52.567999
  428 	 0.010788 	 4.837320 	 68.188317
  429 	 0.019023 	 7.508242 	 52.951700
  430 	 0.014665 	 6.618956 	 92.691515
  431 	 0.018885 	 4.706566 	 52.567999
  432 	 0.010788 	 4.777403 	 68.188317
  433 	 0.018657 	 7.673307 	 52.951700
  434 	 0.014665 	 6.481823 	 92.691515
  435 	 0.018885 	 4.671106 	 53.599358
  436 	 0.010741 	 6.088359 	 68.188317
  437 	 0.018657 	 7.171748 	 52.951700
  438 	 0.014665 	 5.152352 	 30.320218
  439 	 0.018885 	 4.361650 	 52.567999
  440 	 0.032870 	 5.839728 	 37.551386
  441 	 0.019023 	 6.903840 	 52.951700
  442 	 0.026630 	 4.984026 	 30.422618
  443 	 0.018885 	 4.449449 	 52.567999
  444 	 0.032092 	 6.260837 	 37.551386
  445 	 0.019023 	 7.233028 	 52.951700
  446 	 0.026630 	 4.655917 	 31.159976
  447 	 0.018077 	 4.207124 	 33.434491
  448 	 0.024906 	 7.093043 	 37.551386
  449 	 0.025007 	 8.454053 	 55.319619
  450 	 0.014667 	 4.692257 	 35.215999
  451 	 0.018077 	 5.227821 	 39.988091
  452 	 0.028396 	 8.201397 	 68.179653
  453 	 0.025007 	 8.284523 	 55.319619
  454 	 0.014667 	 4.761042 	 35.215999
  455 	 0.013937 	 5.829002 	 39.988091
  456 	 0.028396 	 8.150191 	 68.179653
  457 	 0.025007 	 8.184552 	 71.751810
  458 	 0.014667 	 5.442036 	 35.215999
  459 	 0.013937 	 5.542338 	 39.988091
  460 	 0.018258 	 6.501143 	 54.199676
  461 	 0.019031 	 6.371130 	 71.751810
  462 	 0.018450 	 5.788805 	 54.769819
  463 	 0.013937 	 6.147444 	 52.545931
  464 	 0.018258 	 5.238067 	 54.199676
  465 	 0.019021 	 6.109258 	 71.751810
  466 	 0.018450 	 6.889652 	 54.769819
  467 	 0.013937 	 6.596386 	 52.573217
  468 	 0.018258 	 6.911381 	 54.199676
  469 	 0.019021 	 5.454584 	 54.676828
  470 	 0.018450 	 5.637114 	 54.769819
  471 	 0.018289 	 7.917265 	 52.573217
  472 	 0.018258 	 7.870138 	 54.199676
  473 	 0.017186 	 5.559288 	 54.676828
  474 	 0.018450 	 5.415761 	 54.769819
  475 	 0.017743 	 8.673885 	 58.185524
  476 	 0.018258 	 7.439881 	 54.199676
  477 	 0.017186 	 5.919608 	 56.359515
  478 	 0.018450 	 5.551638 	 54.769819
  479 	 0.012645 	 9.542267 	 58.185524
  480 	 0.018258 	 6.938018 	 54.199676
  481 	 0.017186 	 4.730446 	 56.359515
  482 	 0.016827 	 5.654137 	 54.769819
  483 	 0.017743 	 7.617549 	 58.185524
  484 	 0.018258 	 7.899396 	 59.429924
  485 	 0.017186 	 4.884605 	 56.359515
  486 	 0.011732 	 5.383289 	 54.769819
  487 	 0.017743 	 6.561125 	 58.185524
  488 	 0.018224 	 8.754803 	 85.234755
  489 	 0.017186 	 5.101157 	 56.359515
  490 	 0.011732 	 5.531137 	 54.872219
  491 	 0.017743 	 5.533315 	 58.185524
  492 	 0.018224 	 9.171458 	 85.234755
  493 	 0.017186 	 6.349465 	 56.359515
  494 	 0.011732 	 6.143775 	 54.872219
  495 	 0.015895 	 5.348270 	 58.185524
  496 	 0.018224 	 8.614339 	 59.429924
  497 	 0.017186 	 6.990001 	 62.913115
  498 	 0.016827 	 5.757845 	 54.872219
  499 	 0.015895 	 6.217873 	 58.185524
  500 	 0.018167 	 8.580097 	 59.429924
  501 	 0.017186 	 6.403567 	 62.913115
  502 	 0.016827 	 6.193024 	 55.045546
  503 	 0.015792 	 5.852659 	 58.185524
  504 	 0.018167 	 7.506592 	 54.199676
  505 	 0.017066 	 6.681467 	 63.322715
  506 	 0.018450 	 5.756923 	 55.045546
  507 	 0.015792 	 5.947188 	 58.595124
  508 	 0.018167 	 6.918807 	 54.199676
  509 	 0.016032 	 6.405403 	 59.020526
  510 	 0.015129 	 5.026407 	 55.045546
  511 	 0.016943 	 5.932897 	 62.376329
  512 	 0.018167 	 7.802298 	 66.099958
  513 	 0.016032 	 6.454394 	 59.020526
  514 	 0.015129 	 5.103515 	 52.934423
  515 	 0.016943 	 6.689839 	 62.376329
  516 	 0.018891 	 8.635824 	 66.099958
  517 	 0.016032 	 6.094582 	 59.020526
  518 	 0.015129 	 4.313357 	 47.933659
  519 	 0.016914 	 7.346624 	 62.376329
  520 	 0.020862 	 7.214748 	 54.199676
  521 	 0.016032 	 6.819952 	 59.122926
  522 	 0.018450 	 4.272673 	 33.318130
  523 	 0.016914 	 6.977209 	 62.376329
  524 	 0.030014 	 7.966989 	 54.199676
  525 	 0.016032 	 8.065897 	 59.122926
  526 	 0.018416 	 4.956291 	 33.318130
  527 	 0.016914 	 5.460397 	 62.376329
  528 	 0.030014 	 7.494795 	 54.302076
  529 	 0.016032 	 7.878188 	 59.122926
  530 	 0.018416 	 5.065799 	 33.318130
  531 	 0.016914 	 5.070884 	 62.376329
  532 	 0.019062 	 7.624711 	 54.302076
  533 	 0.016032 	 8.794963 	 59.122926
  534 	 0.018381 	 5.144993 	 52.459280
  535 	 0.016914 	 4.782814 	 55.178899
  536 	 0.018485 	 7.482249 	 54.404477
  537 	 0.018123 	 7.988529 	 55.882627
  538 	 0.018381 	 4.921262 	 54.097679
  539 	 0.017895 	 4.427859 	 55.178899
  540 	 0.018485 	 6.083390 	 33.564086
  541 	 0.018123 	 9.094295 	 55.882627
  542 	 0.029794 	 6.332388 	 54.097679
  543 	 0.017895 	 4.850789 	 55.178899
  544 	 0.016794 	 5.905243 	 33.564086
  545 	 0.018123 	 9.281866 	 55.882627
  546 	 0.029794 	 4.678440 	 52.876504
  547 	 0.017120 	 4.735813 	 55.178899
  548 	 0.017906 	 5.289100 	 33.215704
  549 	 0.018123 	 10.253549 	 58.411882
  550 	 0.027642 	 5.596802 	 55.848399
  551 	 0.017004 	 5.059460 	 54.105292
  552 	 0.017906 	 5.553835 	 36.176804
  553 	 0.018482 	 11.310343 	 58.809044
  554 	 0.027642 	 5.221903 	 55.848399
  555 	 0.017004 	 4.267909 	 36.688305
  556 	 0.017873 	 5.548253 	 36.176804
  557 	 0.025280 	 11.490007 	 58.809044
  558 	 0.020575 	 5.559655 	 55.950799
  559 	 0.017004 	 4.028732 	 39.556436
  560 	 0.017873 	 5.343674 	 48.602757
  561 	 0.025280 	 10.991642 	 58.809044
  562 	 0.020575 	 6.054717 	 55.950799
  563 	 0.016031 	 3.542137 	 39.556436
  564 	 0.017873 	 5.741180 	 48.602757
  565 	 0.025280 	 9.539017 	 62.380472
  566 	 0.020575 	 7.685195 	 55.950799
  567 	 0.016031 	 3.977927 	 39.556436
  568 	 0.017873 	 5.389834 	 48.602757
  569 	 0.025280 	 10.425288 	 62.380472
  570 	 0.020403 	 8.107980 	 55.950799
  571 	 0.016031 	 4.979321 	 39.556436
  572 	 0.017873 	 5.160970 	 49.012357
  573 	 0.025021 	 9.211235 	 62.380472
  574 	 0.020403 	 8.343618 	 55.950799
  575 	 0.016031 	 5.851531 	 39.966036
  576 	 0.012693 	 5.987193 	 49.012357
  577 	 0.016759 	 9.133812 	 62.380472
  578 	 0.018447 	 8.103791 	 78.783547
  579 	 0.016016 	 5.977634 	 59.668845
  580 	 0.012693 	 6.422550 	 54.210304
  581 	 0.016759 	 7.868098 	 62.436227
  582 	 0.018447 	 7.630661 	 78.783547
  583 	 0.016016 	 5.822934 	 59.668845
  584 	 0.012693 	 6.297232 	 52.464521
  585 	 0.016759 	 7.359552 	 62.436227
  586 	 0.018976 	 7.869449 	 78.783547
  587 	 0.016016 	 6.445240 	 59.668845
  588 	 0.012693 	 6.444485 	 52.697295
  589 	 0.016645 	 6.548716 	 60.857043
  590 	 0.018976 	 7.093320 	 78.783547
  591 	 0.016432 	 7.302809 	 60.078445
  592 	 0.012693 	 6.911866 	 52.697295
  593 	 0.016645 	 6.938461 	 60.857043
  594 	 0.018976 	 6.303713 	 57.589198
  595 	 0.016432 	 6.141655 	 60.078445
  596 	 0.017364 	 6.302259 	 52.697295
  597 	 0.014221 	 7.455237 	 60.857043
  598 	 0.018876 	 6.542232 	 57.589198
  599 	 0.016432 	 5.038569 	 53.916396
  600 	 0.017364 	 5.719641 	 52.976520
  601 	 0.018547 	 7.693334 	 60.459882
  602 	 0.018876 	 6.536079 	 57.589198
  603 	 0.016512 	 4.637797 	 52.461582
  604 	 0.017364 	 5.835225 	 52.976520
  605 	 0.019062 	 8.484925 	 60.562282
  606 	 0.018404 	 6.191588 	 57.589198
  607 	 0.016512 	 4.208791 	 43.295997
  608 	 0.017364 	 5.551266 	 54.335694
  609 	 0.023097 	 7.711264 	 60.562282
  610 	 0.018404 	 6.545526 	 57.589198
  611 	 0.016512 	 5.082367 	 43.295997
  612 	 0.017364 	 5.266200 	 54.335694
  613 	 0.023097 	 7.508722 	 60.562282
  614 	 0.018404 	 6.427198 	 57.589198
  615 	 0.016512 	 5.129576 	 43.295997
  616 	 0.017364 	 5.052307 	 54.335694
  617 	 0.023097 	 7.605874 	 60.562282
  618 	 0.018404 	 6.635014 	 57.589198
  619 	 0.016512 	 5.131487 	 43.295997
  620 	 0.017364 	 6.007398 	 54.335694
  621 	 0.017906 	 7.944496 	 60.562282
  622 	 0.018404 	 6.839594 	 57.589198
  623 	 0.016512 	 5.336342 	 55.848473
  624 	 0.017364 	 6.761856 	 54.335694
  625 	 0.014055 	 8.469519 	 60.562282
  626 	 0.018404 	 7.144076 	 57.589198
  627 	 0.016292 	 5.313737 	 71.148795
  628 	 0.017364 	 7.144935 	 54.335694
  629 	 0.014055 	 8.707930 	 61.381481
  630 	 0.018404 	 6.739910 	 57.589198
  631 	 0.016292 	 4.807175 	 71.148795
  632 	 0.017364 	 9.096433 	 54.335694
  633 	 0.014055 	 8.707795 	 61.381481
  634 	 0.016784 	 5.631522 	 57.589198
  635 	 0.016292 	 5.039131 	 71.148795
  636 	 0.017364 	 9.870674 	 59.580103
  637 	 0.014055 	 9.041622 	 61.381481
  638 	 0.016784 	 6.718758 	 57.589198
  639 	 0.016264 	 4.508714 	 71.148795
  640 	 0.017364 	 10.143210 	 59.580103
  641 	 0.014055 	 10.379834 	 61.483881
  642 	 0.012415 	 6.442073 	 57.589198
  643 	 0.016264 	 4.811444 	 71.148795
  644 	 0.017242 	 9.358852 	 80.550093
  645 	 0.014055 	 8.105358 	 61.483881
  646 	 0.012415 	 6.306339 	 54.621516
  647 	 0.016026 	 4.283407 	 33.122678
  648 	 0.018308 	 7.908887 	 80.550093
  649 	 0.030191 	 9.096409 	 62.398486
  650 	 0.012167 	 5.353663 	 40.659902
  651 	 0.015922 	 4.366582 	 33.122678
  652 	 0.024594 	 6.359900 	 79.381025
  653 	 0.018787 	 8.113613 	 62.808086
  654 	 0.012597 	 6.012274 	 40.659902
  655 	 0.015922 	 4.448718 	 53.229148
  656 	 0.021180 	 6.350787 	 79.381025
  657 	 0.018787 	 7.758247 	 62.808086
  658 	 0.012597 	 5.046636 	 47.213502
  659 	 0.015922 	 3.443999 	 53.229148
  660 	 0.021180 	 6.617535 	 79.381025
  661 	 0.018787 	 9.010621 	 62.808086
  662 	 0.012597 	 4.812345 	 47.213502
  663 	 0.014329 	 3.173233 	 30.563253
  664 	 0.020470 	 7.000679 	 79.381025
  665 	 0.032719 	 8.874273 	 69.787294
  666 	 0.012597 	 5.037056 	 48.851901
  667 	 0.014329 	 3.093715 	 30.563253
  668 	 0.020470 	 6.076913 	 79.381025
  669 	 0.019030 	 8.461050 	 69.787294
  670 	 0.012597 	 5.597686 	 34.675078
  671 	 0.014329 	 3.746535 	 52.548799
  672 	 0.028754 	 6.300168 	 79.381025
  673 	 0.018883 	 8.107197 	 69.787294
  674 	 0.012597 	 5.325590 	 34.777479
  675 	 0.014329 	 4.208973 	 52.958399
  676 	 0.023449 	 5.182955 	 46.425292
  677 	 0.018883 	 9.731596 	 69.787294
  678 	 0.021540 	 5.021712 	 42.645453
  679 	 0.014329 	 3.499184 	 52.958399
  680 	 0.023449 	 4.853640 	 46.425292
  681 	 0.018883 	 7.747646 	 69.787294
  682 	 0.021510 	 5.560751 	 42.645453
  683 	 0.014329 	 5.018636 	 52.958399
  684 	 0.023449 	 5.041893 	 46.425292
  685 	 0.014991 	 8.013912 	 69.787294
  686 	 0.019019 	 5.698510 	 42.645453
  687 	 0.014329 	 5.285488 	 52.958399
  688 	 0.017621 	 6.911419 	 52.579810
  689 	 0.018883 	 8.205724 	 69.787294
  690 	 0.019019 	 5.557093 	 42.717581
  691 	 0.014329 	 5.746827 	 52.958399
  692 	 0.020129 	 7.166033 	 52.579810
  693 	 0.018883 	 6.747132 	 69.787294
  694 	 0.019019 	 6.445548 	 49.680781
  695 	 0.014329 	 6.623903 	 52.958399
  696 	 0.020129 	 7.235096 	 52.579810
  697 	 0.018883 	 6.859201 	 69.771286
  698 	 0.019019 	 5.795173 	 42.645453
  699 	 0.014333 	 7.070298 	 52.958399
  700 	 0.015235 	 7.978119 	 52.579810
  701 	 0.018883 	 6.270087 	 52.868588
  702 	 0.019019 	 6.174082 	 65.637337
  703 	 0.018915 	 6.615965 	 52.958399
  704 	 0.015235 	 7.770617 	 52.579810
  705 	 0.018883 	 6.743853 	 52.868588
  706 	 0.016680 	 5.735181 	 65.637337
  707 	 0.018915 	 6.848148 	 52.670616
  708 	 0.015235 	 7.684519 	 52.579810
  709 	 0.018317 	 6.464242 	 52.868588
  710 	 0.019019 	 4.627367 	 65.637337
  711 	 0.018308 	 7.461630 	 54.595327
  712 	 0.015235 	 7.928567 	 52.579810
  713 	 0.018180 	 4.953884 	 54.621960
  714 	 0.018943 	 3.105477 	 30.326260
  715 	 0.018308 	 6.153444 	 55.004927
  716 	 0.032975 	 7.487627 	 52.790410
  717 	 0.017654 	 5.392063 	 54.621960
  718 	 0.012657 	 2.876818 	 26.659713
  719 	 0.018308 	 5.654358 	 52.978269
  720 	 0.037510 	 7.449623 	 79.004809
  721 	 0.018839 	 4.672173 	 54.621960
  722 	 0.012657 	 3.585901 	 26.659713
  723 	 0.016108 	 6.300165 	 53.080669
  724 	 0.037510 	 7.947900 	 79.004809
  725 	 0.016797 	 5.442093 	 62.082143
  726 	 0.012657 	 3.043827 	 26.659713
  727 	 0.016108 	 6.196752 	 59.534835
  728 	 0.037510 	 5.423740 	 34.729828
  729 	 0.016797 	 5.551473 	 62.082143
  730 	 0.028794 	 2.995447 	 26.659713
  731 	 0.016108 	 6.032717 	 59.534835
  732 	 0.030061 	 3.939922 	 26.661939
  733 	 0.016797 	 5.858012 	 62.082143
  734 	 0.030406 	 3.276834 	 26.659713
  735 	 0.016108 	 5.411185 	 59.534835
  736 	 0.022249 	 3.650749 	 27.222308
  737 	 0.016797 	 5.307482 	 62.082143
  738 	 0.034649 	 4.780087 	 44.945688
  739 	 0.016108 	 4.531522 	 59.534835
  740 	 0.022249 	 4.815215 	 28.860707
  741 	 0.016797 	 5.826998 	 54.621960
  742 	 0.018157 	 4.031150 	 27.069313
  743 	 0.018308 	 5.171954 	 59.534835
  744 	 0.036923 	 5.592352 	 55.075106
  745 	 0.016797 	 6.369609 	 54.621960
  746 	 0.018157 	 3.523875 	 27.083669
  747 	 0.018308 	 5.071946 	 59.534835
  748 	 0.018762 	 5.076002 	 55.075106
  749 	 0.011662 	 6.521551 	 54.621960
  750 	 0.018157 	 3.867594 	 27.478913
  751 	 0.018308 	 5.549059 	 85.749234
  752 	 0.036074 	 5.138187 	 55.075106
  753 	 0.011662 	 5.899894 	 40.039974
  754 	 0.018157 	 4.157451 	 27.720933
  755 	 0.024975 	 6.124330 	 85.749234
  756 	 0.036074 	 4.232019 	 35.252497
  757 	 0.011662 	 6.518620 	 40.039974
  758 	 0.016269 	 4.760766 	 27.720933
  759 	 0.024975 	 6.131390 	 85.749234
  760 	 0.029417 	 4.960962 	 61.466896
  761 	 0.011648 	 5.702978 	 40.039974
  762 	 0.011405 	 5.089992 	 33.750181
  763 	 0.018483 	 6.933904 	 85.851634
  764 	 0.019020 	 5.036448 	 87.681295
  765 	 0.011648 	 6.147150 	 40.039974
  766 	 0.011405 	 6.618332 	 52.576128
  767 	 0.024975 	 6.902334 	 85.851634
  768 	 0.019020 	 3.819432 	 34.556270
  769 	 0.011648 	 6.755021 	 40.039974
  770 	 0.018878 	 7.283092 	 52.576128
  771 	 0.019063 	 5.221848 	 85.851634
  772 	 0.019020 	 4.686901 	 52.970403
  773 	 0.008923 	 5.764854 	 52.458385
  774 	 0.018878 	 6.283421 	 52.576128
  775 	 0.019063 	 6.481743 	 112.066033
  776 	 0.019020 	 5.796744 	 52.970403
  777 	 0.008923 	 6.130842 	 52.458385
  778 	 0.018878 	 6.112729 	 52.576128
  779 	 0.018979 	 6.021359 	 112.066033
  780 	 0.018456 	 5.265656 	 36.194669
  781 	 0.008923 	 6.962009 	 52.690233
  782 	 0.027628 	 7.348198 	 54.183349
  783 	 0.018979 	 6.492027 	 112.066033
  784 	 0.018456 	 5.652127 	 36.194669
  785 	 0.008923 	 6.658142 	 52.690233
  786 	 0.027628 	 7.153065 	 54.183349
  787 	 0.018979 	 6.866482 	 112.066033
  788 	 0.018456 	 5.261718 	 36.194669
  789 	 0.008923 	 5.779288 	 52.690233
  790 	 0.027628 	 7.317612 	 54.183349
  791 	 0.018979 	 7.976001 	 112.066033
  792 	 0.016795 	 4.684901 	 36.194669
  793 	 0.008923 	 5.474125 	 52.690233
  794 	 0.027628 	 6.612203 	 54.183349
  795 	 0.018979 	 7.704097 	 112.066033
  796 	 0.015677 	 5.380109 	 36.194669
  797 	 0.008795 	 6.375753 	 52.690233
  798 	 0.027628 	 5.567053 	 63.789097
  799 	 0.018979 	 6.753821 	 113.704432
  800 	 0.015677 	 6.235737 	 36.194669
  801 	 0.008795 	 6.725645 	 52.690233
  802 	 0.018457 	 7.000502 	 63.789097
  803 	 0.018979 	 6.303934 	 113.704432
  804 	 0.015677 	 6.057673 	 54.181312
  805 	 0.008795 	 6.808932 	 52.690233
  806 	 0.018457 	 7.104096 	 53.232823
  807 	 0.018979 	 5.388877 	 34.709921
  808 	 0.018785 	 5.062475 	 34.558547
  809 	 0.019023 	 6.665998 	 52.690233
  810 	 0.028936 	 6.574061 	 53.232823
  811 	 0.018979 	 4.947385 	 52.567575
  812 	 0.018785 	 5.451900 	 34.558547
  813 	 0.019023 	 6.690857 	 52.680526
  814 	 0.028936 	 6.359547 	 53.232823
  815 	 0.018946 	 4.950935 	 34.709921
  816 	 0.018785 	 4.814273 	 34.558547
  817 	 0.028474 	 6.940370 	 52.782926
  818 	 0.018877 	 5.672128 	 53.232823
  819 	 0.018946 	 4.227278 	 35.119520
  820 	 0.018785 	 5.574221 	 52.973784
  821 	 0.028146 	 6.488042 	 52.782926
  822 	 0.018877 	 6.000867 	 53.232823
  823 	 0.018946 	 4.349603 	 35.529120
  824 	 0.018224 	 5.520707 	 52.973784
  825 	 0.028146 	 6.908450 	 52.782926
  826 	 0.018877 	 6.051943 	 54.871222
  827 	 0.018416 	 3.279458 	 34.775368
  828 	 0.018224 	 4.485276 	 52.973784
  829 	 0.027462 	 8.521191 	 54.301585
  830 	 0.018877 	 6.865100 	 54.871222
  831 	 0.018416 	 3.743718 	 36.413767
  832 	 0.018224 	 4.433864 	 52.973784
  833 	 0.024489 	 6.984201 	 52.782926
  834 	 0.018877 	 6.454215 	 54.871222
  835 	 0.018448 	 4.776687 	 40.834470
  836 	 0.018224 	 4.438638 	 52.973784
  837 	 0.014914 	 7.853325 	 54.207697
  838 	 0.018877 	 5.977440 	 54.871222
  839 	 0.018448 	 5.808830 	 67.048869
  840 	 0.018224 	 4.129634 	 52.973784
  841 	 0.014914 	 7.135806 	 54.207697
  842 	 0.018877 	 6.479502 	 54.871222
  843 	 0.018448 	 5.532913 	 67.048869
  844 	 0.018224 	 3.063964 	 32.907277
  845 	 0.010722 	 5.823899 	 52.466188
  846 	 0.028948 	 6.682205 	 54.871222
  847 	 0.019060 	 5.993795 	 93.263267
  848 	 0.018224 	 3.452103 	 34.544871
  849 	 0.010722 	 5.503304 	 52.466188
  850 	 0.028948 	 6.143288 	 54.871222
  851 	 0.019060 	 6.319722 	 93.263267
  852 	 0.018163 	 3.728284 	 34.544871
  853 	 0.010722 	 6.384518 	 52.466188
  854 	 0.025342 	 6.345063 	 55.056063
  855 	 0.019060 	 5.960013 	 93.263267
  856 	 0.017877 	 4.173590 	 39.460876
  857 	 0.010722 	 5.829389 	 52.466188
  858 	 0.025342 	 6.575517 	 55.938623
  859 	 0.019060 	 6.186457 	 93.263267
  860 	 0.017368 	 3.691092 	 39.460876
  861 	 0.010722 	 6.613344 	 52.466188
  862 	 0.025342 	 6.720105 	 57.577022
  863 	 0.016603 	 7.020061 	 93.263267
  864 	 0.017368 	 5.224907 	 39.460876
  865 	 0.010722 	 7.782815 	 60.229814
  866 	 0.025342 	 7.596288 	 57.577022
  867 	 0.016603 	 5.768433 	 59.749421
  868 	 0.017368 	 4.677524 	 39.460876
  869 	 0.011633 	 5.038944 	 60.229814
  870 	 0.018986 	 9.317389 	 57.577022
  871 	 0.016603 	 7.207268 	 85.963820
  872 	 0.017368 	 4.292180 	 52.669452
  873 	 0.011633 	 6.266614 	 60.229814
  874 	 0.018986 	 9.230461 	 57.577022
  875 	 0.016603 	 7.088442 	 85.963820
  876 	 0.017368 	 4.671123 	 52.669452
  877 	 0.011619 	 7.522262 	 60.229814
  878 	 0.018986 	 10.099899 	 57.577022
  879 	 0.016163 	 6.691341 	 86.066220
  880 	 0.017368 	 4.935329 	 52.669452
  881 	 0.011619 	 7.595466 	 61.868213
  882 	 0.013845 	 9.273213 	 57.577022
  883 	 0.016163 	 7.156001 	 86.066220
  884 	 0.017368 	 5.869329 	 72.228875
  885 	 0.011619 	 7.175304 	 41.035894
  886 	 0.013845 	 6.479160 	 39.462090
  887 	 0.024369 	 5.708952 	 86.066220
  888 	 0.015226 	 6.316236 	 72.228875
  889 	 0.011619 	 8.037872 	 41.035894
  890 	 0.013845 	 6.050042 	 65.676489
  891 	 0.024369 	 5.218368 	 86.066220
  892 	 0.015226 	 5.150928 	 72.228875
  893 	 0.011619 	 7.228511 	 41.035894
  894 	 0.013825 	 6.007800 	 65.676489
  895 	 0.019037 	 4.527396 	 86.066220
  896 	 0.015226 	 4.750839 	 53.079052
  897 	 0.011619 	 7.643049 	 52.528977
  898 	 0.018840 	 6.994334 	 65.676489
  899 	 0.019037 	 4.602118 	 86.066220
  900 	 0.015226 	 4.155367 	 53.079052
  901 	 0.011402 	 7.351811 	 52.528977
  902 	 0.018840 	 6.919124 	 65.676489
  903 	 0.016925 	 4.450210 	 87.704620
  904 	 0.015226 	 4.791779 	 53.079052
  905 	 0.011402 	 7.905810 	 59.082576
  906 	 0.018840 	 7.661257 	 65.676489
  907 	 0.011724 	 5.061032 	 87.704620
  908 	 0.015226 	 4.693089 	 53.079052
  909 	 0.011402 	 7.776776 	 85.296975
  910 	 0.018840 	 8.436531 	 65.676489
  911 	 0.011724 	 4.382453 	 87.704620
  912 	 0.015226 	 5.127981 	 53.079052
  913 	 0.011402 	 7.631686 	 85.296975
  914 	 0.018840 	 6.144298 	 52.984318
  915 	 0.011724 	 4.739814 	 87.704620
  916 	 0.018874 	 5.571496 	 53.079052
  917 	 0.011349 	 6.531564 	 54.847426
  918 	 0.018696 	 6.061358 	 52.984318
  919 	 0.018232 	 4.847042 	 88.114219
  920 	 0.018874 	 5.619746 	 53.488652
  921 	 0.011349 	 5.863803 	 54.847426
  922 	 0.018696 	 6.276407 	 52.984318
  923 	 0.018232 	 5.313793 	 88.114219
  924 	 0.018874 	 5.165853 	 53.488652
  925 	 0.011349 	 6.057806 	 54.847426
  926 	 0.018696 	 7.123584 	 52.984318
  927 	 0.017939 	 6.017474 	 88.114219
  928 	 0.018874 	 5.498198 	 53.488652
  929 	 0.008739 	 6.210366 	 55.743696
  930 	 0.017451 	 7.911563 	 52.984318
  931 	 0.016884 	 7.203235 	 114.431018
  932 	 0.018874 	 5.775356 	 57.301724
  933 	 0.008739 	 6.426538 	 59.227622
  934 	 0.014158 	 7.641261 	 52.984318
  935 	 0.012336 	 6.616932 	 114.431018
  936 	 0.018307 	 7.000887 	 70.633126
  937 	 0.008739 	 6.491525 	 81.061825
  938 	 0.014158 	 8.142333 	 54.622718
  939 	 0.012336 	 7.337265 	 114.431018
  940 	 0.018307 	 6.945372 	 70.633126
  941 	 0.008739 	 5.159926 	 59.133374
  942 	 0.014158 	 7.283343 	 54.622718
  943 	 0.016911 	 6.273967 	 114.431018
  944 	 0.018273 	 6.741060 	 70.633126
  945 	 0.008739 	 4.473167 	 59.133374
  946 	 0.014158 	 6.924529 	 54.725118
  947 	 0.016911 	 7.502003 	 114.431018
  948 	 0.018273 	 5.226602 	 61.722141
  949 	 0.008739 	 5.599568 	 59.133374
  950 	 0.016202 	 7.034300 	 34.573195
  951 	 0.016911 	 8.018976 	 114.431018
  952 	 0.019059 	 6.006156 	 57.506524
  953 	 0.008739 	 5.602197 	 59.133374
  954 	 0.017389 	 7.762563 	 52.469303
  955 	 0.015224 	 8.079944 	 114.431018
  956 	 0.019059 	 6.116655 	 57.506524
  957 	 0.008739 	 4.575028 	 54.517620
  958 	 0.017389 	 8.124342 	 52.469303
  959 	 0.018343 	 5.688494 	 114.431018
  960 	 0.016913 	 6.516270 	 57.506524
  961 	 0.008739 	 5.492646 	 54.517620
  962 	 0.017389 	 7.904226 	 59.125303
  963 	 0.018343 	 6.711600 	 114.431018
  964 	 0.016913 	 6.482981 	 57.506524
  965 	 0.008739 	 5.076697 	 54.517620
  966 	 0.017389 	 7.577824 	 52.464493
  967 	 0.018343 	 7.476681 	 114.431018
  968 	 0.019061 	 6.112829 	 57.506524
  969 	 0.008616 	 5.086535 	 54.517620
  970 	 0.017389 	 6.602273 	 52.464493
  971 	 0.012387 	 7.537867 	 116.069418
  972 	 0.016911 	 6.119543 	 57.506524
  973 	 0.008616 	 4.817946 	 80.732019
  974 	 0.017389 	 7.080743 	 59.133316
  975 	 0.012387 	 7.492447 	 116.069418
  976 	 0.016795 	 5.756824 	 57.506524
  977 	 0.008616 	 5.011441 	 80.732019
  978 	 0.016908 	 7.922227 	 59.542916
  979 	 0.012387 	 7.531609 	 116.069418
  980 	 0.016795 	 5.963337 	 59.144923
  981 	 0.008616 	 6.696219 	 80.732019
  982 	 0.016908 	 7.184694 	 59.542916
  983 	 0.012387 	 7.182749 	 116.069418
  984 	 0.016795 	 6.032501 	 59.144923
  985 	 0.008616 	 7.420512 	 80.732019
  986 	 0.015221 	 8.386796 	 59.542916
  987 	 0.012387 	 6.574626 	 116.069418
  988 	 0.016766 	 5.754264 	 65.698523
  989 	 0.008616 	 7.020386 	 80.732019
  990 	 0.015221 	 7.951902 	 59.645316
  991 	 0.012324 	 7.064911 	 116.069418
  992 	 0.016766 	 6.128259 	 65.698523
  993 	 0.008616 	 6.828686 	 81.141618
  994 	 0.015221 	 6.933042 	 59.645316
  995 	 0.009414 	 7.250186 	 116.069418
  996 	 0.016766 	 6.837427 	 65.698523
  997 	 0.008048 	 7.323759 	 106.219867
  998 	 0.015221 	 6.791265 	 59.645316
  999 	 0.009271 	 7.536371 	 124.261417
 