   0 	 -0.376635 	 0.311350 	 5.346404
    1 	 0.125385 	 1.302574 	 6.345549
    2 	 0.137511 	 3.029191 	 7.608415
    3 	 0.136453 	 4.360205 	 7.342179
    4 	 0.137063 	 4.902866 	 7.575814
    5 	 0.136549 	 4.772247 	 7.677958
    6 	 0.136902 	 4.944354 	 7.667007
    7 	 0.166216 	 5.490179 	 10.726884
    8 	 0.136530 	 5.171264 	 10.726884
    9 	 0.808423 	 5.388975 	 10.726884
   10 	 0.166216 	 5.082193 	 11.895247
   11 	 0.136396 	 5.751870 	 36.353891
   12 	 0.136409 	 7.957080 	 40.649619
   13 	 0.166096 	 13.390058 	 41.852408
   14 	 0.162038 	 25.434901 	 122.970586
   15 	 0.133991 	 46.730470 	 126.233582
   16 	 0.165913 	 62.841629 	 165.597155
   17 	 0.300498 	 82.440643 	 165.597155
   18 	 0.300508 	 102.177399 	 270.535377
   19 	 0.165641 	 109.600056 	 270.535377
   20 	 0.165644 	 142.525327 	 512.919490
   21 	 0.133903 	 219.440604 	 3904.728419
   22 	 0.214473 	 844.107623 	 3904.728419
   23 	 0.211120 	 2333.781463 	 4002.448468
   24 	 0.133817 	 2528.853009 	 4002.448468
   25 	 0.165535 	 2644.529492 	 4002.448468
   26 	 0.210782 	 2914.727794 	 3977.612925
   27 	 0.133818 	 2627.294291 	 3977.612925
   28 	 0.133818 	 2877.693646 	 4002.448468
   29 	 0.133817 	 3083.719161 	 3977.612925
   30 	 0.211120 	 2834.770037 	 4002.448468
   31 	 0.133816 	 2522.617210 	 4002.448468
   32 	 0.133816 	 2652.262210 	 4002.448468
   33 	 0.133816 	 2897.903012 	 4002.448468
   34 	 0.165538 	 2909.052144 	 4002.448468
   35 	 0.194188 	 2883.675293 	 4002.448468
   36 	 0.133817 	 3019.293300 	 4002.448468
   37 	 0.165538 	 3115.657149 	 4002.448468
   38 	 0.165535 	 2949.097821 	 4002.448468
   39 	 0.133817 	 2889.734829 	 4002.448468
   40 	 0.133817 	 2774.428644 	 4002.448468
   41 	 0.165535 	 2859.664468 	 4002.448468
   42 	 0.133819 	 2816.684171 	 4002.448468
   43 	 0.133817 	 3279.588643 	 4002.448468
   44 	 0.133817 	 3362.910868 	 4002.448468
   45 	 0.211131 	 3068.633248 	 4002.448468
   46 	 0.133816 	 3116.854351 	 4002.448468
   47 	 0.165535 	 2985.646444 	 4002.448468
   48 	 0.214461 	 3026.364009 	 4002.448468
   49 	 0.165591 	 2969.182548 	 4002.448468
   50 	 0.451529 	 2826.796557 	 4002.448468
   51 	 0.165535 	 2824.563187 	 4002.448468
   52 	 0.157891 	 3107.432203 	 4002.448468
   53 	 0.165516 	 2828.284782 	 4002.448468
   54 	 0.165535 	 3091.961011 	 4002.448468
   55 	 0.133818 	 2992.862924 	 4002.448468
   56 	 0.165528 	 2890.793527 	 4002.448468
   57 	 0.211100 	 2995.417351 	 4002.448468
   58 	 0.165528 	 2783.957972 	 4002.448468
   59 	 0.133815 	 2855.077243 	 4002.448468
   60 	 0.165528 	 2871.388406 	 4002.448468
   61 	 0.211120 	 2841.635739 	 4002.448468
   62 	 0.165535 	 2849.650426 	 4002.448468
   63 	 0.133817 	 2709.777854 	 4002.448468
   64 	 0.133818 	 2912.087671 	 4002.448468
   65 	 0.133817 	 2943.133606 	 4002.448468
   66 	 0.133815 	 2862.756079 	 4002.448468
   67 	 0.211100 	 3079.091334 	 4002.448468
   68 	 0.165528 	 2968.350640 	 4002.448468
   69 	 0.133816 	 2774.493544 	 4002.448468
 