   0 	 0.123229 	 0.313674 	 2.254037
    1 	 -5.508085 	 0.532965 	 9.173085
    2 	 -74.046936 	 0.153221 	 47.636167
    3 	 -81.578144 	 4.241950 	 12.837953
    4 	 -81.578144 	 5.887514 	 11.668695
    5 	 -102.485581 	 6.054293 	 47.636167
    6 	 -81.578144 	 5.728057 	 47.636167
    7 	 -59.395128 	 12.093096 	 76.140138
    8 	 -9.421833 	 26.755813 	 76.140138
    9 	 -4.296568 	 35.151491 	 98.857725
   10 	 -4.246523 	 57.523937 	 444.992787
   11 	 -8.538801 	 101.293456 	 444.992787
   12 	 -177.518432 	 177.009248 	 1124.396365
   13 	 -590.537982 	 287.174034 	 1124.396365
   14 	 -590.537982 	 395.983047 	 1124.396365
   15 	 -67.179165 	 549.540443 	 1124.396365
   16 	 -327.677322 	 684.459541 	 1124.396365
   17 	 -327.677322 	 797.859576 	 1124.396365
   18 	 -327.677322 	 828.538101 	 1124.396365
   19 	 -67.179165 	 821.576359 	 1124.396365
   20 	 -327.677322 	 780.067415 	 1124.396365
   21 	 -327.677322 	 765.373154 	 1124.396365
   22 	 -327.677322 	 803.407661 	 1124.396365
   23 	 -67.179165 	 832.159942 	 1124.396365
   24 	 -327.677322 	 819.365153 	 1124.396365
   25 	 -327.677322 	 817.188289 	 1124.396365
   26 	 -327.677322 	 907.322133 	 1124.396365
   27 	 -8.212273 	 802.972136 	 1124.396365
   28 	 -3.537226 	 866.517530 	 1124.396365
   29 	 -327.677322 	 828.438537 	 1124.396365
   30 	 -327.677322 	 747.008473 	 1124.396365
   31 	 -32.561736 	 767.595772 	 1124.396365
   32 	 -327.677322 	 826.958398 	 1124.396365
   33 	 -327.677322 	 808.684033 	 1124.396365
   34 	 -8.261857 	 810.042652 	 1124.396365
   35 	 -327.677322 	 866.469064 	 1124.396365
   36 	 -327.677322 	 808.945934 	 1124.396365
   37 	 -67.179165 	 768.283662 	 1124.396365
   38 	 -327.677322 	 787.829698 	 1124.396365
   39 	 -67.179165 	 840.872754 	 1124.396365
   40 	 -67.179165 	 856.258317 	 1124.396365
   41 	 -67.179165 	 751.284663 	 1124.396365
   42 	 -8.031734 	 758.208923 	 1124.396365
   43 	 -327.677322 	 912.909534 	 1124.396365
   44 	 -67.179165 	 887.685471 	 1124.396365
   45 	 -327.677322 	 826.744477 	 1124.396365
   46 	 -32.561736 	 752.939030 	 1124.396365
   47 	 -3.907984 	 924.437979 	 1124.396365
   48 	 -67.179165 	 837.649670 	 1124.396365
   49 	 -67.179165 	 786.070545 	 1124.396365
   50 	 -67.179165 	 828.310063 	 1124.396365
   51 	 -250.911056 	 869.044556 	 1124.396365
   52 	 -67.179165 	 868.114965 	 1124.396365
   53 	 -327.677322 	 876.097931 	 1124.396365
   54 	 -32.561736 	 834.427117 	 1124.396365
   55 	 -67.179165 	 802.255204 	 1124.396365
   56 	 -327.677322 	 755.678731 	 1124.396365
   57 	 -32.561736 	 809.803653 	 1124.396365
   58 	 -327.677322 	 798.718885 	 1124.396365
   59 	 -2.100492 	 971.310645 	 1124.396365
   60 	 -327.677322 	 811.180480 	 1124.396365
   61 	 -327.677322 	 822.207735 	 1124.396365
   62 	 -32.561736 	 855.290253 	 1124.396365
   63 	 -7.904002 	 916.507172 	 1124.396365
   64 	 -327.677322 	 748.028571 	 1124.396365
   65 	 -7.904002 	 879.295788 	 1124.396365
   66 	 -67.179165 	 845.903160 	 1124.396365
   67 	 -327.677322 	 865.796725 	 1124.396365
   68 	 -327.677322 	 822.283256 	 1124.396365
   69 	 -327.677322 	 844.258960 	 1124.396365
 