   0 	 -3.665265 	 0.195501 	 1.014105
    1 	 0.132351 	 0.368333 	 1.419176
    2 	 -2.611649 	 0.470488 	 7.290829
    3 	 -21.781674 	 0.955371 	 24.774456
    4 	 -14.708333 	 6.836426 	 71.167953
    5 	 -6.710641 	 17.751622 	 71.167953
    6 	 -5.389625 	 34.865956 	 79.864970
    7 	 -6.552344 	 47.750391 	 93.237030
    8 	 -5.773475 	 58.010420 	 93.237030
    9 	 24.774456 	 69.388626 	 93.237030
   10 	 15.774443 	 74.677262 	 108.751723
   11 	 -3.021433 	 75.042422 	 108.751723
   12 	 25.750431 	 78.936989 	 108.751723
   13 	 24.774456 	 81.536435 	 108.751723
   14 	 71.167953 	 83.026100 	 108.751723
   15 	 71.167953 	 84.800379 	 108.751723
   16 	 71.167953 	 87.448691 	 108.751723
   17 	 0.143084 	 87.051911 	 108.751723
   18 	 71.167953 	 89.336155 	 108.751723
   19 	 71.167953 	 93.278505 	 108.751723
   20 	 71.167953 	 92.440384 	 108.751723
   21 	 71.167953 	 93.666444 	 108.751723
   22 	 71.167953 	 94.943044 	 108.751723
   23 	 41.698973 	 94.490839 	 108.751723
   24 	 71.167953 	 96.392028 	 108.751723
   25 	 71.167953 	 98.457729 	 108.751723
   26 	 71.167953 	 98.310556 	 108.751723
   27 	 2.471822 	 98.556366 	 108.751723
   28 	 71.167953 	 100.547236 	 108.751723
   29 	 65.261321 	 101.441178 	 108.751723
   30 	 65.261321 	 102.178639 	 108.751723
   31 	 15.884949 	 101.402121 	 108.751723
   32 	 65.261321 	 104.426996 	 108.751723
   33 	 79.864970 	 104.834471 	 108.751723
   34 	 79.864970 	 105.547820 	 108.751723
   35 	 -4.558772 	 104.461200 	 108.751723
   36 	 79.864970 	 107.224060 	 108.751723
   37 	 79.864970 	 107.396446 	 108.751723
   38 	 79.864970 	 107.568831 	 108.751723
   39 	 79.864970 	 107.741217 	 108.751723
   40 	 79.864970 	 107.099289 	 108.751723
   41 	 0.209420 	 106.238034 	 108.751723
   42 	 79.864970 	 107.913602 	 108.751723
   43 	 93.237030 	 108.234566 	 108.751723
   44 	 93.237030 	 108.406952 	 108.751723
   45 	 2.723766 	 107.401249 	 108.751723
   46 	 17.087846 	 107.412271 	 108.751723
   47 	 108.751723 	 108.751723 	 108.751723
   48 	 108.751723 	 108.751723 	 108.751723
   49 	 108.751723 	 108.751723 	 108.751723
   50 	 108.751723 	 108.751723 	 108.751723
   51 	 63.135929 	 108.244881 	 108.751723
   52 	 63.135929 	 108.244881 	 108.751723
   53 	 99.729790 	 108.651479 	 108.751723
   54 	 93.237030 	 108.579337 	 108.751723
   55 	 93.237030 	 108.234566 	 108.751723
   56 	 1.671100 	 107.389552 	 108.751723
   57 	 108.751723 	 108.751723 	 108.751723
   58 	 108.751723 	 108.751723 	 108.751723
   59 	 0.284652 	 107.546533 	 108.751723
   60 	 -9.859745 	 106.174812 	 108.751723
   61 	 0.143083 	 107.544960 	 108.751723
   62 	 108.751723 	 108.751723 	 108.751723
   63 	 108.751723 	 108.751723 	 108.751723
   64 	 108.751723 	 108.751723 	 108.751723
   65 	 -2.149185 	 107.036264 	 108.751723
   66 	 108.751723 	 108.751723 	 108.751723
   67 	 108.751723 	 108.751723 	 108.751723
   68 	 108.751723 	 108.751723 	 108.751723
   69 	 108.751723 	 108.751723 	 108.751723
 