   0 	 -0.522021 	 0.260159 	 2.992006
    1 	 -1.845992 	 0.610570 	 9.360941
    2 	 -17.919564 	 1.840748 	 23.158843
    3 	 -11.117611 	 6.006250 	 23.337671
    4 	 -82.446925 	 12.117414 	 27.966799
    5 	 -82.446925 	 17.112581 	 31.143717
    6 	 1.033104 	 21.398408 	 31.143717
    7 	 10.127069 	 23.077213 	 31.143717
    8 	 15.675785 	 23.690518 	 31.143717
    9 	 -2.521601 	 23.826703 	 31.143717
   10 	 12.008269 	 24.231843 	 31.143717
   11 	 12.008269 	 24.229856 	 31.143717
   12 	 23.158843 	 24.694117 	 31.143717
   13 	 23.158843 	 25.459940 	 31.143717
   14 	 23.158843 	 26.399575 	 31.143717
   15 	 23.158843 	 26.488296 	 31.143717
   16 	 23.158843 	 26.908481 	 31.143717
   17 	 23.158843 	 27.337567 	 31.143717
   18 	 23.158843 	 28.019941 	 31.143717
   19 	 23.158843 	 28.012682 	 31.143717
   20 	 23.158843 	 28.782134 	 31.143717
   21 	 23.158843 	 29.547957 	 31.143717
   22 	 23.158843 	 30.147226 	 31.143717
   23 	 23.158843 	 30.569054 	 31.143717
   24 	 23.158843 	 30.480333 	 31.143717
   25 	 23.158843 	 30.650516 	 31.143717
   26 	 23.158843 	 30.731978 	 30.817069
   27 	 23.158843 	 30.731978 	 30.817069
   28 	 30.817069 	 30.817069 	 30.817069
   29 	 -5.719717 	 30.411105 	 30.817069
   30 	 30.817069 	 30.817069 	 30.817069
   31 	 30.817069 	 30.817069 	 30.817069
   32 	 30.817069 	 30.817069 	 30.817069
   33 	 30.817069 	 30.817069 	 30.817069
   34 	 30.817069 	 30.817069 	 30.817069
   35 	 30.817069 	 30.817069 	 30.817069
   36 	 30.817069 	 30.886514 	 37.067039
   37 	 30.817069 	 30.817069 	 30.817069
   38 	 -5.719717 	 30.411105 	 30.817069
   39 	 30.817069 	 30.817069 	 30.817069
   40 	 30.817069 	 30.848488 	 33.644740
   41 	 30.817069 	 30.894898 	 33.644740
   42 	 30.817069 	 30.863479 	 33.644740
   43 	 30.817069 	 30.863479 	 33.644740
   44 	 30.817069 	 30.879907 	 33.644740
   45 	 0.290648 	 30.509306 	 33.644740
   46 	 30.817069 	 30.848488 	 33.644740
   47 	 30.817069 	 30.817069 	 30.817069
   48 	 30.817069 	 30.817069 	 30.817069
   49 	 30.817069 	 30.817069 	 30.817069
   50 	 30.817069 	 30.817069 	 30.817069
   51 	 -8.420470 	 30.381097 	 30.817069
   52 	 30.817069 	 30.817069 	 30.817069
   53 	 30.817069 	 30.817069 	 30.817069
   54 	 5.972665 	 30.541021 	 30.817069
   55 	 30.817069 	 30.817069 	 30.817069
   56 	 30.817069 	 30.817069 	 30.817069
   57 	 30.817069 	 30.817069 	 30.817069
   58 	 30.817069 	 30.817069 	 30.817069
   59 	 30.817069 	 30.817069 	 30.817069
   60 	 30.817069 	 30.817069 	 30.817069
   61 	 30.817069 	 30.817069 	 30.817069
   62 	 30.817069 	 30.817069 	 30.817069
   63 	 30.817069 	 30.817069 	 30.817069
   64 	 30.817069 	 30.817069 	 30.817069
   65 	 30.817069 	 30.817069 	 30.817069
   66 	 30.817069 	 30.817069 	 30.817069
   67 	 30.817069 	 30.824402 	 31.476994
   68 	 30.817069 	 30.824402 	 31.476994
   69 	 30.817069 	 30.817069 	 30.817069
 