   0 	 -4.641428 	 0.177545 	 1.208564
    1 	 -3.907848 	 0.182843 	 1.972507
    2 	 -7.979989 	 0.232585 	 1.488895
    3 	 0.132871 	 0.451313 	 1.653273
    4 	 -1.654537 	 0.666327 	 3.713096
    5 	 -741.291255 	 -6.849195 	 39.863118
    6 	 0.316258 	 0.319415 	 0.600362
    7 	 0.316258 	 0.316258 	 0.316258
    8 	 0.316258 	 0.316258 	 0.316258
    9 	 0.292495 	 0.315858 	 0.316258
   10 	 0.316258 	 0.316258 	 0.316258
   11 	 0.316258 	 0.316258 	 0.316258
   12 	 0.217339 	 0.315159 	 0.316258
   13 	 0.217339 	 0.312632 	 0.316258
   14 	 0.217339 	 0.314830 	 0.316258
   15 	 0.217339 	 0.312298 	 0.316258
   16 	 0.217339 	 0.313731 	 0.316258
   17 	 0.217339 	 0.313731 	 0.316258
   18 	 0.217339 	 0.313732 	 0.316363
   19 	 0.217339 	 0.313075 	 0.316363
   20 	 0.217339 	 0.311533 	 0.316363
   21 	 0.217339 	 0.312308 	 0.316363
   22 	 0.217339 	 0.312808 	 0.316363
   23 	 0.286652 	 0.315011 	 0.316363
   24 	 0.316258 	 0.316259 	 0.316363
   25 	 0.316258 	 0.316258 	 0.316258
   26 	 0.316258 	 0.316258 	 0.316258
   27 	 0.316258 	 0.316258 	 0.316258
   28 	 0.316258 	 0.316258 	 0.316258
   29 	 0.316258 	 0.316258 	 0.316258
   30 	 0.316258 	 0.316258 	 0.316258
   31 	 0.316258 	 0.316258 	 0.316258
   32 	 0.316258 	 0.316258 	 0.316258
   33 	 0.316258 	 0.316258 	 0.316258
   34 	 0.316258 	 0.316258 	 0.316258
   35 	 0.315837 	 0.316253 	 0.316258
   36 	 0.315837 	 0.316598 	 0.347276
   37 	 0.315837 	 0.317632 	 0.347276
   38 	 0.292495 	 0.318057 	 0.347276
   39 	 0.292495 	 0.317023 	 0.347276
   40 	 0.292495 	 0.318478 	 0.347276
   41 	 0.292495 	 0.318813 	 0.347276
   42 	 0.292495 	 0.320116 	 0.347276
   43 	 0.292495 	 0.320451 	 0.347276
   44 	 0.292495 	 0.319068 	 0.347276
   45 	 0.315837 	 0.322094 	 0.347276
   46 	 0.315837 	 0.322441 	 0.347276
   47 	 0.315837 	 0.320373 	 0.347276
   48 	 0.315837 	 0.320375 	 0.347276
   49 	 0.315837 	 0.320035 	 0.347276
   50 	 0.315837 	 0.321418 	 0.347276
   51 	 0.315837 	 0.321069 	 0.347276
   52 	 0.315837 	 0.324175 	 0.347276
   53 	 0.315837 	 0.323831 	 0.347276
   54 	 0.175257 	 0.321919 	 0.347276
   55 	 0.315837 	 0.326248 	 0.347276
   56 	 0.315837 	 0.327284 	 0.347276
   57 	 0.315837 	 0.326599 	 0.347276
   58 	 0.315837 	 0.326259 	 0.347276
   59 	 0.316258 	 0.326963 	 0.347562
   60 	 0.278529 	 0.330324 	 0.347562
   61 	 0.278529 	 0.330588 	 0.347276
   62 	 0.154685 	 0.328793 	 0.347276
   63 	 0.278529 	 0.334343 	 0.347276
   64 	 0.278529 	 0.335877 	 0.347276
   65 	 0.278529 	 0.337652 	 0.347276
   66 	 0.278529 	 0.340019 	 0.347276
   67 	 0.278529 	 0.340879 	 0.347276
   68 	 0.278529 	 0.340071 	 0.347276
   69 	 0.278529 	 0.340566 	 0.347276
 