   0 	 0.121582 	 0.208578 	 0.777890
    1 	 -3.244786 	 0.225806 	 0.810054
    2 	 0.122150 	 0.307501 	 0.993097
    3 	 -1.251199 	 0.752092 	 38.395348
    4 	 -1483.955256 	 -2.197964 	 38.395348
    5 	 0.213945 	 0.214062 	 0.214063
    6 	 0.214063 	 0.214063 	 0.214063
    7 	 0.214063 	 0.214063 	 0.214063
    8 	 0.214042 	 0.214063 	 0.214063
    9 	 0.214042 	 0.214063 	 0.214063
   10 	 0.214042 	 0.214063 	 0.214063
   11 	 0.214042 	 0.214063 	 0.214063
   12 	 0.195863 	 0.213861 	 0.214063
   13 	 0.195863 	 0.213861 	 0.214063
   14 	 0.214042 	 0.214063 	 0.214063
   15 	 0.208823 	 0.214012 	 0.214759
   16 	 0.208823 	 0.214005 	 0.214063
   17 	 0.208823 	 0.213947 	 0.214063
   18 	 0.208823 	 0.213888 	 0.214063
   19 	 0.208823 	 0.214005 	 0.214063
   20 	 0.208823 	 0.214142 	 0.226469
   21 	 0.214042 	 0.214201 	 0.226469
   22 	 0.195863 	 0.213861 	 0.214063
   23 	 0.214042 	 0.214063 	 0.214063
   24 	 0.214042 	 0.214462 	 0.250018
   25 	 0.214042 	 0.215261 	 0.250018
   26 	 0.214042 	 0.215661 	 0.250018
   27 	 0.214042 	 0.216061 	 0.250018
   28 	 0.214042 	 0.217259 	 0.250018
   29 	 0.214063 	 0.216460 	 0.250018
   30 	 0.214063 	 0.218458 	 0.250018
   31 	 0.214063 	 0.221255 	 0.250018
   32 	 0.214063 	 0.222454 	 0.250018
   33 	 0.214063 	 0.223252 	 0.250018
   34 	 0.214063 	 0.226447 	 0.250018
   35 	 0.214063 	 0.225640 	 0.250018
   36 	 0.214063 	 0.222444 	 0.250018
   37 	 0.214063 	 0.223243 	 0.250018
   38 	 0.214063 	 0.221654 	 0.250018
   39 	 0.214063 	 0.222054 	 0.250018
   40 	 0.214063 	 0.220456 	 0.250018
   41 	 0.214063 	 0.222054 	 0.250018
   42 	 0.214063 	 0.222853 	 0.250018
   43 	 0.214063 	 0.222853 	 0.250018
   44 	 0.214063 	 0.225249 	 0.250018
   45 	 0.214063 	 0.228845 	 0.250018
   46 	 0.214063 	 0.227247 	 0.250018
   47 	 0.214063 	 0.229644 	 0.250018
   48 	 0.214063 	 0.230842 	 0.250018
   49 	 0.214063 	 0.236036 	 0.250018
   50 	 0.214063 	 0.238033 	 0.250018
   51 	 0.214063 	 0.240428 	 0.250018
   52 	 0.214063 	 0.241227 	 0.250018
   53 	 0.164235 	 0.238678 	 0.250018
   54 	 0.214063 	 0.243626 	 0.250018
   55 	 0.214063 	 0.245623 	 0.250018
   56 	 0.214063 	 0.247221 	 0.250018
   57 	 0.214063 	 0.246822 	 0.250018
   58 	 0.214063 	 0.247621 	 0.250018
   59 	 0.214063 	 0.247621 	 0.250060
   60 	 0.214063 	 0.246023 	 0.250060
   61 	 0.214063 	 0.246423 	 0.250060
   62 	 0.214063 	 0.247620 	 0.250018
   63 	 0.214063 	 0.248418 	 0.250018
   64 	 0.214063 	 0.248016 	 0.250018
   65 	 0.214063 	 0.249212 	 0.250018
   66 	 0.214063 	 0.249610 	 0.250018
   67 	 0.214063 	 0.249607 	 0.250018
   68 	 0.214063 	 0.249663 	 0.253753
   69 	 0.214063 	 0.249205 	 0.250018
 