   0 	 -0.768601 	 0.277136 	 3.451697
    1 	 -6.757404 	 0.394770 	 4.604909
    2 	 -6.917431 	 1.406814 	 4.868488
    3 	 -0.233299 	 3.306408 	 5.652838
    4 	 -4.761606 	 3.949562 	 22.366982
    5 	 0.659836 	 5.747303 	 22.700377
    6 	 3.168340 	 11.344188 	 36.639709
    7 	 3.345183 	 18.896741 	 36.639709
    8 	 0.361600 	 22.066201 	 38.717018
    9 	 0.136351 	 22.404314 	 36.639709
   10 	 3.581527 	 23.616621 	 36.639709
   11 	 3.581527 	 24.490254 	 38.717018
   12 	 19.150369 	 25.423999 	 38.717018
   13 	 18.434104 	 26.548619 	 42.371252
   14 	 18.434104 	 27.169343 	 42.403019
   15 	 18.434104 	 28.828444 	 42.403019
   16 	 19.369707 	 31.433888 	 42.403019
   17 	 20.745263 	 33.185355 	 42.403019
   18 	 0.288619 	 34.827167 	 42.403019
   19 	 -5.499650 	 35.212096 	 42.403019
   20 	 20.544359 	 37.764840 	 42.403019
   21 	 19.849981 	 39.235716 	 42.403019
   22 	 19.369707 	 40.020529 	 42.403019
   23 	 22.700377 	 41.022888 	 42.403019
   24 	 26.149295 	 41.520939 	 42.403019
   25 	 32.907061 	 41.855595 	 42.403019
   26 	 35.608848 	 41.891477 	 42.403019
   27 	 35.608848 	 41.996483 	 42.403019
   28 	 0.288692 	 41.662360 	 42.403019
   29 	 35.608848 	 42.248155 	 42.403019
   30 	 35.608848 	 42.247096 	 42.403019
   31 	 35.608848 	 42.095409 	 42.403019
   32 	 35.608848 	 42.320822 	 42.403019
   33 	 42.371252 	 42.396313 	 42.403019
   34 	 42.371252 	 42.393842 	 42.403019
   35 	 42.371252 	 42.393136 	 42.403019
   36 	 42.371252 	 42.390313 	 42.403019
   37 	 42.371252 	 42.392783 	 42.403019
   38 	 42.371252 	 42.393489 	 42.403019
   39 	 42.371252 	 42.392430 	 42.403019
   40 	 42.371252 	 42.393136 	 42.403019
   41 	 42.371252 	 42.391372 	 42.403019
   42 	 5.575901 	 41.983240 	 42.403019
   43 	 42.371252 	 42.389960 	 42.403019
   44 	 3.221068 	 41.954252 	 42.403019
   45 	 42.371252 	 42.389960 	 42.403019
   46 	 0.288692 	 41.920964 	 42.403019
   47 	 42.371252 	 42.388548 	 42.403019
   48 	 42.371252 	 42.388195 	 42.403019
   49 	 42.371252 	 42.387842 	 42.403019
   50 	 42.371252 	 42.387136 	 42.403019
   51 	 42.371252 	 42.383253 	 42.403019
   52 	 42.371252 	 42.382194 	 42.403019
   53 	 42.371252 	 42.381488 	 42.403019
   54 	 42.371252 	 42.383253 	 42.403019
   55 	 42.371252 	 42.385018 	 42.403019
   56 	 42.371252 	 42.383606 	 42.403019
   57 	 42.371252 	 42.385371 	 42.403019
   58 	 42.371252 	 42.382547 	 42.403019
   59 	 42.371252 	 42.379371 	 42.403019
   60 	 14.551554 	 42.069910 	 42.403019
   61 	 42.371252 	 42.380782 	 42.403019
   62 	 42.371252 	 42.382547 	 42.403019
   63 	 42.371252 	 42.384312 	 42.403019
   64 	 42.371252 	 42.383606 	 42.403019
   65 	 42.371252 	 42.382900 	 42.403019
   66 	 42.371252 	 42.379018 	 42.403019
   67 	 35.562214 	 42.302303 	 42.403019
   68 	 30.612289 	 42.246598 	 42.403019
   69 	 42.371252 	 42.374429 	 42.403019
 