   0 	 -3.596469 	 0.200612 	 5.384405
    1 	 -1.425954 	 0.812725 	 11.670992
    2 	 -6.223365 	 4.010558 	 37.376944
    3 	 -37.555617 	 6.268094 	 102.944805
    4 	 -34.249151 	 18.416663 	 311.654680
    5 	 -39.891595 	 58.918226 	 311.654680
    6 	 -43.521214 	 123.291259 	 311.654680
    7 	 -26.944156 	 189.961609 	 1480.440698
    8 	 -23.810021 	 371.217034 	 1480.440698
    9 	 -24.487551 	 661.449335 	 1480.440698
   10 	 -22.237435 	 1025.837170 	 2111.315704
   11 	 -13.482078 	 1157.773559 	 2111.315704
   12 	 -33.187614 	 1237.076911 	 2111.315704
   13 	 -29.674195 	 1178.184306 	 2111.315704
   14 	 -29.674195 	 1055.888121 	 2111.315704
   15 	 -47.502805 	 1176.933548 	 2111.315704
   16 	 -22.163194 	 1085.596056 	 2111.315704
   17 	 -31.330065 	 1241.923615 	 2111.315704
   18 	 -29.479945 	 1167.495766 	 2111.315704
   19 	 -49.947108 	 1345.871562 	 2111.315704
   20 	 -29.674195 	 1314.967721 	 2111.315704
   21 	 -22.775263 	 1312.654944 	 2111.315704
   22 	 -40.346561 	 1200.914913 	 2111.315704
   23 	 -13.703161 	 1490.281186 	 2111.315704
   24 	 -22.163194 	 1332.804863 	 2111.315704
   25 	 -29.479945 	 1438.708887 	 2111.315704
   26 	 -29.479945 	 1166.162542 	 2111.315704
   27 	 -29.479945 	 1273.892907 	 2111.315704
   28 	 -22.237435 	 1310.217528 	 2111.315704
   29 	 -22.237435 	 1492.387911 	 2111.315704
   30 	 -29.479945 	 1389.389355 	 2111.315704
   31 	 -29.479945 	 1546.757467 	 2111.315704
   32 	 -22.237435 	 1525.370619 	 2111.315704
   33 	 -20.624634 	 1577.972183 	 2111.315704
   34 	 -17.885180 	 1723.082048 	 2111.315704
   35 	 -29.674195 	 1439.909255 	 2111.315704
   36 	 -29.479945 	 1449.377705 	 2111.315704
   37 	 -29.871448 	 1429.318905 	 2111.315704
   38 	 -20.624634 	 1482.588565 	 2111.315704
   39 	 -29.479945 	 1506.642244 	 2111.315704
   40 	 -20.624634 	 1392.551412 	 2111.315704
   41 	 -20.624634 	 1750.382556 	 2111.315704
   42 	 -49.615263 	 1502.087725 	 2111.315704
   43 	 -13.469081 	 1526.873559 	 2111.315704
   44 	 -29.479945 	 1550.147182 	 2111.315704
   45 	 -22.163194 	 1770.885183 	 2111.315704
   46 	 -29.674195 	 1596.173166 	 2111.315704
   47 	 -213.283202 	 1767.841392 	 2111.315704
   48 	 -29.479945 	 1475.443343 	 2111.315704
   49 	 -31.129362 	 1566.001606 	 2111.315704
   50 	 -22.163194 	 1753.263161 	 2111.315704
   51 	 -29.479945 	 1571.186878 	 2111.315704
   52 	 0.165193 	 1622.846867 	 2111.315704
   53 	 -20.624634 	 1710.519057 	 2111.315704
   54 	 -22.163194 	 1627.660803 	 2111.315704
   55 	 -21.797736 	 1604.671031 	 2111.315704
   56 	 -22.163194 	 1599.611614 	 2111.315704
   57 	 -29.479945 	 1337.808307 	 2111.315704
   58 	 -29.479945 	 1778.921894 	 2111.315704
   59 	 -29.871118 	 1623.230429 	 2111.315704
   60 	 -22.163194 	 1520.280242 	 2111.315704
   61 	 -22.163194 	 1542.884353 	 2111.315704
   62 	 -22.312299 	 1614.633716 	 2111.315704
   63 	 -29.479945 	 1533.658839 	 2111.315704
   64 	 -29.479945 	 1663.123923 	 2111.315704
   65 	 -20.624634 	 1610.424354 	 2111.315704
   66 	 -51.291056 	 1570.343495 	 2111.315704
   67 	 -22.163194 	 1593.536727 	 2111.315704
   68 	 -22.163194 	 1585.565123 	 2111.315704
   69 	 -31.550499 	 1390.803700 	 2111.315704
 