   0 	 -4.272067 	 0.319950 	 3.861501
    1 	 -6.818091 	 0.728524 	 18.453932
    2 	 -4.643958 	 3.678488 	 25.885748
    3 	 0.165691 	 11.001840 	 47.781798
    4 	 0.165882 	 15.059970 	 47.781798
    5 	 0.165892 	 18.781761 	 75.909271
    6 	 0.209507 	 23.842767 	 159.716017
    7 	 0.134391 	 41.442399 	 159.716017
    8 	 0.133755 	 70.328226 	 213.160050
    9 	 0.133829 	 90.297588 	 290.982795
   10 	 0.133864 	 121.498175 	 333.532893
   11 	 0.133612 	 136.796285 	 333.532893
   12 	 0.133840 	 168.570168 	 695.262966
   13 	 0.300129 	 206.169253 	 726.793855
   14 	 0.133900 	 230.630375 	 695.262966
   15 	 0.126438 	 281.053865 	 726.793855
   16 	 0.133821 	 339.578456 	 726.793855
   17 	 0.214107 	 435.702059 	 695.262966
   18 	 0.214373 	 554.207535 	 2106.426612
   19 	 0.165568 	 596.628560 	 2278.746516
   20 	 0.165568 	 821.124873 	 3638.501169
   21 	 0.133802 	 1157.415775 	 3904.704618
   22 	 0.165565 	 1895.419945 	 3977.600588
   23 	 0.133811 	 1992.136569 	 3977.600588
   24 	 0.214451 	 2514.948275 	 3977.600588
   25 	 0.165535 	 2340.452812 	 3977.600588
   26 	 0.133675 	 2552.430452 	 3977.600588
   27 	 0.133811 	 2639.658411 	 3977.600588
   28 	 0.133804 	 2963.930690 	 3977.600588
   29 	 0.133813 	 2564.676034 	 3977.600588
   30 	 0.133811 	 2726.220296 	 3977.600588
   31 	 0.165531 	 2734.440626 	 3977.600588
   32 	 0.211059 	 2865.811601 	 3977.600588
   33 	 0.133811 	 3095.787235 	 3977.600588
   34 	 0.133811 	 3321.532274 	 3977.600588
   35 	 0.133813 	 3135.056373 	 3977.600588
   36 	 0.165541 	 3022.664255 	 3977.600588
   37 	 0.165541 	 2783.659885 	 3977.600588
   38 	 0.165541 	 2661.773819 	 3977.600588
   39 	 0.133813 	 3089.125948 	 3977.600588
   40 	 0.133813 	 2905.490450 	 3977.600588
   41 	 0.133813 	 3059.737143 	 3977.600588
   42 	 0.165535 	 3262.725803 	 3977.600588
   43 	 0.211079 	 2951.364969 	 3977.600588
   44 	 0.133809 	 2935.060841 	 3977.600588
   45 	 0.133814 	 2884.060442 	 3977.600588
   46 	 0.165535 	 3147.628358 	 3977.600588
   47 	 0.133814 	 3027.221662 	 3977.600588
   48 	 0.158170 	 2739.957305 	 3977.600588
   49 	 0.133803 	 2873.754408 	 3977.600588
   50 	 0.165964 	 3383.432490 	 3977.600588
   51 	 0.213048 	 2679.556272 	 3977.600588
   52 	 0.214462 	 3014.900028 	 3977.600588
   53 	 0.133812 	 2926.822264 	 3977.600588
   54 	 0.165531 	 2844.093721 	 3977.600588
   55 	 0.165531 	 3099.002211 	 3977.600588
   56 	 0.167345 	 3052.840003 	 3977.600588
   57 	 0.165992 	 2782.655118 	 3977.600588
   58 	 0.165531 	 2785.409269 	 3977.600588
   59 	 0.133803 	 2936.961613 	 3977.600588
   60 	 0.131725 	 3032.186914 	 3977.600588
   61 	 0.165545 	 3286.625118 	 3977.600588
   62 	 0.133813 	 2525.875136 	 3977.600588
   63 	 0.165531 	 2948.457652 	 3977.600588
   64 	 0.133813 	 3116.104377 	 3977.600588
   65 	 0.165538 	 3183.377145 	 3977.600588
   66 	 0.165531 	 2921.892912 	 3977.600588
   67 	 0.165961 	 2944.559503 	 3977.600588
   68 	 0.133812 	 3054.030774 	 3977.600588
   69 	 0.133274 	 3165.503860 	 3977.600588
 