   0 	 -17.079940 	 0.079867 	 3.254740
    1 	 -2.665816 	 0.265198 	 1.047443
    2 	 0.132296 	 0.363374 	 1.839807
    3 	 0.143391 	 0.443023 	 1.822386
    4 	 -0.198824 	 0.534158 	 1.762826
    5 	 -0.421638 	 0.568096 	 1.727100
    6 	 -10.465169 	 0.576814 	 4.077285
    7 	 -21.470671 	 0.586411 	 4.885470
    8 	 -3.775665 	 1.119168 	 8.375279
    9 	 -4.022161 	 1.310611 	 8.375279
   10 	 -3.167867 	 1.893854 	 11.161605
   11 	 -5.121212 	 2.270963 	 11.703279
   12 	 -12.341201 	 4.100272 	 13.871443
   13 	 -7.159449 	 5.700818 	 87.449565
   14 	 -1.867133 	 12.308160 	 90.601981
   15 	 0.121073 	 47.540972 	 363.697087
   16 	 0.133911 	 128.648942 	 3977.612925
   17 	 0.134104 	 924.719154 	 3977.612925
   18 	 0.133816 	 2581.838759 	 3977.612925
   19 	 0.165531 	 2762.347711 	 3977.612925
   20 	 0.133816 	 3041.957993 	 4002.448468
   21 	 0.133816 	 2766.312348 	 4002.448468
   22 	 0.133816 	 3015.447849 	 4002.448468
   23 	 0.167282 	 2944.668655 	 4002.448468
   24 	 0.133816 	 2929.446956 	 4002.448468
   25 	 0.211151 	 2993.952143 	 4002.448468
   26 	 0.133816 	 2994.918961 	 4002.448468
   27 	 0.133820 	 3007.550680 	 4002.448468
   28 	 0.133820 	 3152.410589 	 4002.448468
   29 	 0.165531 	 3036.677297 	 4002.448468
   30 	 0.167285 	 2819.560017 	 4002.448468
   31 	 0.297304 	 3049.333237 	 4002.448468
   32 	 0.133816 	 3084.961072 	 4002.448468
   33 	 0.134379 	 2964.152392 	 4002.448468
   34 	 0.133816 	 3201.237006 	 4002.448468
   35 	 0.165745 	 3099.888394 	 4002.448468
   36 	 0.211131 	 3075.273502 	 4002.448468
   37 	 0.133816 	 3129.928912 	 4002.448468
   38 	 0.133815 	 3129.231591 	 4002.448468
   39 	 0.133815 	 3053.280617 	 4002.448468
   40 	 0.133815 	 2843.739988 	 4002.448468
   41 	 0.165535 	 2696.531496 	 4002.448468
   42 	 0.145565 	 2977.734280 	 4002.448468
   43 	 0.133816 	 2721.726711 	 4002.448468
   44 	 0.134369 	 3076.641181 	 4002.448468
   45 	 0.165531 	 3180.227875 	 4002.448468
   46 	 0.133816 	 2911.327482 	 4002.448468
   47 	 0.211110 	 3339.012644 	 4002.448468
   48 	 0.167285 	 2924.174995 	 4002.448468
   49 	 0.302643 	 2944.411364 	 4002.448468
   50 	 0.165531 	 3115.164762 	 4002.448468
   51 	 0.133815 	 2843.011479 	 4002.448468
   52 	 0.133819 	 2938.316399 	 4002.448468
   53 	 0.134650 	 2940.963566 	 4002.448468
   54 	 0.133816 	 2938.472354 	 4002.448468
   55 	 0.214496 	 3049.984466 	 4002.448468
   56 	 0.133816 	 3027.085020 	 4002.448468
   57 	 0.133819 	 3052.209964 	 4002.448468
   58 	 0.133815 	 2989.845128 	 4002.448468
   59 	 0.133816 	 2828.884368 	 4002.448468
   60 	 0.134369 	 3054.565296 	 4002.448468
   61 	 0.133816 	 2815.609975 	 4002.448468
   62 	 0.133817 	 3090.029619 	 4002.448468
   63 	 0.211100 	 2985.133592 	 4002.448468
   64 	 0.165531 	 2841.346180 	 4002.448468
   65 	 0.133816 	 2787.878283 	 4002.448468
   66 	 0.133816 	 2675.748221 	 4002.448468
   67 	 0.134939 	 2875.092306 	 4002.448468
   68 	 0.133832 	 2898.675749 	 4002.448468
   69 	 0.133820 	 3203.511033 	 4002.448468
 