   0 	 -0.855776 	 0.227761 	 1.921595
    1 	 0.125532 	 0.427107 	 3.499353
    2 	 0.134888 	 1.006747 	 5.290439
    3 	 -1.919951 	 1.860641 	 8.552912
    4 	 -6.822197 	 2.465546 	 8.552912
    5 	 -16.680727 	 2.904047 	 11.900679
    6 	 -7.098402 	 3.643362 	 13.745876
    7 	 -7.231782 	 4.406730 	 13.954286
    8 	 -6.866881 	 4.852978 	 15.235220
    9 	 -107.951288 	 4.452094 	 13.488580
   10 	 -6.769276 	 9.654203 	 14.686945
   11 	 -5.208232 	 9.261387 	 15.235220
   12 	 -3.459370 	 10.588389 	 34.276973
   13 	 -6.885525 	 10.750492 	 34.276973
   14 	 -4.770054 	 11.017591 	 49.851366
   15 	 -6.593947 	 15.243500 	 134.200061
   16 	 -807.669298 	 28.506934 	 340.945730
   17 	 -437.656561 	 53.282357 	 340.945730
   18 	 -807.669298 	 109.278137 	 843.463287
   19 	 -807.669298 	 247.574857 	 843.463287
   20 	 -807.669298 	 247.111180 	 7234.972246
   21 	 -807.669298 	 1137.545362 	 7234.972246
   22 	 -437.656561 	 4558.221502 	 7234.972246
   23 	 -2594.088728 	 5565.709172 	 7234.972246
   24 	 -930.953010 	 4972.855865 	 7234.972246
   25 	 -2594.088728 	 4820.550345 	 7234.972246
   26 	 -930.953010 	 5075.340744 	 7234.972246
   27 	 -2594.088728 	 5297.823614 	 7234.972246
   28 	 -437.656561 	 5246.262000 	 7234.972246
   29 	 -2594.088728 	 5272.488290 	 7234.972246
   30 	 -2594.088728 	 5040.710253 	 7234.972246
   31 	 -2594.088728 	 4537.264211 	 7234.972246
   32 	 -2594.088728 	 5032.225058 	 7234.972246
   33 	 -930.953010 	 5230.452276 	 7234.972246
   34 	 -2594.088728 	 4586.909569 	 7234.972246
   35 	 -2594.088728 	 5006.406639 	 7234.972246
   36 	 -2594.088728 	 5437.407424 	 7234.972246
   37 	 -930.953010 	 5559.754305 	 7234.972246
   38 	 -2594.088728 	 5435.482413 	 7234.972246
   39 	 -2594.088728 	 5036.360101 	 7234.972246
   40 	 -2594.088728 	 5727.228413 	 7234.972246
   41 	 -4.200417 	 5634.447473 	 7234.972246
   42 	 -2594.088728 	 5442.614625 	 7234.972246
   43 	 -2594.088728 	 5354.557977 	 7234.972246
   44 	 -2594.088728 	 5596.927859 	 7234.972246
   45 	 -2594.088728 	 4954.650802 	 7234.972246
   46 	 -2594.088728 	 5285.410971 	 7234.972246
   47 	 -930.953010 	 5221.906748 	 7234.972246
   48 	 -930.953010 	 5233.407500 	 7234.972246
   49 	 -2594.088728 	 4886.148896 	 7234.972246
   50 	 -807.669298 	 4979.263295 	 7234.972246
   51 	 -437.656561 	 5382.329343 	 7234.972246
   52 	 -930.953010 	 5381.399580 	 7234.972246
   53 	 -4.282317 	 5164.278602 	 7234.972246
   54 	 -2594.088728 	 5031.962095 	 7234.972246
   55 	 -2594.088728 	 4937.691673 	 7234.972246
   56 	 -2594.088728 	 5496.433241 	 7234.972246
   57 	 -930.953010 	 4983.984145 	 7234.972246
   58 	 -437.656561 	 5238.056278 	 7234.972246
   59 	 -2594.088728 	 5097.614026 	 7234.972246
   60 	 -4.200417 	 5146.539128 	 7234.972246
   61 	 -2594.088728 	 4888.630191 	 7234.972246
   62 	 -2594.088728 	 5574.769971 	 7234.972246
   63 	 -2594.088728 	 4885.234864 	 7234.972246
   64 	 -2594.088728 	 5356.528362 	 7234.972246
   65 	 -437.656561 	 5075.734780 	 7234.972246
   66 	 -930.953010 	 5691.702078 	 7234.972246
   67 	 -2594.088728 	 5042.392427 	 7234.972246
   68 	 -930.953010 	 4842.518724 	 7234.972246
   69 	 -930.953010 	 5560.137727 	 7234.972246
 