   0 	 0.123056 	 0.274774 	 3.622983
    1 	 -6.643920 	 0.457022 	 6.646456
    2 	 -2.184958 	 5.143354 	 261.258773
    3 	 -17.678718 	 67.426463 	 294.557249
    4 	 -1642.806514 	 132.031983 	 741.707929
    5 	 -881.693511 	 207.894189 	 741.707929
    6 	 -881.693511 	 252.273890 	 741.707929
    7 	 -1642.806514 	 249.227605 	 741.707929
    8 	 -163.588047 	 427.019869 	 741.707929
    9 	 -116.218269 	 476.121383 	 741.707929
   10 	 -275.908303 	 475.642038 	 741.707929
   11 	 -323.251051 	 493.301014 	 741.707929
   12 	 -116.218269 	 579.989654 	 741.707929
   13 	 -29.036592 	 553.347410 	 741.707929
   14 	 -323.251051 	 512.249014 	 741.707929
   15 	 -29.036592 	 554.770072 	 741.707929
   16 	 -116.218269 	 575.315620 	 741.707929
   17 	 -116.218269 	 584.881284 	 741.707929
   18 	 -323.251051 	 506.634910 	 741.707929
   19 	 -12.549983 	 582.220977 	 741.707929
   20 	 -323.251051 	 456.987417 	 741.707929
   21 	 -116.218269 	 585.123546 	 741.707929
   22 	 -275.908303 	 514.870404 	 741.707929
   23 	 -1.314919 	 586.591135 	 741.707929
   24 	 -116.218269 	 514.638322 	 741.707929
   25 	 -275.908303 	 489.775257 	 741.707929
   26 	 -323.251051 	 518.557803 	 741.707929
   27 	 -323.251051 	 580.997526 	 741.707929
   28 	 -53.745067 	 599.489794 	 741.707929
   29 	 -29.036592 	 592.055369 	 741.707929
   30 	 -116.218269 	 574.756120 	 741.707929
   31 	 -275.908303 	 526.989412 	 741.707929
   32 	 -323.251051 	 551.966441 	 741.707929
   33 	 -323.251051 	 580.397085 	 741.707929
   34 	 -323.251051 	 496.335237 	 741.707929
   35 	 -323.251051 	 575.849729 	 741.707929
   36 	 -53.745067 	 583.563331 	 741.707929
   37 	 -323.251051 	 555.260177 	 741.707929
   38 	 -275.908303 	 545.697609 	 741.707929
   39 	 -323.251051 	 530.146306 	 741.707929
   40 	 -53.745067 	 545.833000 	 741.707929
   41 	 -53.745067 	 581.478280 	 741.707929
   42 	 -116.218269 	 548.114046 	 741.707929
   43 	 -275.908303 	 487.966964 	 741.707929
   44 	 -323.251051 	 574.061592 	 741.707929
   45 	 -275.908303 	 486.045540 	 741.707929
   46 	 -323.251051 	 501.030898 	 741.707929
   47 	 -116.218269 	 497.904871 	 741.707929
   48 	 -116.218269 	 610.985490 	 741.707929
   49 	 -116.218269 	 580.906131 	 741.707929
   50 	 -323.251051 	 517.366854 	 741.707929
   51 	 -275.908303 	 594.298112 	 741.707929
   52 	 -275.908303 	 567.835379 	 741.707929
   53 	 -323.251051 	 515.547471 	 741.707929
   54 	 -323.251051 	 564.147919 	 741.707929
   55 	 -323.251051 	 466.958969 	 741.707929
   56 	 -323.251051 	 533.284448 	 741.707929
   57 	 -323.251051 	 525.999010 	 741.707929
   58 	 -275.908303 	 581.676768 	 741.707929
   59 	 -275.908303 	 507.641434 	 741.707929
   60 	 -275.908303 	 548.233192 	 741.707929
   61 	 -116.218269 	 553.408858 	 741.707929
   62 	 -323.251051 	 510.820254 	 741.707929
   63 	 -323.251051 	 465.170727 	 741.707929
   64 	 -323.251051 	 560.258110 	 741.707929
   65 	 -275.908303 	 534.397404 	 741.707929
   66 	 -323.251051 	 538.455790 	 741.707929
   67 	 -323.251051 	 537.674482 	 741.707929
   68 	 -116.218269 	 526.851402 	 741.707929
   69 	 -323.251051 	 594.078502 	 741.707929
 