   0 	 0.015846 	 0.128951 	 4.470277
    1 	 0.021718 	 1.605786 	 17.452013
    2 	 0.026462 	 3.174363 	 18.583026
    3 	 0.032788 	 1.943221 	 15.151834
    4 	 0.038956 	 0.802151 	 6.833744
    5 	 0.037333 	 1.296106 	 5.157967
    6 	 0.034601 	 2.275014 	 13.632154
    7 	 0.038458 	 1.697412 	 9.779501
    8 	 0.031381 	 1.023374 	 9.820976
    9 	 0.036622 	 1.254079 	 9.827251
   10 	 0.101429 	 1.981195 	 11.276342
   11 	 0.092772 	 1.679952 	 14.373920
   12 	 0.085039 	 1.001214 	 7.582154
   13 	 0.037523 	 1.237960 	 7.419945
   14 	 0.038007 	 1.448343 	 6.819451
   15 	 0.035930 	 1.651906 	 16.913919
   16 	 0.037590 	 1.193403 	 8.325894
   17 	 0.036708 	 1.585619 	 16.152802
   18 	 0.039153 	 1.998124 	 19.892981
   19 	 0.037072 	 1.576109 	 10.096411
   20 	 0.035606 	 1.180698 	 12.795475
   21 	 0.034299 	 1.743331 	 12.838708
   22 	 0.039713 	 2.617312 	 17.063108
   23 	 0.035784 	 1.989378 	 18.215136
   24 	 0.028365 	 1.345536 	 14.605540
   25 	 0.054815 	 1.841837 	 21.794313
   26 	 0.036990 	 2.555648 	 15.845612
   27 	 0.034246 	 1.942126 	 15.287043
   28 	 0.032003 	 1.541115 	 13.437120
   29 	 0.028522 	 2.216624 	 18.767026
   30 	 0.035297 	 2.622095 	 21.509187
   31 	 0.019410 	 2.263755 	 20.031486
   32 	 0.032580 	 2.377186 	 25.229754
   33 	 0.031896 	 2.316531 	 36.218236
   34 	 0.033285 	 3.505036 	 24.521685
   35 	 0.027609 	 2.454669 	 21.539362
   36 	 0.038288 	 2.150116 	 19.034319
   37 	 0.027360 	 2.206780 	 26.171799
   38 	 0.019127 	 2.834186 	 17.904819
   39 	 0.036352 	 2.861253 	 21.691445
   40 	 0.032266 	 2.407861 	 31.921179
   41 	 0.023622 	 2.309222 	 21.131761
   42 	 0.030880 	 2.660680 	 23.328346
   43 	 0.036250 	 2.374867 	 29.220851
   44 	 0.038673 	 2.354508 	 24.402378
   45 	 0.021358 	 2.313711 	 17.286211
   46 	 0.036556 	 2.755937 	 18.646524
   47 	 0.018952 	 2.319533 	 39.127332
   48 	 0.029913 	 2.038418 	 15.314805
   49 	 0.025521 	 2.562968 	 20.564652
   50 	 0.036927 	 2.851199 	 31.237005
   51 	 0.036219 	 2.030572 	 19.898589
   52 	 0.017707 	 1.850953 	 23.681587
   53 	 0.034146 	 2.943241 	 25.099884
   54 	 0.028554 	 2.720449 	 23.472393
   55 	 0.039739 	 3.265487 	 23.835260
   56 	 0.034834 	 2.230472 	 30.162085
   57 	 0.036492 	 2.257531 	 21.864262
   58 	 0.033139 	 3.074497 	 22.117888
   59 	 0.037011 	 2.381109 	 19.878346
   60 	 0.030203 	 2.982213 	 25.615354
   61 	 0.028468 	 2.883023 	 22.456120
   62 	 0.035658 	 2.713196 	 28.087332
   63 	 0.037832 	 2.464636 	 34.760776
   64 	 0.033582 	 3.091540 	 25.860372
   65 	 0.028764 	 3.108804 	 23.292384
   66 	 0.034497 	 3.120882 	 27.627538
   67 	 0.033698 	 2.316761 	 28.848474
   68 	 0.018462 	 3.122491 	 22.418558
   69 	 0.027116 	 3.249436 	 25.577059
   70 	 0.031182 	 3.283752 	 31.385072
   71 	 0.033996 	 3.026225 	 27.998345
   72 	 0.029204 	 3.075804 	 25.137257
   73 	 0.028974 	 2.939794 	 23.043509
   74 	 0.021060 	 3.601775 	 26.451916
   75 	 0.023084 	 2.558328 	 22.914575
   76 	 0.032186 	 3.207003 	 33.715273
   77 	 0.038224 	 3.286104 	 30.784067
   78 	 0.029652 	 3.401260 	 22.447451
   79 	 0.029396 	 2.448017 	 21.015179
   80 	 0.032992 	 3.403496 	 26.142484
   81 	 0.029173 	 3.377242 	 33.008176
   82 	 0.031148 	 3.229791 	 19.993702
   83 	 0.030295 	 2.570744 	 33.252091
   84 	 0.036423 	 3.319770 	 28.608887
   85 	 0.030062 	 2.879825 	 29.838309
   86 	 0.030843 	 3.505912 	 24.445577
   87 	 0.031914 	 2.773392 	 30.246270
   88 	 0.038275 	 3.657340 	 31.014923
   89 	 0.017805 	 3.483210 	 30.155412
   90 	 0.031875 	 3.213189 	 25.204816
   91 	 0.033157 	 3.168967 	 33.777640
   92 	 0.037367 	 3.335536 	 27.797220
   93 	 0.024731 	 3.350633 	 28.241021
   94 	 0.035974 	 3.156529 	 25.795162
   95 	 0.030678 	 3.563457 	 38.268661
   96 	 0.031268 	 3.418697 	 27.341789
   97 	 0.026131 	 3.401247 	 27.096762
   98 	 0.035676 	 2.937322 	 18.195676
   99 	 0.019426 	 3.301338 	 26.931942
  100 	 0.037646 	 2.842531 	 27.191457
  101 	 0.036543 	 2.985986 	 48.016628
  102 	 0.036311 	 3.007327 	 25.752414
  103 	 0.020821 	 3.463611 	 25.418581
  104 	 0.038286 	 3.035087 	 26.588137
  105 	 0.021104 	 3.026565 	 38.579157
  106 	 0.030586 	 2.449753 	 16.364631
  107 	 0.025917 	 2.884552 	 24.324401
  108 	 0.028091 	 3.281444 	 26.339957
  109 	 0.037519 	 3.099821 	 29.924572
  110 	 0.030332 	 3.704331 	 29.859150
  111 	 0.033021 	 2.786664 	 23.334016
  112 	 0.033488 	 3.552876 	 31.814479
  113 	 0.029118 	 4.280735 	 28.721849
  114 	 0.030942 	 3.051461 	 24.623464
  115 	 0.019727 	 2.552899 	 22.066303
  116 	 0.022022 	 3.353160 	 24.188905
  117 	 0.036622 	 4.695377 	 48.015439
  118 	 0.029211 	 3.673644 	 43.248738
  119 	 0.020822 	 2.449510 	 25.758502
  120 	 0.022443 	 3.492036 	 30.664310
  121 	 0.038538 	 3.904685 	 21.178743
  122 	 0.032112 	 3.703900 	 30.468578
  123 	 0.030759 	 1.893128 	 15.028846
  124 	 0.032746 	 3.087794 	 29.401009
  125 	 0.033712 	 4.023493 	 24.754822
  126 	 0.033885 	 3.071280 	 28.098902
  127 	 0.023032 	 3.065872 	 27.675680
  128 	 0.035586 	 3.841936 	 26.552626
  129 	 0.026153 	 3.761940 	 39.632679
  130 	 0.025569 	 2.686121 	 25.649938
  131 	 0.023778 	 3.688631 	 35.269105
  132 	 0.035407 	 3.611947 	 23.895459
  133 	 0.028352 	 3.399505 	 34.928000
  134 	 0.032457 	 2.608800 	 26.591121
  135 	 0.024634 	 3.509219 	 31.494396
  136 	 0.037603 	 3.701561 	 26.758785
  137 	 0.031749 	 3.159633 	 24.274781
  138 	 0.036097 	 3.033087 	 24.268986
  139 	 0.029303 	 3.275381 	 24.864321
  140 	 0.024063 	 2.582888 	 23.499759
  141 	 0.021472 	 3.786488 	 28.816160
  142 	 0.035738 	 3.127050 	 27.883830
  143 	 0.034700 	 3.166504 	 27.198320
  144 	 0.035768 	 3.223355 	 24.575020
  145 	 0.030143 	 3.850674 	 25.403626
  146 	 0.036597 	 3.263271 	 24.656024
  147 	 0.036467 	 3.541038 	 30.918205
  148 	 0.033562 	 3.361193 	 22.768644
  149 	 0.032340 	 3.671713 	 25.083429
  150 	 0.036601 	 3.439510 	 25.855206
  151 	 0.024772 	 3.281092 	 26.461989
  152 	 0.036715 	 2.894168 	 21.738802
  153 	 0.030077 	 3.431931 	 37.492939
  154 	 0.022415 	 2.487573 	 24.990870
  155 	 0.025504 	 3.778697 	 31.272913
  156 	 0.038359 	 4.120787 	 41.126984
  157 	 0.031974 	 3.478422 	 36.491419
  158 	 0.024067 	 2.941848 	 24.839315
  159 	 0.027401 	 3.506732 	 27.797087
  160 	 0.021432 	 3.632844 	 20.725026
  161 	 0.035967 	 2.995844 	 28.163122
  162 	 0.019329 	 2.574558 	 39.167146
  163 	 0.028633 	 2.130051 	 21.376097
  164 	 0.022847 	 3.484665 	 19.171699
  165 	 0.037662 	 3.272908 	 30.550497
  166 	 0.038523 	 2.806973 	 40.573408
  167 	 0.028134 	 2.595330 	 23.529515
  168 	 0.024645 	 3.121248 	 24.317284
  169 	 0.030821 	 3.652058 	 31.812747
  170 	 0.028917 	 3.168751 	 34.789038
  171 	 0.030557 	 2.071318 	 18.834559
  172 	 0.028732 	 3.197383 	 31.363391
  173 	 0.026450 	 3.779446 	 29.535927
  174 	 0.029957 	 3.239112 	 24.980023
  175 	 0.030381 	 2.908345 	 29.683487
  176 	 0.034408 	 2.659670 	 23.539941
  177 	 0.033320 	 3.468335 	 24.226748
  178 	 0.029799 	 3.689336 	 24.318740
  179 	 0.020190 	 2.927142 	 25.723656
  180 	 0.036412 	 3.086627 	 32.051831
  181 	 0.038039 	 4.035899 	 28.047102
  182 	 0.031197 	 3.087052 	 25.121112
  183 	 0.031005 	 2.219495 	 21.198593
  184 	 0.031509 	 2.779565 	 29.942845
  185 	 0.037317 	 3.894394 	 31.148072
  186 	 0.033395 	 3.119434 	 30.666311
  187 	 0.030552 	 2.739642 	 22.213675
  188 	 0.032599 	 2.940239 	 28.094204
  189 	 0.038485 	 3.702514 	 29.151454
  190 	 0.035592 	 2.885582 	 28.736108
  191 	 0.024669 	 2.800008 	 24.578886
  192 	 0.034798 	 3.504786 	 26.460789
  193 	 0.038055 	 3.808567 	 29.613351
  194 	 0.031374 	 2.512958 	 25.518006
  195 	 0.033698 	 2.774232 	 23.426772
  196 	 0.036543 	 3.635411 	 27.352912
  197 	 0.030720 	 3.023563 	 25.576892
  198 	 0.019759 	 2.840372 	 24.162825
  199 	 0.036638 	 4.142534 	 27.685195
  200 	 0.025987 	 3.615156 	 40.553735
  201 	 0.031885 	 3.085061 	 24.074581
  202 	 0.018705 	 3.919238 	 35.477108
  203 	 0.029180 	 3.824712 	 28.022861
  204 	 0.028184 	 3.519512 	 37.950984
  205 	 0.035454 	 3.349744 	 29.468451
  206 	 0.026317 	 3.630907 	 32.911847
  207 	 0.033892 	 3.342637 	 26.397058
  208 	 0.027946 	 2.668850 	 30.126753
  209 	 0.019101 	 3.270558 	 25.450359
  210 	 0.032591 	 4.395685 	 31.169238
  211 	 0.037290 	 3.469912 	 37.734730
  212 	 0.032081 	 3.422024 	 29.859188
  213 	 0.019235 	 2.741584 	 22.376215
  214 	 0.033315 	 3.622280 	 27.021049
  215 	 0.035815 	 4.102309 	 32.468286
  216 	 0.029688 	 4.278016 	 26.167792
  217 	 0.030797 	 2.959810 	 24.928041
  218 	 0.022971 	 2.829473 	 23.596016
  219 	 0.019626 	 3.417762 	 28.013399
  220 	 0.035807 	 4.426031 	 26.584761
  221 	 0.035285 	 3.105704 	 35.055278
  222 	 0.036886 	 3.088803 	 24.009485
  223 	 0.028523 	 3.574115 	 25.578847
  224 	 0.032735 	 4.360901 	 24.483310
  225 	 0.030511 	 2.960448 	 28.938035
  226 	 0.019924 	 3.357371 	 24.264910
  227 	 0.034548 	 3.600144 	 23.094762
  228 	 0.036742 	 3.754607 	 44.200218
  229 	 0.036197 	 1.903046 	 26.388393
  230 	 0.022622 	 3.714080 	 24.812571
  231 	 0.031871 	 3.806406 	 22.180990
  232 	 0.020962 	 3.411042 	 35.061146
  233 	 0.029726 	 2.131566 	 26.475072
  234 	 0.028521 	 3.242251 	 23.076680
  235 	 0.036524 	 3.860823 	 24.879108
  236 	 0.030954 	 3.425838 	 23.911544
  237 	 0.018501 	 2.306476 	 24.523416
  238 	 0.031125 	 3.136079 	 17.735546
  239 	 0.037479 	 4.526215 	 31.644331
  240 	 0.033219 	 3.340083 	 27.008847
  241 	 0.028087 	 2.069966 	 15.892987
  242 	 0.024676 	 2.606954 	 20.599048
  243 	 0.036169 	 3.890082 	 26.891120
  244 	 0.028898 	 3.538820 	 25.705944
  245 	 0.036890 	 2.432770 	 24.894418
  246 	 0.035561 	 2.763207 	 32.469841
  247 	 0.032943 	 3.226372 	 24.048150
  248 	 0.030776 	 2.995586 	 20.550354
  249 	 0.036836 	 2.879642 	 28.699835
  250 	 0.028052 	 2.254672 	 24.418602
  251 	 0.031380 	 3.038056 	 19.405424
  252 	 0.022584 	 4.053629 	 26.916625
  253 	 0.034008 	 2.942404 	 24.419405
  254 	 0.024981 	 2.059842 	 21.848909
  255 	 0.019865 	 3.081780 	 27.388188
  256 	 0.034180 	 3.538661 	 26.998202
  257 	 0.036500 	 3.057541 	 45.945186
  258 	 0.037004 	 2.408703 	 27.716006
  259 	 0.021764 	 2.847281 	 25.098114
  260 	 0.035919 	 3.118697 	 24.931306
  261 	 0.027324 	 3.352384 	 39.158713
  262 	 0.038440 	 2.654247 	 25.595058
  263 	 0.025536 	 3.474898 	 24.804049
  264 	 0.039050 	 3.252053 	 25.290607
  265 	 0.037699 	 3.589001 	 37.542604
  266 	 0.037860 	 2.649116 	 22.606719
  267 	 0.021139 	 3.292744 	 25.774094
  268 	 0.031925 	 3.212642 	 25.667223
  269 	 0.030671 	 3.258826 	 36.055423
  270 	 0.029299 	 3.608871 	 30.280022
  271 	 0.027734 	 3.903476 	 28.529094
  272 	 0.032986 	 3.963993 	 32.895705
  273 	 0.033714 	 4.461755 	 33.323468
  274 	 0.030391 	 2.438782 	 30.043071
  275 	 0.023476 	 3.720362 	 25.412016
  276 	 0.030578 	 3.746290 	 25.955154
  277 	 0.019109 	 3.439943 	 32.152862
  278 	 0.024511 	 2.778519 	 31.667712
  279 	 0.018504 	 3.818393 	 49.483335
  280 	 0.031575 	 4.867082 	 39.046266
  281 	 0.020208 	 4.256389 	 31.152182
  282 	 0.025610 	 2.648016 	 27.594462
  283 	 0.022018 	 3.375939 	 46.929857
  284 	 0.035814 	 4.752781 	 37.579943
  285 	 0.018741 	 4.493161 	 43.256928
  286 	 0.026607 	 3.574616 	 26.307273
  287 	 0.023104 	 2.980457 	 25.078566
  288 	 0.018972 	 4.181898 	 29.678828
  289 	 0.037616 	 4.984388 	 41.486290
  290 	 0.029610 	 4.220153 	 44.499619
  291 	 0.021906 	 3.406647 	 24.380717
  292 	 0.022470 	 4.162491 	 29.714297
  293 	 0.031391 	 3.993370 	 28.075229
  294 	 0.029311 	 3.872432 	 43.916763
  295 	 0.019171 	 3.197195 	 27.479470
  296 	 0.019549 	 3.682855 	 26.411437
  297 	 0.022191 	 3.809530 	 47.684414
  298 	 0.019112 	 4.022177 	 46.840882
  299 	 0.018208 	 3.562133 	 28.568442
  300 	 0.021328 	 3.727943 	 30.363026
  301 	 0.022593 	 3.116744 	 46.065749
  302 	 0.020724 	 4.018645 	 44.786106
  303 	 0.018984 	 3.125925 	 26.048302
  304 	 0.022328 	 3.676772 	 29.508389
  305 	 0.038375 	 4.049479 	 50.040992
  306 	 0.025415 	 3.825129 	 25.289424
  307 	 0.019983 	 2.820487 	 23.937634
  308 	 0.035817 	 3.727871 	 37.292855
  309 	 0.031771 	 4.080238 	 47.657820
  310 	 0.026814 	 3.075330 	 24.059526
  311 	 0.020978 	 2.518464 	 27.018693
  312 	 0.035769 	 3.640529 	 26.863957
  313 	 0.029468 	 3.734797 	 30.140837
  314 	 0.031742 	 3.560816 	 27.197102
  315 	 0.026773 	 2.698948 	 23.530588
  316 	 0.019458 	 3.466105 	 24.748976
  317 	 0.035327 	 2.868312 	 27.676380
  318 	 0.037261 	 3.059452 	 23.186874
  319 	 0.028950 	 3.408039 	 25.623236
  320 	 0.036889 	 3.495179 	 25.470614
  321 	 0.038112 	 2.618741 	 20.552422
  322 	 0.027686 	 3.276372 	 24.277652
  323 	 0.033786 	 3.188396 	 23.424135
  324 	 0.037674 	 4.049023 	 31.861210
  325 	 0.030142 	 2.921826 	 24.439686
  326 	 0.030953 	 3.284142 	 21.937916
  327 	 0.035116 	 3.252534 	 26.591700
  328 	 0.036349 	 3.331214 	 24.140503
  329 	 0.019122 	 3.187524 	 26.935410
  330 	 0.038790 	 4.143656 	 26.632187
  331 	 0.030411 	 4.104986 	 49.946249
  332 	 0.019803 	 3.141142 	 24.641303
  333 	 0.020020 	 3.859080 	 29.929984
  334 	 0.026288 	 3.341870 	 31.885832
  335 	 0.027216 	 4.095778 	 41.981947
  336 	 0.029304 	 4.172935 	 34.496567
  337 	 0.023809 	 3.903268 	 30.754089
  338 	 0.028973 	 2.900890 	 25.407154
  339 	 0.032494 	 4.005109 	 32.551273
  340 	 0.037802 	 3.138732 	 29.500517
  341 	 0.030717 	 3.689506 	 27.552823
  342 	 0.033893 	 2.755711 	 22.725978
  343 	 0.025914 	 3.951906 	 29.149950
  344 	 0.034624 	 3.242128 	 24.529969
  345 	 0.034300 	 3.680233 	 35.069892
  346 	 0.033801 	 3.023487 	 26.649915
  347 	 0.026394 	 3.674380 	 22.677857
  348 	 0.029948 	 3.224036 	 27.173511
  349 	 0.026665 	 3.203493 	 31.337692
  350 	 0.024988 	 3.628120 	 25.226419
  351 	 0.031897 	 3.825622 	 26.549620
  352 	 0.032331 	 3.406918 	 21.382934
  353 	 0.030855 	 2.513613 	 19.494369
  354 	 0.031954 	 3.456527 	 23.078080
  355 	 0.029214 	 2.766614 	 20.726949
  356 	 0.023543 	 2.683557 	 24.658181
  357 	 0.037529 	 2.803198 	 21.754121
  358 	 0.033486 	 2.949607 	 19.969075
  359 	 0.038841 	 2.984978 	 24.937965
  360 	 0.032063 	 3.390215 	 28.664845
  361 	 0.029435 	 2.726347 	 21.121140
  362 	 0.022104 	 3.092872 	 28.848952
  363 	 0.037403 	 3.387601 	 31.216150
  364 	 0.031625 	 3.193847 	 36.490506
  365 	 0.028918 	 3.040598 	 24.487621
  366 	 0.027326 	 3.773401 	 24.861627
  367 	 0.027648 	 3.875004 	 27.987382
  368 	 0.035702 	 2.279650 	 15.757879
  369 	 0.035552 	 2.871497 	 24.425350
  370 	 0.035259 	 3.213227 	 19.766656
  371 	 0.027843 	 3.415256 	 25.156009
  372 	 0.050518 	 2.638113 	 25.342608
  373 	 0.020694 	 3.659446 	 32.007039
  374 	 0.033723 	 2.791147 	 17.863762
  375 	 0.030832 	 3.518078 	 40.170992
  376 	 0.026446 	 2.242882 	 19.977906
  377 	 0.024890 	 3.113885 	 23.555822
  378 	 0.029546 	 2.646672 	 29.343356
  379 	 0.042446 	 3.312843 	 33.123022
  380 	 0.019156 	 2.561270 	 20.770316
  381 	 0.025760 	 2.809828 	 20.944304
  382 	 0.036068 	 2.703351 	 26.127356
  383 	 0.037090 	 3.563288 	 29.081880
  384 	 0.019546 	 3.332390 	 25.159910
  385 	 0.021307 	 2.659338 	 23.534794
  386 	 0.032291 	 2.683838 	 36.567704
  387 	 0.035610 	 3.133644 	 27.297727
  388 	 0.026078 	 3.373312 	 25.980255
  389 	 0.020410 	 2.605309 	 22.947244
  390 	 0.029466 	 2.839831 	 30.601471
  391 	 0.037329 	 3.192365 	 40.633363
  392 	 0.032367 	 4.378396 	 29.703874
  393 	 0.024596 	 3.283236 	 24.079425
  394 	 0.027384 	 2.765882 	 25.662607
  395 	 0.019636 	 3.415929 	 34.726543
  396 	 0.026640 	 3.850480 	 26.250727
  397 	 0.016519 	 3.888551 	 39.625551
  398 	 0.030821 	 2.941120 	 32.425614
  399 	 0.025234 	 3.208553 	 47.575468
 