   0 	 0.015913 	 0.055583 	 0.333979
    1 	 0.017194 	 0.082806 	 0.597157
    2 	 0.021262 	 0.256981 	 7.688654
    3 	 0.036448 	 1.402440 	 8.646450
    4 	 0.028208 	 3.215249 	 16.403623
    5 	 0.032799 	 2.276410 	 8.962341
    6 	 0.023594 	 0.908476 	 12.915062
    7 	 0.033053 	 1.450896 	 10.255321
    8 	 0.040543 	 2.600285 	 13.173520
    9 	 0.037729 	 2.306015 	 21.922552
   10 	 0.035849 	 1.001727 	 8.471913
   11 	 0.035819 	 1.359969 	 10.402681
   12 	 0.029976 	 2.235302 	 11.162759
   13 	 0.038883 	 1.836030 	 12.703459
   14 	 0.032401 	 1.058496 	 11.781870
   15 	 0.036672 	 1.298115 	 7.734955
   16 	 0.038713 	 1.967191 	 13.869378
   17 	 0.037918 	 1.614688 	 12.114718
   18 	 0.036492 	 1.475962 	 8.967540
   19 	 0.035573 	 1.487816 	 22.268875
   20 	 0.036753 	 1.927983 	 12.660434
   21 	 0.034503 	 1.466866 	 12.891082
   22 	 0.035986 	 1.659101 	 20.821948
   23 	 0.039565 	 2.281731 	 23.093280
   24 	 0.032034 	 2.049184 	 21.662207
   25 	 0.035904 	 1.526392 	 13.953773
   26 	 0.034550 	 2.001866 	 18.900556
   27 	 0.036071 	 2.264797 	 19.198141
   28 	 0.036433 	 1.639423 	 9.408099
   29 	 0.052069 	 1.786013 	 13.798682
   30 	 0.035042 	 1.888893 	 15.143994
   31 	 0.035883 	 2.018105 	 12.715140
   32 	 0.038880 	 1.924337 	 23.205952
   33 	 0.034276 	 2.280740 	 25.199803
   34 	 0.030680 	 2.009744 	 19.424841
   35 	 0.022155 	 2.327801 	 24.524008
   36 	 0.028875 	 2.158950 	 26.895889
   37 	 0.032914 	 2.710148 	 34.898463
   38 	 0.034656 	 2.023143 	 23.428764
   39 	 0.028634 	 2.447640 	 22.554744
   40 	 0.035736 	 2.761659 	 22.331856
   41 	 0.032060 	 1.665896 	 21.213176
   42 	 0.038567 	 2.495960 	 23.845766
   43 	 0.037879 	 2.035901 	 16.490467
   44 	 0.031473 	 2.219386 	 22.337781
   45 	 0.037693 	 1.799001 	 22.134229
   46 	 0.036867 	 2.323263 	 22.084888
   47 	 0.037873 	 2.269028 	 24.100543
   48 	 0.032246 	 2.382969 	 23.587150
   49 	 0.041480 	 2.352112 	 22.689776
   50 	 0.033162 	 2.911794 	 24.584350
   51 	 0.034012 	 1.982444 	 20.973025
   52 	 0.037521 	 2.256650 	 22.240795
   53 	 0.035424 	 2.278279 	 26.446697
   54 	 0.031280 	 2.760257 	 19.978084
   55 	 0.034700 	 2.094800 	 24.024719
   56 	 0.038670 	 3.081780 	 28.506307
   57 	 0.037805 	 2.404190 	 23.696449
   58 	 0.026632 	 3.285248 	 22.220075
   59 	 0.023809 	 2.418415 	 24.035850
   60 	 0.033290 	 2.671216 	 32.539824
   61 	 0.041594 	 2.962120 	 24.479775
   62 	 0.030721 	 3.485533 	 24.670809
   63 	 0.021213 	 2.165115 	 20.661120
   64 	 0.040461 	 2.589711 	 20.911092
   65 	 0.031910 	 3.211583 	 20.296569
   66 	 0.025509 	 2.759314 	 18.670251
   67 	 0.036345 	 1.849499 	 19.338800
   68 	 0.030121 	 2.986727 	 18.873976
   69 	 0.031194 	 2.785154 	 20.770677
   70 	 0.036348 	 3.457838 	 26.845009
   71 	 0.033559 	 2.102087 	 20.137024
   72 	 0.033992 	 2.358853 	 19.030166
   73 	 0.033610 	 2.921219 	 26.767153
   74 	 0.033527 	 3.270654 	 18.616940
   75 	 0.035007 	 3.102702 	 23.594403
   76 	 0.036790 	 3.039137 	 22.740276
   77 	 0.020662 	 2.867249 	 18.117204
   78 	 0.037421 	 2.841821 	 16.645542
   79 	 0.038583 	 3.618470 	 28.439967
   80 	 0.038503 	 3.768139 	 21.403694
   81 	 0.035142 	 2.561057 	 14.815083
   82 	 0.027225 	 2.596019 	 18.210603
   83 	 0.028415 	 3.239252 	 24.188531
   84 	 0.031567 	 3.621758 	 25.246025
   85 	 0.022322 	 2.765178 	 23.477178
   86 	 0.021591 	 2.471789 	 15.906557
   87 	 0.020205 	 2.315099 	 25.309966
   88 	 0.026085 	 3.417552 	 40.664933
   89 	 0.033978 	 3.029013 	 33.439480
   90 	 0.024577 	 2.573976 	 22.538617
   91 	 0.029879 	 1.948975 	 16.756714
   92 	 0.021593 	 3.294356 	 30.141216
   93 	 0.059565 	 2.850424 	 17.992316
   94 	 0.033142 	 2.932524 	 35.469410
   95 	 0.030987 	 1.743561 	 9.980275
   96 	 0.028155 	 2.594623 	 20.185483
   97 	 0.081900 	 2.622586 	 15.952177
   98 	 0.023605 	 2.764443 	 27.206831
   99 	 0.024530 	 1.563525 	 11.049732
  100 	 0.025140 	 2.455662 	 32.149080
  101 	 0.035616 	 2.706420 	 21.732159
  102 	 0.031081 	 2.291090 	 28.702248
  103 	 0.045994 	 2.079638 	 23.743909
  104 	 0.034811 	 2.283497 	 17.959349
  105 	 0.038133 	 2.394529 	 17.955180
  106 	 0.022899 	 2.270914 	 20.118370
  107 	 0.055545 	 2.067898 	 19.305440
  108 	 0.029564 	 2.116344 	 11.238335
  109 	 0.034125 	 1.971599 	 16.117219
  110 	 0.020315 	 2.429582 	 22.373611
  111 	 0.036148 	 2.135847 	 22.714514
  112 	 0.035814 	 2.397394 	 31.531265
  113 	 0.032897 	 1.920852 	 14.614582
  114 	 0.031551 	 2.421685 	 18.320859
  115 	 0.035397 	 2.441227 	 22.049172
  116 	 0.038335 	 2.213370 	 17.986572
  117 	 0.028472 	 1.869402 	 14.815439
  118 	 0.035134 	 2.542826 	 20.269567
  119 	 0.033927 	 2.481776 	 25.334173
  120 	 0.036113 	 1.996333 	 12.831355
  121 	 0.030280 	 2.324275 	 20.755232
  122 	 0.031479 	 2.753138 	 17.148800
  123 	 0.031488 	 2.794955 	 24.590016
  124 	 0.027314 	 1.885723 	 24.284035
  125 	 0.040651 	 3.013413 	 24.497662
  126 	 0.033787 	 2.981879 	 29.838585
  127 	 0.030777 	 2.298837 	 16.089326
  128 	 0.030828 	 2.059157 	 25.007899
  129 	 0.033712 	 3.243246 	 27.044072
  130 	 0.038047 	 3.374954 	 25.902443
  131 	 0.028239 	 3.392425 	 23.342353
  132 	 0.036778 	 2.059315 	 22.600376
  133 	 0.033997 	 2.536004 	 28.786475
  134 	 0.030351 	 3.250051 	 22.174341
  135 	 0.034731 	 3.786948 	 23.760587
  136 	 0.030000 	 2.448532 	 24.968041
  137 	 0.038578 	 2.205468 	 19.673155
  138 	 0.037949 	 3.322505 	 21.488633
  139 	 0.027681 	 3.550581 	 18.555527
  140 	 0.024094 	 2.373969 	 20.104033
  141 	 0.027649 	 2.163119 	 22.841204
  142 	 0.037561 	 3.425756 	 24.879645
  143 	 0.036713 	 3.673400 	 26.774180
  144 	 0.038378 	 2.649158 	 21.159246
  145 	 0.037336 	 2.285141 	 23.303152
  146 	 0.038067 	 3.098001 	 21.286703
  147 	 0.023296 	 3.516098 	 21.696529
  148 	 0.027464 	 2.433807 	 20.935053
  149 	 0.031169 	 2.455558 	 20.878457
  150 	 0.047738 	 3.149282 	 26.907596
  151 	 0.037649 	 3.502595 	 24.468558
  152 	 0.036949 	 2.044591 	 18.539706
  153 	 0.023355 	 2.333488 	 22.750165
  154 	 0.052524 	 2.750872 	 16.088471
  155 	 0.036628 	 2.713290 	 16.985285
  156 	 0.030385 	 1.573773 	 12.966174
  157 	 0.026587 	 2.110806 	 14.698425
  158 	 0.032173 	 3.500826 	 24.163117
  159 	 0.029879 	 2.502553 	 16.830757
  160 	 0.021811 	 1.991750 	 21.119065
  161 	 0.033353 	 2.780272 	 21.240784
  162 	 0.047331 	 2.634806 	 20.021597
  163 	 0.029832 	 2.782974 	 21.068622
  164 	 0.029075 	 1.773557 	 17.594662
  165 	 0.038700 	 3.118863 	 24.056287
  166 	 0.031618 	 2.494633 	 25.790028
  167 	 0.030373 	 2.613581 	 19.950895
  168 	 0.037393 	 2.331633 	 23.464091
  169 	 0.032131 	 3.274148 	 24.954255
  170 	 0.038728 	 2.571528 	 20.664257
  171 	 0.022771 	 3.192843 	 22.018705
  172 	 0.032209 	 2.250962 	 20.649400
  173 	 0.038131 	 2.616790 	 20.123608
  174 	 0.034860 	 2.482505 	 25.609545
  175 	 0.030640 	 2.383881 	 17.754123
  176 	 0.019524 	 2.822068 	 21.916722
  177 	 0.028941 	 3.295666 	 24.789307
  178 	 0.038629 	 2.628283 	 24.500809
  179 	 0.040298 	 2.523240 	 20.960059
  180 	 0.036375 	 2.304205 	 17.471918
  181 	 0.047649 	 2.427901 	 19.841986
  182 	 0.029448 	 3.036439 	 21.662822
  183 	 0.033242 	 2.141863 	 18.198741
  184 	 0.046141 	 2.750127 	 26.876248
  185 	 0.029057 	 2.367510 	 21.861769
  186 	 0.030039 	 2.537382 	 18.603625
  187 	 0.033256 	 2.361954 	 26.912506
  188 	 0.035777 	 2.572291 	 20.123093
  189 	 0.034258 	 3.595283 	 25.154940
  190 	 0.034805 	 2.560799 	 15.986026
  191 	 0.036676 	 2.291747 	 26.839640
  192 	 0.024833 	 2.472793 	 20.086852
  193 	 0.037151 	 3.964142 	 25.203947
  194 	 0.039998 	 3.262579 	 35.545887
  195 	 0.020502 	 2.392671 	 23.501239
  196 	 0.028104 	 2.670322 	 22.076097
  197 	 0.037116 	 3.887898 	 24.432135
  198 	 0.033737 	 3.289733 	 27.948998
  199 	 0.031397 	 2.578701 	 23.943377
  200 	 0.035371 	 2.932728 	 25.039258
  201 	 0.037024 	 2.777369 	 25.570606
  202 	 0.039091 	 3.076005 	 22.532510
  203 	 0.030810 	 2.983823 	 23.497427
  204 	 0.044097 	 2.785203 	 20.837420
  205 	 0.035969 	 2.872528 	 29.221981
  206 	 0.031037 	 2.422862 	 17.827510
  207 	 0.034203 	 3.006305 	 19.658276
  208 	 0.035715 	 2.719269 	 23.182088
  209 	 0.031535 	 3.471546 	 23.200026
  210 	 0.032673 	 3.325223 	 22.649617
  211 	 0.037920 	 2.860398 	 24.018008
  212 	 0.035458 	 2.593375 	 27.798270
  213 	 0.031068 	 3.767978 	 20.824850
  214 	 0.018633 	 2.823768 	 25.800864
  215 	 0.029629 	 2.365200 	 22.302988
  216 	 0.030205 	 3.254575 	 51.194444
  217 	 0.035964 	 4.167638 	 30.368597
  218 	 0.019532 	 3.146249 	 32.462589
  219 	 0.032928 	 2.561455 	 23.549153
  220 	 0.021295 	 3.533544 	 35.546529
  221 	 0.037555 	 3.597001 	 27.603117
  222 	 0.028131 	 2.885293 	 29.287050
  223 	 0.036223 	 3.475384 	 25.684071
  224 	 0.018380 	 4.282028 	 34.445424
  225 	 0.030329 	 3.588095 	 26.149333
  226 	 0.028551 	 2.670420 	 51.867574
  227 	 0.037615 	 3.111019 	 29.735808
  228 	 0.019276 	 4.356271 	 33.411666
  229 	 0.021941 	 3.471347 	 25.964189
  230 	 0.019193 	 3.014177 	 27.547192
  231 	 0.027240 	 3.344667 	 38.401677
  232 	 0.029904 	 5.485547 	 38.676149
  233 	 0.022219 	 2.861933 	 23.199767
  234 	 0.025853 	 2.997893 	 31.641143
  235 	 0.020320 	 3.476307 	 34.699840
  236 	 0.031602 	 5.444417 	 33.723412
  237 	 0.028815 	 3.541621 	 45.413291
  238 	 0.029652 	 3.381855 	 24.898413
  239 	 0.022019 	 3.765995 	 27.147017
  240 	 0.019648 	 4.138618 	 28.277034
  241 	 0.020636 	 3.731035 	 43.631609
  242 	 0.021254 	 3.534015 	 33.136333
  243 	 0.019898 	 3.626798 	 46.434046
  244 	 0.028735 	 4.602147 	 45.138753
  245 	 0.021536 	 3.711286 	 43.107280
  246 	 0.022149 	 3.596667 	 33.744038
  247 	 0.017743 	 3.283595 	 40.264681
  248 	 0.029632 	 3.692655 	 26.935284
  249 	 0.015089 	 4.310497 	 54.516930
  250 	 0.037120 	 3.102248 	 30.365616
  251 	 0.018343 	 3.638036 	 39.079917
  252 	 0.032931 	 3.963335 	 25.511133
  253 	 0.025587 	 4.885619 	 48.909663
  254 	 0.019370 	 3.026661 	 28.546137
  255 	 0.020445 	 3.956782 	 30.679086
  256 	 0.035026 	 3.537832 	 47.235808
  257 	 0.028923 	 4.699457 	 44.953951
  258 	 0.021157 	 3.388060 	 28.069591
  259 	 0.021814 	 3.917917 	 28.093928
  260 	 0.035625 	 4.124793 	 45.337744
  261 	 0.035594 	 4.835802 	 44.614228
  262 	 0.022054 	 3.309666 	 25.850718
  263 	 0.022409 	 4.266453 	 27.184702
  264 	 0.031623 	 4.264167 	 41.922274
  265 	 0.036779 	 4.902337 	 42.901970
  266 	 0.023852 	 2.818160 	 26.527482
  267 	 0.023308 	 4.519579 	 26.540145
  268 	 0.022016 	 4.558431 	 40.399999
  269 	 0.029483 	 4.508626 	 29.303939
  270 	 0.024752 	 3.679661 	 41.987811
  271 	 0.029334 	 4.147730 	 31.662306
  272 	 0.023814 	 4.748960 	 39.444438
  273 	 0.029801 	 4.079025 	 32.222390
  274 	 0.019801 	 3.132768 	 39.193982
  275 	 0.031034 	 4.483996 	 32.572350
  276 	 0.024459 	 4.823934 	 44.049995
  277 	 0.030700 	 3.526867 	 26.315334
  278 	 0.019844 	 4.002462 	 38.227951
  279 	 0.036623 	 4.364637 	 31.645246
  280 	 0.026134 	 4.077409 	 33.784518
  281 	 0.025518 	 3.011326 	 22.750128
  282 	 0.029493 	 2.801613 	 30.549420
  283 	 0.036486 	 3.923176 	 30.561473
  284 	 0.019175 	 3.965076 	 25.193513
  285 	 0.024559 	 4.012411 	 25.930365
  286 	 0.039692 	 2.725208 	 50.568960
  287 	 0.037196 	 3.810138 	 31.487023
  288 	 0.019773 	 3.564165 	 24.101137
  289 	 0.031755 	 4.294816 	 25.399418
  290 	 0.020037 	 2.940444 	 47.679507
  291 	 0.022939 	 3.481842 	 24.135676
  292 	 0.020972 	 4.016398 	 45.173537
  293 	 0.034054 	 5.177967 	 40.421792
  294 	 0.022120 	 2.715014 	 43.342151
  295 	 0.016274 	 3.973321 	 29.108621
  296 	 0.022218 	 4.120741 	 36.469529
  297 	 0.034353 	 5.468820 	 58.228016
  298 	 0.027420 	 4.141364 	 43.256054
  299 	 0.017171 	 4.698330 	 27.969652
  300 	 0.018061 	 4.129302 	 32.286363
  301 	 0.035748 	 4.143848 	 38.954649
  302 	 0.017181 	 4.071493 	 42.162642
  303 	 0.018568 	 4.604087 	 27.286482
  304 	 0.023717 	 4.291832 	 46.770152
  305 	 0.022209 	 4.075979 	 45.728166
  306 	 0.018003 	 4.000503 	 36.954834
  307 	 0.013893 	 5.213024 	 35.830764
  308 	 0.022659 	 4.703410 	 42.188247
  309 	 0.027903 	 4.063066 	 26.473078
  310 	 0.023700 	 4.105753 	 40.389427
  311 	 0.034928 	 3.931401 	 34.891790
  312 	 0.024741 	 4.274807 	 35.684950
  313 	 0.021993 	 3.988681 	 27.484082
  314 	 0.025980 	 4.359943 	 35.662527
  315 	 0.019714 	 4.493623 	 37.745495
  316 	 0.028036 	 3.109943 	 32.015100
  317 	 0.022498 	 4.421070 	 45.843115
  318 	 0.031232 	 3.811114 	 31.912020
  319 	 0.021813 	 4.654943 	 30.872818
  320 	 0.031318 	 2.968513 	 30.001162
  321 	 0.019813 	 3.235882 	 41.819083
  322 	 0.032708 	 4.420354 	 30.195135
  323 	 0.023911 	 4.884250 	 43.911698
  324 	 0.020317 	 3.127542 	 24.886263
  325 	 0.022772 	 3.336894 	 36.480992
  326 	 0.035900 	 3.832716 	 31.429239
  327 	 0.027392 	 4.233281 	 36.938417
  328 	 0.023850 	 3.248954 	 25.380556
  329 	 0.026059 	 3.536216 	 32.370385
  330 	 0.030126 	 4.492338 	 32.497395
  331 	 0.024769 	 4.491931 	 33.047633
  332 	 0.019248 	 3.339018 	 26.893443
  333 	 0.020568 	 4.665032 	 35.374131
  334 	 0.031638 	 4.601207 	 42.647805
  335 	 0.028266 	 3.978367 	 28.525916
  336 	 0.023445 	 3.323275 	 26.347574
  337 	 0.020952 	 3.454847 	 32.398544
  338 	 0.030744 	 3.863736 	 24.724732
  339 	 0.030847 	 4.541596 	 39.600691
  340 	 0.020929 	 2.950514 	 28.851314
  341 	 0.025249 	 3.442206 	 28.451803
  342 	 0.034655 	 3.442628 	 23.266311
  343 	 0.035145 	 3.618198 	 25.413675
  344 	 0.033301 	 2.655372 	 20.510692
  345 	 0.037301 	 3.398528 	 23.603708
  346 	 0.031305 	 3.590680 	 26.543145
  347 	 0.037176 	 2.731826 	 22.199547
  348 	 0.030443 	 2.445597 	 20.816669
  349 	 0.019585 	 3.528838 	 24.051982
  350 	 0.030935 	 3.226870 	 25.234260
  351 	 0.022270 	 3.292010 	 43.696771
  352 	 0.031472 	 3.422677 	 24.548873
  353 	 0.022822 	 3.520358 	 42.248233
  354 	 0.021315 	 3.102884 	 26.441529
  355 	 0.022860 	 3.223883 	 30.834405
  356 	 0.031039 	 2.897248 	 37.572971
  357 	 0.026726 	 4.300742 	 41.220169
  358 	 0.026297 	 4.084088 	 28.059342
  359 	 0.024257 	 2.743397 	 20.398504
  360 	 0.035636 	 2.182398 	 18.501271
  361 	 0.035870 	 3.436888 	 27.131498
  362 	 0.035781 	 3.271644 	 20.269585
  363 	 0.020394 	 3.395661 	 21.670982
  364 	 0.034032 	 2.710785 	 21.209614
  365 	 0.033412 	 3.283620 	 27.052654
  366 	 0.030921 	 3.065264 	 23.187628
  367 	 0.030311 	 3.129025 	 21.733293
  368 	 0.036274 	 3.017007 	 23.968821
  369 	 0.036426 	 4.208311 	 28.002385
  370 	 0.029301 	 2.977424 	 21.586576
  371 	 0.031806 	 2.824600 	 23.908339
  372 	 0.036497 	 2.893307 	 29.069105
  373 	 0.038197 	 3.132778 	 21.849739
  374 	 0.027307 	 2.837995 	 18.482029
  375 	 0.032353 	 3.130999 	 21.232964
  376 	 0.027874 	 2.775921 	 23.100820
  377 	 0.028167 	 3.708048 	 26.986355
  378 	 0.036580 	 2.696055 	 17.101741
  379 	 0.025401 	 3.295630 	 25.531404
  380 	 0.026401 	 2.779815 	 25.265587
  381 	 0.030666 	 2.786132 	 32.466053
  382 	 0.039559 	 3.010408 	 31.445227
  383 	 0.019438 	 3.107503 	 24.000628
  384 	 0.031798 	 2.541188 	 22.391717
  385 	 0.031347 	 2.735325 	 40.261016
  386 	 0.035144 	 2.541250 	 20.165567
  387 	 0.024835 	 3.095941 	 27.895939
  388 	 0.034367 	 2.101443 	 19.126401
  389 	 0.031272 	 2.561742 	 33.074455
  390 	 0.031185 	 2.871594 	 24.268710
  391 	 0.030230 	 3.162251 	 26.474886
  392 	 0.026318 	 2.430469 	 27.559803
  393 	 0.018760 	 2.708607 	 26.433950
  394 	 0.036281 	 3.969628 	 33.976638
  395 	 0.028206 	 3.585110 	 27.900461
  396 	 0.016641 	 2.701289 	 23.715547
  397 	 0.020563 	 2.490750 	 28.404373
  398 	 0.038794 	 3.193447 	 49.649258
  399 	 0.032813 	 3.346254 	 24.435958
 