   0 	 0.015315 	 0.059819 	 0.257036
    1 	 0.015315 	 0.102728 	 0.419147
    2 	 0.018344 	 0.167965 	 0.529021
    3 	 0.029416 	 0.201757 	 0.678128
    4 	 0.034749 	 0.346874 	 2.744174
    5 	 0.034226 	 0.687889 	 4.927845
    6 	 0.033707 	 1.344176 	 10.561755
    7 	 0.026606 	 1.544197 	 8.221083
    8 	 0.033116 	 1.550628 	 14.371013
    9 	 0.031480 	 1.451126 	 17.034022
   10 	 0.023858 	 1.459987 	 14.205922
   11 	 0.031306 	 1.622161 	 10.082695
   12 	 0.019283 	 1.862732 	 16.678287
   13 	 0.033937 	 1.685501 	 14.835517
   14 	 0.035926 	 2.016719 	 18.422037
   15 	 0.036737 	 1.733420 	 6.038786
   16 	 0.038880 	 1.558841 	 12.949093
   17 	 0.032617 	 1.737589 	 20.036546
   18 	 0.042234 	 1.572194 	 12.471944
   19 	 0.031015 	 1.789565 	 13.982723
   20 	 0.038428 	 1.734065 	 10.511466
   21 	 0.033541 	 1.537957 	 11.916797
   22 	 0.037931 	 1.456476 	 13.618723
   23 	 0.038025 	 1.531902 	 11.358305
   24 	 0.038307 	 1.711319 	 8.445223
   25 	 0.035961 	 1.893628 	 12.317162
   26 	 0.035752 	 1.479963 	 10.630773
   27 	 0.038790 	 1.306698 	 7.198863
   28 	 0.035766 	 1.540651 	 5.758011
   29 	 0.030658 	 1.761391 	 10.583105
   30 	 0.037317 	 1.591906 	 10.642895
   31 	 0.039489 	 1.677636 	 14.979545
   32 	 0.038485 	 1.502801 	 13.401835
   33 	 0.025165 	 1.604924 	 11.074258
   34 	 0.037446 	 1.390370 	 5.898462
   35 	 0.037616 	 1.759120 	 14.086991
   36 	 0.035069 	 1.352748 	 13.098350
   37 	 0.036002 	 1.564583 	 10.028485
   38 	 0.035485 	 1.609263 	 12.395419
   39 	 0.038296 	 2.001726 	 13.350861
   40 	 0.040430 	 1.590883 	 10.883235
   41 	 0.037500 	 1.618202 	 13.532599
   42 	 0.028342 	 1.728934 	 8.618438
   43 	 0.036892 	 1.831621 	 13.793096
   44 	 0.032188 	 1.555388 	 12.197727
   45 	 0.035685 	 1.344181 	 8.889506
   46 	 0.037269 	 1.857810 	 13.325367
   47 	 0.040082 	 1.882971 	 13.324452
   48 	 0.035734 	 1.535432 	 13.555754
   49 	 0.038454 	 1.530929 	 12.425218
   50 	 0.026339 	 1.859678 	 12.802434
   51 	 0.025982 	 1.555962 	 9.565829
   52 	 0.036618 	 1.350508 	 15.639812
   53 	 0.041087 	 1.740096 	 22.947883
   54 	 0.046023 	 2.084532 	 10.526765
   55 	 0.033823 	 1.399962 	 12.888772
   56 	 0.028991 	 1.188309 	 7.998508
   57 	 0.020295 	 1.813975 	 23.908151
   58 	 0.036567 	 2.178088 	 28.909660
   59 	 0.041817 	 1.980856 	 22.086303
   60 	 0.034543 	 1.146914 	 8.979290
   61 	 0.037916 	 1.449340 	 8.786715
   62 	 0.037115 	 2.149677 	 13.591376
   63 	 0.036472 	 2.317499 	 22.739054
   64 	 0.037969 	 1.723281 	 23.411030
   65 	 0.035781 	 1.460649 	 12.858154
   66 	 0.040092 	 1.918221 	 12.615320
   67 	 0.019251 	 1.895984 	 10.415947
   68 	 0.034627 	 1.828429 	 22.425460
   69 	 0.034327 	 2.007271 	 21.777711
   70 	 0.043487 	 1.967933 	 13.845346
   71 	 0.039054 	 1.935228 	 13.549249
   72 	 0.036397 	 1.698309 	 18.989819
   73 	 0.025519 	 1.786409 	 12.585842
   74 	 0.044039 	 1.774510 	 19.686131
   75 	 0.036882 	 1.952063 	 32.553399
   76 	 0.035194 	 1.852458 	 13.278063
   77 	 0.030715 	 2.071055 	 23.022046
   78 	 0.048646 	 2.119676 	 23.151131
   79 	 0.034990 	 1.879807 	 26.099202
   80 	 0.036547 	 2.079265 	 16.598740
   81 	 0.038298 	 3.143686 	 24.881740
   82 	 0.037992 	 2.032317 	 21.131500
   83 	 0.035078 	 1.519124 	 21.414051
   84 	 0.047311 	 2.587041 	 23.032596
   85 	 0.038920 	 3.427435 	 22.810025
   86 	 0.036350 	 1.827256 	 18.247571
   87 	 0.032171 	 1.831806 	 21.404156
   88 	 0.037107 	 2.845270 	 22.653730
   89 	 0.036508 	 3.287776 	 25.018176
   90 	 0.021720 	 2.253782 	 24.445954
   91 	 0.036454 	 1.939776 	 21.830462
   92 	 0.029737 	 3.603910 	 36.873124
   93 	 0.035448 	 2.888980 	 24.417857
   94 	 0.027117 	 2.093841 	 27.904022
   95 	 0.037514 	 2.584112 	 24.068579
   96 	 0.035776 	 3.590963 	 30.565427
   97 	 0.020481 	 3.298817 	 22.928580
   98 	 0.032278 	 2.189076 	 20.146054
   99 	 0.029321 	 2.573882 	 39.244742
  100 	 0.049374 	 3.030497 	 23.076962
  101 	 0.024365 	 3.093193 	 29.136895
  102 	 0.024604 	 2.116715 	 16.441483
  103 	 0.021772 	 2.832266 	 34.053594
  104 	 0.030757 	 3.377399 	 32.569514
  105 	 0.029361 	 3.109756 	 32.080186
  106 	 0.030667 	 3.042497 	 23.022997
  107 	 0.028085 	 3.775326 	 29.102590
  108 	 0.032934 	 2.879675 	 24.957985
  109 	 0.020998 	 2.871978 	 30.224932
  110 	 0.040059 	 2.849132 	 21.387411
  111 	 0.025127 	 3.854619 	 34.724158
  112 	 0.023909 	 2.498429 	 13.670307
  113 	 0.020722 	 2.946043 	 33.192971
  114 	 0.037638 	 2.742761 	 33.323761
  115 	 0.030122 	 3.531791 	 34.150124
  116 	 0.030004 	 3.153694 	 22.997402
  117 	 0.020477 	 2.976182 	 24.710228
  118 	 0.030796 	 2.781121 	 23.857428
  119 	 0.040277 	 3.518103 	 39.250741
  120 	 0.030872 	 2.847496 	 20.354994
  121 	 0.025474 	 2.995950 	 22.086459
  122 	 0.033977 	 2.812910 	 28.594676
  123 	 0.038091 	 3.044611 	 27.736250
  124 	 0.034953 	 3.690241 	 27.044063
  125 	 0.035511 	 2.930956 	 22.909662
  126 	 0.029535 	 3.076560 	 24.904616
  127 	 0.036113 	 3.088991 	 23.499366
  128 	 0.036346 	 3.494451 	 26.642139
  129 	 0.036617 	 2.904143 	 20.309093
  130 	 0.030540 	 3.439767 	 23.339137
  131 	 0.035822 	 2.230165 	 20.264768
  132 	 0.036244 	 2.723654 	 24.984142
  133 	 0.038586 	 3.248193 	 25.111894
  134 	 0.038452 	 3.934786 	 22.063576
  135 	 0.035475 	 2.117911 	 18.494750
  136 	 0.029913 	 2.334792 	 22.670087
  137 	 0.037235 	 4.027737 	 24.822248
  138 	 0.038062 	 4.427772 	 29.400656
  139 	 0.030300 	 2.468069 	 24.192847
  140 	 0.033964 	 2.449752 	 22.644073
  141 	 0.029926 	 3.269563 	 28.328956
  142 	 0.037769 	 3.571531 	 25.664855
  143 	 0.034636 	 2.501179 	 26.404882
  144 	 0.037879 	 3.118031 	 23.008891
  145 	 0.036611 	 3.349219 	 23.403068
  146 	 0.030235 	 3.634773 	 25.202255
  147 	 0.020310 	 2.630535 	 24.032370
  148 	 0.025226 	 3.358050 	 28.381120
  149 	 0.031539 	 3.632954 	 40.967368
  150 	 0.035230 	 4.153570 	 34.099651
  151 	 0.024402 	 2.992602 	 28.059000
  152 	 0.029320 	 2.981339 	 23.685810
  153 	 0.018396 	 3.378026 	 34.962070
  154 	 0.038613 	 4.547996 	 29.922064
  155 	 0.028582 	 3.246414 	 42.741863
  156 	 0.030749 	 2.729721 	 21.592721
  157 	 0.023394 	 4.046540 	 30.597803
  158 	 0.037030 	 4.156581 	 28.695599
  159 	 0.032677 	 2.752126 	 28.823400
  160 	 0.032851 	 2.648816 	 23.792258
  161 	 0.024738 	 3.052941 	 26.898525
  162 	 0.036118 	 3.479416 	 20.733172
  163 	 0.037054 	 3.205156 	 27.072493
  164 	 0.031058 	 3.537882 	 25.672701
  165 	 0.036917 	 3.362359 	 23.713220
  166 	 0.019347 	 3.361131 	 24.474634
  167 	 0.023491 	 2.765763 	 24.803169
  168 	 0.026264 	 4.234044 	 38.688744
  169 	 0.034152 	 3.380778 	 27.609735
  170 	 0.022385 	 3.257716 	 32.505668
  171 	 0.026765 	 2.585699 	 24.599080
  172 	 0.030659 	 3.791806 	 34.982908
  173 	 0.038842 	 3.999190 	 33.261117
  174 	 0.028567 	 3.051385 	 28.043550
  175 	 0.023929 	 2.712264 	 22.809199
  176 	 0.019138 	 3.978534 	 29.791125
  177 	 0.033720 	 3.762613 	 35.175770
  178 	 0.027120 	 3.187131 	 42.305055
  179 	 0.025533 	 2.942681 	 26.164276
  180 	 0.023636 	 3.533483 	 27.762154
  181 	 0.035440 	 3.970263 	 33.296310
  182 	 0.031979 	 3.254457 	 21.529867
  183 	 0.030017 	 3.345560 	 24.366325
  184 	 0.037478 	 3.005696 	 23.524581
  185 	 0.022365 	 3.654399 	 29.570942
  186 	 0.042489 	 2.694197 	 17.973308
  187 	 0.033808 	 3.811593 	 37.222448
  188 	 0.023817 	 3.005290 	 14.438778
  189 	 0.026863 	 3.473361 	 26.104154
  190 	 0.068448 	 3.303370 	 23.402393
  191 	 0.037707 	 3.370566 	 22.458346
  192 	 0.036025 	 2.693758 	 13.504803
  193 	 0.022378 	 3.380128 	 22.620864
  194 	 0.026688 	 3.107972 	 24.023929
  195 	 0.030536 	 3.148012 	 37.767601
  196 	 0.038024 	 2.636525 	 33.347188
  197 	 0.026472 	 3.355949 	 28.542447
  198 	 0.029881 	 3.714378 	 24.199150
  199 	 0.019061 	 3.503643 	 34.998731
  200 	 0.032925 	 2.706838 	 29.120035
  201 	 0.028566 	 3.868518 	 42.623862
  202 	 0.034317 	 3.777225 	 25.624445
  203 	 0.023458 	 3.219554 	 23.611464
  204 	 0.030277 	 2.776258 	 23.435955
  205 	 0.025548 	 3.534781 	 24.595619
  206 	 0.038767 	 3.967894 	 22.008472
  207 	 0.025564 	 3.554674 	 30.167911
  208 	 0.035849 	 2.223232 	 22.022190
  209 	 0.022087 	 3.968838 	 29.016152
  210 	 0.037320 	 4.105903 	 22.346914
  211 	 0.034456 	 3.414711 	 34.981387
  212 	 0.041272 	 2.546647 	 20.807744
  213 	 0.023894 	 3.740774 	 24.387968
  214 	 0.036126 	 3.452198 	 21.658021
  215 	 0.029219 	 3.062463 	 34.729710
  216 	 0.030573 	 2.585892 	 23.466198
  217 	 0.028789 	 2.886366 	 22.180739
  218 	 0.029982 	 2.712409 	 17.905066
  219 	 0.030546 	 2.708315 	 25.132458
  220 	 0.055829 	 2.617561 	 22.945362
  221 	 0.035647 	 2.872999 	 24.847311
  222 	 0.043565 	 2.328649 	 14.403291
  223 	 0.038506 	 3.204445 	 23.069824
  224 	 0.034374 	 2.146688 	 17.608988
  225 	 0.038705 	 2.534224 	 22.418263
  226 	 0.037889 	 2.595046 	 24.707032
  227 	 0.041044 	 2.685814 	 19.683129
  228 	 0.037962 	 2.276044 	 22.129213
  229 	 0.038673 	 2.053663 	 12.839333
  230 	 0.038986 	 2.363990 	 19.857892
  231 	 0.077803 	 2.494729 	 21.751967
  232 	 0.023393 	 2.189349 	 19.087576
  233 	 0.036249 	 1.953200 	 11.750433
  234 	 0.036047 	 2.994490 	 29.075403
  235 	 0.031313 	 2.409901 	 20.940438
  236 	 0.031928 	 2.079767 	 16.850071
  237 	 0.037954 	 2.111075 	 21.678583
  238 	 0.037431 	 3.038519 	 24.022137
  239 	 0.027466 	 2.885934 	 21.050032
  240 	 0.037164 	 2.399092 	 20.478632
  241 	 0.035973 	 2.793412 	 25.137701
  242 	 0.033504 	 2.636692 	 21.851233
  243 	 0.034565 	 2.705991 	 22.039378
  244 	 0.032702 	 2.087018 	 10.554701
  245 	 0.031374 	 2.505118 	 21.068824
  246 	 0.039649 	 2.940265 	 22.225931
  247 	 0.036795 	 2.808637 	 22.899216
  248 	 0.024497 	 2.204485 	 20.725825
  249 	 0.034850 	 2.924761 	 22.028925
  250 	 0.032723 	 2.377797 	 16.155990
  251 	 0.022982 	 2.312663 	 15.232039
  252 	 0.028412 	 2.555915 	 24.495889
  253 	 0.033698 	 3.307849 	 36.255506
  254 	 0.026933 	 2.577646 	 29.401351
  255 	 0.027580 	 2.169343 	 18.416770
  256 	 0.032971 	 2.322351 	 21.261723
  257 	 0.031437 	 3.416089 	 22.351946
  258 	 0.032981 	 3.688552 	 28.112773
  259 	 0.021245 	 2.609727 	 23.180633
  260 	 0.035568 	 2.622417 	 21.938936
  261 	 0.033814 	 3.364667 	 29.546132
  262 	 0.033962 	 2.932552 	 24.886190
  263 	 0.033831 	 2.637157 	 22.293992
  264 	 0.027863 	 2.323626 	 17.080216
  265 	 0.036114 	 3.238658 	 24.423855
  266 	 0.034191 	 2.213267 	 13.597092
  267 	 0.037473 	 2.834172 	 23.194437
  268 	 0.038063 	 2.958296 	 26.321832
  269 	 0.028912 	 3.083377 	 22.354082
  270 	 0.037978 	 1.990437 	 15.417141
  271 	 0.044729 	 3.164646 	 26.125940
  272 	 0.034098 	 2.777942 	 23.936189
  273 	 0.038269 	 2.284109 	 20.311749
  274 	 0.032462 	 2.390040 	 20.305353
  275 	 0.035553 	 2.928668 	 23.770479
  276 	 0.026151 	 2.913718 	 25.925536
  277 	 0.042062 	 2.326179 	 23.695208
  278 	 0.035555 	 2.610544 	 33.387649
  279 	 0.038081 	 2.612545 	 20.055229
  280 	 0.029940 	 3.188676 	 23.065416
  281 	 0.029566 	 2.649301 	 20.727414
  282 	 0.029250 	 2.944882 	 29.638475
  283 	 0.021439 	 3.248220 	 26.978990
  284 	 0.030264 	 3.315565 	 30.256715
  285 	 0.033941 	 3.428642 	 35.163202
  286 	 0.027249 	 3.308075 	 28.277327
  287 	 0.028428 	 2.858075 	 25.613924
  288 	 0.020532 	 3.276625 	 26.951196
  289 	 0.034176 	 3.457483 	 24.997248
  290 	 0.031066 	 2.731045 	 41.610459
  291 	 0.028722 	 2.569577 	 22.089863
  292 	 0.024028 	 4.124653 	 27.726940
  293 	 0.033666 	 4.094379 	 26.440755
  294 	 0.030621 	 2.612332 	 35.425319
  295 	 0.036821 	 2.525176 	 27.497853
  296 	 0.028224 	 4.268508 	 29.307560
  297 	 0.035898 	 3.732144 	 24.317831
  298 	 0.026845 	 2.896287 	 30.098323
  299 	 0.021374 	 2.030095 	 15.809938
  300 	 0.033221 	 3.681862 	 33.962020
  301 	 0.030185 	 3.584203 	 23.037484
  302 	 0.024586 	 2.687708 	 23.685110
  303 	 0.032358 	 2.822452 	 29.686970
  304 	 0.016772 	 3.637181 	 37.899429
  305 	 0.033679 	 3.127204 	 23.664399
  306 	 0.026382 	 4.237824 	 53.845705
  307 	 0.024768 	 3.016148 	 24.562768
  308 	 0.018571 	 4.306336 	 35.483783
  309 	 0.032063 	 3.848080 	 23.005403
  310 	 0.028180 	 3.708949 	 26.366619
  311 	 0.030986 	 3.647417 	 25.224193
  312 	 0.032002 	 3.548407 	 29.105137
  313 	 0.038385 	 3.701525 	 22.049524
  314 	 0.034352 	 3.694908 	 24.812419
  315 	 0.025406 	 4.108637 	 22.499350
  316 	 0.036182 	 3.244379 	 25.048864
  317 	 0.022055 	 4.361160 	 30.481783
  318 	 0.022047 	 3.602856 	 22.967935
  319 	 0.030972 	 3.070675 	 20.451739
  320 	 0.030775 	 4.265257 	 27.679400
  321 	 0.027081 	 4.857141 	 26.261386
  322 	 0.033956 	 3.569659 	 31.372189
  323 	 0.032519 	 3.524131 	 30.320034
  324 	 0.031873 	 4.484230 	 24.840981
  325 	 0.030804 	 4.454235 	 26.028941
  326 	 0.020680 	 3.126906 	 19.961403
  327 	 0.031568 	 3.150748 	 27.319546
  328 	 0.033439 	 4.299451 	 31.362128
  329 	 0.031913 	 4.538927 	 30.705281
  330 	 0.031849 	 3.989729 	 26.103599
  331 	 0.021819 	 3.980082 	 29.662449
  332 	 0.019398 	 4.320235 	 28.329961
  333 	 0.027176 	 4.668293 	 42.518320
  334 	 0.028424 	 4.366279 	 49.023632
  335 	 0.023518 	 4.600588 	 34.511249
  336 	 0.020398 	 3.858531 	 33.985633
  337 	 0.018634 	 3.367807 	 33.088435
  338 	 0.028109 	 4.332806 	 46.516194
  339 	 0.030210 	 4.720333 	 50.674534
  340 	 0.021497 	 3.816404 	 34.235586
  341 	 0.019691 	 2.468784 	 31.938575
  342 	 0.029204 	 3.530057 	 44.252873
  343 	 0.031273 	 3.883589 	 24.974655
  344 	 0.022591 	 3.395820 	 26.791578
  345 	 0.038344 	 2.935150 	 26.639578
  346 	 0.024220 	 3.754426 	 27.403991
  347 	 0.037525 	 3.703928 	 24.323836
  348 	 0.024555 	 3.589451 	 26.232844
  349 	 0.028685 	 3.068796 	 23.908941
  350 	 0.038083 	 3.366570 	 29.849703
  351 	 0.021946 	 4.427598 	 25.765958
  352 	 0.027558 	 3.730147 	 24.836687
  353 	 0.031694 	 3.267552 	 30.016742
  354 	 0.027504 	 2.716083 	 21.913517
  355 	 0.032561 	 3.703247 	 24.151298
  356 	 0.029802 	 3.942478 	 32.254034
  357 	 0.028138 	 3.183030 	 23.578843
  358 	 0.023190 	 2.691252 	 30.626614
  359 	 0.032303 	 3.728584 	 32.533130
  360 	 0.017674 	 3.430001 	 31.247233
  361 	 0.021877 	 2.879777 	 22.219141
  362 	 0.017494 	 3.453011 	 49.323181
  363 	 0.034690 	 4.088671 	 32.281766
  364 	 0.020272 	 4.200024 	 37.602135
  365 	 0.026301 	 3.243940 	 26.532043
  366 	 0.026592 	 2.304510 	 21.301225
  367 	 0.029135 	 3.562597 	 31.777699
  368 	 0.034980 	 4.258520 	 28.168215
  369 	 0.019602 	 4.712903 	 31.118500
  370 	 0.019768 	 4.181552 	 26.055541
  371 	 0.032134 	 3.434846 	 49.746352
  372 	 0.036787 	 4.654274 	 49.338275
  373 	 0.013200 	 4.548081 	 30.643091
  374 	 0.020268 	 3.415148 	 25.572955
  375 	 0.020001 	 3.893583 	 45.871666
  376 	 0.030707 	 4.632873 	 42.978360
  377 	 0.021799 	 4.553698 	 34.963755
  378 	 0.023267 	 4.044116 	 25.709532
  379 	 0.028594 	 3.678079 	 31.950619
  380 	 0.036966 	 3.555584 	 39.892760
  381 	 0.031297 	 4.676294 	 26.499243
  382 	 0.025063 	 4.081817 	 25.227528
  383 	 0.025667 	 4.716808 	 31.649027
  384 	 0.038217 	 3.836048 	 38.966790
  385 	 0.030714 	 3.833234 	 26.085087
  386 	 0.025657 	 3.982872 	 25.761818
  387 	 0.031616 	 5.042637 	 32.036576
  388 	 0.037008 	 4.204108 	 38.084757
  389 	 0.019236 	 3.610929 	 29.659670
  390 	 0.026256 	 3.616549 	 26.590060
  391 	 0.030432 	 4.005506 	 27.366660
  392 	 0.036399 	 3.963332 	 24.417837
  393 	 0.019795 	 4.023269 	 32.224377
  394 	 0.037039 	 2.861776 	 22.794098
  395 	 0.029440 	 3.485171 	 33.789961
  396 	 0.033038 	 4.008712 	 21.482901
  397 	 0.027378 	 3.771283 	 25.163595
  398 	 0.032272 	 2.496754 	 19.530461
  399 	 0.035986 	 3.368272 	 24.622383
 