   0 	 0.013863 	 0.092849 	 1.551832
    1 	 0.018749 	 0.448694 	 1.908398
    2 	 0.040574 	 0.888647 	 6.748264
    3 	 0.038006 	 1.202592 	 9.341053
    4 	 0.047779 	 0.966570 	 6.179460
    5 	 0.035062 	 0.944058 	 7.636474
    6 	 0.107862 	 1.177386 	 10.258652
    7 	 0.039749 	 1.401950 	 9.296966
    8 	 0.037663 	 1.084272 	 6.368142
    9 	 0.033664 	 0.989113 	 10.088032
   10 	 0.039371 	 1.222146 	 10.815097
   11 	 0.037733 	 1.442344 	 11.942486
   12 	 0.027707 	 1.289675 	 13.059764
   13 	 0.039025 	 1.535542 	 11.876953
   14 	 0.029741 	 1.260073 	 15.406681
   15 	 0.041520 	 1.416080 	 12.619171
   16 	 0.032922 	 2.255135 	 21.023153
   17 	 0.037296 	 1.928231 	 12.030772
   18 	 0.043077 	 1.617790 	 11.638966
   19 	 0.038002 	 1.256021 	 12.300731
   20 	 0.036386 	 1.822532 	 12.932481
   21 	 0.035754 	 1.801250 	 11.098588
   22 	 0.027301 	 1.565047 	 12.440065
   23 	 0.034987 	 1.592632 	 8.454419
   24 	 0.037518 	 2.313443 	 25.444669
   25 	 0.037121 	 1.762801 	 14.752145
   26 	 0.037019 	 1.919918 	 22.362563
   27 	 0.037000 	 2.075012 	 24.276275
   28 	 0.038133 	 2.105966 	 14.745196
   29 	 0.035838 	 1.983440 	 18.314980
   30 	 0.032641 	 2.169020 	 19.421999
   31 	 0.033103 	 1.707735 	 15.470902
   32 	 0.051419 	 2.024572 	 20.902617
   33 	 0.036986 	 2.535484 	 24.748297
   34 	 0.036790 	 2.103562 	 16.634562
   35 	 0.040133 	 2.055131 	 21.003252
   36 	 0.036985 	 2.565138 	 23.590574
   37 	 0.026665 	 2.518269 	 19.125057
   38 	 0.033283 	 2.235487 	 21.704996
   39 	 0.025709 	 1.713231 	 22.338861
   40 	 0.034805 	 2.746422 	 22.119297
   41 	 0.038207 	 2.737293 	 29.146629
   42 	 0.037065 	 2.579944 	 23.307235
   43 	 0.025790 	 2.077386 	 21.339691
   44 	 0.031275 	 2.707358 	 18.734570
   45 	 0.038282 	 2.396764 	 21.371716
   46 	 0.036608 	 2.420986 	 17.533727
   47 	 0.029716 	 2.044829 	 21.938314
   48 	 0.038691 	 2.470922 	 19.917219
   49 	 0.037286 	 2.445664 	 18.581889
   50 	 0.036866 	 2.489791 	 19.087268
   51 	 0.036628 	 1.841856 	 15.579742
   52 	 0.038445 	 2.059564 	 19.826746
   53 	 0.026277 	 2.469287 	 19.869636
   54 	 0.029850 	 2.383659 	 15.139279
   55 	 0.032722 	 2.114873 	 23.597766
   56 	 0.035754 	 1.900423 	 18.763894
   57 	 0.035514 	 2.284661 	 18.723597
   58 	 0.036700 	 2.100515 	 14.304774
   59 	 0.024392 	 1.763712 	 19.487668
   60 	 0.035220 	 2.192031 	 19.342437
   61 	 0.037729 	 2.214665 	 24.880365
   62 	 0.025627 	 2.403263 	 18.560307
   63 	 0.036250 	 1.568514 	 18.893135
   64 	 0.038210 	 2.315483 	 18.933782
   65 	 0.030351 	 2.554685 	 20.181720
   66 	 0.029836 	 2.438287 	 18.412835
   67 	 0.038813 	 1.730146 	 19.188713
   68 	 0.032796 	 2.599250 	 22.799448
   69 	 0.052099 	 2.013906 	 15.241512
   70 	 0.038606 	 3.022831 	 22.423565
   71 	 0.065363 	 1.848818 	 12.978515
   72 	 0.034986 	 1.697358 	 18.279682
   73 	 0.029738 	 1.750583 	 10.176785
   74 	 0.054665 	 3.348608 	 23.931502
   75 	 0.033990 	 2.620642 	 26.152181
   76 	 0.022966 	 1.529866 	 14.648891
   77 	 0.035535 	 2.022113 	 24.697549
   78 	 0.035301 	 4.280183 	 33.483237
   79 	 0.036696 	 2.858959 	 22.370508
   80 	 0.029847 	 1.958604 	 23.272677
   81 	 0.034276 	 2.087961 	 21.300344
   82 	 0.032733 	 3.822225 	 32.208801
   83 	 0.029820 	 3.305148 	 27.359822
   84 	 0.026007 	 2.071042 	 24.643737
   85 	 0.036525 	 2.224875 	 24.027026
   86 	 0.029091 	 4.348955 	 33.549356
   87 	 0.030874 	 2.929158 	 20.356339
   88 	 0.027626 	 2.153776 	 24.775713
   89 	 0.037019 	 2.518674 	 31.472095
   90 	 0.027239 	 3.893428 	 22.658155
   91 	 0.031763 	 3.038125 	 21.044038
   92 	 0.038150 	 3.133176 	 35.538289
   93 	 0.032036 	 2.539762 	 30.615606
   94 	 0.028128 	 3.288364 	 20.839345
   95 	 0.032662 	 2.351531 	 15.157732
   96 	 0.034485 	 3.155822 	 33.707860
   97 	 0.038390 	 1.935176 	 22.746859
   98 	 0.029642 	 2.930906 	 21.103864
   99 	 0.038097 	 2.838626 	 24.436858
  100 	 0.035543 	 2.959165 	 31.721665
  101 	 0.032070 	 2.184485 	 20.451234
  102 	 0.031524 	 2.255139 	 14.129834
  103 	 0.036157 	 2.813053 	 18.414759
  104 	 0.038603 	 3.442158 	 24.089431
  105 	 0.027608 	 2.241949 	 20.691913
  106 	 0.029926 	 2.140701 	 20.831961
  107 	 0.034314 	 2.649687 	 21.688133
  108 	 0.035463 	 3.820124 	 27.680673
  109 	 0.036936 	 2.636485 	 22.875800
  110 	 0.019601 	 2.554053 	 23.308591
  111 	 0.034487 	 2.253094 	 21.002382
  112 	 0.019044 	 3.301151 	 26.245912
  113 	 0.030846 	 3.292021 	 22.788894
  114 	 0.016803 	 2.793070 	 23.600685
  115 	 0.031711 	 2.512493 	 21.859941
  116 	 0.021059 	 3.006673 	 31.149961
  117 	 0.036475 	 3.275582 	 30.292808
  118 	 0.030166 	 3.686954 	 44.725311
  119 	 0.032913 	 2.974118 	 26.402469
  120 	 0.022357 	 3.504887 	 30.216932
  121 	 0.020331 	 2.220930 	 22.274361
  122 	 0.033092 	 2.671747 	 19.044870
  123 	 0.037014 	 2.387234 	 19.016228
  124 	 0.038547 	 3.590282 	 26.356295
  125 	 0.036046 	 3.394316 	 25.115309
  126 	 0.033389 	 2.912860 	 19.255106
  127 	 0.038110 	 2.044665 	 17.198048
  128 	 0.035426 	 3.362044 	 28.098908
  129 	 0.032622 	 3.956969 	 24.380545
  130 	 0.028480 	 3.450687 	 26.221550
  131 	 0.038989 	 2.585864 	 24.987681
  132 	 0.038130 	 4.116899 	 34.152467
  133 	 0.032775 	 3.039427 	 24.576809
  134 	 0.029226 	 2.942752 	 23.984913
  135 	 0.021997 	 2.767491 	 23.166452
  136 	 0.038156 	 3.215839 	 29.563391
  137 	 0.035230 	 2.925161 	 37.598094
  138 	 0.033659 	 3.001881 	 23.430828
  139 	 0.023175 	 3.577251 	 26.433827
  140 	 0.042650 	 2.900039 	 25.934222
  141 	 0.036555 	 2.871391 	 31.775265
  142 	 0.033537 	 2.671306 	 19.704412
  143 	 0.020351 	 4.678033 	 25.899677
  144 	 0.037488 	 3.641354 	 26.221464
  145 	 0.022128 	 3.192533 	 31.200351
  146 	 0.027183 	 2.944209 	 25.429459
  147 	 0.029148 	 4.738854 	 42.683654
  148 	 0.032425 	 3.589119 	 25.358302
  149 	 0.023426 	 4.144676 	 32.842688
  150 	 0.018681 	 3.574665 	 24.752613
  151 	 0.030440 	 4.068955 	 28.192401
  152 	 0.022941 	 3.490041 	 25.042071
  153 	 0.022965 	 3.892742 	 29.869485
  154 	 0.029205 	 4.372024 	 31.571198
  155 	 0.033478 	 4.575197 	 27.452970
  156 	 0.028816 	 4.002956 	 27.910710
  157 	 0.031527 	 2.659025 	 28.671007
  158 	 0.035817 	 4.034158 	 33.095219
  159 	 0.034730 	 4.297689 	 26.202724
  160 	 0.019678 	 3.572864 	 21.923844
  161 	 0.038152 	 2.663601 	 22.107306
  162 	 0.023197 	 2.519607 	 19.634304
  163 	 0.045159 	 3.168672 	 16.469243
  164 	 0.034381 	 2.915242 	 16.787177
  165 	 0.031031 	 2.121076 	 18.228423
  166 	 0.028348 	 2.429444 	 20.473313
  167 	 0.023059 	 3.377844 	 21.391658
  168 	 0.025494 	 3.330052 	 35.028248
  169 	 0.037403 	 2.696281 	 21.762861
  170 	 0.024405 	 2.541396 	 28.413945
  171 	 0.038631 	 3.578399 	 21.291300
  172 	 0.035141 	 3.123855 	 29.321587
  173 	 0.031773 	 2.705109 	 19.557648
  174 	 0.034080 	 2.768052 	 22.078411
  175 	 0.024434 	 3.353147 	 21.991094
  176 	 0.030427 	 2.665287 	 22.789213
  177 	 0.022271 	 3.000242 	 32.016497
  178 	 0.029939 	 2.817350 	 21.482384
  179 	 0.029773 	 3.140706 	 31.180726
  180 	 0.019386 	 2.068576 	 18.635779
  181 	 0.030326 	 3.188010 	 24.675515
  182 	 0.032875 	 2.917207 	 20.162786
  183 	 0.021131 	 2.544845 	 23.295671
  184 	 0.022874 	 2.642889 	 22.237593
  185 	 0.019166 	 3.486572 	 26.697252
  186 	 0.037457 	 3.466997 	 40.527880
  187 	 0.037456 	 2.983305 	 24.321407
  188 	 0.024669 	 2.621849 	 25.935860
  189 	 0.036633 	 3.005212 	 22.544697
  190 	 0.026253 	 3.988278 	 31.445764
  191 	 0.024234 	 3.112030 	 23.972171
  192 	 0.024916 	 2.898274 	 37.239827
  193 	 0.021282 	 3.158757 	 29.382280
  194 	 0.025582 	 4.453205 	 28.756394
  195 	 0.031978 	 3.140386 	 30.504709
  196 	 0.021055 	 3.020903 	 23.265515
  197 	 0.032301 	 3.840653 	 27.950041
  198 	 0.021197 	 3.816637 	 26.208953
  199 	 0.034514 	 2.865282 	 22.596559
  200 	 0.030338 	 3.913833 	 32.157731
  201 	 0.038678 	 3.285251 	 25.927524
  202 	 0.031087 	 3.377051 	 24.610045
  203 	 0.036858 	 2.684827 	 21.031429
  204 	 0.031046 	 3.567293 	 28.996280
  205 	 0.036652 	 3.050803 	 21.996258
  206 	 0.034478 	 2.784097 	 26.633753
  207 	 0.037775 	 2.597315 	 21.219801
  208 	 0.028444 	 3.005541 	 20.733939
  209 	 0.029498 	 2.887094 	 22.124876
  210 	 0.025545 	 2.580615 	 26.347918
  211 	 0.031435 	 2.412198 	 31.252350
  212 	 0.031538 	 2.514097 	 18.955290
  213 	 0.030828 	 3.395458 	 29.467694
  214 	 0.017896 	 2.841720 	 25.183186
  215 	 0.032292 	 2.275326 	 19.073772
  216 	 0.030701 	 2.236693 	 25.142347
  217 	 0.027578 	 2.930046 	 26.309871
  218 	 0.037057 	 3.288464 	 27.867671
  219 	 0.037996 	 2.915780 	 22.895075
  220 	 0.020061 	 1.896548 	 24.297234
  221 	 0.019529 	 2.800323 	 21.745898
  222 	 0.032141 	 3.432821 	 25.360428
  223 	 0.043160 	 3.591775 	 26.972297
  224 	 0.034860 	 2.546423 	 28.867196
  225 	 0.025460 	 2.487489 	 18.524513
  226 	 0.032675 	 2.699335 	 21.955473
  227 	 0.040048 	 2.966173 	 29.797449
  228 	 0.026637 	 2.890904 	 27.350331
  229 	 0.024467 	 1.804382 	 8.843861
  230 	 0.030765 	 2.463427 	 14.037444
  231 	 0.034626 	 3.177250 	 25.220164
  232 	 0.036253 	 2.706464 	 29.355410
  233 	 0.033925 	 2.639876 	 25.163579
  234 	 0.029916 	 2.242234 	 12.315611
  235 	 0.033147 	 2.986932 	 25.692665
  236 	 0.033024 	 3.191613 	 29.398207
  237 	 0.038450 	 2.652987 	 22.354596
  238 	 0.029915 	 3.640990 	 26.299008
  239 	 0.031689 	 3.365941 	 23.193556
  240 	 0.038013 	 2.895289 	 27.386142
  241 	 0.034795 	 2.900253 	 23.929945
  242 	 0.019100 	 4.182139 	 22.052806
  243 	 0.035540 	 3.953235 	 25.710066
  244 	 0.038516 	 1.970731 	 25.056848
  245 	 0.019552 	 2.459487 	 23.288168
  246 	 0.036879 	 3.980462 	 19.901750
  247 	 0.038595 	 3.927246 	 24.182496
  248 	 0.022052 	 2.111556 	 22.584077
  249 	 0.020043 	 2.339881 	 22.841126
  250 	 0.038672 	 3.076184 	 20.641661
  251 	 0.036307 	 3.502814 	 23.417653
  252 	 0.024237 	 2.119430 	 16.110408
  253 	 0.036464 	 1.877982 	 24.267878
  254 	 0.031651 	 2.380934 	 20.250879
  255 	 0.030204 	 3.352052 	 19.080672
  256 	 0.033637 	 3.323461 	 27.437859
  257 	 0.038340 	 2.394461 	 28.405892
  258 	 0.033030 	 2.324131 	 23.791506
  259 	 0.035010 	 2.829791 	 15.200140
  260 	 0.023836 	 3.479438 	 25.706957
  261 	 0.037938 	 2.746301 	 25.766329
  262 	 0.032144 	 2.668546 	 34.678560
  263 	 0.019236 	 3.112243 	 25.516602
  264 	 0.028817 	 3.860816 	 28.781921
  265 	 0.026915 	 3.229808 	 28.369931
  266 	 0.018413 	 2.983877 	 23.844112
  267 	 0.035222 	 2.907025 	 26.656274
  268 	 0.023289 	 3.564824 	 30.938829
  269 	 0.032805 	 3.062856 	 23.127353
  270 	 0.030692 	 3.078306 	 38.775822
  271 	 0.036521 	 2.476343 	 28.324513
  272 	 0.025785 	 2.954421 	 23.019796
  273 	 0.035302 	 3.022002 	 27.232495
  274 	 0.028252 	 2.503972 	 21.220243
  275 	 0.028830 	 2.290056 	 25.647837
  276 	 0.033844 	 3.178156 	 32.412891
  277 	 0.038012 	 2.617650 	 30.275030
  278 	 0.030842 	 2.830501 	 27.141539
  279 	 0.017863 	 2.047679 	 14.733805
  280 	 0.018705 	 2.473799 	 29.902643
  281 	 0.032470 	 1.932388 	 21.836971
  282 	 0.033414 	 2.547060 	 25.395110
  283 	 0.025874 	 3.021512 	 29.524280
  284 	 0.037454 	 2.486341 	 28.724125
  285 	 0.029249 	 2.250417 	 25.389025
  286 	 0.034333 	 2.789112 	 26.278349
  287 	 0.021815 	 3.285833 	 29.960802
  288 	 0.022781 	 2.514721 	 25.751611
  289 	 0.033371 	 2.622765 	 24.942447
  290 	 0.038802 	 3.588523 	 38.195504
  291 	 0.031439 	 3.927648 	 28.513635
  292 	 0.026180 	 2.609579 	 23.459988
  293 	 0.032999 	 3.238157 	 27.518804
  294 	 0.017879 	 3.362230 	 32.594596
  295 	 0.036334 	 3.247840 	 27.196927
  296 	 0.023840 	 3.631815 	 46.127017
  297 	 0.034616 	 3.820614 	 25.574998
  298 	 0.021672 	 4.340509 	 28.061119
  299 	 0.020380 	 3.943578 	 25.052380
  300 	 0.035635 	 3.434158 	 42.785385
  301 	 0.019936 	 3.597981 	 45.288941
  302 	 0.023366 	 3.447101 	 26.784530
  303 	 0.022080 	 4.126459 	 30.454442
  304 	 0.021467 	 3.509560 	 25.181667
  305 	 0.028825 	 3.435068 	 42.051768
  306 	 0.036642 	 3.528781 	 43.164503
  307 	 0.023774 	 4.121588 	 32.759764
  308 	 0.023163 	 3.530664 	 24.167134
  309 	 0.018797 	 2.952198 	 34.875007
  310 	 0.035634 	 3.729548 	 40.220306
  311 	 0.028623 	 4.720373 	 50.006266
  312 	 0.024858 	 3.849424 	 24.866490
  313 	 0.019997 	 2.617500 	 33.530956
  314 	 0.026180 	 3.171451 	 37.652991
  315 	 0.028368 	 4.601094 	 47.176906
  316 	 0.025417 	 4.072518 	 27.041981
  317 	 0.021196 	 3.122688 	 27.043659
  318 	 0.020736 	 3.219974 	 28.235066
  319 	 0.030562 	 4.786783 	 41.499947
  320 	 0.035409 	 5.268475 	 46.433788
  321 	 0.019395 	 2.661325 	 30.338197
  322 	 0.020722 	 2.566835 	 26.448609
  323 	 0.032959 	 3.990003 	 29.666029
  324 	 0.035570 	 4.994107 	 41.379020
  325 	 0.024899 	 2.513306 	 26.413697
  326 	 0.024164 	 3.154521 	 23.998024
  327 	 0.036735 	 3.233794 	 26.450761
  328 	 0.028684 	 3.828308 	 33.010177
  329 	 0.021085 	 2.734928 	 24.535832
  330 	 0.024896 	 3.304910 	 24.228943
  331 	 0.036225 	 2.996545 	 38.483825
  332 	 0.035526 	 2.983073 	 22.224291
  333 	 0.025982 	 2.567537 	 22.910248
  334 	 0.031967 	 3.151622 	 21.352990
  335 	 0.037635 	 3.512174 	 28.917064
  336 	 0.031255 	 2.892554 	 29.702859
  337 	 0.034578 	 2.615324 	 25.358804
  338 	 0.031089 	 3.871018 	 25.857047
  339 	 0.031971 	 2.935579 	 22.826945
  340 	 0.037898 	 2.740814 	 22.504452
  341 	 0.031880 	 2.900123 	 27.121457
  342 	 0.038241 	 3.165327 	 22.170154
  343 	 0.036845 	 3.114371 	 27.189037
  344 	 0.036450 	 3.469654 	 25.040271
  345 	 0.036759 	 2.374079 	 23.562632
  346 	 0.020815 	 3.429571 	 25.819124
  347 	 0.036958 	 3.399734 	 26.001813
  348 	 0.020567 	 3.509773 	 30.755255
  349 	 0.038452 	 2.358760 	 22.661890
  350 	 0.031516 	 3.570646 	 45.941661
  351 	 0.044123 	 3.399659 	 24.905595
  352 	 0.021766 	 3.707771 	 30.566495
  353 	 0.040144 	 2.234480 	 21.823257
  354 	 0.019737 	 3.058210 	 42.614953
  355 	 0.034326 	 3.391542 	 23.329894
  356 	 0.023465 	 3.084490 	 29.057700
  357 	 0.031033 	 2.788744 	 27.758011
  358 	 0.018159 	 3.211367 	 32.610477
  359 	 0.036016 	 3.691136 	 30.550033
  360 	 0.030543 	 2.959766 	 39.433949
  361 	 0.032725 	 2.662664 	 23.971435
  362 	 0.025353 	 3.467308 	 26.495087
  363 	 0.021168 	 3.369390 	 24.043161
  364 	 0.035016 	 2.684188 	 30.613001
  365 	 0.035991 	 2.366441 	 25.209058
  366 	 0.026658 	 3.763337 	 27.920656
  367 	 0.033958 	 3.081985 	 21.870147
  368 	 0.031385 	 2.691902 	 25.279143
  369 	 0.035476 	 2.979103 	 23.441966
  370 	 0.031662 	 2.776639 	 19.243217
  371 	 0.020551 	 3.022461 	 21.072494
  372 	 0.022859 	 3.143698 	 23.945026
  373 	 0.027306 	 2.833311 	 27.062682
  374 	 0.041348 	 3.337035 	 33.603470
  375 	 0.036941 	 2.740893 	 29.234461
  376 	 0.029741 	 2.858701 	 19.940068
  377 	 0.030622 	 2.901445 	 24.703200
  378 	 0.038583 	 2.877451 	 23.551877
  379 	 0.039143 	 3.393441 	 30.282517
  380 	 0.039084 	 2.835385 	 21.284114
  381 	 0.033009 	 3.044713 	 24.071447
  382 	 0.037449 	 2.655641 	 22.624903
  383 	 0.019173 	 2.383439 	 15.095872
  384 	 0.035912 	 3.081181 	 25.132370
  385 	 0.030188 	 4.064468 	 44.301036
  386 	 0.028241 	 2.250625 	 22.567055
  387 	 0.022569 	 2.668021 	 28.178636
  388 	 0.032106 	 4.202639 	 23.095102
  389 	 0.026807 	 3.487388 	 28.435941
  390 	 0.037411 	 2.532474 	 25.441424
  391 	 0.030432 	 3.315162 	 29.667123
  392 	 0.035758 	 3.645512 	 21.450113
  393 	 0.028129 	 3.071850 	 20.839498
  394 	 0.037315 	 2.462144 	 24.531873
  395 	 0.038263 	 3.835493 	 33.081057
  396 	 0.035943 	 3.242526 	 20.530480
  397 	 0.030211 	 2.948410 	 20.507306
  398 	 0.028314 	 3.537110 	 24.722748
  399 	 0.021696 	 3.051293 	 18.964598
 