   0 	 0.015967 	 0.096498 	 1.877935
    1 	 0.020010 	 0.459375 	 2.339180
    2 	 0.020317 	 1.028076 	 6.287028
    3 	 0.043694 	 1.090666 	 6.265679
    4 	 0.035468 	 0.955866 	 10.251594
    5 	 0.040265 	 0.978312 	 6.002605
    6 	 0.037229 	 1.286569 	 6.189337
    7 	 0.106917 	 1.187348 	 5.525477
    8 	 0.036608 	 0.955262 	 6.141543
    9 	 0.036491 	 1.019645 	 4.351298
   10 	 0.043612 	 1.406684 	 6.225341
   11 	 0.036842 	 1.152005 	 6.199235
   12 	 0.029277 	 0.981120 	 5.962616
   13 	 0.036356 	 1.067128 	 6.198012
   14 	 0.036681 	 1.236955 	 6.231787
   15 	 0.039713 	 1.194980 	 6.172465
   16 	 0.035818 	 1.332586 	 22.851766
   17 	 0.094509 	 1.118097 	 4.199008
   18 	 0.035424 	 1.273087 	 9.044098
   19 	 0.034744 	 1.395113 	 10.171961
   20 	 0.035150 	 2.181721 	 25.222572
   21 	 0.030548 	 2.347095 	 25.944522
   22 	 0.032084 	 1.863591 	 26.212216
   23 	 0.019284 	 2.060455 	 29.897474
   24 	 0.037564 	 3.038471 	 28.502637
   25 	 0.031232 	 3.612024 	 47.654561
   26 	 0.035077 	 2.190123 	 24.175535
   27 	 0.020187 	 2.465640 	 27.003315
   28 	 0.035152 	 3.255396 	 27.414641
   29 	 0.032749 	 3.828190 	 44.677375
   30 	 0.036472 	 2.749060 	 27.006637
   31 	 0.022382 	 2.796541 	 27.360501
   32 	 0.036507 	 3.730591 	 25.130939
   33 	 0.028211 	 2.651027 	 27.111069
   34 	 0.034679 	 3.458647 	 24.809314
   35 	 0.029577 	 2.941966 	 26.445325
   36 	 0.033322 	 3.811926 	 27.716659
   37 	 0.037804 	 3.297769 	 29.960835
   38 	 0.036070 	 2.653159 	 21.086850
   39 	 0.019176 	 2.817074 	 22.725270
   40 	 0.036862 	 3.307372 	 23.657277
   41 	 0.021693 	 3.735998 	 39.407743
   42 	 0.022422 	 2.665325 	 23.061458
   43 	 0.025372 	 3.331772 	 23.982001
   44 	 0.036719 	 3.194617 	 25.654878
   45 	 0.019282 	 4.019057 	 31.375755
   46 	 0.035656 	 3.002230 	 24.585076
   47 	 0.031868 	 3.780834 	 46.121734
   48 	 0.021857 	 3.147429 	 26.276856
   49 	 0.021678 	 4.622370 	 25.045495
   50 	 0.030206 	 3.323304 	 35.642131
   51 	 0.037158 	 3.721305 	 36.658973
   52 	 0.028052 	 3.689737 	 29.845131
   53 	 0.027274 	 4.568275 	 22.905314
   54 	 0.033494 	 3.681009 	 29.715682
   55 	 0.035699 	 2.852839 	 29.608706
   56 	 0.033647 	 3.206154 	 24.695027
   57 	 0.033719 	 3.846366 	 19.646587
   58 	 0.030181 	 3.280691 	 25.479551
   59 	 0.026656 	 2.752174 	 25.051028
   60 	 0.030613 	 2.993366 	 27.261793
   61 	 0.037943 	 3.329902 	 23.605643
   62 	 0.036397 	 3.679536 	 26.376046
   63 	 0.032815 	 2.424236 	 19.117895
   64 	 0.028762 	 2.982644 	 23.351012
   65 	 0.052279 	 3.968060 	 22.572261
   66 	 0.037211 	 4.139678 	 29.271846
   67 	 0.044285 	 2.176036 	 17.100035
   68 	 0.021585 	 2.813963 	 23.035799
   69 	 0.035543 	 3.758757 	 20.498222
   70 	 0.032986 	 3.750581 	 29.516648
   71 	 0.033024 	 2.309690 	 17.683482
   72 	 0.033872 	 2.745372 	 25.071367
   73 	 0.031820 	 3.331621 	 26.025578
   74 	 0.029475 	 3.282966 	 21.860531
   75 	 0.030170 	 3.211735 	 25.876577
   76 	 0.045415 	 4.044266 	 29.912833
   77 	 0.028259 	 3.158006 	 22.412184
   78 	 0.020920 	 2.760136 	 18.305671
   79 	 0.038144 	 2.999193 	 29.020029
   80 	 0.035734 	 2.798639 	 21.120866
   81 	 0.025257 	 2.969539 	 22.550762
   82 	 0.036331 	 3.316199 	 18.438545
   83 	 0.023214 	 3.007149 	 22.255606
   84 	 0.023861 	 2.451871 	 18.204519
   85 	 0.032171 	 2.761807 	 28.592643
   86 	 0.037615 	 3.368959 	 31.886818
   87 	 0.034966 	 2.737845 	 18.949697
   88 	 0.026942 	 2.604405 	 22.165546
   89 	 0.038575 	 2.553924 	 24.751886
   90 	 0.036638 	 3.287482 	 30.919747
   91 	 0.019316 	 2.240804 	 22.250799
   92 	 0.032334 	 2.959631 	 23.344001
   93 	 0.034705 	 3.579029 	 26.955418
   94 	 0.035031 	 3.250650 	 26.501529
   95 	 0.019821 	 2.425890 	 23.659256
   96 	 0.025007 	 3.588252 	 25.752759
   97 	 0.035701 	 4.068758 	 37.993174
   98 	 0.020690 	 3.611407 	 31.739267
   99 	 0.026317 	 2.879331 	 23.695850
  100 	 0.020259 	 3.626616 	 37.188839
  101 	 0.035302 	 4.024149 	 33.425991
  102 	 0.026888 	 3.518727 	 40.884578
  103 	 0.029911 	 2.798446 	 24.094957
  104 	 0.024457 	 3.710032 	 30.222704
  105 	 0.025931 	 3.811802 	 22.564095
  106 	 0.027678 	 3.072482 	 32.303290
  107 	 0.022312 	 2.639371 	 24.435479
  108 	 0.029339 	 3.208288 	 28.920079
  109 	 0.037878 	 2.946260 	 22.315555
  110 	 0.019272 	 3.367100 	 29.495571
  111 	 0.037729 	 2.526355 	 22.085747
  112 	 0.033881 	 3.804218 	 38.801651
  113 	 0.038040 	 2.913798 	 22.763782
  114 	 0.021921 	 3.044384 	 24.224135
  115 	 0.029379 	 2.638210 	 22.253328
  116 	 0.030678 	 3.471545 	 23.188424
  117 	 0.038426 	 3.215609 	 22.530618
  118 	 0.038630 	 3.724865 	 26.262057
  119 	 0.027145 	 2.559628 	 22.062193
  120 	 0.022731 	 2.936508 	 22.109008
  121 	 0.039852 	 2.833493 	 31.995390
  122 	 0.036381 	 4.476051 	 34.565312
  123 	 0.031249 	 2.731723 	 20.854301
  124 	 0.028400 	 2.709531 	 22.788654
  125 	 0.047857 	 3.133646 	 25.807259
  126 	 0.020618 	 4.023424 	 23.602078
  127 	 0.033631 	 2.482775 	 15.899512
  128 	 0.030857 	 2.417811 	 23.799482
  129 	 0.037741 	 2.637867 	 25.659761
  130 	 0.028355 	 3.842173 	 23.461472
  131 	 0.029028 	 3.110989 	 23.342002
  132 	 0.023537 	 2.714706 	 27.889732
  133 	 0.037965 	 2.608042 	 25.277966
  134 	 0.029665 	 3.683842 	 25.893598
  135 	 0.023039 	 2.797300 	 21.199747
  136 	 0.021355 	 2.525533 	 28.847678
  137 	 0.026067 	 2.831111 	 27.670849
  138 	 0.022494 	 4.348103 	 39.912603
  139 	 0.024769 	 3.036180 	 33.481966
  140 	 0.025052 	 3.147276 	 36.371608
  141 	 0.029823 	 2.962687 	 25.648664
  142 	 0.026181 	 3.231049 	 23.418525
  143 	 0.031309 	 2.790272 	 30.684148
  144 	 0.038091 	 3.409219 	 23.572140
  145 	 0.025594 	 2.782565 	 25.464893
  146 	 0.039660 	 3.488770 	 22.978733
  147 	 0.039266 	 3.167935 	 30.216771
  148 	 0.036219 	 3.122739 	 22.123756
  149 	 0.030182 	 2.314828 	 18.226779
  150 	 0.034434 	 3.254714 	 22.873429
  151 	 0.038609 	 3.463590 	 32.486827
  152 	 0.032072 	 3.217684 	 27.045913
  153 	 0.030781 	 2.226071 	 17.061089
  154 	 0.028199 	 3.085713 	 22.436148
  155 	 0.034638 	 3.033089 	 26.756837
  156 	 0.025985 	 2.791606 	 31.251245
  157 	 0.036769 	 3.110391 	 26.016242
  158 	 0.031986 	 3.880351 	 33.573872
  159 	 0.033853 	 3.527227 	 25.122277
  160 	 0.029775 	 2.686273 	 27.332750
  161 	 0.035121 	 2.816558 	 25.029187
  162 	 0.028424 	 4.010742 	 29.418794
  163 	 0.033906 	 3.308334 	 23.741046
  164 	 0.033984 	 2.688708 	 24.860828
  165 	 0.037206 	 2.433538 	 18.620830
  166 	 0.036231 	 3.007530 	 15.978566
  167 	 0.022355 	 3.729368 	 22.621296
  168 	 0.040058 	 2.607096 	 23.567456
  169 	 0.030071 	 2.274861 	 37.800331
  170 	 0.042384 	 2.811318 	 20.551750
  171 	 0.026428 	 3.789837 	 29.265006
  172 	 0.027953 	 2.292944 	 19.053331
  173 	 0.034166 	 2.706192 	 27.527241
  174 	 0.035739 	 3.006601 	 22.821974
  175 	 0.033089 	 3.491610 	 25.795982
  176 	 0.026731 	 2.570022 	 24.789760
  177 	 0.033414 	 2.548444 	 24.576850
  178 	 0.038345 	 2.953538 	 28.303899
  179 	 0.036874 	 3.650756 	 26.656979
  180 	 0.030885 	 2.290935 	 19.670608
  181 	 0.021277 	 2.275947 	 20.888023
  182 	 0.038640 	 3.378578 	 25.443795
  183 	 0.029257 	 4.132852 	 34.993630
  184 	 0.019550 	 2.498334 	 21.309084
  185 	 0.028568 	 2.753329 	 28.282554
  186 	 0.030135 	 4.037744 	 35.523371
  187 	 0.023318 	 4.136060 	 28.844994
  188 	 0.028140 	 2.875472 	 23.903616
  189 	 0.023311 	 3.731664 	 28.557106
  190 	 0.028019 	 3.013512 	 20.903186
  191 	 0.025596 	 3.527803 	 20.126355
  192 	 0.022199 	 3.249682 	 24.679838
  193 	 0.021670 	 3.255936 	 24.333407
  194 	 0.040480 	 3.308137 	 21.879219
  195 	 0.021042 	 2.680036 	 14.314618
  196 	 0.033913 	 2.256619 	 19.164426
  197 	 0.027792 	 3.066837 	 27.592650
  198 	 0.037206 	 2.703356 	 19.678618
  199 	 0.030969 	 3.137242 	 22.945557
  200 	 0.035072 	 2.687071 	 20.140569
  201 	 0.038657 	 2.949322 	 22.648798
  202 	 0.036256 	 2.517700 	 21.244134
  203 	 0.039575 	 2.786584 	 19.620546
  204 	 0.043482 	 2.916198 	 20.047406
  205 	 0.050936 	 2.783492 	 19.056775
  206 	 0.032640 	 2.329320 	 16.683862
  207 	 0.032604 	 2.272580 	 13.846738
  208 	 0.025415 	 2.702108 	 22.758453
  209 	 0.033170 	 2.621330 	 22.986304
  210 	 0.035571 	 2.742169 	 26.099367
  211 	 0.028620 	 2.129149 	 22.138384
  212 	 0.037100 	 2.848873 	 20.712324
  213 	 0.035876 	 3.020980 	 18.389195
  214 	 0.023719 	 3.070385 	 20.833465
  215 	 0.038437 	 2.359765 	 19.355102
  216 	 0.037170 	 2.670659 	 20.610322
  217 	 0.030602 	 2.750558 	 24.004362
  218 	 0.031069 	 2.815835 	 20.504601
  219 	 0.037888 	 2.665523 	 30.673080
  220 	 0.038058 	 2.869885 	 23.827291
  221 	 0.032590 	 2.207388 	 18.943603
  222 	 0.035985 	 2.039817 	 19.854769
  223 	 0.029358 	 2.557812 	 21.057261
  224 	 0.033491 	 3.385065 	 26.326173
  225 	 0.035414 	 1.992911 	 17.619296
  226 	 0.037718 	 1.763730 	 16.333827
  227 	 0.031060 	 3.140650 	 25.681829
  228 	 0.035517 	 3.312047 	 23.246172
  229 	 0.027759 	 2.595260 	 27.502580
  230 	 0.031685 	 1.963730 	 22.425849
  231 	 0.034610 	 3.295367 	 34.412205
  232 	 0.024233 	 3.417066 	 27.038231
  233 	 0.029055 	 3.087917 	 28.481518
  234 	 0.035312 	 1.629116 	 18.566035
  235 	 0.035110 	 2.995790 	 27.890137
  236 	 0.037980 	 3.308995 	 22.110267
  237 	 0.035675 	 2.732609 	 22.930574
  238 	 0.022436 	 1.871396 	 18.115245
  239 	 0.035911 	 2.649451 	 17.822758
  240 	 0.033752 	 2.433896 	 19.164292
  241 	 0.037246 	 2.126533 	 15.556965
  242 	 0.026794 	 2.131935 	 19.977059
  243 	 0.037977 	 2.038487 	 10.190557
  244 	 0.033353 	 2.471309 	 18.128049
  245 	 0.028082 	 1.940234 	 12.806320
  246 	 0.036415 	 1.860727 	 13.395368
  247 	 0.032884 	 2.074252 	 11.836855
  248 	 0.037614 	 1.945204 	 10.951089
  249 	 0.028478 	 2.265582 	 22.568828
  250 	 0.037406 	 1.997162 	 22.668650
  251 	 0.036679 	 2.350016 	 28.589096
  252 	 0.040389 	 2.477432 	 22.456871
  253 	 0.029957 	 2.245817 	 22.947079
  254 	 0.029170 	 2.353847 	 20.538571
  255 	 0.027403 	 3.521020 	 27.131636
  256 	 0.031636 	 3.358095 	 28.034730
  257 	 0.036816 	 3.015490 	 28.732809
  258 	 0.030775 	 2.935975 	 24.428692
  259 	 0.034671 	 3.004470 	 22.557618
  260 	 0.037971 	 3.302767 	 25.512331
  261 	 0.031425 	 3.176424 	 23.612962
  262 	 0.032136 	 2.391144 	 20.420116
  263 	 0.037913 	 2.719594 	 27.453348
  264 	 0.036278 	 3.397258 	 26.928327
  265 	 0.031443 	 3.015002 	 23.302953
  266 	 0.037129 	 2.996637 	 23.297346
  267 	 0.037682 	 3.225296 	 26.355364
  268 	 0.042914 	 3.163857 	 23.607543
  269 	 0.036028 	 2.966325 	 24.460589
  270 	 0.032682 	 2.803882 	 21.685328
  271 	 0.040875 	 3.104778 	 24.920418
  272 	 0.038032 	 3.246556 	 24.420681
  273 	 0.027173 	 2.415022 	 21.108063
  274 	 0.019748 	 2.929830 	 23.549614
  275 	 0.031050 	 3.942011 	 29.697287
  276 	 0.023984 	 2.896036 	 25.008089
  277 	 0.033666 	 2.698065 	 27.211228
  278 	 0.037793 	 3.498640 	 24.090288
  279 	 0.029300 	 3.286320 	 24.896826
  280 	 0.028296 	 3.258816 	 22.532601
  281 	 0.031247 	 3.321587 	 28.571442
  282 	 0.033989 	 4.090439 	 25.776147
  283 	 0.034811 	 2.954309 	 28.290635
  284 	 0.021690 	 3.618499 	 25.200926
  285 	 0.034932 	 3.168830 	 24.888271
  286 	 0.038154 	 3.887637 	 38.774983
  287 	 0.038553 	 3.078850 	 25.300886
  288 	 0.025787 	 3.320830 	 23.373900
  289 	 0.029937 	 3.089460 	 20.382647
  290 	 0.038064 	 3.685893 	 32.376003
  291 	 0.024444 	 3.551500 	 26.290172
  292 	 0.022917 	 3.333436 	 20.822450
  293 	 0.033206 	 2.958791 	 26.540431
  294 	 0.031596 	 3.514772 	 26.829507
  295 	 0.030477 	 3.446273 	 23.485696
  296 	 0.029441 	 3.180959 	 21.183820
  297 	 0.030551 	 3.358277 	 25.395235
  298 	 0.023222 	 3.131313 	 21.344460
  299 	 0.019395 	 3.702133 	 27.929467
  300 	 0.038200 	 3.437031 	 41.978858
  301 	 0.035794 	 2.960294 	 23.778723
  302 	 0.020474 	 3.039259 	 23.866080
  303 	 0.033098 	 3.426461 	 25.978076
  304 	 0.034620 	 3.544017 	 48.605742
  305 	 0.035020 	 3.137779 	 30.031585
  306 	 0.020216 	 3.349797 	 27.756329
  307 	 0.028543 	 3.335294 	 23.700138
  308 	 0.024447 	 4.546771 	 41.638785
  309 	 0.036705 	 3.511526 	 32.213149
  310 	 0.024013 	 3.440629 	 37.109235
  311 	 0.030042 	 3.382954 	 25.586989
  312 	 0.025242 	 4.661932 	 41.470977
  313 	 0.036785 	 3.791508 	 31.307892
  314 	 0.024113 	 4.630211 	 39.460726
  315 	 0.023550 	 3.080170 	 27.111095
  316 	 0.019364 	 4.322891 	 41.299894
  317 	 0.027561 	 4.943542 	 42.283674
  318 	 0.024213 	 5.317950 	 39.305715
  319 	 0.023449 	 4.360293 	 36.021665
  320 	 0.018491 	 4.200715 	 41.130119
  321 	 0.027761 	 5.752849 	 42.105727
  322 	 0.024313 	 5.945922 	 39.151918
  323 	 0.019253 	 4.862728 	 32.674626
  324 	 0.025537 	 4.431002 	 40.533102
  325 	 0.017011 	 5.703191 	 50.624081
  326 	 0.024652 	 4.444965 	 35.666757
  327 	 0.019708 	 4.113553 	 50.026442
  328 	 0.028036 	 3.953586 	 40.401306
  329 	 0.019988 	 4.390690 	 30.973703
  330 	 0.024752 	 3.371849 	 27.061419
  331 	 0.032259 	 4.239411 	 43.690466
  332 	 0.034580 	 4.324130 	 40.238927
  333 	 0.022888 	 4.253419 	 27.503732
  334 	 0.019576 	 3.634127 	 26.413131
  335 	 0.019877 	 4.471136 	 38.777343
  336 	 0.031424 	 3.656877 	 38.946712
  337 	 0.025782 	 3.272281 	 37.912062
  338 	 0.019780 	 2.919522 	 24.799323
  339 	 0.026376 	 4.266273 	 30.977464
  340 	 0.038088 	 4.140209 	 26.779201
  341 	 0.032279 	 2.825606 	 30.417724
  342 	 0.018105 	 2.082140 	 22.427436
  343 	 0.024235 	 3.080302 	 25.004448
  344 	 0.039276 	 5.026316 	 40.642510
  345 	 0.032647 	 3.636879 	 41.093907
  346 	 0.024601 	 2.311264 	 21.845550
  347 	 0.024331 	 2.357919 	 21.513554
  348 	 0.035212 	 5.261704 	 31.347191
  349 	 0.037470 	 3.714189 	 30.646046
  350 	 0.029430 	 2.340735 	 23.973878
  351 	 0.031764 	 2.223635 	 21.952571
  352 	 0.041701 	 4.875298 	 26.668411
  353 	 0.032463 	 3.364837 	 25.561157
  354 	 0.033828 	 1.912423 	 18.849466
  355 	 0.030928 	 2.251580 	 25.477357
  356 	 0.038159 	 3.457387 	 21.406637
  357 	 0.030266 	 3.315761 	 21.600431
  358 	 0.030928 	 2.304776 	 21.132946
  359 	 0.039229 	 2.273502 	 21.359257
  360 	 0.031156 	 2.857091 	 25.557178
  361 	 0.038363 	 2.664220 	 14.551337
  362 	 0.039097 	 1.925325 	 13.587495
  363 	 0.031535 	 1.833941 	 15.394115
  364 	 0.035795 	 2.245219 	 11.280551
  365 	 0.064898 	 2.811270 	 21.675362
  366 	 0.038083 	 1.605100 	 9.317395
  367 	 0.036002 	 1.682375 	 12.208611
  368 	 0.037741 	 2.100625 	 18.697423
  369 	 0.037102 	 2.543035 	 18.483555
  370 	 0.035091 	 1.805895 	 12.324237
  371 	 0.029767 	 1.468181 	 13.350746
  372 	 0.037423 	 2.168397 	 19.385107
  373 	 0.033441 	 2.673994 	 20.654666
  374 	 0.037617 	 2.431585 	 19.112198
  375 	 0.048268 	 1.667151 	 24.974195
  376 	 0.030002 	 1.975878 	 21.708011
  377 	 0.034994 	 2.435586 	 17.963569
  378 	 0.027505 	 3.061475 	 21.987137
  379 	 0.049874 	 1.842414 	 20.757966
  380 	 0.037904 	 2.526232 	 28.007055
  381 	 0.044481 	 2.219531 	 14.843161
  382 	 0.033273 	 2.618462 	 19.491628
  383 	 0.031614 	 1.206209 	 7.252003
  384 	 0.034427 	 2.603423 	 22.256653
  385 	 0.036882 	 2.513040 	 25.436400
  386 	 0.036819 	 2.594197 	 20.908884
  387 	 0.029649 	 1.664147 	 19.887640
  388 	 0.044175 	 2.758703 	 22.280454
  389 	 0.015785 	 2.166523 	 18.974654
  390 	 0.037940 	 1.954253 	 12.606557
  391 	 0.036690 	 2.018078 	 20.992171
  392 	 0.034627 	 2.212663 	 17.064684
  393 	 0.033339 	 1.862810 	 15.022967
  394 	 0.034768 	 1.809319 	 11.431540
  395 	 0.035654 	 2.196138 	 21.168948
  396 	 0.031804 	 2.560974 	 21.111379
  397 	 0.036383 	 2.384298 	 19.987526
  398 	 0.030786 	 1.919310 	 20.118991
  399 	 0.033653 	 2.187372 	 20.754374
 