   0 	 0.019616 	 0.056090 	 0.289721
    1 	 0.020300 	 0.097010 	 0.741565
    2 	 0.025392 	 0.185231 	 2.161818
    3 	 0.036671 	 0.500665 	 5.840349
    4 	 0.035321 	 1.293108 	 7.471993
    5 	 0.037682 	 1.243162 	 6.084264
    6 	 0.037477 	 0.856989 	 4.169767
    7 	 0.032175 	 0.962897 	 5.343797
    8 	 0.032514 	 1.401504 	 8.009348
    9 	 0.035567 	 1.664293 	 9.139363
   10 	 0.035217 	 1.640941 	 11.183903
   11 	 0.029836 	 1.042122 	 9.575595
   12 	 0.027997 	 1.408786 	 9.814785
   13 	 0.036513 	 1.659184 	 9.476820
   14 	 0.031475 	 1.322823 	 10.479031
   15 	 0.036741 	 1.587922 	 14.242391
   16 	 0.038249 	 1.579664 	 9.888365
   17 	 0.036940 	 1.514932 	 13.272938
   18 	 0.040652 	 1.524200 	 9.574024
   19 	 0.019936 	 1.650367 	 11.256834
   20 	 0.032479 	 1.635852 	 9.154720
   21 	 0.035215 	 2.560790 	 13.977078
   22 	 0.037065 	 1.566587 	 11.480284
   23 	 0.035532 	 1.451243 	 12.002670
   24 	 0.038198 	 2.196291 	 24.116567
   25 	 0.031929 	 2.169572 	 25.042480
   26 	 0.033836 	 1.896242 	 21.287090
   27 	 0.037625 	 1.648329 	 14.058947
   28 	 0.036148 	 2.489917 	 21.950184
   29 	 0.038537 	 2.194983 	 23.704357
   30 	 0.029875 	 2.557144 	 25.258632
   31 	 0.034095 	 1.833276 	 24.607821
   32 	 0.032259 	 2.079808 	 21.017140
   33 	 0.029300 	 2.404738 	 26.388724
   34 	 0.038574 	 2.490699 	 26.553948
   35 	 0.035995 	 2.465423 	 22.924205
   36 	 0.035247 	 2.369835 	 24.585943
   37 	 0.020774 	 2.231987 	 25.845971
   38 	 0.033482 	 3.002702 	 27.287097
   39 	 0.038084 	 3.096143 	 38.205859
   40 	 0.036084 	 3.834006 	 26.411603
   41 	 0.026172 	 1.936097 	 22.689566
   42 	 0.037854 	 3.161451 	 25.623495
   43 	 0.038091 	 3.622928 	 33.034268
   44 	 0.030287 	 3.816723 	 25.712749
   45 	 0.029823 	 2.210409 	 24.160032
   46 	 0.020515 	 2.650078 	 28.904599
   47 	 0.031320 	 3.253538 	 21.843587
   48 	 0.031084 	 3.865374 	 38.587245
   49 	 0.036673 	 2.036336 	 20.026138
   50 	 0.025781 	 2.992158 	 24.346547
   51 	 0.035742 	 3.266780 	 21.493592
   52 	 0.036076 	 3.304791 	 30.137633
   53 	 0.021353 	 2.568999 	 22.951823
   54 	 0.022051 	 3.218918 	 23.535374
   55 	 0.029005 	 3.327448 	 39.288117
   56 	 0.032260 	 3.908352 	 42.642876
   57 	 0.025451 	 3.241236 	 29.065381
   58 	 0.017963 	 4.151031 	 25.056255
   59 	 0.034389 	 3.129392 	 30.533868
   60 	 0.027969 	 3.599406 	 33.844882
   61 	 0.032745 	 2.461878 	 23.673662
   62 	 0.029533 	 4.095875 	 29.352218
   63 	 0.038286 	 2.882693 	 24.093923
   64 	 0.027401 	 2.989738 	 27.076195
   65 	 0.032009 	 2.412309 	 21.494956
   66 	 0.025948 	 3.929472 	 30.958546
   67 	 0.031422 	 2.941224 	 25.374878
   68 	 0.031154 	 3.641123 	 29.986841
   69 	 0.036215 	 2.655341 	 27.455985
   70 	 0.033340 	 3.711043 	 27.659392
   71 	 0.036414 	 2.974100 	 22.647168
   72 	 0.034312 	 3.791261 	 23.621049
   73 	 0.037813 	 2.523988 	 24.622136
   74 	 0.024690 	 2.726957 	 24.745131
   75 	 0.019787 	 2.726637 	 23.745544
   76 	 0.035710 	 4.567381 	 33.344368
   77 	 0.042106 	 3.484286 	 40.506631
   78 	 0.025989 	 2.883771 	 24.324700
   79 	 0.024684 	 2.831557 	 21.094583
   80 	 0.037904 	 3.838761 	 31.163075
   81 	 0.035900 	 3.300970 	 24.023980
   82 	 0.031942 	 3.167579 	 23.092332
   83 	 0.038054 	 3.533789 	 24.509979
   84 	 0.037236 	 3.235163 	 26.779507
   85 	 0.028885 	 2.868093 	 23.280899
   86 	 0.036973 	 3.087440 	 20.265762
   87 	 0.034945 	 3.184106 	 21.323379
   88 	 0.027944 	 2.906849 	 23.055030
   89 	 0.038029 	 2.934787 	 24.363661
   90 	 0.038661 	 3.797262 	 29.373511
   91 	 0.021518 	 3.273327 	 24.432391
   92 	 0.034039 	 2.547103 	 22.695698
   93 	 0.037953 	 3.445235 	 37.853678
   94 	 0.034541 	 3.576612 	 24.913456
   95 	 0.026413 	 3.120922 	 21.826653
   96 	 0.036004 	 2.963843 	 22.182534
   97 	 0.025503 	 3.726134 	 30.756684
   98 	 0.045064 	 3.037601 	 19.908762
   99 	 0.032490 	 3.496332 	 26.986032
  100 	 0.029904 	 2.693146 	 18.127808
  101 	 0.028796 	 2.886764 	 19.742195
  102 	 0.026093 	 3.064876 	 27.774407
  103 	 0.021926 	 3.158340 	 23.561365
  104 	 0.029150 	 3.179659 	 32.265741
  105 	 0.031815 	 2.332416 	 32.439716
  106 	 0.020810 	 3.545163 	 24.283334
  107 	 0.030818 	 3.909236 	 27.376457
  108 	 0.020045 	 4.571690 	 37.160686
  109 	 0.036514 	 2.531258 	 27.087089
  110 	 0.026882 	 3.253893 	 34.548369
  111 	 0.035395 	 3.665068 	 23.391809
  112 	 0.028810 	 4.219046 	 30.319813
  113 	 0.030329 	 3.893688 	 23.699315
  114 	 0.021100 	 2.770072 	 28.645016
  115 	 0.022866 	 3.097101 	 21.067660
  116 	 0.034886 	 4.140715 	 36.764497
  117 	 0.029102 	 3.502320 	 22.438776
  118 	 0.026002 	 3.326706 	 22.456124
  119 	 0.044548 	 3.316509 	 28.407861
  120 	 0.032742 	 4.053817 	 29.347850
  121 	 0.035194 	 2.656550 	 18.709760
  122 	 0.021359 	 2.595863 	 19.488001
  123 	 0.053423 	 3.651543 	 22.678841
  124 	 0.037996 	 3.961784 	 24.120378
  125 	 0.037640 	 2.489835 	 15.867322
  126 	 0.036191 	 2.640935 	 22.026393
  127 	 0.034940 	 3.900684 	 22.502145
  128 	 0.035567 	 3.754915 	 21.397157
  129 	 0.032062 	 2.413746 	 22.758200
  130 	 0.025701 	 2.603496 	 18.585427
  131 	 0.031612 	 3.811720 	 24.002805
  132 	 0.029882 	 3.696634 	 23.750284
  133 	 0.038147 	 2.954791 	 24.949753
  134 	 0.037145 	 3.330911 	 29.867041
  135 	 0.026997 	 3.773214 	 23.953752
  136 	 0.032969 	 4.127264 	 21.741423
  137 	 0.023035 	 2.950384 	 33.448257
  138 	 0.026842 	 3.052952 	 19.283274
  139 	 0.023753 	 4.147450 	 37.544842
  140 	 0.036161 	 4.009145 	 28.375648
  141 	 0.015731 	 3.540053 	 35.902594
  142 	 0.031380 	 3.496804 	 24.040642
  143 	 0.027849 	 4.376071 	 33.188383
  144 	 0.036054 	 3.231013 	 29.603283
  145 	 0.030129 	 3.440644 	 33.058493
  146 	 0.025334 	 3.859123 	 23.922199
  147 	 0.030246 	 4.458133 	 30.276556
  148 	 0.030201 	 3.651299 	 28.719619
  149 	 0.021598 	 3.090196 	 29.810115
  150 	 0.018371 	 3.228331 	 27.642259
  151 	 0.033003 	 3.874628 	 25.803334
  152 	 0.019193 	 3.607795 	 29.009963
  153 	 0.036159 	 3.170557 	 26.952008
  154 	 0.033675 	 2.789949 	 23.428097
  155 	 0.020593 	 3.892360 	 24.839003
  156 	 0.036592 	 2.556709 	 25.932735
  157 	 0.025366 	 3.251316 	 27.252934
  158 	 0.026081 	 3.103735 	 23.721338
  159 	 0.019541 	 3.525899 	 33.937078
  160 	 0.029877 	 2.677679 	 25.766229
  161 	 0.027706 	 3.641491 	 43.213813
  162 	 0.038805 	 3.501359 	 23.517660
  163 	 0.023139 	 2.841976 	 26.621397
  164 	 0.038467 	 2.187710 	 24.151624
  165 	 0.032151 	 3.018144 	 22.829172
  166 	 0.038680 	 3.058062 	 22.516138
  167 	 0.023950 	 3.002903 	 24.844173
  168 	 0.036849 	 2.008359 	 19.749883
  169 	 0.038605 	 3.288525 	 31.201101
  170 	 0.025336 	 2.941991 	 22.492194
  171 	 0.032045 	 2.742150 	 22.933066
  172 	 0.034077 	 2.167697 	 24.598615
  173 	 0.034570 	 3.061627 	 26.994164
  174 	 0.040637 	 3.387919 	 22.676380
  175 	 0.022417 	 2.727805 	 24.832240
  176 	 0.031399 	 1.649654 	 8.077514
  177 	 0.019619 	 3.445167 	 33.537593
  178 	 0.037519 	 2.940027 	 19.310342
  179 	 0.029801 	 2.837069 	 23.944514
  180 	 0.033167 	 1.873154 	 22.665817
  181 	 0.034943 	 3.454380 	 24.690486
  182 	 0.032792 	 3.144322 	 23.437306
  183 	 0.030496 	 3.150121 	 24.364342
  184 	 0.034353 	 2.694695 	 22.283570
  185 	 0.020959 	 3.779882 	 26.318424
  186 	 0.030322 	 2.582008 	 24.418195
  187 	 0.021544 	 2.691757 	 24.777392
  188 	 0.032251 	 3.043003 	 23.462469
  189 	 0.037689 	 3.537209 	 34.430367
  190 	 0.032212 	 2.645314 	 25.156833
  191 	 0.029038 	 2.396755 	 22.923359
  192 	 0.038215 	 2.810765 	 21.845776
  193 	 0.037646 	 3.313932 	 28.473501
  194 	 0.036008 	 2.796447 	 20.148973
  195 	 0.025174 	 2.822906 	 20.021431
  196 	 0.034956 	 3.179153 	 21.912942
  197 	 0.017104 	 2.876828 	 23.805775
  198 	 0.038764 	 3.998929 	 23.600259
  199 	 0.041994 	 3.506355 	 37.031177
  200 	 0.024359 	 2.645270 	 20.549239
  201 	 0.026996 	 2.247761 	 18.486485
  202 	 0.038350 	 3.476670 	 29.621884
  203 	 0.028629 	 3.276799 	 25.319044
  204 	 0.030514 	 2.562460 	 22.050764
  205 	 0.030493 	 2.806485 	 26.575447
  206 	 0.032890 	 2.874606 	 25.763535
  207 	 0.034281 	 3.031222 	 25.320878
  208 	 0.028384 	 3.871270 	 24.102064
  209 	 0.028478 	 3.531975 	 22.331082
  210 	 0.020968 	 3.359726 	 26.749559
  211 	 0.028772 	 2.963160 	 27.339126
  212 	 0.026159 	 3.487749 	 33.369198
  213 	 0.032998 	 3.532861 	 26.474703
  214 	 0.029822 	 3.430401 	 28.442263
  215 	 0.033651 	 2.898404 	 23.203539
  216 	 0.035151 	 2.859636 	 22.395958
  217 	 0.034880 	 3.288841 	 23.445834
  218 	 0.036734 	 3.315259 	 22.649631
  219 	 0.028612 	 2.580582 	 25.588249
  220 	 0.029495 	 2.970875 	 22.454670
  221 	 0.039070 	 3.893039 	 27.463706
  222 	 0.044519 	 3.185707 	 23.259928
  223 	 0.036404 	 2.448420 	 22.487100
  224 	 0.034135 	 2.760922 	 19.448169
  225 	 0.037064 	 2.900867 	 22.319376
  226 	 0.051092 	 3.278715 	 22.404015
  227 	 0.033275 	 2.858866 	 22.687244
  228 	 0.031414 	 2.604829 	 17.608215
  229 	 0.032571 	 3.503639 	 23.995022
  230 	 0.037309 	 2.642366 	 19.298641
  231 	 0.038081 	 2.485287 	 19.475209
  232 	 0.051793 	 3.864960 	 23.881491
  233 	 0.036959 	 3.439241 	 22.916677
  234 	 0.028427 	 2.104310 	 11.920787
  235 	 0.036656 	 3.246263 	 22.645555
  236 	 0.037452 	 3.717236 	 31.223662
  237 	 0.036465 	 2.950035 	 22.343598
  238 	 0.030296 	 2.107059 	 12.211152
  239 	 0.036076 	 2.700393 	 16.380020
  240 	 0.028871 	 3.502673 	 25.842248
  241 	 0.018439 	 2.534174 	 22.636944
  242 	 0.029335 	 2.926056 	 29.264943
  243 	 0.027479 	 3.466680 	 42.124024
  244 	 0.034161 	 3.246549 	 28.872691
  245 	 0.021283 	 2.720391 	 25.720912
  246 	 0.018184 	 2.855772 	 22.595855
  247 	 0.036318 	 3.543627 	 37.617790
  248 	 0.038260 	 3.450526 	 34.862390
  249 	 0.026564 	 2.448989 	 22.717997
  250 	 0.028679 	 2.898609 	 21.598919
  251 	 0.038150 	 2.824115 	 28.848474
  252 	 0.016924 	 3.103349 	 27.488486
  253 	 0.034654 	 2.435167 	 21.621503
  254 	 0.031724 	 2.980466 	 39.962283
  255 	 0.031966 	 2.776332 	 22.043713
  256 	 0.025016 	 3.076218 	 23.806342
  257 	 0.038562 	 2.776891 	 21.710927
  258 	 0.037615 	 3.197694 	 20.638251
  259 	 0.030625 	 2.498074 	 19.431822
  260 	 0.039210 	 3.131912 	 20.937941
  261 	 0.039141 	 2.896645 	 20.693109
  262 	 0.021528 	 2.883268 	 17.482192
  263 	 0.035676 	 2.522977 	 21.486650
  264 	 0.045375 	 3.312452 	 29.045948
  265 	 0.038711 	 3.028326 	 21.405688
  266 	 0.034414 	 2.343034 	 18.841252
  267 	 0.029897 	 2.191013 	 16.286055
  268 	 0.053043 	 2.972123 	 20.137220
  269 	 0.038130 	 3.625682 	 24.477915
  270 	 0.016822 	 1.765483 	 12.402106
  271 	 0.035914 	 2.095589 	 22.355443
  272 	 0.035608 	 2.405161 	 34.456698
  273 	 0.032636 	 3.324459 	 21.421077
  274 	 0.028998 	 2.489491 	 18.673177
  275 	 0.033909 	 2.383205 	 24.075251
  276 	 0.020192 	 2.506983 	 28.491487
  277 	 0.022828 	 2.750798 	 18.399520
  278 	 0.018899 	 2.597307 	 17.834268
  279 	 0.036372 	 2.170064 	 21.632021
  280 	 0.027272 	 2.575112 	 36.631750
  281 	 0.033387 	 2.755680 	 19.374160
  282 	 0.027292 	 2.345409 	 18.762127
  283 	 0.035337 	 2.903042 	 23.426166
  284 	 0.035456 	 3.062938 	 22.333691
  285 	 0.036099 	 2.633408 	 21.259996
  286 	 0.032435 	 2.416648 	 22.269503
  287 	 0.038568 	 3.255245 	 22.831528
  288 	 0.038107 	 3.214997 	 24.915754
  289 	 0.030756 	 2.317666 	 20.371384
  290 	 0.030252 	 2.361844 	 20.442727
  291 	 0.035906 	 2.860502 	 14.886328
  292 	 0.036105 	 3.271845 	 23.838432
  293 	 0.025416 	 2.231993 	 14.857413
  294 	 0.034467 	 2.544300 	 22.413265
  295 	 0.027051 	 2.536807 	 27.161899
  296 	 0.030855 	 2.935716 	 22.197683
  297 	 0.022356 	 3.091889 	 25.833747
  298 	 0.045029 	 2.350504 	 20.537183
  299 	 0.038037 	 3.049307 	 25.936408
  300 	 0.021992 	 2.478562 	 15.520940
  301 	 0.035588 	 3.106083 	 21.939345
  302 	 0.036669 	 2.699176 	 21.935866
  303 	 0.033665 	 3.597867 	 23.262218
  304 	 0.023171 	 2.628968 	 19.090829
  305 	 0.036458 	 2.965212 	 21.267484
  306 	 0.032018 	 2.466831 	 22.086107
  307 	 0.030754 	 3.075913 	 18.204028
  308 	 0.037920 	 2.734663 	 17.573638
  309 	 0.054874 	 2.323565 	 19.775279
  310 	 0.026249 	 2.327891 	 17.648136
  311 	 0.027237 	 2.468654 	 12.338775
  312 	 0.035475 	 2.958438 	 26.631758
  313 	 0.032890 	 2.237992 	 22.065944
  314 	 0.037306 	 2.509879 	 23.530953
  315 	 0.031927 	 2.757691 	 25.323005
  316 	 0.026558 	 2.996461 	 22.775904
  317 	 0.036232 	 2.275752 	 20.952703
  318 	 0.031528 	 3.024729 	 30.809347
  319 	 0.047682 	 2.965881 	 22.133962
  320 	 0.032451 	 3.134066 	 26.227162
  321 	 0.020897 	 1.888764 	 12.036344
  322 	 0.023837 	 3.028602 	 21.748426
  323 	 0.039177 	 2.720771 	 20.604196
  324 	 0.037235 	 2.946521 	 31.116308
  325 	 0.033793 	 1.932579 	 13.309260
  326 	 0.024372 	 3.114611 	 21.066163
  327 	 0.039730 	 2.385585 	 17.324706
  328 	 0.027050 	 2.424848 	 27.343422
  329 	 0.030825 	 2.037432 	 11.046534
  330 	 0.029504 	 3.311977 	 25.477691
  331 	 0.032101 	 2.844659 	 24.076689
  332 	 0.039244 	 2.494430 	 17.578849
  333 	 0.032457 	 2.246971 	 20.543421
  334 	 0.035193 	 2.534597 	 17.779816
  335 	 0.033793 	 2.825749 	 17.387634
  336 	 0.033905 	 2.834576 	 16.613345
  337 	 0.030833 	 2.114737 	 17.008919
  338 	 0.034492 	 2.993402 	 16.976490
  339 	 0.030142 	 2.396128 	 15.213087
  340 	 0.037859 	 2.578828 	 16.020614
  341 	 0.025374 	 2.564153 	 20.184750
  342 	 0.052109 	 2.649584 	 18.129536
  343 	 0.037993 	 2.231508 	 24.005044
  344 	 0.034248 	 2.090079 	 14.407387
  345 	 0.038175 	 2.364003 	 18.085600
  346 	 0.030967 	 2.875806 	 18.643720
  347 	 0.032733 	 2.172431 	 23.823936
  348 	 0.036814 	 2.357804 	 28.212256
  349 	 0.019389 	 2.139596 	 26.293042
  350 	 0.033544 	 2.490686 	 15.125304
  351 	 0.029966 	 2.366630 	 20.538718
  352 	 0.030897 	 2.707304 	 26.494382
  353 	 0.038246 	 2.078289 	 22.493666
  354 	 0.030069 	 2.650477 	 27.176023
  355 	 0.020834 	 2.513499 	 18.855302
  356 	 0.036794 	 3.441553 	 25.837209
  357 	 0.032606 	 2.748182 	 39.628406
  358 	 0.029396 	 2.484051 	 24.275288
  359 	 0.025216 	 3.336939 	 25.613490
  360 	 0.028276 	 3.497565 	 24.333293
  361 	 0.038362 	 2.571262 	 31.932974
  362 	 0.032378 	 2.974795 	 21.699416
  363 	 0.031304 	 2.517339 	 18.802056
  364 	 0.026597 	 3.199083 	 25.524618
  365 	 0.037921 	 2.609710 	 28.898276
  366 	 0.030777 	 3.478021 	 23.573546
  367 	 0.034598 	 2.617498 	 20.911406
  368 	 0.031602 	 2.795052 	 22.525136
  369 	 0.030048 	 2.795745 	 24.331916
  370 	 0.032984 	 3.069284 	 26.245044
  371 	 0.021300 	 2.587551 	 22.973712
  372 	 0.031878 	 2.964674 	 26.749128
  373 	 0.030040 	 2.670590 	 26.901895
  374 	 0.029369 	 2.549615 	 23.007807
  375 	 0.035249 	 2.761382 	 27.728898
  376 	 0.043455 	 3.358089 	 28.761612
  377 	 0.030729 	 2.955006 	 23.410601
  378 	 0.034763 	 2.355528 	 20.385204
  379 	 0.038686 	 3.143311 	 27.525962
  380 	 0.035722 	 2.906398 	 23.549771
  381 	 0.036324 	 2.248170 	 19.366872
  382 	 0.035732 	 2.301854 	 23.583930
  383 	 0.030915 	 3.266463 	 22.715120
  384 	 0.020245 	 3.334982 	 25.119591
  385 	 0.034689 	 3.076534 	 27.921411
  386 	 0.034934 	 2.323464 	 35.784259
  387 	 0.035805 	 3.931776 	 25.102553
  388 	 0.027942 	 3.351827 	 23.730908
  389 	 0.027337 	 2.680703 	 24.567043
  390 	 0.030824 	 2.536862 	 29.992424
  391 	 0.036506 	 3.611889 	 36.183337
  392 	 0.033336 	 4.063734 	 27.682457
  393 	 0.027634 	 3.575723 	 26.949754
  394 	 0.028796 	 2.272780 	 20.870593
  395 	 0.037099 	 3.164024 	 30.736949
  396 	 0.033203 	 4.445778 	 34.369101
  397 	 0.025258 	 3.328916 	 25.707733
  398 	 0.019998 	 1.691954 	 14.777315
  399 	 0.036497 	 3.472687 	 29.359549
 