   0 	 0.016809 	 0.109228 	 2.222222
    1 	 0.016776 	 0.714472 	 2.989537
    2 	 0.037776 	 1.462922 	 5.193323
    3 	 0.026363 	 1.101247 	 5.658120
    4 	 0.086986 	 0.615652 	 4.495873
    5 	 0.035873 	 0.949050 	 4.163843
    6 	 0.020960 	 1.140803 	 6.736799
    7 	 0.034024 	 0.949606 	 6.154640
    8 	 0.036866 	 1.061389 	 5.563560
    9 	 0.033214 	 1.311438 	 7.072015
   10 	 0.033111 	 1.231488 	 6.717450
   11 	 0.036626 	 0.981870 	 4.029309
   12 	 0.031039 	 0.923122 	 7.049976
   13 	 0.032670 	 1.620802 	 8.249037
   14 	 0.040350 	 2.147486 	 13.175970
   15 	 0.037623 	 1.466571 	 13.455400
   16 	 0.035744 	 1.216081 	 7.499058
   17 	 0.030919 	 1.499679 	 13.483920
   18 	 0.029891 	 1.969909 	 13.125797
   19 	 0.027575 	 2.215359 	 14.658657
   20 	 0.036944 	 2.201730 	 14.883008
   21 	 0.031777 	 1.514353 	 11.469826
   22 	 0.037202 	 2.012872 	 13.880012
   23 	 0.039957 	 2.567552 	 15.548108
   24 	 0.026852 	 2.342262 	 13.623604
   25 	 0.026565 	 1.429069 	 10.723022
   26 	 0.032007 	 1.804093 	 15.588012
   27 	 0.036280 	 2.451643 	 14.394208
   28 	 0.024862 	 1.995790 	 14.401490
   29 	 0.033700 	 1.753033 	 14.475969
   30 	 0.039919 	 2.177852 	 17.342414
   31 	 0.039192 	 1.880947 	 14.577223
   32 	 0.036441 	 1.864012 	 9.089654
   33 	 0.039906 	 1.890996 	 20.175547
   34 	 0.020320 	 2.310201 	 24.317595
   35 	 0.028272 	 2.067711 	 14.618507
   36 	 0.032675 	 2.595192 	 24.315511
   37 	 0.034643 	 1.868196 	 16.455081
   38 	 0.032823 	 2.538715 	 21.674810
   39 	 0.037135 	 2.093930 	 22.201090
   40 	 0.036627 	 2.334066 	 22.002322
   41 	 0.031846 	 2.509718 	 26.360894
   42 	 0.027335 	 2.817277 	 24.174978
   43 	 0.032010 	 2.311074 	 27.896934
   44 	 0.041293 	 2.304490 	 18.449579
   45 	 0.035840 	 2.647593 	 30.293921
   46 	 0.036748 	 2.301771 	 21.773285
   47 	 0.032948 	 2.050165 	 21.626516
   48 	 0.029308 	 2.048836 	 15.508588
   49 	 0.026773 	 2.579709 	 26.391964
   50 	 0.036059 	 3.042710 	 26.881966
   51 	 0.031834 	 2.858176 	 32.816430
   52 	 0.031384 	 1.837339 	 13.278235
   53 	 0.023860 	 3.041103 	 26.592073
   54 	 0.031838 	 2.933521 	 26.020765
   55 	 0.020875 	 2.933944 	 38.669173
   56 	 0.038421 	 2.730176 	 26.975354
   57 	 0.025860 	 3.400381 	 26.746959
   58 	 0.037069 	 2.741670 	 25.496673
   59 	 0.031106 	 4.451396 	 33.146500
   60 	 0.022523 	 3.048874 	 26.337116
   61 	 0.016903 	 3.267746 	 31.244336
   62 	 0.018148 	 3.401792 	 42.692444
   63 	 0.030360 	 3.677562 	 32.718349
   64 	 0.023423 	 3.304662 	 51.155350
   65 	 0.030563 	 3.027035 	 25.846203
   66 	 0.019547 	 3.551739 	 41.113590
   67 	 0.030766 	 3.376642 	 29.938091
   68 	 0.024322 	 4.060920 	 48.520938
   69 	 0.033398 	 3.878028 	 31.984095
   70 	 0.020609 	 3.743662 	 39.181477
   71 	 0.028694 	 3.582868 	 29.241361
   72 	 0.019197 	 4.534448 	 45.851695
   73 	 0.020909 	 3.182692 	 30.802356
   74 	 0.021809 	 4.083805 	 49.757836
   75 	 0.032461 	 4.644874 	 44.229871
   76 	 0.020094 	 3.603638 	 31.667603
   77 	 0.022388 	 2.882028 	 29.018188
   78 	 0.031571 	 3.808297 	 35.094798
   79 	 0.034460 	 4.490365 	 28.543873
   80 	 0.019831 	 3.539682 	 25.092742
   81 	 0.034984 	 3.255549 	 25.614932
   82 	 0.024958 	 3.784458 	 36.993900
   83 	 0.028714 	 4.205007 	 26.961804
   84 	 0.027026 	 3.740782 	 38.084201
   85 	 0.036909 	 3.802469 	 30.724510
   86 	 0.026257 	 4.105355 	 35.302962
   87 	 0.030410 	 4.631094 	 26.050644
   88 	 0.028325 	 3.539148 	 36.288785
   89 	 0.029466 	 3.318041 	 30.870491
   90 	 0.027556 	 3.814240 	 33.754767
   91 	 0.019134 	 3.457816 	 29.880788
   92 	 0.029248 	 3.269690 	 31.195659
   93 	 0.033465 	 4.192207 	 48.938800
   94 	 0.031552 	 3.750267 	 32.735809
   95 	 0.020433 	 3.434454 	 27.600391
   96 	 0.030546 	 3.384408 	 27.356479
   97 	 0.021079 	 4.165205 	 40.107050
   98 	 0.023295 	 3.766873 	 24.344139
   99 	 0.020773 	 3.410624 	 23.196552
  100 	 0.024439 	 3.590658 	 35.978180
  101 	 0.020585 	 3.978686 	 40.204542
  102 	 0.027771 	 3.686593 	 34.436031
  103 	 0.024774 	 3.900884 	 39.706517
  104 	 0.029032 	 3.713351 	 30.891465
  105 	 0.025181 	 3.433567 	 24.619367
  106 	 0.031587 	 3.683691 	 23.296813
  107 	 0.025131 	 2.942894 	 17.609745
  108 	 0.035321 	 3.441026 	 29.336345
  109 	 0.016797 	 3.449884 	 29.384538
  110 	 0.033917 	 3.637338 	 26.238182
  111 	 0.034013 	 3.729426 	 46.735740
  112 	 0.033979 	 3.481781 	 24.101396
  113 	 0.021395 	 3.043931 	 25.965032
  114 	 0.024577 	 3.118394 	 24.035138
  115 	 0.032396 	 2.672554 	 19.389907
  116 	 0.033003 	 3.967738 	 34.390957
  117 	 0.038521 	 3.359414 	 26.808368
  118 	 0.029074 	 2.900899 	 22.081445
  119 	 0.027121 	 2.680504 	 17.824408
  120 	 0.036106 	 4.000223 	 29.785296
  121 	 0.022186 	 3.511654 	 30.751186
  122 	 0.033542 	 2.992312 	 20.889060
  123 	 0.030871 	 3.151574 	 38.232371
  124 	 0.035818 	 3.753356 	 24.719161
  125 	 0.026154 	 3.096762 	 25.615871
  126 	 0.019711 	 3.244852 	 24.667067
  127 	 0.034263 	 2.882455 	 33.163632
  128 	 0.031885 	 3.732761 	 23.550372
  129 	 0.030150 	 2.633084 	 20.816551
  130 	 0.027190 	 3.331855 	 27.562957
  131 	 0.048015 	 3.088835 	 31.007608
  132 	 0.023037 	 3.356977 	 31.555952
  133 	 0.029630 	 2.258450 	 17.910058
  134 	 0.031672 	 3.388289 	 24.769725
  135 	 0.028792 	 3.520061 	 28.710841
  136 	 0.019691 	 3.241830 	 28.191482
  137 	 0.025732 	 1.968662 	 14.207553
  138 	 0.019535 	 3.410931 	 26.277114
  139 	 0.038371 	 3.382070 	 33.861502
  140 	 0.038049 	 3.605786 	 27.148240
  141 	 0.029508 	 2.295580 	 23.006401
  142 	 0.027697 	 2.940304 	 22.188779
  143 	 0.031887 	 3.766240 	 30.022780
  144 	 0.019013 	 2.916092 	 25.588082
  145 	 0.033303 	 2.119389 	 16.744111
  146 	 0.022818 	 3.263488 	 42.529409
  147 	 0.029255 	 3.310576 	 25.704639
  148 	 0.023505 	 3.300989 	 31.627614
  149 	 0.015692 	 2.537527 	 29.192372
  150 	 0.031613 	 2.568436 	 30.025738
  151 	 0.028713 	 3.544721 	 53.786662
  152 	 0.031287 	 3.522183 	 24.997689
  153 	 0.018591 	 2.603735 	 26.918135
  154 	 0.022061 	 2.544602 	 25.707100
  155 	 0.018964 	 2.994103 	 41.167528
  156 	 0.035855 	 3.748649 	 36.021108
  157 	 0.020774 	 3.246421 	 42.800802
  158 	 0.021754 	 3.408516 	 26.140371
  159 	 0.023342 	 3.316379 	 37.916413
  160 	 0.034116 	 3.486657 	 36.962510
  161 	 0.026373 	 2.934714 	 25.987414
  162 	 0.027050 	 3.823759 	 25.609136
  163 	 0.033507 	 4.023745 	 35.205750
  164 	 0.031966 	 3.018946 	 31.896013
  165 	 0.028391 	 2.874187 	 24.737432
  166 	 0.031170 	 3.566340 	 21.278351
  167 	 0.031239 	 3.697477 	 34.612291
  168 	 0.036370 	 3.306541 	 29.653984
  169 	 0.024287 	 3.570921 	 26.702254
  170 	 0.026774 	 3.333598 	 26.061876
  171 	 0.035300 	 4.300685 	 30.972006
  172 	 0.030876 	 3.399469 	 29.434437
  173 	 0.025353 	 3.141295 	 24.390050
  174 	 0.033967 	 4.236863 	 23.950393
  175 	 0.038059 	 4.230893 	 32.623440
  176 	 0.018848 	 3.804927 	 24.946711
  177 	 0.021818 	 2.973391 	 20.418744
  178 	 0.037459 	 4.195755 	 36.566208
  179 	 0.029929 	 3.345206 	 33.763053
  180 	 0.027345 	 3.668983 	 24.242083
  181 	 0.029609 	 3.399917 	 22.636750
  182 	 0.034652 	 3.512623 	 28.292169
  183 	 0.044159 	 3.015414 	 25.967731
  184 	 0.029270 	 3.270785 	 19.481262
  185 	 0.037668 	 3.367272 	 18.431316
  186 	 0.034727 	 2.510577 	 22.789283
  187 	 0.047509 	 2.765478 	 22.847752
  188 	 0.020659 	 3.404371 	 22.169912
  189 	 0.020682 	 2.999217 	 16.023269
  190 	 0.045079 	 2.560471 	 30.157387
  191 	 0.032927 	 2.872712 	 33.804041
  192 	 0.017146 	 2.957991 	 18.525741
  193 	 0.029574 	 2.917348 	 21.182263
  194 	 0.031307 	 2.643610 	 21.211915
  195 	 0.021791 	 2.942426 	 21.195243
  196 	 0.030878 	 2.864231 	 22.324591
  197 	 0.036128 	 2.735020 	 32.582752
  198 	 0.034111 	 2.572954 	 23.267641
  199 	 0.017852 	 2.284600 	 20.193306
  200 	 0.029141 	 3.006252 	 20.851971
  201 	 0.036805 	 3.051923 	 33.953840
  202 	 0.037828 	 2.976135 	 23.786532
  203 	 0.029444 	 2.173419 	 20.118743
  204 	 0.024660 	 2.731489 	 19.948703
  205 	 0.036959 	 2.423249 	 16.682200
  206 	 0.038977 	 2.782242 	 19.357180
  207 	 0.037194 	 2.416003 	 20.261922
  208 	 0.031861 	 2.441630 	 22.432863
  209 	 0.024471 	 2.231487 	 15.577882
  210 	 0.039243 	 2.364974 	 23.548637
  211 	 0.019578 	 2.573098 	 28.595365
  212 	 0.038838 	 2.476920 	 20.103299
  213 	 0.034963 	 3.327597 	 38.944036
  214 	 0.036289 	 2.623915 	 18.997711
  215 	 0.025672 	 2.237096 	 17.781010
  216 	 0.031413 	 2.684398 	 23.437709
  217 	 0.037939 	 2.857277 	 27.645887
  218 	 0.034254 	 3.204377 	 24.805675
  219 	 0.036164 	 2.322301 	 17.024475
  220 	 0.019142 	 2.770270 	 25.091359
  221 	 0.037856 	 2.608141 	 22.190452
  222 	 0.030797 	 4.199064 	 33.735948
  223 	 0.045046 	 2.314487 	 16.875840
  224 	 0.029626 	 2.047009 	 21.850991
  225 	 0.037919 	 2.254737 	 18.958942
  226 	 0.026179 	 4.062363 	 23.073828
  227 	 0.027811 	 2.130070 	 15.516784
  228 	 0.030988 	 2.115593 	 21.017825
  229 	 0.030497 	 2.190988 	 20.571304
  230 	 0.029378 	 3.060494 	 23.565561
  231 	 0.038283 	 3.059260 	 28.013250
  232 	 0.036216 	 2.361938 	 30.323078
  233 	 0.035385 	 2.552985 	 17.668124
  234 	 0.032953 	 3.005122 	 23.032843
  235 	 0.038776 	 2.819638 	 23.661470
  236 	 0.030807 	 2.955021 	 23.500192
  237 	 0.037839 	 2.648842 	 21.750399
  238 	 0.041678 	 3.213100 	 25.969435
  239 	 0.038371 	 3.084279 	 23.234481
  240 	 0.022087 	 2.388602 	 20.459048
  241 	 0.035095 	 2.604121 	 19.151443
  242 	 0.036987 	 2.540750 	 22.635137
  243 	 0.029693 	 3.078390 	 24.734109
  244 	 0.031868 	 2.636290 	 22.579832
  245 	 0.024410 	 2.395676 	 25.385173
  246 	 0.029914 	 2.828088 	 24.056689
  247 	 0.018154 	 3.947956 	 33.185605
  248 	 0.019281 	 2.900246 	 28.397527
  249 	 0.028604 	 2.979118 	 42.637056
  250 	 0.033120 	 2.724136 	 21.620789
  251 	 0.017229 	 3.560488 	 23.080999
  252 	 0.022720 	 2.540649 	 21.687607
  253 	 0.026471 	 2.878189 	 40.113936
  254 	 0.037562 	 3.849380 	 34.106727
  255 	 0.021219 	 4.060754 	 29.264755
  256 	 0.016746 	 3.222872 	 21.659335
  257 	 0.028206 	 2.599142 	 34.579065
  258 	 0.038712 	 3.886618 	 40.906786
  259 	 0.028913 	 3.658819 	 23.887318
  260 	 0.024441 	 2.982149 	 20.438560
  261 	 0.034658 	 2.429057 	 27.312850
  262 	 0.029838 	 3.174239 	 31.112686
  263 	 0.030562 	 3.409459 	 26.839533
  264 	 0.032131 	 2.975533 	 27.847067
  265 	 0.036363 	 3.071038 	 26.135542
  266 	 0.028587 	 3.564427 	 23.320877
  267 	 0.038173 	 3.253565 	 22.712448
  268 	 0.035677 	 2.827102 	 27.558216
  269 	 0.035506 	 2.527501 	 21.761293
  270 	 0.036109 	 2.941551 	 22.232116
  271 	 0.033551 	 3.590935 	 22.720675
  272 	 0.038480 	 2.819246 	 22.826348
  273 	 0.038083 	 3.087297 	 25.220349
  274 	 0.036470 	 2.898660 	 23.266436
  275 	 0.037864 	 3.847324 	 23.063901
  276 	 0.030925 	 3.097583 	 24.894063
  277 	 0.038967 	 2.800562 	 19.180870
  278 	 0.032799 	 2.623568 	 23.028225
  279 	 0.037141 	 2.614819 	 20.404462
  280 	 0.037882 	 2.218570 	 18.762208
  281 	 0.035120 	 2.926527 	 21.729438
  282 	 0.026793 	 2.071740 	 16.241338
  283 	 0.034944 	 2.689036 	 16.265747
  284 	 0.027768 	 2.453957 	 17.607113
  285 	 0.038184 	 2.337818 	 18.036276
  286 	 0.029793 	 2.327205 	 19.888031
  287 	 0.028636 	 2.475465 	 21.870369
  288 	 0.039887 	 2.483706 	 26.814424
  289 	 0.036851 	 2.230776 	 21.055744
  290 	 0.035979 	 2.394321 	 21.014151
  291 	 0.027517 	 2.836971 	 21.564245
  292 	 0.037017 	 2.385375 	 22.999479
  293 	 0.031562 	 2.512687 	 28.557126
  294 	 0.028760 	 2.538810 	 25.178242
  295 	 0.034987 	 3.597702 	 24.227635
  296 	 0.029665 	 3.005261 	 22.476278
  297 	 0.021430 	 2.433174 	 22.660796
  298 	 0.036567 	 2.497082 	 23.148555
  299 	 0.022825 	 4.001246 	 31.123303
  300 	 0.033374 	 2.908738 	 24.057369
  301 	 0.024409 	 2.419459 	 20.751953
  302 	 0.031513 	 3.042616 	 23.599191
  303 	 0.036103 	 3.719493 	 30.832072
  304 	 0.037349 	 2.941170 	 23.440650
  305 	 0.032428 	 2.377893 	 25.837874
  306 	 0.042456 	 2.778852 	 21.025248
  307 	 0.031355 	 3.715109 	 24.674065
  308 	 0.033403 	 2.764285 	 22.595668
  309 	 0.030683 	 2.801281 	 23.778608
  310 	 0.028624 	 2.484702 	 19.706512
  311 	 0.042018 	 4.227038 	 30.597217
  312 	 0.032627 	 2.390758 	 17.909816
  313 	 0.032681 	 2.399919 	 22.666652
  314 	 0.035965 	 2.747166 	 24.390454
  315 	 0.036805 	 3.471374 	 22.583168
  316 	 0.034090 	 3.047855 	 24.454943
  317 	 0.031662 	 2.548524 	 23.683774
  318 	 0.036267 	 2.412910 	 23.207566
  319 	 0.031036 	 3.283283 	 29.618806
  320 	 0.036078 	 3.309765 	 26.063902
  321 	 0.030339 	 2.422092 	 20.187221
  322 	 0.037481 	 2.042165 	 18.322545
  323 	 0.037304 	 2.681398 	 17.684488
  324 	 0.035445 	 3.074820 	 23.750732
  325 	 0.025135 	 2.317751 	 16.834004
  326 	 0.029647 	 2.597194 	 23.920937
  327 	 0.033793 	 2.872932 	 23.565649
  328 	 0.030947 	 3.041926 	 27.974579
  329 	 0.034974 	 2.705197 	 26.600513
  330 	 0.035196 	 2.767419 	 26.243962
  331 	 0.035429 	 3.147352 	 23.553737
  332 	 0.037834 	 3.305389 	 27.861927
  333 	 0.027910 	 3.028832 	 28.146303
  334 	 0.033290 	 3.236732 	 24.747210
  335 	 0.031628 	 3.622057 	 28.481579
  336 	 0.024862 	 2.608309 	 23.208367
  337 	 0.028594 	 2.660674 	 31.418824
  338 	 0.030813 	 3.243668 	 36.020111
  339 	 0.025708 	 3.401136 	 28.095281
  340 	 0.027754 	 3.001097 	 27.025911
  341 	 0.030216 	 2.669981 	 34.833308
  342 	 0.036124 	 2.680155 	 27.736067
  343 	 0.028706 	 3.214678 	 29.397994
  344 	 0.035970 	 3.021967 	 26.864527
  345 	 0.034006 	 2.557196 	 26.281195
  346 	 0.030176 	 2.790064 	 26.759534
  347 	 0.038046 	 3.485804 	 28.484877
  348 	 0.023295 	 3.082720 	 31.973707
  349 	 0.031134 	 2.619514 	 21.957533
  350 	 0.029602 	 3.275997 	 40.992522
  351 	 0.038545 	 3.594897 	 31.914533
  352 	 0.024330 	 3.474331 	 32.677229
  353 	 0.031325 	 2.167494 	 23.232602
  354 	 0.024212 	 3.400045 	 40.273857
  355 	 0.037182 	 4.153761 	 30.097924
  356 	 0.024755 	 4.634347 	 36.085897
  357 	 0.032427 	 2.238254 	 24.580625
  358 	 0.027709 	 4.062622 	 38.234190
  359 	 0.023164 	 5.017853 	 29.561771
  360 	 0.026130 	 4.537059 	 34.711293
  361 	 0.033824 	 3.010471 	 40.710454
  362 	 0.028095 	 2.526013 	 26.219971
  363 	 0.023159 	 4.498186 	 28.389320
  364 	 0.034225 	 4.221311 	 33.904226
  365 	 0.025197 	 3.537798 	 38.544174
  366 	 0.029394 	 2.775337 	 25.771498
  367 	 0.025943 	 3.969258 	 30.609059
  368 	 0.033409 	 3.911827 	 32.474094
  369 	 0.032570 	 3.887998 	 37.278113
  370 	 0.030792 	 2.556338 	 25.380125
  371 	 0.019480 	 3.464535 	 30.147579
  372 	 0.035629 	 3.596441 	 24.394743
  373 	 0.033157 	 3.269062 	 29.223115
  374 	 0.021512 	 2.481952 	 23.624976
  375 	 0.024982 	 3.980798 	 24.844131
  376 	 0.018839 	 3.900184 	 39.506349
  377 	 0.035043 	 3.117804 	 21.585642
  378 	 0.019627 	 3.079144 	 24.379003
  379 	 0.029909 	 3.793661 	 25.744542
  380 	 0.036018 	 3.249241 	 42.686266
  381 	 0.036582 	 3.354018 	 29.665626
  382 	 0.023425 	 4.215980 	 25.433539
  383 	 0.018057 	 3.547788 	 23.795635
  384 	 0.037116 	 2.941351 	 29.740093
  385 	 0.028077 	 3.283615 	 46.823545
  386 	 0.033620 	 4.035872 	 23.465271
  387 	 0.021356 	 3.565203 	 32.281591
  388 	 0.028990 	 2.918386 	 25.165421
  389 	 0.017297 	 3.534244 	 41.743708
  390 	 0.035299 	 4.385912 	 33.794639
  391 	 0.023954 	 2.898522 	 34.770474
  392 	 0.029551 	 3.622153 	 27.437490
  393 	 0.028760 	 4.204609 	 40.234993
  394 	 0.036442 	 4.928034 	 31.896847
  395 	 0.021349 	 2.276150 	 20.795695
  396 	 0.017239 	 3.550345 	 26.779615
  397 	 0.048012 	 3.975335 	 45.560232
  398 	 0.030539 	 4.934534 	 25.830668
  399 	 0.021256 	 2.369621 	 20.698952
 