   0 	 0.013832 	 0.084947 	 1.627604
    1 	 0.016552 	 0.217995 	 1.627604
    2 	 0.032857 	 0.841685 	 7.688477
    3 	 0.028669 	 1.942419 	 21.708799
    4 	 0.036807 	 1.893317 	 20.304008
    5 	 0.036021 	 1.270882 	 34.881106
    6 	 0.036236 	 1.450724 	 26.768790
    7 	 0.028173 	 2.125009 	 24.378755
    8 	 0.036411 	 2.247459 	 26.696615
    9 	 0.036092 	 1.845640 	 35.495506
   10 	 0.036838 	 1.970962 	 27.464390
   11 	 0.028173 	 2.493962 	 27.707315
   12 	 0.035225 	 2.643003 	 27.081932
   13 	 0.036092 	 2.483300 	 29.305398
   14 	 0.036396 	 2.407145 	 27.464390
   15 	 0.033653 	 2.647362 	 27.707315
   16 	 0.017836 	 2.239950 	 27.184332
   17 	 0.036092 	 2.824916 	 28.227196
   18 	 0.036648 	 3.479042 	 56.067080
   19 	 0.035427 	 2.440353 	 27.707315
   20 	 0.017836 	 2.265850 	 27.286732
   21 	 0.030140 	 2.492529 	 27.256077
   22 	 0.029957 	 4.919294 	 56.067080
   23 	 0.036689 	 3.735776 	 33.178206
   24 	 0.012153 	 3.260227 	 33.381080
   25 	 0.030140 	 2.821783 	 27.256077
   26 	 0.029957 	 5.207221 	 82.281479
   27 	 0.018702 	 2.891787 	 27.516590
   28 	 0.012153 	 3.468374 	 33.381080
   29 	 0.036342 	 3.803164 	 53.470476
   30 	 0.029957 	 5.541076 	 82.281479
   31 	 0.018702 	 4.079125 	 27.516590
   32 	 0.012153 	 3.795615 	 33.381080
   33 	 0.030110 	 4.815809 	 53.470476
   34 	 0.018956 	 4.698566 	 54.207436
   35 	 0.018702 	 4.884105 	 33.211251
   36 	 0.018309 	 5.557523 	 52.753169
   37 	 0.029743 	 4.507323 	 53.470476
   38 	 0.016780 	 4.669913 	 54.617036
   39 	 0.018702 	 5.429023 	 33.620851
   40 	 0.018309 	 6.384819 	 59.595479
   41 	 0.029743 	 4.955768 	 53.470476
   42 	 0.016780 	 4.874792 	 54.617036
   43 	 0.018702 	 5.319526 	 33.620851
   44 	 0.016348 	 6.691061 	 59.595479
   45 	 0.029743 	 4.982260 	 53.470476
   46 	 0.016780 	 5.271328 	 61.170636
   47 	 0.018702 	 5.473988 	 33.620851
   48 	 0.016348 	 6.735574 	 59.595479
   49 	 0.028958 	 5.012882 	 53.470476
   50 	 0.016780 	 5.045299 	 61.170636
   51 	 0.016660 	 6.114409 	 34.532469
   52 	 0.016348 	 6.539833 	 59.595479
   53 	 0.028958 	 5.619872 	 60.024075
   54 	 0.016780 	 5.644513 	 61.170636
   55 	 0.016660 	 5.554169 	 34.532469
   56 	 0.016348 	 4.840763 	 59.595479
   57 	 0.028958 	 5.038214 	 60.024075
   58 	 0.016665 	 5.819663 	 61.170636
   59 	 0.016660 	 5.883496 	 34.532469
   60 	 0.015921 	 5.353060 	 60.005079
   61 	 0.028958 	 5.391717 	 60.024075
   62 	 0.016665 	 4.476817 	 36.185021
   63 	 0.016660 	 5.297052 	 34.532469
   64 	 0.025062 	 5.776155 	 60.005079
   65 	 0.018747 	 6.063038 	 60.024075
   66 	 0.016665 	 5.970277 	 39.900690
   67 	 0.016660 	 5.124025 	 53.342336
   68 	 0.019024 	 4.867743 	 39.748939
   69 	 0.018747 	 5.769170 	 60.024075
   70 	 0.025158 	 6.493328 	 52.564747
   71 	 0.016660 	 5.595904 	 53.342336
   72 	 0.019024 	 5.090453 	 39.748939
   73 	 0.018747 	 6.953898 	 60.024075
   74 	 0.025158 	 6.382577 	 52.564747
   75 	 0.016660 	 5.362630 	 40.174451
   76 	 0.019024 	 6.159581 	 39.748939
   77 	 0.024891 	 6.210181 	 60.024075
   78 	 0.019022 	 6.515119 	 41.539090
   79 	 0.016660 	 5.369718 	 40.174451
   80 	 0.020793 	 6.231870 	 52.571639
   81 	 0.024891 	 6.780279 	 60.024075
   82 	 0.018829 	 4.985921 	 40.579374
   83 	 0.016660 	 4.341610 	 40.174451
   84 	 0.024643 	 7.881977 	 53.109494
   85 	 0.024891 	 6.571567 	 35.227480
   86 	 0.015160 	 5.306616 	 40.579374
   87 	 0.028387 	 5.803064 	 40.174451
   88 	 0.024643 	 7.324497 	 65.963338
   89 	 0.024891 	 5.211352 	 35.227480
   90 	 0.015160 	 3.522927 	 32.919706
   91 	 0.028387 	 6.210699 	 40.174451
   92 	 0.030377 	 7.428117 	 65.963338
   93 	 0.019023 	 5.032437 	 35.227480
   94 	 0.015160 	 3.331046 	 32.919706
   95 	 0.028387 	 5.823883 	 52.568001
   96 	 0.028937 	 7.212401 	 65.963338
   97 	 0.018986 	 5.327885 	 34.963710
   98 	 0.015160 	 3.641154 	 34.558106
   99 	 0.018116 	 6.029647 	 52.670401
  100 	 0.027627 	 5.843470 	 65.963338
  101 	 0.015040 	 5.901063 	 55.198526
  102 	 0.015160 	 4.752089 	 36.196505
  103 	 0.018116 	 5.984068 	 66.491250
  104 	 0.018998 	 6.918162 	 65.963338
  105 	 0.015040 	 6.289316 	 55.198526
  106 	 0.015160 	 7.350509 	 52.637731
  107 	 0.018116 	 6.042323 	 66.491250
  108 	 0.018679 	 8.002164 	 65.963338
  109 	 0.015040 	 7.329953 	 55.198526
  110 	 0.015160 	 7.461744 	 52.637731
  111 	 0.018116 	 6.030556 	 66.491250
  112 	 0.018998 	 8.928104 	 65.963338
  113 	 0.014947 	 7.080252 	 55.198526
  114 	 0.010849 	 7.302617 	 52.637731
  115 	 0.017862 	 4.329947 	 43.008776
  116 	 0.018998 	 8.950517 	 92.177737
  117 	 0.023251 	 7.739780 	 55.983307
  118 	 0.010659 	 7.356902 	 52.637731
  119 	 0.017830 	 5.066213 	 43.008776
  120 	 0.018851 	 9.087725 	 93.816136
  121 	 0.023251 	 7.247405 	 56.085707
  122 	 0.010659 	 7.661399 	 53.047331
  123 	 0.017830 	 4.512991 	 43.008776
  124 	 0.018851 	 7.885444 	 93.816136
  125 	 0.023251 	 7.415314 	 56.085707
  126 	 0.010659 	 7.301569 	 53.047331
  127 	 0.017830 	 4.466592 	 43.008776
  128 	 0.018851 	 8.694155 	 93.816136
  129 	 0.017872 	 7.378532 	 56.085707
  130 	 0.010659 	 7.232209 	 53.047331
  131 	 0.016943 	 4.783763 	 55.954141
  132 	 0.018707 	 6.634190 	 52.578634
  133 	 0.012170 	 6.470882 	 56.085707
  134 	 0.016794 	 7.613960 	 53.456931
  135 	 0.017830 	 6.346225 	 82.168540
  136 	 0.016036 	 6.907455 	 59.544526
  137 	 0.012170 	 6.370606 	 56.085707
  138 	 0.016794 	 8.123919 	 62.358358
  139 	 0.012656 	 5.818272 	 82.168540
  140 	 0.016036 	 6.365262 	 59.544526
  141 	 0.012170 	 6.839626 	 79.012645
  142 	 0.016794 	 8.860705 	 62.358358
  143 	 0.012656 	 7.139080 	 82.168540
  144 	 0.016036 	 5.385521 	 37.361773
  145 	 0.012170 	 6.604921 	 79.012645
  146 	 0.026765 	 7.237374 	 53.456931
  147 	 0.012656 	 5.473219 	 54.651616
  148 	 0.018707 	 5.608306 	 37.361773
  149 	 0.018298 	 6.791937 	 41.775991
  150 	 0.025346 	 7.768281 	 53.456931
  151 	 0.023937 	 5.929211 	 54.651616
  152 	 0.018707 	 6.777959 	 39.454388
  153 	 0.018298 	 6.747742 	 41.775991
  154 	 0.025346 	 7.404074 	 53.456931
  155 	 0.023937 	 6.591243 	 54.651616
  156 	 0.018707 	 6.117756 	 38.111119
  157 	 0.018298 	 7.067905 	 41.775991
  158 	 0.016827 	 7.372971 	 53.456931
  159 	 0.023937 	 6.188094 	 54.651616
  160 	 0.018707 	 6.348651 	 59.428286
  161 	 0.018298 	 7.808933 	 41.775991
  162 	 0.016376 	 7.875307 	 53.456931
  163 	 0.018451 	 7.143470 	 54.651616
  164 	 0.018483 	 7.099358 	 61.066685
  165 	 0.016338 	 6.635244 	 53.235478
  166 	 0.016376 	 7.841204 	 54.105156
  167 	 0.018224 	 8.350161 	 61.205216
  168 	 0.018483 	 7.803204 	 61.066685
  169 	 0.016338 	 6.034669 	 43.414391
  170 	 0.016376 	 7.956636 	 54.105156
  171 	 0.023034 	 7.894219 	 61.205216
  172 	 0.018448 	 7.963873 	 61.066685
  173 	 0.016338 	 5.254296 	 43.414391
  174 	 0.016376 	 7.020092 	 54.207556
  175 	 0.022819 	 7.655133 	 61.205216
  176 	 0.018448 	 7.973306 	 61.066685
  177 	 0.016338 	 6.197967 	 43.823991
  178 	 0.016376 	 6.663288 	 54.207556
  179 	 0.022819 	 8.334141 	 61.205216
  180 	 0.018448 	 6.563274 	 61.066685
  181 	 0.015251 	 6.591984 	 43.823991
  182 	 0.016376 	 6.204515 	 54.207556
  183 	 0.022819 	 8.041069 	 65.571147
  184 	 0.018448 	 5.125861 	 32.798481
  185 	 0.015008 	 5.655063 	 43.823991
  186 	 0.018310 	 7.468016 	 54.207556
  187 	 0.022819 	 7.831627 	 66.632416
  188 	 0.018448 	 5.516892 	 54.614613
  189 	 0.015008 	 5.206512 	 43.823991
  190 	 0.012372 	 7.521844 	 54.207556
  191 	 0.022819 	 9.922734 	 66.632416
  192 	 0.018448 	 6.143170 	 80.829012
  193 	 0.015008 	 5.040506 	 43.823991
  194 	 0.012372 	 6.561963 	 54.207556
  195 	 0.016784 	 9.448910 	 66.632416
  196 	 0.018448 	 6.139631 	 80.829012
  197 	 0.015008 	 5.209161 	 43.823991
  198 	 0.012372 	 6.602177 	 54.207556
  199 	 0.021588 	 9.656218 	 66.632416
  200 	 0.013542 	 6.681640 	 80.829012
  201 	 0.014916 	 5.530028 	 46.321571
  202 	 0.012372 	 4.821420 	 54.207556
  203 	 0.021588 	 8.785158 	 67.042015
  204 	 0.018448 	 6.209054 	 55.997591
  205 	 0.014560 	 5.548577 	 46.321571
  206 	 0.017858 	 5.983828 	 54.207556
  207 	 0.021588 	 8.026210 	 68.680415
  208 	 0.014846 	 6.146384 	 54.819586
  209 	 0.014560 	 5.222094 	 46.321571
  210 	 0.018242 	 6.074654 	 54.207556
  211 	 0.021588 	 7.605637 	 68.680415
  212 	 0.018448 	 7.270622 	 54.819586
  213 	 0.010538 	 5.687672 	 46.321571
  214 	 0.014860 	 6.160242 	 54.207556
  215 	 0.021588 	 8.498895 	 94.894814
  216 	 0.018448 	 6.187715 	 67.294528
  217 	 0.010538 	 5.167780 	 46.321571
  218 	 0.014860 	 4.878837 	 35.489591
  219 	 0.021588 	 7.673764 	 94.894814
  220 	 0.018913 	 7.041373 	 67.294528
  221 	 0.009857 	 5.453350 	 46.321571
  222 	 0.014860 	 5.701935 	 52.874454
  223 	 0.021588 	 6.514047 	 54.718892
  224 	 0.016206 	 6.603146 	 67.294528
  225 	 0.017229 	 5.714835 	 46.321571
  226 	 0.014860 	 6.220622 	 61.703990
  227 	 0.021588 	 6.494747 	 58.042967
  228 	 0.016206 	 7.797236 	 67.294528
  229 	 0.017229 	 6.021179 	 46.321571
  230 	 0.014860 	 5.868357 	 61.703990
  231 	 0.018158 	 6.800740 	 58.042967
  232 	 0.016206 	 5.965357 	 67.294528
  233 	 0.017229 	 6.206249 	 55.073296
  234 	 0.014860 	 5.694771 	 60.685975
  235 	 0.013786 	 7.089239 	 58.042967
  236 	 0.014473 	 6.058370 	 67.294528
  237 	 0.017229 	 6.637621 	 72.535970
  238 	 0.010694 	 6.277057 	 69.094708
  239 	 0.013786 	 6.896029 	 58.042967
  240 	 0.014473 	 7.099935 	 93.508927
  241 	 0.017229 	 6.113234 	 72.535970
  242 	 0.010694 	 6.173463 	 69.094708
  243 	 0.013786 	 7.532608 	 58.042967
  244 	 0.013219 	 7.783620 	 93.508927
  245 	 0.017229 	 6.470204 	 72.535970
  246 	 0.010510 	 5.346165 	 75.648308
  247 	 0.013786 	 7.901408 	 58.042967
  248 	 0.013219 	 6.039788 	 53.875787
  249 	 0.016756 	 5.976693 	 72.535970
  250 	 0.018561 	 5.591323 	 75.648308
  251 	 0.013786 	 7.332229 	 59.681366
  252 	 0.013219 	 5.991257 	 53.875787
  253 	 0.016756 	 5.548710 	 72.535970
  254 	 0.018450 	 6.560216 	 75.648308
  255 	 0.013786 	 8.368459 	 59.681366
  256 	 0.013219 	 7.084191 	 54.199545
  257 	 0.016486 	 6.086069 	 72.535970
  258 	 0.018450 	 5.519538 	 52.786583
  259 	 0.013786 	 8.210373 	 60.658815
  260 	 0.016852 	 7.101852 	 54.199545
  261 	 0.014878 	 7.634507 	 72.535970
  262 	 0.018450 	 6.294682 	 59.340183
  263 	 0.013786 	 8.344864 	 67.212414
  264 	 0.016823 	 5.953551 	 54.199545
  265 	 0.014878 	 7.844281 	 72.535970
  266 	 0.017909 	 6.707160 	 59.442583
  267 	 0.013482 	 7.580373 	 67.212414
  268 	 0.016823 	 6.336605 	 55.837944
  269 	 0.012619 	 7.109173 	 74.174369
  270 	 0.017909 	 7.182848 	 59.442583
  271 	 0.013482 	 7.034463 	 67.212414
  272 	 0.016823 	 5.908993 	 55.837944
  273 	 0.010704 	 7.058404 	 74.174369
  274 	 0.017909 	 6.427871 	 43.451294
  275 	 0.013482 	 6.527804 	 93.426813
  276 	 0.019915 	 5.436308 	 39.852511
  277 	 0.010704 	 7.359337 	 74.174369
  278 	 0.024195 	 7.352231 	 50.213586
  279 	 0.013482 	 7.934456 	 93.426813
  280 	 0.019915 	 5.560423 	 41.331001
  281 	 0.010704 	 7.218656 	 74.174369
  282 	 0.024195 	 7.777403 	 50.213586
  283 	 0.013408 	 7.870993 	 93.426813
  284 	 0.018256 	 5.376893 	 41.331001
  285 	 0.010704 	 7.578869 	 74.583969
  286 	 0.016463 	 7.844207 	 54.777916
  287 	 0.013408 	 8.683708 	 93.426813
  288 	 0.018256 	 5.010668 	 60.742357
  289 	 0.008358 	 6.400396 	 74.583969
  290 	 0.014454 	 7.164905 	 54.012173
  291 	 0.012325 	 10.250444 	 119.641212
  292 	 0.018514 	 3.761117 	 31.270088
  293 	 0.008358 	 5.858453 	 81.137569
  294 	 0.030387 	 7.335956 	 54.012173
  295 	 0.012325 	 10.967786 	 119.641212
  296 	 0.017936 	 3.912947 	 32.908488
  297 	 0.008358 	 5.794419 	 81.137569
  298 	 0.030387 	 6.627185 	 55.752973
  299 	 0.012325 	 12.337410 	 119.641212
  300 	 0.017805 	 3.750204 	 32.908488
  301 	 0.008358 	 5.710617 	 81.137569
  302 	 0.029941 	 6.917969 	 56.162573
  303 	 0.012325 	 11.474768 	 119.641212
  304 	 0.017805 	 4.500594 	 33.399222
  305 	 0.008358 	 5.870899 	 81.137569
  306 	 0.017916 	 6.174302 	 37.035305
  307 	 0.012309 	 11.607007 	 119.641212
  308 	 0.016026 	 5.375830 	 55.817470
  309 	 0.008358 	 4.196007 	 41.610267
  310 	 0.017916 	 6.533166 	 62.399573
  311 	 0.024033 	 12.519881 	 119.641212
  312 	 0.016026 	 5.768591 	 55.817470
  313 	 0.007924 	 4.254682 	 41.610267
  314 	 0.017916 	 5.177869 	 35.083247
  315 	 0.024033 	 10.988150 	 89.143597
  316 	 0.019064 	 6.285278 	 55.817470
  317 	 0.011218 	 4.516083 	 41.610267
  318 	 0.017916 	 5.290494 	 52.454203
  319 	 0.024033 	 8.635911 	 85.539089
  320 	 0.019064 	 6.253817 	 55.817470
  321 	 0.011691 	 4.693836 	 41.610267
  322 	 0.017916 	 6.296773 	 52.454203
  323 	 0.024033 	 7.969397 	 85.539089
  324 	 0.019064 	 6.149360 	 55.817470
  325 	 0.011691 	 5.757326 	 41.610267
  326 	 0.017916 	 6.866315 	 52.454203
  327 	 0.024033 	 7.405084 	 85.539089
  328 	 0.019064 	 7.277241 	 55.817470
  329 	 0.011691 	 5.632295 	 41.610267
  330 	 0.017916 	 6.845097 	 52.454203
  331 	 0.024033 	 6.052940 	 59.115869
  332 	 0.012712 	 8.268107 	 55.817470
  333 	 0.016916 	 5.345232 	 33.636978
  334 	 0.017916 	 6.393287 	 78.668602
  335 	 0.016263 	 6.114733 	 59.115869
  336 	 0.012712 	 8.264067 	 55.817470
  337 	 0.016665 	 5.805252 	 61.489776
  338 	 0.017785 	 6.085987 	 78.668602
  339 	 0.016263 	 7.493372 	 60.007590
  340 	 0.012695 	 8.377523 	 56.227070
  341 	 0.016665 	 6.921656 	 61.489776
  342 	 0.015850 	 6.507986 	 78.771002
  343 	 0.016263 	 7.306384 	 60.007590
  344 	 0.012695 	 8.406662 	 63.092785
  345 	 0.016636 	 6.373961 	 61.489776
  346 	 0.015850 	 6.354594 	 78.771002
  347 	 0.016263 	 7.975166 	 60.109990
  348 	 0.012679 	 8.631900 	 63.092785
  349 	 0.015477 	 6.027288 	 61.489776
  350 	 0.015850 	 6.042036 	 78.873402
  351 	 0.016155 	 9.538468 	 64.611306
  352 	 0.012679 	 8.929165 	 63.092785
  353 	 0.015380 	 7.367364 	 61.899376
  354 	 0.015850 	 6.511316 	 78.873402
  355 	 0.016155 	 9.604946 	 65.020906
  356 	 0.012679 	 8.204349 	 63.092785
  357 	 0.013971 	 6.355346 	 61.899376
  358 	 0.015850 	 6.254685 	 78.873402
  359 	 0.016155 	 8.781516 	 71.574505
  360 	 0.012679 	 7.472821 	 63.092785
  361 	 0.013971 	 3.946748 	 33.721735
  362 	 0.015850 	 6.265490 	 78.873402
  363 	 0.016945 	 7.093911 	 71.574505
  364 	 0.012679 	 6.557941 	 63.092785
  365 	 0.013951 	 4.191100 	 33.721735
  366 	 0.015850 	 6.063924 	 78.873402
  367 	 0.029654 	 6.570891 	 71.676905
  368 	 0.012679 	 6.274833 	 63.092785
  369 	 0.013872 	 5.232951 	 33.721735
  370 	 0.015850 	 6.548811 	 78.873402
  371 	 0.029654 	 5.991353 	 72.086505
  372 	 0.012679 	 6.358949 	 63.092785
  373 	 0.013872 	 5.942670 	 33.721735
  374 	 0.015824 	 6.856582 	 78.873402
  375 	 0.028280 	 7.367557 	 72.086505
  376 	 0.009516 	 5.527133 	 63.195185
  377 	 0.013872 	 6.531202 	 35.360134
  378 	 0.015722 	 8.113695 	 105.087801
  379 	 0.016240 	 7.039977 	 72.086505
  380 	 0.009516 	 4.430628 	 55.903344
  381 	 0.013872 	 6.576254 	 61.574533
  382 	 0.017888 	 8.508760 	 105.087801
  383 	 0.016240 	 7.035074 	 72.086505
  384 	 0.009516 	 5.177216 	 55.903344
  385 	 0.013872 	 6.462913 	 61.574533
  386 	 0.017888 	 8.896982 	 105.087801
  387 	 0.016240 	 7.957034 	 72.086505
  388 	 0.009516 	 5.399965 	 55.903344
  389 	 0.011916 	 6.377504 	 61.574533
  390 	 0.017888 	 8.422221 	 105.087801
  391 	 0.016240 	 8.643768 	 83.924217
  392 	 0.007610 	 5.091604 	 55.903344
  393 	 0.011901 	 5.638623 	 61.574533
  394 	 0.017379 	 6.838557 	 76.145645
  395 	 0.016240 	 7.895501 	 84.026617
  396 	 0.013133 	 4.252798 	 54.616513
  397 	 0.011901 	 5.687176 	 61.574533
  398 	 0.018309 	 6.649714 	 76.145645
  399 	 0.016133 	 7.407451 	 84.026617
  400 	 0.013133 	 4.831706 	 54.616513
  401 	 0.011673 	 5.936888 	 61.984133
  402 	 0.018309 	 5.901968 	 76.145645
  403 	 0.016133 	 7.618201 	 85.665016
  404 	 0.013133 	 6.355850 	 54.616513
  405 	 0.011673 	 6.749986 	 61.984133
  406 	 0.018309 	 5.045517 	 76.145645
  407 	 0.016133 	 7.225347 	 85.665016
  408 	 0.013133 	 6.198594 	 54.616513
  409 	 0.011673 	 7.712997 	 61.984133
  410 	 0.017870 	 4.894429 	 76.145645
  411 	 0.016133 	 6.900022 	 85.665016
  412 	 0.013133 	 6.786558 	 55.960113
  413 	 0.011673 	 8.114594 	 61.984133
  414 	 0.012169 	 5.014878 	 76.145645
  415 	 0.014591 	 6.813659 	 85.665016
  416 	 0.013133 	 5.257241 	 54.616513
  417 	 0.011673 	 7.123182 	 53.083647
  418 	 0.017776 	 5.966467 	 76.145645
  419 	 0.018838 	 7.260548 	 85.665016
  420 	 0.013133 	 5.665344 	 56.254912
  421 	 0.011184 	 8.069137 	 53.083647
  422 	 0.017776 	 4.753831 	 73.096540
  423 	 0.018838 	 7.268903 	 89.412770
  424 	 0.010069 	 6.192125 	 56.254912
  425 	 0.011184 	 6.732011 	 53.060205
  426 	 0.017776 	 5.125703 	 99.310939
  427 	 0.018847 	 7.864995 	 89.412770
  428 	 0.010069 	 5.895540 	 56.254912
  429 	 0.011184 	 5.460116 	 53.060205
  430 	 0.017776 	 3.802044 	 33.035727
  431 	 0.016345 	 7.348725 	 89.412770
  432 	 0.030270 	 6.145208 	 56.254912
  433 	 0.011171 	 5.446457 	 61.180274
  434 	 0.017776 	 4.389491 	 33.035727
  435 	 0.016318 	 7.293318 	 89.515170
  436 	 0.030270 	 5.941127 	 56.254912
  437 	 0.011171 	 6.525419 	 61.282674
  438 	 0.017776 	 4.611647 	 33.035727
  439 	 0.016209 	 7.314155 	 89.515170
  440 	 0.030270 	 6.060297 	 56.254912
  441 	 0.011171 	 6.651017 	 61.692274
  442 	 0.017776 	 5.484389 	 33.035727
  443 	 0.016209 	 5.878711 	 89.515170
  444 	 0.030270 	 6.724962 	 56.254912
  445 	 0.011171 	 6.578531 	 61.692274
  446 	 0.017776 	 5.193272 	 33.035727
  447 	 0.016103 	 6.533428 	 89.515170
  448 	 0.025871 	 5.879758 	 56.254912
  449 	 0.011171 	 5.615441 	 62.101874
  450 	 0.017776 	 5.081480 	 38.652956
  451 	 0.016103 	 7.195226 	 89.515170
  452 	 0.025871 	 6.015529 	 56.254912
  453 	 0.008938 	 5.957184 	 62.101874
  454 	 0.017776 	 5.298382 	 32.937744
  455 	 0.016103 	 7.452765 	 111.879415
  456 	 0.030360 	 5.680560 	 56.254912
  457 	 0.008938 	 6.099089 	 62.101874
  458 	 0.017776 	 5.297251 	 32.937744
  459 	 0.016076 	 6.446394 	 111.879415
  460 	 0.029987 	 6.318543 	 56.254912
  461 	 0.008938 	 6.466673 	 62.204274
  462 	 0.017776 	 6.018970 	 33.347344
  463 	 0.016076 	 5.387653 	 89.515170
  464 	 0.029987 	 5.043682 	 56.254912
  465 	 0.011171 	 6.283230 	 62.204274
  466 	 0.017776 	 5.296057 	 29.370100
  467 	 0.015134 	 5.513097 	 89.515170
  468 	 0.030492 	 5.277509 	 56.254912
  469 	 0.011171 	 7.803284 	 66.077503
  470 	 0.012126 	 4.808837 	 29.168375
  471 	 0.015134 	 6.501517 	 89.515170
  472 	 0.034284 	 4.798021 	 82.469311
  473 	 0.011171 	 7.238281 	 66.077503
  474 	 0.012111 	 5.609182 	 29.168375
  475 	 0.015134 	 4.929480 	 66.105558
  476 	 0.029812 	 5.371588 	 82.571711
  477 	 0.014507 	 8.433189 	 66.077503
  478 	 0.012111 	 6.525499 	 33.543180
  479 	 0.015134 	 4.852619 	 68.932244
  480 	 0.029032 	 5.738379 	 82.571711
  481 	 0.014507 	 7.528424 	 66.077503
  482 	 0.012051 	 6.151014 	 34.444489
  483 	 0.015134 	 5.845002 	 68.932244
  484 	 0.029032 	 5.232011 	 82.981311
  485 	 0.014507 	 7.499439 	 66.077503
  486 	 0.012051 	 6.164750 	 34.444489
  487 	 0.015134 	 5.031104 	 66.105558
  488 	 0.019023 	 5.491470 	 82.981311
  489 	 0.015127 	 7.860654 	 66.077503
  490 	 0.012051 	 6.090001 	 52.567352
  491 	 0.015134 	 5.826352 	 66.105558
  492 	 0.019023 	 5.327321 	 82.981311
  493 	 0.015127 	 7.397391 	 66.077503
  494 	 0.012051 	 6.083971 	 36.162019
  495 	 0.015134 	 5.162067 	 57.531076
  496 	 0.018293 	 6.671207 	 82.981311
  497 	 0.011941 	 8.608869 	 66.077503
  498 	 0.012051 	 7.042965 	 54.665402
  499 	 0.015134 	 5.171664 	 83.745475
  500 	 0.018293 	 6.353969 	 56.579902
  501 	 0.011941 	 9.738224 	 66.077503
  502 	 0.017674 	 8.206989 	 54.665402
  503 	 0.015134 	 6.067172 	 83.745475
  504 	 0.018293 	 6.572233 	 56.579902
  505 	 0.011883 	 8.091867 	 66.077503
  506 	 0.017674 	 8.990663 	 54.665402
  507 	 0.015134 	 7.159235 	 84.155075
  508 	 0.016712 	 6.652253 	 56.579902
  509 	 0.011883 	 6.985339 	 66.077503
  510 	 0.017674 	 8.686986 	 59.838575
  511 	 0.015134 	 6.189489 	 84.155075
  512 	 0.016712 	 6.480962 	 56.579902
  513 	 0.011883 	 7.615240 	 66.077503
  514 	 0.017674 	 9.397522 	 59.838575
  515 	 0.015134 	 6.071077 	 84.155075
  516 	 0.016712 	 6.984451 	 56.579902
  517 	 0.011883 	 8.230150 	 66.077503
  518 	 0.013681 	 8.071682 	 59.838575
  519 	 0.015134 	 5.749448 	 84.155075
  520 	 0.016266 	 8.131982 	 73.096593
  521 	 0.011883 	 9.817847 	 66.077503
  522 	 0.013681 	 7.197423 	 61.476974
  523 	 0.015134 	 6.163034 	 84.155075
  524 	 0.016266 	 6.072700 	 56.579902
  525 	 0.011883 	 10.091989 	 66.077503
  526 	 0.017674 	 7.841789 	 61.476974
  527 	 0.015134 	 6.198958 	 84.155075
  528 	 0.016266 	 5.054072 	 56.579902
  529 	 0.011883 	 9.622091 	 66.077503
  530 	 0.017177 	 8.984909 	 61.476974
  531 	 0.011904 	 4.226033 	 53.460339
  532 	 0.012693 	 4.556917 	 43.981708
  533 	 0.018705 	 9.800852 	 84.005924
  534 	 0.019788 	 9.343247 	 78.784953
  535 	 0.011904 	 3.467759 	 35.060892
  536 	 0.012693 	 5.584762 	 50.535308
  537 	 0.028522 	 9.405857 	 84.005924
  538 	 0.016998 	 9.759519 	 78.784953
  539 	 0.011904 	 3.667677 	 35.060892
  540 	 0.012693 	 5.949593 	 58.829707
  541 	 0.028522 	 9.803800 	 84.005924
  542 	 0.016334 	 8.610923 	 61.476974
  543 	 0.011904 	 3.295145 	 28.871514
  544 	 0.016266 	 6.176072 	 61.222774
  545 	 0.018289 	 8.050118 	 84.005924
  546 	 0.016334 	 8.650353 	 61.476974
  547 	 0.011889 	 4.828264 	 54.676317
  548 	 0.016266 	 6.683115 	 61.222774
  549 	 0.018289 	 7.696201 	 84.108324
  550 	 0.016334 	 8.862500 	 61.476974
  551 	 0.011237 	 5.411921 	 54.676317
  552 	 0.016266 	 7.133009 	 61.222774
  553 	 0.018289 	 5.965539 	 88.991245
  554 	 0.016334 	 7.965488 	 61.476974
  555 	 0.011237 	 6.369831 	 54.676317
  556 	 0.016266 	 7.599320 	 61.222774
  557 	 0.018289 	 4.824026 	 42.281559
  558 	 0.016334 	 6.905770 	 61.476974
  559 	 0.020477 	 6.569386 	 54.676317
  560 	 0.016266 	 8.373570 	 61.222774
  561 	 0.018289 	 3.740907 	 35.137348
  562 	 0.016334 	 7.489169 	 61.476974
  563 	 0.028460 	 8.289661 	 54.676317
  564 	 0.014699 	 7.743180 	 61.222774
  565 	 0.018289 	 4.273518 	 35.137348
  566 	 0.016334 	 8.217920 	 68.030574
  567 	 0.025084 	 8.638049 	 54.676317
  568 	 0.014699 	 7.004899 	 61.222774
  569 	 0.012408 	 3.939992 	 39.866715
  570 	 0.016334 	 7.976974 	 68.030574
  571 	 0.025084 	 7.156475 	 80.596152
  572 	 0.014699 	 6.894550 	 61.222774
  573 	 0.012408 	 3.951372 	 39.866715
  574 	 0.011677 	 7.519181 	 68.030574
  575 	 0.025084 	 8.337822 	 80.596152
  576 	 0.014699 	 7.220129 	 85.641629
  577 	 0.012408 	 4.614254 	 39.866715
  578 	 0.011677 	 7.391870 	 68.030574
  579 	 0.018454 	 7.540509 	 80.596152
  580 	 0.014699 	 5.720313 	 61.222774
  581 	 0.012408 	 6.444840 	 54.188894
  582 	 0.016334 	 7.897223 	 68.030574
  583 	 0.016353 	 7.923746 	 80.596152
  584 	 0.014699 	 6.274415 	 61.222774
  585 	 0.011475 	 5.794934 	 61.152093
  586 	 0.016334 	 7.954960 	 68.030574
  587 	 0.011997 	 8.461384 	 87.149752
  588 	 0.014699 	 6.583614 	 61.222774
  589 	 0.011475 	 5.966070 	 83.351648
  590 	 0.016334 	 8.165810 	 68.030574
  591 	 0.011997 	 7.779014 	 87.149752
  592 	 0.012693 	 6.696587 	 61.222774
  593 	 0.011475 	 5.110736 	 83.351648
  594 	 0.016334 	 7.059306 	 78.780622
  595 	 0.011997 	 5.767851 	 87.149752
  596 	 0.012693 	 6.652842 	 61.222774
  597 	 0.011475 	 6.480099 	 83.351648
  598 	 0.016334 	 7.067175 	 78.780622
  599 	 0.011997 	 6.549776 	 87.149752
  600 	 0.012693 	 5.794611 	 61.222774
  601 	 0.011475 	 5.515689 	 52.466342
  602 	 0.016334 	 5.357814 	 68.030574
  603 	 0.019060 	 6.899835 	 87.149752
  604 	 0.014699 	 6.565671 	 61.222774
  605 	 0.011475 	 5.207399 	 40.382335
  606 	 0.016334 	 6.618440 	 68.030574
  607 	 0.018348 	 6.888032 	 87.149752
  608 	 0.014699 	 6.819245 	 61.222774
  609 	 0.011475 	 6.729814 	 54.501379
  610 	 0.014754 	 6.972522 	 68.030574
  611 	 0.018348 	 6.395144 	 87.149752
  612 	 0.014699 	 8.253095 	 67.776374
  613 	 0.011475 	 7.057712 	 54.501379
  614 	 0.010639 	 6.795342 	 68.030574
  615 	 0.018348 	 6.307538 	 87.149752
  616 	 0.014699 	 6.955030 	 42.894682
  617 	 0.011475 	 6.804108 	 54.501379
  618 	 0.023313 	 6.855353 	 62.784876
  619 	 0.018348 	 5.572155 	 87.149752
  620 	 0.015927 	 5.922725 	 42.894682
  621 	 0.011475 	 6.909714 	 54.501379
  622 	 0.023313 	 7.435171 	 62.784876
  623 	 0.018348 	 6.804221 	 87.149752
  624 	 0.015927 	 6.098774 	 42.894682
  625 	 0.011475 	 7.132948 	 54.501379
  626 	 0.023313 	 8.017044 	 62.784876
  627 	 0.018348 	 7.249120 	 87.149752
  628 	 0.014422 	 5.619536 	 41.829538
  629 	 0.011475 	 7.065067 	 54.501379
  630 	 0.023907 	 7.385998 	 69.338476
  631 	 0.018348 	 8.442806 	 87.149752
  632 	 0.014422 	 6.108213 	 41.829538
  633 	 0.011475 	 6.860408 	 54.501379
  634 	 0.018451 	 6.595188 	 41.307753
  635 	 0.018348 	 7.699663 	 67.602098
  636 	 0.024209 	 6.206283 	 54.197955
  637 	 0.014792 	 7.663071 	 54.501379
  638 	 0.014696 	 6.251588 	 41.307753
  639 	 0.018348 	 7.013562 	 67.602098
  640 	 0.024209 	 6.952102 	 68.043936
  641 	 0.014792 	 8.790673 	 54.501379
  642 	 0.014696 	 6.633847 	 41.307753
  643 	 0.016375 	 6.734333 	 67.602098
  644 	 0.016222 	 5.552055 	 68.043936
  645 	 0.014792 	 9.202479 	 61.067705
  646 	 0.014696 	 7.821853 	 61.643303
  647 	 0.016375 	 5.360855 	 67.602098
  648 	 0.016222 	 5.876735 	 68.043936
  649 	 0.014792 	 7.820275 	 54.540827
  650 	 0.014696 	 6.869600 	 41.307753
  651 	 0.018335 	 5.102950 	 67.602098
  652 	 0.023971 	 6.236662 	 68.043936
  653 	 0.014792 	 7.626286 	 54.540827
  654 	 0.014696 	 7.971913 	 41.717353
  655 	 0.016829 	 6.246012 	 67.602098
  656 	 0.016836 	 5.813503 	 68.043936
  657 	 0.014792 	 6.702729 	 54.540827
  658 	 0.014696 	 8.447728 	 59.397812
  659 	 0.018198 	 5.069002 	 34.555820
  660 	 0.016836 	 5.975295 	 68.043936
  661 	 0.028939 	 7.077334 	 54.950427
  662 	 0.014696 	 7.635281 	 59.397812
  663 	 0.018198 	 4.833282 	 33.317823
  664 	 0.016294 	 4.897292 	 68.043936
  665 	 0.029996 	 7.067872 	 54.950427
  666 	 0.014696 	 7.591122 	 61.370903
  667 	 0.018198 	 5.612945 	 33.338145
  668 	 0.015097 	 4.618157 	 68.043936
  669 	 0.025407 	 6.551745 	 54.950427
  670 	 0.014696 	 8.132263 	 66.236557
  671 	 0.018198 	 5.712085 	 39.359525
  672 	 0.014536 	 3.533229 	 68.043936
  673 	 0.021780 	 6.122709 	 54.950427
  674 	 0.014696 	 7.587840 	 61.370903
  675 	 0.018198 	 5.710892 	 45.913125
  676 	 0.016294 	 3.953171 	 68.043936
  677 	 0.021732 	 6.481030 	 54.950427
  678 	 0.014696 	 7.396677 	 61.370903
  679 	 0.018198 	 6.407544 	 46.015525
  680 	 0.011681 	 3.728912 	 68.043936
  681 	 0.021732 	 6.529459 	 54.950427
  682 	 0.014696 	 6.616396 	 63.009303
  683 	 0.018198 	 5.358963 	 46.015525
  684 	 0.015845 	 3.965481 	 68.043936
  685 	 0.019049 	 6.384701 	 54.514903
  686 	 0.014674 	 5.918801 	 40.109791
  687 	 0.012387 	 5.265840 	 52.495973
  688 	 0.024932 	 4.680256 	 68.146337
  689 	 0.019049 	 7.811765 	 80.729302
  690 	 0.014652 	 6.826872 	 40.109791
  691 	 0.012387 	 5.533672 	 46.015525
  692 	 0.019011 	 5.169649 	 68.248737
  693 	 0.021540 	 8.103448 	 80.729302
  694 	 0.014652 	 6.474797 	 52.466753
  695 	 0.012387 	 5.469827 	 46.425125
  696 	 0.019023 	 5.440450 	 68.248737
  697 	 0.016769 	 8.489782 	 53.932132
  698 	 0.014652 	 6.825408 	 41.168645
  699 	 0.018542 	 5.492509 	 59.634622
  700 	 0.024290 	 5.744005 	 68.248737
  701 	 0.015108 	 7.336075 	 53.932132
  702 	 0.014652 	 5.713408 	 41.168645
  703 	 0.018542 	 6.297207 	 66.188222
  704 	 0.020955 	 6.063731 	 68.248737
  705 	 0.015108 	 7.065763 	 53.932132
  706 	 0.014652 	 5.703137 	 47.722245
  707 	 0.018507 	 7.168431 	 66.188222
  708 	 0.020887 	 5.945868 	 52.674204
  709 	 0.015108 	 6.844333 	 54.034532
  710 	 0.018985 	 5.695643 	 47.877788
  711 	 0.018507 	 7.982945 	 66.188222
  712 	 0.020887 	 6.716733 	 52.674204
  713 	 0.015108 	 6.691172 	 54.034532
  714 	 0.018985 	 5.701078 	 47.877788
  715 	 0.018507 	 7.414893 	 66.188222
  716 	 0.020887 	 7.034822 	 52.674204
  717 	 0.015108 	 6.508063 	 54.034532
  718 	 0.018985 	 6.615568 	 47.877788
  719 	 0.018507 	 6.011304 	 46.425125
  720 	 0.020887 	 7.306300 	 52.674204
  721 	 0.021540 	 6.795105 	 54.034532
  722 	 0.018985 	 6.637579 	 47.877788
  723 	 0.018472 	 4.875496 	 46.425125
  724 	 0.013497 	 5.582637 	 35.791174
  725 	 0.021540 	 6.617259 	 54.136932
  726 	 0.027631 	 7.297615 	 74.092187
  727 	 0.018333 	 4.570390 	 36.797072
  728 	 0.013497 	 5.627658 	 36.191689
  729 	 0.027176 	 7.259027 	 54.546532
  730 	 0.020877 	 7.611970 	 74.092187
  731 	 0.018333 	 5.194082 	 36.797072
  732 	 0.013497 	 6.406684 	 47.898939
  733 	 0.018122 	 7.426577 	 54.546532
  734 	 0.020877 	 6.262707 	 74.092187
  735 	 0.018277 	 5.880034 	 55.181460
  736 	 0.013232 	 6.178679 	 47.898939
  737 	 0.017599 	 6.694280 	 54.546532
  738 	 0.020833 	 6.084346 	 75.575043
  739 	 0.018333 	 6.208831 	 56.819860
  740 	 0.013232 	 6.141073 	 48.001339
  741 	 0.017599 	 8.085442 	 54.546532
  742 	 0.020833 	 6.543505 	 75.575043
  743 	 0.017920 	 6.648946 	 56.819860
  744 	 0.013232 	 7.254642 	 48.001339
  745 	 0.017599 	 7.826501 	 55.804344
  746 	 0.016348 	 6.348131 	 75.575043
  747 	 0.017920 	 6.590936 	 56.819860
  748 	 0.013232 	 7.877038 	 61.170731
  749 	 0.016944 	 8.513616 	 55.804344
  750 	 0.016348 	 5.679807 	 75.575043
  751 	 0.017920 	 7.953768 	 59.017123
  752 	 0.013232 	 7.758402 	 61.170731
  753 	 0.016944 	 7.343267 	 52.983953
  754 	 0.016239 	 5.474402 	 75.575043
  755 	 0.018874 	 6.828187 	 59.017123
  756 	 0.013232 	 6.711750 	 61.580331
  757 	 0.012043 	 7.367941 	 52.983953
  758 	 0.016212 	 6.248724 	 75.575043
  759 	 0.018874 	 6.714962 	 65.570723
  760 	 0.013214 	 5.751221 	 61.682731
  761 	 0.015251 	 5.797185 	 52.983953
  762 	 0.016212 	 6.114814 	 75.677443
  763 	 0.012627 	 8.275150 	 54.694958
  764 	 0.013214 	 6.923188 	 61.682731
  765 	 0.018283 	 5.426798 	 47.332530
  766 	 0.016212 	 5.899778 	 75.677443
  767 	 0.021127 	 7.344216 	 54.694958
  768 	 0.013214 	 6.249754 	 48.103740
  769 	 0.018283 	 4.758859 	 33.011123
  770 	 0.020788 	 3.846284 	 37.538980
  771 	 0.017810 	 5.763752 	 54.104978
  772 	 0.026639 	 5.623144 	 48.103740
  773 	 0.018483 	 5.847970 	 56.149061
  774 	 0.020788 	 4.168440 	 37.538980
  775 	 0.017777 	 5.736563 	 54.104978
  776 	 0.026639 	 6.002802 	 48.103740
  777 	 0.018483 	 6.384483 	 56.251461
  778 	 0.018870 	 4.467931 	 37.538980
  779 	 0.015922 	 4.821132 	 54.104978
  780 	 0.017019 	 6.721226 	 52.993534
  781 	 0.018483 	 5.807300 	 62.805061
  782 	 0.018870 	 5.670899 	 58.757759
  783 	 0.015922 	 4.434684 	 40.083505
  784 	 0.011769 	 6.640692 	 52.993534
  785 	 0.012285 	 5.000183 	 62.805061
  786 	 0.018870 	 5.788611 	 84.972158
  787 	 0.015922 	 3.974494 	 30.087724
  788 	 0.011769 	 5.947516 	 48.103740
  789 	 0.030482 	 5.983538 	 62.805061
  790 	 0.018296 	 6.103630 	 84.972158
  791 	 0.015922 	 5.670947 	 32.806102
  792 	 0.011769 	 4.458460 	 35.836757
  793 	 0.020251 	 6.028986 	 62.805061
  794 	 0.027589 	 6.504651 	 84.972158
  795 	 0.015922 	 5.638329 	 49.379865
  796 	 0.011769 	 3.747957 	 32.843530
  797 	 0.020251 	 4.140045 	 36.702515
  798 	 0.029451 	 5.988064 	 84.972158
  799 	 0.016456 	 5.659301 	 49.379865
  800 	 0.008994 	 4.502445 	 33.954671
  801 	 0.019601 	 4.930940 	 60.769086
  802 	 0.016933 	 5.704088 	 111.186557
  803 	 0.016456 	 5.554773 	 51.018264
  804 	 0.008994 	 4.612689 	 59.057929
  805 	 0.019601 	 4.739677 	 60.769086
  806 	 0.016933 	 6.581501 	 111.186557
  807 	 0.016456 	 6.067652 	 51.018264
  808 	 0.008493 	 4.007749 	 59.057929
  809 	 0.019601 	 5.396508 	 60.769086
  810 	 0.016933 	 6.011636 	 117.740157
  811 	 0.016456 	 6.355911 	 51.018264
  812 	 0.008045 	 4.482520 	 59.057929
  813 	 0.019601 	 5.204003 	 60.769086
  814 	 0.016816 	 6.334463 	 124.293756
  815 	 0.016456 	 5.674433 	 51.018264
  816 	 0.008012 	 3.423372 	 26.435456
  817 	 0.019601 	 5.388140 	 60.769086
  818 	 0.033015 	 6.804448 	 124.805756
  819 	 0.016456 	 5.549796 	 51.018264
  820 	 0.008012 	 3.625119 	 30.289427
  821 	 0.019601 	 5.712474 	 60.769086
  822 	 0.012089 	 6.739266 	 124.805756
  823 	 0.016456 	 4.250712 	 32.806102
  824 	 0.008012 	 4.751349 	 82.718225
  825 	 0.030106 	 6.588306 	 60.769086
  826 	 0.012089 	 6.348940 	 124.805756
  827 	 0.016456 	 3.439898 	 33.215702
  828 	 0.008012 	 5.427633 	 82.718225
  829 	 0.030106 	 6.199757 	 60.769086
  830 	 0.012089 	 5.735583 	 124.805756
  831 	 0.016456 	 4.120033 	 33.215702
  832 	 0.008012 	 5.451332 	 82.718225
  833 	 0.030106 	 5.675575 	 60.769086
  834 	 0.012089 	 4.371592 	 37.076728
  835 	 0.016456 	 3.415836 	 31.726123
  836 	 0.026971 	 4.203844 	 35.873377
  837 	 0.030216 	 5.846506 	 60.769086
  838 	 0.027876 	 4.423281 	 37.076728
  839 	 0.016456 	 4.849522 	 33.095391
  840 	 0.026971 	 5.180423 	 35.873377
  841 	 0.030216 	 4.976669 	 60.769086
  842 	 0.027876 	 4.659770 	 37.076728
  843 	 0.016456 	 4.777648 	 33.095391
  844 	 0.025372 	 4.444524 	 35.873377
  845 	 0.030216 	 3.990605 	 36.562422
  846 	 0.027876 	 5.345497 	 39.413044
  847 	 0.027350 	 4.250349 	 33.095391
  848 	 0.025372 	 4.099936 	 35.873377
  849 	 0.030216 	 3.932385 	 36.562422
  850 	 0.027876 	 5.413559 	 39.413044
  851 	 0.027350 	 4.153871 	 33.095391
  852 	 0.025372 	 3.584209 	 35.873377
  853 	 0.030122 	 5.414426 	 36.562422
  854 	 0.027876 	 5.348557 	 37.076728
  855 	 0.027350 	 3.823507 	 33.197792
  856 	 0.026971 	 3.235625 	 35.873377
  857 	 0.016945 	 5.570333 	 36.562422
  858 	 0.027876 	 5.664155 	 37.076728
  859 	 0.019049 	 4.507511 	 59.012849
  860 	 0.018898 	 3.629686 	 35.873377
  861 	 0.016945 	 5.414552 	 52.495516
  862 	 0.016106 	 6.999222 	 52.916093
  863 	 0.017731 	 5.208061 	 59.012849
  864 	 0.018898 	 4.294597 	 62.087776
  865 	 0.016945 	 7.686634 	 56.399178
  866 	 0.016106 	 6.975567 	 39.923353
  867 	 0.017731 	 5.194099 	 59.012849
  868 	 0.025048 	 5.185261 	 62.087776
  869 	 0.016945 	 7.802973 	 56.399178
  870 	 0.016106 	 7.595267 	 39.923353
  871 	 0.017731 	 5.292617 	 59.012849
  872 	 0.019019 	 5.408298 	 62.087776
  873 	 0.016945 	 7.941650 	 56.399178
  874 	 0.016106 	 7.054261 	 52.579694
  875 	 0.017731 	 5.767687 	 59.012849
  876 	 0.018337 	 5.931609 	 62.087776
  877 	 0.016488 	 7.293611 	 52.495516
  878 	 0.016106 	 7.479683 	 54.534567
  879 	 0.019049 	 5.925170 	 60.651248
  880 	 0.018337 	 5.990145 	 62.087776
  881 	 0.016488 	 7.042718 	 52.495516
  882 	 0.016106 	 7.614367 	 54.534567
  883 	 0.018473 	 7.354246 	 60.651248
  884 	 0.018337 	 5.163605 	 62.087776
  885 	 0.016054 	 6.832955 	 54.133916
  886 	 0.016106 	 7.567240 	 54.534567
  887 	 0.018473 	 5.643004 	 54.608484
  888 	 0.018337 	 4.745668 	 62.087776
  889 	 0.018312 	 7.402777 	 54.133916
  890 	 0.011325 	 8.856384 	 54.534567
  891 	 0.017930 	 5.332536 	 54.608484
  892 	 0.018337 	 4.643946 	 88.302174
  893 	 0.018176 	 7.186164 	 55.772315
  894 	 0.011272 	 8.776632 	 54.534567
  895 	 0.017930 	 5.441128 	 55.018084
  896 	 0.012384 	 3.838776 	 88.711774
  897 	 0.018176 	 6.630634 	 55.772315
  898 	 0.011272 	 8.760686 	 80.748966
  899 	 0.017930 	 6.263976 	 55.018084
  900 	 0.012384 	 6.076348 	 88.711774
  901 	 0.018042 	 6.661668 	 55.772315
  902 	 0.011272 	 8.686740 	 80.748966
  903 	 0.017930 	 6.817214 	 55.427684
  904 	 0.012384 	 5.907740 	 61.187119
  905 	 0.016212 	 6.471916 	 55.772315
  906 	 0.016343 	 8.165541 	 70.488543
  907 	 0.017930 	 7.225604 	 61.682306
  908 	 0.010593 	 6.143785 	 61.187119
  909 	 0.016212 	 6.345182 	 55.772315
  910 	 0.016343 	 8.596147 	 94.400149
  911 	 0.016904 	 7.856699 	 61.682306
  912 	 0.010582 	 5.285994 	 61.187119
  913 	 0.014655 	 7.448593 	 59.156824
  914 	 0.016343 	 9.069107 	 94.502550
  915 	 0.016904 	 7.304192 	 68.235906
  916 	 0.010582 	 5.357284 	 61.187119
  917 	 0.014655 	 7.095302 	 59.156824
  918 	 0.015917 	 8.160514 	 94.502550
  919 	 0.016904 	 8.355463 	 68.235906
  920 	 0.010582 	 5.699769 	 62.825519
  921 	 0.014655 	 6.520223 	 59.156824
  922 	 0.015917 	 8.894920 	 94.502550
  923 	 0.016904 	 7.142433 	 53.192146
  924 	 0.010582 	 4.497374 	 62.825519
  925 	 0.018660 	 6.433944 	 59.156824
  926 	 0.015917 	 9.573802 	 94.502550
  927 	 0.015218 	 7.587556 	 53.590248
  928 	 0.010582 	 5.318425 	 62.825519
  929 	 0.016738 	 6.233816 	 65.710423
  930 	 0.015917 	 7.141295 	 94.502550
  931 	 0.015218 	 7.414146 	 59.745746
  932 	 0.010582 	 5.795484 	 62.825519
  933 	 0.016738 	 6.198687 	 65.710423
  934 	 0.015891 	 8.093046 	 94.502550
  935 	 0.015218 	 6.597304 	 59.745746
  936 	 0.010582 	 5.049632 	 35.385526
  937 	 0.016738 	 7.202830 	 65.710423
  938 	 0.026974 	 8.772556 	 94.502550
  939 	 0.015218 	 6.829530 	 59.745746
  940 	 0.010582 	 5.935380 	 37.072626
  941 	 0.015083 	 6.261617 	 65.710423
  942 	 0.015801 	 8.017569 	 94.502550
  943 	 0.015218 	 7.240677 	 66.299346
  944 	 0.010582 	 6.419821 	 63.287025
  945 	 0.014990 	 6.077495 	 65.710423
  946 	 0.015801 	 6.944651 	 94.502550
  947 	 0.015218 	 7.066798 	 54.207689
  948 	 0.010582 	 6.454389 	 59.020179
  949 	 0.012434 	 6.172090 	 65.710423
  950 	 0.016943 	 7.176793 	 94.502550
  951 	 0.015218 	 6.072114 	 39.766504
  952 	 0.010582 	 7.151705 	 59.020179
  953 	 0.024890 	 6.608487 	 65.710423
  954 	 0.016943 	 7.116057 	 94.502550
  955 	 0.014743 	 6.481934 	 40.176104
  956 	 0.010582 	 7.147280 	 59.020179
  957 	 0.024890 	 6.203478 	 67.826889
  958 	 0.016943 	 6.550482 	 94.502550
  959 	 0.014743 	 6.308245 	 40.176104
  960 	 0.010582 	 6.069653 	 59.020179
  961 	 0.015155 	 6.286227 	 67.826889
  962 	 0.016943 	 5.943836 	 94.502550
  963 	 0.014743 	 5.408447 	 40.176104
  964 	 0.010582 	 6.219691 	 59.020179
  965 	 0.024827 	 5.427741 	 67.826889
  966 	 0.016943 	 4.668723 	 66.183931
  967 	 0.014743 	 5.427284 	 40.278504
  968 	 0.015109 	 5.476742 	 53.708211
  969 	 0.024827 	 4.644979 	 55.743377
  970 	 0.016594 	 5.110262 	 66.183931
  971 	 0.017939 	 6.216499 	 35.412113
  972 	 0.015109 	 4.575082 	 60.261811
  973 	 0.027916 	 6.287289 	 55.743377
  974 	 0.016594 	 5.704916 	 66.183931
  975 	 0.017939 	 6.238316 	 35.821713
  976 	 0.015109 	 5.068971 	 60.261811
  977 	 0.026695 	 6.364145 	 55.743377
  978 	 0.016594 	 5.728054 	 66.183931
  979 	 0.016052 	 5.072846 	 37.460112
  980 	 0.015086 	 5.775472 	 60.261811
  981 	 0.026695 	 5.905224 	 62.296977
  982 	 0.014753 	 5.197246 	 52.461809
  983 	 0.016052 	 5.778602 	 37.460112
  984 	 0.019061 	 5.055205 	 67.783693
  985 	 0.016913 	 5.873504 	 39.462089
  986 	 0.014753 	 6.173222 	 52.461809
  987 	 0.025341 	 5.730360 	 59.127112
  988 	 0.019061 	 6.912307 	 67.783693
  989 	 0.016883 	 5.145221 	 39.462089
  990 	 0.014753 	 4.998461 	 39.499052
  991 	 0.025341 	 5.061966 	 37.460112
  992 	 0.015242 	 6.478014 	 67.783693
  993 	 0.026695 	 5.253666 	 39.462089
  994 	 0.014753 	 5.055844 	 65.609150
  995 	 0.025341 	 4.516659 	 26.904388
  996 	 0.015242 	 6.821331 	 67.783693
  997 	 0.024032 	 6.648128 	 39.462089
  998 	 0.014753 	 6.272753 	 65.609150
  999 	 0.018246 	 4.677192 	 41.610719
 