   0 	 0.014501 	 0.051689 	 0.426385
    1 	 0.015215 	 0.090807 	 0.612520
    2 	 0.021792 	 0.208886 	 1.609105
    3 	 0.025187 	 0.430863 	 4.359287
    4 	 0.027983 	 0.687046 	 4.338860
    5 	 0.037450 	 0.916119 	 4.311422
    6 	 0.037443 	 1.170874 	 4.378614
    7 	 0.036852 	 1.302742 	 4.726523
    8 	 0.036971 	 1.003358 	 5.430680
    9 	 0.039488 	 1.228001 	 7.760826
   10 	 0.036527 	 1.182826 	 5.219678
   11 	 0.035670 	 1.080533 	 4.649946
   12 	 0.038839 	 0.939637 	 5.754384
   13 	 0.033083 	 1.101418 	 6.403994
   14 	 0.037454 	 1.248689 	 5.716896
   15 	 0.032137 	 1.611155 	 9.550325
   16 	 0.036105 	 1.040443 	 5.709254
   17 	 0.036107 	 1.326869 	 10.728852
   18 	 0.021164 	 1.727478 	 23.693743
   19 	 0.038277 	 1.653076 	 9.147439
   20 	 0.036886 	 1.877644 	 23.383925
   21 	 0.030020 	 1.410608 	 15.592751
   22 	 0.036304 	 1.512236 	 15.750319
   23 	 0.037055 	 2.021221 	 25.759606
   24 	 0.037005 	 1.829313 	 21.257641
   25 	 0.034230 	 2.030071 	 22.867980
   26 	 0.035753 	 1.653763 	 14.052170
   27 	 0.020124 	 2.163003 	 23.849099
   28 	 0.034203 	 2.311269 	 24.040216
   29 	 0.037683 	 2.460674 	 22.337074
   30 	 0.021483 	 1.768005 	 23.254014
   31 	 0.041148 	 2.229394 	 22.132255
   32 	 0.037968 	 2.389911 	 23.088355
   33 	 0.036955 	 2.398441 	 20.020964
   34 	 0.017822 	 1.980990 	 20.538839
   35 	 0.047507 	 2.476682 	 22.959203
   36 	 0.038091 	 3.546994 	 25.758664
   37 	 0.020447 	 2.188648 	 18.179511
   38 	 0.030981 	 1.872699 	 21.193156
   39 	 0.037392 	 2.679636 	 36.972247
   40 	 0.018867 	 3.142322 	 26.743679
   41 	 0.027044 	 2.840914 	 23.773604
   42 	 0.037355 	 2.377575 	 22.185513
   43 	 0.031013 	 3.032784 	 30.171084
   44 	 0.023791 	 2.652450 	 24.492971
   45 	 0.030790 	 2.723078 	 27.237996
   46 	 0.037077 	 2.248197 	 16.342373
   47 	 0.036708 	 3.699138 	 25.419033
   48 	 0.036993 	 2.624583 	 22.354219
   49 	 0.026896 	 2.098777 	 18.585500
   50 	 0.024601 	 2.532846 	 17.940092
   51 	 0.037665 	 3.356378 	 23.590500
   52 	 0.036229 	 2.757417 	 34.010212
   53 	 0.035589 	 2.168411 	 23.373483
   54 	 0.029330 	 2.947830 	 25.632578
   55 	 0.034057 	 2.746837 	 21.467575
   56 	 0.030122 	 2.062105 	 21.695476
   57 	 0.034736 	 2.283662 	 18.111055
   58 	 0.029083 	 2.891660 	 21.358152
   59 	 0.036821 	 2.878071 	 22.097306
   60 	 0.046778 	 2.781139 	 31.463109
   61 	 0.020910 	 2.454415 	 25.303104
   62 	 0.017733 	 2.661295 	 17.332964
   63 	 0.031017 	 2.655121 	 28.082059
   64 	 0.029165 	 3.370244 	 48.940424
   65 	 0.035591 	 3.580680 	 29.658192
   66 	 0.020365 	 3.019172 	 31.382039
   67 	 0.033717 	 2.401869 	 26.115578
   68 	 0.031860 	 4.408960 	 34.053733
   69 	 0.037298 	 3.175096 	 28.155312
   70 	 0.029248 	 3.105627 	 30.084280
   71 	 0.033516 	 3.368370 	 25.731960
   72 	 0.031492 	 4.648023 	 33.958608
   73 	 0.021024 	 3.679009 	 28.316081
   74 	 0.029444 	 3.109314 	 27.782975
   75 	 0.024537 	 3.117201 	 36.199832
   76 	 0.035988 	 4.595481 	 27.743892
   77 	 0.023221 	 4.288304 	 27.826113
   78 	 0.032726 	 3.124258 	 24.378311
   79 	 0.020160 	 2.972817 	 42.696673
   80 	 0.031002 	 5.136198 	 30.370722
   81 	 0.023417 	 4.945842 	 36.954875
   82 	 0.030754 	 2.956128 	 26.383529
   83 	 0.022336 	 2.866898 	 33.314005
   84 	 0.035835 	 5.062218 	 27.129662
   85 	 0.030009 	 4.080487 	 31.912017
   86 	 0.030240 	 3.500040 	 26.046734
   87 	 0.030368 	 2.609828 	 27.315467
   88 	 0.030313 	 5.181370 	 27.144125
   89 	 0.036570 	 4.030476 	 27.050722
   90 	 0.024221 	 3.217461 	 23.462275
   91 	 0.036064 	 2.505294 	 23.164271
   92 	 0.034144 	 6.714614 	 40.948806
   93 	 0.035614 	 3.619560 	 25.949978
   94 	 0.021211 	 2.810918 	 29.117520
   95 	 0.038534 	 2.571225 	 23.064776
   96 	 0.026594 	 5.941854 	 40.616744
   97 	 0.031440 	 3.004625 	 22.156152
   98 	 0.024616 	 3.155048 	 37.322199
   99 	 0.036801 	 3.375468 	 29.377412
  100 	 0.026768 	 5.174965 	 32.034459
  101 	 0.019134 	 2.881119 	 20.951659
  102 	 0.031216 	 3.554655 	 36.943543
  103 	 0.047728 	 4.288009 	 38.858960
  104 	 0.027063 	 4.826999 	 27.023940
  105 	 0.018744 	 2.700406 	 20.864425
  106 	 0.027404 	 3.583348 	 36.679072
  107 	 0.032375 	 4.144038 	 39.457262
  108 	 0.025427 	 4.921994 	 36.096023
  109 	 0.019247 	 3.142810 	 24.645551
  110 	 0.019415 	 3.810781 	 36.280036
  111 	 0.038586 	 3.779778 	 51.420647
  112 	 0.016027 	 4.170633 	 34.844619
  113 	 0.019441 	 2.944943 	 19.203132
  114 	 0.028689 	 3.880467 	 58.728707
  115 	 0.034360 	 2.903751 	 28.612243
  116 	 0.017027 	 4.396648 	 29.682931
  117 	 0.031582 	 3.596752 	 26.982913
  118 	 0.033641 	 4.131698 	 45.398444
  119 	 0.028541 	 2.455358 	 26.010537
  120 	 0.022025 	 3.754649 	 27.517021
  121 	 0.031360 	 3.654048 	 28.456734
  122 	 0.025654 	 4.148318 	 41.449937
  123 	 0.034720 	 3.142888 	 30.248451
  124 	 0.024125 	 3.593617 	 36.030782
  125 	 0.033058 	 4.368860 	 28.058491
  126 	 0.027355 	 3.965525 	 40.609284
  127 	 0.035638 	 2.795774 	 26.715470
  128 	 0.024624 	 3.364002 	 26.816035
  129 	 0.030724 	 3.786258 	 25.481405
  130 	 0.029189 	 3.682543 	 30.465595
  131 	 0.030415 	 3.505710 	 30.746460
  132 	 0.019398 	 3.286249 	 29.683404
  133 	 0.031326 	 3.628913 	 28.124999
  134 	 0.019620 	 4.014644 	 47.174202
  135 	 0.028748 	 3.453211 	 29.864876
  136 	 0.021197 	 2.969508 	 28.180195
  137 	 0.030698 	 3.576805 	 29.987146
  138 	 0.035468 	 4.306030 	 39.374917
  139 	 0.029773 	 2.625770 	 23.576265
  140 	 0.025387 	 2.854291 	 25.209117
  141 	 0.032905 	 3.088562 	 28.455563
  142 	 0.035490 	 3.853917 	 36.781647
  143 	 0.031734 	 2.552411 	 28.813879
  144 	 0.027184 	 3.459519 	 26.817179
  145 	 0.034700 	 3.829767 	 27.148536
  146 	 0.037284 	 4.101684 	 34.501349
  147 	 0.033763 	 2.811997 	 27.396926
  148 	 0.028983 	 3.299314 	 25.072897
  149 	 0.029872 	 4.020139 	 28.119091
  150 	 0.034778 	 3.531315 	 32.485602
  151 	 0.035558 	 3.125789 	 29.349629
  152 	 0.029906 	 3.814929 	 26.544293
  153 	 0.032513 	 3.880358 	 26.767865
  154 	 0.031114 	 3.077441 	 30.713283
  155 	 0.024659 	 3.474501 	 30.568456
  156 	 0.017688 	 3.342407 	 30.382492
  157 	 0.024687 	 3.704686 	 40.226574
  158 	 0.032912 	 2.461593 	 29.495236
  159 	 0.024858 	 3.825289 	 34.250876
  160 	 0.030119 	 3.550490 	 30.200758
  161 	 0.029196 	 3.102787 	 37.512075
  162 	 0.033110 	 2.993087 	 30.563577
  163 	 0.026658 	 3.880242 	 34.018034
  164 	 0.032715 	 3.299835 	 27.693077
  165 	 0.029396 	 2.997557 	 36.821638
  166 	 0.036103 	 3.773562 	 28.723567
  167 	 0.027153 	 4.042689 	 32.055386
  168 	 0.026738 	 3.035923 	 20.648538
  169 	 0.031196 	 3.799724 	 35.519702
  170 	 0.048420 	 4.815272 	 33.969908
  171 	 0.026521 	 4.335846 	 28.251914
  172 	 0.029398 	 2.751208 	 19.004271
  173 	 0.028560 	 3.834248 	 36.335780
  174 	 0.035319 	 4.874790 	 33.785847
  175 	 0.027497 	 4.077952 	 24.456427
  176 	 0.029596 	 2.790656 	 25.827087
  177 	 0.032556 	 3.507290 	 29.719840
  178 	 0.030271 	 4.725669 	 33.227097
  179 	 0.027440 	 3.679961 	 24.163517
  180 	 0.030092 	 3.480846 	 31.978510
  181 	 0.037078 	 4.414314 	 32.424961
  182 	 0.019584 	 4.410736 	 33.012178
  183 	 0.029951 	 3.666057 	 24.580509
  184 	 0.030291 	 3.090641 	 28.285646
  185 	 0.031538 	 4.640095 	 29.983942
  186 	 0.029958 	 4.362882 	 24.449001
  187 	 0.023603 	 3.402576 	 27.748764
  188 	 0.031571 	 2.666250 	 32.301853
  189 	 0.028722 	 5.138252 	 30.671868
  190 	 0.027789 	 4.885807 	 31.474902
  191 	 0.018565 	 3.820986 	 32.763714
  192 	 0.024186 	 3.151777 	 32.062911
  193 	 0.030521 	 4.813495 	 44.119891
  194 	 0.021183 	 5.046536 	 39.704823
  195 	 0.020455 	 3.754393 	 28.884491
  196 	 0.024920 	 2.722421 	 26.649269
  197 	 0.029941 	 4.271529 	 40.724048
  198 	 0.032134 	 4.729455 	 38.580048
  199 	 0.015099 	 3.584035 	 32.319984
  200 	 0.025919 	 3.171330 	 25.358557
  201 	 0.024659 	 3.943661 	 56.500758
  202 	 0.019285 	 4.475003 	 35.064418
  203 	 0.017699 	 3.611409 	 37.794030
  204 	 0.023094 	 3.264776 	 45.903051
  205 	 0.026330 	 3.930238 	 51.285349
  206 	 0.021779 	 4.666401 	 32.136269
  207 	 0.019498 	 3.684246 	 35.423566
  208 	 0.031116 	 4.659323 	 39.715856
  209 	 0.028228 	 3.140361 	 48.081464
  210 	 0.025177 	 4.208334 	 29.424683
  211 	 0.020797 	 3.639333 	 27.709920
  212 	 0.028420 	 3.800020 	 31.118361
  213 	 0.020910 	 2.573951 	 24.671898
  214 	 0.032134 	 3.416067 	 33.990648
  215 	 0.035592 	 3.674516 	 31.735726
  216 	 0.029419 	 4.122590 	 25.559301
  217 	 0.027879 	 3.046440 	 24.919672
  218 	 0.038667 	 3.118823 	 27.686493
  219 	 0.039931 	 2.419814 	 19.836384
  220 	 0.036116 	 3.716782 	 24.711157
  221 	 0.038772 	 2.443202 	 20.152596
  222 	 0.020028 	 3.714353 	 25.095121
  223 	 0.032347 	 3.069214 	 24.406820
  224 	 0.039277 	 4.242531 	 38.127057
  225 	 0.038267 	 3.271820 	 26.282539
  226 	 0.026224 	 2.830750 	 24.429593
  227 	 0.026993 	 2.883372 	 22.692867
  228 	 0.033470 	 5.111887 	 36.200338
  229 	 0.028812 	 3.297995 	 30.127208
  230 	 0.027623 	 2.974502 	 25.422871
  231 	 0.033184 	 2.895839 	 33.099302
  232 	 0.031037 	 4.318213 	 34.455704
  233 	 0.025388 	 3.375812 	 25.651238
  234 	 0.019986 	 2.571481 	 23.994619
  235 	 0.037962 	 3.200314 	 31.638812
  236 	 0.041671 	 4.735773 	 30.009925
  237 	 0.031569 	 3.061225 	 22.484401
  238 	 0.028371 	 2.443793 	 23.217203
  239 	 0.033712 	 3.184292 	 25.290149
  240 	 0.026039 	 4.453849 	 28.813728
  241 	 0.039133 	 3.189263 	 23.530676
  242 	 0.023963 	 3.613599 	 31.081250
  243 	 0.037073 	 3.429467 	 24.228448
  244 	 0.032116 	 4.243029 	 37.093952
  245 	 0.041269 	 2.440586 	 22.938300
  246 	 0.026958 	 2.847446 	 24.742605
  247 	 0.035566 	 2.851123 	 19.892826
  248 	 0.030557 	 3.626743 	 25.232612
  249 	 0.037307 	 2.864465 	 27.272901
  250 	 0.025530 	 2.949293 	 24.075505
  251 	 0.027408 	 3.463334 	 24.959638
  252 	 0.035227 	 4.221309 	 38.714109
  253 	 0.035839 	 2.614340 	 36.090753
  254 	 0.025811 	 2.951604 	 20.303742
  255 	 0.027624 	 3.510703 	 23.913036
  256 	 0.038142 	 3.624416 	 38.298052
  257 	 0.023695 	 2.625334 	 35.430300
  258 	 0.020572 	 2.690424 	 21.532242
  259 	 0.016249 	 4.179138 	 40.331350
  260 	 0.028989 	 4.431464 	 47.232733
  261 	 0.024794 	 3.716413 	 59.352392
  262 	 0.021168 	 3.671634 	 33.234398
  263 	 0.016848 	 3.705626 	 39.378712
  264 	 0.029990 	 4.043039 	 28.778705
  265 	 0.025394 	 3.832576 	 58.315083
  266 	 0.026127 	 3.283170 	 31.857126
  267 	 0.017147 	 4.770214 	 37.744760
  268 	 0.031377 	 4.687502 	 36.327884
  269 	 0.026207 	 3.870978 	 39.297009
  270 	 0.024459 	 3.307647 	 30.790765
  271 	 0.025440 	 4.367651 	 36.621264
  272 	 0.030941 	 4.104121 	 33.491241
  273 	 0.027306 	 4.184509 	 30.921151
  274 	 0.029851 	 3.061397 	 32.111868
  275 	 0.032340 	 3.459380 	 29.234884
  276 	 0.027419 	 4.308972 	 29.805393
  277 	 0.034198 	 3.739334 	 23.158524
  278 	 0.030385 	 3.121024 	 30.012875
  279 	 0.036950 	 3.532017 	 26.179393
  280 	 0.027382 	 3.344473 	 21.868094
  281 	 0.029898 	 3.213805 	 21.954096
  282 	 0.031118 	 3.127609 	 24.493469
  283 	 0.045541 	 4.608769 	 27.934609
  284 	 0.020930 	 3.684818 	 27.013990
  285 	 0.035733 	 2.748563 	 19.283631
  286 	 0.031867 	 4.041393 	 37.979245
  287 	 0.032493 	 3.867552 	 24.135467
  288 	 0.026326 	 4.574757 	 26.269154
  289 	 0.024902 	 3.374790 	 26.389735
  290 	 0.027746 	 3.716576 	 31.519987
  291 	 0.025956 	 3.940322 	 33.001417
  292 	 0.031721 	 3.627199 	 33.960240
  293 	 0.030261 	 3.888949 	 32.408554
  294 	 0.029443 	 3.532698 	 26.130168
  295 	 0.030742 	 3.327892 	 24.830603
  296 	 0.032618 	 3.265961 	 22.103438
  297 	 0.037992 	 3.295092 	 25.140626
  298 	 0.025505 	 4.067271 	 23.461063
  299 	 0.035758 	 2.867219 	 21.395397
  300 	 0.036706 	 2.447184 	 21.549569
  301 	 0.036098 	 2.658585 	 21.644654
  302 	 0.046401 	 3.599814 	 23.361134
  303 	 0.035023 	 2.394232 	 14.786556
  304 	 0.037474 	 1.630316 	 14.858620
  305 	 0.034828 	 3.209790 	 21.587600
  306 	 0.037251 	 2.964413 	 21.733170
  307 	 0.022217 	 2.939634 	 23.375201
  308 	 0.037873 	 2.117331 	 24.003285
  309 	 0.038737 	 3.499493 	 23.743441
  310 	 0.037227 	 2.492268 	 16.220076
  311 	 0.038282 	 2.459363 	 25.229117
  312 	 0.032566 	 2.735595 	 25.511195
  313 	 0.039576 	 3.489003 	 25.522012
  314 	 0.037168 	 2.640768 	 14.769990
  315 	 0.033263 	 2.449138 	 23.322873
  316 	 0.032681 	 2.494404 	 24.965835
  317 	 0.037424 	 3.554201 	 29.271432
  318 	 0.030310 	 2.624438 	 25.770479
  319 	 0.034148 	 2.827785 	 25.697621
  320 	 0.036107 	 3.390533 	 25.731205
  321 	 0.028717 	 3.779922 	 28.532335
  322 	 0.030769 	 2.824553 	 27.022178
  323 	 0.026865 	 3.337261 	 33.764382
  324 	 0.031454 	 3.501019 	 31.576703
  325 	 0.029516 	 3.952508 	 35.007557
  326 	 0.031658 	 2.527160 	 21.785441
  327 	 0.026570 	 2.488491 	 20.889221
  328 	 0.030402 	 2.861917 	 23.917570
  329 	 0.031200 	 4.532720 	 35.880653
  330 	 0.033451 	 3.659147 	 31.946515
  331 	 0.027869 	 2.679767 	 30.276792
  332 	 0.029572 	 2.910592 	 25.196438
  333 	 0.033027 	 4.205035 	 34.283131
  334 	 0.030647 	 3.650052 	 30.769264
  335 	 0.029140 	 2.887136 	 26.850728
  336 	 0.032167 	 2.714613 	 25.398699
  337 	 0.019643 	 3.934434 	 25.039383
  338 	 0.035071 	 4.086217 	 29.880411
  339 	 0.030656 	 4.032814 	 49.644928
  340 	 0.032730 	 2.881564 	 26.616145
  341 	 0.019479 	 3.882551 	 30.160233
  342 	 0.031187 	 3.866920 	 29.735639
  343 	 0.031092 	 3.516567 	 25.719740
  344 	 0.033613 	 2.514601 	 26.530141
  345 	 0.026177 	 5.499411 	 27.606814
  346 	 0.033129 	 4.116566 	 24.400746
  347 	 0.035009 	 3.283992 	 27.125454
  348 	 0.034220 	 2.617082 	 28.145846
  349 	 0.032450 	 5.521135 	 27.241548
  350 	 0.035526 	 4.666266 	 27.307724
  351 	 0.036033 	 3.429496 	 25.969676
  352 	 0.034070 	 2.659444 	 25.415608
  353 	 0.038466 	 4.887976 	 25.571919
  354 	 0.032491 	 4.123105 	 25.634176
  355 	 0.037326 	 2.926072 	 24.470481
  356 	 0.038568 	 2.657445 	 27.707478
  357 	 0.033972 	 4.751925 	 24.434352
  358 	 0.031483 	 4.149714 	 23.941678
  359 	 0.019783 	 3.210457 	 22.695525
  360 	 0.034488 	 2.659117 	 25.914730
  361 	 0.037835 	 5.057646 	 36.924170
  362 	 0.034160 	 4.388220 	 26.255010
  363 	 0.014927 	 2.922329 	 21.237846
  364 	 0.035190 	 2.638885 	 22.760707
  365 	 0.038068 	 3.780017 	 27.977931
  366 	 0.027451 	 4.556122 	 23.737796
  367 	 0.035738 	 3.255690 	 22.041861
  368 	 0.030167 	 2.828545 	 28.776213
  369 	 0.038161 	 3.209556 	 23.901795
  370 	 0.021835 	 4.125795 	 20.930534
  371 	 0.034487 	 3.024532 	 23.492739
  372 	 0.034876 	 3.045684 	 25.892915
  373 	 0.033540 	 3.124677 	 25.305107
  374 	 0.030384 	 3.300285 	 24.483555
  375 	 0.019565 	 3.192477 	 27.824346
  376 	 0.037034 	 2.660138 	 23.384477
  377 	 0.023636 	 4.017748 	 42.256914
  378 	 0.033813 	 3.141723 	 18.182254
  379 	 0.023657 	 3.402403 	 25.005548
  380 	 0.038483 	 2.415237 	 23.859974
  381 	 0.031560 	 3.520640 	 38.230529
  382 	 0.029472 	 2.815037 	 17.699505
  383 	 0.026148 	 3.115054 	 22.694776
  384 	 0.030844 	 2.980004 	 28.112231
  385 	 0.034563 	 3.709372 	 32.312551
  386 	 0.029282 	 3.040512 	 23.638044
  387 	 0.030942 	 3.892485 	 26.410939
  388 	 0.038146 	 3.452556 	 30.692139
  389 	 0.033489 	 3.487640 	 29.204000
  390 	 0.032578 	 2.553889 	 24.127525
  391 	 0.029613 	 3.764286 	 23.441985
  392 	 0.034131 	 3.604768 	 28.426741
  393 	 0.034013 	 3.824643 	 28.318346
  394 	 0.028585 	 2.811162 	 23.296594
  395 	 0.025656 	 3.626898 	 24.471684
  396 	 0.022058 	 2.286117 	 19.313487
  397 	 0.035865 	 3.537857 	 32.834699
  398 	 0.032721 	 3.088015 	 37.232458
  399 	 0.017052 	 3.623410 	 23.231927
 