   0 	 0.014110 	 0.088231 	 2.673083
    1 	 0.020543 	 0.743061 	 6.958949
    2 	 0.030288 	 1.869243 	 9.518309
    3 	 0.028163 	 1.898973 	 9.640043
    4 	 0.036572 	 1.265023 	 10.062181
    5 	 0.032857 	 1.282082 	 10.501747
    6 	 0.040544 	 1.352201 	 5.711431
    7 	 0.039565 	 1.522180 	 13.412519
    8 	 0.034092 	 1.465879 	 12.158945
    9 	 0.031328 	 1.005906 	 6.030986
   10 	 0.037957 	 1.457936 	 12.836994
   11 	 0.033024 	 1.770829 	 12.357465
   12 	 0.039835 	 1.679338 	 14.112920
   13 	 0.031586 	 1.185696 	 7.540108
   14 	 0.035506 	 1.398910 	 12.264637
   15 	 0.037318 	 1.680316 	 16.330862
   16 	 0.035565 	 1.453139 	 6.497731
   17 	 0.035436 	 1.228075 	 12.282381
   18 	 0.031503 	 1.744256 	 19.355272
   19 	 0.037567 	 1.805245 	 12.288011
   20 	 0.036972 	 2.116159 	 28.087766
   21 	 0.034992 	 2.098202 	 24.183140
   22 	 0.035307 	 2.349839 	 24.347298
   23 	 0.030757 	 2.628629 	 25.517244
   24 	 0.037680 	 2.583516 	 25.376484
   25 	 0.037826 	 2.168340 	 22.008606
   26 	 0.032319 	 2.098248 	 23.934955
   27 	 0.037338 	 2.084018 	 23.851307
   28 	 0.033177 	 2.541923 	 22.738078
   29 	 0.035525 	 2.838275 	 24.132703
   30 	 0.028318 	 2.890368 	 26.825893
   31 	 0.036356 	 2.140446 	 19.678209
   32 	 0.031844 	 4.022819 	 30.846866
   33 	 0.027688 	 2.906451 	 24.717950
   34 	 0.023452 	 2.450828 	 28.781572
   35 	 0.031766 	 1.962880 	 31.458732
   36 	 0.034738 	 3.952880 	 35.147263
   37 	 0.031783 	 3.453689 	 28.517859
   38 	 0.028080 	 1.922079 	 25.747697
   39 	 0.035061 	 2.144605 	 23.939754
   40 	 0.037440 	 3.310004 	 25.261991
   41 	 0.030219 	 3.834093 	 24.953221
   42 	 0.030512 	 2.460325 	 23.307414
   43 	 0.033626 	 2.496614 	 22.146210
   44 	 0.033141 	 3.344869 	 28.891927
   45 	 0.036122 	 3.825200 	 27.604391
   46 	 0.023128 	 3.212769 	 23.731844
   47 	 0.024990 	 3.715794 	 25.891342
   48 	 0.034203 	 3.423346 	 35.551434
   49 	 0.035109 	 4.632457 	 33.343954
   50 	 0.028113 	 2.857134 	 21.217567
   51 	 0.024962 	 3.247362 	 24.932229
   52 	 0.035835 	 3.511857 	 30.199667
   53 	 0.035923 	 4.523636 	 35.762614
   54 	 0.033107 	 3.104768 	 26.500645
   55 	 0.016675 	 2.720429 	 21.403997
   56 	 0.036064 	 3.080122 	 26.876321
   57 	 0.038195 	 4.508073 	 39.042046
   58 	 0.035138 	 3.354253 	 23.928359
   59 	 0.016451 	 3.068846 	 23.643699
   60 	 0.028852 	 3.400997 	 23.978061
   61 	 0.020097 	 4.917819 	 33.668055
   62 	 0.020893 	 2.726948 	 30.814740
   63 	 0.019921 	 2.887951 	 41.327650
   64 	 0.032448 	 2.797194 	 21.993803
   65 	 0.024192 	 4.654011 	 43.064547
   66 	 0.027655 	 2.896868 	 27.064898
   67 	 0.023216 	 2.660326 	 36.374043
   68 	 0.031938 	 3.104312 	 29.625548
   69 	 0.027489 	 3.075305 	 34.084252
   70 	 0.017940 	 3.025173 	 26.213179
   71 	 0.019814 	 3.470478 	 32.479178
   72 	 0.032409 	 3.610600 	 47.080615
   73 	 0.030183 	 2.958607 	 27.844642
   74 	 0.019200 	 2.814353 	 28.003888
   75 	 0.027419 	 3.614446 	 24.876083
   76 	 0.025452 	 3.937004 	 44.444730
   77 	 0.040186 	 3.008281 	 26.485780
   78 	 0.022499 	 3.564876 	 34.780501
   79 	 0.032064 	 2.748950 	 19.393840
   80 	 0.022109 	 3.072709 	 25.332407
   81 	 0.038014 	 3.131771 	 22.068456
   82 	 0.020712 	 3.969902 	 31.536584
   83 	 0.020884 	 2.516233 	 25.631642
   84 	 0.031708 	 3.665895 	 41.646241
   85 	 0.037721 	 2.975988 	 41.349139
   86 	 0.023715 	 3.213154 	 29.932770
   87 	 0.024182 	 3.295054 	 24.570681
   88 	 0.033405 	 3.343247 	 28.046340
   89 	 0.031909 	 2.988570 	 32.592014
   90 	 0.035645 	 2.596375 	 23.764609
   91 	 0.030673 	 3.205617 	 26.748539
   92 	 0.032928 	 2.709223 	 21.914149
   93 	 0.030218 	 2.533790 	 30.889804
   94 	 0.038139 	 3.165571 	 28.878103
   95 	 0.030079 	 3.192590 	 30.069159
   96 	 0.034606 	 2.943273 	 25.101130
   97 	 0.031563 	 3.108605 	 30.189318
   98 	 0.027866 	 3.353274 	 25.835681
   99 	 0.032098 	 3.693053 	 28.627933
  100 	 0.035908 	 3.997091 	 34.523407
  101 	 0.034898 	 4.762216 	 30.121871
  102 	 0.023588 	 3.037675 	 23.750974
  103 	 0.033191 	 3.358133 	 25.955018
  104 	 0.037964 	 3.809145 	 31.363705
  105 	 0.035455 	 4.311656 	 28.660433
  106 	 0.031877 	 2.941286 	 23.074111
  107 	 0.029838 	 3.083297 	 25.367922
  108 	 0.024802 	 3.647293 	 28.099300
  109 	 0.035824 	 4.559243 	 32.011804
  110 	 0.020356 	 2.583431 	 26.798016
  111 	 0.025153 	 2.885836 	 23.679436
  112 	 0.031774 	 3.731610 	 45.964471
  113 	 0.028375 	 4.630705 	 31.198365
  114 	 0.021754 	 4.149937 	 29.873909
  115 	 0.017820 	 3.333668 	 33.584838
  116 	 0.033472 	 3.344493 	 32.516510
  117 	 0.028019 	 3.854074 	 27.964082
  118 	 0.028704 	 3.861327 	 24.825114
  119 	 0.035210 	 4.008697 	 33.423592
  120 	 0.038065 	 4.276524 	 33.218003
  121 	 0.029625 	 3.363221 	 27.692834
  122 	 0.025950 	 3.872081 	 24.897393
  123 	 0.030532 	 3.736601 	 25.890030
  124 	 0.030612 	 3.854370 	 28.055432
  125 	 0.035931 	 3.688396 	 31.316278
  126 	 0.020296 	 3.691708 	 26.307153
  127 	 0.031927 	 3.687664 	 23.142071
  128 	 0.028271 	 4.148432 	 46.091737
  129 	 0.029587 	 3.537992 	 26.790185
  130 	 0.021692 	 3.765538 	 25.129950
  131 	 0.035079 	 3.470749 	 24.638720
  132 	 0.037463 	 4.039687 	 25.279285
  133 	 0.028699 	 3.948853 	 25.823544
  134 	 0.035043 	 3.637564 	 26.270804
  135 	 0.023463 	 3.447025 	 28.654175
  136 	 0.021351 	 4.230817 	 25.905255
  137 	 0.034898 	 3.235243 	 28.314726
  138 	 0.026897 	 3.532783 	 43.194272
  139 	 0.035316 	 3.447362 	 27.549842
  140 	 0.022858 	 4.638602 	 35.846094
  141 	 0.023090 	 3.447172 	 26.942766
  142 	 0.027884 	 2.960146 	 34.893788
  143 	 0.037046 	 3.599992 	 32.797881
  144 	 0.028654 	 4.091315 	 28.170559
  145 	 0.023246 	 2.984386 	 23.339635
  146 	 0.035491 	 3.390564 	 24.372985
  147 	 0.026050 	 3.803687 	 39.926098
  148 	 0.037306 	 4.259509 	 24.528858
  149 	 0.025042 	 2.915084 	 31.397277
  150 	 0.034545 	 4.034695 	 25.571725
  151 	 0.031355 	 4.279874 	 28.724417
  152 	 0.030183 	 4.068334 	 26.848890
  153 	 0.029839 	 3.682060 	 29.801739
  154 	 0.031391 	 4.756618 	 26.608080
  155 	 0.017354 	 4.398759 	 27.747773
  156 	 0.037577 	 4.159251 	 29.770222
  157 	 0.024856 	 4.036331 	 32.515850
  158 	 0.033539 	 4.720998 	 25.395389
  159 	 0.030751 	 4.582104 	 26.924542
  160 	 0.021323 	 4.092391 	 27.980607
  161 	 0.037137 	 3.512210 	 29.894001
  162 	 0.034058 	 4.740903 	 36.332565
  163 	 0.029941 	 4.388076 	 25.421449
  164 	 0.027522 	 5.259632 	 27.579741
  165 	 0.022143 	 3.648967 	 27.666628
  166 	 0.020896 	 3.917669 	 30.971790
  167 	 0.030186 	 3.777948 	 24.875489
  168 	 0.026470 	 5.153215 	 44.850401
  169 	 0.024513 	 3.822487 	 30.224703
  170 	 0.022294 	 3.998731 	 26.535990
  171 	 0.033084 	 3.509649 	 25.119334
  172 	 0.019428 	 4.923581 	 41.503281
  173 	 0.038434 	 3.907119 	 27.435170
  174 	 0.024092 	 3.131254 	 30.461614
  175 	 0.030878 	 2.735145 	 23.081305
  176 	 0.032826 	 5.081573 	 38.034874
  177 	 0.017247 	 3.650066 	 26.147159
  178 	 0.026290 	 3.427812 	 25.624031
  179 	 0.035980 	 3.207050 	 30.995438
  180 	 0.039004 	 4.268095 	 30.778272
  181 	 0.032238 	 3.065178 	 24.977500
  182 	 0.032484 	 2.775205 	 24.241067
  183 	 0.029996 	 3.064350 	 24.208146
  184 	 0.036799 	 4.538105 	 26.774778
  185 	 0.026641 	 3.590819 	 27.627580
  186 	 0.031915 	 2.786457 	 23.256536
  187 	 0.030906 	 3.134778 	 30.449695
  188 	 0.032352 	 4.583394 	 26.236418
  189 	 0.032325 	 4.162956 	 26.772014
  190 	 0.019327 	 2.781202 	 24.420117
  191 	 0.025638 	 2.828052 	 26.863502
  192 	 0.035298 	 4.594626 	 41.275698
  193 	 0.020944 	 3.899423 	 26.726009
  194 	 0.010825 	 2.941007 	 26.162868
  195 	 0.035673 	 3.525150 	 43.207075
  196 	 0.037578 	 4.605570 	 76.777669
  197 	 0.023078 	 3.956403 	 26.403800
  198 	 0.013018 	 3.427816 	 24.442054
  199 	 0.037870 	 4.135950 	 39.559690
  200 	 0.038383 	 3.368575 	 23.183429
  201 	 0.018344 	 3.298496 	 24.956199
  202 	 0.037756 	 3.548142 	 24.640554
  203 	 0.027735 	 4.414786 	 51.963696
  204 	 0.032833 	 3.303858 	 25.027487
  205 	 0.019191 	 3.332029 	 27.521555
  206 	 0.038099 	 3.136395 	 26.714687
  207 	 0.017276 	 4.853936 	 48.565595
  208 	 0.037424 	 3.487813 	 24.010147
  209 	 0.020588 	 4.371558 	 52.696836
  210 	 0.026137 	 3.162786 	 23.852496
  211 	 0.012755 	 3.345321 	 23.374195
  212 	 0.037717 	 3.777257 	 24.267888
  213 	 0.037819 	 5.524917 	 69.182035
  214 	 0.020051 	 2.706472 	 23.086016
  215 	 0.014454 	 2.867407 	 21.095824
  216 	 0.037180 	 3.767188 	 27.467038
  217 	 0.031919 	 4.771342 	 39.371845
  218 	 0.034104 	 2.901874 	 23.111534
  219 	 0.015283 	 2.429629 	 19.420169
  220 	 0.043260 	 2.935594 	 26.158845
  221 	 0.027701 	 4.333895 	 57.526048
  222 	 0.037920 	 2.555551 	 22.241887
  223 	 0.017382 	 2.801595 	 34.012143
  224 	 0.037931 	 3.109955 	 25.111212
  225 	 0.029400 	 4.304931 	 50.550530
  226 	 0.037953 	 2.779694 	 21.648673
  227 	 0.015994 	 2.365234 	 25.600338
  228 	 0.036826 	 3.317039 	 25.475909
  229 	 0.019532 	 3.607539 	 60.627326
  230 	 0.035501 	 2.546154 	 18.699002
  231 	 0.016047 	 3.968469 	 40.930256
  232 	 0.024161 	 3.141883 	 25.252179
  233 	 0.024428 	 2.834721 	 46.626777
  234 	 0.038274 	 3.302815 	 23.241668
  235 	 0.021444 	 3.834181 	 24.325038
  236 	 0.027465 	 2.710049 	 20.325195
  237 	 0.030470 	 2.546065 	 37.251651
  238 	 0.018662 	 2.517719 	 14.264639
  239 	 0.026841 	 3.608010 	 21.690560
  240 	 0.031504 	 2.746380 	 42.262525
  241 	 0.036335 	 2.230147 	 23.547558
  242 	 0.023659 	 2.403089 	 22.950946
  243 	 0.042455 	 3.213526 	 23.960930
  244 	 0.038536 	 2.660828 	 34.412920
  245 	 0.036586 	 2.105037 	 20.809342
  246 	 0.024698 	 2.403679 	 21.581365
  247 	 0.033779 	 2.997045 	 16.895807
  248 	 0.046318 	 2.201347 	 19.210699
  249 	 0.018983 	 2.556576 	 23.627272
  250 	 0.036525 	 2.028957 	 19.873596
  251 	 0.035538 	 2.658558 	 17.610832
  252 	 0.035226 	 2.026976 	 10.936352
  253 	 0.027019 	 2.454888 	 21.304919
  254 	 0.038780 	 1.916103 	 21.447145
  255 	 0.028998 	 2.680727 	 23.934579
  256 	 0.032068 	 2.575956 	 21.908665
  257 	 0.036472 	 2.896907 	 24.815311
  258 	 0.033564 	 2.057063 	 21.808807
  259 	 0.030665 	 2.490869 	 18.425236
  260 	 0.029760 	 2.414817 	 22.439395
  261 	 0.054268 	 2.706056 	 26.271027
  262 	 0.033643 	 2.347240 	 24.481940
  263 	 0.038037 	 2.289010 	 18.258709
  264 	 0.035675 	 2.367900 	 29.288667
  265 	 0.025303 	 2.824252 	 22.759716
  266 	 0.034103 	 2.708375 	 22.591742
  267 	 0.024262 	 2.074429 	 16.285783
  268 	 0.032924 	 2.455413 	 17.806946
  269 	 0.035903 	 3.104332 	 29.460405
  270 	 0.030181 	 2.891112 	 20.866517
  271 	 0.018289 	 2.205193 	 22.270263
  272 	 0.028915 	 2.531488 	 23.429396
  273 	 0.030248 	 3.310014 	 45.272182
  274 	 0.020215 	 3.221274 	 31.041314
  275 	 0.022055 	 2.462909 	 27.664001
  276 	 0.027297 	 3.287543 	 38.292216
  277 	 0.033092 	 3.269706 	 22.596163
  278 	 0.020727 	 2.824576 	 29.317742
  279 	 0.030654 	 2.687026 	 25.335151
  280 	 0.034107 	 3.081967 	 44.590082
  281 	 0.032738 	 3.343566 	 30.907724
  282 	 0.021556 	 2.920327 	 27.772038
  283 	 0.032352 	 2.368261 	 24.179691
  284 	 0.023254 	 3.522007 	 43.562034
  285 	 0.035538 	 3.037051 	 21.151206
  286 	 0.022952 	 3.800512 	 26.365155
  287 	 0.021154 	 2.954945 	 25.258192
  288 	 0.037927 	 2.862076 	 36.937739
  289 	 0.039577 	 2.870317 	 21.350219
  290 	 0.027014 	 3.984296 	 24.681327
  291 	 0.036472 	 2.526287 	 20.410403
  292 	 0.024903 	 2.478737 	 34.826378
  293 	 0.037377 	 3.045477 	 25.697187
  294 	 0.028358 	 4.632727 	 25.004907
  295 	 0.021405 	 2.865838 	 26.056752
  296 	 0.023382 	 2.923955 	 29.977689
  297 	 0.037216 	 3.317094 	 33.472458
  298 	 0.019176 	 4.905040 	 27.120339
  299 	 0.029326 	 2.859398 	 25.140870
  300 	 0.030615 	 2.970638 	 48.600684
  301 	 0.037408 	 3.084252 	 32.652219
  302 	 0.020570 	 4.372551 	 25.590399
  303 	 0.018872 	 2.567257 	 19.798993
  304 	 0.038726 	 2.651050 	 42.809870
  305 	 0.050346 	 3.221942 	 32.488840
  306 	 0.023258 	 3.150257 	 19.636333
  307 	 0.030776 	 2.531889 	 19.325010
  308 	 0.021829 	 2.968914 	 25.719066
  309 	 0.025731 	 2.945854 	 30.731599
  310 	 0.038034 	 3.281965 	 27.418243
  311 	 0.032531 	 3.437004 	 36.858423
  312 	 0.032406 	 3.410594 	 25.015122
  313 	 0.027130 	 3.501219 	 29.043828
  314 	 0.039276 	 3.718145 	 29.320563
  315 	 0.031308 	 2.667402 	 24.436420
  316 	 0.034105 	 3.819817 	 24.890579
  317 	 0.035555 	 3.817178 	 27.910566
  318 	 0.019645 	 3.669253 	 27.851494
  319 	 0.035827 	 3.146037 	 25.492930
  320 	 0.026843 	 4.016769 	 43.204898
  321 	 0.035399 	 3.969811 	 26.854244
  322 	 0.020942 	 4.211172 	 36.977914
  323 	 0.019996 	 3.340533 	 27.397762
  324 	 0.021094 	 4.803074 	 45.367867
  325 	 0.016999 	 4.360964 	 47.402552
  326 	 0.022041 	 3.452483 	 35.158348
  327 	 0.021095 	 4.800168 	 43.105386
  328 	 0.028440 	 4.549727 	 36.441135
  329 	 0.023197 	 3.836029 	 42.025078
  330 	 0.027412 	 3.637406 	 29.031374
  331 	 0.023794 	 5.911815 	 41.157092
  332 	 0.028781 	 4.811437 	 33.769604
  333 	 0.024229 	 3.728956 	 39.692300
  334 	 0.029612 	 4.673353 	 33.133929
  335 	 0.020579 	 5.489617 	 39.019023
  336 	 0.024996 	 4.111463 	 32.245393
  337 	 0.025628 	 3.253691 	 44.685679
  338 	 0.021410 	 4.254794 	 31.667424
  339 	 0.022129 	 5.130753 	 37.414470
  340 	 0.019960 	 4.243930 	 34.710388
  341 	 0.026721 	 3.156456 	 44.585506
  342 	 0.028806 	 4.953970 	 49.358894
  343 	 0.022424 	 4.961509 	 27.381282
  344 	 0.020260 	 3.427274 	 26.056741
  345 	 0.034429 	 2.202622 	 21.152591
  346 	 0.029795 	 3.970844 	 32.106977
  347 	 0.034117 	 4.366935 	 28.548058
  348 	 0.025832 	 3.976712 	 26.776901
  349 	 0.021902 	 2.649985 	 28.155156
  350 	 0.030921 	 4.239867 	 38.414642
  351 	 0.035514 	 4.363981 	 43.664529
  352 	 0.026032 	 3.700311 	 25.892539
  353 	 0.022901 	 2.960760 	 27.089838
  354 	 0.038618 	 5.128570 	 30.914868
  355 	 0.036903 	 4.587743 	 40.484505
  356 	 0.029609 	 3.152900 	 24.741325
  357 	 0.024684 	 3.585533 	 25.573443
  358 	 0.040415 	 4.846549 	 31.737247
  359 	 0.038065 	 3.648841 	 39.086568
  360 	 0.030324 	 2.345416 	 24.441143
  361 	 0.025583 	 3.686378 	 25.110597
  362 	 0.037181 	 4.512555 	 31.521458
  363 	 0.024213 	 3.001598 	 36.518460
  364 	 0.031722 	 2.667626 	 25.400968
  365 	 0.027360 	 4.012584 	 38.294674
  366 	 0.036817 	 3.753510 	 23.086145
  367 	 0.026113 	 3.093436 	 34.175837
  368 	 0.031757 	 2.584953 	 24.063255
  369 	 0.024459 	 4.376145 	 28.499339
  370 	 0.037344 	 4.492616 	 29.190904
  371 	 0.032918 	 3.258839 	 38.082570
  372 	 0.034256 	 3.157580 	 25.904202
  373 	 0.026259 	 3.875344 	 26.725087
  374 	 0.032594 	 4.320363 	 25.473747
  375 	 0.030924 	 3.413254 	 36.685655
  376 	 0.038372 	 3.319072 	 28.414060
  377 	 0.023044 	 3.722509 	 26.872915
  378 	 0.035191 	 3.593949 	 24.843179
  379 	 0.037193 	 3.990634 	 36.840625
  380 	 0.035385 	 3.690030 	 26.816303
  381 	 0.025918 	 3.516501 	 25.978588
  382 	 0.023492 	 3.743801 	 23.648907
  383 	 0.035616 	 4.349595 	 34.701091
  384 	 0.035276 	 4.136023 	 39.075259
  385 	 0.028816 	 3.182589 	 23.478968
  386 	 0.021767 	 4.218349 	 26.755452
  387 	 0.039743 	 4.000333 	 28.122385
  388 	 0.030529 	 4.065976 	 37.316455
  389 	 0.022404 	 3.113748 	 21.984057
  390 	 0.019206 	 3.155048 	 23.797440
  391 	 0.020879 	 4.121289 	 38.312454
  392 	 0.038036 	 4.357473 	 45.237584
  393 	 0.025297 	 2.741011 	 25.117429
  394 	 0.020888 	 3.468088 	 24.794347
  395 	 0.031318 	 4.593294 	 30.684042
  396 	 0.019226 	 3.445234 	 34.477633
  397 	 0.019740 	 2.680995 	 26.165395
  398 	 0.028975 	 3.710421 	 31.520062
  399 	 0.036945 	 4.295824 	 44.169316
 